# Step	Measurement
1	1.153410e+02
2	1.156379e+02
3	1.159608e+02
4	1.163232e+02
5	1.167029e+02
6	1.170534e+02
7	1.174062e+02
8	1.176794e+02
9	1.179629e+02
10	1.182441e+02
11	1.184724e+02
12	1.185963e+02
13	1.185955e+02
14	1.185720e+02
15	1.185499e+02
16	1.184733e+02
17	1.183103e+02
18	1.182179e+02
19	1.180291e+02
20	1.179165e+02
21	1.178359e+02
22	1.177718e+02
23	1.176574e+02
24	1.174648e+02
25	1.172343e+02
26	1.171014e+02
27	1.170062e+02
28	1.169761e+02
29	1.168049e+02
30	1.166234e+02
31	1.164439e+02
32	1.163260e+02
33	1.161487e+02
34	1.160331e+02
35	1.158644e+02
36	1.157880e+02
37	1.158162e+02
38	1.158514e+02
39	1.159116e+02
40	1.158527e+02
41	1.157340e+02
42	1.156429e+02
43	1.156608e+02
44	1.156213e+02
45	1.155720e+02
46	1.154545e+02
47	1.153658e+02
48	1.153026e+02
49	1.151515e+02
50	1.150342e+02
51	1.149393e+02
52	1.149080e+02
53	1.148983e+02
54	1.148812e+02
55	1.147972e+02
56	1.147990e+02
57	1.148153e+02
58	1.148993e+02
59	1.149345e+02
60	1.150305e+02
61	1.152408e+02
62	1.153920e+02
63	1.156117e+02
64	1.158287e+02
65	1.160959e+02
66	1.163840e+02
67	1.166579e+02
68	1.168895e+02
69	1.171749e+02
70	1.174424e+02
71	1.177686e+02
72	1.180713e+02
73	1.184608e+02
74	1.188537e+02
75	1.191325e+02
76	1.195134e+02
77	1.198753e+02
78	1.201731e+02
79	1.204673e+02
80	1.207608e+02
81	1.210514e+02
82	1.212148e+02
83	1.214293e+02
84	1.215895e+02
85	1.216723e+02
86	1.217984e+02
87	1.218968e+02
88	1.220329e+02
89	1.222319e+02
90	1.224069e+02
91	1.225695e+02
92	1.228296e+02
93	1.231108e+02
94	1.233503e+02
95	1.235485e+02
96	1.237374e+02
97	1.239020e+02
98	1.239572e+02
99	1.239701e+02
100	1.239786e+02
101	1.239896e+02
102	1.239526e+02
103	1.239034e+02
104	1.238913e+02
105	1.238263e+02
106	1.238570e+02
107	1.238779e+02
108	1.239165e+02
109	1.239966e+02
110	1.241867e+02
111	1.243409e+02
112	1.244700e+02
113	1.246030e+02
114	1.247670e+02
115	1.248260e+02
116	1.248957e+02
117	1.248598e+02
118	1.247335e+02
119	1.245684e+02
120	1.244747e+02
121	1.243612e+02
122	1.241552e+02
123	1.239525e+02
124	1.238315e+02
125	1.236641e+02
126	1.235502e+02
127	1.234484e+02
128	1.233227e+02
129	1.231503e+02
130	1.231007e+02
131	1.230312e+02
132	1.229334e+02
133	1.228575e+02
134	1.226477e+02
135	1.223631e+02
136	1.220437e+02
137	1.217338e+02
138	1.214063e+02
139	1.210031e+02
140	1.205741e+02
141	1.200317e+02
142	1.194698e+02
143	1.188733e+02
144	1.181701e+02
145	1.174279e+02
146	1.166962e+02
147	1.158996e+02
148	1.150418e+02
149	1.141510e+02
150	1.133384e+02
151	1.125355e+02
152	1.117564e+02
153	1.109350e+02
154	1.101586e+02
155	1.094439e+02
156	1.087386e+02
157	1.080228e+02
158	1.072979e+02
159	1.066069e+02
160	1.059503e+02
161	1.053494e+02
162	1.047372e+02
163	1.042101e+02
164	1.037489e+02
165	1.034095e+02
166	1.031319e+02
167	1.029980e+02
168	1.028870e+02
169	1.028443e+02
170	1.029145e+02
171	1.029227e+02
172	1.030234e+02
173	1.031499e+02
174	1.034065e+02
175	1.037789e+02
176	1.042161e+02
177	1.047418e+02
178	1.053401e+02
179	1.059802e+02
180	1.066696e+02
181	1.074488e+02
182	1.083095e+02
183	1.092638e+02
184	1.102552e+02
185	1.112239e+02
186	1.121942e+02
187	1.131297e+02
188	1.140415e+02
189	1.150099e+02
190	1.159550e+02
191	1.168930e+02
192	1.178343e+02
193	1.187652e+02
194	1.196271e+02
195	1.204458e+02
196	1.213017e+02
197	1.221035e+02
198	1.227301e+02
199	1.232948e+02
200	1.238204e+02
201	1.243483e+02
202	1.248927e+02
203	1.252920e+02
204	1.256273e+02
205	1.258602e+02
206	1.260152e+02
207	1.260500e+02
208	1.260286e+02
209	1.259145e+02
210	1.257621e+02
211	1.254996e+02
212	1.251972e+02
213	1.248332e+02
214	1.243076e+02
215	1.237986e+02
216	1.232656e+02
217	1.226891e+02
218	1.221517e+02
219	1.214882e+02
220	1.208009e+02
221	1.200840e+02
222	1.193455e+02
223	1.186248e+02
224	1.179955e+02
225	1.173693e+02
226	1.168395e+02
227	1.163025e+02
228	1.158280e+02
229	1.153767e+02
230	1.149162e+02
231	1.145537e+02
232	1.142484e+02
233	1.138949e+02
234	1.136755e+02
235	1.134922e+02
236	1.132485e+02
237	1.130999e+02
238	1.129959e+02
239	1.129529e+02
240	1.129211e+02
241	1.128945e+02
242	1.129965e+02
243	1.130516e+02
244	1.130819e+02
245	1.131670e+02
246	1.132724e+02
247	1.134674e+02
248	1.137129e+02
249	1.139159e+02
250	1.142115e+02
251	1.145813e+02
252	1.149555e+02
253	1.153416e+02
254	1.157344e+02
255	1.161125e+02
256	1.164393e+02
257	1.167001e+02
258	1.169195e+02
259	1.171332e+02
260	1.172558e+02
261	1.173111e+02
262	1.174562e+02
263	1.175351e+02
264	1.175742e+02
265	1.176070e+02
266	1.175867e+02
267	1.176253e+02
268	1.176637e+02
269	1.176268e+02
270	1.175252e+02
271	1.174072e+02
272	1.172219e+02
273	1.169445e+02
274	1.166830e+02
275	1.164215e+02
276	1.162215e+02
277	1.159048e+02
278	1.155441e+02
279	1.152095e+02
280	1.148968e+02
281	1.146332e+02
282	1.143568e+02
283	1.141644e+02
284	1.141005e+02
285	1.140888e+02
286	1.140420e+02
287	1.140061e+02
288	1.139277e+02
289	1.138422e+02
290	1.138201e+02
291	1.139282e+02
292	1.141180e+02
293	1.143734e+02
294	1.146080e+02
295	1.148371e+02
296	1.150728e+02
297	1.153464e+02
298	1.157214e+02
299	1.161812e+02
300	1.167268e+02
301	1.172859e+02
302	1.178414e+02
303	1.184411e+02
304	1.191486e+02
305	1.198121e+02
306	1.204434e+02
307	1.210625e+02
308	1.217390e+02
309	1.223554e+02
310	1.229490e+02
311	1.234470e+02
312	1.239102e+02
313	1.243188e+02
314	1.247056e+02
315	1.250191e+02
316	1.253231e+02
317	1.256061e+02
318	1.259142e+02
319	1.262447e+02
320	1.264332e+02
321	1.264771e+02
322	1.264791e+02
323	1.264275e+02
324	1.262852e+02
325	1.260419e+02
326	1.256624e+02
327	1.251360e+02
328	1.246516e+02
329	1.240405e+02
330	1.233572e+02
331	1.227101e+02
332	1.219516e+02
333	1.212004e+02
334	1.204842e+02
335	1.196695e+02
336	1.188015e+02
337	1.178546e+02
338	1.168722e+02
339	1.158714e+02
340	1.148182e+02
341	1.137639e+02
342	1.128076e+02
343	1.119009e+02
344	1.110601e+02
345	1.102013e+02
346	1.094460e+02
347	1.087716e+02
348	1.081070e+02
349	1.075341e+02
350	1.069913e+02
351	1.063972e+02
352	1.059078e+02
353	1.054434e+02
354	1.049810e+02
355	1.045340e+02
356	1.041064e+02
357	1.038231e+02
358	1.037064e+02
359	1.036609e+02
360	1.038060e+02
361	1.040064e+02
362	1.042354e+02
363	1.045903e+02
364	1.049649e+02
365	1.053200e+02
366	1.057340e+02
367	1.062923e+02
368	1.069142e+02
369	1.075900e+02
370	1.082659e+02
371	1.090301e+02
372	1.098961e+02
373	1.108117e+02
374	1.117627e+02
375	1.128129e+02
376	1.138891e+02
377	1.149646e+02
378	1.161706e+02
379	1.174531e+02
380	1.187255e+02
381	1.198866e+02
382	1.210673e+02
383	1.223146e+02
384	1.234605e+02
385	1.244806e+02
386	1.254108e+02
387	1.262396e+02
388	1.269959e+02
389	1.276559e+02
390	1.282021e+02
391	1.286393e+02
392	1.290913e+02
393	1.294979e+02
394	1.298182e+02
395	1.301877e+02
396	1.304389e+02
397	1.306482e+02
398	1.307640e+02
399	1.308541e+02
400	1.309618e+02
401	1.309704e+02
402	1.310327e+02
403	1.310207e+02
404	1.309768e+02
405	1.309290e+02
406	1.307807e+02
407	1.306259e+02
408	1.305006e+02
409	1.303610e+02
410	1.302278e+02
411	1.300427e+02
412	1.297245e+02
413	1.293200e+02
414	1.289529e+02
415	1.286828e+02
416	1.283853e+02
417	1.280679e+02
418	1.278329e+02
419	1.275916e+02
420	1.274362e+02
421	1.271593e+02
422	1.268373e+02
423	1.265631e+02
424	1.262421e+02
425	1.259542e+02
426	1.257281e+02
427	1.255353e+02
428	1.253559e+02
429	1.251800e+02
430	1.250737e+02
431	1.249561e+02
432	1.248354e+02
433	1.247602e+02
434	1.247067e+02
435	1.246145e+02
436	1.245092e+02
437	1.243823e+02
438	1.241741e+02
439	1.239602e+02
440	1.237349e+02
441	1.234100e+02
442	1.231106e+02
443	1.227647e+02
444	1.224078e+02
445	1.219337e+02
446	1.214449e+02
447	1.208671e+02
448	1.203093e+02
449	1.197875e+02
450	1.192810e+02
451	1.186990e+02
452	1.181510e+02
453	1.175917e+02
454	1.170078e+02
455	1.166030e+02
456	1.162292e+02
457	1.157927e+02
458	1.152504e+02
459	1.147727e+02
460	1.143169e+02
461	1.139619e+02
462	1.136694e+02
463	1.133421e+02
464	1.130271e+02
465	1.126610e+02
466	1.123683e+02
467	1.121891e+02
468	1.120664e+02
469	1.119825e+02
470	1.119644e+02
471	1.119959e+02
472	1.120228e+02
473	1.120807e+02
474	1.121464e+02
475	1.122463e+02
476	1.124325e+02
477	1.126885e+02
478	1.130664e+02
479	1.135078e+02
480	1.140250e+02
481	1.146811e+02
482	1.154015e+02
483	1.161570e+02
484	1.169318e+02
485	1.176470e+02
486	1.183631e+02
487	1.190391e+02
488	1.196519e+02
489	1.202279e+02
490	1.207058e+02
491	1.210959e+02
492	1.214719e+02
493	1.218695e+02
494	1.221833e+02
495	1.225469e+02
496	1.229690e+02
497	1.233992e+02
498	1.238132e+02
499	1.241811e+02
500	1.244793e+02
501	1.246516e+02
502	1.247773e+02
503	1.248766e+02
504	1.249056e+02
505	1.248137e+02
506	1.247308e+02
507	1.245481e+02
508	1.243333e+02
509	1.241381e+02
510	1.238510e+02
511	1.235304e+02
512	1.231537e+02
513	1.226946e+02
514	1.221659e+02
515	1.215809e+02
516	1.209779e+02
517	1.203668e+02
518	1.197141e+02
519	1.190233e+02
520	1.184149e+02
521	1.178194e+02
522	1.173074e+02
523	1.167613e+02
524	1.162460e+02
525	1.157629e+02
526	1.152732e+02
527	1.147965e+02
528	1.144381e+02
529	1.140854e+02
530	1.136598e+02
531	1.132404e+02
532	1.128026e+02
533	1.124115e+02
534	1.120215e+02
535	1.116452e+02
536	1.112743e+02
537	1.109540e+02
538	1.106508e+02
539	1.104488e+02
540	1.102884e+02
541	1.102367e+02
542	1.101780e+02
543	1.100358e+02
544	1.098523e+02
545	1.097587e+02
546	1.096811e+02
547	1.096244e+02
548	1.096531e+02
549	1.096861e+02
550	1.097462e+02
551	1.098669e+02
552	1.099722e+02
553	1.101095e+02
554	1.103356e+02
555	1.105667e+02
556	1.107609e+02
557	1.109685e+02
558	1.111408e+02
559	1.114385e+02
560	1.117561e+02
561	1.120727e+02
562	1.123976e+02
563	1.127435e+02
564	1.131011e+02
565	1.134337e+02
566	1.137071e+02
567	1.139252e+02
568	1.141121e+02
569	1.143400e+02
570	1.146251e+02
571	1.149008e+02
572	1.151547e+02
573	1.154164e+02
574	1.155498e+02
575	1.157717e+02
576	1.159906e+02
577	1.161783e+02
578	1.162908e+02
579	1.163709e+02
580	1.165293e+02
581	1.167343e+02
582	1.169688e+02
583	1.171845e+02
584	1.174011e+02
585	1.174995e+02
586	1.175148e+02
587	1.174717e+02
588	1.173910e+02
589	1.172973e+02
590	1.171084e+02
591	1.168815e+02
592	1.166205e+02
593	1.164766e+02
594	1.162687e+02
595	1.159631e+02
596	1.156798e+02
597	1.153378e+02
598	1.149097e+02
599	1.144757e+02
600	1.139770e+02
601	1.134704e+02
602	1.128845e+02
603	1.121462e+02
604	1.113594e+02
605	1.104511e+02
606	1.095337e+02
607	1.086424e+02
608	1.078970e+02
609	1.072810e+02
610	1.066845e+02
611	1.061752e+02
612	1.057262e+02
613	1.053311e+02
614	1.049406e+02
615	1.046271e+02
616	1.043724e+02
617	1.041677e+02
618	1.040834e+02
619	1.040033e+02
620	1.039453e+02
621	1.038069e+02
622	1.036621e+02
623	1.036185e+02
624	1.037079e+02
625	1.039348e+02
626	1.041381e+02
627	1.043776e+02
628	1.047454e+02
629	1.051254e+02
630	1.054851e+02
631	1.058149e+02
632	1.061884e+02
633	1.065627e+02
634	1.069502e+02
635	1.073299e+02
636	1.077596e+02
637	1.083258e+02
638	1.088701e+02
639	1.094884e+02
640	1.100240e+02
641	1.105842e+02
642	1.110932e+02
643	1.115638e+02
644	1.120310e+02
645	1.124951e+02
646	1.128478e+02
647	1.131681e+02
648	1.134720e+02
649	1.137855e+02
650	1.140717e+02
651	1.143167e+02
652	1.145832e+02
653	1.148766e+02
654	1.151064e+02
655	1.153140e+02
656	1.154203e+02
657	1.154225e+02
658	1.153444e+02
659	1.152008e+02
660	1.149690e+02
661	1.146546e+02
662	1.143225e+02
663	1.139435e+02
664	1.136223e+02
665	1.132595e+02
666	1.128512e+02
667	1.125069e+02
668	1.121653e+02
669	1.117684e+02
670	1.113616e+02
671	1.109957e+02
672	1.106954e+02
673	1.104164e+02
674	1.101872e+02
675	1.099994e+02
676	1.099073e+02
677	1.097861e+02
678	1.097095e+02
679	1.095831e+02
680	1.095025e+02
681	1.094038e+02
682	1.093582e+02
683	1.092689e+02
684	1.091902e+02
685	1.090736e+02
686	1.089772e+02
687	1.089193e+02
688	1.087969e+02
689	1.087651e+02
690	1.086916e+02
691	1.086612e+02
692	1.086825e+02
693	1.087485e+02
694	1.088440e+02
695	1.089538e+02
696	1.090549e+02
697	1.091520e+02
698	1.092920e+02
699	1.094495e+02
700	1.095915e+02
701	1.098479e+02
702	1.100842e+02
703	1.103887e+02
704	1.107259e+02
705	1.110812e+02
706	1.114728e+02
707	1.119922e+02
708	1.126279e+02
709	1.132219e+02
710	1.138037e+02
711	1.144925e+02
712	1.151727e+02
713	1.158792e+02
714	1.166438e+02
715	1.175416e+02
716	1.184352e+02
717	1.192135e+02
718	1.199380e+02
719	1.204947e+02
720	1.210532e+02
721	1.216302e+02
722	1.221952e+02
723	1.227625e+02
724	1.233299e+02
725	1.237608e+02
726	1.241611e+02
727	1.245076e+02
728	1.247332e+02
729	1.248667e+02
730	1.249744e+02
731	1.250374e+02
732	1.250526e+02
733	1.251236e+02
734	1.251179e+02
735	1.251279e+02
736	1.250349e+02
737	1.249380e+02
738	1.247979e+02
739	1.246569e+02
740	1.244539e+02
741	1.241669e+02
742	1.238711e+02
743	1.234779e+02
744	1.230714e+02
745	1.225508e+02
746	1.219597e+02
747	1.213466e+02
748	1.207395e+02
749	1.199912e+02
750	1.192337e+02
751	1.185184e+02
752	1.178888e+02
753	1.172792e+02
754	1.166242e+02
755	1.160837e+02
756	1.156087e+02
757	1.151598e+02
758	1.146767e+02
759	1.141780e+02
760	1.137389e+02
761	1.132909e+02
762	1.128199e+02
763	1.124099e+02
764	1.119732e+02
765	1.115890e+02
766	1.113101e+02
767	1.110713e+02
768	1.109339e+02
769	1.109473e+02
770	1.109282e+02
771	1.109826e+02
772	1.112305e+02
773	1.114957e+02
774	1.119592e+02
775	1.124393e+02
776	1.129070e+02
777	1.134689e+02
778	1.140717e+02
779	1.147055e+02
780	1.153617e+02
781	1.160659e+02
782	1.168485e+02
783	1.177160e+02
784	1.186102e+02
785	1.195448e+02
786	1.204084e+02
787	1.211820e+02
788	1.219961e+02
789	1.228245e+02
790	1.236125e+02
791	1.242769e+02
792	1.248549e+02
793	1.254487e+02
794	1.260282e+02
795	1.265786e+02
796	1.270754e+02
797	1.275810e+02
798	1.280412e+02
799	1.283585e+02
800	1.285965e+02
801	1.287462e+02
802	1.289093e+02
803	1.289407e+02
804	1.288103e+02
805	1.285556e+02
806	1.282890e+02
807	1.279865e+02
808	1.276879e+02
809	1.273543e+02
810	1.270533e+02
811	1.267079e+02
812	1.262914e+02
813	1.257972e+02
814	1.252864e+02
815	1.247363e+02
816	1.241711e+02
817	1.235847e+02
818	1.229864e+02
819	1.223261e+02
820	1.215689e+02
821	1.207906e+02
822	1.200682e+02
823	1.193227e+02
824	1.184940e+02
825	1.175939e+02
826	1.166557e+02
827	1.157631e+02
828	1.149291e+02
829	1.142136e+02
830	1.136584e+02
831	1.131106e+02
832	1.125473e+02
833	1.120300e+02
834	1.115541e+02
835	1.111026e+02
836	1.106825e+02
837	1.102450e+02
838	1.099191e+02
839	1.096185e+02
840	1.093131e+02
841	1.089807e+02
842	1.087299e+02
843	1.085229e+02
844	1.084118e+02
845	1.084582e+02
846	1.085652e+02
847	1.087046e+02
848	1.089835e+02
849	1.091331e+02
850	1.092152e+02
851	1.093769e+02
852	1.095733e+02
853	1.098632e+02
854	1.102307e+02
855	1.107203e+02
856	1.112271e+02
857	1.118118e+02
858	1.123736e+02
859	1.130214e+02
860	1.137598e+02
861	1.144489e+02
862	1.151101e+02
863	1.157589e+02
864	1.164007e+02
865	1.169950e+02
866	1.176341e+02
867	1.182689e+02
868	1.188931e+02
869	1.195926e+02
870	1.202156e+02
871	1.208443e+02
872	1.214087e+02
873	1.219487e+02
874	1.225101e+02
875	1.230837e+02
876	1.234718e+02
877	1.237934e+02
878	1.239765e+02
879	1.241200e+02
880	1.242277e+02
881	1.243006e+02
882	1.243627e+02
883	1.243932e+02
884	1.244221e+02
885	1.242857e+02
886	1.240992e+02
887	1.239031e+02
888	1.236734e+02
889	1.234029e+02
890	1.232549e+02
891	1.231164e+02
892	1.229050e+02
893	1.227166e+02
894	1.224618e+02
895	1.221673e+02
896	1.218328e+02
897	1.214204e+02
898	1.210244e+02
899	1.206758e+02
900	1.203492e+02
901	1.201014e+02
902	1.198468e+02
903	1.195457e+02
904	1.192845e+02
905	1.189169e+02
906	1.185268e+02
907	1.181661e+02
908	1.178644e+02
909	1.175379e+02
910	1.172216e+02
911	1.168975e+02
912	1.165703e+02
913	1.162316e+02
914	1.158578e+02
915	1.155574e+02
916	1.153260e+02
917	1.151550e+02
918	1.149303e+02
919	1.147053e+02
920	1.144619e+02
921	1.142150e+02
922	1.140099e+02
923	1.139155e+02
924	1.138822e+02
925	1.138525e+02
926	1.139253e+02
927	1.140953e+02
928	1.142568e+02
929	1.144094e+02
930	1.144955e+02
931	1.146726e+02
932	1.148001e+02
933	1.149460e+02
934	1.150776e+02
935	1.151965e+02
936	1.153323e+02
937	1.155211e+02
938	1.156074e+02
939	1.157280e+02
940	1.158762e+02
941	1.161118e+02
942	1.164074e+02
943	1.167350e+02
944	1.169738e+02
945	1.172127e+02
946	1.174511e+02
947	1.176732e+02
948	1.178679e+02
949	1.180874e+02
950	1.184079e+02
951	1.187328e+02
952	1.191432e+02
953	1.196564e+02
954	1.201822e+02
955	1.208140e+02
956	1.215134e+02
957	1.222051e+02
958	1.228762e+02
959	1.235403e+02
960	1.241869e+02
961	1.247438e+02
962	1.252069e+02
963	1.256755e+02
964	1.260619e+02
965	1.264626e+02
966	1.268604e+02
967	1.272803e+02
968	1.277524e+02
969	1.281999e+02
970	1.286591e+02
971	1.290260e+02
972	1.293421e+02
973	1.295742e+02
974	1.296433e+02
975	1.297685e+02
976	1.298124e+02
977	1.298992e+02
978	1.298630e+02
979	1.297656e+02
980	1.295809e+02
981	1.294047e+02
982	1.291281e+02
983	1.287678e+02
984	1.282472e+02
985	1.276493e+02
986	1.269942e+02
987	1.262973e+02
988	1.255750e+02
989	1.248960e+02
990	1.241211e+02
991	1.233004e+02
992	1.224843e+02
993	1.215290e+02
994	1.204967e+02
995	1.194315e+02
996	1.184049e+02
997	1.174148e+02
998	1.165035e+02
999	1.157178e+02
1000	1.149457e+02
1001	1.142756e+02
1002	1.136879e+02
1003	1.131996e+02
1004	1.128033e+02
1005	1.125057e+02
1006	1.123466e+02
1007	1.122288e+02
1008	1.121942e+02
1009	1.123494e+02
1010	1.126023e+02
1011	1.129490e+02
1012	1.133801e+02
1013	1.138514e+02
1014	1.144148e+02
1015	1.150264e+02
1016	1.156606e+02
1017	1.163173e+02
1018	1.169666e+02
1019	1.176030e+02
1020	1.182678e+02
1021	1.189177e+02
1022	1.196105e+02
1023	1.203365e+02
1024	1.210383e+02
1025	1.216701e+02
1026	1.223467e+02
1027	1.229868e+02
1028	1.236705e+02
1029	1.243518e+02
1030	1.250534e+02
1031	1.257045e+02
1032	1.263179e+02
1033	1.268780e+02
1034	1.273553e+02
1035	1.278389e+02
1036	1.281921e+02
1037	1.284346e+02
1038	1.286241e+02
1039	1.288486e+02
1040	1.289542e+02
1041	1.289417e+02
1042	1.287943e+02
1043	1.286099e+02
1044	1.283246e+02
1045	1.279004e+02
1046	1.273791e+02
1047	1.268386e+02
1048	1.262561e+02
1049	1.256557e+02
1050	1.250288e+02
1051	1.244319e+02
1052	1.237836e+02
1053	1.231450e+02
1054	1.223617e+02
1055	1.214094e+02
1056	1.204712e+02
1057	1.194209e+02
1058	1.183471e+02
1059	1.172756e+02
1060	1.162258e+02
1061	1.151820e+02
1062	1.141542e+02
1063	1.131693e+02
1064	1.121980e+02
1065	1.113049e+02
1066	1.104640e+02
1067	1.097024e+02
1068	1.090312e+02
1069	1.083621e+02
1070	1.077953e+02
1071	1.072617e+02
1072	1.067945e+02
1073	1.064285e+02
1074	1.061304e+02
1075	1.058724e+02
1076	1.056231e+02
1077	1.054611e+02
1078	1.053414e+02
1079	1.054237e+02
1080	1.055519e+02
1081	1.057803e+02
1082	1.060839e+02
1083	1.064665e+02
1084	1.069228e+02
1085	1.074096e+02
1086	1.080379e+02
1087	1.087969e+02
1088	1.096421e+02
1089	1.105754e+02
1090	1.114931e+02
1091	1.124265e+02
1092	1.134049e+02
1093	1.144023e+02
1094	1.154581e+02
1095	1.165727e+02
1096	1.177775e+02
1097	1.189594e+02
1098	1.200849e+02
1099	1.211123e+02
1100	1.220724e+02
1101	1.231113e+02
1102	1.242160e+02
1103	1.252357e+02
1104	1.262091e+02
1105	1.271583e+02
1106	1.280245e+02
1107	1.288277e+02
1108	1.296035e+02
1109	1.303156e+02
1110	1.310109e+02
1111	1.316051e+02
1112	1.320769e+02
1113	1.324185e+02
1114	1.326237e+02
1115	1.327635e+02
1116	1.328877e+02
1117	1.329843e+02
1118	1.329801e+02
1119	1.328551e+02
1120	1.326198e+02
1121	1.322660e+02
1122	1.318152e+02
1123	1.313287e+02
1124	1.308462e+02
1125	1.303076e+02
1126	1.297047e+02
1127	1.290189e+02
1128	1.282880e+02
1129	1.274178e+02
1130	1.264777e+02
1131	1.254148e+02
1132	1.243473e+02
1133	1.232604e+02
1134	1.222179e+02
1135	1.211372e+02
1136	1.200595e+02
1137	1.190166e+02
1138	1.179276e+02
1139	1.169325e+02
1140	1.159374e+02
1141	1.148301e+02
1142	1.137294e+02
1143	1.126306e+02
1144	1.115810e+02
1145	1.105014e+02
1146	1.094893e+02
1147	1.085352e+02
1148	1.076567e+02
1149	1.068685e+02
1150	1.062063e+02
1151	1.056748e+02
1152	1.052431e+02
1153	1.048518e+02
1154	1.045512e+02
1155	1.043404e+02
1156	1.042323e+02
1157	1.042730e+02
1158	1.044729e+02
1159	1.047985e+02
1160	1.051802e+02
1161	1.055600e+02
1162	1.059697e+02
1163	1.063826e+02
1164	1.068929e+02
1165	1.074048e+02
1166	1.080302e+02
1167	1.085995e+02
1168	1.092558e+02
1169	1.099623e+02
1170	1.106208e+02
1171	1.113782e+02
1172	1.120792e+02
1173	1.127877e+02
1174	1.134464e+02
1175	1.141267e+02
1176	1.148130e+02
1177	1.154799e+02
1178	1.161971e+02
1179	1.169129e+02
1180	1.176807e+02
1181	1.184438e+02
1182	1.191349e+02
1183	1.197807e+02
1184	1.203743e+02
1185	1.209608e+02
1186	1.214556e+02
1187	1.218303e+02
1188	1.222083e+02
1189	1.224853e+02
1190	1.227718e+02
1191	1.230275e+02
1192	1.232711e+02
1193	1.234462e+02
1194	1.236248e+02
1195	1.238171e+02
1196	1.239889e+02
1197	1.241501e+02
1198	1.243064e+02
1199	1.244510e+02
1200	1.246865e+02
1201	1.248903e+02
1202	1.251457e+02
1203	1.253926e+02
1204	1.256553e+02
1205	1.259287e+02
1206	1.262242e+02
1207	1.265653e+02
1208	1.269125e+02
1209	1.272186e+02
1210	1.275648e+02
1211	1.277793e+02
1212	1.279235e+02
1213	1.280804e+02
1214	1.282350e+02
1215	1.283165e+02
1216	1.283994e+02
1217	1.285716e+02
1218	1.288459e+02
1219	1.291534e+02
1220	1.294347e+02
1221	1.297144e+02
1222	1.299445e+02
1223	1.301598e+02
1224	1.303902e+02
1225	1.306569e+02
1226	1.309132e+02
1227	1.311533e+02
1228	1.313703e+02
1229	1.315867e+02
1230	1.317610e+02
1231	1.318349e+02
1232	1.318802e+02
1233	1.319581e+02
1234	1.320257e+02
1235	1.320965e+02
1236	1.321172e+02
1237	1.320969e+02
1238	1.320173e+02
1239	1.318728e+02
1240	1.317585e+02
1241	1.315600e+02
1242	1.312201e+02
1243	1.307370e+02
1244	1.301275e+02
1245	1.294273e+02
1246	1.286474e+02
1247	1.278139e+02
1248	1.269327e+02
1249	1.260373e+02
1250	1.251397e+02
1251	1.240959e+02
1252	1.230085e+02
1253	1.218846e+02
1254	1.207538e+02
1255	1.196581e+02
1256	1.185786e+02
1257	1.174727e+02
1258	1.163951e+02
1259	1.153374e+02
1260	1.143050e+02
1261	1.133215e+02
1262	1.123495e+02
1263	1.113297e+02
1264	1.104201e+02
1265	1.095566e+02
1266	1.087484e+02
1267	1.079946e+02
1268	1.072710e+02
1269	1.066347e+02
1270	1.060049e+02
1271	1.054247e+02
1272	1.049477e+02
1273	1.046063e+02
1274	1.044488e+02
1275	1.042917e+02
1276	1.042433e+02
1277	1.042854e+02
1278	1.044245e+02
1279	1.046509e+02
1280	1.049190e+02
1281	1.053178e+02
1282	1.058376e+02
1283	1.064573e+02
1284	1.072266e+02
1285	1.080656e+02
1286	1.089098e+02
1287	1.097281e+02
1288	1.105914e+02
1289	1.115020e+02
1290	1.124538e+02
1291	1.135074e+02
1292	1.146473e+02
1293	1.158164e+02
1294	1.169327e+02
1295	1.180851e+02
1296	1.191659e+02
1297	1.202303e+02
1298	1.213731e+02
1299	1.224958e+02
1300	1.235799e+02
1301	1.245577e+02
1302	1.254139e+02
1303	1.262275e+02
1304	1.270699e+02
1305	1.279106e+02
1306	1.287607e+02
1307	1.294950e+02
1308	1.301027e+02
1309	1.307448e+02
1310	1.313573e+02
1311	1.318450e+02
1312	1.322421e+02
1313	1.325686e+02
1314	1.327469e+02
1315	1.328368e+02
1316	1.328436e+02
1317	1.327300e+02
1318	1.325404e+02
1319	1.323206e+02
1320	1.320809e+02
1321	1.317044e+02
1322	1.312568e+02
1323	1.308250e+02
1324	1.303793e+02
1325	1.298448e+02
1326	1.292132e+02
1327	1.285604e+02
1328	1.278474e+02
1329	1.270048e+02
1330	1.261019e+02
1331	1.250665e+02
1332	1.240643e+02
1333	1.229691e+02
1334	1.218776e+02
1335	1.208290e+02
1336	1.196586e+02
1337	1.184796e+02
1338	1.172620e+02
1339	1.161351e+02
1340	1.149528e+02
1341	1.137848e+02
1342	1.125923e+02
1343	1.114587e+02
1344	1.104101e+02
1345	1.094585e+02
1346	1.085753e+02
1347	1.077336e+02
1348	1.070213e+02
1349	1.064298e+02
1350	1.059539e+02
1351	1.055438e+02
1352	1.052341e+02
1353	1.049729e+02
1354	1.047879e+02
1355	1.047077e+02
1356	1.046698e+02
1357	1.047591e+02
1358	1.048240e+02
1359	1.050430e+02
1360	1.053517e+02
1361	1.057052e+02
1362	1.061653e+02
1363	1.066266e+02
1364	1.072469e+02
1365	1.079465e+02
1366	1.086291e+02
1367	1.094200e+02
1368	1.102580e+02
1369	1.111000e+02
1370	1.120235e+02
1371	1.129357e+02
1372	1.138514e+02
1373	1.147709e+02
1374	1.156029e+02
1375	1.165581e+02
1376	1.175378e+02
1377	1.184933e+02
1378	1.194275e+02
1379	1.203027e+02
1380	1.211791e+02
1381	1.219475e+02
1382	1.226528e+02
1383	1.233623e+02
1384	1.239590e+02
1385	1.244649e+02
1386	1.249077e+02
1387	1.252225e+02
1388	1.254119e+02
1389	1.255364e+02
1390	1.256136e+02
1391	1.255434e+02
1392	1.254162e+02
1393	1.250918e+02
1394	1.246323e+02
1395	1.240528e+02
1396	1.234212e+02
1397	1.226568e+02
1398	1.218507e+02
1399	1.209546e+02
1400	1.200133e+02
1401	1.190527e+02
1402	1.180959e+02
1403	1.170626e+02
1404	1.159906e+02
1405	1.148731e+02
1406	1.137746e+02
1407	1.127106e+02
1408	1.116299e+02
1409	1.105679e+02
1410	1.095224e+02
1411	1.084997e+02
1412	1.075653e+02
1413	1.066926e+02
1414	1.059400e+02
1415	1.053090e+02
1416	1.047730e+02
1417	1.042890e+02
1418	1.039184e+02
1419	1.035980e+02
1420	1.033806e+02
1421	1.034102e+02
1422	1.034964e+02
1423	1.036799e+02
1424	1.038807e+02
1425	1.042159e+02
1426	1.047345e+02
1427	1.053370e+02
1428	1.060302e+02
1429	1.068723e+02
1430	1.077966e+02
1431	1.086768e+02
1432	1.095133e+02
1433	1.103273e+02
1434	1.110986e+02
1435	1.118853e+02
1436	1.126447e+02
1437	1.133920e+02
1438	1.140024e+02
1439	1.146598e+02
1440	1.152580e+02
1441	1.157876e+02
1442	1.163407e+02
1443	1.168317e+02
1444	1.173183e+02
1445	1.177827e+02
1446	1.181598e+02
1447	1.183202e+02
1448	1.184088e+02
1449	1.183121e+02
1450	1.181194e+02
1451	1.179140e+02
1452	1.176687e+02
1453	1.174525e+02
1454	1.171872e+02
1455	1.168994e+02
1456	1.164954e+02
1457	1.160459e+02
1458	1.155966e+02
1459	1.151298e+02
1460	1.145756e+02
1461	1.141001e+02
1462	1.135506e+02
1463	1.129024e+02
1464	1.122403e+02
1465	1.115776e+02
1466	1.109612e+02
1467	1.103940e+02
1468	1.098527e+02
1469	1.092888e+02
1470	1.088134e+02
1471	1.083225e+02
1472	1.078674e+02
1473	1.074218e+02
1474	1.069669e+02
1475	1.063972e+02
1476	1.057380e+02
1477	1.051181e+02
1478	1.044960e+02
1479	1.038744e+02
1480	1.034265e+02
1481	1.030490e+02
1482	1.027767e+02
1483	1.025763e+02
1484	1.024053e+02
1485	1.023055e+02
1486	1.021773e+02
1487	1.020852e+02
1488	1.020004e+02
1489	1.019446e+02
1490	1.019597e+02
1491	1.019797e+02
1492	1.020477e+02
1493	1.022013e+02
1494	1.023788e+02
1495	1.026084e+02
1496	1.029675e+02
1497	1.034568e+02
1498	1.039262e+02
1499	1.043839e+02
1500	1.048594e+02
1501	1.054229e+02
1502	1.058092e+02
1503	1.061372e+02
1504	1.064048e+02
1505	1.065841e+02
1506	1.067805e+02
1507	1.070302e+02
1508	1.072527e+02
1509	1.075028e+02
1510	1.077393e+02
1511	1.079091e+02
1512	1.080056e+02
1513	1.080949e+02
1514	1.081212e+02
1515	1.081196e+02
1516	1.080798e+02
1517	1.080684e+02
1518	1.080153e+02
1519	1.080551e+02
1520	1.080627e+02
1521	1.080199e+02
1522	1.079808e+02
1523	1.079576e+02
1524	1.078208e+02
1525	1.076564e+02
1526	1.074881e+02
1527	1.072869e+02
1528	1.070719e+02
1529	1.068200e+02
1530	1.065534e+02
1531	1.063528e+02
1532	1.061026e+02
1533	1.058039e+02
1534	1.055580e+02
1535	1.053157e+02
1536	1.051057e+02
1537	1.049737e+02
1538	1.047577e+02
1539	1.045689e+02
1540	1.043569e+02
1541	1.042343e+02
1542	1.041848e+02
1543	1.041885e+02
1544	1.042202e+02
1545	1.042748e+02
1546	1.044393e+02
1547	1.047134e+02
1548	1.049741e+02
1549	1.052348e+02
1550	1.055137e+02
1551	1.057980e+02
1552	1.060104e+02
1553	1.061906e+02
1554	1.063332e+02
1555	1.064984e+02
1556	1.066271e+02
1557	1.067658e+02
1558	1.068438e+02
1559	1.070148e+02
1560	1.071814e+02
1561	1.073712e+02
1562	1.074914e+02
1563	1.075227e+02
1564	1.076029e+02
1565	1.077481e+02
1566	1.077827e+02
1567	1.078945e+02
1568	1.080917e+02
1569	1.082754e+02
1570	1.085066e+02
1571	1.087228e+02
1572	1.088993e+02
1573	1.090679e+02
1574	1.092734e+02
1575	1.094264e+02
1576	1.095662e+02
1577	1.097001e+02
1578	1.097703e+02
1579	1.099330e+02
1580	1.099800e+02
1581	1.100811e+02
1582	1.101966e+02
1583	1.102130e+02
1584	1.101996e+02
1585	1.102152e+02
1586	1.101918e+02
1587	1.102994e+02
1588	1.103447e+02
1589	1.104411e+02
1590	1.105824e+02
1591	1.106552e+02
1592	1.107844e+02
1593	1.109027e+02
1594	1.109964e+02
1595	1.110860e+02
1596	1.112228e+02
1597	1.112724e+02
1598	1.113600e+02
1599	1.114472e+02
1600	1.115318e+02
1601	1.116042e+02
1602	1.117196e+02
1603	1.118810e+02
1604	1.119914e+02
1605	1.120351e+02
1606	1.119944e+02
1607	1.118952e+02
1608	1.118567e+02
1609	1.117264e+02
1610	1.116780e+02
1611	1.116858e+02
1612	1.116990e+02
1613	1.117582e+02
1614	1.118324e+02
1615	1.118473e+02
1616	1.118699e+02
1617	1.119758e+02
1618	1.121668e+02
1619	1.124051e+02
1620	1.125863e+02
1621	1.127335e+02
1622	1.129120e+02
1623	1.131394e+02
1624	1.132433e+02
1625	1.133200e+02
1626	1.134183e+02
1627	1.134858e+02
1628	1.136196e+02
1629	1.137452e+02
1630	1.138311e+02
1631	1.139451e+02
1632	1.140512e+02
1633	1.141183e+02
1634	1.141181e+02
1635	1.140960e+02
1636	1.141353e+02
1637	1.140424e+02
1638	1.139834e+02
1639	1.139166e+02
1640	1.138289e+02
1641	1.138177e+02
1642	1.137483e+02
1643	1.136008e+02
1644	1.134028e+02
1645	1.131918e+02
1646	1.129583e+02
1647	1.127255e+02
1648	1.125758e+02
1649	1.124196e+02
1650	1.123421e+02
1651	1.122868e+02
1652	1.122227e+02
1653	1.121777e+02
1654	1.121917e+02
1655	1.122128e+02
1656	1.122618e+02
1657	1.123623e+02
1658	1.124348e+02
1659	1.125594e+02
1660	1.127518e+02
1661	1.129974e+02
1662	1.132585e+02
1663	1.135323e+02
1664	1.138689e+02
1665	1.142887e+02
1666	1.147334e+02
1667	1.152555e+02
1668	1.157888e+02
1669	1.163748e+02
1670	1.168678e+02
1671	1.173344e+02
1672	1.177360e+02
1673	1.180525e+02
1674	1.183742e+02
1675	1.187170e+02
1676	1.190192e+02
1677	1.193471e+02
1678	1.196808e+02
1679	1.200554e+02
1680	1.204316e+02
1681	1.207667e+02
1682	1.210647e+02
1683	1.213895e+02
1684	1.217651e+02
1685	1.222513e+02
1686	1.227302e+02
1687	1.231225e+02
1688	1.235616e+02
1689	1.238794e+02
1690	1.242267e+02
1691	1.245287e+02
1692	1.248449e+02
1693	1.251076e+02
1694	1.253927e+02
1695	1.256841e+02
1696	1.259735e+02
1697	1.262453e+02
1698	1.265989e+02
1699	1.269515e+02
1700	1.272832e+02
1701	1.275390e+02
1702	1.277618e+02
1703	1.279790e+02
1704	1.281006e+02
1705	1.281727e+02
1706	1.281503e+02
1707	1.280680e+02
1708	1.279441e+02
1709	1.277193e+02
1710	1.273789e+02
1711	1.270472e+02
1712	1.266382e+02
1713	1.262042e+02
1714	1.256822e+02
1715	1.251602e+02
1716	1.244862e+02
1717	1.237379e+02
1718	1.230377e+02
1719	1.223168e+02
1720	1.216283e+02
1721	1.209623e+02
1722	1.202633e+02
1723	1.196539e+02
1724	1.190500e+02
1725	1.184871e+02
1726	1.179371e+02
1727	1.173538e+02
1728	1.167872e+02
1729	1.162297e+02
1730	1.157560e+02
1731	1.153490e+02
1732	1.150724e+02
1733	1.149679e+02
1734	1.149205e+02
1735	1.148987e+02
1736	1.148730e+02
1737	1.148395e+02
1738	1.148048e+02
1739	1.147394e+02
1740	1.147746e+02
1741	1.148737e+02
1742	1.149578e+02
1743	1.151044e+02
1744	1.152483e+02
1745	1.154457e+02
1746	1.156520e+02
1747	1.159372e+02
1748	1.163647e+02
1749	1.168110e+02
1750	1.173774e+02
1751	1.179040e+02
1752	1.184832e+02
1753	1.191000e+02
1754	1.197438e+02
1755	1.203411e+02
1756	1.207136e+02
1757	1.211521e+02
1758	1.215262e+02
1759	1.219031e+02
1760	1.222559e+02
1761	1.225113e+02
1762	1.228613e+02
1763	1.232164e+02
1764	1.234938e+02
1765	1.237272e+02
1766	1.238543e+02
1767	1.239459e+02
1768	1.240195e+02
1769	1.240913e+02
1770	1.241982e+02
1771	1.242843e+02
1772	1.243322e+02
1773	1.243631e+02
1774	1.244221e+02
1775	1.244128e+02
1776	1.244365e+02
1777	1.245067e+02
1778	1.245268e+02
1779	1.245690e+02
1780	1.245655e+02
1781	1.245995e+02
1782	1.246915e+02
1783	1.247646e+02
1784	1.248113e+02
1785	1.248403e+02
1786	1.248098e+02
1787	1.247169e+02
1788	1.246000e+02
1789	1.245159e+02
1790	1.244751e+02
1791	1.244310e+02
1792	1.244073e+02
1793	1.244368e+02
1794	1.243611e+02
1795	1.243771e+02
1796	1.243109e+02
1797	1.242858e+02
1798	1.243366e+02
1799	1.243774e+02
1800	1.243502e+02
1801	1.242564e+02
1802	1.241827e+02
1803	1.240782e+02
1804	1.239200e+02
1805	1.236496e+02
1806	1.233280e+02
1807	1.229712e+02
1808	1.225604e+02
1809	1.221493e+02
1810	1.217365e+02
1811	1.212525e+02
1812	1.207899e+02
1813	1.203650e+02
1814	1.199764e+02
1815	1.195322e+02
1816	1.190850e+02
1817	1.185982e+02
1818	1.179875e+02
1819	1.173733e+02
1820	1.167634e+02
1821	1.161603e+02
1822	1.155509e+02
1823	1.148671e+02
1824	1.141439e+02
1825	1.135333e+02
1826	1.129003e+02
1827	1.122875e+02
1828	1.117451e+02
1829	1.111775e+02
1830	1.106414e+02
1831	1.101296e+02
1832	1.096659e+02
1833	1.092781e+02
1834	1.088983e+02
1835	1.086079e+02
1836	1.083040e+02
1837	1.080637e+02
1838	1.078750e+02
1839	1.078173e+02
1840	1.078230e+02
1841	1.079432e+02
1842	1.080743e+02
1843	1.082819e+02
1844	1.085624e+02
1845	1.088554e+02
1846	1.092305e+02
1847	1.096752e+02
1848	1.101861e+02
1849	1.107736e+02
1850	1.113939e+02
1851	1.119815e+02
1852	1.124954e+02
1853	1.130358e+02
1854	1.135861e+02
1855	1.142071e+02
1856	1.148103e+02
1857	1.154145e+02
1858	1.160679e+02
1859	1.167917e+02
1860	1.174575e+02
1861	1.181551e+02
1862	1.189644e+02
1863	1.197354e+02
1864	1.205677e+02
1865	1.213786e+02
1866	1.222743e+02
1867	1.232006e+02
1868	1.241445e+02
1869	1.251171e+02
1870	1.261232e+02
1871	1.271073e+02
1872	1.280014e+02
1873	1.288163e+02
1874	1.295126e+02
1875	1.301738e+02
1876	1.306467e+02
1877	1.310285e+02
1878	1.313543e+02
1879	1.316554e+02
1880	1.319279e+02
1881	1.321599e+02
1882	1.323255e+02
1883	1.322953e+02
1884	1.322734e+02
1885	1.321258e+02
1886	1.318002e+02
1887	1.314832e+02
1888	1.311222e+02
1889	1.307598e+02
1890	1.302980e+02
1891	1.297797e+02
1892	1.292822e+02
1893	1.287488e+02
1894	1.281625e+02
1895	1.275925e+02
1896	1.269540e+02
1897	1.262717e+02
1898	1.255933e+02
1899	1.248644e+02
1900	1.240617e+02
1901	1.232561e+02
1902	1.223433e+02
1903	1.213564e+02
1904	1.203516e+02
1905	1.193234e+02
1906	1.182608e+02
1907	1.172221e+02
1908	1.162260e+02
1909	1.152056e+02
1910	1.142424e+02
1911	1.133540e+02
1912	1.125242e+02
1913	1.117737e+02
1914	1.110520e+02
1915	1.104143e+02
1916	1.098247e+02
1917	1.092551e+02
1918	1.086857e+02
1919	1.082706e+02
1920	1.079078e+02
1921	1.076047e+02
1922	1.073535e+02
1923	1.071977e+02
1924	1.070905e+02
1925	1.070151e+02
1926	1.070349e+02
1927	1.070996e+02
1928	1.072430e+02
1929	1.074652e+02
1930	1.077429e+02
1931	1.080429e+02
1932	1.084708e+02
1933	1.089046e+02
1934	1.093866e+02
1935	1.099317e+02
1936	1.105194e+02
1937	1.112752e+02
1938	1.120388e+02
1939	1.128373e+02
1940	1.137191e+02
1941	1.146680e+02
1942	1.156882e+02
1943	1.166718e+02
1944	1.175862e+02
1945	1.184176e+02
1946	1.191992e+02
1947	1.198571e+02
1948	1.205119e+02
1949	1.210827e+02
1950	1.216720e+02
1951	1.222555e+02
1952	1.227773e+02
1953	1.232826e+02
1954	1.237022e+02
1955	1.240855e+02
1956	1.243436e+02
1957	1.245869e+02
1958	1.247297e+02
1959	1.248742e+02
1960	1.249950e+02
1961	1.250880e+02
1962	1.252133e+02
1963	1.253102e+02
1964	1.253540e+02
1965	1.253658e+02
1966	1.253969e+02
1967	1.253563e+02
1968	1.252626e+02
1969	1.251476e+02
1970	1.249122e+02
1971	1.246675e+02
1972	1.243269e+02
1973	1.238576e+02
1974	1.232769e+02
1975	1.226996e+02
1976	1.221101e+02
1977	1.215277e+02
1978	1.209632e+02
1979	1.203832e+02
1980	1.197729e+02
1981	1.191294e+02
1982	1.184237e+02
1983	1.178416e+02
1984	1.171297e+02
1985	1.164529e+02
1986	1.157816e+02
1987	1.150877e+02
1988	1.143492e+02
1989	1.136555e+02
1990	1.130926e+02
1991	1.125162e+02
1992	1.120036e+02
1993	1.114873e+02
1994	1.110282e+02
1995	1.106309e+02
1996	1.103018e+02
1997	1.100181e+02
1998	1.098264e+02
1999	1.096992e+02
2000	1.096334e+02
2001	1.095263e+02
2002	1.095604e+02
2003	1.095828e+02
2004	1.096341e+02
2005	1.097646e+02
2006	1.098920e+02
2007	1.100562e+02
2008	1.101821e+02
2009	1.103379e+02
2010	1.104985e+02
2011	1.107306e+02
2012	1.109711e+02
2013	1.113067e+02
2014	1.115393e+02
2015	1.117597e+02
2016	1.120356e+02
2017	1.122876e+02
2018	1.125272e+02
2019	1.128339e+02
2020	1.131929e+02
2021	1.136483e+02
2022	1.141082e+02
2023	1.145450e+02
2024	1.149139e+02
2025	1.152597e+02
2026	1.156098e+02
2027	1.159419e+02
2028	1.163467e+02
2029	1.167696e+02
2030	1.172641e+02
2031	1.177510e+02
2032	1.182890e+02
2033	1.188037e+02
2034	1.193637e+02
2035	1.198327e+02
2036	1.201823e+02
2037	1.204801e+02
2038	1.208261e+02
2039	1.211587e+02
2040	1.214507e+02
2041	1.216813e+02
2042	1.218803e+02
2043	1.220238e+02
2044	1.221914e+02
2045	1.223864e+02
2046	1.227023e+02
2047	1.229089e+02
2048	1.230272e+02
2049	1.230664e+02
2050	1.231310e+02
2051	1.231143e+02
2052	1.230872e+02
2053	1.229505e+02
2054	1.228464e+02
2055	1.226435e+02
2056	1.224260e+02
2057	1.222310e+02
2058	1.220081e+02
2059	1.216986e+02
2060	1.214423e+02
2061	1.211287e+02
2062	1.207088e+02
2063	1.202823e+02
2064	1.198509e+02
2065	1.194521e+02
2066	1.190730e+02
2067	1.186947e+02
2068	1.183412e+02
2069	1.180920e+02
2070	1.177680e+02
2071	1.173511e+02
2072	1.168918e+02
2073	1.163794e+02
2074	1.158524e+02
2075	1.153431e+02
2076	1.149191e+02
2077	1.144475e+02
2078	1.140011e+02
2079	1.135752e+02
2080	1.132649e+02
2081	1.130285e+02
2082	1.128415e+02
2083	1.126314e+02
2084	1.123802e+02
2085	1.121406e+02
2086	1.120283e+02
2087	1.118444e+02
2088	1.117141e+02
2089	1.115401e+02
2090	1.113521e+02
2091	1.111954e+02
2092	1.111335e+02
2093	1.111112e+02
2094	1.111003e+02
2095	1.111663e+02
2096	1.112788e+02
2097	1.112798e+02
2098	1.113682e+02
2099	1.113918e+02
2100	1.114021e+02
2101	1.114512e+02
2102	1.115189e+02
2103	1.115418e+02
2104	1.115807e+02
2105	1.115950e+02
2106	1.116071e+02
2107	1.116054e+02
2108	1.116181e+02
2109	1.115933e+02
2110	1.115965e+02
2111	1.116026e+02
2112	1.116099e+02
2113	1.116593e+02
2114	1.116136e+02
2115	1.115520e+02
2116	1.115297e+02
2117	1.115528e+02
2118	1.116052e+02
2119	1.116511e+02
2120	1.116847e+02
2121	1.118302e+02
2122	1.119684e+02
2123	1.121709e+02
2124	1.122619e+02
2125	1.123172e+02
2126	1.123967e+02
2127	1.124940e+02
2128	1.125882e+02
2129	1.126348e+02
2130	1.126207e+02
2131	1.125872e+02
2132	1.126319e+02
2133	1.126295e+02
2134	1.125973e+02
2135	1.125928e+02
2136	1.125652e+02
2137	1.124922e+02
2138	1.124373e+02
2139	1.124907e+02
2140	1.124781e+02
2141	1.124178e+02
2142	1.123115e+02
2143	1.121935e+02
2144	1.120512e+02
2145	1.119330e+02
2146	1.118332e+02
2147	1.116633e+02
2148	1.114340e+02
2149	1.112569e+02
2150	1.110357e+02
2151	1.107602e+02
2152	1.104729e+02
2153	1.102159e+02
2154	1.100106e+02
2155	1.098651e+02
2156	1.097674e+02
2157	1.098247e+02
2158	1.098850e+02
2159	1.098881e+02
2160	1.098815e+02
2161	1.099146e+02
2162	1.099323e+02
2163	1.099015e+02
2164	1.099169e+02
2165	1.099415e+02
2166	1.099725e+02
2167	1.100176e+02
2168	1.101536e+02
2169	1.103613e+02
2170	1.106213e+02
2171	1.108138e+02
2172	1.109783e+02
2173	1.111745e+02
2174	1.113388e+02
2175	1.115335e+02
2176	1.117220e+02
2177	1.118793e+02
2178	1.120457e+02
2179	1.121393e+02
2180	1.122640e+02
2181	1.123940e+02
2182	1.125550e+02
2183	1.127187e+02
2184	1.128659e+02
2185	1.129375e+02
2186	1.129108e+02
2187	1.129303e+02
2188	1.128623e+02
2189	1.127603e+02
2190	1.126371e+02
2191	1.125562e+02
2192	1.124950e+02
2193	1.122929e+02
2194	1.121572e+02
2195	1.120634e+02
2196	1.119539e+02
2197	1.118406e+02
2198	1.117856e+02
2199	1.117243e+02
2200	1.116828e+02
2201	1.116643e+02
2202	1.115357e+02
2203	1.114241e+02
2204	1.113134e+02
2205	1.111781e+02
2206	1.110541e+02
2207	1.109647e+02
2208	1.109509e+02
2209	1.108743e+02
2210	1.108550e+02
2211	1.109235e+02
2212	1.110715e+02
2213	1.112048e+02
2214	1.113934e+02
2215	1.116096e+02
2216	1.119111e+02
2217	1.121896e+02
2218	1.125334e+02
2219	1.128500e+02
2220	1.131703e+02
2221	1.135113e+02
2222	1.137949e+02
2223	1.140462e+02
2224	1.144190e+02
2225	1.147131e+02
2226	1.149467e+02
2227	1.151645e+02
2228	1.153729e+02
2229	1.155414e+02
2230	1.157610e+02
2231	1.159431e+02
2232	1.161760e+02
2233	1.165197e+02
2234	1.169344e+02
2235	1.173893e+02
2236	1.178975e+02
2237	1.184274e+02
2238	1.190522e+02
2239	1.197632e+02
2240	1.204927e+02
2241	1.212262e+02
2242	1.218835e+02
2243	1.225671e+02
2244	1.232324e+02
2245	1.237972e+02
2246	1.243099e+02
2247	1.247857e+02
2248	1.253245e+02
2249	1.258716e+02
2250	1.264173e+02
2251	1.269983e+02
2252	1.276290e+02
2253	1.281942e+02
2254	1.289232e+02
2255	1.296717e+02
2256	1.303422e+02
2257	1.309503e+02
2258	1.314339e+02
2259	1.318979e+02
2260	1.323408e+02
2261	1.327840e+02
2262	1.331652e+02
2263	1.334834e+02
2264	1.337752e+02
2265	1.340737e+02
2266	1.343550e+02
2267	1.345489e+02
2268	1.347230e+02
2269	1.349019e+02
2270	1.351015e+02
2271	1.351676e+02
2272	1.351986e+02
2273	1.351369e+02
2274	1.350229e+02
2275	1.348204e+02
2276	1.345891e+02
2277	1.342987e+02
2278	1.338708e+02
2279	1.334524e+02
2280	1.329951e+02
2281	1.324367e+02
2282	1.317971e+02
2283	1.310851e+02
2284	1.302330e+02
2285	1.292544e+02
2286	1.281086e+02
2287	1.268587e+02
2288	1.255705e+02
2289	1.242924e+02
2290	1.230290e+02
2291	1.217193e+02
2292	1.203497e+02
2293	1.189540e+02
2294	1.175444e+02
2295	1.161871e+02
2296	1.148845e+02
2297	1.135900e+02
2298	1.123563e+02
2299	1.111340e+02
2300	1.099997e+02
2301	1.087985e+02
2302	1.075817e+02
2303	1.063843e+02
2304	1.052687e+02
2305	1.043168e+02
2306	1.033909e+02
2307	1.024640e+02
2308	1.016807e+02
2309	1.009970e+02
2310	1.004886e+02
2311	1.001143e+02
2312	9.994543e+01
2313	9.984473e+01
2314	9.995611e+01
2315	1.000951e+02
2316	1.002311e+02
2317	1.004485e+02
2318	1.007209e+02
2319	1.010530e+02
2320	1.015505e+02
2321	1.021131e+02
2322	1.026911e+02
2323	1.033553e+02
2324	1.041163e+02
2325	1.049640e+02
2326	1.058360e+02
2327	1.067483e+02
2328	1.077284e+02
2329	1.088236e+02
2330	1.099376e+02
2331	1.109159e+02
2332	1.118593e+02
2333	1.127323e+02
2334	1.135765e+02
2335	1.144054e+02
2336	1.152533e+02
2337	1.159919e+02
2338	1.166717e+02
2339	1.172795e+02
2340	1.178887e+02
2341	1.184631e+02
2342	1.190556e+02
2343	1.195382e+02
2344	1.200005e+02
2345	1.203903e+02
2346	1.207505e+02
2347	1.211279e+02
2348	1.214088e+02
2349	1.216027e+02
2350	1.217093e+02
2351	1.217726e+02
2352	1.217731e+02
2353	1.217436e+02
2354	1.217596e+02
2355	1.217272e+02
2356	1.216747e+02
2357	1.216214e+02
2358	1.215127e+02
2359	1.213572e+02
2360	1.211601e+02
2361	1.208594e+02
2362	1.205145e+02
2363	1.201565e+02
2364	1.198343e+02
2365	1.195366e+02
2366	1.192555e+02
2367	1.189866e+02
2368	1.188407e+02
2369	1.186427e+02
2370	1.184333e+02
2371	1.183479e+02
2372	1.183643e+02
2373	1.183592e+02
2374	1.182904e+02
2375	1.182648e+02
2376	1.182774e+02
2377	1.182237e+02
2378	1.181348e+02
2379	1.180054e+02
2380	1.177547e+02
2381	1.174819e+02
2382	1.171876e+02
2383	1.169210e+02
2384	1.165558e+02
2385	1.161479e+02
2386	1.157748e+02
2387	1.154661e+02
2388	1.151181e+02
2389	1.147694e+02
2390	1.143832e+02
2391	1.139702e+02
2392	1.136867e+02
2393	1.134286e+02
2394	1.132122e+02
2395	1.129917e+02
2396	1.129086e+02
2397	1.128143e+02
2398	1.127379e+02
2399	1.126239e+02
2400	1.125283e+02
2401	1.124709e+02
2402	1.124683e+02
2403	1.124238e+02
2404	1.123914e+02
2405	1.124399e+02
2406	1.125005e+02
2407	1.125547e+02
2408	1.126808e+02
2409	1.128292e+02
2410	1.130343e+02
2411	1.132435e+02
2412	1.134563e+02
2413	1.137387e+02
2414	1.140433e+02
2415	1.143216e+02
2416	1.146850e+02
2417	1.151047e+02
2418	1.155511e+02
2419	1.160261e+02
2420	1.166201e+02
2421	1.171644e+02
2422	1.178084e+02
2423	1.184916e+02
2424	1.191564e+02
2425	1.199162e+02
2426	1.206579e+02
2427	1.213118e+02
2428	1.219636e+02
2429	1.226229e+02
2430	1.233062e+02
2431	1.239718e+02
2432	1.246349e+02
2433	1.251701e+02
2434	1.257080e+02
2435	1.262732e+02
2436	1.268904e+02
2437	1.274794e+02
2438	1.281355e+02
2439	1.287804e+02
2440	1.293402e+02
2441	1.299041e+02
2442	1.304001e+02
2443	1.308389e+02
2444	1.312506e+02
2445	1.315669e+02
2446	1.316900e+02
2447	1.317580e+02
2448	1.317742e+02
2449	1.316565e+02
2450	1.314016e+02
2451	1.311715e+02
2452	1.308970e+02
2453	1.304381e+02
2454	1.299324e+02
2455	1.292975e+02
2456	1.285527e+02
2457	1.278171e+02
2458	1.270725e+02
2459	1.263335e+02
2460	1.255030e+02
2461	1.246316e+02
2462	1.237201e+02
2463	1.227369e+02
2464	1.217383e+02
2465	1.207810e+02
2466	1.198924e+02
2467	1.191179e+02
2468	1.183690e+02
2469	1.176142e+02
2470	1.168119e+02
2471	1.159529e+02
2472	1.150409e+02
2473	1.141813e+02
2474	1.133943e+02
2475	1.125740e+02
2476	1.118799e+02
2477	1.112269e+02
2478	1.107102e+02
2479	1.101581e+02
2480	1.096674e+02
2481	1.091822e+02
2482	1.087617e+02
2483	1.084271e+02
2484	1.081169e+02
2485	1.078595e+02
2486	1.076665e+02
2487	1.075952e+02
2488	1.075592e+02
2489	1.075981e+02
2490	1.076426e+02
2491	1.077275e+02
2492	1.078296e+02
2493	1.079750e+02
2494	1.081692e+02
2495	1.084433e+02
2496	1.087078e+02
2497	1.091052e+02
2498	1.094875e+02
2499	1.099899e+02
2500	1.105330e+02
2501	1.111360e+02
2502	1.116548e+02
2503	1.122214e+02
2504	1.127951e+02
2505	1.134154e+02
2506	1.140910e+02
2507	1.147493e+02
2508	1.153726e+02
2509	1.160553e+02
2510	1.166402e+02
2511	1.172679e+02
2512	1.179792e+02
2513	1.187280e+02
2514	1.195295e+02
2515	1.203474e+02
2516	1.210530e+02
2517	1.216921e+02
2518	1.223743e+02
2519	1.231015e+02
2520	1.237212e+02
2521	1.242302e+02
2522	1.246996e+02
2523	1.251098e+02
2524	1.255011e+02
2525	1.258784e+02
2526	1.262517e+02
2527	1.264962e+02
2528	1.268281e+02
2529	1.269797e+02
2530	1.269686e+02
2531	1.269380e+02
2532	1.268680e+02
2533	1.268462e+02
2534	1.267147e+02
2535	1.264929e+02
2536	1.262662e+02
2537	1.260964e+02
2538	1.258955e+02
2539	1.257032e+02
2540	1.254833e+02
2541	1.252011e+02
2542	1.249476e+02
2543	1.246790e+02
2544	1.242788e+02
2545	1.238265e+02
2546	1.234014e+02
2547	1.229488e+02
2548	1.224708e+02
2549	1.218954e+02
2550	1.213399e+02
2551	1.208224e+02
2552	1.203088e+02
2553	1.197198e+02
2554	1.191693e+02
2555	1.185860e+02
2556	1.180568e+02
2557	1.175985e+02
2558	1.171906e+02
2559	1.168924e+02
2560	1.165891e+02
2561	1.163139e+02
2562	1.161308e+02
2563	1.159587e+02
2564	1.158982e+02
2565	1.158892e+02
2566	1.158086e+02
2567	1.158040e+02
2568	1.157788e+02
2569	1.156500e+02
2570	1.155093e+02
2571	1.153913e+02
2572	1.152502e+02
2573	1.151194e+02
2574	1.149973e+02
2575	1.148967e+02
2576	1.148021e+02
2577	1.147034e+02
2578	1.146319e+02
2579	1.145166e+02
2580	1.144793e+02
2581	1.144934e+02
2582	1.144834e+02
2583	1.145434e+02
2584	1.145599e+02
2585	1.145555e+02
2586	1.145589e+02
2587	1.145975e+02
2588	1.146424e+02
2589	1.147908e+02
2590	1.148519e+02
2591	1.148760e+02
2592	1.148790e+02
2593	1.148961e+02
2594	1.148943e+02
2595	1.149005e+02
2596	1.149955e+02
2597	1.150546e+02
2598	1.151251e+02
2599	1.151834e+02
2600	1.152927e+02
2601	1.153876e+02
2602	1.154429e+02
2603	1.155768e+02
2604	1.156249e+02
2605	1.157024e+02
2606	1.157522e+02
2607	1.157925e+02
2608	1.157505e+02
2609	1.157560e+02
2610	1.157941e+02
2611	1.157911e+02
2612	1.158175e+02
2613	1.159083e+02
2614	1.159729e+02
2615	1.160113e+02
2616	1.160770e+02
2617	1.161500e+02
2618	1.162802e+02
2619	1.164162e+02
2620	1.165763e+02
2621	1.167111e+02
2622	1.168472e+02
2623	1.169372e+02
2624	1.169774e+02
2625	1.169455e+02
2626	1.168521e+02
2627	1.166909e+02
2628	1.166273e+02
2629	1.165211e+02
2630	1.163870e+02
2631	1.162423e+02
2632	1.159985e+02
2633	1.156609e+02
2634	1.153870e+02
2635	1.150586e+02
2636	1.147202e+02
2637	1.144036e+02
2638	1.141424e+02
2639	1.140280e+02
2640	1.139858e+02
2641	1.139014e+02
2642	1.139194e+02
2643	1.139504e+02
2644	1.140490e+02
2645	1.142035e+02
2646	1.143986e+02
2647	1.146290e+02
2648	1.148468e+02
2649	1.151274e+02
2650	1.154958e+02
2651	1.158740e+02
2652	1.161879e+02
2653	1.164646e+02
2654	1.168380e+02
2655	1.171548e+02
2656	1.174708e+02
2657	1.177728e+02
2658	1.180530e+02
2659	1.183447e+02
2660	1.186609e+02
2661	1.189766e+02
2662	1.192510e+02
2663	1.195209e+02
2664	1.198272e+02
2665	1.201064e+02
2666	1.203165e+02
2667	1.205915e+02
2668	1.208978e+02
2669	1.210827e+02
2670	1.212099e+02
2671	1.213110e+02
2672	1.213502e+02
2673	1.213291e+02
2674	1.213141e+02
2675	1.212335e+02
2676	1.211225e+02
2677	1.209903e+02
2678	1.208561e+02
2679	1.206708e+02
2680	1.204846e+02
2681	1.201939e+02
2682	1.198751e+02
2683	1.195317e+02
2684	1.191938e+02
2685	1.188812e+02
2686	1.184461e+02
2687	1.179775e+02
2688	1.174977e+02
2689	1.169820e+02
2690	1.164647e+02
2691	1.159599e+02
2692	1.154643e+02
2693	1.149918e+02
2694	1.145535e+02
2695	1.141848e+02
2696	1.138488e+02
2697	1.135559e+02
2698	1.132708e+02
2699	1.130245e+02
2700	1.127786e+02
2701	1.126530e+02
2702	1.125734e+02
2703	1.124472e+02
2704	1.122915e+02
2705	1.121144e+02
2706	1.120145e+02
2707	1.119184e+02
2708	1.118133e+02
2709	1.117620e+02
2710	1.117503e+02
2711	1.119056e+02
2712	1.120911e+02
2713	1.122889e+02
2714	1.125205e+02
2715	1.127625e+02
2716	1.130053e+02
2717	1.132643e+02
2718	1.134861e+02
2719	1.137624e+02
2720	1.140057e+02
2721	1.142339e+02
2722	1.144991e+02
2723	1.146572e+02
2724	1.148491e+02
2725	1.150133e+02
2726	1.152349e+02
2727	1.154227e+02
2728	1.155269e+02
2729	1.156319e+02
2730	1.157804e+02
2731	1.159652e+02
2732	1.161153e+02
2733	1.162540e+02
2734	1.163075e+02
2735	1.164138e+02
2736	1.164223e+02
2737	1.163682e+02
2738	1.163564e+02
2739	1.163799e+02
2740	1.163007e+02
2741	1.162301e+02
2742	1.161235e+02
2743	1.160805e+02
2744	1.160332e+02
2745	1.160003e+02
2746	1.160028e+02
2747	1.160347e+02
2748	1.161097e+02
2749	1.161592e+02
2750	1.162763e+02
2751	1.163600e+02
2752	1.164741e+02
2753	1.165163e+02
2754	1.164742e+02
2755	1.164531e+02
2756	1.163606e+02
2757	1.162930e+02
2758	1.161734e+02
2759	1.160840e+02
2760	1.160082e+02
2761	1.158479e+02
2762	1.156236e+02
2763	1.153309e+02
2764	1.150304e+02
2765	1.146341e+02
2766	1.142201e+02
2767	1.138243e+02
2768	1.134150e+02
2769	1.130873e+02
2770	1.126901e+02
2771	1.123146e+02
2772	1.119185e+02
2773	1.113447e+02
2774	1.106737e+02
2775	1.100121e+02
2776	1.093066e+02
2777	1.085733e+02
2778	1.079972e+02
2779	1.074724e+02
2780	1.069586e+02
2781	1.064798e+02
2782	1.061283e+02
2783	1.059394e+02
2784	1.057583e+02
2785	1.056998e+02
2786	1.059229e+02
2787	1.062724e+02
2788	1.066495e+02
2789	1.070386e+02
2790	1.074761e+02
2791	1.078802e+02
2792	1.083538e+02
2793	1.088651e+02
2794	1.094140e+02
2795	1.099013e+02
2796	1.105230e+02
2797	1.112225e+02
2798	1.118672e+02
2799	1.124829e+02
2800	1.130916e+02
2801	1.137180e+02
2802	1.143026e+02
2803	1.149394e+02
2804	1.155644e+02
2805	1.161864e+02
2806	1.167437e+02
2807	1.172687e+02
2808	1.177034e+02
2809	1.181583e+02
2810	1.186530e+02
2811	1.192099e+02
2812	1.196223e+02
2813	1.199215e+02
2814	1.201863e+02
2815	1.203245e+02
2816	1.203941e+02
2817	1.204058e+02
2818	1.204609e+02
2819	1.205290e+02
2820	1.205755e+02
2821	1.206254e+02
2822	1.205902e+02
2823	1.202875e+02
2824	1.199675e+02
2825	1.197269e+02
2826	1.194033e+02
2827	1.190064e+02
2828	1.185461e+02
2829	1.180267e+02
2830	1.173964e+02
2831	1.166851e+02
2832	1.159520e+02
2833	1.151107e+02
2834	1.142879e+02
2835	1.134634e+02
2836	1.125820e+02
2837	1.116387e+02
2838	1.107156e+02
2839	1.098447e+02
2840	1.090318e+02
2841	1.082620e+02
2842	1.074929e+02
2843	1.067890e+02
2844	1.061546e+02
2845	1.055335e+02
2846	1.049224e+02
2847	1.044628e+02
2848	1.040656e+02
2849	1.037970e+02
2850	1.035915e+02
2851	1.034695e+02
2852	1.035042e+02
2853	1.035738e+02
2854	1.038233e+02
2855	1.041813e+02
2856	1.047368e+02
2857	1.054351e+02
2858	1.062189e+02
2859	1.070276e+02
2860	1.078977e+02
2861	1.088024e+02
2862	1.098060e+02
2863	1.109057e+02
2864	1.120100e+02
2865	1.132090e+02
2866	1.144870e+02
2867	1.157503e+02
2868	1.169439e+02
2869	1.182217e+02
2870	1.194792e+02
2871	1.207510e+02
2872	1.219113e+02
2873	1.230591e+02
2874	1.242029e+02
2875	1.252848e+02
2876	1.262722e+02
2877	1.271717e+02
2878	1.280500e+02
2879	1.288370e+02
2880	1.294940e+02
2881	1.300143e+02
2882	1.305294e+02
2883	1.309924e+02
2884	1.313357e+02
2885	1.316328e+02
2886	1.320034e+02
2887	1.322983e+02
2888	1.325763e+02
2889	1.327687e+02
2890	1.328649e+02
2891	1.327624e+02
2892	1.325992e+02
2893	1.323276e+02
2894	1.320293e+02
2895	1.317165e+02
2896	1.313003e+02
2897	1.308621e+02
2898	1.304264e+02
2899	1.298956e+02
2900	1.293871e+02
2901	1.288060e+02
2902	1.282041e+02
2903	1.275672e+02
2904	1.268503e+02
2905	1.260500e+02
2906	1.252142e+02
2907	1.244021e+02
2908	1.235647e+02
2909	1.226818e+02
2910	1.218369e+02
2911	1.209797e+02
2912	1.201382e+02
2913	1.192902e+02
2914	1.183419e+02
2915	1.174526e+02
2916	1.166640e+02
2917	1.158984e+02
2918	1.152064e+02
2919	1.144706e+02
2920	1.138376e+02
2921	1.131012e+02
2922	1.122858e+02
2923	1.114823e+02
2924	1.107415e+02
2925	1.100874e+02
2926	1.094766e+02
2927	1.089102e+02
2928	1.084096e+02
2929	1.080098e+02
2930	1.076179e+02
2931	1.073724e+02
2932	1.073521e+02
2933	1.074501e+02
2934	1.076824e+02
2935	1.079908e+02
2936	1.084159e+02
2937	1.089166e+02
2938	1.095615e+02
2939	1.102611e+02
2940	1.110942e+02
2941	1.120034e+02
2942	1.129924e+02
2943	1.139895e+02
2944	1.150309e+02
2945	1.161653e+02
2946	1.172277e+02
2947	1.182822e+02
2948	1.193133e+02
2949	1.203180e+02
2950	1.213046e+02
2951	1.222266e+02
2952	1.231504e+02
2953	1.240739e+02
2954	1.249459e+02
2955	1.258115e+02
2956	1.267044e+02
2957	1.276136e+02
2958	1.285457e+02
2959	1.294555e+02
2960	1.301982e+02
2961	1.308462e+02
2962	1.314861e+02
2963	1.321037e+02
2964	1.326616e+02
2965	1.331889e+02
2966	1.336452e+02
2967	1.339611e+02
2968	1.342615e+02
2969	1.345306e+02
2970	1.348087e+02
2971	1.350049e+02
2972	1.351324e+02
2973	1.351215e+02
2974	1.350695e+02
2975	1.349242e+02
2976	1.348181e+02
2977	1.344465e+02
2978	1.340478e+02
2979	1.335164e+02
2980	1.328683e+02
2981	1.322120e+02
2982	1.315301e+02
2983	1.308493e+02
2984	1.301793e+02
2985	1.295659e+02
2986	1.289629e+02
2987	1.283023e+02
2988	1.275853e+02
2989	1.267825e+02
2990	1.258540e+02
2991	1.248368e+02
2992	1.238796e+02
2993	1.229128e+02
2994	1.220423e+02
2995	1.210446e+02
2996	1.200486e+02
2997	1.190654e+02
2998	1.182131e+02
2999	1.173772e+02
3000	1.165469e+02
3001	1.157375e+02
3002	1.149434e+02
3003	1.141555e+02
3004	1.133796e+02
3005	1.126317e+02
3006	1.119496e+02
3007	1.113349e+02
3008	1.108189e+02
3009	1.102760e+02
3010	1.098653e+02
3011	1.095579e+02
3012	1.092986e+02
3013	1.091280e+02
3014	1.091330e+02
3015	1.091728e+02
3016	1.094070e+02
3017	1.097672e+02
3018	1.102548e+02
3019	1.108101e+02
3020	1.114386e+02
3021	1.121838e+02
3022	1.130966e+02
3023	1.140823e+02
3024	1.151387e+02
3025	1.162492e+02
3026	1.174411e+02
3027	1.186204e+02
3028	1.197112e+02
3029	1.207151e+02
3030	1.217270e+02
3031	1.225699e+02
3032	1.233888e+02
3033	1.240888e+02
3034	1.246751e+02
3035	1.252394e+02
3036	1.257610e+02
3037	1.262188e+02
3038	1.266209e+02
3039	1.269882e+02
3040	1.273392e+02
3041	1.276389e+02
3042	1.279406e+02
3043	1.282875e+02
3044	1.286588e+02
3045	1.289860e+02
3046	1.293163e+02
3047	1.296475e+02
3048	1.299699e+02
3049	1.301438e+02
3050	1.302213e+02
3051	1.302531e+02
3052	1.302197e+02
3053	1.301008e+02
3054	1.298267e+02
3055	1.294437e+02
3056	1.289448e+02
3057	1.283920e+02
3058	1.278744e+02
3059	1.272376e+02
3060	1.265395e+02
3061	1.257947e+02
3062	1.250392e+02
3063	1.242092e+02
3064	1.233127e+02
3065	1.224233e+02
3066	1.215530e+02
3067	1.207828e+02
3068	1.200293e+02
3069	1.192110e+02
3070	1.184267e+02
3071	1.176507e+02
3072	1.169039e+02
3073	1.162059e+02
3074	1.155003e+02
3075	1.148054e+02
3076	1.141743e+02
3077	1.135559e+02
3078	1.129524e+02
3079	1.124001e+02
3080	1.118977e+02
3081	1.114526e+02
3082	1.110102e+02
3083	1.104974e+02
3084	1.099843e+02
3085	1.094564e+02
3086	1.089540e+02
3087	1.084985e+02
3088	1.080788e+02
3089	1.076941e+02
3090	1.072864e+02
3091	1.070126e+02
3092	1.068388e+02
3093	1.067276e+02
3094	1.067133e+02
3095	1.067524e+02
3096	1.068460e+02
3097	1.070674e+02
3098	1.073683e+02
3099	1.077767e+02
3100	1.082772e+02
3101	1.088304e+02
3102	1.094038e+02
3103	1.100776e+02
3104	1.107666e+02
3105	1.114087e+02
3106	1.119837e+02
3107	1.125528e+02
3108	1.131778e+02
3109	1.138687e+02
3110	1.145755e+02
3111	1.152381e+02
3112	1.158536e+02
3113	1.164533e+02
3114	1.170423e+02
3115	1.175593e+02
3116	1.180131e+02
3117	1.184373e+02
3118	1.188470e+02
3119	1.193075e+02
3120	1.196680e+02
3121	1.199426e+02
3122	1.201423e+02
3123	1.202525e+02
3124	1.203200e+02
3125	1.203111e+02
3126	1.202252e+02
3127	1.200639e+02
3128	1.198846e+02
3129	1.196686e+02
3130	1.193180e+02
3131	1.189290e+02
3132	1.184786e+02
3133	1.180625e+02
3134	1.175940e+02
3135	1.172127e+02
3136	1.168129e+02
3137	1.164052e+02
3138	1.159890e+02
3139	1.155322e+02
3140	1.151306e+02
3141	1.147503e+02
3142	1.143756e+02
3143	1.139887e+02
3144	1.136735e+02
3145	1.132830e+02
3146	1.129852e+02
3147	1.126624e+02
3148	1.123634e+02
3149	1.121495e+02
3150	1.119885e+02
3151	1.118405e+02
3152	1.117313e+02
3153	1.116453e+02
3154	1.115876e+02
3155	1.115284e+02
3156	1.113789e+02
3157	1.112833e+02
3158	1.112042e+02
3159	1.111588e+02
3160	1.111140e+02
3161	1.111705e+02
3162	1.113313e+02
3163	1.115429e+02
3164	1.118413e+02
3165	1.121865e+02
3166	1.126054e+02
3167	1.129874e+02
3168	1.133840e+02
3169	1.137020e+02
3170	1.140664e+02
3171	1.143043e+02
3172	1.145093e+02
3173	1.147523e+02
3174	1.149424e+02
3175	1.151852e+02
3176	1.153754e+02
3177	1.155535e+02
3178	1.156814e+02
3179	1.157432e+02
3180	1.157368e+02
3181	1.156926e+02
3182	1.155293e+02
3183	1.153807e+02
3184	1.152674e+02
3185	1.151863e+02
3186	1.150991e+02
3187	1.149843e+02
3188	1.149492e+02
3189	1.149615e+02
3190	1.149454e+02
3191	1.149203e+02
3192	1.149290e+02
3193	1.149812e+02
3194	1.150327e+02
3195	1.150402e+02
3196	1.150526e+02
3197	1.150728e+02
3198	1.150286e+02
3199	1.150387e+02
3200	1.151069e+02
3201	1.151958e+02
3202	1.153688e+02
3203	1.156193e+02
3204	1.158469e+02
3205	1.160494e+02
3206	1.163424e+02
3207	1.166495e+02
3208	1.169164e+02
3209	1.171606e+02
3210	1.173833e+02
3211	1.175233e+02
3212	1.176512e+02
3213	1.177530e+02
3214	1.178544e+02
3215	1.181043e+02
3216	1.182489e+02
3217	1.183800e+02
3218	1.184627e+02
3219	1.185164e+02
3220	1.184789e+02
3221	1.183937e+02
3222	1.183142e+02
3223	1.182360e+02
3224	1.181517e+02
3225	1.179875e+02
3226	1.178326e+02
3227	1.176891e+02
3228	1.174803e+02
3229	1.172287e+02
3230	1.169087e+02
3231	1.165162e+02
3232	1.161779e+02
3233	1.158227e+02
3234	1.154195e+02
3235	1.150833e+02
3236	1.147827e+02
3237	1.144655e+02
3238	1.141415e+02
3239	1.137351e+02
3240	1.133573e+02
3241	1.130308e+02
3242	1.127303e+02
3243	1.124625e+02
3244	1.122546e+02
3245	1.120782e+02
3246	1.118779e+02
3247	1.116569e+02
3248	1.114340e+02
3249	1.111709e+02
3250	1.110098e+02
3251	1.108696e+02
3252	1.108212e+02
3253	1.109133e+02
3254	1.109519e+02
3255	1.110284e+02
3256	1.110886e+02
3257	1.111976e+02
3258	1.113161e+02
3259	1.113680e+02
3260	1.114307e+02
3261	1.114957e+02
3262	1.115539e+02
3263	1.115587e+02
3264	1.116416e+02
3265	1.117203e+02
3266	1.118840e+02
3267	1.120983e+02
3268	1.123659e+02
3269	1.127425e+02
3270	1.131134e+02
3271	1.134971e+02
3272	1.138848e+02
3273	1.142469e+02
3274	1.146254e+02
3275	1.150173e+02
3276	1.152934e+02
3277	1.156262e+02
3278	1.158533e+02
3279	1.161590e+02
3280	1.163529e+02
3281	1.166740e+02
3282	1.169747e+02
3283	1.172619e+02
3284	1.175386e+02
3285	1.177457e+02
3286	1.179497e+02
3287	1.180915e+02
3288	1.182582e+02
3289	1.184939e+02
3290	1.187036e+02
3291	1.188182e+02
3292	1.188457e+02
3293	1.188422e+02
3294	1.187806e+02
3295	1.186729e+02
3296	1.185445e+02
3297	1.183214e+02
3298	1.181157e+02
3299	1.178814e+02
3300	1.176903e+02
3301	1.174674e+02
3302	1.172907e+02
3303	1.171047e+02
3304	1.170332e+02
3305	1.168768e+02
3306	1.167069e+02
3307	1.164990e+02
3308	1.162667e+02
3309	1.159376e+02
3310	1.156332e+02
3311	1.153496e+02
3312	1.152137e+02
3313	1.150173e+02
3314	1.148516e+02
3315	1.146956e+02
3316	1.145092e+02
3317	1.143815e+02
3318	1.141326e+02
3319	1.138761e+02
3320	1.136040e+02
3321	1.132318e+02
3322	1.128922e+02
3323	1.124911e+02
3324	1.121935e+02
3325	1.118914e+02
3326	1.116376e+02
3327	1.114053e+02
3328	1.112502e+02
3329	1.111268e+02
3330	1.109920e+02
3331	1.109126e+02
3332	1.109091e+02
3333	1.109042e+02
3334	1.108427e+02
3335	1.108342e+02
3336	1.108440e+02
3337	1.108907e+02
3338	1.109558e+02
3339	1.110617e+02
3340	1.112126e+02
3341	1.113584e+02
3342	1.116161e+02
3343	1.119520e+02
3344	1.122097e+02
3345	1.124823e+02
3346	1.126786e+02
3347	1.129615e+02
3348	1.132720e+02
3349	1.136085e+02
3350	1.141112e+02
3351	1.145682e+02
3352	1.148906e+02
3353	1.152912e+02
3354	1.156588e+02
3355	1.160205e+02
3356	1.164348e+02
3357	1.167707e+02
3358	1.169708e+02
3359	1.170793e+02
3360	1.171684e+02
3361	1.172525e+02
3362	1.172946e+02
3363	1.172654e+02
3364	1.171409e+02
3365	1.169849e+02
3366	1.167591e+02
3367	1.164962e+02
3368	1.162329e+02
3369	1.159772e+02
3370	1.157488e+02
3371	1.155214e+02
3372	1.152179e+02
3373	1.149394e+02
3374	1.146827e+02
3375	1.144142e+02
3376	1.141511e+02
3377	1.138546e+02
3378	1.135947e+02
3379	1.133150e+02
3380	1.130297e+02
3381	1.127691e+02
3382	1.124586e+02
3383	1.122452e+02
3384	1.120524e+02
3385	1.118339e+02
3386	1.115790e+02
3387	1.113917e+02
3388	1.112259e+02
3389	1.109064e+02
3390	1.106120e+02
3391	1.103878e+02
3392	1.101794e+02
3393	1.099521e+02
3394	1.097359e+02
3395	1.095129e+02
3396	1.093041e+02
3397	1.090751e+02
3398	1.087867e+02
3399	1.085082e+02
3400	1.082346e+02
3401	1.079860e+02
3402	1.076826e+02
3403	1.074369e+02
3404	1.071102e+02
3405	1.068899e+02
3406	1.068089e+02
3407	1.067294e+02
3408	1.066492e+02
3409	1.066548e+02
3410	1.067102e+02
3411	1.068400e+02
3412	1.071111e+02
3413	1.074014e+02
3414	1.077419e+02
3415	1.080495e+02
3416	1.084380e+02
3417	1.089520e+02
3418	1.095106e+02
3419	1.100666e+02
3420	1.106178e+02
3421	1.111580e+02
3422	1.115726e+02
3423	1.119624e+02
3424	1.123589e+02
3425	1.127686e+02
3426	1.131298e+02
3427	1.134979e+02
3428	1.138500e+02
3429	1.142504e+02
3430	1.146561e+02
3431	1.149812e+02
3432	1.153302e+02
3433	1.156904e+02
3434	1.160081e+02
3435	1.162786e+02
3436	1.165693e+02
3437	1.168024e+02
3438	1.170015e+02
3439	1.171124e+02
3440	1.173055e+02
3441	1.175463e+02
3442	1.177193e+02
3443	1.178659e+02
3444	1.179415e+02
3445	1.179772e+02
3446	1.180555e+02
3447	1.181686e+02
3448	1.182742e+02
3449	1.182914e+02
3450	1.182031e+02
3451	1.180079e+02
3452	1.176636e+02
3453	1.172396e+02
3454	1.168624e+02
3455	1.164462e+02
3456	1.159929e+02
3457	1.155331e+02
3458	1.151254e+02
3459	1.147296e+02
3460	1.143572e+02
3461	1.139972e+02
3462	1.136159e+02
3463	1.132144e+02
3464	1.129095e+02
3465	1.125624e+02
3466	1.122996e+02
3467	1.120100e+02
3468	1.117684e+02
3469	1.115058e+02
3470	1.112974e+02
3471	1.110858e+02
3472	1.108470e+02
3473	1.107774e+02
3474	1.106604e+02
3475	1.106382e+02
3476	1.106794e+02
3477	1.107758e+02
3478	1.108333e+02
3479	1.109042e+02
3480	1.109356e+02
3481	1.109686e+02
3482	1.110346e+02
3483	1.111336e+02
3484	1.113763e+02
3485	1.116956e+02
3486	1.120428e+02
3487	1.123269e+02
3488	1.125193e+02
3489	1.127086e+02
3490	1.128018e+02
3491	1.129644e+02
3492	1.131314e+02
3493	1.132679e+02
3494	1.133386e+02
3495	1.133899e+02
3496	1.134511e+02
3497	1.134340e+02
3498	1.133832e+02
3499	1.134140e+02
3500	1.135043e+02
3501	1.135225e+02
3502	1.135794e+02
3503	1.136052e+02
3504	1.137199e+02
3505	1.138048e+02
3506	1.138536e+02
3507	1.138481e+02
3508	1.137634e+02
3509	1.135929e+02
3510	1.134849e+02
3511	1.134321e+02
3512	1.133165e+02
3513	1.131699e+02
3514	1.130017e+02
3515	1.127922e+02
3516	1.126468e+02
3517	1.124576e+02
3518	1.122092e+02
3519	1.120061e+02
3520	1.117505e+02
3521	1.114886e+02
3522	1.113075e+02
3523	1.111672e+02
3524	1.110294e+02
3525	1.108379e+02
3526	1.106842e+02
3527	1.105896e+02
3528	1.104544e+02
3529	1.103876e+02
3530	1.102520e+02
3531	1.101063e+02
3532	1.100370e+02
3533	1.099757e+02
3534	1.100023e+02
3535	1.100174e+02
3536	1.099863e+02
3537	1.100440e+02
3538	1.100795e+02
3539	1.102178e+02
3540	1.102877e+02
3541	1.103983e+02
3542	1.104710e+02
3543	1.105539e+02
3544	1.106455e+02
3545	1.107235e+02
3546	1.108019e+02
3547	1.108388e+02
3548	1.109006e+02
3549	1.109422e+02
3550	1.109980e+02
3551	1.111337e+02
3552	1.112180e+02
3553	1.113041e+02
3554	1.115191e+02
3555	1.118130e+02
3556	1.121348e+02
3557	1.125063e+02
3558	1.129095e+02
3559	1.132585e+02
3560	1.136098e+02
3561	1.139880e+02
3562	1.144385e+02
3563	1.147845e+02
3564	1.151423e+02
3565	1.154773e+02
3566	1.158342e+02
3567	1.161625e+02
3568	1.164484e+02
3569	1.166808e+02
3570	1.168112e+02
3571	1.169243e+02
3572	1.170770e+02
3573	1.171370e+02
3574	1.171886e+02
3575	1.172306e+02
3576	1.172465e+02
3577	1.172178e+02
3578	1.170750e+02
3579	1.169214e+02
3580	1.167507e+02
3581	1.165547e+02
3582	1.162395e+02
3583	1.159034e+02
3584	1.155282e+02
3585	1.150652e+02
3586	1.145602e+02
3587	1.141141e+02
3588	1.136094e+02
3589	1.131603e+02
3590	1.127713e+02
3591	1.124975e+02
3592	1.122756e+02
3593	1.120755e+02
3594	1.119514e+02
3595	1.118571e+02
3596	1.117841e+02
3597	1.116924e+02
3598	1.116386e+02
3599	1.115668e+02
3600	1.115014e+02
3601	1.115068e+02
3602	1.114944e+02
3603	1.114503e+02
3604	1.113182e+02
3605	1.111163e+02
3606	1.108664e+02
3607	1.105254e+02
3608	1.100867e+02
3609	1.097815e+02
3610	1.094459e+02
3611	1.091475e+02
3612	1.088801e+02
3613	1.087005e+02
3614	1.084761e+02
3615	1.083101e+02
3616	1.081897e+02
3617	1.080560e+02
3618	1.079455e+02
3619	1.079718e+02
3620	1.080257e+02
3621	1.081296e+02
3622	1.082678e+02
3623	1.084348e+02
3624	1.086284e+02
3625	1.088045e+02
3626	1.090783e+02
3627	1.093913e+02
3628	1.098226e+02
3629	1.103420e+02
3630	1.108456e+02
3631	1.113944e+02
3632	1.119573e+02
3633	1.125169e+02
3634	1.130368e+02
3635	1.135675e+02
3636	1.141096e+02
3637	1.146449e+02
3638	1.150911e+02
3639	1.155654e+02
3640	1.160638e+02
3641	1.165106e+02
3642	1.168492e+02
3643	1.171509e+02
3644	1.174253e+02
3645	1.176100e+02
3646	1.177820e+02
3647	1.179035e+02
3648	1.179920e+02
3649	1.181354e+02
3650	1.182366e+02
3651	1.182893e+02
3652	1.183332e+02
3653	1.182789e+02
3654	1.182287e+02
3655	1.180929e+02
3656	1.179364e+02
3657	1.177720e+02
3658	1.175484e+02
3659	1.173323e+02
3660	1.171419e+02
3661	1.168635e+02
3662	1.165282e+02
3663	1.160755e+02
3664	1.157018e+02
3665	1.152967e+02
3666	1.149222e+02
3667	1.145872e+02
3668	1.142701e+02
3669	1.139561e+02
3670	1.136375e+02
3671	1.132969e+02
3672	1.129752e+02
3673	1.126525e+02
3674	1.122934e+02
3675	1.119705e+02
3676	1.116922e+02
3677	1.113986e+02
3678	1.111201e+02
3679	1.108140e+02
3680	1.105204e+02
3681	1.102567e+02
3682	1.100040e+02
3683	1.097844e+02
3684	1.095938e+02
3685	1.094339e+02
3686	1.092967e+02
3687	1.091225e+02
3688	1.089925e+02
3689	1.088604e+02
3690	1.087723e+02
3691	1.087540e+02
3692	1.086958e+02
3693	1.086455e+02
3694	1.086054e+02
3695	1.085922e+02
3696	1.086204e+02
3697	1.086370e+02
3698	1.086945e+02
3699	1.086613e+02
3700	1.086405e+02
3701	1.086422e+02
3702	1.085893e+02
3703	1.085481e+02
3704	1.085578e+02
3705	1.086620e+02
3706	1.087324e+02
3707	1.088384e+02
3708	1.089331e+02
3709	1.091307e+02
3710	1.093576e+02
3711	1.095218e+02
3712	1.096707e+02
3713	1.098772e+02
3714	1.101512e+02
3715	1.103814e+02
3716	1.107024e+02
3717	1.110359e+02
3718	1.113194e+02
3719	1.116519e+02
3720	1.120090e+02
3721	1.122647e+02
3722	1.124869e+02
3723	1.127998e+02
3724	1.130579e+02
3725	1.134014e+02
3726	1.137878e+02
3727	1.141760e+02
3728	1.146206e+02
3729	1.150190e+02
3730	1.154634e+02
3731	1.158981e+02
3732	1.163067e+02
3733	1.167376e+02
3734	1.171612e+02
3735	1.176054e+02
3736	1.179631e+02
3737	1.182994e+02
3738	1.185940e+02
3739	1.189778e+02
3740	1.194111e+02
3741	1.198100e+02
3742	1.201525e+02
3743	1.204953e+02
3744	1.208400e+02
3745	1.211319e+02
3746	1.214129e+02
3747	1.217498e+02
3748	1.220908e+02
3749	1.224537e+02
3750	1.227943e+02
3751	1.230282e+02
3752	1.231172e+02
3753	1.230971e+02
3754	1.230714e+02
3755	1.229863e+02
3756	1.228433e+02
3757	1.225623e+02
3758	1.222549e+02
3759	1.219045e+02
3760	1.215404e+02
3761	1.211969e+02
3762	1.208135e+02
3763	1.203842e+02
3764	1.200364e+02
3765	1.195888e+02
3766	1.191196e+02
3767	1.186597e+02
3768	1.181780e+02
3769	1.176836e+02
3770	1.171619e+02
3771	1.166471e+02
3772	1.161535e+02
3773	1.156624e+02
3774	1.151667e+02
3775	1.146508e+02
3776	1.140745e+02
3777	1.135059e+02
3778	1.129355e+02
3779	1.123616e+02
3780	1.117943e+02
3781	1.112683e+02
3782	1.107694e+02
3783	1.103236e+02
3784	1.098733e+02
3785	1.094876e+02
3786	1.092158e+02
3787	1.088816e+02
3788	1.086396e+02
3789	1.084193e+02
3790	1.082156e+02
3791	1.080825e+02
3792	1.080089e+02
3793	1.080231e+02
3794	1.080998e+02
3795	1.081791e+02
3796	1.082682e+02
3797	1.084059e+02
3798	1.085239e+02
3799	1.088004e+02
3800	1.091189e+02
3801	1.095049e+02
3802	1.099134e+02
3803	1.104004e+02
3804	1.109122e+02
3805	1.114128e+02
3806	1.119559e+02
3807	1.124622e+02
3808	1.130086e+02
3809	1.135597e+02
3810	1.141322e+02
3811	1.147521e+02
3812	1.153478e+02
3813	1.159109e+02
3814	1.165361e+02
3815	1.171933e+02
3816	1.177782e+02
3817	1.184109e+02
3818	1.190189e+02
3819	1.196482e+02
3820	1.202133e+02
3821	1.208018e+02
3822	1.213941e+02
3823	1.219538e+02
3824	1.225382e+02
3825	1.230476e+02
3826	1.235243e+02
3827	1.240099e+02
3828	1.244900e+02
3829	1.250508e+02
3830	1.255447e+02
3831	1.260465e+02
3832	1.266033e+02
3833	1.271598e+02
3834	1.277015e+02
3835	1.282749e+02
3836	1.288013e+02
3837	1.292929e+02
3838	1.296731e+02
3839	1.299710e+02
3840	1.302913e+02
3841	1.305772e+02
3842	1.308216e+02
3843	1.310055e+02
3844	1.311182e+02
3845	1.311759e+02
3846	1.312086e+02
3847	1.311585e+02
3848	1.309577e+02
3849	1.307989e+02
3850	1.305697e+02
3851	1.303486e+02
3852	1.300496e+02
3853	1.297085e+02
3854	1.292894e+02
3855	1.288007e+02
3856	1.282355e+02
3857	1.277041e+02
3858	1.272294e+02
3859	1.267535e+02
3860	1.262146e+02
3861	1.256203e+02
3862	1.249660e+02
3863	1.243019e+02
3864	1.235389e+02
3865	1.227827e+02
3866	1.219852e+02
3867	1.211679e+02
3868	1.203414e+02
3869	1.195123e+02
3870	1.187230e+02
3871	1.180580e+02
3872	1.173606e+02
3873	1.167252e+02
3874	1.161504e+02
3875	1.156113e+02
3876	1.151654e+02
3877	1.147636e+02
3878	1.143473e+02
3879	1.140739e+02
3880	1.137995e+02
3881	1.134056e+02
3882	1.130115e+02
3883	1.126669e+02
3884	1.123675e+02
3885	1.121167e+02
3886	1.118845e+02
3887	1.118228e+02
3888	1.118068e+02
3889	1.118179e+02
3890	1.119698e+02
3891	1.122520e+02
3892	1.125312e+02
3893	1.127872e+02
3894	1.131150e+02
3895	1.134358e+02
3896	1.137797e+02
3897	1.140755e+02
3898	1.144089e+02
3899	1.147596e+02
3900	1.152178e+02
3901	1.156716e+02
3902	1.160926e+02
3903	1.164694e+02
3904	1.168277e+02
3905	1.171479e+02
3906	1.173438e+02
3907	1.175685e+02
3908	1.177249e+02
3909	1.179390e+02
3910	1.181885e+02
3911	1.184157e+02
3912	1.185400e+02
3913	1.185700e+02
3914	1.185696e+02
3915	1.186161e+02
3916	1.186915e+02
3917	1.188072e+02
3918	1.188469e+02
3919	1.188442e+02
3920	1.187742e+02
3921	1.186130e+02
3922	1.184054e+02
3923	1.182329e+02
3924	1.180568e+02
3925	1.179095e+02
3926	1.177270e+02
3927	1.174675e+02
3928	1.172155e+02
3929	1.170435e+02
3930	1.169036e+02
3931	1.167998e+02
3932	1.167018e+02
3933	1.166102e+02
3934	1.165804e+02
3935	1.164755e+02
3936	1.164033e+02
3937	1.164704e+02
3938	1.165464e+02
3939	1.167031e+02
3940	1.168786e+02
3941	1.170747e+02
3942	1.172582e+02
3943	1.174963e+02
3944	1.177048e+02
3945	1.179355e+02
3946	1.182123e+02
3947	1.185092e+02
3948	1.187721e+02
3949	1.189700e+02
3950	1.191641e+02
3951	1.193411e+02
3952	1.195172e+02
3953	1.197887e+02
3954	1.200335e+02
3955	1.203479e+02
3956	1.206635e+02
3957	1.209767e+02
3958	1.213712e+02
3959	1.218293e+02
3960	1.222800e+02
3961	1.227249e+02
3962	1.231829e+02
3963	1.236143e+02
3964	1.240987e+02
3965	1.244924e+02
3966	1.247910e+02
3967	1.249805e+02
3968	1.251682e+02
3969	1.254328e+02
3970	1.255787e+02
3971	1.257892e+02
3972	1.259603e+02
3973	1.261988e+02
3974	1.264132e+02
3975	1.265981e+02
3976	1.267689e+02
3977	1.269541e+02
3978	1.270539e+02
3979	1.271127e+02
3980	1.271173e+02
3981	1.271088e+02
3982	1.270987e+02
3983	1.269450e+02
3984	1.268352e+02
3985	1.267600e+02
3986	1.266145e+02
3987	1.264616e+02
3988	1.263487e+02
3989	1.261815e+02
3990	1.259810e+02
3991	1.257683e+02
3992	1.255983e+02
3993	1.254598e+02
3994	1.252202e+02
3995	1.248977e+02
3996	1.245269e+02
3997	1.240966e+02
3998	1.236590e+02
3999	1.231573e+02
4000	1.226200e+02
4001	1.220437e+02
4002	1.214932e+02
4003	1.210175e+02
4004	1.204931e+02
4005	1.200121e+02
4006	1.195612e+02
4007	1.190569e+02
4008	1.186489e+02
4009	1.183241e+02
4010	1.179386e+02
4011	1.176505e+02
4012	1.173323e+02
4013	1.170749e+02
4014	1.168185e+02
4015	1.166612e+02
4016	1.165661e+02
4017	1.165479e+02
4018	1.165758e+02
4019	1.166022e+02
4020	1.166537e+02
4021	1.167769e+02
4022	1.168159e+02
4023	1.168976e+02
4024	1.169477e+02
4025	1.170716e+02
4026	1.171333e+02
4027	1.171781e+02
4028	1.172843e+02
4029	1.174417e+02
4030	1.176437e+02
4031	1.178924e+02
4032	1.182353e+02
4033	1.184803e+02
4034	1.186303e+02
4035	1.187763e+02
4036	1.188472e+02
4037	1.189389e+02
4038	1.188956e+02
4039	1.189077e+02
4040	1.188759e+02
4041	1.189255e+02
4042	1.190199e+02
4043	1.191639e+02
4044	1.193316e+02
4045	1.194524e+02
4046	1.196015e+02
4047	1.197128e+02
4048	1.198172e+02
4049	1.198316e+02
4050	1.198410e+02
4051	1.199255e+02
4052	1.200683e+02
4053	1.202120e+02
4054	1.203665e+02
4055	1.205461e+02
4056	1.207063e+02
4057	1.208268e+02
4058	1.208852e+02
4059	1.209814e+02
4060	1.210806e+02
4061	1.212464e+02
4062	1.214699e+02
4063	1.216351e+02
4064	1.217385e+02
4065	1.218485e+02
4066	1.218867e+02
4067	1.218678e+02
4068	1.219266e+02
4069	1.219662e+02
4070	1.220042e+02
4071	1.219772e+02
4072	1.220572e+02
4073	1.221341e+02
4074	1.222093e+02
4075	1.222815e+02
4076	1.223507e+02
4077	1.223536e+02
4078	1.223273e+02
4079	1.223369e+02
4080	1.222634e+02
4081	1.220065e+02
4082	1.218269e+02
4083	1.216114e+02
4084	1.213017e+02
4085	1.210571e+02
4086	1.208163e+02
4087	1.205680e+02
4088	1.203244e+02
4089	1.200786e+02
4090	1.198679e+02
4091	1.196385e+02
4092	1.193879e+02
4093	1.192005e+02
4094	1.190638e+02
4095	1.190725e+02
4096	1.191192e+02
4097	1.191355e+02
4098	1.191373e+02
4099	1.191163e+02
4100	1.191572e+02
4101	1.192412e+02
4102	1.192859e+02
4103	1.192838e+02
4104	1.193604e+02
4105	1.194262e+02
4106	1.194858e+02
4107	1.194971e+02
4108	1.194882e+02
4109	1.195211e+02
4110	1.195226e+02
4111	1.195405e+02
4112	1.195316e+02
4113	1.195598e+02
4114	1.196072e+02
4115	1.197121e+02
4116	1.197780e+02
4117	1.198229e+02
4118	1.198174e+02
4119	1.197276e+02
4120	1.195924e+02
4121	1.194101e+02
4122	1.192527e+02
4123	1.190463e+02
4124	1.188818e+02
4125	1.187568e+02
4126	1.185830e+02
4127	1.184256e+02
4128	1.181265e+02
4129	1.178427e+02
4130	1.175732e+02
4131	1.174058e+02
4132	1.172284e+02
4133	1.168970e+02
4134	1.165142e+02
4135	1.161509e+02
4136	1.158445e+02
4137	1.154810e+02
4138	1.151279e+02
4139	1.148689e+02
4140	1.147210e+02
4141	1.146598e+02
4142	1.146509e+02
4143	1.147193e+02
4144	1.148120e+02
4145	1.149976e+02
4146	1.152944e+02
4147	1.156480e+02
4148	1.160270e+02
4149	1.163934e+02
4150	1.166682e+02
4151	1.169135e+02
4152	1.172124e+02
4153	1.174913e+02
4154	1.177606e+02
4155	1.180861e+02
4156	1.183907e+02
4157	1.187213e+02
4158	1.190320e+02
4159	1.193613e+02
4160	1.196223e+02
4161	1.198920e+02
4162	1.201496e+02
4163	1.204731e+02
4164	1.208305e+02
4165	1.211523e+02
4166	1.214166e+02
4167	1.216749e+02
4168	1.219698e+02
4169	1.221843e+02
4170	1.223169e+02
4171	1.224451e+02
4172	1.226114e+02
4173	1.227144e+02
4174	1.227885e+02
4175	1.228802e+02
4176	1.228949e+02
4177	1.228876e+02
4178	1.229278e+02
4179	1.229825e+02
4180	1.230531e+02
4181	1.230443e+02
4182	1.229649e+02
4183	1.228563e+02
4184	1.227617e+02
4185	1.226102e+02
4186	1.222871e+02
4187	1.218995e+02
4188	1.215221e+02
4189	1.211345e+02
4190	1.207987e+02
4191	1.204302e+02
4192	1.200785e+02
4193	1.196380e+02
4194	1.191616e+02
4195	1.186948e+02
4196	1.181709e+02
4197	1.176110e+02
4198	1.169890e+02
4199	1.163553e+02
4200	1.156803e+02
4201	1.149734e+02
4202	1.142208e+02
4203	1.135026e+02
4204	1.127145e+02
4205	1.119365e+02
4206	1.112159e+02
4207	1.105888e+02
4208	1.099797e+02
4209	1.093235e+02
4210	1.086123e+02
4211	1.079948e+02
4212	1.074314e+02
4213	1.068822e+02
4214	1.063778e+02
4215	1.059801e+02
4216	1.055426e+02
4217	1.053313e+02
4218	1.051434e+02
4219	1.051197e+02
4220	1.051339e+02
4221	1.051424e+02
4222	1.052953e+02
4223	1.055213e+02
4224	1.057676e+02
4225	1.060725e+02
4226	1.064340e+02
4227	1.069079e+02
4228	1.074746e+02
4229	1.080571e+02
4230	1.086680e+02
4231	1.092522e+02
4232	1.098889e+02
4233	1.106397e+02
4234	1.114251e+02
4235	1.122661e+02
4236	1.132061e+02
4237	1.142089e+02
4238	1.151990e+02
4239	1.161717e+02
4240	1.171929e+02
4241	1.181370e+02
4242	1.190280e+02
4243	1.198551e+02
4244	1.205612e+02
4245	1.212143e+02
4246	1.218326e+02
4247	1.223304e+02
4248	1.227808e+02
4249	1.231632e+02
4250	1.234763e+02
4251	1.237666e+02
4252	1.241012e+02
4253	1.244374e+02
4254	1.247079e+02
4255	1.248990e+02
4256	1.249797e+02
4257	1.250240e+02
4258	1.249860e+02
4259	1.248883e+02
4260	1.246564e+02
4261	1.243867e+02
4262	1.241109e+02
4263	1.238077e+02
4264	1.234949e+02
4265	1.231901e+02
4266	1.229677e+02
4267	1.227204e+02
4268	1.224756e+02
4269	1.221715e+02
4270	1.218717e+02
4271	1.216351e+02
4272	1.214028e+02
4273	1.212078e+02
4274	1.209986e+02
4275	1.208603e+02
4276	1.207304e+02
4277	1.205744e+02
4278	1.203712e+02
4279	1.202037e+02
4280	1.201135e+02
4281	1.199861e+02
4282	1.198517e+02
4283	1.198315e+02
4284	1.199099e+02
4285	1.199102e+02
4286	1.199238e+02
4287	1.198645e+02
4288	1.197491e+02
4289	1.195286e+02
4290	1.193601e+02
4291	1.191718e+02
4292	1.190016e+02
4293	1.188411e+02
4294	1.186024e+02
4295	1.183106e+02
4296	1.180649e+02
4297	1.177891e+02
4298	1.174079e+02
4299	1.170183e+02
4300	1.165856e+02
4301	1.160889e+02
4302	1.155632e+02
4303	1.150576e+02
4304	1.145706e+02
4305	1.142136e+02
4306	1.139225e+02
4307	1.137351e+02
4308	1.135676e+02
4309	1.133796e+02
4310	1.132482e+02
4311	1.131699e+02
4312	1.131914e+02
4313	1.131893e+02
4314	1.131941e+02
4315	1.132318e+02
4316	1.133437e+02
4317	1.134474e+02
4318	1.136491e+02
4319	1.138251e+02
4320	1.140773e+02
4321	1.143681e+02
4322	1.145960e+02
4323	1.147927e+02
4324	1.149223e+02
4325	1.151493e+02
4326	1.154454e+02
4327	1.157656e+02
4328	1.161319e+02
4329	1.164862e+02
4330	1.169932e+02
4331	1.175572e+02
4332	1.180855e+02
4333	1.186221e+02
4334	1.192277e+02
4335	1.197951e+02
4336	1.202991e+02
4337	1.207364e+02
4338	1.211927e+02
4339	1.215947e+02
4340	1.218984e+02
4341	1.221905e+02
4342	1.224877e+02
4343	1.228760e+02
4344	1.232589e+02
4345	1.237172e+02
4346	1.239915e+02
4347	1.242017e+02
4348	1.243705e+02
4349	1.244130e+02
4350	1.243145e+02
4351	1.241856e+02
4352	1.240325e+02
4353	1.238958e+02
4354	1.236848e+02
4355	1.235422e+02
4356	1.233278e+02
4357	1.231048e+02
4358	1.228578e+02
4359	1.225899e+02
4360	1.222798e+02
4361	1.220261e+02
4362	1.217198e+02
4363	1.214062e+02
4364	1.210891e+02
4365	1.206926e+02
4366	1.202676e+02
4367	1.198026e+02
4368	1.192944e+02
4369	1.187746e+02
4370	1.182127e+02
4371	1.176573e+02
4372	1.170972e+02
4373	1.164704e+02
4374	1.158858e+02
4375	1.153121e+02
4376	1.147500e+02
4377	1.142728e+02
4378	1.138138e+02
4379	1.133931e+02
4380	1.130435e+02
4381	1.127503e+02
4382	1.125038e+02
4383	1.122481e+02
4384	1.118556e+02
4385	1.114865e+02
4386	1.111618e+02
4387	1.108328e+02
4388	1.104968e+02
4389	1.101971e+02
4390	1.099174e+02
4391	1.096207e+02
4392	1.093164e+02
4393	1.090060e+02
4394	1.088294e+02
4395	1.087152e+02
4396	1.087314e+02
4397	1.088397e+02
4398	1.090342e+02
4399	1.092236e+02
4400	1.094675e+02
4401	1.098089e+02
4402	1.101301e+02
4403	1.104899e+02
4404	1.108636e+02
4405	1.113029e+02
4406	1.116814e+02
4407	1.121649e+02
4408	1.126106e+02
4409	1.130076e+02
4410	1.134647e+02
4411	1.139117e+02
4412	1.143433e+02
4413	1.147484e+02
4414	1.152301e+02
4415	1.157259e+02
4416	1.162338e+02
4417	1.167473e+02
4418	1.172440e+02
4419	1.177567e+02
4420	1.183508e+02
4421	1.189928e+02
4422	1.196329e+02
4423	1.201662e+02
4424	1.206440e+02
4425	1.210599e+02
4426	1.214204e+02
4427	1.217882e+02
4428	1.221787e+02
4429	1.224484e+02
4430	1.226492e+02
4431	1.228459e+02
4432	1.230735e+02
4433	1.232450e+02
4434	1.232810e+02
4435	1.232100e+02
4436	1.230254e+02
4437	1.227328e+02
4438	1.224847e+02
4439	1.221990e+02
4440	1.218045e+02
4441	1.214322e+02
4442	1.210826e+02
4443	1.207195e+02
4444	1.203489e+02
4445	1.199181e+02
4446	1.194819e+02
4447	1.189401e+02
4448	1.183519e+02
4449	1.177491e+02
4450	1.171017e+02
4451	1.163931e+02
4452	1.157613e+02
4453	1.151358e+02
4454	1.145127e+02
4455	1.139625e+02
4456	1.134523e+02
4457	1.129240e+02
4458	1.125103e+02
4459	1.120590e+02
4460	1.115319e+02
4461	1.110589e+02
4462	1.106687e+02
4463	1.103089e+02
4464	1.099862e+02
4465	1.096874e+02
4466	1.093810e+02
4467	1.091686e+02
4468	1.089449e+02
4469	1.087570e+02
4470	1.086350e+02
4471	1.086072e+02
4472	1.085519e+02
4473	1.084341e+02
4474	1.084503e+02
4475	1.085231e+02
4476	1.086434e+02
4477	1.087575e+02
4478	1.089392e+02
4479	1.091459e+02
4480	1.093457e+02
4481	1.095740e+02
4482	1.098887e+02
4483	1.102534e+02
4484	1.106445e+02
4485	1.111251e+02
4486	1.117086e+02
4487	1.122537e+02
4488	1.127842e+02
4489	1.134398e+02
4490	1.140749e+02
4491	1.147357e+02
4492	1.154167e+02
4493	1.160545e+02
4494	1.167589e+02
4495	1.173620e+02
4496	1.179756e+02
4497	1.185705e+02
4498	1.190946e+02
4499	1.196001e+02
4500	1.201268e+02
4501	1.205821e+02
4502	1.210361e+02
4503	1.213976e+02
4504	1.217508e+02
4505	1.220128e+02
4506	1.223801e+02
4507	1.227999e+02
4508	1.230675e+02
4509	1.232477e+02
4510	1.234160e+02
4511	1.235990e+02
4512	1.236474e+02
4513	1.236819e+02
4514	1.236944e+02
4515	1.236714e+02
4516	1.236319e+02
4517	1.234640e+02
4518	1.233230e+02
4519	1.232102e+02
4520	1.230940e+02
4521	1.229029e+02
4522	1.226421e+02
4523	1.223975e+02
4524	1.221330e+02
4525	1.217955e+02
4526	1.214572e+02
4527	1.210744e+02
4528	1.205958e+02
4529	1.200472e+02
4530	1.195957e+02
4531	1.191323e+02
4532	1.186600e+02
4533	1.181856e+02
4534	1.177336e+02
4535	1.172487e+02
4536	1.167691e+02
4537	1.162971e+02
4538	1.158562e+02
4539	1.154276e+02
4540	1.151797e+02
4541	1.149730e+02
4542	1.148102e+02
4543	1.147768e+02
4544	1.147692e+02
4545	1.148066e+02
4546	1.149467e+02
4547	1.150342e+02
4548	1.151633e+02
4549	1.153564e+02
4550	1.155260e+02
4551	1.157114e+02
4552	1.159907e+02
4553	1.162311e+02
4554	1.165217e+02
4555	1.169035e+02
4556	1.173365e+02
4557	1.177472e+02
4558	1.181886e+02
4559	1.186307e+02
4560	1.191214e+02
4561	1.195884e+02
4562	1.200051e+02
4563	1.202891e+02
4564	1.205324e+02
4565	1.207486e+02
4566	1.209165e+02
4567	1.210693e+02
4568	1.211313e+02
4569	1.212020e+02
4570	1.212766e+02
4571	1.213357e+02
4572	1.214012e+02
4573	1.214115e+02
4574	1.214096e+02
4575	1.213541e+02
4576	1.212099e+02
4577	1.210558e+02
4578	1.209025e+02
4579	1.208007e+02
4580	1.207241e+02
4581	1.206136e+02
4582	1.203884e+02
4583	1.200466e+02
4584	1.197251e+02
4585	1.194148e+02
4586	1.190297e+02
4587	1.186603e+02
4588	1.184089e+02
4589	1.181590e+02
4590	1.179519e+02
4591	1.177689e+02
4592	1.175188e+02
4593	1.173045e+02
4594	1.170066e+02
4595	1.167374e+02
4596	1.163937e+02
4597	1.160996e+02
4598	1.158784e+02
4599	1.157246e+02
4600	1.155663e+02
4601	1.153184e+02
4602	1.151137e+02
4603	1.148849e+02
4604	1.146761e+02
4605	1.145416e+02
4606	1.144224e+02
4607	1.142745e+02
4608	1.141366e+02
4609	1.140606e+02
4610	1.140312e+02
4611	1.139968e+02
4612	1.140361e+02
4613	1.140214e+02
4614	1.140677e+02
4615	1.141983e+02
4616	1.143630e+02
4617	1.146154e+02
4618	1.148604e+02
4619	1.151646e+02
4620	1.154756e+02
4621	1.157779e+02
4622	1.160358e+02
4623	1.163759e+02
4624	1.166472e+02
4625	1.169667e+02
4626	1.172363e+02
4627	1.174251e+02
4628	1.176077e+02
4629	1.177447e+02
4630	1.178462e+02
4631	1.179146e+02
4632	1.179727e+02
4633	1.180514e+02
4634	1.180957e+02
4635	1.180809e+02
4636	1.181108e+02
4637	1.181643e+02
4638	1.181682e+02
4639	1.180763e+02
4640	1.180946e+02
4641	1.182413e+02
4642	1.183118e+02
4643	1.183407e+02
4644	1.183539e+02
4645	1.183010e+02
4646	1.182547e+02
4647	1.181215e+02
4648	1.179838e+02
4649	1.178027e+02
4650	1.175917e+02
4651	1.173286e+02
4652	1.171136e+02
4653	1.168194e+02
4654	1.164767e+02
4655	1.162323e+02
4656	1.160389e+02
4657	1.157864e+02
4658	1.155719e+02
4659	1.153526e+02
4660	1.151069e+02
4661	1.149200e+02
4662	1.146941e+02
4663	1.144403e+02
4664	1.142350e+02
4665	1.140878e+02
4666	1.139804e+02
4667	1.138624e+02
4668	1.137677e+02
4669	1.136087e+02
4670	1.134782e+02
4671	1.134222e+02
4672	1.134031e+02
4673	1.133176e+02
4674	1.132308e+02
4675	1.131344e+02
4676	1.130888e+02
4677	1.130974e+02
4678	1.131141e+02
4679	1.131729e+02
4680	1.131769e+02
4681	1.132590e+02
4682	1.133418e+02
4683	1.135007e+02
4684	1.135858e+02
4685	1.136601e+02
4686	1.136717e+02
4687	1.136726e+02
4688	1.136333e+02
4689	1.135663e+02
4690	1.135067e+02
4691	1.135386e+02
4692	1.136736e+02
4693	1.137995e+02
4694	1.139646e+02
4695	1.141066e+02
4696	1.142576e+02
4697	1.143863e+02
4698	1.144227e+02
4699	1.144677e+02
4700	1.145403e+02
4701	1.145729e+02
4702	1.145759e+02
4703	1.145625e+02
4704	1.144649e+02
4705	1.143724e+02
4706	1.142430e+02
4707	1.140987e+02
4708	1.139696e+02
4709	1.137733e+02
4710	1.135473e+02
4711	1.132775e+02
4712	1.130170e+02
4713	1.128263e+02
4714	1.126385e+02
4715	1.123885e+02
4716	1.122099e+02
4717	1.119934e+02
4718	1.117272e+02
4719	1.115284e+02
4720	1.113047e+02
4721	1.111814e+02
4722	1.110746e+02
4723	1.110283e+02
4724	1.110544e+02
4725	1.110679e+02
4726	1.111330e+02
4727	1.112375e+02
4728	1.112944e+02
4729	1.113127e+02
4730	1.112723e+02
4731	1.112852e+02
4732	1.112505e+02
4733	1.112493e+02
4734	1.112267e+02
4735	1.111820e+02
4736	1.111302e+02
4737	1.110990e+02
4738	1.110502e+02
4739	1.110703e+02
4740	1.110850e+02
4741	1.111099e+02
4742	1.111678e+02
4743	1.112356e+02
4744	1.112636e+02
4745	1.112325e+02
4746	1.111571e+02
4747	1.110991e+02
4748	1.110445e+02
4749	1.109872e+02
4750	1.109161e+02
4751	1.109309e+02
4752	1.108844e+02
4753	1.108778e+02
4754	1.108994e+02
4755	1.110231e+02
4756	1.111185e+02
4757	1.111470e+02
4758	1.112045e+02
4759	1.112963e+02
4760	1.113879e+02
4761	1.115286e+02
4762	1.117121e+02
4763	1.118566e+02
4764	1.119451e+02
4765	1.120832e+02
4766	1.122212e+02
4767	1.124411e+02
4768	1.126502e+02
4769	1.128272e+02
4770	1.130112e+02
4771	1.131734e+02
4772	1.133023e+02
4773	1.135002e+02
4774	1.137018e+02
4775	1.139330e+02
4776	1.141006e+02
4777	1.142012e+02
4778	1.143276e+02
4779	1.144629e+02
4780	1.145675e+02
4781	1.146867e+02
4782	1.149016e+02
4783	1.150765e+02
4784	1.151939e+02
4785	1.153247e+02
4786	1.154474e+02
4787	1.155331e+02
4788	1.156412e+02
4789	1.157868e+02
4790	1.159214e+02
4791	1.160579e+02
4792	1.161714e+02
4793	1.162666e+02
4794	1.163625e+02
4795	1.165128e+02
4796	1.167473e+02
4797	1.169258e+02
4798	1.170610e+02
4799	1.172166e+02
4800	1.173846e+02
4801	1.175286e+02
4802	1.176763e+02
4803	1.178212e+02
4804	1.179594e+02
4805	1.181544e+02
4806	1.183925e+02
4807	1.185675e+02
4808	1.186816e+02
4809	1.189302e+02
4810	1.190773e+02
4811	1.192468e+02
4812	1.194746e+02
4813	1.196622e+02
4814	1.198769e+02
4815	1.201094e+02
4816	1.202836e+02
4817	1.204263e+02
4818	1.204749e+02
4819	1.205622e+02
4820	1.206212e+02
4821	1.207308e+02
4822	1.208902e+02
4823	1.210366e+02
4824	1.211057e+02
4825	1.211542e+02
4826	1.211842e+02
4827	1.212445e+02
4828	1.212457e+02
4829	1.212374e+02
4830	1.211661e+02
4831	1.210127e+02
4832	1.208082e+02
4833	1.205811e+02
4834	1.203927e+02
4835	1.201668e+02
4836	1.198908e+02
4837	1.195740e+02
4838	1.192449e+02
4839	1.189648e+02
4840	1.186423e+02
4841	1.182406e+02
4842	1.178116e+02
4843	1.173245e+02
4844	1.168408e+02
4845	1.163937e+02
4846	1.158257e+02
4847	1.152544e+02
4848	1.146143e+02
4849	1.139654e+02
4850	1.133326e+02
4851	1.126862e+02
4852	1.120899e+02
4853	1.115167e+02
4854	1.108884e+02
4855	1.103230e+02
4856	1.098448e+02
4857	1.093993e+02
4858	1.089037e+02
4859	1.084468e+02
4860	1.079833e+02
4861	1.076310e+02
4862	1.073416e+02
4863	1.071281e+02
4864	1.069762e+02
4865	1.067584e+02
4866	1.065878e+02
4867	1.064199e+02
4868	1.063005e+02
4869	1.061749e+02
4870	1.061119e+02
4871	1.061291e+02
4872	1.061181e+02
4873	1.062260e+02
4874	1.064095e+02
4875	1.065648e+02
4876	1.067885e+02
4877	1.070678e+02
4878	1.074814e+02
4879	1.079496e+02
4880	1.085456e+02
4881	1.091922e+02
4882	1.098601e+02
4883	1.105109e+02
4884	1.111580e+02
4885	1.119026e+02
4886	1.126835e+02
4887	1.134893e+02
4888	1.142077e+02
4889	1.148791e+02
4890	1.154459e+02
4891	1.159775e+02
4892	1.163702e+02
4893	1.167843e+02
4894	1.170644e+02
4895	1.173077e+02
4896	1.175468e+02
4897	1.177503e+02
4898	1.178985e+02
4899	1.179788e+02
4900	1.179716e+02
4901	1.179320e+02
4902	1.178206e+02
4903	1.176439e+02
4904	1.175031e+02
4905	1.174078e+02
4906	1.172054e+02
4907	1.170231e+02
4908	1.167688e+02
4909	1.163472e+02
4910	1.158440e+02
4911	1.152951e+02
4912	1.147069e+02
4913	1.142458e+02
4914	1.137686e+02
4915	1.133587e+02
4916	1.128850e+02
4917	1.123400e+02
4918	1.118321e+02
4919	1.113363e+02
4920	1.108933e+02
4921	1.104899e+02
4922	1.101206e+02
4923	1.097660e+02
4924	1.094334e+02
4925	1.091447e+02
4926	1.088093e+02
4927	1.085674e+02
4928	1.083837e+02
4929	1.082481e+02
4930	1.081055e+02
4931	1.080607e+02
4932	1.080396e+02
4933	1.080400e+02
4934	1.081264e+02
4935	1.083510e+02
4936	1.086751e+02
4937	1.089754e+02
4938	1.092435e+02
4939	1.094749e+02
4940	1.097513e+02
4941	1.101439e+02
4942	1.105663e+02
4943	1.109417e+02
4944	1.112336e+02
4945	1.116139e+02
4946	1.119562e+02
4947	1.122239e+02
4948	1.124686e+02
4949	1.127796e+02
4950	1.131329e+02
4951	1.134874e+02
4952	1.137808e+02
4953	1.140417e+02
4954	1.143548e+02
4955	1.146476e+02
4956	1.149123e+02
4957	1.151630e+02
4958	1.154393e+02
4959	1.157502e+02
4960	1.160050e+02
4961	1.162010e+02
4962	1.163019e+02
4963	1.163909e+02
4964	1.164603e+02
4965	1.165967e+02
4966	1.166917e+02
4967	1.166960e+02
4968	1.167330e+02
4969	1.168188e+02
4970	1.169122e+02
4971	1.170153e+02
4972	1.171137e+02
4973	1.172485e+02
4974	1.174507e+02
4975	1.176859e+02
4976	1.179873e+02
4977	1.183168e+02
4978	1.185859e+02
4979	1.187879e+02
4980	1.189834e+02
4981	1.191152e+02
4982	1.191708e+02
4983	1.192641e+02
4984	1.193690e+02
4985	1.194995e+02
4986	1.195295e+02
4987	1.195775e+02
4988	1.196519e+02
4989	1.197393e+02
4990	1.198063e+02
4991	1.198503e+02
4992	1.198721e+02
4993	1.198612e+02
4994	1.198606e+02
4995	1.197967e+02
4996	1.196729e+02
4997	1.195946e+02
4998	1.194041e+02
4999	1.192025e+02
