# Step	Measurement
1	9.731957e-01
2	9.784703e-01
3	9.830503e-01
4	9.849993e-01
5	9.846337e-01
6	9.823198e-01
7	9.796987e-01
8	9.739504e-01
9	9.677404e-01
10	9.626143e-01
11	9.582150e-01
12	9.551545e-01
13	9.533170e-01
14	9.527797e-01
15	9.533672e-01
16	9.549490e-01
17	9.586946e-01
18	9.637190e-01
19	9.696406e-01
20	9.752559e-01
21	9.810547e-01
22	9.861033e-01
23	9.888246e-01
24	9.895861e-01
25	9.893846e-01
26	9.868257e-01
27	9.828036e-01
28	9.768450e-01
29	9.711700e-01
30	9.654418e-01
31	9.604373e-01
32	9.565300e-01
33	9.539707e-01
34	9.530956e-01
35	9.560369e-01
36	9.607005e-01
37	9.647718e-01
38	9.704702e-01
39	9.764992e-01
40	9.803614e-01
41	9.833218e-01
42	9.854520e-01
43	9.858723e-01
44	9.831969e-01
45	9.804515e-01
46	9.769632e-01
47	9.706408e-01
48	9.636846e-01
49	9.576553e-01
50	9.531755e-01
51	9.509997e-01
52	9.508036e-01
53	9.526448e-01
54	9.570758e-01
55	9.625905e-01
56	9.688794e-01
57	9.773763e-01
58	9.858889e-01
59	9.915033e-01
60	9.950516e-01
61	9.964614e-01
62	9.943336e-01
63	9.898900e-01
64	9.824544e-01
65	9.746841e-01
66	9.652005e-01
67	9.554020e-01
68	9.463665e-01
69	9.384020e-01
70	9.340765e-01
71	9.353751e-01
72	9.403468e-01
73	9.492970e-01
74	9.587388e-01
75	9.706484e-01
76	9.835648e-01
77	9.944670e-01
78	1.003355e+00
79	1.008456e+00
80	1.007610e+00
81	1.003575e+00
82	9.966483e-01
83	9.877957e-01
84	9.755251e-01
85	9.631249e-01
86	9.525404e-01
87	9.440919e-01
88	9.389825e-01
89	9.376350e-01
90	9.398138e-01
91	9.469656e-01
92	9.582069e-01
93	9.699781e-01
94	9.821109e-01
95	9.927664e-01
96	1.001240e+00
97	1.006587e+00
98	1.006895e+00
99	1.003598e+00
100	9.975246e-01
101	9.899267e-01
102	9.799859e-01
103	9.719419e-01
104	9.654344e-01
105	9.595726e-01
106	9.558697e-01
107	9.539591e-01
108	9.539902e-01
109	9.568681e-01
110	9.618657e-01
111	9.693062e-01
112	9.758697e-01
113	9.825570e-01
114	9.874320e-01
115	9.912843e-01
116	9.939102e-01
117	9.940902e-01
118	9.903883e-01
119	9.846175e-01
120	9.767186e-01
121	9.692262e-01
122	9.613500e-01
123	9.538023e-01
124	9.489428e-01
125	9.482009e-01
126	9.501706e-01
127	9.554407e-01
128	9.628273e-01
129	9.697110e-01
130	9.761993e-01
131	9.828788e-01
132	9.880095e-01
133	9.909590e-01
134	9.916258e-01
135	9.888226e-01
136	9.837419e-01
137	9.772324e-01
138	9.687372e-01
139	9.605026e-01
140	9.536884e-01
141	9.480714e-01
142	9.452300e-01
143	9.453327e-01
144	9.481025e-01
145	9.541832e-01
146	9.627853e-01
147	9.717810e-01
148	9.811566e-01
149	9.885050e-01
150	9.932065e-01
151	9.942475e-01
152	9.913925e-01
153	9.857092e-01
154	9.782754e-01
155	9.692945e-01
156	9.619773e-01
157	9.560987e-01
158	9.529540e-01
159	9.522631e-01
160	9.539946e-01
161	9.592765e-01
162	9.650382e-01
163	9.710743e-01
164	9.774824e-01
165	9.827240e-01
166	9.867673e-01
167	9.894298e-01
168	9.916752e-01
169	9.916027e-01
170	9.898518e-01
171	9.865756e-01
172	9.826145e-01
173	9.781604e-01
174	9.750169e-01
175	9.724821e-01
176	9.696446e-01
177	9.678780e-01
178	9.680253e-01
179	9.697664e-01
180	9.713876e-01
181	9.742156e-01
182	9.768740e-01
183	9.794925e-01
184	9.807710e-01
185	9.819347e-01
186	9.835696e-01
187	9.848347e-01
188	9.842240e-01
189	9.824838e-01
190	9.781770e-01
191	9.742992e-01
192	9.700952e-01
193	9.668691e-01
194	9.652282e-01
195	9.650174e-01
196	9.658584e-01
197	9.680182e-01
198	9.708129e-01
199	9.748191e-01
200	9.777543e-01
201	9.799899e-01
202	9.805067e-01
203	9.796994e-01
204	9.779801e-01
205	9.749347e-01
206	9.714257e-01
207	9.678401e-01
208	9.640809e-01
209	9.619035e-01
210	9.597026e-01
211	9.565339e-01
212	9.535183e-01
213	9.502845e-01
214	9.494446e-01
215	9.512058e-01
216	9.546324e-01
217	9.593547e-01
218	9.652181e-01
219	9.699528e-01
220	9.728150e-01
221	9.741896e-01
222	9.739707e-01
223	9.727924e-01
224	9.704400e-01
225	9.663787e-01
226	9.622765e-01
227	9.578140e-01
228	9.541640e-01
229	9.512666e-01
230	9.501924e-01
231	9.510061e-01
232	9.525228e-01
233	9.547189e-01
234	9.566415e-01
235	9.601590e-01
236	9.635319e-01
237	9.679643e-01
238	9.701953e-01
239	9.711407e-01
240	9.712967e-01
241	9.715170e-01
242	9.708489e-01
243	9.699275e-01
244	9.658880e-01
245	9.615917e-01
246	9.556136e-01
247	9.511473e-01
248	9.499109e-01
249	9.515342e-01
250	9.566662e-01
251	9.631128e-01
252	9.696586e-01
253	9.759490e-01
254	9.823490e-01
255	9.877317e-01
256	9.907625e-01
257	9.906409e-01
258	9.885826e-01
259	9.843791e-01
260	9.783597e-01
261	9.718209e-01
262	9.666542e-01
263	9.626575e-01
264	9.616045e-01
265	9.630801e-01
266	9.661451e-01
267	9.720669e-01
268	9.781989e-01
269	9.849139e-01
270	9.914588e-01
271	9.957931e-01
272	9.985306e-01
273	9.992050e-01
274	9.982401e-01
275	9.946972e-01
276	9.902855e-01
277	9.850067e-01
278	9.792071e-01
279	9.729121e-01
280	9.665501e-01
281	9.607868e-01
282	9.563296e-01
283	9.560021e-01
284	9.585106e-01
285	9.631909e-01
286	9.707977e-01
287	9.799526e-01
288	9.872023e-01
289	9.914418e-01
290	9.935319e-01
291	9.917462e-01
292	9.872731e-01
293	9.815757e-01
294	9.749501e-01
295	9.677311e-01
296	9.602699e-01
297	9.538685e-01
298	9.488473e-01
299	9.446239e-01
300	9.436296e-01
301	9.464513e-01
302	9.511595e-01
303	9.572237e-01
304	9.642562e-01
305	9.741086e-01
306	9.827370e-01
307	9.885619e-01
308	9.921213e-01
309	9.910383e-01
310	9.856663e-01
311	9.786487e-01
312	9.687136e-01
313	9.580533e-01
314	9.481425e-01
315	9.399941e-01
316	9.348064e-01
317	9.335760e-01
318	9.351338e-01
319	9.394242e-01
320	9.476562e-01
321	9.604048e-01
322	9.741687e-01
323	9.867481e-01
324	9.961298e-01
325	1.001410e+00
326	1.004482e+00
327	1.003361e+00
328	9.984535e-01
329	9.911959e-01
330	9.812128e-01
331	9.700057e-01
332	9.591215e-01
333	9.489049e-01
334	9.433789e-01
335	9.427380e-01
336	9.460121e-01
337	9.526769e-01
338	9.629161e-01
339	9.751019e-01
340	9.865445e-01
341	9.960469e-01
342	1.003138e+00
343	1.007858e+00
344	1.009853e+00
345	1.007692e+00
346	1.002713e+00
347	9.948536e-01
348	9.867588e-01
349	9.781691e-01
350	9.705451e-01
351	9.643262e-01
352	9.590648e-01
353	9.564180e-01
354	9.563491e-01
355	9.590405e-01
356	9.644186e-01
357	9.719939e-01
358	9.804845e-01
359	9.887221e-01
360	9.951186e-01
361	9.978496e-01
362	9.975342e-01
363	9.947921e-01
364	9.894927e-01
365	9.831094e-01
366	9.750391e-01
367	9.655640e-01
368	9.585910e-01
369	9.545663e-01
370	9.535431e-01
371	9.557884e-01
372	9.617238e-01
373	9.691274e-01
374	9.776486e-01
375	9.868068e-01
376	9.941802e-01
377	9.994639e-01
378	1.001251e+00
379	9.994106e-01
380	9.937101e-01
381	9.854112e-01
382	9.761613e-01
383	9.677400e-01
384	9.602295e-01
385	9.537965e-01
386	9.495923e-01
387	9.494464e-01
388	9.522356e-01
389	9.559237e-01
390	9.633996e-01
391	9.733423e-01
392	9.831299e-01
393	9.908015e-01
394	9.959259e-01
395	9.975935e-01
396	9.962806e-01
397	9.926207e-01
398	9.867616e-01
399	9.795386e-01
400	9.718635e-01
401	9.642799e-01
402	9.573305e-01
403	9.516339e-01
404	9.486679e-01
405	9.484444e-01
406	9.530375e-01
407	9.583585e-01
408	9.649185e-01
409	9.733624e-01
410	9.815697e-01
411	9.877932e-01
412	9.907665e-01
413	9.904213e-01
414	9.876028e-01
415	9.817243e-01
416	9.738089e-01
417	9.647544e-01
418	9.542394e-01
419	9.463200e-01
420	9.417409e-01
421	9.414843e-01
422	9.448840e-01
423	9.523235e-01
424	9.629932e-01
425	9.762297e-01
426	9.900575e-01
427	1.001360e+00
428	1.007755e+00
429	1.009252e+00
430	1.006140e+00
431	9.998399e-01
432	9.908055e-01
433	9.800177e-01
434	9.682358e-01
435	9.571057e-01
436	9.478736e-01
437	9.420294e-01
438	9.411215e-01
439	9.440131e-01
440	9.502800e-01
441	9.584677e-01
442	9.672044e-01
443	9.767753e-01
444	9.877078e-01
445	9.948802e-01
446	1.000825e+00
447	1.003635e+00
448	1.002794e+00
449	9.972432e-01
450	9.869000e-01
451	9.736664e-01
452	9.592011e-01
453	9.454772e-01
454	9.369878e-01
455	9.345611e-01
456	9.379739e-01
457	9.448474e-01
458	9.556692e-01
459	9.692628e-01
460	9.832375e-01
461	9.963861e-01
462	1.006786e+00
463	1.011962e+00
464	1.011674e+00
465	1.005811e+00
466	9.967986e-01
467	9.836796e-01
468	9.683525e-01
469	9.534165e-01
470	9.413666e-01
471	9.354460e-01
472	9.346944e-01
473	9.378494e-01
474	9.448904e-01
475	9.539228e-01
476	9.665249e-01
477	9.786815e-01
478	9.895382e-01
479	9.986017e-01
480	1.003899e+00
481	1.005753e+00
482	1.004764e+00
483	9.997069e-01
484	9.928659e-01
485	9.839611e-01
486	9.741351e-01
487	9.641148e-01
488	9.554012e-01
489	9.495415e-01
490	9.469463e-01
491	9.475073e-01
492	9.503348e-01
493	9.579701e-01
494	9.658264e-01
495	9.747539e-01
496	9.861322e-01
497	9.955427e-01
498	1.001135e+00
499	1.003886e+00
500	1.004851e+00
501	1.001582e+00
502	9.950616e-01
503	9.853917e-01
504	9.749112e-01
505	9.642705e-01
506	9.543059e-01
507	9.459816e-01
508	9.408571e-01
509	9.422749e-01
510	9.484328e-01
511	9.569930e-01
512	9.673762e-01
513	9.788361e-01
514	9.900322e-01
515	9.974841e-01
516	1.000847e+00
517	1.001687e+00
518	9.984361e-01
519	9.928709e-01
520	9.867351e-01
521	9.807580e-01
522	9.746555e-01
523	9.676143e-01
524	9.630377e-01
525	9.595846e-01
526	9.583949e-01
527	9.591381e-01
528	9.613480e-01
529	9.655608e-01
530	9.715186e-01
531	9.794643e-01
532	9.873308e-01
533	9.944167e-01
534	9.981438e-01
535	9.982963e-01
536	9.961919e-01
537	9.906020e-01
538	9.820087e-01
539	9.752938e-01
540	9.685545e-01
541	9.607595e-01
542	9.542908e-01
543	9.519182e-01
544	9.524686e-01
545	9.566548e-01
546	9.624349e-01
547	9.694355e-01
548	9.773588e-01
549	9.855055e-01
550	9.924284e-01
551	9.973118e-01
552	9.993299e-01
553	9.993000e-01
554	9.966147e-01
555	9.905506e-01
556	9.828984e-01
557	9.754066e-01
558	9.663952e-01
559	9.582378e-01
560	9.516270e-01
561	9.477869e-01
562	9.471109e-01
563	9.496225e-01
564	9.571259e-01
565	9.668065e-01
566	9.778365e-01
567	9.873185e-01
568	9.948339e-01
569	1.000686e+00
570	1.003514e+00
571	1.002746e+00
572	9.987229e-01
573	9.902057e-01
574	9.788658e-01
575	9.663579e-01
576	9.543378e-01
577	9.447105e-01
578	9.396335e-01
579	9.394568e-01
580	9.443881e-01
581	9.511380e-01
582	9.598093e-01
583	9.704465e-01
584	9.821287e-01
585	9.930686e-01
586	1.000358e+00
587	1.004813e+00
588	1.004583e+00
589	1.001387e+00
590	9.941152e-01
591	9.852256e-01
592	9.766898e-01
593	9.678993e-01
594	9.614760e-01
595	9.568251e-01
596	9.553165e-01
597	9.568979e-01
598	9.609098e-01
599	9.667581e-01
600	9.723300e-01
601	9.793065e-01
602	9.865395e-01
603	9.917036e-01
604	9.942630e-01
605	9.974944e-01
606	9.992667e-01
607	9.980705e-01
608	9.921968e-01
609	9.844213e-01
610	9.761448e-01
611	9.689248e-01
612	9.643146e-01
613	9.618472e-01
614	9.613800e-01
615	9.623815e-01
616	9.650913e-01
617	9.693180e-01
618	9.731134e-01
619	9.772817e-01
620	9.801132e-01
621	9.835508e-01
622	9.868846e-01
623	9.905522e-01
624	9.909252e-01
625	9.894249e-01
626	9.862205e-01
627	9.796618e-01
628	9.717572e-01
629	9.643588e-01
630	9.585790e-01
631	9.559570e-01
632	9.542014e-01
633	9.546931e-01
634	9.565048e-01
635	9.613993e-01
636	9.671361e-01
637	9.729607e-01
638	9.788865e-01
639	9.838226e-01
640	9.856716e-01
641	9.857993e-01
642	9.854241e-01
643	9.843600e-01
644	9.825120e-01
645	9.813325e-01
646	9.802378e-01
647	9.781595e-01
648	9.753650e-01
649	9.737499e-01
650	9.728375e-01
651	9.735230e-01
652	9.748943e-01
653	9.756342e-01
654	9.756543e-01
655	9.751652e-01
656	9.752756e-01
657	9.750199e-01
658	9.737692e-01
659	9.722227e-01
660	9.709413e-01
661	9.716439e-01
662	9.735097e-01
663	9.757546e-01
664	9.796965e-01
665	9.831246e-01
666	9.852670e-01
667	9.878579e-01
668	9.888260e-01
669	9.874054e-01
670	9.847046e-01
671	9.803935e-01
672	9.754624e-01
673	9.704695e-01
674	9.666689e-01
675	9.639035e-01
676	9.613551e-01
677	9.598761e-01
678	9.602243e-01
679	9.624227e-01
680	9.640489e-01
681	9.671612e-01
682	9.711836e-01
683	9.750908e-01
684	9.782863e-01
685	9.820237e-01
686	9.828248e-01
687	9.826119e-01
688	9.813847e-01
689	9.796789e-01
690	9.772073e-01
691	9.745267e-01
692	9.706059e-01
693	9.665962e-01
694	9.619409e-01
695	9.585029e-01
696	9.568661e-01
697	9.571621e-01
698	9.595396e-01
699	9.631254e-01
700	9.679446e-01
701	9.736563e-01
702	9.773823e-01
703	9.823731e-01
704	9.848994e-01
705	9.853170e-01
706	9.831123e-01
707	9.801136e-01
708	9.762456e-01
709	9.721066e-01
710	9.681430e-01
711	9.643830e-01
712	9.620861e-01
713	9.617980e-01
714	9.624447e-01
715	9.633174e-01
716	9.637514e-01
717	9.661746e-01
718	9.693416e-01
719	9.739488e-01
720	9.787079e-01
721	9.827611e-01
722	9.860333e-01
723	9.875844e-01
724	9.866925e-01
725	9.841297e-01
726	9.807957e-01
727	9.756311e-01
728	9.713425e-01
729	9.666920e-01
730	9.613143e-01
731	9.582212e-01
732	9.569941e-01
733	9.575216e-01
734	9.596602e-01
735	9.638103e-01
736	9.696528e-01
737	9.758462e-01
738	9.812972e-01
739	9.861375e-01
740	9.917903e-01
741	9.949795e-01
742	9.956965e-01
743	9.933984e-01
744	9.894307e-01
745	9.847669e-01
746	9.775766e-01
747	9.710286e-01
748	9.648519e-01
749	9.586859e-01
750	9.537869e-01
751	9.510566e-01
752	9.509610e-01
753	9.537147e-01
754	9.591120e-01
755	9.661992e-01
756	9.745174e-01
757	9.827579e-01
758	9.891294e-01
759	9.938818e-01
760	9.958876e-01
761	9.951188e-01
762	9.927159e-01
763	9.879893e-01
764	9.819057e-01
765	9.760936e-01
766	9.701750e-01
767	9.661855e-01
768	9.609414e-01
769	9.565499e-01
770	9.539182e-01
771	9.542262e-01
772	9.561261e-01
773	9.586634e-01
774	9.618909e-01
775	9.666608e-01
776	9.719091e-01
777	9.767322e-01
778	9.798837e-01
779	9.814577e-01
780	9.806263e-01
781	9.782821e-01
782	9.746915e-01
783	9.711581e-01
784	9.666454e-01
785	9.618920e-01
786	9.582941e-01
787	9.563813e-01
788	9.568389e-01
789	9.597263e-01
790	9.654987e-01
791	9.722755e-01
792	9.783594e-01
793	9.830055e-01
794	9.879498e-01
795	9.910700e-01
796	9.927306e-01
797	9.914639e-01
798	9.880774e-01
799	9.836582e-01
800	9.784677e-01
801	9.727412e-01
802	9.683819e-01
803	9.664430e-01
804	9.666893e-01
805	9.680008e-01
806	9.724728e-01
807	9.768395e-01
808	9.817651e-01
809	9.855493e-01
810	9.884555e-01
811	9.905305e-01
812	9.901196e-01
813	9.874913e-01
814	9.847854e-01
815	9.802451e-01
816	9.748386e-01
817	9.705857e-01
818	9.669316e-01
819	9.651194e-01
820	9.643751e-01
821	9.668034e-01
822	9.693941e-01
823	9.736312e-01
824	9.777613e-01
825	9.810884e-01
826	9.834182e-01
827	9.848384e-01
828	9.852947e-01
829	9.844015e-01
830	9.827255e-01
831	9.795374e-01
832	9.766530e-01
833	9.736007e-01
834	9.727898e-01
835	9.729022e-01
836	9.727694e-01
837	9.729526e-01
838	9.741388e-01
839	9.743753e-01
840	9.743104e-01
841	9.732732e-01
842	9.716263e-01
843	9.706884e-01
844	9.692899e-01
845	9.676174e-01
846	9.668999e-01
847	9.660424e-01
848	9.657156e-01
849	9.658894e-01
850	9.652663e-01
851	9.656014e-01
852	9.660887e-01
853	9.685450e-01
854	9.735294e-01
855	9.781900e-01
856	9.821641e-01
857	9.855551e-01
858	9.886398e-01
859	9.891738e-01
860	9.873720e-01
861	9.836690e-01
862	9.801274e-01
863	9.769209e-01
864	9.735533e-01
865	9.718657e-01
866	9.705447e-01
867	9.705007e-01
868	9.707589e-01
869	9.727050e-01
870	9.750006e-01
871	9.781655e-01
872	9.832928e-01
873	9.892904e-01
874	9.940703e-01
875	9.961836e-01
876	9.963562e-01
877	9.944738e-01
878	9.910881e-01
879	9.855400e-01
880	9.799927e-01
881	9.749035e-01
882	9.685898e-01
883	9.634868e-01
884	9.590532e-01
885	9.573118e-01
886	9.573771e-01
887	9.613960e-01
888	9.664244e-01
889	9.734995e-01
890	9.804713e-01
891	9.872945e-01
892	9.932839e-01
893	9.977267e-01
894	9.987107e-01
895	9.956685e-01
896	9.904616e-01
897	9.818463e-01
898	9.715743e-01
899	9.616087e-01
900	9.530927e-01
901	9.473246e-01
902	9.441669e-01
903	9.445548e-01
904	9.469388e-01
905	9.529486e-01
906	9.618391e-01
907	9.720952e-01
908	9.813146e-01
909	9.886421e-01
910	9.940729e-01
911	9.956725e-01
912	9.928879e-01
913	9.866413e-01
914	9.792874e-01
915	9.713963e-01
916	9.610986e-01
917	9.509788e-01
918	9.427038e-01
919	9.371506e-01
920	9.372360e-01
921	9.427528e-01
922	9.507998e-01
923	9.606751e-01
924	9.714509e-01
925	9.825441e-01
926	9.922958e-01
927	9.985588e-01
928	9.997981e-01
929	9.972380e-01
930	9.913869e-01
931	9.817950e-01
932	9.710100e-01
933	9.616623e-01
934	9.534142e-01
935	9.486354e-01
936	9.460126e-01
937	9.472562e-01
938	9.528630e-01
939	9.610004e-01
940	9.708441e-01
941	9.801970e-01
942	9.900173e-01
943	9.990375e-01
944	1.005455e+00
945	1.009732e+00
946	1.009158e+00
947	1.004283e+00
948	9.943932e-01
949	9.812867e-01
950	9.661927e-01
951	9.505202e-01
952	9.368274e-01
953	9.292979e-01
954	9.281524e-01
955	9.333589e-01
956	9.446058e-01
957	9.595894e-01
958	9.781748e-01
959	9.970419e-01
960	1.011730e+00
961	1.022965e+00
962	1.028139e+00
963	1.027690e+00
964	1.020239e+00
965	1.008758e+00
966	9.937909e-01
967	9.775725e-01
968	9.616623e-01
969	9.466014e-01
970	9.348197e-01
971	9.292606e-01
972	9.316554e-01
973	9.400606e-01
974	9.529696e-01
975	9.687445e-01
976	9.850288e-01
977	9.998089e-01
978	1.010723e+00
979	1.016789e+00
980	1.017352e+00
981	1.012894e+00
982	1.003477e+00
983	9.892821e-01
984	9.718742e-01
985	9.534664e-01
986	9.368753e-01
987	9.237336e-01
988	9.169534e-01
989	9.178891e-01
990	9.251956e-01
991	9.394835e-01
992	9.568908e-01
993	9.758633e-01
994	9.935471e-01
995	1.007786e+00
996	1.018268e+00
997	1.021362e+00
998	1.017260e+00
999	1.005881e+00
1000	9.891100e-01
1001	9.696761e-01
1002	9.502607e-01
1003	9.322082e-01
1004	9.199162e-01
1005	9.133186e-01
1006	9.134192e-01
1007	9.207861e-01
1008	9.358192e-01
1009	9.560420e-01
1010	9.786499e-01
1011	9.976676e-01
1012	1.013773e+00
1013	1.024626e+00
1014	1.027898e+00
1015	1.023089e+00
1016	1.011290e+00
1017	9.948568e-01
1018	9.761897e-01
1019	9.570980e-01
1020	9.411662e-01
1021	9.295550e-01
1022	9.236185e-01
1023	9.219409e-01
1024	9.259262e-01
1025	9.366934e-01
1026	9.506969e-01
1027	9.681028e-01
1028	9.857540e-01
1029	9.995197e-01
1030	1.011141e+00
1031	1.018191e+00
1032	1.019777e+00
1033	1.016009e+00
1034	1.007904e+00
1035	9.948939e-01
1036	9.782053e-01
1037	9.619265e-01
1038	9.472089e-01
1039	9.360471e-01
1040	9.297142e-01
1041	9.285713e-01
1042	9.331964e-01
1043	9.441468e-01
1044	9.579938e-01
1045	9.731544e-01
1046	9.876686e-01
1047	1.000162e+00
1048	1.008808e+00
1049	1.012865e+00
1050	1.012739e+00
1051	1.006931e+00
1052	9.958041e-01
1053	9.814055e-01
1054	9.653273e-01
1055	9.517636e-01
1056	9.407230e-01
1057	9.331898e-01
1058	9.308399e-01
1059	9.348201e-01
1060	9.432783e-01
1061	9.541570e-01
1062	9.668835e-01
1063	9.783277e-01
1064	9.879140e-01
1065	9.962030e-01
1066	1.002009e+00
1067	1.004478e+00
1068	1.003495e+00
1069	9.996956e-01
1070	9.919583e-01
1071	9.831688e-01
1072	9.728568e-01
1073	9.644779e-01
1074	9.564959e-01
1075	9.490107e-01
1076	9.453386e-01
1077	9.453004e-01
1078	9.489972e-01
1079	9.565079e-01
1080	9.669991e-01
1081	9.771242e-01
1082	9.890666e-01
1083	9.989904e-01
1084	1.005668e+00
1085	1.008275e+00
1086	1.005281e+00
1087	9.984139e-01
1088	9.899667e-01
1089	9.803490e-01
1090	9.697364e-01
1091	9.596294e-01
1092	9.510376e-01
1093	9.446893e-01
1094	9.421073e-01
1095	9.434422e-01
1096	9.475332e-01
1097	9.528242e-01
1098	9.598330e-01
1099	9.693240e-01
1100	9.787353e-01
1101	9.856487e-01
1102	9.914420e-01
1103	9.952696e-01
1104	9.973755e-01
1105	9.976109e-01
1106	9.946976e-01
1107	9.902798e-01
1108	9.840807e-01
1109	9.765445e-01
1110	9.687617e-01
1111	9.596012e-01
1112	9.514686e-01
1113	9.471898e-01
1114	9.472968e-01
1115	9.510021e-01
1116	9.587624e-01
1117	9.676414e-01
1118	9.773913e-01
1119	9.878206e-01
1120	9.966606e-01
1121	1.001616e+00
1122	1.002400e+00
1123	1.000019e+00
1124	9.947793e-01
1125	9.878583e-01
1126	9.779755e-01
1127	9.674238e-01
1128	9.578611e-01
1129	9.503353e-01
1130	9.442247e-01
1131	9.416279e-01
1132	9.453555e-01
1133	9.517570e-01
1134	9.605140e-01
1135	9.735568e-01
1136	9.861808e-01
1137	9.988036e-01
1138	1.008478e+00
1139	1.014987e+00
1140	1.017352e+00
1141	1.013505e+00
1142	1.004581e+00
1143	9.928189e-01
1144	9.787233e-01
1145	9.647637e-01
1146	9.517032e-01
1147	9.418737e-01
1148	9.374312e-01
1149	9.377326e-01
1150	9.421521e-01
1151	9.502356e-01
1152	9.618910e-01
1153	9.753034e-01
1154	9.896757e-01
1155	1.002768e+00
1156	1.012344e+00
1157	1.017079e+00
1158	1.017191e+00
1159	1.012807e+00
1160	1.005992e+00
1161	9.966483e-01
1162	9.865223e-01
1163	9.765434e-01
1164	9.667465e-01
1165	9.585165e-01
1166	9.532041e-01
1167	9.524333e-01
1168	9.567526e-01
1169	9.643727e-01
1170	9.753481e-01
1171	9.859054e-01
1172	9.948065e-01
1173	1.001489e+00
1174	1.005508e+00
1175	1.007871e+00
1176	1.007815e+00
1177	1.005524e+00
1178	9.987496e-01
1179	9.890937e-01
1180	9.785122e-01
1181	9.674368e-01
1182	9.577634e-01
1183	9.506848e-01
1184	9.486398e-01
1185	9.510838e-01
1186	9.583873e-01
1187	9.672169e-01
1188	9.789670e-01
1189	9.926153e-01
1190	1.002733e+00
1191	1.008902e+00
1192	1.011316e+00
1193	1.010307e+00
1194	1.006166e+00
1195	9.993525e-01
1196	9.905723e-01
1197	9.792541e-01
1198	9.686144e-01
1199	9.579898e-01
1200	9.506948e-01
1201	9.470142e-01
1202	9.473202e-01
1203	9.520991e-01
1204	9.619872e-01
1205	9.733471e-01
1206	9.867698e-01
1207	9.981400e-01
1208	1.007719e+00
1209	1.013884e+00
1210	1.015810e+00
1211	1.013019e+00
1212	1.008024e+00
1213	1.000405e+00
1214	9.897380e-01
1215	9.772882e-01
1216	9.657610e-01
1217	9.547764e-01
1218	9.474880e-01
1219	9.450575e-01
1220	9.465270e-01
1221	9.525125e-01
1222	9.609596e-01
1223	9.714669e-01
1224	9.833477e-01
1225	9.948383e-01
1226	1.003027e+00
1227	1.007957e+00
1228	1.011357e+00
1229	1.010238e+00
1230	1.004697e+00
1231	9.973387e-01
1232	9.877857e-01
1233	9.777708e-01
1234	9.679431e-01
1235	9.589373e-01
1236	9.522593e-01
1237	9.485897e-01
1238	9.488954e-01
1239	9.533988e-01
1240	9.608776e-01
1241	9.723538e-01
1242	9.837618e-01
1243	9.955381e-01
1244	1.004871e+00
1245	1.010140e+00
1246	1.011738e+00
1247	1.008834e+00
1248	1.002027e+00
1249	9.904515e-01
1250	9.767601e-01
1251	9.634997e-01
1252	9.521931e-01
1253	9.430380e-01
1254	9.386032e-01
1255	9.394752e-01
1256	9.459066e-01
1257	9.587626e-01
1258	9.757172e-01
1259	9.942659e-01
1260	1.011322e+00
1261	1.024654e+00
1262	1.030270e+00
1263	1.029417e+00
1264	1.020725e+00
1265	1.006993e+00
1266	9.889776e-01
1267	9.687173e-01
1268	9.502222e-01
1269	9.347258e-01
1270	9.247058e-01
1271	9.221498e-01
1272	9.281284e-01
1273	9.426208e-01
1274	9.620906e-01
1275	9.823472e-01
1276	1.001684e+00
1277	1.016916e+00
1278	1.027915e+00
1279	1.033672e+00
1280	1.034243e+00
1281	1.028486e+00
1282	1.016779e+00
1283	9.990960e-01
1284	9.797803e-01
1285	9.604518e-01
1286	9.441100e-01
1287	9.318176e-01
1288	9.256234e-01
1289	9.258030e-01
1290	9.346363e-01
1291	9.481579e-01
1292	9.658626e-01
1293	9.820193e-01
1294	9.977806e-01
1295	1.010407e+00
1296	1.018392e+00
1297	1.020676e+00
1298	1.017465e+00
1299	1.009484e+00
1300	9.971878e-01
1301	9.817414e-01
1302	9.659179e-01
1303	9.506496e-01
1304	9.410303e-01
1305	9.342133e-01
1306	9.328141e-01
1307	9.375258e-01
1308	9.480260e-01
1309	9.627672e-01
1310	9.800048e-01
1311	9.980142e-01
1312	1.015520e+00
1313	1.029427e+00
1314	1.038393e+00
1315	1.040590e+00
1316	1.036011e+00
1317	1.025781e+00
1318	1.010840e+00
1319	9.914923e-01
1320	9.702877e-01
1321	9.506514e-01
1322	9.349028e-01
1323	9.245283e-01
1324	9.215929e-01
1325	9.245979e-01
1326	9.353319e-01
1327	9.519072e-01
1328	9.725343e-01
1329	9.944511e-01
1330	1.013790e+00
1331	1.029971e+00
1332	1.039814e+00
1333	1.042942e+00
1334	1.035877e+00
1335	1.021717e+00
1336	1.002862e+00
1337	9.806296e-01
1338	9.596637e-01
1339	9.416933e-01
1340	9.285543e-01
1341	9.211833e-01
1342	9.221297e-01
1343	9.301266e-01
1344	9.441049e-01
1345	9.624946e-01
1346	9.826449e-01
1347	1.003228e+00
1348	1.022874e+00
1349	1.037286e+00
1350	1.044141e+00
1351	1.043685e+00
1352	1.036052e+00
1353	1.022697e+00
1354	1.004794e+00
1355	9.838086e-01
1356	9.623743e-01
1357	9.438257e-01
1358	9.300422e-01
1359	9.209194e-01
1360	9.181654e-01
1361	9.229679e-01
1362	9.337156e-01
1363	9.501297e-01
1364	9.715059e-01
1365	9.937654e-01
1366	1.013203e+00
1367	1.028890e+00
1368	1.038930e+00
1369	1.042446e+00
1370	1.038964e+00
1371	1.031102e+00
1372	1.017101e+00
1373	9.991716e-01
1374	9.798549e-01
1375	9.601079e-01
1376	9.422591e-01
1377	9.287289e-01
1378	9.222225e-01
1379	9.246886e-01
1380	9.336698e-01
1381	9.479394e-01
1382	9.669609e-01
1383	9.868546e-01
1384	1.006728e+00
1385	1.023753e+00
1386	1.035358e+00
1387	1.041708e+00
1388	1.041803e+00
1389	1.035569e+00
1390	1.023769e+00
1391	1.007932e+00
1392	9.898061e-01
1393	9.714760e-01
1394	9.543210e-01
1395	9.420245e-01
1396	9.334619e-01
1397	9.324980e-01
1398	9.371424e-01
1399	9.484281e-01
1400	9.646618e-01
1401	9.812859e-01
1402	9.973659e-01
1403	1.011031e+00
1404	1.021565e+00
1405	1.027085e+00
1406	1.027813e+00
1407	1.024157e+00
1408	1.015320e+00
1409	1.002900e+00
1410	9.875018e-01
1411	9.684101e-01
1412	9.505825e-01
1413	9.361294e-01
1414	9.276344e-01
1415	9.256298e-01
1416	9.310040e-01
1417	9.432431e-01
1418	9.601940e-01
1419	9.793408e-01
1420	9.993550e-01
1421	1.018453e+00
1422	1.031089e+00
1423	1.038866e+00
1424	1.039561e+00
1425	1.034601e+00
1426	1.024471e+00
1427	1.008565e+00
1428	9.900006e-01
1429	9.702299e-01
1430	9.519763e-01
1431	9.368695e-01
1432	9.263481e-01
1433	9.217590e-01
1434	9.226315e-01
1435	9.311936e-01
1436	9.463674e-01
1437	9.668129e-01
1438	9.887055e-01
1439	1.008343e+00
1440	1.025126e+00
1441	1.036741e+00
1442	1.041354e+00
1443	1.038932e+00
1444	1.030243e+00
1445	1.016400e+00
1446	9.969506e-01
1447	9.758345e-01
1448	9.550677e-01
1449	9.384214e-01
1450	9.264017e-01
1451	9.208994e-01
1452	9.243292e-01
1453	9.340844e-01
1454	9.495897e-01
1455	9.684263e-01
1456	9.869656e-01
1457	1.005000e+00
1458	1.019687e+00
1459	1.029651e+00
1460	1.033890e+00
1461	1.031110e+00
1462	1.023645e+00
1463	1.011297e+00
1464	9.954552e-01
1465	9.790534e-01
1466	9.631054e-01
1467	9.503779e-01
1468	9.411110e-01
1469	9.369530e-01
1470	9.391440e-01
1471	9.457722e-01
1472	9.556992e-01
1473	9.681736e-01
1474	9.811170e-01
1475	9.918856e-01
1476	1.001564e+00
1477	1.008924e+00
1478	1.014451e+00
1479	1.016516e+00
1480	1.015987e+00
1481	1.010251e+00
1482	1.000267e+00
1483	9.863609e-01
1484	9.730430e-01
1485	9.630408e-01
1486	9.549820e-01
1487	9.493503e-01
1488	9.466500e-01
1489	9.476812e-01
1490	9.527661e-01
1491	9.614536e-01
1492	9.738607e-01
1493	9.870974e-01
1494	1.001094e+00
1495	1.010390e+00
1496	1.014925e+00
1497	1.016214e+00
1498	1.012541e+00
1499	1.004464e+00
1500	9.946877e-01
1501	9.821296e-01
1502	9.697610e-01
1503	9.594611e-01
1504	9.515904e-01
1505	9.470482e-01
1506	9.466649e-01
1507	9.497248e-01
1508	9.575969e-01
1509	9.680885e-01
1510	9.805602e-01
1511	9.931594e-01
1512	1.003871e+00
1513	1.012475e+00
1514	1.017809e+00
1515	1.019138e+00
1516	1.015975e+00
1517	1.007435e+00
1518	9.953128e-01
1519	9.813102e-01
1520	9.675467e-01
1521	9.544153e-01
1522	9.434184e-01
1523	9.375720e-01
1524	9.375789e-01
1525	9.430215e-01
1526	9.514803e-01
1527	9.622571e-01
1528	9.749770e-01
1529	9.874791e-01
1530	9.984185e-01
1531	1.006286e+00
1532	1.008807e+00
1533	1.007435e+00
1534	1.003385e+00
1535	9.955946e-01
1536	9.845238e-01
1537	9.727116e-01
1538	9.620750e-01
1539	9.529888e-01
1540	9.454481e-01
1541	9.426276e-01
1542	9.429434e-01
1543	9.467999e-01
1544	9.533123e-01
1545	9.611016e-01
1546	9.719284e-01
1547	9.829429e-01
1548	9.921939e-01
1549	9.989588e-01
1550	1.002888e+00
1551	1.003159e+00
1552	1.001395e+00
1553	9.961030e-01
1554	9.875329e-01
1555	9.779422e-01
1556	9.678399e-01
1557	9.588359e-01
1558	9.514712e-01
1559	9.486496e-01
1560	9.506724e-01
1561	9.545405e-01
1562	9.599750e-01
1563	9.675590e-01
1564	9.774858e-01
1565	9.866311e-01
1566	9.947156e-01
1567	9.999778e-01
1568	1.001642e+00
1569	1.000709e+00
1570	9.962366e-01
1571	9.894818e-01
1572	9.826601e-01
1573	9.755369e-01
1574	9.689804e-01
1575	9.636812e-01
1576	9.609919e-01
1577	9.611271e-01
1578	9.634835e-01
1579	9.676913e-01
1580	9.725177e-01
1581	9.767397e-01
1582	9.803050e-01
1583	9.828045e-01
1584	9.846879e-01
1585	9.867562e-01
1586	9.870276e-01
1587	9.876601e-01
1588	9.882529e-01
1589	9.861231e-01
1590	9.839625e-01
1591	9.806819e-01
1592	9.769170e-01
1593	9.730500e-01
1594	9.700364e-01
1595	9.682600e-01
1596	9.678345e-01
1597	9.674842e-01
1598	9.681038e-01
1599	9.694135e-01
1600	9.714747e-01
1601	9.750317e-01
1602	9.782694e-01
1603	9.817117e-01
1604	9.820313e-01
1605	9.816817e-01
1606	9.806237e-01
1607	9.781347e-01
1608	9.767656e-01
1609	9.729850e-01
1610	9.690947e-01
1611	9.645843e-01
1612	9.606357e-01
1613	9.587651e-01
1614	9.588446e-01
1615	9.612591e-01
1616	9.654582e-01
1617	9.719841e-01
1618	9.791495e-01
1619	9.842726e-01
1620	9.879044e-01
1621	9.913808e-01
1622	9.932358e-01
1623	9.939322e-01
1624	9.921708e-01
1625	9.873223e-01
1626	9.816738e-01
1627	9.772939e-01
1628	9.729190e-01
1629	9.696345e-01
1630	9.684695e-01
1631	9.673893e-01
1632	9.686099e-01
1633	9.704054e-01
1634	9.724527e-01
1635	9.753946e-01
1636	9.788633e-01
1637	9.834748e-01
1638	9.866910e-01
1639	9.879053e-01
1640	9.870202e-01
1641	9.859814e-01
1642	9.832617e-01
1643	9.806708e-01
1644	9.770815e-01
1645	9.725652e-01
1646	9.687126e-01
1647	9.651795e-01
1648	9.621397e-01
1649	9.610994e-01
1650	9.626038e-01
1651	9.668063e-01
1652	9.719734e-01
1653	9.770610e-01
1654	9.824825e-01
1655	9.873399e-01
1656	9.909212e-01
1657	9.926984e-01
1658	9.922902e-01
1659	9.909241e-01
1660	9.872434e-01
1661	9.833470e-01
1662	9.790121e-01
1663	9.743905e-01
1664	9.693697e-01
1665	9.646089e-01
1666	9.618890e-01
1667	9.606444e-01
1668	9.612827e-01
1669	9.636958e-01
1670	9.662406e-01
1671	9.689832e-01
1672	9.719999e-01
1673	9.750176e-01
1674	9.790296e-01
1675	9.816240e-01
1676	9.825597e-01
1677	9.824782e-01
1678	9.815112e-01
1679	9.798673e-01
1680	9.794395e-01
1681	9.765702e-01
1682	9.734629e-01
1683	9.702580e-01
1684	9.668716e-01
1685	9.630970e-01
1686	9.592729e-01
1687	9.558714e-01
1688	9.527334e-01
1689	9.522590e-01
1690	9.544007e-01
1691	9.581814e-01
1692	9.642769e-01
1693	9.709765e-01
1694	9.761494e-01
1695	9.816412e-01
1696	9.865767e-01
1697	9.899421e-01
1698	9.928743e-01
1699	9.942060e-01
1700	9.946471e-01
1701	9.918109e-01
1702	9.865133e-01
1703	9.811816e-01
1704	9.750991e-01
1705	9.692793e-01
1706	9.635489e-01
1707	9.587603e-01
1708	9.567044e-01
1709	9.572168e-01
1710	9.602561e-01
1711	9.651196e-01
1712	9.710599e-01
1713	9.784240e-01
1714	9.854572e-01
1715	9.917238e-01
1716	9.962811e-01
1717	9.988150e-01
1718	9.989329e-01
1719	9.967633e-01
1720	9.927258e-01
1721	9.876165e-01
1722	9.810892e-01
1723	9.756033e-01
1724	9.709073e-01
1725	9.674753e-01
1726	9.666031e-01
1727	9.688727e-01
1728	9.731694e-01
1729	9.782094e-01
1730	9.834944e-01
1731	9.870645e-01
1732	9.913474e-01
1733	9.956394e-01
1734	9.990288e-01
1735	1.001289e+00
1736	1.002610e+00
1737	9.995072e-01
1738	9.946719e-01
1739	9.892515e-01
1740	9.852488e-01
1741	9.814017e-01
1742	9.785172e-01
1743	9.763302e-01
1744	9.761161e-01
1745	9.763020e-01
1746	9.773707e-01
1747	9.787859e-01
1748	9.822514e-01
1749	9.849348e-01
1750	9.872189e-01
1751	9.899178e-01
1752	9.923981e-01
1753	9.932025e-01
1754	9.939314e-01
1755	9.927901e-01
1756	9.906130e-01
1757	9.863365e-01
1758	9.812060e-01
1759	9.752427e-01
1760	9.681938e-01
1761	9.614914e-01
1762	9.551705e-01
1763	9.520769e-01
1764	9.504140e-01
1765	9.498608e-01
1766	9.510960e-01
1767	9.546322e-01
1768	9.607957e-01
1769	9.660799e-01
1770	9.705085e-01
1771	9.720768e-01
1772	9.704534e-01
1773	9.669442e-01
1774	9.626162e-01
1775	9.592849e-01
1776	9.568014e-01
1777	9.551427e-01
1778	9.551409e-01
1779	9.569418e-01
1780	9.592893e-01
1781	9.636523e-01
1782	9.686307e-01
1783	9.722083e-01
1784	9.751375e-01
1785	9.759008e-01
1786	9.763876e-01
1787	9.777090e-01
1788	9.782971e-01
1789	9.793309e-01
1790	9.793177e-01
1791	9.767531e-01
1792	9.747885e-01
1793	9.714553e-01
1794	9.680055e-01
1795	9.648336e-01
1796	9.625507e-01
1797	9.630243e-01
1798	9.661580e-01
1799	9.700182e-01
1800	9.759012e-01
1801	9.806022e-01
1802	9.855225e-01
1803	9.904300e-01
1804	9.938758e-01
1805	9.957668e-01
1806	9.959624e-01
1807	9.946948e-01
1808	9.922451e-01
1809	9.879558e-01
1810	9.834928e-01
1811	9.794131e-01
1812	9.767668e-01
1813	9.746304e-01
1814	9.742680e-01
1815	9.741228e-01
1816	9.740060e-01
1817	9.753218e-01
1818	9.789662e-01
1819	9.831209e-01
1820	9.885225e-01
1821	9.939699e-01
1822	9.979628e-01
1823	9.995251e-01
1824	9.998575e-01
1825	9.980545e-01
1826	9.931161e-01
1827	9.855298e-01
1828	9.779937e-01
1829	9.696699e-01
1830	9.631634e-01
1831	9.589363e-01
1832	9.573692e-01
1833	9.583276e-01
1834	9.638790e-01
1835	9.695347e-01
1836	9.761594e-01
1837	9.827252e-01
1838	9.876356e-01
1839	9.912732e-01
1840	9.912636e-01
1841	9.882086e-01
1842	9.813839e-01
1843	9.728009e-01
1844	9.634193e-01
1845	9.559114e-01
1846	9.497729e-01
1847	9.454100e-01
1848	9.442257e-01
1849	9.446654e-01
1850	9.474062e-01
1851	9.529267e-01
1852	9.602326e-01
1853	9.682458e-01
1854	9.774998e-01
1855	9.872939e-01
1856	9.935846e-01
1857	9.972172e-01
1858	9.975687e-01
1859	9.940784e-01
1860	9.880946e-01
1861	9.788532e-01
1862	9.679046e-01
1863	9.571528e-01
1864	9.471053e-01
1865	9.387561e-01
1866	9.331388e-01
1867	9.333669e-01
1868	9.379300e-01
1869	9.475610e-01
1870	9.599997e-01
1871	9.741615e-01
1872	9.872159e-01
1873	9.980875e-01
1874	1.005562e+00
1875	1.006171e+00
1876	1.001657e+00
1877	9.926609e-01
1878	9.806457e-01
1879	9.668310e-01
1880	9.533876e-01
1881	9.411968e-01
1882	9.316771e-01
1883	9.257287e-01
1884	9.265028e-01
1885	9.316935e-01
1886	9.411856e-01
1887	9.531436e-01
1888	9.668895e-01
1889	9.804105e-01
1890	9.925077e-01
1891	1.001558e+00
1892	1.007197e+00
1893	1.009854e+00
1894	1.006324e+00
1895	9.979663e-01
1896	9.857324e-01
1897	9.703777e-01
1898	9.551645e-01
1899	9.421922e-01
1900	9.321527e-01
1901	9.287569e-01
1902	9.308124e-01
1903	9.393749e-01
1904	9.514009e-01
1905	9.651885e-01
1906	9.798034e-01
1907	9.959409e-01
1908	1.008563e+00
1909	1.014810e+00
1910	1.014726e+00
1911	1.009332e+00
1912	9.991242e-01
1913	9.836414e-01
1914	9.662616e-01
1915	9.497051e-01
1916	9.342220e-01
1917	9.231482e-01
1918	9.184183e-01
1919	9.197065e-01
1920	9.260946e-01
1921	9.402692e-01
1922	9.581365e-01
1923	9.767033e-01
1924	9.948736e-01
1925	1.006669e+00
1926	1.013836e+00
1927	1.015935e+00
1928	1.011715e+00
1929	1.000875e+00
1930	9.847744e-01
1931	9.650681e-01
1932	9.451990e-01
1933	9.303464e-01
1934	9.203296e-01
1935	9.179818e-01
1936	9.222219e-01
1937	9.324218e-01
1938	9.467599e-01
1939	9.650461e-01
1940	9.849641e-01
1941	1.002186e+00
1942	1.016549e+00
1943	1.023936e+00
1944	1.023709e+00
1945	1.016320e+00
1946	1.003681e+00
1947	9.877234e-01
1948	9.695391e-01
1949	9.521166e-01
1950	9.385874e-01
1951	9.287767e-01
1952	9.235503e-01
1953	9.252847e-01
1954	9.344492e-01
1955	9.499789e-01
1956	9.691060e-01
1957	9.874954e-01
1958	1.004599e+00
1959	1.017497e+00
1960	1.026481e+00
1961	1.028587e+00
1962	1.024868e+00
1963	1.016271e+00
1964	1.002629e+00
1965	9.855665e-01
1966	9.650930e-01
1967	9.449925e-01
1968	9.283343e-01
1969	9.184019e-01
1970	9.144378e-01
1971	9.187954e-01
1972	9.295934e-01
1973	9.479931e-01
1974	9.676741e-01
1975	9.880470e-01
1976	1.006076e+00
1977	1.019280e+00
1978	1.028368e+00
1979	1.029527e+00
1980	1.022955e+00
1981	1.010568e+00
1982	9.932166e-01
1983	9.737763e-01
1984	9.553291e-01
1985	9.405715e-01
1986	9.321192e-01
1987	9.290302e-01
1988	9.323337e-01
1989	9.402975e-01
1990	9.523365e-01
1991	9.678104e-01
1992	9.828671e-01
1993	9.966218e-01
1994	1.008704e+00
1995	1.016362e+00
1996	1.019348e+00
1997	1.017496e+00
1998	1.009862e+00
1999	9.991930e-01
2000	9.859575e-01
2001	9.721742e-01
2002	9.598259e-01
2003	9.504536e-01
2004	9.448052e-01
2005	9.431435e-01
2006	9.457489e-01
2007	9.531052e-01
2008	9.638731e-01
2009	9.768891e-01
2010	9.913906e-01
2011	1.003146e+00
2012	1.012166e+00
2013	1.017320e+00
2014	1.018177e+00
2015	1.013427e+00
2016	1.004308e+00
2017	9.926092e-01
2018	9.794022e-01
2019	9.660975e-01
2020	9.530100e-01
2021	9.422369e-01
2022	9.367404e-01
2023	9.357735e-01
2024	9.405568e-01
2025	9.491470e-01
2026	9.620102e-01
2027	9.762763e-01
2028	9.901281e-01
2029	1.002821e+00
2030	1.013273e+00
2031	1.020211e+00
2032	1.021555e+00
2033	1.017764e+00
2034	1.007703e+00
2035	9.941675e-01
2036	9.777151e-01
2037	9.610096e-01
2038	9.464086e-01
2039	9.355307e-01
2040	9.306729e-01
2041	9.303623e-01
2042	9.360858e-01
2043	9.465022e-01
2044	9.606679e-01
2045	9.763264e-01
2046	9.924782e-01
2047	1.005910e+00
2048	1.016670e+00
2049	1.022443e+00
2050	1.022720e+00
2051	1.018290e+00
2052	1.009612e+00
2053	9.966785e-01
2054	9.803534e-01
2055	9.641188e-01
2056	9.477842e-01
2057	9.351125e-01
2058	9.263906e-01
2059	9.244271e-01
2060	9.286489e-01
2061	9.384221e-01
2062	9.527886e-01
2063	9.694726e-01
2064	9.866376e-01
2065	1.001962e+00
2066	1.014137e+00
2067	1.020680e+00
2068	1.021554e+00
2069	1.017642e+00
2070	1.009031e+00
2071	9.956928e-01
2072	9.779743e-01
2073	9.598655e-01
2074	9.433645e-01
2075	9.308449e-01
2076	9.224005e-01
2077	9.204360e-01
2078	9.247954e-01
2079	9.357815e-01
2080	9.521445e-01
2081	9.722389e-01
2082	9.928732e-01
2083	1.011712e+00
2084	1.025568e+00
2085	1.033088e+00
2086	1.033990e+00
2087	1.026739e+00
2088	1.013471e+00
2089	9.961426e-01
2090	9.768985e-01
2091	9.585021e-01
2092	9.423268e-01
2093	9.323033e-01
2094	9.287794e-01
2095	9.326183e-01
2096	9.420685e-01
2097	9.558684e-01
2098	9.717235e-01
2099	9.879324e-01
2100	1.001791e+00
2101	1.014629e+00
2102	1.020555e+00
2103	1.023129e+00
2104	1.021164e+00
2105	1.013334e+00
2106	1.001412e+00
2107	9.866895e-01
2108	9.724585e-01
2109	9.607359e-01
2110	9.501615e-01
2111	9.426440e-01
2112	9.389827e-01
2113	9.398491e-01
2114	9.453384e-01
2115	9.536239e-01
2116	9.658656e-01
2117	9.797479e-01
2118	9.943130e-01
2119	1.007186e+00
2120	1.017856e+00
2121	1.023878e+00
2122	1.025373e+00
2123	1.023776e+00
2124	1.018288e+00
2125	1.007972e+00
2126	9.924447e-01
2127	9.727142e-01
2128	9.563040e-01
2129	9.434844e-01
2130	9.359699e-01
2131	9.356459e-01
2132	9.425376e-01
2133	9.545427e-01
2134	9.692950e-01
2135	9.848681e-01
2136	9.973121e-01
2137	1.008041e+00
2138	1.016095e+00
2139	1.019596e+00
2140	1.017079e+00
2141	1.010059e+00
2142	9.984320e-01
2143	9.843928e-01
2144	9.714524e-01
2145	9.589738e-01
2146	9.480105e-01
2147	9.406797e-01
2148	9.396681e-01
2149	9.442157e-01
2150	9.531732e-01
2151	9.670803e-01
2152	9.816813e-01
2153	9.958133e-01
2154	1.008220e+00
2155	1.015738e+00
2156	1.018443e+00
2157	1.016464e+00
2158	1.009339e+00
2159	9.987078e-01
2160	9.852625e-01
2161	9.699765e-01
2162	9.578272e-01
2163	9.484324e-01
2164	9.449586e-01
2165	9.457282e-01
2166	9.506467e-01
2167	9.583375e-01
2168	9.696529e-01
2169	9.819855e-01
2170	9.937702e-01
2171	1.003701e+00
2172	1.010683e+00
2173	1.012715e+00
2174	1.010899e+00
2175	1.005034e+00
2176	9.942312e-01
2177	9.807857e-01
2178	9.665556e-01
2179	9.531452e-01
2180	9.442063e-01
2181	9.383154e-01
2182	9.360416e-01
2183	9.386258e-01
2184	9.470263e-01
2185	9.590509e-01
2186	9.738827e-01
2187	9.884833e-01
2188	1.000021e+00
2189	1.007865e+00
2190	1.011614e+00
2191	1.012476e+00
2192	1.008252e+00
2193	9.993520e-01
2194	9.880051e-01
2195	9.747510e-01
2196	9.618478e-01
2197	9.502088e-01
2198	9.420680e-01
2199	9.366180e-01
2200	9.376716e-01
2201	9.424614e-01
2202	9.524593e-01
2203	9.656748e-01
2204	9.806917e-01
2205	9.948693e-01
2206	1.005009e+00
2207	1.011170e+00
2208	1.012960e+00
2209	1.009018e+00
2210	1.000447e+00
2211	9.895474e-01
2212	9.758213e-01
2213	9.623006e-01
2214	9.517464e-01
2215	9.453336e-01
2216	9.439289e-01
2217	9.469321e-01
2218	9.531568e-01
2219	9.630739e-01
2220	9.756059e-01
2221	9.888817e-01
2222	1.001717e+00
2223	1.012399e+00
2224	1.017913e+00
2225	1.019320e+00
2226	1.015155e+00
2227	1.005261e+00
2228	9.928926e-01
2229	9.782833e-01
2230	9.628806e-01
2231	9.503719e-01
2232	9.405119e-01
2233	9.351276e-01
2234	9.345799e-01
2235	9.394900e-01
2236	9.481058e-01
2237	9.604991e-01
2238	9.756623e-01
2239	9.902578e-01
2240	1.003414e+00
2241	1.014685e+00
2242	1.022104e+00
2243	1.022794e+00
2244	1.017626e+00
2245	1.008376e+00
2246	9.957018e-01
2247	9.822306e-01
2248	9.673739e-01
2249	9.543090e-01
2250	9.434935e-01
2251	9.348993e-01
2252	9.303198e-01
2253	9.312516e-01
2254	9.363104e-01
2255	9.449780e-01
2256	9.570665e-01
2257	9.712464e-01
2258	9.850144e-01
2259	9.961366e-01
2260	1.002912e+00
2261	1.006722e+00
2262	1.006776e+00
2263	1.003967e+00
2264	9.964931e-01
2265	9.851750e-01
2266	9.715961e-01
2267	9.571004e-01
2268	9.457652e-01
2269	9.390396e-01
2270	9.369433e-01
2271	9.392521e-01
2272	9.463712e-01
2273	9.561809e-01
2274	9.682518e-01
2275	9.814432e-01
2276	9.946397e-01
2277	1.004109e+00
2278	1.010601e+00
2279	1.015076e+00
2280	1.016880e+00
2281	1.014517e+00
2282	1.007833e+00
2283	9.980161e-01
2284	9.855094e-01
2285	9.724628e-01
2286	9.597823e-01
2287	9.488773e-01
2288	9.408714e-01
2289	9.364598e-01
2290	9.373498e-01
2291	9.448269e-01
2292	9.554854e-01
2293	9.693070e-01
2294	9.836068e-01
2295	9.974051e-01
2296	1.008776e+00
2297	1.015086e+00
2298	1.017732e+00
2299	1.015462e+00
2300	1.009403e+00
2301	9.999414e-01
2302	9.887068e-01
2303	9.762825e-01
2304	9.653756e-01
2305	9.564054e-01
2306	9.494972e-01
2307	9.473862e-01
2308	9.509893e-01
2309	9.568553e-01
2310	9.658826e-01
2311	9.770974e-01
2312	9.878506e-01
2313	9.975598e-01
2314	1.004614e+00
2315	1.008672e+00
2316	1.008962e+00
2317	1.004780e+00
2318	9.970028e-01
2319	9.859138e-01
2320	9.740978e-01
2321	9.629923e-01
2322	9.538678e-01
2323	9.490157e-01
2324	9.480746e-01
2325	9.517141e-01
2326	9.587252e-01
2327	9.673190e-01
2328	9.767723e-01
2329	9.850349e-01
2330	9.906279e-01
2331	9.961084e-01
2332	9.987319e-01
2333	9.966694e-01
2334	9.918176e-01
2335	9.851746e-01
2336	9.779208e-01
2337	9.705602e-01
2338	9.618395e-01
2339	9.539702e-01
2340	9.497648e-01
2341	9.484927e-01
2342	9.495384e-01
2343	9.548222e-01
2344	9.638134e-01
2345	9.750746e-01
2346	9.852963e-01
2347	9.935368e-01
2348	9.982808e-01
2349	9.985904e-01
2350	9.946932e-01
2351	9.881754e-01
2352	9.788419e-01
2353	9.686907e-01
2354	9.585628e-01
2355	9.496601e-01
2356	9.431680e-01
2357	9.419705e-01
2358	9.453337e-01
2359	9.524620e-01
2360	9.630461e-01
2361	9.750122e-01
2362	9.882624e-01
2363	1.000472e+00
2364	1.010757e+00
2365	1.017041e+00
2366	1.017439e+00
2367	1.013511e+00
2368	1.005031e+00
2369	9.953176e-01
2370	9.840160e-01
2371	9.709158e-01
2372	9.598601e-01
2373	9.540628e-01
2374	9.519859e-01
2375	9.548539e-01
2376	9.607486e-01
2377	9.702527e-01
2378	9.810437e-01
2379	9.917636e-01
2380	1.000256e+00
2381	1.004654e+00
2382	1.005394e+00
2383	1.001992e+00
2384	9.946561e-01
2385	9.844257e-01
2386	9.730631e-01
2387	9.618187e-01
2388	9.524521e-01
2389	9.458525e-01
2390	9.435570e-01
2391	9.452718e-01
2392	9.520366e-01
2393	9.628607e-01
2394	9.776499e-01
2395	9.908678e-01
2396	1.003637e+00
2397	1.011954e+00
2398	1.015564e+00
2399	1.014720e+00
2400	1.009343e+00
2401	9.996879e-01
2402	9.882741e-01
2403	9.762367e-01
2404	9.651156e-01
2405	9.571313e-01
2406	9.524696e-01
2407	9.516236e-01
2408	9.548096e-01
2409	9.600994e-01
2410	9.684383e-01
2411	9.775752e-01
2412	9.847522e-01
2413	9.902491e-01
2414	9.952365e-01
2415	9.966722e-01
2416	9.961569e-01
2417	9.935023e-01
2418	9.885292e-01
2419	9.808296e-01
2420	9.709072e-01
2421	9.621386e-01
2422	9.552779e-01
2423	9.518132e-01
2424	9.518515e-01
2425	9.558774e-01
2426	9.635037e-01
2427	9.725020e-01
2428	9.823068e-01
2429	9.908387e-01
2430	9.969979e-01
2431	1.000470e+00
2432	1.001731e+00
2433	1.002317e+00
2434	9.987088e-01
2435	9.930727e-01
2436	9.855004e-01
2437	9.768193e-01
2438	9.687440e-01
2439	9.625085e-01
2440	9.569592e-01
2441	9.531662e-01
2442	9.517425e-01
2443	9.531459e-01
2444	9.564363e-01
2445	9.621042e-01
2446	9.696706e-01
2447	9.779904e-01
2448	9.863891e-01
2449	9.933734e-01
2450	9.974408e-01
2451	9.973623e-01
2452	9.961982e-01
2453	9.929527e-01
2454	9.857636e-01
2455	9.760125e-01
2456	9.665338e-01
2457	9.581483e-01
2458	9.526409e-01
2459	9.501217e-01
2460	9.497268e-01
2461	9.529193e-01
2462	9.589053e-01
2463	9.650812e-01
2464	9.719836e-01
2465	9.793208e-01
2466	9.848849e-01
2467	9.886813e-01
2468	9.894744e-01
2469	9.869183e-01
2470	9.813834e-01
2471	9.732020e-01
2472	9.643895e-01
2473	9.576640e-01
2474	9.512079e-01
2475	9.479403e-01
2476	9.472986e-01
2477	9.485308e-01
2478	9.510003e-01
2479	9.556400e-01
2480	9.609866e-01
2481	9.658454e-01
2482	9.694763e-01
2483	9.730172e-01
2484	9.750054e-01
2485	9.765635e-01
2486	9.771062e-01
2487	9.770461e-01
2488	9.770379e-01
2489	9.762619e-01
2490	9.747234e-01
2491	9.738324e-01
2492	9.731924e-01
2493	9.736340e-01
2494	9.749822e-01
2495	9.773382e-01
2496	9.793465e-01
2497	9.796310e-01
2498	9.787638e-01
2499	9.771812e-01
2500	9.757420e-01
2501	9.738971e-01
2502	9.737645e-01
2503	9.747771e-01
2504	9.746914e-01
2505	9.743680e-01
2506	9.758402e-01
2507	9.772616e-01
2508	9.791349e-01
2509	9.791108e-01
2510	9.782412e-01
2511	9.776044e-01
2512	9.760415e-01
2513	9.745916e-01
2514	9.737355e-01
2515	9.751785e-01
2516	9.768880e-01
2517	9.788574e-01
2518	9.808499e-01
2519	9.822310e-01
2520	9.830607e-01
2521	9.828673e-01
2522	9.828484e-01
2523	9.821091e-01
2524	9.817341e-01
2525	9.805213e-01
2526	9.799270e-01
2527	9.791472e-01
2528	9.779253e-01
2529	9.768716e-01
2530	9.758738e-01
2531	9.744714e-01
2532	9.737669e-01
2533	9.735341e-01
2534	9.729736e-01
2535	9.723167e-01
2536	9.714818e-01
2537	9.708881e-01
2538	9.708963e-01
2539	9.720287e-01
2540	9.740137e-01
2541	9.758092e-01
2542	9.772758e-01
2543	9.785514e-01
2544	9.808711e-01
2545	9.816184e-01
2546	9.807024e-01
2547	9.776171e-01
2548	9.740738e-01
2549	9.692937e-01
2550	9.642782e-01
2551	9.590701e-01
2552	9.554666e-01
2553	9.531390e-01
2554	9.524285e-01
2555	9.538710e-01
2556	9.576212e-01
2557	9.628753e-01
2558	9.682112e-01
2559	9.750162e-01
2560	9.821283e-01
2561	9.892153e-01
2562	9.930546e-01
2563	9.938694e-01
2564	9.928754e-01
2565	9.875581e-01
2566	9.796969e-01
2567	9.696765e-01
2568	9.610371e-01
2569	9.539850e-01
2570	9.484621e-01
2571	9.466467e-01
2572	9.492108e-01
2573	9.545899e-01
2574	9.611870e-01
2575	9.699876e-01
2576	9.794522e-01
2577	9.898606e-01
2578	9.982948e-01
2579	1.004766e+00
2580	1.006381e+00
2581	1.004565e+00
2582	9.993692e-01
2583	9.915152e-01
2584	9.819205e-01
2585	9.719437e-01
2586	9.626311e-01
2587	9.556353e-01
2588	9.507139e-01
2589	9.507528e-01
2590	9.549214e-01
2591	9.620040e-01
2592	9.714521e-01
2593	9.819327e-01
2594	9.924257e-01
2595	1.000371e+00
2596	1.003531e+00
2597	1.004651e+00
2598	1.002335e+00
2599	9.981933e-01
2600	9.906576e-01
2601	9.820138e-01
2602	9.741492e-01
2603	9.652325e-01
2604	9.576196e-01
2605	9.539478e-01
2606	9.527293e-01
2607	9.544769e-01
2608	9.613898e-01
2609	9.722407e-01
2610	9.827134e-01
2611	9.923968e-01
2612	9.985449e-01
2613	1.002918e+00
2614	1.006491e+00
2615	1.008374e+00
2616	1.005201e+00
2617	9.979582e-01
2618	9.880116e-01
2619	9.766658e-01
2620	9.646232e-01
2621	9.533237e-01
2622	9.449447e-01
2623	9.405604e-01
2624	9.404385e-01
2625	9.442913e-01
2626	9.507683e-01
2627	9.584160e-01
2628	9.681403e-01
2629	9.782384e-01
2630	9.865224e-01
2631	9.923728e-01
2632	9.962429e-01
2633	9.984887e-01
2634	9.982397e-01
2635	9.948723e-01
2636	9.876515e-01
2637	9.788229e-01
2638	9.691813e-01
2639	9.586242e-01
2640	9.509973e-01
2641	9.461602e-01
2642	9.440510e-01
2643	9.451802e-01
2644	9.487366e-01
2645	9.549852e-01
2646	9.635395e-01
2647	9.725834e-01
2648	9.825501e-01
2649	9.903119e-01
2650	9.959822e-01
2651	1.000525e+00
2652	1.002177e+00
2653	9.999034e-01
2654	9.951432e-01
2655	9.878844e-01
2656	9.783961e-01
2657	9.683508e-01
2658	9.589535e-01
2659	9.504057e-01
2660	9.440220e-01
2661	9.400091e-01
2662	9.400938e-01
2663	9.446951e-01
2664	9.541607e-01
2665	9.667545e-01
2666	9.809513e-01
2667	9.940158e-01
2668	1.004759e+00
2669	1.013267e+00
2670	1.017339e+00
2671	1.016058e+00
2672	1.010907e+00
2673	1.000247e+00
2674	9.866166e-01
2675	9.720145e-01
2676	9.570566e-01
2677	9.420148e-01
2678	9.296983e-01
2679	9.231165e-01
2680	9.223934e-01
2681	9.263548e-01
2682	9.351627e-01
2683	9.491493e-01
2684	9.645441e-01
2685	9.819945e-01
2686	9.985045e-01
2687	1.012017e+00
2688	1.020131e+00
2689	1.022899e+00
2690	1.020607e+00
2691	1.012690e+00
2692	1.000262e+00
2693	9.857330e-01
2694	9.698440e-01
2695	9.534346e-01
2696	9.390606e-01
2697	9.279488e-01
2698	9.218490e-01
2699	9.226671e-01
2700	9.273902e-01
2701	9.371170e-01
2702	9.509366e-01
2703	9.682396e-01
2704	9.870083e-01
2705	1.004835e+00
2706	1.018360e+00
2707	1.026984e+00
2708	1.029568e+00
2709	1.026212e+00
2710	1.015662e+00
2711	1.000239e+00
2712	9.817775e-01
2713	9.607457e-01
2714	9.413654e-01
2715	9.261765e-01
2716	9.180617e-01
2717	9.162070e-01
2718	9.207355e-01
2719	9.318445e-01
2720	9.485506e-01
2721	9.681141e-01
2722	9.876976e-01
2723	1.008314e+00
2724	1.025227e+00
2725	1.036999e+00
2726	1.042925e+00
2727	1.042273e+00
2728	1.034910e+00
2729	1.021315e+00
2730	1.002349e+00
2731	9.822672e-01
2732	9.624894e-01
2733	9.441346e-01
2734	9.295393e-01
2735	9.208240e-01
2736	9.195257e-01
2737	9.247946e-01
2738	9.358441e-01
2739	9.523276e-01
2740	9.714654e-01
2741	9.902351e-01
2742	1.008331e+00
2743	1.023077e+00
2744	1.033871e+00
2745	1.038450e+00
2746	1.036597e+00
2747	1.027832e+00
2748	1.012900e+00
2749	9.931373e-01
2750	9.715368e-01
2751	9.503745e-01
2752	9.327411e-01
2753	9.196165e-01
2754	9.142398e-01
2755	9.152998e-01
2756	9.235055e-01
2757	9.381133e-01
2758	9.575486e-01
2759	9.789395e-01
2760	1.000485e+00
2761	1.019293e+00
2762	1.033620e+00
2763	1.042972e+00
2764	1.046738e+00
2765	1.043828e+00
2766	1.033431e+00
2767	1.018326e+00
2768	9.982119e-01
2769	9.760430e-01
2770	9.525745e-01
2771	9.331064e-01
2772	9.192127e-01
2773	9.133386e-01
2774	9.123869e-01
2775	9.186524e-01
2776	9.308411e-01
2777	9.474587e-01
2778	9.655172e-01
2779	9.838653e-01
2780	9.989829e-01
2781	1.010182e+00
2782	1.016210e+00
2783	1.016958e+00
2784	1.013477e+00
2785	1.004653e+00
2786	9.930766e-01
2787	9.807526e-01
2788	9.676782e-01
2789	9.547736e-01
2790	9.437164e-01
2791	9.366883e-01
2792	9.321971e-01
2793	9.312394e-01
2794	9.337721e-01
2795	9.410316e-01
2796	9.525637e-01
2797	9.655998e-01
2798	9.778812e-01
2799	9.911903e-01
2800	1.001960e+00
2801	1.008889e+00
2802	1.009710e+00
2803	1.006031e+00
2804	9.969488e-01
2805	9.846548e-01
2806	9.697722e-01
2807	9.542854e-01
2808	9.383642e-01
2809	9.264228e-01
2810	9.181811e-01
2811	9.146003e-01
2812	9.174536e-01
2813	9.244771e-01
2814	9.346596e-01
2815	9.479530e-01
2816	9.640682e-01
2817	9.797305e-01
2818	9.931820e-01
2819	1.002609e+00
2820	1.009031e+00
2821	1.011275e+00
2822	1.009997e+00
2823	1.006151e+00
2824	9.983435e-01
2825	9.880352e-01
2826	9.753623e-01
2827	9.627053e-01
2828	9.518138e-01
2829	9.438023e-01
2830	9.396361e-01
2831	9.384744e-01
2832	9.433221e-01
2833	9.518955e-01
2834	9.635955e-01
2835	9.766987e-01
2836	9.890649e-01
2837	9.988953e-01
2838	1.005680e+00
2839	1.011244e+00
2840	1.012947e+00
2841	1.012650e+00
2842	1.012134e+00
2843	1.007728e+00
2844	1.002189e+00
2845	9.933392e-01
2846	9.824427e-01
2847	9.711478e-01
2848	9.613193e-01
2849	9.540544e-01
2850	9.504122e-01
2851	9.516173e-01
2852	9.566647e-01
2853	9.656168e-01
2854	9.749817e-01
2855	9.848933e-01
2856	9.938513e-01
2857	1.001865e+00
2858	1.007923e+00
2859	1.009663e+00
2860	1.008559e+00
2861	1.003621e+00
2862	9.966776e-01
2863	9.861463e-01
2864	9.738379e-01
2865	9.625802e-01
2866	9.528008e-01
2867	9.447696e-01
2868	9.404766e-01
2869	9.409334e-01
2870	9.458448e-01
2871	9.530714e-01
2872	9.634460e-01
2873	9.760002e-01
2874	9.891146e-01
2875	1.000745e+00
2876	1.009599e+00
2877	1.014756e+00
2878	1.015825e+00
2879	1.013802e+00
2880	1.008960e+00
2881	1.000996e+00
2882	9.909377e-01
2883	9.794723e-01
2884	9.677091e-01
2885	9.582448e-01
2886	9.509213e-01
2887	9.471242e-01
2888	9.470305e-01
2889	9.505220e-01
2890	9.576962e-01
2891	9.668558e-01
2892	9.772196e-01
2893	9.884788e-01
2894	9.988001e-01
2895	1.005974e+00
2896	1.008643e+00
2897	1.008876e+00
2898	1.006136e+00
2899	1.000300e+00
2900	9.928016e-01
2901	9.833844e-01
2902	9.734798e-01
2903	9.640329e-01
2904	9.556177e-01
2905	9.485923e-01
2906	9.447506e-01
2907	9.456390e-01
2908	9.513226e-01
2909	9.592816e-01
2910	9.690778e-01
2911	9.779183e-01
2912	9.847822e-01
2913	9.907360e-01
2914	9.947177e-01
2915	9.955409e-01
2916	9.944969e-01
2917	9.911046e-01
2918	9.857411e-01
2919	9.786969e-01
2920	9.707178e-01
2921	9.638104e-01
2922	9.565010e-01
2923	9.503721e-01
2924	9.459994e-01
2925	9.437975e-01
2926	9.440359e-01
2927	9.466833e-01
2928	9.512685e-01
2929	9.581733e-01
2930	9.665701e-01
2931	9.751283e-01
2932	9.827304e-01
2933	9.895824e-01
2934	9.939803e-01
2935	9.951410e-01
2936	9.936164e-01
2937	9.891954e-01
2938	9.804874e-01
2939	9.702431e-01
2940	9.597812e-01
2941	9.498010e-01
2942	9.415502e-01
2943	9.361951e-01
2944	9.362775e-01
2945	9.386447e-01
2946	9.443504e-01
2947	9.515649e-01
2948	9.610972e-01
2949	9.721860e-01
2950	9.832846e-01
2951	9.913349e-01
2952	9.971285e-01
2953	1.000941e+00
2954	1.002919e+00
2955	1.001298e+00
2956	9.963583e-01
2957	9.893444e-01
2958	9.810554e-01
2959	9.714053e-01
2960	9.620473e-01
2961	9.537702e-01
2962	9.484422e-01
2963	9.468288e-01
2964	9.495022e-01
2965	9.551402e-01
2966	9.632254e-01
2967	9.718016e-01
2968	9.808898e-01
2969	9.893339e-01
2970	9.966295e-01
2971	1.001782e+00
2972	1.004113e+00
2973	1.003646e+00
2974	1.000502e+00
2975	9.943236e-01
2976	9.868732e-01
2977	9.799310e-01
2978	9.752162e-01
2979	9.717061e-01
2980	9.690718e-01
2981	9.673711e-01
2982	9.664296e-01
2983	9.684217e-01
2984	9.723742e-01
2985	9.759770e-01
2986	9.810282e-01
2987	9.845171e-01
2988	9.877307e-01
2989	9.897514e-01
2990	9.919958e-01
2991	9.931070e-01
2992	9.934857e-01
2993	9.909853e-01
2994	9.866061e-01
2995	9.820564e-01
2996	9.774648e-01
2997	9.727631e-01
2998	9.680945e-01
2999	9.658973e-01
3000	9.649546e-01
3001	9.653240e-01
3002	9.676543e-01
3003	9.698990e-01
3004	9.731315e-01
3005	9.765884e-01
3006	9.808346e-01
3007	9.838315e-01
3008	9.850317e-01
3009	9.850016e-01
3010	9.828242e-01
3011	9.790577e-01
3012	9.734037e-01
3013	9.672115e-01
3014	9.618612e-01
3015	9.584745e-01
3016	9.559647e-01
3017	9.547648e-01
3018	9.537252e-01
3019	9.561871e-01
3020	9.611405e-01
3021	9.680828e-01
3022	9.758505e-01
3023	9.832024e-01
3024	9.870125e-01
3025	9.883775e-01
3026	9.866100e-01
3027	9.823443e-01
3028	9.760957e-01
3029	9.690989e-01
3030	9.622846e-01
3031	9.551160e-01
3032	9.485391e-01
3033	9.442459e-01
3034	9.428833e-01
3035	9.456237e-01
3036	9.503751e-01
3037	9.567782e-01
3038	9.647048e-01
3039	9.729827e-01
3040	9.818672e-01
3041	9.886053e-01
3042	9.917693e-01
3043	9.928213e-01
3044	9.901436e-01
3045	9.850846e-01
3046	9.792162e-01
3047	9.723600e-01
3048	9.650144e-01
3049	9.591911e-01
3050	9.548232e-01
3051	9.520453e-01
3052	9.518738e-01
3053	9.540823e-01
3054	9.580893e-01
3055	9.644808e-01
3056	9.724194e-01
3057	9.811337e-01
3058	9.899092e-01
3059	9.967140e-01
3060	1.001378e+00
3061	1.003690e+00
3062	1.002811e+00
3063	9.985429e-01
3064	9.922051e-01
3065	9.819338e-01
3066	9.713134e-01
3067	9.631244e-01
3068	9.555036e-01
3069	9.507564e-01
3070	9.486178e-01
3071	9.483410e-01
3072	9.511530e-01
3073	9.560269e-01
3074	9.643556e-01
3075	9.737674e-01
3076	9.853510e-01
3077	9.963867e-01
3078	1.006127e+00
3079	1.010957e+00
3080	1.011712e+00
3081	1.008945e+00
3082	1.002726e+00
3083	9.936163e-01
3084	9.827474e-01
3085	9.689852e-01
3086	9.567310e-01
3087	9.460683e-01
3088	9.382878e-01
3089	9.355744e-01
3090	9.383638e-01
3091	9.449081e-01
3092	9.542901e-01
3093	9.654039e-01
3094	9.781550e-01
3095	9.902121e-01
3096	9.992261e-01
3097	1.003902e+00
3098	1.004749e+00
3099	1.000515e+00
3100	9.929425e-01
3101	9.824635e-01
3102	9.707065e-01
3103	9.586325e-01
3104	9.467141e-01
3105	9.371757e-01
3106	9.322013e-01
3107	9.321468e-01
3108	9.355094e-01
3109	9.443139e-01
3110	9.543341e-01
3111	9.662555e-01
3112	9.790529e-01
3113	9.916132e-01
3114	1.003042e+00
3115	1.011149e+00
3116	1.012825e+00
3117	1.010274e+00
3118	1.002550e+00
3119	9.913170e-01
3120	9.771826e-01
3121	9.631651e-01
3122	9.503422e-01
3123	9.399328e-01
3124	9.328067e-01
3125	9.317536e-01
3126	9.370489e-01
3127	9.470631e-01
3128	9.607693e-01
3129	9.753919e-01
3130	9.896215e-01
3131	1.003520e+00
3132	1.012975e+00
3133	1.018890e+00
3134	1.020886e+00
3135	1.017340e+00
3136	1.009711e+00
3137	9.966650e-01
3138	9.823375e-01
3139	9.674695e-01
3140	9.541212e-01
3141	9.434181e-01
3142	9.364795e-01
3143	9.342016e-01
3144	9.364756e-01
3145	9.431822e-01
3146	9.542703e-01
3147	9.670169e-01
3148	9.814182e-01
3149	9.956040e-01
3150	1.006626e+00
3151	1.015227e+00
3152	1.020571e+00
3153	1.021441e+00
3154	1.018374e+00
3155	1.008924e+00
3156	9.946936e-01
3157	9.761494e-01
3158	9.569092e-01
3159	9.387254e-01
3160	9.238428e-01
3161	9.145860e-01
3162	9.129262e-01
3163	9.189566e-01
3164	9.327219e-01
3165	9.497906e-01
3166	9.687948e-01
3167	9.873283e-01
3168	1.003420e+00
3169	1.015899e+00
3170	1.022409e+00
3171	1.023106e+00
3172	1.017566e+00
3173	1.007327e+00
3174	9.928012e-01
3175	9.757414e-01
3176	9.583221e-01
3177	9.423722e-01
3178	9.299397e-01
3179	9.216606e-01
3180	9.182505e-01
3181	9.208927e-01
3182	9.302586e-01
3183	9.437000e-01
3184	9.592119e-01
3185	9.760060e-01
3186	9.911526e-01
3187	1.002757e+00
3188	1.010096e+00
3189	1.010915e+00
3190	1.005285e+00
3191	9.949509e-01
3192	9.828658e-01
3193	9.700203e-01
3194	9.585810e-01
3195	9.506038e-01
3196	9.476279e-01
3197	9.475803e-01
3198	9.504782e-01
3199	9.556645e-01
3200	9.640474e-01
3201	9.722458e-01
3202	9.806825e-01
3203	9.884310e-01
3204	9.937196e-01
3205	9.961340e-01
3206	9.970396e-01
3207	9.962644e-01
3208	9.931486e-01
3209	9.883432e-01
3210	9.839956e-01
3211	9.786638e-01
3212	9.743514e-01
3213	9.713799e-01
3214	9.697855e-01
3215	9.705135e-01
3216	9.720635e-01
3217	9.749490e-01
3218	9.796842e-01
3219	9.833172e-01
3220	9.851542e-01
3221	9.857345e-01
3222	9.860714e-01
3223	9.860168e-01
3224	9.838807e-01
3225	9.803967e-01
3226	9.777368e-01
3227	9.751441e-01
3228	9.724144e-01
3229	9.716519e-01
3230	9.710101e-01
3231	9.717317e-01
3232	9.730838e-01
3233	9.755896e-01
3234	9.793251e-01
3235	9.838001e-01
3236	9.880963e-01
3237	9.915149e-01
3238	9.930337e-01
3239	9.919157e-01
3240	9.903660e-01
3241	9.862128e-01
3242	9.816329e-01
3243	9.765579e-01
3244	9.711790e-01
3245	9.668552e-01
3246	9.634826e-01
3247	9.614870e-01
3248	9.610675e-01
3249	9.629290e-01
3250	9.645863e-01
3251	9.665359e-01
3252	9.685128e-01
3253	9.711405e-01
3254	9.737842e-01
3255	9.754167e-01
3256	9.760310e-01
3257	9.737910e-01
3258	9.721546e-01
3259	9.693730e-01
3260	9.662309e-01
3261	9.645117e-01
3262	9.651963e-01
3263	9.679615e-01
3264	9.721198e-01
3265	9.748769e-01
3266	9.772619e-01
3267	9.792490e-01
3268	9.808830e-01
3269	9.813261e-01
3270	9.800599e-01
3271	9.772733e-01
3272	9.742652e-01
3273	9.701496e-01
3274	9.654446e-01
3275	9.597604e-01
3276	9.562993e-01
3277	9.552210e-01
3278	9.559504e-01
3279	9.599104e-01
3280	9.668209e-01
3281	9.737996e-01
3282	9.814358e-01
3283	9.873361e-01
3284	9.904649e-01
3285	9.914565e-01
3286	9.897038e-01
3287	9.856007e-01
3288	9.793140e-01
3289	9.733005e-01
3290	9.683780e-01
3291	9.659238e-01
3292	9.626804e-01
3293	9.614143e-01
3294	9.605601e-01
3295	9.623210e-01
3296	9.664410e-01
3297	9.715757e-01
3298	9.759990e-01
3299	9.800695e-01
3300	9.833738e-01
3301	9.865490e-01
3302	9.874361e-01
3303	9.879830e-01
3304	9.851235e-01
3305	9.821951e-01
3306	9.772743e-01
3307	9.729397e-01
3308	9.701698e-01
3309	9.683333e-01
3310	9.678716e-01
3311	9.685904e-01
3312	9.695501e-01
3313	9.710575e-01
3314	9.718819e-01
3315	9.744836e-01
3316	9.754649e-01
3317	9.756651e-01
3318	9.745611e-01
3319	9.721698e-01
3320	9.699286e-01
3321	9.669669e-01
3322	9.642550e-01
3323	9.614087e-01
3324	9.592416e-01
3325	9.576086e-01
3326	9.570300e-01
3327	9.588721e-01
3328	9.616010e-01
3329	9.649994e-01
3330	9.697562e-01
3331	9.740669e-01
3332	9.785807e-01
3333	9.820555e-01
3334	9.828168e-01
3335	9.825595e-01
3336	9.808769e-01
3337	9.766199e-01
3338	9.728961e-01
3339	9.670815e-01
3340	9.610129e-01
3341	9.565411e-01
3342	9.526492e-01
3343	9.505052e-01
3344	9.503072e-01
3345	9.524530e-01
3346	9.575371e-01
3347	9.652813e-01
3348	9.736708e-01
3349	9.823353e-01
3350	9.897706e-01
3351	9.959958e-01
3352	9.988865e-01
3353	9.984406e-01
3354	9.959591e-01
3355	9.909032e-01
3356	9.847817e-01
3357	9.769472e-01
3358	9.690445e-01
3359	9.624659e-01
3360	9.582276e-01
3361	9.561081e-01
3362	9.571302e-01
3363	9.614240e-01
3364	9.681561e-01
3365	9.754650e-01
3366	9.839669e-01
3367	9.917849e-01
3368	9.972655e-01
3369	1.000647e+00
3370	1.002164e+00
3371	1.000354e+00
3372	9.954653e-01
3373	9.887491e-01
3374	9.822216e-01
3375	9.743077e-01
3376	9.670489e-01
3377	9.605328e-01
3378	9.557488e-01
3379	9.529780e-01
3380	9.506630e-01
3381	9.517004e-01
3382	9.564818e-01
3383	9.655484e-01
3384	9.747605e-01
3385	9.840248e-01
3386	9.935849e-01
3387	1.002771e+00
3388	1.008902e+00
3389	1.007738e+00
3390	1.002682e+00
3391	9.936083e-01
3392	9.822046e-01
3393	9.707371e-01
3394	9.599098e-01
3395	9.509930e-01
3396	9.460298e-01
3397	9.430796e-01
3398	9.436440e-01
3399	9.492894e-01
3400	9.577731e-01
3401	9.681912e-01
3402	9.761498e-01
3403	9.838837e-01
3404	9.908600e-01
3405	9.953139e-01
3406	9.969047e-01
3407	9.943120e-01
3408	9.880980e-01
3409	9.794176e-01
3410	9.700999e-01
3411	9.617734e-01
3412	9.547983e-01
3413	9.498568e-01
3414	9.475758e-01
3415	9.470768e-01
3416	9.501813e-01
3417	9.554645e-01
3418	9.619882e-01
3419	9.691001e-01
3420	9.765546e-01
3421	9.821630e-01
3422	9.864789e-01
3423	9.882226e-01
3424	9.864234e-01
3425	9.818589e-01
3426	9.752239e-01
3427	9.691621e-01
3428	9.642456e-01
3429	9.602685e-01
3430	9.587537e-01
3431	9.585707e-01
3432	9.618606e-01
3433	9.667789e-01
3434	9.732155e-01
3435	9.808992e-01
3436	9.900158e-01
3437	9.977185e-01
3438	1.005844e+00
3439	1.009867e+00
3440	1.010470e+00
3441	1.008644e+00
3442	1.003207e+00
3443	9.949346e-01
3444	9.858538e-01
3445	9.769708e-01
3446	9.682509e-01
3447	9.604019e-01
3448	9.540512e-01
3449	9.513958e-01
3450	9.514836e-01
3451	9.544941e-01
3452	9.605208e-01
3453	9.691204e-01
3454	9.796582e-01
3455	9.897070e-01
3456	9.983217e-01
3457	1.003643e+00
3458	1.006685e+00
3459	1.005823e+00
3460	1.001187e+00
3461	9.941079e-01
3462	9.855835e-01
3463	9.752338e-01
3464	9.644597e-01
3465	9.552278e-01
3466	9.482344e-01
3467	9.435941e-01
3468	9.430539e-01
3469	9.463530e-01
3470	9.533346e-01
3471	9.633959e-01
3472	9.723757e-01
3473	9.812650e-01
3474	9.902381e-01
3475	9.978223e-01
3476	1.002191e+00
3477	1.002577e+00
3478	9.995579e-01
3479	9.938089e-01
3480	9.859072e-01
3481	9.752539e-01
3482	9.632144e-01
3483	9.518279e-01
3484	9.431958e-01
3485	9.393274e-01
3486	9.392979e-01
3487	9.432920e-01
3488	9.510347e-01
3489	9.616437e-01
3490	9.739412e-01
3491	9.854078e-01
3492	9.970089e-01
3493	1.006081e+00
3494	1.011891e+00
3495	1.012951e+00
3496	1.009823e+00
3497	1.002655e+00
3498	9.921654e-01
3499	9.792370e-01
3500	9.665812e-01
3501	9.549161e-01
3502	9.458125e-01
3503	9.408525e-01
3504	9.408214e-01
3505	9.442281e-01
3506	9.498479e-01
3507	9.592592e-01
3508	9.709958e-01
3509	9.847273e-01
3510	9.962806e-01
3511	1.004270e+00
3512	1.008656e+00
3513	1.008721e+00
3514	1.004922e+00
3515	9.969708e-01
3516	9.865165e-01
3517	9.733031e-01
3518	9.583891e-01
3519	9.455374e-01
3520	9.359614e-01
3521	9.315339e-01
3522	9.325195e-01
3523	9.384986e-01
3524	9.481582e-01
3525	9.616630e-01
3526	9.781084e-01
3527	9.947116e-01
3528	1.008965e+00
3529	1.019412e+00
3530	1.025367e+00
3531	1.026456e+00
3532	1.023323e+00
3533	1.015908e+00
3534	1.003570e+00
3535	9.869393e-01
3536	9.680976e-01
3537	9.498581e-01
3538	9.344922e-01
3539	9.241994e-01
3540	9.212549e-01
3541	9.261863e-01
3542	9.376432e-01
3543	9.551938e-01
3544	9.756145e-01
3545	9.969964e-01
3546	1.017631e+00
3547	1.032671e+00
3548	1.040724e+00
3549	1.042021e+00
3550	1.036029e+00
3551	1.024286e+00
3552	1.005887e+00
3553	9.842351e-01
3554	9.615969e-01
3555	9.389368e-01
3556	9.201891e-01
3557	9.070657e-01
3558	9.025224e-01
3559	9.070997e-01
3560	9.206620e-01
3561	9.392725e-01
3562	9.614659e-01
3563	9.849631e-01
3564	1.008397e+00
3565	1.027999e+00
3566	1.041735e+00
3567	1.048316e+00
3568	1.046757e+00
3569	1.037563e+00
3570	1.020689e+00
3571	9.978337e-01
3572	9.704756e-01
3573	9.423301e-01
3574	9.170343e-01
3575	8.982120e-01
3576	8.864673e-01
3577	8.853719e-01
3578	8.930700e-01
3579	9.086943e-01
3580	9.317322e-01
3581	9.584226e-01
3582	9.845659e-01
3583	1.008875e+00
3584	1.028263e+00
3585	1.040044e+00
3586	1.043470e+00
3587	1.037532e+00
3588	1.024609e+00
3589	1.004516e+00
3590	9.793292e-01
3591	9.518917e-01
3592	9.266510e-01
3593	9.058303e-01
3594	8.934406e-01
3595	8.880837e-01
3596	8.921115e-01
3597	9.069398e-01
3598	9.278029e-01
3599	9.539094e-01
3600	9.813537e-01
3601	1.006724e+00
3602	1.028402e+00
3603	1.044376e+00
3604	1.052421e+00
3605	1.051859e+00
3606	1.042544e+00
3607	1.024735e+00
3608	1.000897e+00
3609	9.745271e-01
3610	9.487446e-01
3611	9.257157e-01
3612	9.086900e-01
3613	8.997014e-01
3614	8.996175e-01
3615	9.101572e-01
3616	9.281629e-01
3617	9.516950e-01
3618	9.776928e-01
3619	1.003660e+00
3620	1.026304e+00
3621	1.044679e+00
3622	1.057310e+00
3623	1.061293e+00
3624	1.058238e+00
3625	1.047901e+00
3626	1.031360e+00
3627	1.010862e+00
3628	9.863600e-01
3629	9.612116e-01
3630	9.376014e-01
3631	9.204901e-01
3632	9.106046e-01
3633	9.107607e-01
3634	9.195733e-01
3635	9.364867e-01
3636	9.576552e-01
3637	9.829670e-01
3638	1.008721e+00
3639	1.030339e+00
3640	1.046439e+00
3641	1.054463e+00
3642	1.054569e+00
3643	1.045224e+00
3644	1.029214e+00
3645	1.007774e+00
3646	9.809426e-01
3647	9.522753e-01
3648	9.255249e-01
3649	9.046510e-01
3650	8.923782e-01
3651	8.900801e-01
3652	8.992680e-01
3653	9.174402e-01
3654	9.433869e-01
3655	9.715679e-01
3656	1.001142e+00
3657	1.027899e+00
3658	1.049429e+00
3659	1.060733e+00
3660	1.062339e+00
3661	1.053923e+00
3662	1.035739e+00
3663	1.009392e+00
3664	9.792744e-01
3665	9.482788e-01
3666	9.216963e-01
3667	9.025110e-01
3668	8.923158e-01
3669	8.921953e-01
3670	9.026513e-01
3671	9.216700e-01
3672	9.459205e-01
3673	9.727496e-01
3674	9.988316e-01
3675	1.020864e+00
3676	1.036148e+00
3677	1.044788e+00
3678	1.046511e+00
3679	1.041574e+00
3680	1.028509e+00
3681	1.008971e+00
3682	9.848162e-01
3683	9.597537e-01
3684	9.360993e-01
3685	9.187705e-01
3686	9.089877e-01
3687	9.072460e-01
3688	9.136868e-01
3689	9.276149e-01
3690	9.459977e-01
3691	9.679041e-01
3692	9.898790e-01
3693	1.011071e+00
3694	1.026918e+00
3695	1.037138e+00
3696	1.041725e+00
3697	1.039546e+00
3698	1.030110e+00
3699	1.015089e+00
3700	9.946467e-01
3701	9.728150e-01
3702	9.519596e-01
3703	9.340822e-01
3704	9.221757e-01
3705	9.174228e-01
3706	9.196356e-01
3707	9.278324e-01
3708	9.407524e-01
3709	9.580227e-01
3710	9.776047e-01
3711	9.976931e-01
3712	1.014275e+00
3713	1.025282e+00
3714	1.032492e+00
3715	1.031659e+00
3716	1.023301e+00
3717	1.008047e+00
3718	9.887936e-01
3719	9.678719e-01
3720	9.472747e-01
3721	9.305484e-01
3722	9.192762e-01
3723	9.150328e-01
3724	9.171988e-01
3725	9.269214e-01
3726	9.409802e-01
3727	9.589054e-01
3728	9.784197e-01
3729	9.975083e-01
3730	1.013361e+00
3731	1.023926e+00
3732	1.027811e+00
3733	1.023214e+00
3734	1.011915e+00
3735	9.962892e-01
3736	9.775156e-01
3737	9.576575e-01
3738	9.390969e-01
3739	9.230441e-01
3740	9.128106e-01
3741	9.091279e-01
3742	9.130031e-01
3743	9.238218e-01
3744	9.406962e-01
3745	9.603421e-01
3746	9.805477e-01
3747	9.993818e-01
3748	1.013477e+00
3749	1.021508e+00
3750	1.021779e+00
3751	1.015533e+00
3752	1.003727e+00
3753	9.875458e-01
3754	9.672851e-01
3755	9.473097e-01
3756	9.297530e-01
3757	9.161273e-01
3758	9.089041e-01
3759	9.086558e-01
3760	9.181195e-01
3761	9.336933e-01
3762	9.518360e-01
3763	9.727419e-01
3764	9.938082e-01
3765	1.012485e+00
3766	1.026640e+00
3767	1.034417e+00
3768	1.033499e+00
3769	1.025348e+00
3770	1.011779e+00
3771	9.930903e-01
3772	9.715649e-01
3773	9.502302e-01
3774	9.310159e-01
3775	9.169968e-01
3776	9.103220e-01
3777	9.120728e-01
3778	9.202114e-01
3779	9.352531e-01
3780	9.538163e-01
3781	9.756200e-01
3782	9.971622e-01
3783	1.015804e+00
3784	1.029625e+00
3785	1.038132e+00
3786	1.038197e+00
3787	1.031046e+00
3788	1.017268e+00
3789	9.976232e-01
3790	9.751245e-01
3791	9.525738e-01
3792	9.314469e-01
3793	9.136057e-01
3794	9.015104e-01
3795	8.973312e-01
3796	9.010387e-01
3797	9.139945e-01
3798	9.339712e-01
3799	9.585442e-01
3800	9.850177e-01
3801	1.010043e+00
3802	1.031631e+00
3803	1.045822e+00
3804	1.051738e+00
3805	1.048422e+00
3806	1.036985e+00
3807	1.018351e+00
3808	9.947181e-01
3809	9.701153e-01
3810	9.457974e-01
3811	9.234770e-01
3812	9.076899e-01
3813	9.002698e-01
3814	9.041140e-01
3815	9.171556e-01
3816	9.369992e-01
3817	9.597060e-01
3818	9.834877e-01
3819	1.004971e+00
3820	1.022921e+00
3821	1.035221e+00
3822	1.039935e+00
3823	1.037317e+00
3824	1.028027e+00
3825	1.013043e+00
3826	9.930898e-01
3827	9.701353e-01
3828	9.461437e-01
3829	9.259450e-01
3830	9.121130e-01
3831	9.063408e-01
3832	9.102057e-01
3833	9.218175e-01
3834	9.402504e-01
3835	9.619300e-01
3836	9.855424e-01
3837	1.007203e+00
3838	1.025317e+00
3839	1.038423e+00
3840	1.045672e+00
3841	1.045047e+00
3842	1.037262e+00
3843	1.023332e+00
3844	1.003131e+00
3845	9.804068e-01
3846	9.563750e-01
3847	9.345437e-01
3848	9.164991e-01
3849	9.050607e-01
3850	9.017487e-01
3851	9.064945e-01
3852	9.196005e-01
3853	9.397669e-01
3854	9.630760e-01
3855	9.858547e-01
3856	1.006320e+00
3857	1.024365e+00
3858	1.034459e+00
3859	1.037033e+00
3860	1.032791e+00
3861	1.021644e+00
3862	1.004530e+00
3863	9.845191e-01
3864	9.632469e-01
3865	9.438391e-01
3866	9.299266e-01
3867	9.213019e-01
3868	9.188148e-01
3869	9.219208e-01
3870	9.317791e-01
3871	9.460146e-01
3872	9.626082e-01
3873	9.795519e-01
3874	9.954966e-01
3875	1.008620e+00
3876	1.018560e+00
3877	1.022662e+00
3878	1.020101e+00
3879	1.013357e+00
3880	1.000469e+00
3881	9.857652e-01
3882	9.687613e-01
3883	9.514018e-01
3884	9.362040e-01
3885	9.246466e-01
3886	9.200769e-01
3887	9.220742e-01
3888	9.310349e-01
3889	9.445081e-01
3890	9.605021e-01
3891	9.779264e-01
3892	9.963037e-01
3893	1.011441e+00
3894	1.021104e+00
3895	1.026689e+00
3896	1.024794e+00
3897	1.016769e+00
3898	1.003746e+00
3899	9.865826e-01
3900	9.675267e-01
3901	9.488209e-01
3902	9.343685e-01
3903	9.243264e-01
3904	9.209159e-01
3905	9.247367e-01
3906	9.332519e-01
3907	9.477900e-01
3908	9.657461e-01
3909	9.846867e-01
3910	1.001435e+00
3911	1.014993e+00
3912	1.025305e+00
3913	1.029624e+00
3914	1.029484e+00
3915	1.023024e+00
3916	1.010461e+00
3917	9.948278e-01
3918	9.769118e-01
3919	9.575313e-01
3920	9.423699e-01
3921	9.307765e-01
3922	9.241903e-01
3923	9.234511e-01
3924	9.293408e-01
3925	9.399387e-01
3926	9.537294e-01
3927	9.695251e-01
3928	9.866400e-01
3929	1.002688e+00
3930	1.014085e+00
3931	1.020342e+00
3932	1.022908e+00
3933	1.020888e+00
3934	1.012880e+00
3935	1.000922e+00
3936	9.834308e-01
3937	9.657954e-01
3938	9.494764e-01
3939	9.373355e-01
3940	9.300468e-01
3941	9.274547e-01
3942	9.305283e-01
3943	9.387702e-01
3944	9.507651e-01
3945	9.664883e-01
3946	9.837414e-01
3947	9.986298e-01
3948	1.011803e+00
3949	1.020873e+00
3950	1.024840e+00
3951	1.020779e+00
3952	1.012322e+00
3953	9.981813e-01
3954	9.821070e-01
3955	9.652670e-01
3956	9.495563e-01
3957	9.377803e-01
3958	9.311935e-01
3959	9.288221e-01
3960	9.323758e-01
3961	9.405663e-01
3962	9.510939e-01
3963	9.642197e-01
3964	9.775398e-01
3965	9.900054e-01
3966	1.001437e+00
3967	1.008899e+00
3968	1.012621e+00
3969	1.014494e+00
3970	1.011066e+00
3971	1.001977e+00
3972	9.914693e-01
3973	9.794391e-01
3974	9.673218e-01
3975	9.584327e-01
3976	9.528813e-01
3977	9.508482e-01
3978	9.517788e-01
3979	9.556978e-01
3980	9.639438e-01
3981	9.733540e-01
3982	9.831536e-01
3983	9.913513e-01
3984	9.984065e-01
3985	1.004736e+00
3986	1.009671e+00
3987	1.012405e+00
3988	1.010894e+00
3989	1.006741e+00
3990	9.995379e-01
3991	9.899951e-01
3992	9.799228e-01
3993	9.701292e-01
3994	9.606442e-01
3995	9.530364e-01
3996	9.491624e-01
3997	9.498826e-01
3998	9.534432e-01
3999	9.602988e-01
4000	9.688474e-01
4001	9.778182e-01
4002	9.880571e-01
4003	9.973063e-01
4004	1.003149e+00
4005	1.007154e+00
4006	1.008776e+00
4007	1.006286e+00
4008	9.989586e-01
4009	9.906276e-01
4010	9.827100e-01
4011	9.759387e-01
4012	9.703864e-01
4013	9.665129e-01
4014	9.637325e-01
4015	9.625990e-01
4016	9.642294e-01
4017	9.687559e-01
4018	9.759167e-01
4019	9.837337e-01
4020	9.897512e-01
4021	9.939657e-01
4022	9.957110e-01
4023	9.954225e-01
4024	9.930021e-01
4025	9.877108e-01
4026	9.808179e-01
4027	9.753990e-01
4028	9.711505e-01
4029	9.679408e-01
4030	9.644368e-01
4031	9.649312e-01
4032	9.685183e-01
4033	9.720774e-01
4034	9.753470e-01
4035	9.788088e-01
4036	9.821814e-01
4037	9.840146e-01
4038	9.848779e-01
4039	9.849266e-01
4040	9.830198e-01
4041	9.798399e-01
4042	9.759621e-01
4043	9.731770e-01
4044	9.702208e-01
4045	9.662112e-01
4046	9.624219e-01
4047	9.622351e-01
4048	9.627393e-01
4049	9.645381e-01
4050	9.672623e-01
4051	9.710542e-01
4052	9.748747e-01
4053	9.792793e-01
4054	9.839169e-01
4055	9.876840e-01
4056	9.893174e-01
4057	9.890403e-01
4058	9.855715e-01
4059	9.800412e-01
4060	9.733175e-01
4061	9.677508e-01
4062	9.630553e-01
4063	9.601208e-01
4064	9.598959e-01
4065	9.600674e-01
4066	9.624131e-01
4067	9.663336e-01
4068	9.735541e-01
4069	9.815321e-01
4070	9.897320e-01
4071	9.954784e-01
4072	9.978421e-01
4073	9.981530e-01
4074	9.957993e-01
4075	9.904477e-01
4076	9.846957e-01
4077	9.806968e-01
4078	9.775813e-01
4079	9.755026e-01
4080	9.732544e-01
4081	9.713706e-01
4082	9.699988e-01
4083	9.701946e-01
4084	9.718342e-01
4085	9.749985e-01
4086	9.761793e-01
4087	9.768507e-01
4088	9.774003e-01
4089	9.790604e-01
4090	9.805560e-01
4091	9.826687e-01
4092	9.838889e-01
4093	9.859210e-01
4094	9.871320e-01
4095	9.873621e-01
4096	9.855007e-01
4097	9.841085e-01
4098	9.827764e-01
4099	9.810554e-01
4100	9.791234e-01
4101	9.784367e-01
4102	9.779576e-01
4103	9.747541e-01
4104	9.707217e-01
4105	9.654746e-01
4106	9.607804e-01
4107	9.574479e-01
4108	9.551176e-01
4109	9.560734e-01
4110	9.587876e-01
4111	9.619087e-01
4112	9.654290e-01
4113	9.702445e-01
4114	9.754159e-01
4115	9.793371e-01
4116	9.823054e-01
4117	9.838794e-01
4118	9.827969e-01
4119	9.788102e-01
4120	9.742898e-01
4121	9.701837e-01
4122	9.665717e-01
4123	9.636599e-01
4124	9.610615e-01
4125	9.602776e-01
4126	9.616814e-01
4127	9.632118e-01
4128	9.655898e-01
4129	9.692067e-01
4130	9.736088e-01
4131	9.784928e-01
4132	9.828159e-01
4133	9.862807e-01
4134	9.870095e-01
4135	9.870613e-01
4136	9.863194e-01
4137	9.845872e-01
4138	9.816775e-01
4139	9.779975e-01
4140	9.743148e-01
4141	9.714269e-01
4142	9.692929e-01
4143	9.680310e-01
4144	9.670580e-01
4145	9.665298e-01
4146	9.683462e-01
4147	9.692765e-01
4148	9.713709e-01
4149	9.759616e-01
4150	9.803642e-01
4151	9.837721e-01
4152	9.859560e-01
4153	9.876074e-01
4154	9.862979e-01
4155	9.822841e-01
4156	9.772267e-01
4157	9.732041e-01
4158	9.687687e-01
4159	9.661084e-01
4160	9.658217e-01
4161	9.675867e-01
4162	9.705240e-01
4163	9.742326e-01
4164	9.786152e-01
4165	9.837077e-01
4166	9.889167e-01
4167	9.919233e-01
4168	9.921213e-01
4169	9.894503e-01
4170	9.841538e-01
4171	9.783029e-01
4172	9.740208e-01
4173	9.699935e-01
4174	9.677722e-01
4175	9.661366e-01
4176	9.649757e-01
4177	9.653699e-01
4178	9.684379e-01
4179	9.711179e-01
4180	9.746600e-01
4181	9.800382e-01
4182	9.840883e-01
4183	9.858170e-01
4184	9.850223e-01
4185	9.830243e-01
4186	9.808429e-01
4187	9.779478e-01
4188	9.735096e-01
4189	9.684092e-01
4190	9.649771e-01
4191	9.624682e-01
4192	9.622131e-01
4193	9.625918e-01
4194	9.657844e-01
4195	9.692033e-01
4196	9.722227e-01
4197	9.745721e-01
4198	9.772108e-01
4199	9.799225e-01
4200	9.812675e-01
4201	9.826185e-01
4202	9.824843e-01
4203	9.827382e-01
4204	9.813190e-01
4205	9.788377e-01
4206	9.760223e-01
4207	9.733035e-01
4208	9.706293e-01
4209	9.694814e-01
4210	9.702921e-01
4211	9.735609e-01
4212	9.768690e-01
4213	9.791923e-01
4214	9.802376e-01
4215	9.812270e-01
4216	9.814584e-01
4217	9.813519e-01
4218	9.810303e-01
4219	9.815839e-01
4220	9.818053e-01
4221	9.819123e-01
4222	9.814421e-01
4223	9.809793e-01
4224	9.788926e-01
4225	9.750382e-01
4226	9.702860e-01
4227	9.654517e-01
4228	9.611302e-01
4229	9.575870e-01
4230	9.558671e-01
4231	9.562184e-01
4232	9.593749e-01
4233	9.647006e-01
4234	9.706337e-01
4235	9.776528e-01
4236	9.839816e-01
4237	9.911441e-01
4238	9.972601e-01
4239	1.000186e+00
4240	1.001171e+00
4241	9.991394e-01
4242	9.954803e-01
4243	9.890308e-01
4244	9.810525e-01
4245	9.720948e-01
4246	9.624385e-01
4247	9.555152e-01
4248	9.522542e-01
4249	9.519171e-01
4250	9.552131e-01
4251	9.608987e-01
4252	9.697625e-01
4253	9.776922e-01
4254	9.842222e-01
4255	9.903965e-01
4256	9.932252e-01
4257	9.944715e-01
4258	9.937824e-01
4259	9.912662e-01
4260	9.854728e-01
4261	9.793589e-01
4262	9.731350e-01
4263	9.668871e-01
4264	9.617701e-01
4265	9.563448e-01
4266	9.524336e-01
4267	9.518613e-01
4268	9.535738e-01
4269	9.583359e-01
4270	9.651766e-01
4271	9.730439e-01
4272	9.815968e-01
4273	9.888305e-01
4274	9.935203e-01
4275	9.952681e-01
4276	9.949362e-01
4277	9.936456e-01
4278	9.902642e-01
4279	9.852632e-01
4280	9.791185e-01
4281	9.727837e-01
4282	9.653771e-01
4283	9.572656e-01
4284	9.505274e-01
4285	9.464069e-01
4286	9.467602e-01
4287	9.497292e-01
4288	9.558966e-01
4289	9.637180e-01
4290	9.734715e-01
4291	9.832661e-01
4292	9.905476e-01
4293	9.959295e-01
4294	9.992267e-01
4295	1.001086e+00
4296	9.994045e-01
4297	9.942869e-01
4298	9.875101e-01
4299	9.784902e-01
4300	9.687055e-01
4301	9.602530e-01
4302	9.541358e-01
4303	9.515362e-01
4304	9.524402e-01
4305	9.560969e-01
4306	9.618086e-01
4307	9.695630e-01
4308	9.781710e-01
4309	9.851810e-01
4310	9.909468e-01
4311	9.942071e-01
4312	9.951887e-01
4313	9.956736e-01
4314	9.933417e-01
4315	9.902079e-01
4316	9.847434e-01
4317	9.785630e-01
4318	9.728818e-01
4319	9.668072e-01
4320	9.613029e-01
4321	9.569132e-01
4322	9.557769e-01
4323	9.572123e-01
4324	9.594184e-01
4325	9.619339e-01
4326	9.666454e-01
4327	9.724290e-01
4328	9.786845e-01
4329	9.830577e-01
4330	9.860373e-01
4331	9.893644e-01
4332	9.909229e-01
4333	9.905678e-01
4334	9.873611e-01
4335	9.817741e-01
4336	9.747303e-01
4337	9.674441e-01
4338	9.594192e-01
4339	9.516217e-01
4340	9.462275e-01
4341	9.440467e-01
4342	9.440914e-01
4343	9.487323e-01
4344	9.554892e-01
4345	9.630736e-01
4346	9.721173e-01
4347	9.801309e-01
4348	9.866948e-01
4349	9.914512e-01
4350	9.935717e-01
4351	9.921776e-01
4352	9.872768e-01
4353	9.812809e-01
4354	9.748053e-01
4355	9.685252e-01
4356	9.614717e-01
4357	9.543754e-01
4358	9.498543e-01
4359	9.476702e-01
4360	9.474592e-01
4361	9.491636e-01
4362	9.523495e-01
4363	9.572946e-01
4364	9.638413e-01
4365	9.696197e-01
4366	9.732702e-01
4367	9.753317e-01
4368	9.782477e-01
4369	9.797410e-01
4370	9.800237e-01
4371	9.799657e-01
4372	9.786610e-01
4373	9.752131e-01
4374	9.704639e-01
4375	9.643923e-01
4376	9.605173e-01
4377	9.567120e-01
4378	9.536347e-01
4379	9.517083e-01
4380	9.515484e-01
4381	9.553509e-01
4382	9.608627e-01
4383	9.657608e-01
4384	9.708561e-01
4385	9.748038e-01
4386	9.778945e-01
4387	9.793964e-01
4388	9.795101e-01
4389	9.780272e-01
4390	9.764436e-01
4391	9.743720e-01
4392	9.700281e-01
4393	9.662262e-01
4394	9.628503e-01
4395	9.607192e-01
4396	9.594934e-01
4397	9.591453e-01
4398	9.605088e-01
4399	9.630106e-01
4400	9.668786e-01
4401	9.710398e-01
4402	9.766006e-01
4403	9.797884e-01
4404	9.829891e-01
4405	9.832463e-01
4406	9.810639e-01
4407	9.774800e-01
4408	9.745439e-01
4409	9.714814e-01
4410	9.670182e-01
4411	9.633092e-01
4412	9.603261e-01
4413	9.583929e-01
4414	9.582501e-01
4415	9.591240e-01
4416	9.615171e-01
4417	9.661890e-01
4418	9.711942e-01
4419	9.763349e-01
4420	9.794146e-01
4421	9.803140e-01
4422	9.790849e-01
4423	9.760340e-01
4424	9.727761e-01
4425	9.677967e-01
4426	9.620537e-01
4427	9.551507e-01
4428	9.497353e-01
4429	9.472538e-01
4430	9.470329e-01
4431	9.490433e-01
4432	9.557339e-01
4433	9.655070e-01
4434	9.759161e-01
4435	9.859208e-01
4436	9.936440e-01
4437	9.992044e-01
4438	1.001966e+00
4439	1.001051e+00
4440	9.964286e-01
4441	9.903335e-01
4442	9.829525e-01
4443	9.751952e-01
4444	9.674203e-01
4445	9.607947e-01
4446	9.546118e-01
4447	9.517928e-01
4448	9.518238e-01
4449	9.545478e-01
4450	9.595006e-01
4451	9.647335e-01
4452	9.706558e-01
4453	9.749464e-01
4454	9.790763e-01
4455	9.822518e-01
4456	9.847992e-01
4457	9.852719e-01
4458	9.843910e-01
4459	9.820693e-01
4460	9.791767e-01
4461	9.756952e-01
4462	9.726850e-01
4463	9.687081e-01
4464	9.650822e-01
4465	9.599248e-01
4466	9.547596e-01
4467	9.512947e-01
4468	9.490039e-01
4469	9.486587e-01
4470	9.511887e-01
4471	9.554923e-01
4472	9.625280e-01
4473	9.707040e-01
4474	9.795720e-01
4475	9.875275e-01
4476	9.917161e-01
4477	9.939079e-01
4478	9.920172e-01
4479	9.889255e-01
4480	9.839821e-01
4481	9.772370e-01
4482	9.692938e-01
4483	9.630740e-01
4484	9.581780e-01
4485	9.547680e-01
4486	9.533081e-01
4487	9.542597e-01
4488	9.569769e-01
4489	9.610768e-01
4490	9.657859e-01
4491	9.710097e-01
4492	9.754658e-01
4493	9.795641e-01
4494	9.824174e-01
4495	9.856881e-01
4496	9.871278e-01
4497	9.865941e-01
4498	9.842146e-01
4499	9.813084e-01
4500	9.787265e-01
4501	9.751790e-01
4502	9.704928e-01
4503	9.649934e-01
4504	9.591810e-01
4505	9.560792e-01
4506	9.555447e-01
4507	9.574381e-01
4508	9.596947e-01
4509	9.637476e-01
4510	9.692644e-01
4511	9.761670e-01
4512	9.835580e-01
4513	9.896308e-01
4514	9.935227e-01
4515	9.948040e-01
4516	9.933193e-01
4517	9.901848e-01
4518	9.841458e-01
4519	9.768601e-01
4520	9.689385e-01
4521	9.625821e-01
4522	9.586191e-01
4523	9.564724e-01
4524	9.567741e-01
4525	9.597383e-01
4526	9.639975e-01
4527	9.688745e-01
4528	9.739179e-01
4529	9.796261e-01
4530	9.849883e-01
4531	9.903530e-01
4532	9.930386e-01
4533	9.942308e-01
4534	9.926823e-01
4535	9.884515e-01
4536	9.833211e-01
4537	9.775377e-01
4538	9.727775e-01
4539	9.676170e-01
4540	9.630186e-01
4541	9.588316e-01
4542	9.561490e-01
4543	9.551393e-01
4544	9.571015e-01
4545	9.614652e-01
4546	9.696984e-01
4547	9.786102e-01
4548	9.867264e-01
4549	9.936935e-01
4550	1.000701e+00
4551	1.003725e+00
4552	1.003165e+00
4553	9.990977e-01
4554	9.922879e-01
4555	9.846843e-01
4556	9.776795e-01
4557	9.706404e-01
4558	9.651023e-01
4559	9.603289e-01
4560	9.572526e-01
4561	9.568584e-01
4562	9.587422e-01
4563	9.632501e-01
4564	9.684856e-01
4565	9.742218e-01
4566	9.798364e-01
4567	9.861995e-01
4568	9.899600e-01
4569	9.921485e-01
4570	9.926780e-01
4571	9.901021e-01
4572	9.863374e-01
4573	9.818653e-01
4574	9.768763e-01
4575	9.699690e-01
4576	9.650896e-01
4577	9.626945e-01
4578	9.613222e-01
4579	9.613357e-01
4580	9.621580e-01
4581	9.633653e-01
4582	9.672130e-01
4583	9.728151e-01
4584	9.782486e-01
4585	9.832339e-01
4586	9.873617e-01
4587	9.893275e-01
4588	9.887538e-01
4589	9.865456e-01
4590	9.839682e-01
4591	9.801635e-01
4592	9.760555e-01
4593	9.725007e-01
4594	9.681973e-01
4595	9.630818e-01
4596	9.581101e-01
4597	9.558935e-01
4598	9.559699e-01
4599	9.571155e-01
4600	9.599611e-01
4601	9.644478e-01
4602	9.704087e-01
4603	9.769078e-01
4604	9.825481e-01
4605	9.869190e-01
4606	9.869397e-01
4607	9.866126e-01
4608	9.856505e-01
4609	9.834532e-01
4610	9.778852e-01
4611	9.713634e-01
4612	9.656845e-01
4613	9.608052e-01
4614	9.567483e-01
4615	9.545815e-01
4616	9.542459e-01
4617	9.548063e-01
4618	9.572599e-01
4619	9.614486e-01
4620	9.657859e-01
4621	9.714236e-01
4622	9.775108e-01
4623	9.834616e-01
4624	9.888010e-01
4625	9.941832e-01
4626	9.964432e-01
4627	9.966967e-01
4628	9.932498e-01
4629	9.880741e-01
4630	9.823838e-01
4631	9.769995e-01
4632	9.719573e-01
4633	9.676224e-01
4634	9.651238e-01
4635	9.637786e-01
4636	9.641616e-01
4637	9.655983e-01
4638	9.685922e-01
4639	9.743403e-01
4640	9.801716e-01
4641	9.863044e-01
4642	9.922377e-01
4643	9.956754e-01
4644	9.977034e-01
4645	9.977982e-01
4646	9.947760e-01
4647	9.892690e-01
4648	9.833291e-01
4649	9.777097e-01
4650	9.715018e-01
4651	9.641277e-01
4652	9.576272e-01
4653	9.541904e-01
4654	9.526251e-01
4655	9.524668e-01
4656	9.538289e-01
4657	9.565120e-01
4658	9.609373e-01
4659	9.657306e-01
4660	9.693048e-01
4661	9.730260e-01
4662	9.762363e-01
4663	9.794915e-01
4664	9.816319e-01
4665	9.816822e-01
4666	9.794704e-01
4667	9.765823e-01
4668	9.731603e-01
4669	9.684933e-01
4670	9.652074e-01
4671	9.621911e-01
4672	9.603705e-01
4673	9.605936e-01
4674	9.606344e-01
4675	9.599186e-01
4676	9.577162e-01
4677	9.572000e-01
4678	9.581434e-01
4679	9.609838e-01
4680	9.637704e-01
4681	9.659461e-01
4682	9.694498e-01
4683	9.727506e-01
4684	9.756221e-01
4685	9.793818e-01
4686	9.815101e-01
4687	9.828901e-01
4688	9.812327e-01
4689	9.790931e-01
4690	9.743854e-01
4691	9.701290e-01
4692	9.660492e-01
4693	9.614190e-01
4694	9.581799e-01
4695	9.570559e-01
4696	9.581405e-01
4697	9.600895e-01
4698	9.637104e-01
4699	9.670478e-01
4700	9.702422e-01
4701	9.734685e-01
4702	9.759341e-01
4703	9.776523e-01
4704	9.776597e-01
4705	9.764178e-01
4706	9.745960e-01
4707	9.720518e-01
4708	9.697017e-01
4709	9.681359e-01
4710	9.658900e-01
4711	9.665438e-01
4712	9.679066e-01
4713	9.703801e-01
4714	9.747355e-01
4715	9.789329e-01
4716	9.824757e-01
4717	9.855708e-01
4718	9.878521e-01
4719	9.887421e-01
4720	9.869156e-01
4721	9.831587e-01
4722	9.782881e-01
4723	9.714226e-01
4724	9.646051e-01
4725	9.577288e-01
4726	9.508893e-01
4727	9.462791e-01
4728	9.447953e-01
4729	9.453991e-01
4730	9.484669e-01
4731	9.541951e-01
4732	9.627323e-01
4733	9.709122e-01
4734	9.791992e-01
4735	9.865318e-01
4736	9.927020e-01
4737	9.961912e-01
4738	9.970742e-01
4739	9.951425e-01
4740	9.895926e-01
4741	9.814662e-01
4742	9.721936e-01
4743	9.623115e-01
4744	9.531349e-01
4745	9.460171e-01
4746	9.417307e-01
4747	9.422898e-01
4748	9.464521e-01
4749	9.537739e-01
4750	9.646494e-01
4751	9.755872e-01
4752	9.864765e-01
4753	9.947799e-01
4754	1.001317e+00
4755	1.004260e+00
4756	1.003762e+00
4757	9.986979e-01
4758	9.914200e-01
4759	9.832467e-01
4760	9.750319e-01
4761	9.671224e-01
4762	9.605301e-01
4763	9.544106e-01
4764	9.506612e-01
4765	9.502090e-01
4766	9.515169e-01
4767	9.566105e-01
4768	9.644817e-01
4769	9.728242e-01
4770	9.805347e-01
4771	9.883570e-01
4772	9.946877e-01
4773	1.000756e+00
4774	1.002730e+00
4775	1.000953e+00
4776	9.970696e-01
4777	9.907676e-01
4778	9.841927e-01
4779	9.757150e-01
4780	9.665968e-01
4781	9.582450e-01
4782	9.495722e-01
4783	9.411990e-01
4784	9.361555e-01
4785	9.349390e-01
4786	9.400521e-01
4787	9.491358e-01
4788	9.596309e-01
4789	9.708161e-01
4790	9.820983e-01
4791	9.917749e-01
4792	9.990616e-01
4793	1.003735e+00
4794	1.005781e+00
4795	1.003909e+00
4796	9.985104e-01
4797	9.893440e-01
4798	9.800678e-01
4799	9.689966e-01
4800	9.581843e-01
4801	9.481209e-01
4802	9.390076e-01
4803	9.343888e-01
4804	9.320610e-01
4805	9.336272e-01
4806	9.390216e-01
4807	9.489117e-01
4808	9.609884e-01
4809	9.737224e-01
4810	9.852004e-01
4811	9.940189e-01
4812	9.988274e-01
4813	1.001223e+00
4814	1.000750e+00
4815	9.974437e-01
4816	9.929086e-01
4817	9.847599e-01
4818	9.745062e-01
4819	9.645515e-01
4820	9.543445e-01
4821	9.443057e-01
4822	9.368613e-01
4823	9.312858e-01
4824	9.294675e-01
4825	9.315487e-01
4826	9.377850e-01
4827	9.468647e-01
4828	9.560280e-01
4829	9.660392e-01
4830	9.782796e-01
4831	9.889360e-01
4832	9.969007e-01
4833	1.002817e+00
4834	1.004522e+00
4835	1.003443e+00
4836	9.991749e-01
4837	9.943578e-01
4838	9.877642e-01
4839	9.791679e-01
4840	9.704626e-01
4841	9.635913e-01
4842	9.571581e-01
4843	9.532234e-01
4844	9.524619e-01
4845	9.534953e-01
4846	9.579742e-01
4847	9.649807e-01
4848	9.739352e-01
4849	9.821407e-01
4850	9.901494e-01
4851	9.963086e-01
4852	9.995734e-01
4853	9.995731e-01
4854	9.965740e-01
4855	9.911706e-01
4856	9.843137e-01
4857	9.784209e-01
4858	9.711663e-01
4859	9.652771e-01
4860	9.595745e-01
4861	9.543440e-01
4862	9.517272e-01
4863	9.508843e-01
4864	9.529026e-01
4865	9.589787e-01
4866	9.668161e-01
4867	9.759264e-01
4868	9.849088e-01
4869	9.934491e-01
4870	1.000052e+00
4871	1.003053e+00
4872	1.003649e+00
4873	1.001208e+00
4874	9.966453e-01
4875	9.885905e-01
4876	9.798417e-01
4877	9.709940e-01
4878	9.627347e-01
4879	9.563592e-01
4880	9.516351e-01
4881	9.489654e-01
4882	9.486538e-01
4883	9.522622e-01
4884	9.572024e-01
4885	9.642153e-01
4886	9.721293e-01
4887	9.781751e-01
4888	9.837006e-01
4889	9.876185e-01
4890	9.897142e-01
4891	9.886589e-01
4892	9.860289e-01
4893	9.826934e-01
4894	9.777833e-01
4895	9.736831e-01
4896	9.692532e-01
4897	9.662218e-01
4898	9.632014e-01
4899	9.613905e-01
4900	9.606782e-01
4901	9.625857e-01
4902	9.640205e-01
4903	9.667003e-01
4904	9.712779e-01
4905	9.761660e-01
4906	9.819921e-01
4907	9.870157e-01
4908	9.929107e-01
4909	9.962978e-01
4910	9.986172e-01
4911	9.979714e-01
4912	9.944700e-01
4913	9.895284e-01
4914	9.830737e-01
4915	9.765174e-01
4916	9.709502e-01
4917	9.669666e-01
4918	9.635851e-01
4919	9.620001e-01
4920	9.619970e-01
4921	9.643146e-01
4922	9.702811e-01
4923	9.774344e-01
4924	9.858624e-01
4925	9.935417e-01
4926	9.992911e-01
4927	1.002296e+00
4928	1.002529e+00
4929	1.000704e+00
4930	9.968129e-01
4931	9.912107e-01
4932	9.826820e-01
4933	9.722384e-01
4934	9.629912e-01
4935	9.548506e-01
4936	9.486569e-01
4937	9.470189e-01
4938	9.487771e-01
4939	9.550445e-01
4940	9.634790e-01
4941	9.735937e-01
4942	9.817240e-01
4943	9.886107e-01
4944	9.926146e-01
4945	9.949939e-01
4946	9.950578e-01
4947	9.929942e-01
4948	9.886688e-01
4949	9.828199e-01
4950	9.748735e-01
4951	9.657037e-01
4952	9.561132e-01
4953	9.477687e-01
4954	9.424048e-01
4955	9.409647e-01
4956	9.447610e-01
4957	9.504991e-01
4958	9.598479e-01
4959	9.708559e-01
4960	9.812552e-01
4961	9.901532e-01
4962	9.967203e-01
4963	1.000694e+00
4964	1.003434e+00
4965	1.001350e+00
4966	9.967583e-01
4967	9.870427e-01
4968	9.772087e-01
4969	9.643768e-01
4970	9.535154e-01
4971	9.463476e-01
4972	9.421074e-01
4973	9.438058e-01
4974	9.509655e-01
4975	9.622076e-01
4976	9.757487e-01
4977	9.893581e-01
4978	1.002290e+00
4979	1.013465e+00
4980	1.020058e+00
4981	1.023906e+00
4982	1.021568e+00
4983	1.014384e+00
4984	1.001919e+00
4985	9.868861e-01
4986	9.704675e-01
4987	9.551575e-01
4988	9.416025e-01
4989	9.323464e-01
4990	9.293131e-01
4991	9.312835e-01
4992	9.386950e-01
4993	9.517106e-01
4994	9.690775e-01
4995	9.885136e-01
4996	1.006566e+00
4997	1.019529e+00
4998	1.025037e+00
4999	1.026279e+00
