# Step	Measurement
1	1.844555e+00
2	1.848463e+00
3	1.852067e+00
4	1.855991e+00
5	1.859930e+00
6	1.864129e+00
7	1.868538e+00
8	1.872936e+00
9	1.877153e+00
10	1.881382e+00
11	1.885822e+00
12	1.889988e+00
13	1.894050e+00
14	1.897913e+00
15	1.901366e+00
16	1.904600e+00
17	1.907385e+00
18	1.909831e+00
19	1.912115e+00
20	1.913837e+00
21	1.914644e+00
22	1.915204e+00
23	1.915505e+00
24	1.915285e+00
25	1.914647e+00
26	1.914224e+00
27	1.913991e+00
28	1.913538e+00
29	1.913061e+00
30	1.912713e+00
31	1.912719e+00
32	1.912644e+00
33	1.912559e+00
34	1.912569e+00
35	1.911830e+00
36	1.910591e+00
37	1.908901e+00
38	1.906522e+00
39	1.904370e+00
40	1.901769e+00
41	1.898959e+00
42	1.896054e+00
43	1.892787e+00
44	1.889244e+00
45	1.885373e+00
46	1.881182e+00
47	1.876827e+00
48	1.872718e+00
49	1.868833e+00
50	1.865216e+00
51	1.861584e+00
52	1.857880e+00
53	1.854465e+00
54	1.851183e+00
55	1.848126e+00
56	1.845048e+00
57	1.842188e+00
58	1.839160e+00
59	1.836519e+00
60	1.834403e+00
61	1.832283e+00
62	1.829812e+00
63	1.827480e+00
64	1.825456e+00
65	1.823601e+00
66	1.821832e+00
67	1.819853e+00
68	1.818267e+00
69	1.816971e+00
70	1.816058e+00
71	1.815440e+00
72	1.814792e+00
73	1.814718e+00
74	1.814818e+00
75	1.815570e+00
76	1.816847e+00
77	1.818348e+00
78	1.820317e+00
79	1.822366e+00
80	1.824744e+00
81	1.827200e+00
82	1.829917e+00
83	1.832408e+00
84	1.834623e+00
85	1.836497e+00
86	1.837796e+00
87	1.839082e+00
88	1.840260e+00
89	1.841426e+00
90	1.842771e+00
91	1.844327e+00
92	1.845710e+00
93	1.847219e+00
94	1.848825e+00
95	1.850586e+00
96	1.852464e+00
97	1.854924e+00
98	1.857749e+00
99	1.860938e+00
100	1.864629e+00
101	1.868334e+00
102	1.872055e+00
103	1.875927e+00
104	1.879457e+00
105	1.882760e+00
106	1.885563e+00
107	1.887950e+00
108	1.889659e+00
109	1.890644e+00
110	1.890907e+00
111	1.890889e+00
112	1.890134e+00
113	1.889471e+00
114	1.889271e+00
115	1.888949e+00
116	1.888938e+00
117	1.889116e+00
118	1.889360e+00
119	1.889847e+00
120	1.890587e+00
121	1.891384e+00
122	1.892445e+00
123	1.893218e+00
124	1.894218e+00
125	1.894633e+00
126	1.894326e+00
127	1.893511e+00
128	1.892136e+00
129	1.890293e+00
130	1.887893e+00
131	1.884966e+00
132	1.881496e+00
133	1.877535e+00
134	1.873265e+00
135	1.868966e+00
136	1.864789e+00
137	1.860061e+00
138	1.855366e+00
139	1.850772e+00
140	1.846335e+00
141	1.842207e+00
142	1.837875e+00
143	1.833287e+00
144	1.829122e+00
145	1.824923e+00
146	1.820939e+00
147	1.816835e+00
148	1.812623e+00
149	1.808109e+00
150	1.804133e+00
151	1.800285e+00
152	1.796655e+00
153	1.793326e+00
154	1.790238e+00
155	1.787711e+00
156	1.785514e+00
157	1.783975e+00
158	1.783292e+00
159	1.783500e+00
160	1.784540e+00
161	1.786678e+00
162	1.789759e+00
163	1.793588e+00
164	1.798378e+00
165	1.803574e+00
166	1.809186e+00
167	1.814450e+00
168	1.820068e+00
169	1.825821e+00
170	1.831745e+00
171	1.838010e+00
172	1.843997e+00
173	1.849726e+00
174	1.855322e+00
175	1.860959e+00
176	1.866318e+00
177	1.871302e+00
178	1.876444e+00
179	1.881175e+00
180	1.885412e+00
181	1.889468e+00
182	1.893477e+00
183	1.897152e+00
184	1.900567e+00
185	1.904058e+00
186	1.906986e+00
187	1.909296e+00
188	1.910718e+00
189	1.911598e+00
190	1.911878e+00
191	1.911388e+00
192	1.910376e+00
193	1.909116e+00
194	1.907763e+00
195	1.906312e+00
196	1.904180e+00
197	1.901594e+00
198	1.898630e+00
199	1.895400e+00
200	1.891911e+00
201	1.888483e+00
202	1.884671e+00
203	1.881097e+00
204	1.878164e+00
205	1.874985e+00
206	1.871773e+00
207	1.868338e+00
208	1.865260e+00
209	1.862293e+00
210	1.859142e+00
211	1.855927e+00
212	1.852777e+00
213	1.849688e+00
214	1.846560e+00
215	1.843140e+00
216	1.839372e+00
217	1.835479e+00
218	1.831447e+00
219	1.827328e+00
220	1.823315e+00
221	1.819348e+00
222	1.815618e+00
223	1.812157e+00
224	1.809448e+00
225	1.807050e+00
226	1.805137e+00
227	1.803668e+00
228	1.802138e+00
229	1.800970e+00
230	1.800052e+00
231	1.799671e+00
232	1.799518e+00
233	1.799538e+00
234	1.799681e+00
235	1.800085e+00
236	1.800520e+00
237	1.800974e+00
238	1.801240e+00
239	1.801558e+00
240	1.802086e+00
241	1.803011e+00
242	1.804098e+00
243	1.805636e+00
244	1.807158e+00
245	1.808561e+00
246	1.810068e+00
247	1.811871e+00
248	1.814117e+00
249	1.816491e+00
250	1.819003e+00
251	1.821291e+00
252	1.823422e+00
253	1.825637e+00
254	1.828078e+00
255	1.830410e+00
256	1.833114e+00
257	1.835422e+00
258	1.837745e+00
259	1.840040e+00
260	1.842124e+00
261	1.843936e+00
262	1.845210e+00
263	1.846144e+00
264	1.847012e+00
265	1.847418e+00
266	1.847661e+00
267	1.847815e+00
268	1.847705e+00
269	1.847505e+00
270	1.847364e+00
271	1.847578e+00
272	1.848239e+00
273	1.849353e+00
274	1.850691e+00
275	1.852151e+00
276	1.854043e+00
277	1.855926e+00
278	1.857818e+00
279	1.859710e+00
280	1.861478e+00
281	1.863010e+00
282	1.864351e+00
283	1.865646e+00
284	1.866641e+00
285	1.867230e+00
286	1.867200e+00
287	1.866202e+00
288	1.865273e+00
289	1.864029e+00
290	1.862459e+00
291	1.861208e+00
292	1.859708e+00
293	1.858250e+00
294	1.856727e+00
295	1.855462e+00
296	1.854451e+00
297	1.853503e+00
298	1.852681e+00
299	1.851529e+00
300	1.850369e+00
301	1.849148e+00
302	1.847602e+00
303	1.846121e+00
304	1.844219e+00
305	1.842049e+00
306	1.839872e+00
307	1.837700e+00
308	1.835286e+00
309	1.833109e+00
310	1.831087e+00
311	1.828827e+00
312	1.827139e+00
313	1.825437e+00
314	1.823487e+00
315	1.821531e+00
316	1.819338e+00
317	1.817348e+00
318	1.815179e+00
319	1.812743e+00
320	1.810691e+00
321	1.808765e+00
322	1.807157e+00
323	1.805754e+00
324	1.804726e+00
325	1.803839e+00
326	1.802794e+00
327	1.801725e+00
328	1.800735e+00
329	1.799638e+00
330	1.798450e+00
331	1.797292e+00
332	1.796104e+00
333	1.794927e+00
334	1.793789e+00
335	1.792781e+00
336	1.792237e+00
337	1.791880e+00
338	1.791494e+00
339	1.791424e+00
340	1.791328e+00
341	1.791221e+00
342	1.791259e+00
343	1.791673e+00
344	1.792223e+00
345	1.793252e+00
346	1.794093e+00
347	1.794689e+00
348	1.794858e+00
349	1.795358e+00
350	1.795969e+00
351	1.796619e+00
352	1.797373e+00
353	1.798264e+00
354	1.799347e+00
355	1.799672e+00
356	1.800001e+00
357	1.800574e+00
358	1.801348e+00
359	1.802474e+00
360	1.803515e+00
361	1.804840e+00
362	1.805973e+00
363	1.807318e+00
364	1.808930e+00
365	1.810954e+00
366	1.813207e+00
367	1.816025e+00
368	1.818895e+00
369	1.821768e+00
370	1.824715e+00
371	1.827229e+00
372	1.830086e+00
373	1.833078e+00
374	1.836316e+00
375	1.839514e+00
376	1.842808e+00
377	1.845684e+00
378	1.848261e+00
379	1.850480e+00
380	1.852677e+00
381	1.855005e+00
382	1.856889e+00
383	1.858487e+00
384	1.860120e+00
385	1.861584e+00
386	1.862884e+00
387	1.864168e+00
388	1.865305e+00
389	1.866500e+00
390	1.867441e+00
391	1.868440e+00
392	1.869380e+00
393	1.870599e+00
394	1.871912e+00
395	1.873033e+00
396	1.874021e+00
397	1.875171e+00
398	1.876404e+00
399	1.877440e+00
400	1.878410e+00
401	1.879101e+00
402	1.879711e+00
403	1.880537e+00
404	1.881021e+00
405	1.880846e+00
406	1.880162e+00
407	1.879041e+00
408	1.877789e+00
409	1.876299e+00
410	1.874618e+00
411	1.873046e+00
412	1.871731e+00
413	1.870880e+00
414	1.869821e+00
415	1.868812e+00
416	1.868300e+00
417	1.868161e+00
418	1.867716e+00
419	1.867406e+00
420	1.866835e+00
421	1.866191e+00
422	1.865306e+00
423	1.864177e+00
424	1.862755e+00
425	1.860854e+00
426	1.858946e+00
427	1.857016e+00
428	1.854915e+00
429	1.852837e+00
430	1.850840e+00
431	1.848951e+00
432	1.847366e+00
433	1.845888e+00
434	1.844577e+00
435	1.843090e+00
436	1.841669e+00
437	1.839972e+00
438	1.838520e+00
439	1.837235e+00
440	1.835844e+00
441	1.833973e+00
442	1.831869e+00
443	1.829667e+00
444	1.827570e+00
445	1.825542e+00
446	1.823842e+00
447	1.821884e+00
448	1.819981e+00
449	1.818376e+00
450	1.817181e+00
451	1.816167e+00
452	1.815822e+00
453	1.815868e+00
454	1.816157e+00
455	1.816522e+00
456	1.817001e+00
457	1.817993e+00
458	1.819182e+00
459	1.820161e+00
460	1.821555e+00
461	1.823099e+00
462	1.824783e+00
463	1.826654e+00
464	1.828701e+00
465	1.831167e+00
466	1.833826e+00
467	1.836956e+00
468	1.840087e+00
469	1.843166e+00
470	1.845860e+00
471	1.848168e+00
472	1.850255e+00
473	1.852184e+00
474	1.853892e+00
475	1.855234e+00
476	1.856749e+00
477	1.858448e+00
478	1.860378e+00
479	1.861974e+00
480	1.863242e+00
481	1.864211e+00
482	1.864874e+00
483	1.865806e+00
484	1.866139e+00
485	1.865880e+00
486	1.865193e+00
487	1.864436e+00
488	1.863204e+00
489	1.862001e+00
490	1.860462e+00
491	1.859112e+00
492	1.857612e+00
493	1.856232e+00
494	1.855044e+00
495	1.853579e+00
496	1.852023e+00
497	1.850240e+00
498	1.848099e+00
499	1.845695e+00
500	1.843550e+00
501	1.841048e+00
502	1.838294e+00
503	1.835640e+00
504	1.833117e+00
505	1.831384e+00
506	1.829526e+00
507	1.827751e+00
508	1.826290e+00
509	1.824990e+00
510	1.823662e+00
511	1.822954e+00
512	1.822028e+00
513	1.821183e+00
514	1.820250e+00
515	1.819867e+00
516	1.819994e+00
517	1.819814e+00
518	1.819946e+00
519	1.819858e+00
520	1.819641e+00
521	1.819358e+00
522	1.818982e+00
523	1.818894e+00
524	1.818661e+00
525	1.818197e+00
526	1.817655e+00
527	1.817190e+00
528	1.816713e+00
529	1.816295e+00
530	1.816091e+00
531	1.815909e+00
532	1.815732e+00
533	1.815931e+00
534	1.816123e+00
535	1.816411e+00
536	1.816452e+00
537	1.816523e+00
538	1.816479e+00
539	1.817134e+00
540	1.817574e+00
541	1.818285e+00
542	1.819013e+00
543	1.819834e+00
544	1.820427e+00
545	1.821141e+00
546	1.822051e+00
547	1.822751e+00
548	1.823367e+00
549	1.824208e+00
550	1.825484e+00
551	1.826786e+00
552	1.828478e+00
553	1.829996e+00
554	1.831408e+00
555	1.832496e+00
556	1.833262e+00
557	1.834021e+00
558	1.834679e+00
559	1.835173e+00
560	1.836047e+00
561	1.836947e+00
562	1.837968e+00
563	1.838971e+00
564	1.839924e+00
565	1.840853e+00
566	1.841956e+00
567	1.843021e+00
568	1.843833e+00
569	1.844567e+00
570	1.845088e+00
571	1.845364e+00
572	1.845707e+00
573	1.845953e+00
574	1.845551e+00
575	1.845262e+00
576	1.844773e+00
577	1.843845e+00
578	1.842806e+00
579	1.841677e+00
580	1.839869e+00
581	1.837915e+00
582	1.835667e+00
583	1.833496e+00
584	1.831398e+00
585	1.829376e+00
586	1.827664e+00
587	1.826241e+00
588	1.824847e+00
589	1.823662e+00
590	1.822319e+00
591	1.821018e+00
592	1.819360e+00
593	1.817681e+00
594	1.815910e+00
595	1.814065e+00
596	1.812213e+00
597	1.810472e+00
598	1.808904e+00
599	1.807473e+00
600	1.806034e+00
601	1.804584e+00
602	1.802736e+00
603	1.801019e+00
604	1.799591e+00
605	1.798358e+00
606	1.797203e+00
607	1.796448e+00
608	1.795937e+00
609	1.795088e+00
610	1.794180e+00
611	1.793230e+00
612	1.792261e+00
613	1.791498e+00
614	1.791335e+00
615	1.791779e+00
616	1.792790e+00
617	1.794367e+00
618	1.796517e+00
619	1.798783e+00
620	1.801235e+00
621	1.804201e+00
622	1.807396e+00
623	1.810964e+00
624	1.814934e+00
625	1.818852e+00
626	1.822903e+00
627	1.827067e+00
628	1.831264e+00
629	1.835815e+00
630	1.840852e+00
631	1.845729e+00
632	1.850373e+00
633	1.854919e+00
634	1.859321e+00
635	1.863443e+00
636	1.867459e+00
637	1.870963e+00
638	1.874274e+00
639	1.877524e+00
640	1.880348e+00
641	1.882921e+00
642	1.885302e+00
643	1.886788e+00
644	1.887867e+00
645	1.888325e+00
646	1.888064e+00
647	1.887716e+00
648	1.886918e+00
649	1.885744e+00
650	1.884225e+00
651	1.882472e+00
652	1.880705e+00
653	1.878550e+00
654	1.876002e+00
655	1.872986e+00
656	1.869734e+00
657	1.866385e+00
658	1.863238e+00
659	1.859865e+00
660	1.856502e+00
661	1.853226e+00
662	1.849996e+00
663	1.846749e+00
664	1.843169e+00
665	1.839508e+00
666	1.835874e+00
667	1.832080e+00
668	1.828042e+00
669	1.823967e+00
670	1.819951e+00
671	1.815836e+00
672	1.812068e+00
673	1.808434e+00
674	1.805170e+00
675	1.802666e+00
676	1.800790e+00
677	1.798877e+00
678	1.797820e+00
679	1.796860e+00
680	1.796235e+00
681	1.796172e+00
682	1.796364e+00
683	1.796324e+00
684	1.795956e+00
685	1.795745e+00
686	1.795673e+00
687	1.795594e+00
688	1.795951e+00
689	1.796821e+00
690	1.797530e+00
691	1.798031e+00
692	1.798741e+00
693	1.799685e+00
694	1.800668e+00
695	1.801503e+00
696	1.802249e+00
697	1.803228e+00
698	1.804693e+00
699	1.806876e+00
700	1.808959e+00
701	1.811385e+00
702	1.813961e+00
703	1.816686e+00
704	1.819563e+00
705	1.822311e+00
706	1.825169e+00
707	1.828112e+00
708	1.830727e+00
709	1.833268e+00
710	1.835782e+00
711	1.838076e+00
712	1.840374e+00
713	1.842447e+00
714	1.843967e+00
715	1.845013e+00
716	1.845967e+00
717	1.846552e+00
718	1.846811e+00
719	1.846838e+00
720	1.846618e+00
721	1.846149e+00
722	1.845520e+00
723	1.845226e+00
724	1.845338e+00
725	1.845389e+00
726	1.845494e+00
727	1.845932e+00
728	1.846497e+00
729	1.847263e+00
730	1.848585e+00
731	1.850027e+00
732	1.850928e+00
733	1.851782e+00
734	1.852744e+00
735	1.853390e+00
736	1.853951e+00
737	1.854499e+00
738	1.854485e+00
739	1.854379e+00
740	1.853992e+00
741	1.853566e+00
742	1.852965e+00
743	1.852315e+00
744	1.851940e+00
745	1.851649e+00
746	1.851501e+00
747	1.851627e+00
748	1.851819e+00
749	1.852088e+00
750	1.852300e+00
751	1.852995e+00
752	1.853906e+00
753	1.855101e+00
754	1.856336e+00
755	1.857589e+00
756	1.858979e+00
757	1.860207e+00
758	1.861654e+00
759	1.862928e+00
760	1.864042e+00
761	1.864971e+00
762	1.865668e+00
763	1.866113e+00
764	1.866426e+00
765	1.866637e+00
766	1.866874e+00
767	1.867018e+00
768	1.867251e+00
769	1.867486e+00
770	1.867880e+00
771	1.868117e+00
772	1.868018e+00
773	1.867690e+00
774	1.867608e+00
775	1.867696e+00
776	1.867785e+00
777	1.867827e+00
778	1.867965e+00
779	1.868101e+00
780	1.868205e+00
781	1.868402e+00
782	1.868772e+00
783	1.869327e+00
784	1.869939e+00
785	1.870665e+00
786	1.871289e+00
787	1.871587e+00
788	1.871715e+00
789	1.871541e+00
790	1.871496e+00
791	1.871667e+00
792	1.871795e+00
793	1.871557e+00
794	1.870699e+00
795	1.870215e+00
796	1.869549e+00
797	1.868782e+00
798	1.868069e+00
799	1.867406e+00
800	1.866806e+00
801	1.865900e+00
802	1.865006e+00
803	1.864177e+00
804	1.862938e+00
805	1.861241e+00
806	1.858990e+00
807	1.856835e+00
808	1.854120e+00
809	1.851186e+00
810	1.848290e+00
811	1.845119e+00
812	1.841703e+00
813	1.838057e+00
814	1.834144e+00
815	1.830533e+00
816	1.827080e+00
817	1.823532e+00
818	1.820119e+00
819	1.816804e+00
820	1.813522e+00
821	1.810011e+00
822	1.806933e+00
823	1.803760e+00
824	1.801100e+00
825	1.798860e+00
826	1.796849e+00
827	1.794837e+00
828	1.793027e+00
829	1.791425e+00
830	1.790417e+00
831	1.789145e+00
832	1.787858e+00
833	1.786557e+00
834	1.785351e+00
835	1.784463e+00
836	1.783729e+00
837	1.783441e+00
838	1.783734e+00
839	1.784418e+00
840	1.785730e+00
841	1.787216e+00
842	1.789176e+00
843	1.791265e+00
844	1.793521e+00
845	1.796081e+00
846	1.798916e+00
847	1.802309e+00
848	1.805735e+00
849	1.809433e+00
850	1.813122e+00
851	1.816596e+00
852	1.820097e+00
853	1.823208e+00
854	1.825969e+00
855	1.828294e+00
856	1.830399e+00
857	1.832171e+00
858	1.833365e+00
859	1.834279e+00
860	1.835049e+00
861	1.835342e+00
862	1.835945e+00
863	1.836588e+00
864	1.837136e+00
865	1.837159e+00
866	1.837295e+00
867	1.837337e+00
868	1.837050e+00
869	1.836805e+00
870	1.836715e+00
871	1.837101e+00
872	1.837657e+00
873	1.837901e+00
874	1.838039e+00
875	1.838245e+00
876	1.838230e+00
877	1.838033e+00
878	1.837212e+00
879	1.836382e+00
880	1.835450e+00
881	1.834403e+00
882	1.833234e+00
883	1.832270e+00
884	1.831527e+00
885	1.830919e+00
886	1.830453e+00
887	1.830126e+00
888	1.829940e+00
889	1.829462e+00
890	1.829376e+00
891	1.829505e+00
892	1.829717e+00
893	1.830196e+00
894	1.830934e+00
895	1.832209e+00
896	1.833326e+00
897	1.834496e+00
898	1.835456e+00
899	1.836532e+00
900	1.837275e+00
901	1.837418e+00
902	1.837405e+00
903	1.837070e+00
904	1.836733e+00
905	1.836275e+00
906	1.835986e+00
907	1.835505e+00
908	1.835092e+00
909	1.834235e+00
910	1.833536e+00
911	1.832814e+00
912	1.831849e+00
913	1.831052e+00
914	1.830094e+00
915	1.829002e+00
916	1.828029e+00
917	1.826656e+00
918	1.825506e+00
919	1.824183e+00
920	1.822670e+00
921	1.821164e+00
922	1.819999e+00
923	1.819022e+00
924	1.817833e+00
925	1.816659e+00
926	1.815449e+00
927	1.814240e+00
928	1.813212e+00
929	1.812025e+00
930	1.811270e+00
931	1.810568e+00
932	1.810393e+00
933	1.810532e+00
934	1.810821e+00
935	1.811539e+00
936	1.812772e+00
937	1.814387e+00
938	1.816347e+00
939	1.818524e+00
940	1.820585e+00
941	1.822994e+00
942	1.825870e+00
943	1.828548e+00
944	1.831230e+00
945	1.834475e+00
946	1.837974e+00
947	1.841472e+00
948	1.844615e+00
949	1.848240e+00
950	1.851637e+00
951	1.854525e+00
952	1.857343e+00
953	1.859845e+00
954	1.862406e+00
955	1.864583e+00
956	1.866252e+00
957	1.867924e+00
958	1.869625e+00
959	1.871359e+00
960	1.872994e+00
961	1.874966e+00
962	1.876642e+00
963	1.878538e+00
964	1.880062e+00
965	1.881594e+00
966	1.883036e+00
967	1.883800e+00
968	1.884304e+00
969	1.885049e+00
970	1.885459e+00
971	1.885408e+00
972	1.885100e+00
973	1.884745e+00
974	1.884646e+00
975	1.884399e+00
976	1.884299e+00
977	1.884026e+00
978	1.883444e+00
979	1.882991e+00
980	1.882937e+00
981	1.883069e+00
982	1.883695e+00
983	1.884267e+00
984	1.884953e+00
985	1.886026e+00
986	1.887357e+00
987	1.889013e+00
988	1.890459e+00
989	1.891930e+00
990	1.893270e+00
991	1.894347e+00
992	1.895485e+00
993	1.896707e+00
994	1.897603e+00
995	1.898635e+00
996	1.899089e+00
997	1.899509e+00
998	1.900098e+00
999	1.900673e+00
1000	1.901017e+00
1001	1.901185e+00
1002	1.901170e+00
1003	1.900991e+00
1004	1.900543e+00
1005	1.900154e+00
1006	1.899534e+00
1007	1.898744e+00
1008	1.897569e+00
1009	1.896776e+00
1010	1.896089e+00
1011	1.895274e+00
1012	1.894535e+00
1013	1.893054e+00
1014	1.890680e+00
1015	1.887755e+00
1016	1.884379e+00
1017	1.880805e+00
1018	1.876904e+00
1019	1.872519e+00
1020	1.867758e+00
1021	1.863071e+00
1022	1.858226e+00
1023	1.853046e+00
1024	1.848136e+00
1025	1.842947e+00
1026	1.837760e+00
1027	1.832884e+00
1028	1.828078e+00
1029	1.823124e+00
1030	1.817981e+00
1031	1.813057e+00
1032	1.808339e+00
1033	1.803995e+00
1034	1.799681e+00
1035	1.795547e+00
1036	1.791317e+00
1037	1.786852e+00
1038	1.782560e+00
1039	1.778265e+00
1040	1.774310e+00
1041	1.770489e+00
1042	1.766832e+00
1043	1.763624e+00
1044	1.760706e+00
1045	1.758415e+00
1046	1.756738e+00
1047	1.755503e+00
1048	1.754991e+00
1049	1.755081e+00
1050	1.756049e+00
1051	1.757546e+00
1052	1.759758e+00
1053	1.762728e+00
1054	1.766134e+00
1055	1.770029e+00
1056	1.774522e+00
1057	1.779573e+00
1058	1.784445e+00
1059	1.789413e+00
1060	1.794127e+00
1061	1.798779e+00
1062	1.803266e+00
1063	1.808165e+00
1064	1.813054e+00
1065	1.817975e+00
1066	1.823034e+00
1067	1.827723e+00
1068	1.832676e+00
1069	1.837777e+00
1070	1.842927e+00
1071	1.847999e+00
1072	1.852759e+00
1073	1.857569e+00
1074	1.862317e+00
1075	1.867068e+00
1076	1.871870e+00
1077	1.876656e+00
1078	1.881055e+00
1079	1.884753e+00
1080	1.888480e+00
1081	1.891479e+00
1082	1.894081e+00
1083	1.896455e+00
1084	1.898339e+00
1085	1.899608e+00
1086	1.900794e+00
1087	1.901534e+00
1088	1.902174e+00
1089	1.902719e+00
1090	1.903358e+00
1091	1.903960e+00
1092	1.904526e+00
1093	1.904709e+00
1094	1.905178e+00
1095	1.905258e+00
1096	1.905203e+00
1097	1.905065e+00
1098	1.904917e+00
1099	1.904441e+00
1100	1.903921e+00
1101	1.903164e+00
1102	1.902136e+00
1103	1.900719e+00
1104	1.898824e+00
1105	1.896866e+00
1106	1.894761e+00
1107	1.892343e+00
1108	1.889688e+00
1109	1.887002e+00
1110	1.884161e+00
1111	1.881175e+00
1112	1.878099e+00
1113	1.875136e+00
1114	1.872266e+00
1115	1.869511e+00
1116	1.866950e+00
1117	1.864695e+00
1118	1.862735e+00
1119	1.860557e+00
1120	1.858321e+00
1121	1.856156e+00
1122	1.854191e+00
1123	1.852002e+00
1124	1.849845e+00
1125	1.847497e+00
1126	1.845485e+00
1127	1.843144e+00
1128	1.840766e+00
1129	1.838171e+00
1130	1.835553e+00
1131	1.832875e+00
1132	1.830330e+00
1133	1.827714e+00
1134	1.825032e+00
1135	1.822290e+00
1136	1.819697e+00
1137	1.817568e+00
1138	1.816037e+00
1139	1.814577e+00
1140	1.813536e+00
1141	1.812772e+00
1142	1.812443e+00
1143	1.812083e+00
1144	1.811791e+00
1145	1.811383e+00
1146	1.811082e+00
1147	1.811000e+00
1148	1.810893e+00
1149	1.811149e+00
1150	1.811000e+00
1151	1.810239e+00
1152	1.809753e+00
1153	1.808911e+00
1154	1.807984e+00
1155	1.807302e+00
1156	1.806876e+00
1157	1.806482e+00
1158	1.806365e+00
1159	1.806424e+00
1160	1.806819e+00
1161	1.807616e+00
1162	1.808323e+00
1163	1.809175e+00
1164	1.810404e+00
1165	1.812009e+00
1166	1.813903e+00
1167	1.816397e+00
1168	1.818736e+00
1169	1.820636e+00
1170	1.822996e+00
1171	1.825328e+00
1172	1.827245e+00
1173	1.828731e+00
1174	1.829889e+00
1175	1.830412e+00
1176	1.830886e+00
1177	1.830755e+00
1178	1.830317e+00
1179	1.829483e+00
1180	1.829151e+00
1181	1.829308e+00
1182	1.829931e+00
1183	1.830982e+00
1184	1.831559e+00
1185	1.832001e+00
1186	1.832551e+00
1187	1.833454e+00
1188	1.834455e+00
1189	1.835094e+00
1190	1.835236e+00
1191	1.835140e+00
1192	1.835020e+00
1193	1.834204e+00
1194	1.833308e+00
1195	1.831645e+00
1196	1.829962e+00
1197	1.828182e+00
1198	1.826528e+00
1199	1.824723e+00
1200	1.822941e+00
1201	1.821180e+00
1202	1.819846e+00
1203	1.818756e+00
1204	1.817720e+00
1205	1.817186e+00
1206	1.816998e+00
1207	1.817016e+00
1208	1.817177e+00
1209	1.817194e+00
1210	1.817457e+00
1211	1.817980e+00
1212	1.818279e+00
1213	1.818307e+00
1214	1.818301e+00
1215	1.818354e+00
1216	1.818491e+00
1217	1.818654e+00
1218	1.818519e+00
1219	1.818341e+00
1220	1.818561e+00
1221	1.818807e+00
1222	1.819232e+00
1223	1.819521e+00
1224	1.819795e+00
1225	1.820178e+00
1226	1.820285e+00
1227	1.820765e+00
1228	1.821371e+00
1229	1.822250e+00
1230	1.822802e+00
1231	1.823271e+00
1232	1.823577e+00
1233	1.823711e+00
1234	1.824110e+00
1235	1.824560e+00
1236	1.825226e+00
1237	1.826292e+00
1238	1.827490e+00
1239	1.828731e+00
1240	1.829799e+00
1241	1.830670e+00
1242	1.831884e+00
1243	1.833347e+00
1244	1.834819e+00
1245	1.836873e+00
1246	1.838782e+00
1247	1.840855e+00
1248	1.842909e+00
1249	1.845378e+00
1250	1.847810e+00
1251	1.850236e+00
1252	1.852673e+00
1253	1.855144e+00
1254	1.857724e+00
1255	1.860520e+00
1256	1.863367e+00
1257	1.866413e+00
1258	1.869477e+00
1259	1.872254e+00
1260	1.874636e+00
1261	1.876892e+00
1262	1.879158e+00
1263	1.881410e+00
1264	1.882928e+00
1265	1.884404e+00
1266	1.885635e+00
1267	1.886369e+00
1268	1.887125e+00
1269	1.887367e+00
1270	1.887765e+00
1271	1.888182e+00
1272	1.888665e+00
1273	1.888811e+00
1274	1.888324e+00
1275	1.887033e+00
1276	1.885425e+00
1277	1.883642e+00
1278	1.881545e+00
1279	1.878839e+00
1280	1.875893e+00
1281	1.872380e+00
1282	1.868468e+00
1283	1.864178e+00
1284	1.859935e+00
1285	1.855684e+00
1286	1.851718e+00
1287	1.847752e+00
1288	1.843839e+00
1289	1.839858e+00
1290	1.835905e+00
1291	1.832129e+00
1292	1.828390e+00
1293	1.825290e+00
1294	1.822896e+00
1295	1.820852e+00
1296	1.818835e+00
1297	1.816817e+00
1298	1.814691e+00
1299	1.812712e+00
1300	1.810922e+00
1301	1.809156e+00
1302	1.808051e+00
1303	1.807184e+00
1304	1.806312e+00
1305	1.805867e+00
1306	1.805605e+00
1307	1.805561e+00
1308	1.805698e+00
1309	1.806145e+00
1310	1.806441e+00
1311	1.807042e+00
1312	1.807589e+00
1313	1.808286e+00
1314	1.809506e+00
1315	1.811100e+00
1316	1.813076e+00
1317	1.815604e+00
1318	1.818148e+00
1319	1.820947e+00
1320	1.823670e+00
1321	1.826212e+00
1322	1.829129e+00
1323	1.832054e+00
1324	1.835111e+00
1325	1.838256e+00
1326	1.841205e+00
1327	1.844285e+00
1328	1.847011e+00
1329	1.849733e+00
1330	1.852349e+00
1331	1.854597e+00
1332	1.856639e+00
1333	1.858759e+00
1334	1.860723e+00
1335	1.862508e+00
1336	1.863918e+00
1337	1.865287e+00
1338	1.866741e+00
1339	1.867852e+00
1340	1.868709e+00
1341	1.869605e+00
1342	1.870172e+00
1343	1.870786e+00
1344	1.871295e+00
1345	1.871790e+00
1346	1.872478e+00
1347	1.873165e+00
1348	1.873270e+00
1349	1.873004e+00
1350	1.872784e+00
1351	1.872479e+00
1352	1.871804e+00
1353	1.871331e+00
1354	1.870672e+00
1355	1.870065e+00
1356	1.869468e+00
1357	1.868733e+00
1358	1.868270e+00
1359	1.867678e+00
1360	1.866973e+00
1361	1.865802e+00
1362	1.864270e+00
1363	1.862283e+00
1364	1.860161e+00
1365	1.857972e+00
1366	1.855823e+00
1367	1.853598e+00
1368	1.851395e+00
1369	1.848940e+00
1370	1.846616e+00
1371	1.844391e+00
1372	1.842405e+00
1373	1.840425e+00
1374	1.838520e+00
1375	1.836894e+00
1376	1.835694e+00
1377	1.834654e+00
1378	1.834132e+00
1379	1.833543e+00
1380	1.833056e+00
1381	1.832698e+00
1382	1.832591e+00
1383	1.832333e+00
1384	1.832218e+00
1385	1.832375e+00
1386	1.832820e+00
1387	1.833497e+00
1388	1.834590e+00
1389	1.835831e+00
1390	1.837341e+00
1391	1.838942e+00
1392	1.840517e+00
1393	1.841882e+00
1394	1.843063e+00
1395	1.844662e+00
1396	1.846154e+00
1397	1.847784e+00
1398	1.849352e+00
1399	1.850923e+00
1400	1.852551e+00
1401	1.854391e+00
1402	1.856008e+00
1403	1.857374e+00
1404	1.858166e+00
1405	1.858681e+00
1406	1.859064e+00
1407	1.859494e+00
1408	1.859673e+00
1409	1.859832e+00
1410	1.859308e+00
1411	1.858456e+00
1412	1.857367e+00
1413	1.855648e+00
1414	1.854187e+00
1415	1.852656e+00
1416	1.850895e+00
1417	1.848886e+00
1418	1.847420e+00
1419	1.845933e+00
1420	1.844445e+00
1421	1.843151e+00
1422	1.841976e+00
1423	1.840718e+00
1424	1.838978e+00
1425	1.836955e+00
1426	1.834910e+00
1427	1.832776e+00
1428	1.830732e+00
1429	1.828702e+00
1430	1.826693e+00
1431	1.824925e+00
1432	1.823541e+00
1433	1.822632e+00
1434	1.822108e+00
1435	1.821746e+00
1436	1.821991e+00
1437	1.822081e+00
1438	1.822274e+00
1439	1.822673e+00
1440	1.823712e+00
1441	1.824954e+00
1442	1.826163e+00
1443	1.827448e+00
1444	1.828604e+00
1445	1.829674e+00
1446	1.830879e+00
1447	1.832244e+00
1448	1.833338e+00
1449	1.834413e+00
1450	1.835570e+00
1451	1.836213e+00
1452	1.836636e+00
1453	1.837343e+00
1454	1.838191e+00
1455	1.839067e+00
1456	1.839823e+00
1457	1.840371e+00
1458	1.841177e+00
1459	1.842271e+00
1460	1.843491e+00
1461	1.844545e+00
1462	1.845621e+00
1463	1.846297e+00
1464	1.846701e+00
1465	1.846979e+00
1466	1.847128e+00
1467	1.847164e+00
1468	1.847092e+00
1469	1.846836e+00
1470	1.846516e+00
1471	1.846089e+00
1472	1.845117e+00
1473	1.843968e+00
1474	1.842855e+00
1475	1.841549e+00
1476	1.840596e+00
1477	1.840168e+00
1478	1.839970e+00
1479	1.840071e+00
1480	1.840425e+00
1481	1.840968e+00
1482	1.841646e+00
1483	1.842367e+00
1484	1.843214e+00
1485	1.844667e+00
1486	1.846193e+00
1487	1.847545e+00
1488	1.849286e+00
1489	1.851121e+00
1490	1.852805e+00
1491	1.854326e+00
1492	1.855437e+00
1493	1.856531e+00
1494	1.857651e+00
1495	1.858713e+00
1496	1.859584e+00
1497	1.860557e+00
1498	1.861228e+00
1499	1.861898e+00
1500	1.862539e+00
1501	1.862779e+00
1502	1.862319e+00
1503	1.861268e+00
1504	1.859606e+00
1505	1.857566e+00
1506	1.855077e+00
1507	1.852064e+00
1508	1.848850e+00
1509	1.845462e+00
1510	1.842039e+00
1511	1.838834e+00
1512	1.835208e+00
1513	1.831347e+00
1514	1.827275e+00
1515	1.823406e+00
1516	1.819886e+00
1517	1.816518e+00
1518	1.813284e+00
1519	1.809739e+00
1520	1.806581e+00
1521	1.803398e+00
1522	1.800312e+00
1523	1.797937e+00
1524	1.795912e+00
1525	1.794318e+00
1526	1.793133e+00
1527	1.792422e+00
1528	1.792441e+00
1529	1.793099e+00
1530	1.793994e+00
1531	1.795306e+00
1532	1.797066e+00
1533	1.799487e+00
1534	1.802300e+00
1535	1.805153e+00
1536	1.808347e+00
1537	1.811813e+00
1538	1.814947e+00
1539	1.818668e+00
1540	1.822648e+00
1541	1.826743e+00
1542	1.830858e+00
1543	1.835332e+00
1544	1.839865e+00
1545	1.844637e+00
1546	1.849280e+00
1547	1.853821e+00
1548	1.858567e+00
1549	1.862965e+00
1550	1.867336e+00
1551	1.871834e+00
1552	1.876139e+00
1553	1.880003e+00
1554	1.883505e+00
1555	1.886216e+00
1556	1.888595e+00
1557	1.890763e+00
1558	1.892502e+00
1559	1.893854e+00
1560	1.894903e+00
1561	1.895707e+00
1562	1.895977e+00
1563	1.896111e+00
1564	1.895775e+00
1565	1.895105e+00
1566	1.894310e+00
1567	1.893174e+00
1568	1.891635e+00
1569	1.889854e+00
1570	1.887676e+00
1571	1.885345e+00
1572	1.882406e+00
1573	1.879081e+00
1574	1.875359e+00
1575	1.871535e+00
1576	1.867768e+00
1577	1.864067e+00
1578	1.860250e+00
1579	1.856532e+00
1580	1.852965e+00
1581	1.849802e+00
1582	1.846841e+00
1583	1.843691e+00
1584	1.841257e+00
1585	1.838928e+00
1586	1.836984e+00
1587	1.835123e+00
1588	1.833841e+00
1589	1.832921e+00
1590	1.832373e+00
1591	1.831927e+00
1592	1.831731e+00
1593	1.831761e+00
1594	1.831739e+00
1595	1.831648e+00
1596	1.831794e+00
1597	1.832346e+00
1598	1.833166e+00
1599	1.834063e+00
1600	1.834783e+00
1601	1.835282e+00
1602	1.835694e+00
1603	1.836094e+00
1604	1.836385e+00
1605	1.836749e+00
1606	1.836737e+00
1607	1.837004e+00
1608	1.837097e+00
1609	1.837125e+00
1610	1.836896e+00
1611	1.836885e+00
1612	1.836800e+00
1613	1.836528e+00
1614	1.836308e+00
1615	1.836262e+00
1616	1.836521e+00
1617	1.836936e+00
1618	1.837504e+00
1619	1.838050e+00
1620	1.838677e+00
1621	1.839034e+00
1622	1.839140e+00
1623	1.839464e+00
1624	1.839853e+00
1625	1.840431e+00
1626	1.841073e+00
1627	1.842144e+00
1628	1.843007e+00
1629	1.844342e+00
1630	1.845833e+00
1631	1.847590e+00
1632	1.849370e+00
1633	1.851128e+00
1634	1.852893e+00
1635	1.854821e+00
1636	1.856891e+00
1637	1.858787e+00
1638	1.860823e+00
1639	1.862920e+00
1640	1.865061e+00
1641	1.866951e+00
1642	1.868497e+00
1643	1.869950e+00
1644	1.871495e+00
1645	1.872693e+00
1646	1.873806e+00
1647	1.874518e+00
1648	1.874885e+00
1649	1.875664e+00
1650	1.875953e+00
1651	1.876346e+00
1652	1.876560e+00
1653	1.877003e+00
1654	1.877476e+00
1655	1.877885e+00
1656	1.877947e+00
1657	1.878258e+00
1658	1.878837e+00
1659	1.879384e+00
1660	1.879596e+00
1661	1.880056e+00
1662	1.880315e+00
1663	1.880113e+00
1664	1.879726e+00
1665	1.879192e+00
1666	1.878396e+00
1667	1.877401e+00
1668	1.876317e+00
1669	1.874844e+00
1670	1.873076e+00
1671	1.871155e+00
1672	1.869046e+00
1673	1.866602e+00
1674	1.864088e+00
1675	1.861683e+00
1676	1.859569e+00
1677	1.857308e+00
1678	1.855351e+00
1679	1.853633e+00
1680	1.852421e+00
1681	1.851343e+00
1682	1.850644e+00
1683	1.850140e+00
1684	1.849697e+00
1685	1.849096e+00
1686	1.848369e+00
1687	1.847688e+00
1688	1.847074e+00
1689	1.846449e+00
1690	1.845730e+00
1691	1.845578e+00
1692	1.845888e+00
1693	1.846204e+00
1694	1.847208e+00
1695	1.848341e+00
1696	1.849619e+00
1697	1.850696e+00
1698	1.852256e+00
1699	1.854018e+00
1700	1.855546e+00
1701	1.857443e+00
1702	1.859220e+00
1703	1.860714e+00
1704	1.862148e+00
1705	1.863397e+00
1706	1.864097e+00
1707	1.864758e+00
1708	1.865366e+00
1709	1.865942e+00
1710	1.866358e+00
1711	1.866423e+00
1712	1.866065e+00
1713	1.865388e+00
1714	1.864554e+00
1715	1.863148e+00
1716	1.861661e+00
1717	1.859724e+00
1718	1.857179e+00
1719	1.854411e+00
1720	1.851708e+00
1721	1.849165e+00
1722	1.846582e+00
1723	1.843808e+00
1724	1.840965e+00
1725	1.837969e+00
1726	1.834969e+00
1727	1.832392e+00
1728	1.829972e+00
1729	1.828081e+00
1730	1.826508e+00
1731	1.825141e+00
1732	1.823533e+00
1733	1.821812e+00
1734	1.820289e+00
1735	1.819256e+00
1736	1.818494e+00
1737	1.818161e+00
1738	1.818195e+00
1739	1.818336e+00
1740	1.819210e+00
1741	1.820268e+00
1742	1.821452e+00
1743	1.823139e+00
1744	1.825297e+00
1745	1.827792e+00
1746	1.830520e+00
1747	1.833263e+00
1748	1.836359e+00
1749	1.839538e+00
1750	1.842809e+00
1751	1.846327e+00
1752	1.849978e+00
1753	1.853605e+00
1754	1.857317e+00
1755	1.860837e+00
1756	1.864005e+00
1757	1.866825e+00
1758	1.869666e+00
1759	1.872249e+00
1760	1.874370e+00
1761	1.876448e+00
1762	1.877962e+00
1763	1.879396e+00
1764	1.880949e+00
1765	1.882051e+00
1766	1.882728e+00
1767	1.883161e+00
1768	1.883389e+00
1769	1.883184e+00
1770	1.882904e+00
1771	1.882055e+00
1772	1.880556e+00
1773	1.878591e+00
1774	1.876746e+00
1775	1.874688e+00
1776	1.872709e+00
1777	1.870588e+00
1778	1.868636e+00
1779	1.866694e+00
1780	1.864977e+00
1781	1.863283e+00
1782	1.861377e+00
1783	1.859405e+00
1784	1.857495e+00
1785	1.855432e+00
1786	1.853049e+00
1787	1.850972e+00
1788	1.849009e+00
1789	1.847085e+00
1790	1.845009e+00
1791	1.842948e+00
1792	1.840796e+00
1793	1.838949e+00
1794	1.837554e+00
1795	1.836014e+00
1796	1.834534e+00
1797	1.833331e+00
1798	1.832172e+00
1799	1.831056e+00
1800	1.830186e+00
1801	1.829477e+00
1802	1.828917e+00
1803	1.828481e+00
1804	1.828178e+00
1805	1.828064e+00
1806	1.827651e+00
1807	1.827239e+00
1808	1.826703e+00
1809	1.826339e+00
1810	1.825888e+00
1811	1.825470e+00
1812	1.825067e+00
1813	1.824483e+00
1814	1.823599e+00
1815	1.822643e+00
1816	1.821496e+00
1817	1.819988e+00
1818	1.818295e+00
1819	1.816896e+00
1820	1.815470e+00
1821	1.814295e+00
1822	1.813120e+00
1823	1.811922e+00
1824	1.810928e+00
1825	1.809915e+00
1826	1.809253e+00
1827	1.808923e+00
1828	1.808947e+00
1829	1.809321e+00
1830	1.809737e+00
1831	1.810470e+00
1832	1.811562e+00
1833	1.812469e+00
1834	1.813654e+00
1835	1.814971e+00
1836	1.816615e+00
1837	1.818376e+00
1838	1.819923e+00
1839	1.821890e+00
1840	1.824087e+00
1841	1.826373e+00
1842	1.828343e+00
1843	1.830398e+00
1844	1.832470e+00
1845	1.834641e+00
1846	1.836884e+00
1847	1.839254e+00
1848	1.841502e+00
1849	1.843482e+00
1850	1.845616e+00
1851	1.847473e+00
1852	1.849058e+00
1853	1.850570e+00
1854	1.852113e+00
1855	1.853688e+00
1856	1.854881e+00
1857	1.856065e+00
1858	1.857183e+00
1859	1.858382e+00
1860	1.859165e+00
1861	1.859645e+00
1862	1.859711e+00
1863	1.859224e+00
1864	1.858620e+00
1865	1.857351e+00
1866	1.855500e+00
1867	1.853440e+00
1868	1.851234e+00
1869	1.849180e+00
1870	1.846999e+00
1871	1.844843e+00
1872	1.842401e+00
1873	1.839938e+00
1874	1.837756e+00
1875	1.835236e+00
1876	1.832492e+00
1877	1.829388e+00
1878	1.826166e+00
1879	1.822737e+00
1880	1.819184e+00
1881	1.815880e+00
1882	1.812727e+00
1883	1.809485e+00
1884	1.806496e+00
1885	1.803888e+00
1886	1.800992e+00
1887	1.798651e+00
1888	1.796858e+00
1889	1.795105e+00
1890	1.793276e+00
1891	1.791764e+00
1892	1.790417e+00
1893	1.789788e+00
1894	1.789667e+00
1895	1.790207e+00
1896	1.790877e+00
1897	1.791879e+00
1898	1.792947e+00
1899	1.794153e+00
1900	1.795239e+00
1901	1.796632e+00
1902	1.798384e+00
1903	1.800495e+00
1904	1.802884e+00
1905	1.805238e+00
1906	1.808203e+00
1907	1.811200e+00
1908	1.814553e+00
1909	1.817876e+00
1910	1.821082e+00
1911	1.824096e+00
1912	1.827354e+00
1913	1.830851e+00
1914	1.834586e+00
1915	1.837988e+00
1916	1.841492e+00
1917	1.844783e+00
1918	1.847830e+00
1919	1.850892e+00
1920	1.853913e+00
1921	1.856680e+00
1922	1.859320e+00
1923	1.861633e+00
1924	1.864049e+00
1925	1.865928e+00
1926	1.867360e+00
1927	1.868661e+00
1928	1.869421e+00
1929	1.869834e+00
1930	1.870163e+00
1931	1.869956e+00
1932	1.869667e+00
1933	1.869383e+00
1934	1.869467e+00
1935	1.868889e+00
1936	1.868337e+00
1937	1.868100e+00
1938	1.867809e+00
1939	1.867632e+00
1940	1.867637e+00
1941	1.867725e+00
1942	1.867623e+00
1943	1.867771e+00
1944	1.867767e+00
1945	1.867394e+00
1946	1.867060e+00
1947	1.866717e+00
1948	1.865775e+00
1949	1.864596e+00
1950	1.862756e+00
1951	1.860915e+00
1952	1.858595e+00
1953	1.856358e+00
1954	1.854766e+00
1955	1.853205e+00
1956	1.851655e+00
1957	1.850054e+00
1958	1.848319e+00
1959	1.846659e+00
1960	1.845070e+00
1961	1.843639e+00
1962	1.842566e+00
1963	1.841607e+00
1964	1.840786e+00
1965	1.839752e+00
1966	1.838680e+00
1967	1.837123e+00
1968	1.835182e+00
1969	1.833195e+00
1970	1.831350e+00
1971	1.829314e+00
1972	1.827096e+00
1973	1.824862e+00
1974	1.822773e+00
1975	1.820976e+00
1976	1.819263e+00
1977	1.818092e+00
1978	1.817072e+00
1979	1.816322e+00
1980	1.815760e+00
1981	1.815184e+00
1982	1.814432e+00
1983	1.813966e+00
1984	1.813364e+00
1985	1.812805e+00
1986	1.812415e+00
1987	1.811690e+00
1988	1.811183e+00
1989	1.810598e+00
1990	1.809767e+00
1991	1.808951e+00
1992	1.808023e+00
1993	1.807051e+00
1994	1.806338e+00
1995	1.806068e+00
1996	1.806376e+00
1997	1.806583e+00
1998	1.807047e+00
1999	1.808027e+00
2000	1.809213e+00
2001	1.810877e+00
2002	1.813122e+00
2003	1.815822e+00
2004	1.818807e+00
2005	1.821741e+00
2006	1.825044e+00
2007	1.828569e+00
2008	1.832480e+00
2009	1.836509e+00
2010	1.840571e+00
2011	1.844600e+00
2012	1.848751e+00
2013	1.853125e+00
2014	1.857549e+00
2015	1.861822e+00
2016	1.865826e+00
2017	1.869587e+00
2018	1.873215e+00
2019	1.876967e+00
2020	1.880754e+00
2021	1.884055e+00
2022	1.887500e+00
2023	1.890994e+00
2024	1.894311e+00
2025	1.897480e+00
2026	1.900356e+00
2027	1.903534e+00
2028	1.906710e+00
2029	1.909919e+00
2030	1.913168e+00
2031	1.916028e+00
2032	1.918138e+00
2033	1.919663e+00
2034	1.920620e+00
2035	1.921124e+00
2036	1.920982e+00
2037	1.920131e+00
2038	1.918576e+00
2039	1.916526e+00
2040	1.914128e+00
2041	1.911802e+00
2042	1.909451e+00
2043	1.906999e+00
2044	1.904825e+00
2045	1.902376e+00
2046	1.900049e+00
2047	1.897619e+00
2048	1.894892e+00
2049	1.891799e+00
2050	1.888871e+00
2051	1.885562e+00
2052	1.881778e+00
2053	1.877758e+00
2054	1.873932e+00
2055	1.870140e+00
2056	1.866007e+00
2057	1.861842e+00
2058	1.857621e+00
2059	1.852843e+00
2060	1.847880e+00
2061	1.842840e+00
2062	1.837819e+00
2063	1.833045e+00
2064	1.828731e+00
2065	1.824567e+00
2066	1.820447e+00
2067	1.816594e+00
2068	1.813281e+00
2069	1.810238e+00
2070	1.807639e+00
2071	1.805161e+00
2072	1.802687e+00
2073	1.800513e+00
2074	1.798251e+00
2075	1.796207e+00
2076	1.794574e+00
2077	1.793216e+00
2078	1.791904e+00
2079	1.790920e+00
2080	1.790431e+00
2081	1.790423e+00
2082	1.790623e+00
2083	1.791077e+00
2084	1.791582e+00
2085	1.792474e+00
2086	1.794035e+00
2087	1.796009e+00
2088	1.798233e+00
2089	1.800061e+00
2090	1.802086e+00
2091	1.804474e+00
2092	1.806763e+00
2093	1.809425e+00
2094	1.811957e+00
2095	1.814497e+00
2096	1.816786e+00
2097	1.819083e+00
2098	1.821834e+00
2099	1.824755e+00
2100	1.827752e+00
2101	1.830532e+00
2102	1.833355e+00
2103	1.836315e+00
2104	1.839096e+00
2105	1.842020e+00
2106	1.845010e+00
2107	1.848012e+00
2108	1.851075e+00
2109	1.853785e+00
2110	1.856719e+00
2111	1.859770e+00
2112	1.862559e+00
2113	1.865308e+00
2114	1.867490e+00
2115	1.869511e+00
2116	1.871420e+00
2117	1.873219e+00
2118	1.874955e+00
2119	1.876685e+00
2120	1.878051e+00
2121	1.878993e+00
2122	1.879762e+00
2123	1.880194e+00
2124	1.880514e+00
2125	1.880838e+00
2126	1.880785e+00
2127	1.880658e+00
2128	1.880312e+00
2129	1.880008e+00
2130	1.879462e+00
2131	1.879224e+00
2132	1.878843e+00
2133	1.878352e+00
2134	1.877977e+00
2135	1.877156e+00
2136	1.875653e+00
2137	1.874069e+00
2138	1.872224e+00
2139	1.870177e+00
2140	1.867949e+00
2141	1.865435e+00
2142	1.862927e+00
2143	1.860236e+00
2144	1.857377e+00
2145	1.854052e+00
2146	1.850322e+00
2147	1.846642e+00
2148	1.843018e+00
2149	1.839395e+00
2150	1.835538e+00
2151	1.831413e+00
2152	1.827561e+00
2153	1.823949e+00
2154	1.820460e+00
2155	1.817265e+00
2156	1.814296e+00
2157	1.812059e+00
2158	1.810238e+00
2159	1.808644e+00
2160	1.807214e+00
2161	1.806011e+00
2162	1.805279e+00
2163	1.804823e+00
2164	1.804472e+00
2165	1.803906e+00
2166	1.803825e+00
2167	1.804157e+00
2168	1.805041e+00
2169	1.806010e+00
2170	1.807102e+00
2171	1.808806e+00
2172	1.810819e+00
2173	1.813210e+00
2174	1.815518e+00
2175	1.818553e+00
2176	1.821548e+00
2177	1.824957e+00
2178	1.828512e+00
2179	1.832170e+00
2180	1.835884e+00
2181	1.839848e+00
2182	1.843625e+00
2183	1.847739e+00
2184	1.852026e+00
2185	1.856433e+00
2186	1.860658e+00
2187	1.865325e+00
2188	1.869678e+00
2189	1.873885e+00
2190	1.878025e+00
2191	1.881926e+00
2192	1.885821e+00
2193	1.889919e+00
2194	1.894206e+00
2195	1.898203e+00
2196	1.902216e+00
2197	1.906229e+00
2198	1.909688e+00
2199	1.912664e+00
2200	1.915744e+00
2201	1.918340e+00
2202	1.920675e+00
2203	1.922617e+00
2204	1.924584e+00
2205	1.926229e+00
2206	1.927893e+00
2207	1.929095e+00
2208	1.930010e+00
2209	1.930417e+00
2210	1.930398e+00
2211	1.929775e+00
2212	1.928934e+00
2213	1.927740e+00
2214	1.926130e+00
2215	1.924205e+00
2216	1.922282e+00
2217	1.920270e+00
2218	1.917913e+00
2219	1.915395e+00
2220	1.912803e+00
2221	1.910343e+00
2222	1.907548e+00
2223	1.904484e+00
2224	1.901334e+00
2225	1.897787e+00
2226	1.893765e+00
2227	1.889687e+00
2228	1.885432e+00
2229	1.880617e+00
2230	1.875621e+00
2231	1.870682e+00
2232	1.865447e+00
2233	1.860176e+00
2234	1.854897e+00
2235	1.849257e+00
2236	1.843591e+00
2237	1.837756e+00
2238	1.832154e+00
2239	1.826599e+00
2240	1.821247e+00
2241	1.816156e+00
2242	1.810870e+00
2243	1.805777e+00
2244	1.800536e+00
2245	1.795640e+00
2246	1.790833e+00
2247	1.786329e+00
2248	1.782399e+00
2249	1.778719e+00
2250	1.775753e+00
2251	1.773047e+00
2252	1.770845e+00
2253	1.769202e+00
2254	1.768093e+00
2255	1.767295e+00
2256	1.767300e+00
2257	1.767744e+00
2258	1.768629e+00
2259	1.769954e+00
2260	1.771736e+00
2261	1.773981e+00
2262	1.776820e+00
2263	1.779826e+00
2264	1.783142e+00
2265	1.786581e+00
2266	1.790313e+00
2267	1.793846e+00
2268	1.797739e+00
2269	1.801366e+00
2270	1.804738e+00
2271	1.808043e+00
2272	1.811562e+00
2273	1.815143e+00
2274	1.818876e+00
2275	1.822619e+00
2276	1.826328e+00
2277	1.829509e+00
2278	1.832342e+00
2279	1.835351e+00
2280	1.838655e+00
2281	1.841456e+00
2282	1.844415e+00
2283	1.847499e+00
2284	1.850792e+00
2285	1.853891e+00
2286	1.856762e+00
2287	1.859431e+00
2288	1.862308e+00
2289	1.865098e+00
2290	1.867782e+00
2291	1.870329e+00
2292	1.872852e+00
2293	1.875358e+00
2294	1.878111e+00
2295	1.880816e+00
2296	1.883508e+00
2297	1.885831e+00
2298	1.887803e+00
2299	1.889704e+00
2300	1.891204e+00
2301	1.892693e+00
2302	1.894206e+00
2303	1.895627e+00
2304	1.896792e+00
2305	1.897892e+00
2306	1.898540e+00
2307	1.898776e+00
2308	1.898958e+00
2309	1.899127e+00
2310	1.899010e+00
2311	1.898675e+00
2312	1.898381e+00
2313	1.898118e+00
2314	1.897470e+00
2315	1.896824e+00
2316	1.896313e+00
2317	1.895971e+00
2318	1.895424e+00
2319	1.895144e+00
2320	1.894723e+00
2321	1.894376e+00
2322	1.893546e+00
2323	1.892146e+00
2324	1.890590e+00
2325	1.888851e+00
2326	1.886843e+00
2327	1.884808e+00
2328	1.882763e+00
2329	1.880413e+00
2330	1.877963e+00
2331	1.875208e+00
2332	1.872383e+00
2333	1.869606e+00
2334	1.866595e+00
2335	1.863545e+00
2336	1.860327e+00
2337	1.857245e+00
2338	1.854200e+00
2339	1.851529e+00
2340	1.848851e+00
2341	1.846534e+00
2342	1.844334e+00
2343	1.842188e+00
2344	1.840251e+00
2345	1.838377e+00
2346	1.836590e+00
2347	1.834870e+00
2348	1.833380e+00
2349	1.831955e+00
2350	1.830716e+00
2351	1.829584e+00
2352	1.828537e+00
2353	1.827417e+00
2354	1.826500e+00
2355	1.825498e+00
2356	1.824693e+00
2357	1.824355e+00
2358	1.824525e+00
2359	1.824950e+00
2360	1.825941e+00
2361	1.827226e+00
2362	1.828968e+00
2363	1.830638e+00
2364	1.832839e+00
2365	1.835015e+00
2366	1.836731e+00
2367	1.838685e+00
2368	1.840489e+00
2369	1.842064e+00
2370	1.843813e+00
2371	1.845487e+00
2372	1.847197e+00
2373	1.848486e+00
2374	1.849479e+00
2375	1.850138e+00
2376	1.850720e+00
2377	1.851478e+00
2378	1.852780e+00
2379	1.854035e+00
2380	1.855336e+00
2381	1.857015e+00
2382	1.858804e+00
2383	1.860650e+00
2384	1.862653e+00
2385	1.864903e+00
2386	1.866711e+00
2387	1.868478e+00
2388	1.870185e+00
2389	1.872065e+00
2390	1.873590e+00
2391	1.874808e+00
2392	1.875872e+00
2393	1.876404e+00
2394	1.876913e+00
2395	1.877079e+00
2396	1.876903e+00
2397	1.876592e+00
2398	1.875682e+00
2399	1.874497e+00
2400	1.873024e+00
2401	1.870997e+00
2402	1.868838e+00
2403	1.866653e+00
2404	1.864228e+00
2405	1.862008e+00
2406	1.859715e+00
2407	1.857770e+00
2408	1.855897e+00
2409	1.854019e+00
2410	1.852686e+00
2411	1.851360e+00
2412	1.849705e+00
2413	1.847994e+00
2414	1.846394e+00
2415	1.844739e+00
2416	1.843148e+00
2417	1.841118e+00
2418	1.839408e+00
2419	1.837737e+00
2420	1.835713e+00
2421	1.833746e+00
2422	1.831827e+00
2423	1.830350e+00
2424	1.828786e+00
2425	1.827039e+00
2426	1.825471e+00
2427	1.823979e+00
2428	1.822628e+00
2429	1.821287e+00
2430	1.820021e+00
2431	1.819093e+00
2432	1.818111e+00
2433	1.817405e+00
2434	1.816661e+00
2435	1.815996e+00
2436	1.815757e+00
2437	1.816013e+00
2438	1.816455e+00
2439	1.817526e+00
2440	1.818740e+00
2441	1.820268e+00
2442	1.822205e+00
2443	1.824326e+00
2444	1.826755e+00
2445	1.829242e+00
2446	1.831274e+00
2447	1.833350e+00
2448	1.835454e+00
2449	1.837653e+00
2450	1.839952e+00
2451	1.842745e+00
2452	1.845876e+00
2453	1.848788e+00
2454	1.851687e+00
2455	1.854508e+00
2456	1.857359e+00
2457	1.860152e+00
2458	1.862817e+00
2459	1.865490e+00
2460	1.868157e+00
2461	1.870700e+00
2462	1.873084e+00
2463	1.875643e+00
2464	1.877935e+00
2465	1.880472e+00
2466	1.883030e+00
2467	1.885708e+00
2468	1.888056e+00
2469	1.890151e+00
2470	1.892454e+00
2471	1.894318e+00
2472	1.895985e+00
2473	1.897453e+00
2474	1.898303e+00
2475	1.898620e+00
2476	1.898681e+00
2477	1.898332e+00
2478	1.897624e+00
2479	1.896548e+00
2480	1.895260e+00
2481	1.893745e+00
2482	1.891983e+00
2483	1.890100e+00
2484	1.887895e+00
2485	1.885561e+00
2486	1.883313e+00
2487	1.880621e+00
2488	1.877730e+00
2489	1.874351e+00
2490	1.870874e+00
2491	1.866899e+00
2492	1.862446e+00
2493	1.858296e+00
2494	1.854073e+00
2495	1.850129e+00
2496	1.846420e+00
2497	1.842295e+00
2498	1.838287e+00
2499	1.834727e+00
2500	1.831301e+00
2501	1.828480e+00
2502	1.825774e+00
2503	1.822891e+00
2504	1.820305e+00
2505	1.818060e+00
2506	1.815877e+00
2507	1.813735e+00
2508	1.811989e+00
2509	1.810131e+00
2510	1.808156e+00
2511	1.806331e+00
2512	1.804705e+00
2513	1.802969e+00
2514	1.801545e+00
2515	1.800468e+00
2516	1.799933e+00
2517	1.799880e+00
2518	1.800429e+00
2519	1.801047e+00
2520	1.801665e+00
2521	1.802141e+00
2522	1.802741e+00
2523	1.803848e+00
2524	1.804612e+00
2525	1.805070e+00
2526	1.805685e+00
2527	1.806393e+00
2528	1.807518e+00
2529	1.808592e+00
2530	1.809784e+00
2531	1.810924e+00
2532	1.812025e+00
2533	1.813384e+00
2534	1.814598e+00
2535	1.815767e+00
2536	1.816859e+00
2537	1.817804e+00
2538	1.818878e+00
2539	1.820072e+00
2540	1.820910e+00
2541	1.821646e+00
2542	1.821937e+00
2543	1.821926e+00
2544	1.821649e+00
2545	1.820587e+00
2546	1.819343e+00
2547	1.817472e+00
2548	1.815381e+00
2549	1.812872e+00
2550	1.810476e+00
2551	1.808056e+00
2552	1.805733e+00
2553	1.803779e+00
2554	1.802109e+00
2555	1.800719e+00
2556	1.799803e+00
2557	1.799345e+00
2558	1.799787e+00
2559	1.800409e+00
2560	1.801252e+00
2561	1.802666e+00
2562	1.804123e+00
2563	1.805759e+00
2564	1.807636e+00
2565	1.809327e+00
2566	1.811089e+00
2567	1.813152e+00
2568	1.814977e+00
2569	1.817258e+00
2570	1.820053e+00
2571	1.823233e+00
2572	1.826582e+00
2573	1.829538e+00
2574	1.832579e+00
2575	1.835677e+00
2576	1.838732e+00
2577	1.841600e+00
2578	1.844673e+00
2579	1.847184e+00
2580	1.849591e+00
2581	1.851529e+00
2582	1.853210e+00
2583	1.854699e+00
2584	1.856053e+00
2585	1.856707e+00
2586	1.857303e+00
2587	1.857846e+00
2588	1.858171e+00
2589	1.858477e+00
2590	1.858965e+00
2591	1.859358e+00
2592	1.859770e+00
2593	1.859930e+00
2594	1.859409e+00
2595	1.858831e+00
2596	1.857873e+00
2597	1.856992e+00
2598	1.855943e+00
2599	1.855083e+00
2600	1.854059e+00
2601	1.852952e+00
2602	1.851788e+00
2603	1.850343e+00
2604	1.849159e+00
2605	1.848234e+00
2606	1.847391e+00
2607	1.846684e+00
2608	1.846117e+00
2609	1.845443e+00
2610	1.844716e+00
2611	1.844123e+00
2612	1.843320e+00
2613	1.842274e+00
2614	1.841340e+00
2615	1.840353e+00
2616	1.839707e+00
2617	1.839241e+00
2618	1.839160e+00
2619	1.839148e+00
2620	1.839371e+00
2621	1.839861e+00
2622	1.840108e+00
2623	1.840364e+00
2624	1.840610e+00
2625	1.840847e+00
2626	1.841168e+00
2627	1.841474e+00
2628	1.841653e+00
2629	1.841690e+00
2630	1.841442e+00
2631	1.840689e+00
2632	1.839823e+00
2633	1.838847e+00
2634	1.837826e+00
2635	1.836704e+00
2636	1.835364e+00
2637	1.833821e+00
2638	1.832064e+00
2639	1.830060e+00
2640	1.827874e+00
2641	1.825741e+00
2642	1.823876e+00
2643	1.822194e+00
2644	1.820833e+00
2645	1.819534e+00
2646	1.818254e+00
2647	1.817129e+00
2648	1.816282e+00
2649	1.815230e+00
2650	1.814452e+00
2651	1.814092e+00
2652	1.813886e+00
2653	1.813939e+00
2654	1.813903e+00
2655	1.813927e+00
2656	1.814542e+00
2657	1.815329e+00
2658	1.816314e+00
2659	1.817393e+00
2660	1.818402e+00
2661	1.819755e+00
2662	1.820922e+00
2663	1.822245e+00
2664	1.823784e+00
2665	1.825214e+00
2666	1.826714e+00
2667	1.827869e+00
2668	1.828497e+00
2669	1.828974e+00
2670	1.829354e+00
2671	1.829517e+00
2672	1.829817e+00
2673	1.830265e+00
2674	1.830878e+00
2675	1.831299e+00
2676	1.831908e+00
2677	1.832093e+00
2678	1.832133e+00
2679	1.832286e+00
2680	1.832614e+00
2681	1.832914e+00
2682	1.833395e+00
2683	1.833939e+00
2684	1.834704e+00
2685	1.835445e+00
2686	1.836074e+00
2687	1.836148e+00
2688	1.836197e+00
2689	1.836066e+00
2690	1.835754e+00
2691	1.835295e+00
2692	1.834658e+00
2693	1.833987e+00
2694	1.833047e+00
2695	1.832158e+00
2696	1.831221e+00
2697	1.830058e+00
2698	1.828844e+00
2699	1.827643e+00
2700	1.826569e+00
2701	1.825523e+00
2702	1.824414e+00
2703	1.823244e+00
2704	1.822182e+00
2705	1.821257e+00
2706	1.820326e+00
2707	1.819623e+00
2708	1.818950e+00
2709	1.818691e+00
2710	1.818627e+00
2711	1.819147e+00
2712	1.820123e+00
2713	1.821078e+00
2714	1.822815e+00
2715	1.824659e+00
2716	1.827011e+00
2717	1.829678e+00
2718	1.832477e+00
2719	1.835783e+00
2720	1.839255e+00
2721	1.842712e+00
2722	1.846368e+00
2723	1.850241e+00
2724	1.853683e+00
2725	1.857349e+00
2726	1.860686e+00
2727	1.863815e+00
2728	1.866832e+00
2729	1.869593e+00
2730	1.872194e+00
2731	1.874688e+00
2732	1.876785e+00
2733	1.878584e+00
2734	1.880319e+00
2735	1.881701e+00
2736	1.882808e+00
2737	1.883734e+00
2738	1.884357e+00
2739	1.884679e+00
2740	1.884433e+00
2741	1.884028e+00
2742	1.883127e+00
2743	1.881926e+00
2744	1.880350e+00
2745	1.878596e+00
2746	1.876392e+00
2747	1.873781e+00
2748	1.871261e+00
2749	1.868743e+00
2750	1.865956e+00
2751	1.862798e+00
2752	1.859485e+00
2753	1.855695e+00
2754	1.851564e+00
2755	1.847230e+00
2756	1.842600e+00
2757	1.837902e+00
2758	1.833180e+00
2759	1.828538e+00
2760	1.823759e+00
2761	1.819623e+00
2762	1.816027e+00
2763	1.812679e+00
2764	1.809697e+00
2765	1.807243e+00
2766	1.805629e+00
2767	1.804331e+00
2768	1.803320e+00
2769	1.802521e+00
2770	1.802009e+00
2771	1.801550e+00
2772	1.801514e+00
2773	1.802111e+00
2774	1.802891e+00
2775	1.803950e+00
2776	1.805335e+00
2777	1.806576e+00
2778	1.808336e+00
2779	1.810126e+00
2780	1.811795e+00
2781	1.813551e+00
2782	1.815414e+00
2783	1.817610e+00
2784	1.819508e+00
2785	1.821546e+00
2786	1.823667e+00
2787	1.825964e+00
2788	1.828409e+00
2789	1.830509e+00
2790	1.832495e+00
2791	1.834465e+00
2792	1.836581e+00
2793	1.838294e+00
2794	1.839602e+00
2795	1.840607e+00
2796	1.841697e+00
2797	1.842407e+00
2798	1.843071e+00
2799	1.843239e+00
2800	1.843029e+00
2801	1.842500e+00
2802	1.841888e+00
2803	1.840610e+00
2804	1.839242e+00
2805	1.837848e+00
2806	1.836303e+00
2807	1.834759e+00
2808	1.833600e+00
2809	1.832808e+00
2810	1.831989e+00
2811	1.831312e+00
2812	1.830844e+00
2813	1.830765e+00
2814	1.830662e+00
2815	1.830650e+00
2816	1.830558e+00
2817	1.830383e+00
2818	1.830347e+00
2819	1.830549e+00
2820	1.830966e+00
2821	1.831133e+00
2822	1.831669e+00
2823	1.832230e+00
2824	1.833232e+00
2825	1.834694e+00
2826	1.836365e+00
2827	1.838021e+00
2828	1.839837e+00
2829	1.841974e+00
2830	1.844576e+00
2831	1.847554e+00
2832	1.850727e+00
2833	1.853934e+00
2834	1.857095e+00
2835	1.860229e+00
2836	1.863238e+00
2837	1.865659e+00
2838	1.867588e+00
2839	1.869500e+00
2840	1.871274e+00
2841	1.872856e+00
2842	1.874162e+00
2843	1.875002e+00
2844	1.875856e+00
2845	1.876440e+00
2846	1.876452e+00
2847	1.876666e+00
2848	1.876437e+00
2849	1.875916e+00
2850	1.874720e+00
2851	1.873522e+00
2852	1.872171e+00
2853	1.870060e+00
2854	1.867964e+00
2855	1.865633e+00
2856	1.863424e+00
2857	1.861139e+00
2858	1.858597e+00
2859	1.855691e+00
2860	1.852671e+00
2861	1.849540e+00
2862	1.846082e+00
2863	1.842472e+00
2864	1.839206e+00
2865	1.835836e+00
2866	1.832254e+00
2867	1.828929e+00
2868	1.825780e+00
2869	1.822804e+00
2870	1.819583e+00
2871	1.816688e+00
2872	1.813929e+00
2873	1.811826e+00
2874	1.809979e+00
2875	1.808570e+00
2876	1.806901e+00
2877	1.805608e+00
2878	1.804706e+00
2879	1.804337e+00
2880	1.804286e+00
2881	1.804598e+00
2882	1.805527e+00
2883	1.806950e+00
2884	1.808780e+00
2885	1.810749e+00
2886	1.812825e+00
2887	1.814949e+00
2888	1.817516e+00
2889	1.819800e+00
2890	1.822150e+00
2891	1.824247e+00
2892	1.826225e+00
2893	1.827816e+00
2894	1.829168e+00
2895	1.830195e+00
2896	1.831057e+00
2897	1.832184e+00
2898	1.833309e+00
2899	1.834198e+00
2900	1.834962e+00
2901	1.835731e+00
2902	1.836134e+00
2903	1.836275e+00
2904	1.836094e+00
2905	1.835756e+00
2906	1.835389e+00
2907	1.834476e+00
2908	1.833511e+00
2909	1.832317e+00
2910	1.831028e+00
2911	1.829536e+00
2912	1.828229e+00
2913	1.826580e+00
2914	1.824912e+00
2915	1.822883e+00
2916	1.820694e+00
2917	1.818374e+00
2918	1.815975e+00
2919	1.813855e+00
2920	1.811792e+00
2921	1.810055e+00
2922	1.808600e+00
2923	1.807363e+00
2924	1.806074e+00
2925	1.804831e+00
2926	1.804011e+00
2927	1.802769e+00
2928	1.801880e+00
2929	1.801433e+00
2930	1.800905e+00
2931	1.800646e+00
2932	1.800481e+00
2933	1.800268e+00
2934	1.800391e+00
2935	1.800582e+00
2936	1.801120e+00
2937	1.802034e+00
2938	1.803364e+00
2939	1.805236e+00
2940	1.807569e+00
2941	1.810063e+00
2942	1.812772e+00
2943	1.815227e+00
2944	1.818064e+00
2945	1.821040e+00
2946	1.824201e+00
2947	1.827470e+00
2948	1.830666e+00
2949	1.833856e+00
2950	1.837392e+00
2951	1.840678e+00
2952	1.844033e+00
2953	1.847305e+00
2954	1.850339e+00
2955	1.853123e+00
2956	1.855752e+00
2957	1.858410e+00
2958	1.861278e+00
2959	1.863905e+00
2960	1.866400e+00
2961	1.868627e+00
2962	1.870904e+00
2963	1.872813e+00
2964	1.874304e+00
2965	1.875978e+00
2966	1.877680e+00
2967	1.879194e+00
2968	1.880287e+00
2969	1.880916e+00
2970	1.881390e+00
2971	1.881792e+00
2972	1.881749e+00
2973	1.881236e+00
2974	1.880267e+00
2975	1.878898e+00
2976	1.877647e+00
2977	1.875942e+00
2978	1.874155e+00
2979	1.872196e+00
2980	1.870148e+00
2981	1.868226e+00
2982	1.866268e+00
2983	1.864339e+00
2984	1.862159e+00
2985	1.860078e+00
2986	1.858133e+00
2987	1.856615e+00
2988	1.855532e+00
2989	1.854530e+00
2990	1.853648e+00
2991	1.852786e+00
2992	1.851821e+00
2993	1.850927e+00
2994	1.850131e+00
2995	1.849522e+00
2996	1.848964e+00
2997	1.848367e+00
2998	1.847893e+00
2999	1.847521e+00
3000	1.847043e+00
3001	1.846444e+00
3002	1.845581e+00
3003	1.844573e+00
3004	1.843373e+00
3005	1.841807e+00
3006	1.840002e+00
3007	1.838014e+00
3008	1.836152e+00
3009	1.833661e+00
3010	1.830883e+00
3011	1.827812e+00
3012	1.824577e+00
3013	1.820876e+00
3014	1.816855e+00
3015	1.812768e+00
3016	1.808526e+00
3017	1.804025e+00
3018	1.799446e+00
3019	1.795190e+00
3020	1.791167e+00
3021	1.787084e+00
3022	1.783171e+00
3023	1.779354e+00
3024	1.775733e+00
3025	1.772286e+00
3026	1.768921e+00
3027	1.766053e+00
3028	1.763513e+00
3029	1.760953e+00
3030	1.758813e+00
3031	1.757042e+00
3032	1.755881e+00
3033	1.755216e+00
3034	1.755102e+00
3035	1.755935e+00
3036	1.757049e+00
3037	1.758900e+00
3038	1.761277e+00
3039	1.764132e+00
3040	1.767435e+00
3041	1.771324e+00
3042	1.775962e+00
3043	1.780771e+00
3044	1.785839e+00
3045	1.791400e+00
3046	1.796713e+00
3047	1.801765e+00
3048	1.806788e+00
3049	1.811763e+00
3050	1.816658e+00
3051	1.821265e+00
3052	1.825811e+00
3053	1.830044e+00
3054	1.834040e+00
3055	1.838025e+00
3056	1.842012e+00
3057	1.846045e+00
3058	1.849797e+00
3059	1.853367e+00
3060	1.856809e+00
3061	1.860373e+00
3062	1.863805e+00
3063	1.866928e+00
3064	1.869869e+00
3065	1.872737e+00
3066	1.875733e+00
3067	1.878341e+00
3068	1.880564e+00
3069	1.882240e+00
3070	1.883839e+00
3071	1.884791e+00
3072	1.885134e+00
3073	1.884853e+00
3074	1.884331e+00
3075	1.883170e+00
3076	1.881735e+00
3077	1.880156e+00
3078	1.878208e+00
3079	1.876565e+00
3080	1.874671e+00
3081	1.872577e+00
3082	1.870500e+00
3083	1.868593e+00
3084	1.866756e+00
3085	1.864463e+00
3086	1.862316e+00
3087	1.860437e+00
3088	1.858753e+00
3089	1.856663e+00
3090	1.854550e+00
3091	1.852124e+00
3092	1.849729e+00
3093	1.847049e+00
3094	1.844138e+00
3095	1.841158e+00
3096	1.838176e+00
3097	1.835304e+00
3098	1.832251e+00
3099	1.829126e+00
3100	1.826432e+00
3101	1.823788e+00
3102	1.821610e+00
3103	1.819579e+00
3104	1.817516e+00
3105	1.815463e+00
3106	1.813734e+00
3107	1.811706e+00
3108	1.809750e+00
3109	1.807914e+00
3110	1.806183e+00
3111	1.804393e+00
3112	1.802601e+00
3113	1.800649e+00
3114	1.798584e+00
3115	1.796749e+00
3116	1.795006e+00
3117	1.793389e+00
3118	1.791890e+00
3119	1.791022e+00
3120	1.790427e+00
3121	1.789751e+00
3122	1.789265e+00
3123	1.789628e+00
3124	1.790568e+00
3125	1.792092e+00
3126	1.793893e+00
3127	1.795952e+00
3128	1.798228e+00
3129	1.800767e+00
3130	1.803512e+00
3131	1.806447e+00
3132	1.809944e+00
3133	1.813672e+00
3134	1.817166e+00
3135	1.820681e+00
3136	1.823705e+00
3137	1.826750e+00
3138	1.829796e+00
3139	1.833000e+00
3140	1.836030e+00
3141	1.838968e+00
3142	1.841935e+00
3143	1.844984e+00
3144	1.848192e+00
3145	1.851091e+00
3146	1.854095e+00
3147	1.857707e+00
3148	1.861547e+00
3149	1.865461e+00
3150	1.869102e+00
3151	1.872607e+00
3152	1.875651e+00
3153	1.878515e+00
3154	1.881160e+00
3155	1.883657e+00
3156	1.886249e+00
3157	1.888498e+00
3158	1.890421e+00
3159	1.892053e+00
3160	1.893243e+00
3161	1.894508e+00
3162	1.895797e+00
3163	1.897082e+00
3164	1.897761e+00
3165	1.898204e+00
3166	1.898666e+00
3167	1.898542e+00
3168	1.898096e+00
3169	1.897805e+00
3170	1.897222e+00
3171	1.896001e+00
3172	1.894658e+00
3173	1.893292e+00
3174	1.891788e+00
3175	1.890229e+00
3176	1.888320e+00
3177	1.885819e+00
3178	1.882990e+00
3179	1.879594e+00
3180	1.875982e+00
3181	1.872022e+00
3182	1.867473e+00
3183	1.862679e+00
3184	1.857688e+00
3185	1.852537e+00
3186	1.847160e+00
3187	1.841930e+00
3188	1.837044e+00
3189	1.832171e+00
3190	1.827519e+00
3191	1.823197e+00
3192	1.818896e+00
3193	1.815011e+00
3194	1.811126e+00
3195	1.807815e+00
3196	1.804773e+00
3197	1.802140e+00
3198	1.799610e+00
3199	1.797287e+00
3200	1.795378e+00
3201	1.793715e+00
3202	1.792052e+00
3203	1.790701e+00
3204	1.789558e+00
3205	1.788269e+00
3206	1.786499e+00
3207	1.784922e+00
3208	1.783513e+00
3209	1.782518e+00
3210	1.781862e+00
3211	1.781484e+00
3212	1.781535e+00
3213	1.782088e+00
3214	1.783172e+00
3215	1.784865e+00
3216	1.786749e+00
3217	1.788803e+00
3218	1.791353e+00
3219	1.794069e+00
3220	1.797275e+00
3221	1.800551e+00
3222	1.804594e+00
3223	1.808657e+00
3224	1.812943e+00
3225	1.817178e+00
3226	1.821235e+00
3227	1.824933e+00
3228	1.828807e+00
3229	1.832504e+00
3230	1.836132e+00
3231	1.839763e+00
3232	1.843742e+00
3233	1.848080e+00
3234	1.852308e+00
3235	1.856246e+00
3236	1.860170e+00
3237	1.864045e+00
3238	1.868085e+00
3239	1.871921e+00
3240	1.875802e+00
3241	1.879650e+00
3242	1.882926e+00
3243	1.886118e+00
3244	1.889034e+00
3245	1.891531e+00
3246	1.893613e+00
3247	1.895583e+00
3248	1.897241e+00
3249	1.898438e+00
3250	1.899475e+00
3251	1.900119e+00
3252	1.900571e+00
3253	1.900784e+00
3254	1.900596e+00
3255	1.899994e+00
3256	1.899070e+00
3257	1.898193e+00
3258	1.897414e+00
3259	1.896401e+00
3260	1.895114e+00
3261	1.893564e+00
3262	1.891840e+00
3263	1.889947e+00
3264	1.887860e+00
3265	1.885656e+00
3266	1.883167e+00
3267	1.880582e+00
3268	1.877160e+00
3269	1.873526e+00
3270	1.869717e+00
3271	1.865977e+00
3272	1.862157e+00
3273	1.858143e+00
3274	1.854407e+00
3275	1.850662e+00
3276	1.846354e+00
3277	1.841689e+00
3278	1.836973e+00
3279	1.832092e+00
3280	1.827586e+00
3281	1.823160e+00
3282	1.819055e+00
3283	1.815183e+00
3284	1.811564e+00
3285	1.808179e+00
3286	1.804906e+00
3287	1.801821e+00
3288	1.798911e+00
3289	1.796142e+00
3290	1.793545e+00
3291	1.791501e+00
3292	1.789693e+00
3293	1.788479e+00
3294	1.787111e+00
3295	1.786109e+00
3296	1.785865e+00
3297	1.785696e+00
3298	1.786041e+00
3299	1.786426e+00
3300	1.787417e+00
3301	1.788966e+00
3302	1.790928e+00
3303	1.793393e+00
3304	1.796520e+00
3305	1.800289e+00
3306	1.803980e+00
3307	1.807845e+00
3308	1.811496e+00
3309	1.815682e+00
3310	1.820143e+00
3311	1.824311e+00
3312	1.828616e+00
3313	1.832972e+00
3314	1.836885e+00
3315	1.840746e+00
3316	1.844366e+00
3317	1.847942e+00
3318	1.851392e+00
3319	1.854822e+00
3320	1.858337e+00
3321	1.861877e+00
3322	1.865444e+00
3323	1.868683e+00
3324	1.871793e+00
3325	1.875226e+00
3326	1.878518e+00
3327	1.881530e+00
3328	1.884504e+00
3329	1.887424e+00
3330	1.890052e+00
3331	1.892431e+00
3332	1.894740e+00
3333	1.896647e+00
3334	1.898365e+00
3335	1.899645e+00
3336	1.900542e+00
3337	1.901042e+00
3338	1.901015e+00
3339	1.900615e+00
3340	1.899779e+00
3341	1.899439e+00
3342	1.899132e+00
3343	1.898646e+00
3344	1.898067e+00
3345	1.897673e+00
3346	1.896573e+00
3347	1.895227e+00
3348	1.893798e+00
3349	1.891817e+00
3350	1.889903e+00
3351	1.887777e+00
3352	1.884977e+00
3353	1.881528e+00
3354	1.877848e+00
3355	1.873836e+00
3356	1.869543e+00
3357	1.864808e+00
3358	1.859969e+00
3359	1.854941e+00
3360	1.849874e+00
3361	1.844803e+00
3362	1.840125e+00
3363	1.835776e+00
3364	1.831440e+00
3365	1.826809e+00
3366	1.822569e+00
3367	1.818128e+00
3368	1.813964e+00
3369	1.810259e+00
3370	1.806799e+00
3371	1.803449e+00
3372	1.799926e+00
3373	1.796675e+00
3374	1.793715e+00
3375	1.790766e+00
3376	1.788170e+00
3377	1.785885e+00
3378	1.783987e+00
3379	1.782364e+00
3380	1.780833e+00
3381	1.779440e+00
3382	1.778190e+00
3383	1.777476e+00
3384	1.776995e+00
3385	1.776862e+00
3386	1.776714e+00
3387	1.776866e+00
3388	1.777331e+00
3389	1.778145e+00
3390	1.779325e+00
3391	1.780763e+00
3392	1.782587e+00
3393	1.785043e+00
3394	1.787312e+00
3395	1.789551e+00
3396	1.791498e+00
3397	1.793222e+00
3398	1.794561e+00
3399	1.795952e+00
3400	1.797888e+00
3401	1.799750e+00
3402	1.801809e+00
3403	1.804356e+00
3404	1.806975e+00
3405	1.809706e+00
3406	1.812358e+00
3407	1.814946e+00
3408	1.817865e+00
3409	1.820918e+00
3410	1.824256e+00
3411	1.827904e+00
3412	1.831812e+00
3413	1.836333e+00
3414	1.841205e+00
3415	1.845814e+00
3416	1.850533e+00
3417	1.854966e+00
3418	1.859034e+00
3419	1.863148e+00
3420	1.866690e+00
3421	1.869743e+00
3422	1.872835e+00
3423	1.875782e+00
3424	1.878350e+00
3425	1.880286e+00
3426	1.881659e+00
3427	1.882892e+00
3428	1.883980e+00
3429	1.885241e+00
3430	1.886204e+00
3431	1.886906e+00
3432	1.887048e+00
3433	1.886934e+00
3434	1.886328e+00
3435	1.885178e+00
3436	1.883385e+00
3437	1.881274e+00
3438	1.878655e+00
3439	1.875518e+00
3440	1.872534e+00
3441	1.869270e+00
3442	1.865882e+00
3443	1.862334e+00
3444	1.858429e+00
3445	1.854022e+00
3446	1.849450e+00
3447	1.845274e+00
3448	1.840618e+00
3449	1.836036e+00
3450	1.831175e+00
3451	1.826696e+00
3452	1.822160e+00
3453	1.817922e+00
3454	1.814167e+00
3455	1.810198e+00
3456	1.806532e+00
3457	1.803504e+00
3458	1.800588e+00
3459	1.798006e+00
3460	1.796251e+00
3461	1.794962e+00
3462	1.794048e+00
3463	1.793487e+00
3464	1.793208e+00
3465	1.793299e+00
3466	1.793457e+00
3467	1.793756e+00
3468	1.794902e+00
3469	1.796376e+00
3470	1.797900e+00
3471	1.799608e+00
3472	1.802045e+00
3473	1.805214e+00
3474	1.808600e+00
3475	1.812140e+00
3476	1.815596e+00
3477	1.819275e+00
3478	1.823241e+00
3479	1.827649e+00
3480	1.832318e+00
3481	1.837223e+00
3482	1.841981e+00
3483	1.846945e+00
3484	1.851865e+00
3485	1.856749e+00
3486	1.861319e+00
3487	1.865519e+00
3488	1.869431e+00
3489	1.873026e+00
3490	1.876630e+00
3491	1.879939e+00
3492	1.883070e+00
3493	1.885778e+00
3494	1.888133e+00
3495	1.890153e+00
3496	1.892172e+00
3497	1.893465e+00
3498	1.894676e+00
3499	1.895663e+00
3500	1.896543e+00
3501	1.897319e+00
3502	1.898058e+00
3503	1.899164e+00
3504	1.900215e+00
3505	1.901066e+00
3506	1.902313e+00
3507	1.903097e+00
3508	1.903784e+00
3509	1.904260e+00
3510	1.904265e+00
3511	1.904124e+00
3512	1.903878e+00
3513	1.903321e+00
3514	1.902457e+00
3515	1.901390e+00
3516	1.900462e+00
3517	1.899339e+00
3518	1.897813e+00
3519	1.896133e+00
3520	1.894238e+00
3521	1.892300e+00
3522	1.890007e+00
3523	1.887020e+00
3524	1.884022e+00
3525	1.880751e+00
3526	1.877062e+00
3527	1.872929e+00
3528	1.868655e+00
3529	1.864011e+00
3530	1.859274e+00
3531	1.854528e+00
3532	1.849626e+00
3533	1.844669e+00
3534	1.839682e+00
3535	1.834509e+00
3536	1.829587e+00
3537	1.824327e+00
3538	1.818831e+00
3539	1.813246e+00
3540	1.807702e+00
3541	1.802429e+00
3542	1.797652e+00
3543	1.793550e+00
3544	1.789869e+00
3545	1.786606e+00
3546	1.784105e+00
3547	1.781929e+00
3548	1.779846e+00
3549	1.778229e+00
3550	1.776992e+00
3551	1.776377e+00
3552	1.775638e+00
3553	1.774994e+00
3554	1.774452e+00
3555	1.774463e+00
3556	1.774979e+00
3557	1.775613e+00
3558	1.777003e+00
3559	1.779179e+00
3560	1.781634e+00
3561	1.784451e+00
3562	1.788347e+00
3563	1.793224e+00
3564	1.798724e+00
3565	1.805016e+00
3566	1.811682e+00
3567	1.818852e+00
3568	1.826485e+00
3569	1.834411e+00
3570	1.842703e+00
3571	1.851244e+00
3572	1.859501e+00
3573	1.867480e+00
3574	1.874986e+00
3575	1.882455e+00
3576	1.889268e+00
3577	1.895915e+00
3578	1.902290e+00
3579	1.908438e+00
3580	1.914567e+00
3581	1.920899e+00
3582	1.927139e+00
3583	1.933143e+00
3584	1.938328e+00
3585	1.943435e+00
3586	1.948216e+00
3587	1.952440e+00
3588	1.956046e+00
3589	1.959629e+00
3590	1.962730e+00
3591	1.965512e+00
3592	1.967795e+00
3593	1.969404e+00
3594	1.970565e+00
3595	1.970873e+00
3596	1.970572e+00
3597	1.969606e+00
3598	1.967861e+00
3599	1.965624e+00
3600	1.963007e+00
3601	1.960208e+00
3602	1.956987e+00
3603	1.953436e+00
3604	1.949577e+00
3605	1.945354e+00
3606	1.940878e+00
3607	1.936365e+00
3608	1.931515e+00
3609	1.926712e+00
3610	1.921698e+00
3611	1.916647e+00
3612	1.911379e+00
3613	1.905644e+00
3614	1.899808e+00
3615	1.893838e+00
3616	1.887677e+00
3617	1.881344e+00
3618	1.874558e+00
3619	1.867631e+00
3620	1.860507e+00
3621	1.853468e+00
3622	1.846622e+00
3623	1.839550e+00
3624	1.832116e+00
3625	1.824487e+00
3626	1.817338e+00
3627	1.810500e+00
3628	1.803834e+00
3629	1.797371e+00
3630	1.791560e+00
3631	1.786266e+00
3632	1.781527e+00
3633	1.777623e+00
3634	1.774901e+00
3635	1.773020e+00
3636	1.771666e+00
3637	1.770711e+00
3638	1.770130e+00
3639	1.769901e+00
3640	1.770307e+00
3641	1.771298e+00
3642	1.772709e+00
3643	1.774782e+00
3644	1.777426e+00
3645	1.780632e+00
3646	1.784084e+00
3647	1.788236e+00
3648	1.792852e+00
3649	1.797722e+00
3650	1.802775e+00
3651	1.808420e+00
3652	1.814254e+00
3653	1.819816e+00
3654	1.825914e+00
3655	1.832525e+00
3656	1.839175e+00
3657	1.846167e+00
3658	1.853222e+00
3659	1.860302e+00
3660	1.867259e+00
3661	1.873878e+00
3662	1.880662e+00
3663	1.886822e+00
3664	1.892623e+00
3665	1.898234e+00
3666	1.903475e+00
3667	1.908186e+00
3668	1.912854e+00
3669	1.917399e+00
3670	1.921918e+00
3671	1.926223e+00
3672	1.930643e+00
3673	1.934777e+00
3674	1.938786e+00
3675	1.942573e+00
3676	1.946216e+00
3677	1.949484e+00
3678	1.952620e+00
3679	1.955472e+00
3680	1.958078e+00
3681	1.960398e+00
3682	1.962512e+00
3683	1.964548e+00
3684	1.966063e+00
3685	1.967089e+00
3686	1.967370e+00
3687	1.967280e+00
3688	1.966139e+00
3689	1.964460e+00
3690	1.962393e+00
3691	1.959785e+00
3692	1.956877e+00
3693	1.953639e+00
3694	1.949816e+00
3695	1.945728e+00
3696	1.941197e+00
3697	1.936155e+00
3698	1.930957e+00
3699	1.925438e+00
3700	1.919945e+00
3701	1.914225e+00
3702	1.908423e+00
3703	1.902527e+00
3704	1.896257e+00
3705	1.889727e+00
3706	1.882816e+00
3707	1.875956e+00
3708	1.869048e+00
3709	1.861997e+00
3710	1.855228e+00
3711	1.848699e+00
3712	1.842342e+00
3713	1.836136e+00
3714	1.830239e+00
3715	1.824799e+00
3716	1.819307e+00
3717	1.814051e+00
3718	1.809043e+00
3719	1.804426e+00
3720	1.800163e+00
3721	1.796177e+00
3722	1.792554e+00
3723	1.789098e+00
3724	1.786221e+00
3725	1.783663e+00
3726	1.781571e+00
3727	1.779649e+00
3728	1.778355e+00
3729	1.777217e+00
3730	1.776790e+00
3731	1.776778e+00
3732	1.777122e+00
3733	1.777654e+00
3734	1.778617e+00
3735	1.780165e+00
3736	1.782294e+00
3737	1.785101e+00
3738	1.788488e+00
3739	1.792035e+00
3740	1.796061e+00
3741	1.800208e+00
3742	1.804518e+00
3743	1.809327e+00
3744	1.814090e+00
3745	1.819298e+00
3746	1.824750e+00
3747	1.830158e+00
3748	1.835552e+00
3749	1.840998e+00
3750	1.846472e+00
3751	1.851851e+00
3752	1.857201e+00
3753	1.862281e+00
3754	1.866933e+00
3755	1.871501e+00
3756	1.876192e+00
3757	1.881211e+00
3758	1.886029e+00
3759	1.890520e+00
3760	1.894940e+00
3761	1.898706e+00
3762	1.902218e+00
3763	1.905632e+00
3764	1.908754e+00
3765	1.911503e+00
3766	1.913818e+00
3767	1.915627e+00
3768	1.916963e+00
3769	1.917480e+00
3770	1.917276e+00
3771	1.916633e+00
3772	1.915939e+00
3773	1.914756e+00
3774	1.913052e+00
3775	1.911114e+00
3776	1.908796e+00
3777	1.906130e+00
3778	1.903493e+00
3779	1.900587e+00
3780	1.896995e+00
3781	1.893397e+00
3782	1.889705e+00
3783	1.885567e+00
3784	1.881190e+00
3785	1.876445e+00
3786	1.871337e+00
3787	1.865561e+00
3788	1.859226e+00
3789	1.852497e+00
3790	1.845588e+00
3791	1.838213e+00
3792	1.830648e+00
3793	1.822935e+00
3794	1.815281e+00
3795	1.807724e+00
3796	1.800105e+00
3797	1.792637e+00
3798	1.785562e+00
3799	1.779103e+00
3800	1.773164e+00
3801	1.767362e+00
3802	1.761526e+00
3803	1.756427e+00
3804	1.751863e+00
3805	1.747951e+00
3806	1.745054e+00
3807	1.742608e+00
3808	1.741077e+00
3809	1.739953e+00
3810	1.739343e+00
3811	1.739330e+00
3812	1.740037e+00
3813	1.741561e+00
3814	1.743591e+00
3815	1.746637e+00
3816	1.750134e+00
3817	1.754363e+00
3818	1.759500e+00
3819	1.765332e+00
3820	1.771620e+00
3821	1.778810e+00
3822	1.786712e+00
3823	1.795163e+00
3824	1.803941e+00
3825	1.813043e+00
3826	1.822390e+00
3827	1.831790e+00
3828	1.840833e+00
3829	1.849159e+00
3830	1.857293e+00
3831	1.865328e+00
3832	1.873055e+00
3833	1.880351e+00
3834	1.887131e+00
3835	1.893496e+00
3836	1.899410e+00
3837	1.904795e+00
3838	1.909545e+00
3839	1.913952e+00
3840	1.918116e+00
3841	1.922118e+00
3842	1.926088e+00
3843	1.929976e+00
3844	1.933619e+00
3845	1.936778e+00
3846	1.939642e+00
3847	1.941938e+00
3848	1.943693e+00
3849	1.945170e+00
3850	1.946216e+00
3851	1.946754e+00
3852	1.947012e+00
3853	1.946649e+00
3854	1.945748e+00
3855	1.944329e+00
3856	1.942374e+00
3857	1.940035e+00
3858	1.937419e+00
3859	1.934796e+00
3860	1.932087e+00
3861	1.929236e+00
3862	1.926356e+00
3863	1.923744e+00
3864	1.921336e+00
3865	1.919041e+00
3866	1.916486e+00
3867	1.913810e+00
3868	1.911376e+00
3869	1.908778e+00
3870	1.905907e+00
3871	1.903125e+00
3872	1.900340e+00
3873	1.897297e+00
3874	1.893874e+00
3875	1.890513e+00
3876	1.886706e+00
3877	1.882463e+00
3878	1.877824e+00
3879	1.872694e+00
3880	1.867324e+00
3881	1.861801e+00
3882	1.856387e+00
3883	1.850946e+00
3884	1.845435e+00
3885	1.840201e+00
3886	1.835086e+00
3887	1.829810e+00
3888	1.825156e+00
3889	1.820498e+00
3890	1.815808e+00
3891	1.811577e+00
3892	1.807979e+00
3893	1.804628e+00
3894	1.801445e+00
3895	1.798605e+00
3896	1.796258e+00
3897	1.794179e+00
3898	1.792050e+00
3899	1.790312e+00
3900	1.788651e+00
3901	1.787087e+00
3902	1.785657e+00
3903	1.784898e+00
3904	1.784227e+00
3905	1.784073e+00
3906	1.784263e+00
3907	1.785216e+00
3908	1.786908e+00
3909	1.789220e+00
3910	1.792145e+00
3911	1.795239e+00
3912	1.798496e+00
3913	1.802460e+00
3914	1.806896e+00
3915	1.811733e+00
3916	1.817191e+00
3917	1.822945e+00
3918	1.828915e+00
3919	1.834692e+00
3920	1.840788e+00
3921	1.846849e+00
3922	1.852850e+00
3923	1.858749e+00
3924	1.864327e+00
3925	1.869317e+00
3926	1.873772e+00
3927	1.878624e+00
3928	1.883214e+00
3929	1.887705e+00
3930	1.892044e+00
3931	1.896249e+00
3932	1.900162e+00
3933	1.903846e+00
3934	1.908102e+00
3935	1.911979e+00
3936	1.915581e+00
3937	1.918890e+00
3938	1.921725e+00
3939	1.924012e+00
3940	1.925910e+00
3941	1.927048e+00
3942	1.928100e+00
3943	1.928809e+00
3944	1.929219e+00
3945	1.929137e+00
3946	1.928652e+00
3947	1.927493e+00
3948	1.926007e+00
3949	1.924192e+00
3950	1.922304e+00
3951	1.920444e+00
3952	1.918648e+00
3953	1.916640e+00
3954	1.914770e+00
3955	1.912439e+00
3956	1.910077e+00
3957	1.907620e+00
3958	1.904882e+00
3959	1.902102e+00
3960	1.899360e+00
3961	1.896277e+00
3962	1.893011e+00
3963	1.889215e+00
3964	1.885221e+00
3965	1.880807e+00
3966	1.876095e+00
3967	1.871090e+00
3968	1.866221e+00
3969	1.861308e+00
3970	1.856650e+00
3971	1.851715e+00
3972	1.846816e+00
3973	1.841442e+00
3974	1.836242e+00
3975	1.830747e+00
3976	1.825437e+00
3977	1.820304e+00
3978	1.815407e+00
3979	1.810828e+00
3980	1.806141e+00
3981	1.801701e+00
3982	1.797316e+00
3983	1.793118e+00
3984	1.788907e+00
3985	1.784893e+00
3986	1.780907e+00
3987	1.776775e+00
3988	1.772533e+00
3989	1.768697e+00
3990	1.765197e+00
3991	1.761944e+00
3992	1.758852e+00
3993	1.756343e+00
3994	1.754471e+00
3995	1.753075e+00
3996	1.752209e+00
3997	1.752192e+00
3998	1.753223e+00
3999	1.754854e+00
4000	1.757120e+00
4001	1.760222e+00
4002	1.764038e+00
4003	1.768131e+00
4004	1.772753e+00
4005	1.777735e+00
4006	1.782397e+00
4007	1.787155e+00
4008	1.791567e+00
4009	1.796089e+00
4010	1.800844e+00
4011	1.805816e+00
4012	1.810941e+00
4013	1.815943e+00
4014	1.821537e+00
4015	1.827325e+00
4016	1.833350e+00
4017	1.839087e+00
4018	1.845332e+00
4019	1.851626e+00
4020	1.857907e+00
4021	1.864107e+00
4022	1.870386e+00
4023	1.876302e+00
4024	1.881766e+00
4025	1.886859e+00
4026	1.891501e+00
4027	1.895948e+00
4028	1.899886e+00
4029	1.903089e+00
4030	1.905548e+00
4031	1.907441e+00
4032	1.908999e+00
4033	1.909980e+00
4034	1.910428e+00
4035	1.910133e+00
4036	1.909550e+00
4037	1.908646e+00
4038	1.907455e+00
4039	1.905955e+00
4040	1.904272e+00
4041	1.902838e+00
4042	1.901486e+00
4043	1.899799e+00
4044	1.898043e+00
4045	1.896057e+00
4046	1.893761e+00
4047	1.891454e+00
4048	1.888761e+00
4049	1.885972e+00
4050	1.882672e+00
4051	1.878939e+00
4052	1.874970e+00
4053	1.870896e+00
4054	1.866429e+00
4055	1.861477e+00
4056	1.856524e+00
4057	1.851589e+00
4058	1.846833e+00
4059	1.842426e+00
4060	1.838343e+00
4061	1.834743e+00
4062	1.831006e+00
4063	1.827486e+00
4064	1.824329e+00
4065	1.821577e+00
4066	1.819278e+00
4067	1.817075e+00
4068	1.814961e+00
4069	1.812712e+00
4070	1.810783e+00
4071	1.809171e+00
4072	1.807787e+00
4073	1.806357e+00
4074	1.805087e+00
4075	1.804288e+00
4076	1.803650e+00
4077	1.803464e+00
4078	1.803994e+00
4079	1.804965e+00
4080	1.806603e+00
4081	1.808521e+00
4082	1.810946e+00
4083	1.812967e+00
4084	1.815409e+00
4085	1.818265e+00
4086	1.821560e+00
4087	1.824819e+00
4088	1.828057e+00
4089	1.831286e+00
4090	1.834645e+00
4091	1.837867e+00
4092	1.840694e+00
4093	1.843260e+00
4094	1.845539e+00
4095	1.847565e+00
4096	1.849526e+00
4097	1.851128e+00
4098	1.852571e+00
4099	1.853930e+00
4100	1.855307e+00
4101	1.856872e+00
4102	1.858684e+00
4103	1.861006e+00
4104	1.863340e+00
4105	1.865774e+00
4106	1.868313e+00
4107	1.870808e+00
4108	1.873139e+00
4109	1.875385e+00
4110	1.877488e+00
4111	1.879435e+00
4112	1.881127e+00
4113	1.882571e+00
4114	1.883748e+00
4115	1.884747e+00
4116	1.885332e+00
4117	1.885512e+00
4118	1.885341e+00
4119	1.884481e+00
4120	1.883552e+00
4121	1.882748e+00
4122	1.881678e+00
4123	1.880610e+00
4124	1.879528e+00
4125	1.878650e+00
4126	1.877948e+00
4127	1.877040e+00
4128	1.876393e+00
4129	1.875852e+00
4130	1.875468e+00
4131	1.874977e+00
4132	1.874549e+00
4133	1.874143e+00
4134	1.873778e+00
4135	1.872866e+00
4136	1.871271e+00
4137	1.869120e+00
4138	1.866902e+00
4139	1.864515e+00
4140	1.861725e+00
4141	1.859094e+00
4142	1.855989e+00
4143	1.852815e+00
4144	1.849642e+00
4145	1.846747e+00
4146	1.843930e+00
4147	1.841217e+00
4148	1.838406e+00
4149	1.835497e+00
4150	1.832299e+00
4151	1.829055e+00
4152	1.825777e+00
4153	1.822615e+00
4154	1.820091e+00
4155	1.817642e+00
4156	1.815289e+00
4157	1.812678e+00
4158	1.809881e+00
4159	1.807299e+00
4160	1.804707e+00
4161	1.801893e+00
4162	1.799118e+00
4163	1.796464e+00
4164	1.793643e+00
4165	1.791298e+00
4166	1.789195e+00
4167	1.787633e+00
4168	1.786329e+00
4169	1.785664e+00
4170	1.785260e+00
4171	1.785286e+00
4172	1.785914e+00
4173	1.787086e+00
4174	1.789167e+00
4175	1.792072e+00
4176	1.796003e+00
4177	1.800429e+00
4178	1.805164e+00
4179	1.809838e+00
4180	1.814299e+00
4181	1.819080e+00
4182	1.823502e+00
4183	1.827787e+00
4184	1.831687e+00
4185	1.835010e+00
4186	1.838268e+00
4187	1.841270e+00
4188	1.844470e+00
4189	1.848116e+00
4190	1.852070e+00
4191	1.855892e+00
4192	1.859624e+00
4193	1.863581e+00
4194	1.868337e+00
4195	1.873167e+00
4196	1.878001e+00
4197	1.882957e+00
4198	1.888073e+00
4199	1.892935e+00
4200	1.897734e+00
4201	1.902496e+00
4202	1.907137e+00
4203	1.911539e+00
4204	1.915744e+00
4205	1.919930e+00
4206	1.923746e+00
4207	1.926988e+00
4208	1.929721e+00
4209	1.931777e+00
4210	1.933330e+00
4211	1.934574e+00
4212	1.935497e+00
4213	1.936104e+00
4214	1.936235e+00
4215	1.935916e+00
4216	1.935235e+00
4217	1.934190e+00
4218	1.933444e+00
4219	1.932331e+00
4220	1.930738e+00
4221	1.928489e+00
4222	1.925503e+00
4223	1.922154e+00
4224	1.917991e+00
4225	1.913399e+00
4226	1.907940e+00
4227	1.901819e+00
4228	1.895238e+00
4229	1.888203e+00
4230	1.880722e+00
4231	1.872894e+00
4232	1.864896e+00
4233	1.857037e+00
4234	1.849190e+00
4235	1.841532e+00
4236	1.833858e+00
4237	1.826421e+00
4238	1.819272e+00
4239	1.812631e+00
4240	1.806500e+00
4241	1.800922e+00
4242	1.795470e+00
4243	1.790678e+00
4244	1.786180e+00
4245	1.782466e+00
4246	1.779290e+00
4247	1.776790e+00
4248	1.774838e+00
4249	1.773082e+00
4250	1.772014e+00
4251	1.771339e+00
4252	1.770982e+00
4253	1.771146e+00
4254	1.771451e+00
4255	1.772453e+00
4256	1.773877e+00
4257	1.775762e+00
4258	1.777789e+00
4259	1.780131e+00
4260	1.782694e+00
4261	1.785890e+00
4262	1.789438e+00
4263	1.793348e+00
4264	1.797675e+00
4265	1.802422e+00
4266	1.807235e+00
4267	1.811388e+00
4268	1.815690e+00
4269	1.820220e+00
4270	1.825066e+00
4271	1.829635e+00
4272	1.834406e+00
4273	1.839253e+00
4274	1.844394e+00
4275	1.849792e+00
4276	1.854978e+00
4277	1.860393e+00
4278	1.865898e+00
4279	1.871219e+00
4280	1.876383e+00
4281	1.881467e+00
4282	1.886418e+00
4283	1.891209e+00
4284	1.896186e+00
4285	1.901113e+00
4286	1.906170e+00
4287	1.910965e+00
4288	1.915754e+00
4289	1.920373e+00
4290	1.924645e+00
4291	1.928621e+00
4292	1.932580e+00
4293	1.936385e+00
4294	1.939456e+00
4295	1.941803e+00
4296	1.943805e+00
4297	1.945344e+00
4298	1.946561e+00
4299	1.947011e+00
4300	1.946599e+00
4301	1.945613e+00
4302	1.944589e+00
4303	1.943338e+00
4304	1.941777e+00
4305	1.940279e+00
4306	1.938381e+00
4307	1.936664e+00
4308	1.934794e+00
4309	1.932655e+00
4310	1.930309e+00
4311	1.927482e+00
4312	1.923650e+00
4313	1.919533e+00
4314	1.914868e+00
4315	1.909560e+00
4316	1.903717e+00
4317	1.897444e+00
4318	1.891093e+00
4319	1.883979e+00
4320	1.876667e+00
4321	1.868897e+00
4322	1.861069e+00
4323	1.852914e+00
4324	1.844592e+00
4325	1.836490e+00
4326	1.828512e+00
4327	1.820303e+00
4328	1.811995e+00
4329	1.803899e+00
4330	1.796236e+00
4331	1.788935e+00
4332	1.781819e+00
4333	1.774894e+00
4334	1.768635e+00
4335	1.762976e+00
4336	1.758045e+00
4337	1.753932e+00
4338	1.750110e+00
4339	1.747477e+00
4340	1.745043e+00
4341	1.742821e+00
4342	1.741158e+00
4343	1.740157e+00
4344	1.739444e+00
4345	1.739345e+00
4346	1.739535e+00
4347	1.740356e+00
4348	1.741789e+00
4349	1.743562e+00
4350	1.746093e+00
4351	1.749638e+00
4352	1.753708e+00
4353	1.758841e+00
4354	1.764525e+00
4355	1.771053e+00
4356	1.777964e+00
4357	1.785641e+00
4358	1.793561e+00
4359	1.801746e+00
4360	1.810584e+00
4361	1.819602e+00
4362	1.828785e+00
4363	1.837138e+00
4364	1.844823e+00
4365	1.852161e+00
4366	1.859114e+00
4367	1.865351e+00
4368	1.871430e+00
4369	1.876863e+00
4370	1.881791e+00
4371	1.886242e+00
4372	1.890106e+00
4373	1.893488e+00
4374	1.896422e+00
4375	1.898700e+00
4376	1.900821e+00
4377	1.902477e+00
4378	1.903989e+00
4379	1.905359e+00
4380	1.906351e+00
4381	1.907140e+00
4382	1.907482e+00
4383	1.907340e+00
4384	1.907136e+00
4385	1.906383e+00
4386	1.905726e+00
4387	1.904644e+00
4388	1.903730e+00
4389	1.902381e+00
4390	1.900688e+00
4391	1.898348e+00
4392	1.895898e+00
4393	1.893248e+00
4394	1.890392e+00
4395	1.886957e+00
4396	1.883179e+00
4397	1.879363e+00
4398	1.875182e+00
4399	1.870477e+00
4400	1.865978e+00
4401	1.861339e+00
4402	1.856952e+00
4403	1.853060e+00
4404	1.849274e+00
4405	1.845555e+00
4406	1.841599e+00
4407	1.837970e+00
4408	1.834376e+00
4409	1.831173e+00
4410	1.827839e+00
4411	1.824322e+00
4412	1.821042e+00
4413	1.818325e+00
4414	1.815873e+00
4415	1.813686e+00
4416	1.811750e+00
4417	1.809797e+00
4418	1.808441e+00
4419	1.806866e+00
4420	1.805385e+00
4421	1.804580e+00
4422	1.804337e+00
4423	1.804550e+00
4424	1.804949e+00
4425	1.805594e+00
4426	1.806654e+00
4427	1.807945e+00
4428	1.809519e+00
4429	1.810980e+00
4430	1.812459e+00
4431	1.813893e+00
4432	1.815450e+00
4433	1.817074e+00
4434	1.818819e+00
4435	1.820804e+00
4436	1.822834e+00
4437	1.824700e+00
4438	1.826596e+00
4439	1.828459e+00
4440	1.830511e+00
4441	1.832960e+00
4442	1.835450e+00
4443	1.838434e+00
4444	1.841636e+00
4445	1.844606e+00
4446	1.847388e+00
4447	1.850396e+00
4448	1.852986e+00
4449	1.855733e+00
4450	1.858149e+00
4451	1.860272e+00
4452	1.861868e+00
4453	1.863474e+00
4454	1.865174e+00
4455	1.866749e+00
4456	1.868270e+00
4457	1.869284e+00
4458	1.870095e+00
4459	1.871209e+00
4460	1.872547e+00
4461	1.873955e+00
4462	1.875456e+00
4463	1.877277e+00
4464	1.878933e+00
4465	1.881269e+00
4466	1.883850e+00
4467	1.886955e+00
4468	1.890328e+00
4469	1.893718e+00
4470	1.897015e+00
4471	1.900452e+00
4472	1.903617e+00
4473	1.906303e+00
4474	1.908426e+00
4475	1.910219e+00
4476	1.911691e+00
4477	1.912893e+00
4478	1.913972e+00
4479	1.914493e+00
4480	1.914349e+00
4481	1.913879e+00
4482	1.912860e+00
4483	1.911580e+00
4484	1.909646e+00
4485	1.907367e+00
4486	1.904690e+00
4487	1.901895e+00
4488	1.898464e+00
4489	1.895231e+00
4490	1.891851e+00
4491	1.888220e+00
4492	1.884514e+00
4493	1.880998e+00
4494	1.877373e+00
4495	1.873821e+00
4496	1.870521e+00
4497	1.867015e+00
4498	1.863179e+00
4499	1.859155e+00
4500	1.854623e+00
4501	1.849737e+00
4502	1.844716e+00
4503	1.839665e+00
4504	1.834069e+00
4505	1.828277e+00
4506	1.822273e+00
4507	1.816374e+00
4508	1.810389e+00
4509	1.804284e+00
4510	1.798503e+00
4511	1.793355e+00
4512	1.788282e+00
4513	1.783805e+00
4514	1.779577e+00
4515	1.776299e+00
4516	1.773540e+00
4517	1.771225e+00
4518	1.768802e+00
4519	1.766426e+00
4520	1.764584e+00
4521	1.762972e+00
4522	1.761529e+00
4523	1.760655e+00
4524	1.760181e+00
4525	1.760025e+00
4526	1.760434e+00
4527	1.761298e+00
4528	1.762704e+00
4529	1.764497e+00
4530	1.766659e+00
4531	1.769242e+00
4532	1.772596e+00
4533	1.776417e+00
4534	1.780675e+00
4535	1.785274e+00
4536	1.789936e+00
4537	1.794756e+00
4538	1.800154e+00
4539	1.805828e+00
4540	1.811597e+00
4541	1.817410e+00
4542	1.823215e+00
4543	1.828714e+00
4544	1.833911e+00
4545	1.838919e+00
4546	1.843611e+00
4547	1.847926e+00
4548	1.852231e+00
4549	1.856304e+00
4550	1.860023e+00
4551	1.863415e+00
4552	1.866827e+00
4553	1.870290e+00
4554	1.873886e+00
4555	1.877525e+00
4556	1.881134e+00
4557	1.884979e+00
4558	1.888465e+00
4559	1.892062e+00
4560	1.895521e+00
4561	1.898796e+00
4562	1.901922e+00
4563	1.905049e+00
4564	1.908215e+00
4565	1.911043e+00
4566	1.913222e+00
4567	1.914761e+00
4568	1.915786e+00
4569	1.916361e+00
4570	1.916364e+00
4571	1.915973e+00
4572	1.915123e+00
4573	1.913876e+00
4574	1.912430e+00
4575	1.910990e+00
4576	1.909699e+00
4577	1.908384e+00
4578	1.907083e+00
4579	1.905746e+00
4580	1.904215e+00
4581	1.903224e+00
4582	1.902429e+00
4583	1.901826e+00
4584	1.901655e+00
4585	1.901427e+00
4586	1.901045e+00
4587	1.900843e+00
4588	1.900379e+00
4589	1.899356e+00
4590	1.897753e+00
4591	1.895491e+00
4592	1.892533e+00
4593	1.888864e+00
4594	1.884759e+00
4595	1.879787e+00
4596	1.874512e+00
4597	1.868983e+00
4598	1.863761e+00
4599	1.858139e+00
4600	1.852476e+00
4601	1.846867e+00
4602	1.841503e+00
4603	1.836133e+00
4604	1.831095e+00
4605	1.826387e+00
4606	1.822019e+00
4607	1.818339e+00
4608	1.815238e+00
4609	1.812618e+00
4610	1.810198e+00
4611	1.808357e+00
4612	1.806918e+00
4613	1.805916e+00
4614	1.805153e+00
4615	1.804415e+00
4616	1.803909e+00
4617	1.803828e+00
4618	1.803935e+00
4619	1.804036e+00
4620	1.804610e+00
4621	1.805619e+00
4622	1.806784e+00
4623	1.808613e+00
4624	1.811061e+00
4625	1.814033e+00
4626	1.817146e+00
4627	1.820738e+00
4628	1.824712e+00
4629	1.829021e+00
4630	1.833931e+00
4631	1.839454e+00
4632	1.845446e+00
4633	1.851852e+00
4634	1.858199e+00
4635	1.864524e+00
4636	1.870363e+00
4637	1.875863e+00
4638	1.880921e+00
4639	1.885753e+00
4640	1.890139e+00
4641	1.894234e+00
4642	1.898356e+00
4643	1.902089e+00
4644	1.905559e+00
4645	1.908573e+00
4646	1.911174e+00
4647	1.913348e+00
4648	1.915375e+00
4649	1.917277e+00
4650	1.918869e+00
4651	1.919974e+00
4652	1.920987e+00
4653	1.921370e+00
4654	1.921123e+00
4655	1.920418e+00
4656	1.919572e+00
4657	1.918452e+00
4658	1.916416e+00
4659	1.914178e+00
4660	1.911225e+00
4661	1.907454e+00
4662	1.903379e+00
4663	1.898700e+00
4664	1.893778e+00
4665	1.888672e+00
4666	1.883223e+00
4667	1.877486e+00
4668	1.871689e+00
4669	1.866165e+00
4670	1.860910e+00
4671	1.856098e+00
4672	1.851455e+00
4673	1.847378e+00
4674	1.844125e+00
4675	1.841227e+00
4676	1.838502e+00
4677	1.835946e+00
4678	1.833487e+00
4679	1.830713e+00
4680	1.827892e+00
4681	1.825106e+00
4682	1.822765e+00
4683	1.820557e+00
4684	1.818473e+00
4685	1.816710e+00
4686	1.814671e+00
4687	1.812969e+00
4688	1.811960e+00
4689	1.811205e+00
4690	1.810789e+00
4691	1.810827e+00
4692	1.811143e+00
4693	1.811558e+00
4694	1.812409e+00
4695	1.813597e+00
4696	1.814736e+00
4697	1.815950e+00
4698	1.817334e+00
4699	1.819070e+00
4700	1.820992e+00
4701	1.823026e+00
4702	1.825401e+00
4703	1.827964e+00
4704	1.830465e+00
4705	1.833221e+00
4706	1.835911e+00
4707	1.838502e+00
4708	1.840860e+00
4709	1.842954e+00
4710	1.845063e+00
4711	1.846787e+00
4712	1.848297e+00
4713	1.849626e+00
4714	1.850078e+00
4715	1.850826e+00
4716	1.851698e+00
4717	1.852679e+00
4718	1.853610e+00
4719	1.854395e+00
4720	1.855116e+00
4721	1.855841e+00
4722	1.856761e+00
4723	1.857686e+00
4724	1.858408e+00
4725	1.858827e+00
4726	1.859322e+00
4727	1.859543e+00
4728	1.859522e+00
4729	1.859266e+00
4730	1.859134e+00
4731	1.858486e+00
4732	1.857271e+00
4733	1.855799e+00
4734	1.854093e+00
4735	1.852240e+00
4736	1.850999e+00
4737	1.849873e+00
4738	1.849285e+00
4739	1.849039e+00
4740	1.849538e+00
4741	1.850070e+00
4742	1.850875e+00
4743	1.851861e+00
4744	1.853136e+00
4745	1.854502e+00
4746	1.856302e+00
4747	1.857801e+00
4748	1.859533e+00
4749	1.861256e+00
4750	1.862788e+00
4751	1.864417e+00
4752	1.865980e+00
4753	1.867762e+00
4754	1.869173e+00
4755	1.870594e+00
4756	1.871595e+00
4757	1.872516e+00
4758	1.873068e+00
4759	1.873667e+00
4760	1.874160e+00
4761	1.874127e+00
4762	1.874098e+00
4763	1.874371e+00
4764	1.874639e+00
4765	1.874815e+00
4766	1.875081e+00
4767	1.875153e+00
4768	1.874975e+00
4769	1.874708e+00
4770	1.874383e+00
4771	1.873832e+00
4772	1.873264e+00
4773	1.872769e+00
4774	1.872340e+00
4775	1.872043e+00
4776	1.871424e+00
4777	1.870468e+00
4778	1.869264e+00
4779	1.867844e+00
4780	1.866183e+00
4781	1.864263e+00
4782	1.862259e+00
4783	1.860399e+00
4784	1.858971e+00
4785	1.857849e+00
4786	1.857200e+00
4787	1.856473e+00
4788	1.855861e+00
4789	1.855342e+00
4790	1.855402e+00
4791	1.855382e+00
4792	1.855315e+00
4793	1.855333e+00
4794	1.855291e+00
4795	1.855340e+00
4796	1.855420e+00
4797	1.855117e+00
4798	1.854964e+00
4799	1.854247e+00
4800	1.853407e+00
4801	1.852340e+00
4802	1.850714e+00
4803	1.849281e+00
4804	1.847771e+00
4805	1.846386e+00
4806	1.845722e+00
4807	1.845577e+00
4808	1.845457e+00
4809	1.845702e+00
4810	1.846019e+00
4811	1.846945e+00
4812	1.848348e+00
4813	1.849975e+00
4814	1.852359e+00
4815	1.855094e+00
4816	1.857850e+00
4817	1.860760e+00
4818	1.863780e+00
4819	1.866831e+00
4820	1.869565e+00
4821	1.872002e+00
4822	1.874288e+00
4823	1.876038e+00
4824	1.877341e+00
4825	1.878627e+00
4826	1.880066e+00
4827	1.881344e+00
4828	1.882334e+00
4829	1.882951e+00
4830	1.883848e+00
4831	1.884917e+00
4832	1.885885e+00
4833	1.886917e+00
4834	1.888210e+00
4835	1.889689e+00
4836	1.891216e+00
4837	1.892733e+00
4838	1.894288e+00
4839	1.895657e+00
4840	1.896978e+00
4841	1.898397e+00
4842	1.899624e+00
4843	1.900124e+00
4844	1.900695e+00
4845	1.901029e+00
4846	1.901054e+00
4847	1.900522e+00
4848	1.899369e+00
4849	1.897846e+00
4850	1.896383e+00
4851	1.894862e+00
4852	1.893784e+00
4853	1.892839e+00
4854	1.891936e+00
4855	1.891018e+00
4856	1.890716e+00
4857	1.891074e+00
4858	1.891723e+00
4859	1.892438e+00
4860	1.893135e+00
4861	1.893768e+00
4862	1.893896e+00
4863	1.893890e+00
4864	1.893745e+00
4865	1.893174e+00
4866	1.892125e+00
4867	1.890832e+00
4868	1.889345e+00
4869	1.887524e+00
4870	1.885544e+00
4871	1.883479e+00
4872	1.881444e+00
4873	1.879589e+00
4874	1.878122e+00
4875	1.876663e+00
4876	1.875758e+00
4877	1.875028e+00
4878	1.874633e+00
4879	1.874495e+00
4880	1.874640e+00
4881	1.875257e+00
4882	1.875840e+00
4883	1.876465e+00
4884	1.876612e+00
4885	1.876569e+00
4886	1.876502e+00
4887	1.876173e+00
4888	1.875282e+00
4889	1.874667e+00
4890	1.873848e+00
4891	1.872882e+00
4892	1.871769e+00
4893	1.871039e+00
4894	1.870273e+00
4895	1.869387e+00
4896	1.868786e+00
4897	1.868467e+00
4898	1.868338e+00
4899	1.869116e+00
4900	1.870287e+00
4901	1.871840e+00
4902	1.873652e+00
4903	1.875136e+00
4904	1.876810e+00
4905	1.878551e+00
4906	1.879995e+00
4907	1.881139e+00
4908	1.881332e+00
4909	1.881177e+00
4910	1.880527e+00
4911	1.879390e+00
4912	1.877869e+00
4913	1.876040e+00
4914	1.874021e+00
4915	1.871924e+00
4916	1.869561e+00
4917	1.867424e+00
4918	1.865438e+00
4919	1.863540e+00
4920	1.861681e+00
4921	1.859815e+00
4922	1.858182e+00
4923	1.856863e+00
4924	1.856006e+00
4925	1.855078e+00
4926	1.854053e+00
4927	1.852837e+00
4928	1.851695e+00
4929	1.850178e+00
4930	1.848326e+00
4931	1.846372e+00
4932	1.843969e+00
4933	1.841398e+00
4934	1.838231e+00
4935	1.834653e+00
4936	1.830885e+00
4937	1.827376e+00
4938	1.824220e+00
4939	1.821328e+00
4940	1.819076e+00
4941	1.817763e+00
4942	1.816849e+00
4943	1.816375e+00
4944	1.816669e+00
4945	1.817511e+00
4946	1.818833e+00
4947	1.820865e+00
4948	1.823367e+00
4949	1.826656e+00
4950	1.830462e+00
4951	1.834148e+00
4952	1.838283e+00
4953	1.842357e+00
4954	1.846018e+00
4955	1.849342e+00
4956	1.852343e+00
4957	1.854976e+00
4958	1.857299e+00
4959	1.859402e+00
4960	1.861493e+00
4961	1.863703e+00
4962	1.865888e+00
4963	1.868076e+00
4964	1.870311e+00
4965	1.872427e+00
4966	1.874543e+00
4967	1.876925e+00
4968	1.879463e+00
4969	1.881831e+00
4970	1.883974e+00
4971	1.885640e+00
4972	1.886936e+00
4973	1.887541e+00
4974	1.887802e+00
4975	1.887353e+00
4976	1.886112e+00
4977	1.884737e+00
4978	1.883226e+00
4979	1.881651e+00
4980	1.880123e+00
4981	1.878476e+00
4982	1.876947e+00
4983	1.875598e+00
4984	1.874128e+00
4985	1.872920e+00
4986	1.871900e+00
4987	1.870981e+00
4988	1.870236e+00
4989	1.869556e+00
4990	1.869248e+00
4991	1.869437e+00
4992	1.869500e+00
4993	1.869940e+00
4994	1.870607e+00
4995	1.870978e+00
4996	1.871149e+00
4997	1.871367e+00
4998	1.871464e+00
4999	1.871080e+00
