# Step	Measurement
1	1.087628e+02
2	1.084006e+02
3	1.080249e+02
4	1.077141e+02
5	1.073651e+02
6	1.070433e+02
7	1.066896e+02
8	1.063274e+02
9	1.059269e+02
10	1.054924e+02
11	1.050797e+02
12	1.046732e+02
13	1.043220e+02
14	1.039764e+02
15	1.036899e+02
16	1.034538e+02
17	1.031119e+02
18	1.027786e+02
19	1.024557e+02
20	1.021987e+02
21	1.019341e+02
22	1.017254e+02
23	1.015649e+02
24	1.014779e+02
25	1.014823e+02
26	1.015151e+02
27	1.016135e+02
28	1.017658e+02
29	1.020452e+02
30	1.023542e+02
31	1.027022e+02
32	1.030963e+02
33	1.034761e+02
34	1.038709e+02
35	1.043242e+02
36	1.048395e+02
37	1.053223e+02
38	1.057867e+02
39	1.062631e+02
40	1.067788e+02
41	1.072416e+02
42	1.076901e+02
43	1.081585e+02
44	1.085803e+02
45	1.089988e+02
46	1.093488e+02
47	1.098113e+02
48	1.102650e+02
49	1.106568e+02
50	1.111166e+02
51	1.115954e+02
52	1.120617e+02
53	1.125414e+02
54	1.130153e+02
55	1.135041e+02
56	1.139320e+02
57	1.143648e+02
58	1.147864e+02
59	1.151649e+02
60	1.155322e+02
61	1.157794e+02
62	1.159869e+02
63	1.161451e+02
64	1.162429e+02
65	1.162848e+02
66	1.162880e+02
67	1.163139e+02
68	1.163062e+02
69	1.163656e+02
70	1.163716e+02
71	1.163244e+02
72	1.162395e+02
73	1.161170e+02
74	1.158961e+02
75	1.155830e+02
76	1.152909e+02
77	1.149737e+02
78	1.145851e+02
79	1.141880e+02
80	1.137852e+02
81	1.133906e+02
82	1.130157e+02
83	1.126367e+02
84	1.121875e+02
85	1.117423e+02
86	1.112872e+02
87	1.108809e+02
88	1.105323e+02
89	1.101929e+02
90	1.098575e+02
91	1.095552e+02
92	1.093513e+02
93	1.092027e+02
94	1.090338e+02
95	1.088380e+02
96	1.086334e+02
97	1.084081e+02
98	1.081648e+02
99	1.078305e+02
100	1.075413e+02
101	1.071538e+02
102	1.067333e+02
103	1.063475e+02
104	1.061162e+02
105	1.059356e+02
106	1.057486e+02
107	1.057217e+02
108	1.056821e+02
109	1.055900e+02
110	1.056142e+02
111	1.056901e+02
112	1.058040e+02
113	1.058740e+02
114	1.059080e+02
115	1.059162e+02
116	1.059448e+02
117	1.059585e+02
118	1.058936e+02
119	1.058592e+02
120	1.059636e+02
121	1.061440e+02
122	1.063135e+02
123	1.065086e+02
124	1.067252e+02
125	1.069066e+02
126	1.070622e+02
127	1.072998e+02
128	1.075067e+02
129	1.077756e+02
130	1.080775e+02
131	1.084540e+02
132	1.088381e+02
133	1.092021e+02
134	1.095043e+02
135	1.098363e+02
136	1.101834e+02
137	1.105152e+02
138	1.108328e+02
139	1.112185e+02
140	1.115064e+02
141	1.116565e+02
142	1.117674e+02
143	1.118834e+02
144	1.119254e+02
145	1.119058e+02
146	1.118576e+02
147	1.118060e+02
148	1.118212e+02
149	1.117724e+02
150	1.117851e+02
151	1.117780e+02
152	1.117089e+02
153	1.117135e+02
154	1.116705e+02
155	1.116816e+02
156	1.116767e+02
157	1.117058e+02
158	1.117528e+02
159	1.118342e+02
160	1.119116e+02
161	1.120464e+02
162	1.121703e+02
163	1.122152e+02
164	1.122820e+02
165	1.122898e+02
166	1.122911e+02
167	1.122305e+02
168	1.121151e+02
169	1.119917e+02
170	1.117676e+02
171	1.114652e+02
172	1.111766e+02
173	1.108464e+02
174	1.104167e+02
175	1.100238e+02
176	1.095916e+02
177	1.091120e+02
178	1.086581e+02
179	1.081636e+02
180	1.077472e+02
181	1.073233e+02
182	1.069250e+02
183	1.066281e+02
184	1.063377e+02
185	1.060469e+02
186	1.058298e+02
187	1.057134e+02
188	1.056631e+02
189	1.056591e+02
190	1.057544e+02
191	1.058423e+02
192	1.059433e+02
193	1.060767e+02
194	1.061912e+02
195	1.063475e+02
196	1.065351e+02
197	1.068194e+02
198	1.071355e+02
199	1.074013e+02
200	1.076722e+02
201	1.079271e+02
202	1.081402e+02
203	1.082461e+02
204	1.083177e+02
205	1.083189e+02
206	1.082731e+02
207	1.081121e+02
208	1.080238e+02
209	1.078399e+02
210	1.076454e+02
211	1.075399e+02
212	1.074453e+02
213	1.073924e+02
214	1.074248e+02
215	1.074556e+02
216	1.075135e+02
217	1.075913e+02
218	1.076048e+02
219	1.075949e+02
220	1.075723e+02
221	1.074872e+02
222	1.074634e+02
223	1.073780e+02
224	1.073002e+02
225	1.072285e+02
226	1.070631e+02
227	1.069489e+02
228	1.068556e+02
229	1.067609e+02
230	1.066251e+02
231	1.064746e+02
232	1.063597e+02
233	1.063212e+02
234	1.062807e+02
235	1.062967e+02
236	1.063929e+02
237	1.064669e+02
238	1.066227e+02
239	1.067646e+02
240	1.069126e+02
241	1.069929e+02
242	1.071270e+02
243	1.072719e+02
244	1.074272e+02
245	1.075101e+02
246	1.075684e+02
247	1.075857e+02
248	1.075982e+02
249	1.076275e+02
250	1.075958e+02
251	1.074935e+02
252	1.074401e+02
253	1.072818e+02
254	1.071847e+02
255	1.070692e+02
256	1.069504e+02
257	1.068747e+02
258	1.067558e+02
259	1.066509e+02
260	1.065222e+02
261	1.063758e+02
262	1.063079e+02
263	1.063295e+02
264	1.064061e+02
265	1.064963e+02
266	1.065814e+02
267	1.067002e+02
268	1.068246e+02
269	1.069725e+02
270	1.071912e+02
271	1.073456e+02
272	1.074565e+02
273	1.076315e+02
274	1.078435e+02
275	1.080955e+02
276	1.084080e+02
277	1.088157e+02
278	1.092892e+02
279	1.097862e+02
280	1.103128e+02
281	1.108436e+02
282	1.114141e+02
283	1.119354e+02
284	1.123804e+02
285	1.127690e+02
286	1.131956e+02
287	1.136173e+02
288	1.140389e+02
289	1.143672e+02
290	1.147609e+02
291	1.151169e+02
292	1.153620e+02
293	1.155868e+02
294	1.157176e+02
295	1.158189e+02
296	1.157908e+02
297	1.157654e+02
298	1.156320e+02
299	1.155585e+02
300	1.155082e+02
301	1.154366e+02
302	1.154130e+02
303	1.153593e+02
304	1.152324e+02
305	1.149782e+02
306	1.146950e+02
307	1.143230e+02
308	1.138392e+02
309	1.132172e+02
310	1.125330e+02
311	1.118395e+02
312	1.111770e+02
313	1.104792e+02
314	1.097772e+02
315	1.090813e+02
316	1.083180e+02
317	1.075961e+02
318	1.069033e+02
319	1.063058e+02
320	1.057689e+02
321	1.052772e+02
322	1.048224e+02
323	1.044666e+02
324	1.042396e+02
325	1.040764e+02
326	1.039868e+02
327	1.038761e+02
328	1.038082e+02
329	1.037744e+02
330	1.037909e+02
331	1.038561e+02
332	1.039521e+02
333	1.040484e+02
334	1.041555e+02
335	1.042523e+02
336	1.043887e+02
337	1.044350e+02
338	1.044770e+02
339	1.044880e+02
340	1.046104e+02
341	1.046691e+02
342	1.047568e+02
343	1.048779e+02
344	1.050033e+02
345	1.052408e+02
346	1.054432e+02
347	1.056348e+02
348	1.057661e+02
349	1.058576e+02
350	1.059852e+02
351	1.061377e+02
352	1.063126e+02
353	1.064238e+02
354	1.064917e+02
355	1.065072e+02
356	1.065903e+02
357	1.067022e+02
358	1.067403e+02
359	1.067887e+02
360	1.067862e+02
361	1.067891e+02
362	1.068612e+02
363	1.070223e+02
364	1.072339e+02
365	1.076402e+02
366	1.080733e+02
367	1.086324e+02
368	1.092184e+02
369	1.098050e+02
370	1.104559e+02
371	1.111595e+02
372	1.118543e+02
373	1.125788e+02
374	1.132619e+02
375	1.139323e+02
376	1.146079e+02
377	1.152625e+02
378	1.158985e+02
379	1.164748e+02
380	1.171170e+02
381	1.177246e+02
382	1.183174e+02
383	1.188355e+02
384	1.193235e+02
385	1.198391e+02
386	1.203585e+02
387	1.208198e+02
388	1.211973e+02
389	1.215047e+02
390	1.216975e+02
391	1.218028e+02
392	1.218739e+02
393	1.218438e+02
394	1.217191e+02
395	1.214818e+02
396	1.212038e+02
397	1.209264e+02
398	1.206305e+02
399	1.202949e+02
400	1.199043e+02
401	1.194748e+02
402	1.190253e+02
403	1.185716e+02
404	1.180527e+02
405	1.174743e+02
406	1.168910e+02
407	1.162176e+02
408	1.155623e+02
409	1.148792e+02
410	1.141759e+02
411	1.134973e+02
412	1.128206e+02
413	1.121797e+02
414	1.115530e+02
415	1.109879e+02
416	1.104097e+02
417	1.098250e+02
418	1.093028e+02
419	1.088373e+02
420	1.084043e+02
421	1.080364e+02
422	1.077286e+02
423	1.074643e+02
424	1.072941e+02
425	1.071552e+02
426	1.070779e+02
427	1.069508e+02
428	1.068820e+02
429	1.069344e+02
430	1.069701e+02
431	1.071177e+02
432	1.072791e+02
433	1.075597e+02
434	1.079004e+02
435	1.083054e+02
436	1.087179e+02
437	1.092032e+02
438	1.096857e+02
439	1.101122e+02
440	1.104962e+02
441	1.108716e+02
442	1.112720e+02
443	1.117299e+02
444	1.121859e+02
445	1.125730e+02
446	1.129272e+02
447	1.132582e+02
448	1.135831e+02
449	1.139242e+02
450	1.142918e+02
451	1.146431e+02
452	1.149841e+02
453	1.153150e+02
454	1.156624e+02
455	1.159758e+02
456	1.162296e+02
457	1.164080e+02
458	1.165441e+02
459	1.166225e+02
460	1.166636e+02
461	1.166149e+02
462	1.165251e+02
463	1.164152e+02
464	1.162602e+02
465	1.160610e+02
466	1.158178e+02
467	1.156816e+02
468	1.155093e+02
469	1.153662e+02
470	1.151878e+02
471	1.150544e+02
472	1.149273e+02
473	1.148247e+02
474	1.147727e+02
475	1.146722e+02
476	1.145230e+02
477	1.142812e+02
478	1.140712e+02
479	1.138741e+02
480	1.136387e+02
481	1.133424e+02
482	1.130549e+02
483	1.128261e+02
484	1.126111e+02
485	1.123420e+02
486	1.120724e+02
487	1.119263e+02
488	1.118543e+02
489	1.117302e+02
490	1.116056e+02
491	1.114966e+02
492	1.114133e+02
493	1.113792e+02
494	1.113237e+02
495	1.112508e+02
496	1.111014e+02
497	1.109514e+02
498	1.106970e+02
499	1.104861e+02
500	1.102881e+02
501	1.100765e+02
502	1.098391e+02
503	1.096487e+02
504	1.094257e+02
505	1.091753e+02
506	1.088953e+02
507	1.085905e+02
508	1.082682e+02
509	1.079714e+02
510	1.076710e+02
511	1.074361e+02
512	1.072261e+02
513	1.069825e+02
514	1.068426e+02
515	1.066838e+02
516	1.066092e+02
517	1.065732e+02
518	1.065213e+02
519	1.065134e+02
520	1.065199e+02
521	1.065388e+02
522	1.066470e+02
523	1.067842e+02
524	1.069095e+02
525	1.070066e+02
526	1.070427e+02
527	1.070390e+02
528	1.070214e+02
529	1.070314e+02
530	1.070217e+02
531	1.069054e+02
532	1.068401e+02
533	1.068666e+02
534	1.069153e+02
535	1.070078e+02
536	1.071663e+02
537	1.073036e+02
538	1.075731e+02
539	1.079043e+02
540	1.082649e+02
541	1.087293e+02
542	1.092126e+02
543	1.096195e+02
544	1.099940e+02
545	1.104191e+02
546	1.108878e+02
547	1.113225e+02
548	1.117161e+02
549	1.120632e+02
550	1.123034e+02
551	1.125195e+02
552	1.127316e+02
553	1.128471e+02
554	1.128165e+02
555	1.127730e+02
556	1.127068e+02
557	1.126274e+02
558	1.124609e+02
559	1.123285e+02
560	1.122735e+02
561	1.122173e+02
562	1.121486e+02
563	1.120742e+02
564	1.120663e+02
565	1.120243e+02
566	1.118808e+02
567	1.117559e+02
568	1.116014e+02
569	1.115362e+02
570	1.113783e+02
571	1.111917e+02
572	1.111011e+02
573	1.110277e+02
574	1.109375e+02
575	1.108526e+02
576	1.107900e+02
577	1.107388e+02
578	1.107724e+02
579	1.107530e+02
580	1.107798e+02
581	1.107462e+02
582	1.108318e+02
583	1.109108e+02
584	1.110190e+02
585	1.111170e+02
586	1.112959e+02
587	1.114502e+02
588	1.115604e+02
589	1.116893e+02
590	1.116999e+02
591	1.118178e+02
592	1.118729e+02
593	1.119772e+02
594	1.120246e+02
595	1.119938e+02
596	1.119837e+02
597	1.120305e+02
598	1.121642e+02
599	1.122564e+02
600	1.123381e+02
601	1.124920e+02
602	1.126730e+02
603	1.128545e+02
604	1.130707e+02
605	1.133451e+02
606	1.136570e+02
607	1.139136e+02
608	1.141246e+02
609	1.143562e+02
610	1.145061e+02
611	1.146118e+02
612	1.146867e+02
613	1.147694e+02
614	1.148606e+02
615	1.149444e+02
616	1.150392e+02
617	1.151108e+02
618	1.150824e+02
619	1.149705e+02
620	1.147982e+02
621	1.145945e+02
622	1.144516e+02
623	1.143690e+02
624	1.142950e+02
625	1.142313e+02
626	1.141949e+02
627	1.142457e+02
628	1.143517e+02
629	1.144246e+02
630	1.145662e+02
631	1.146867e+02
632	1.147398e+02
633	1.147035e+02
634	1.147907e+02
635	1.148372e+02
636	1.148124e+02
637	1.147361e+02
638	1.147026e+02
639	1.146283e+02
640	1.146317e+02
641	1.145987e+02
642	1.145305e+02
643	1.144720e+02
644	1.144688e+02
645	1.144902e+02
646	1.144977e+02
647	1.145141e+02
648	1.145112e+02
649	1.144480e+02
650	1.144311e+02
651	1.143945e+02
652	1.144163e+02
653	1.143760e+02
654	1.143637e+02
655	1.143297e+02
656	1.143172e+02
657	1.143515e+02
658	1.144383e+02
659	1.146899e+02
660	1.149585e+02
661	1.152706e+02
662	1.155681e+02
663	1.158362e+02
664	1.161066e+02
665	1.164087e+02
666	1.167448e+02
667	1.170301e+02
668	1.171899e+02
669	1.173396e+02
670	1.174458e+02
671	1.174706e+02
672	1.174482e+02
673	1.173878e+02
674	1.172358e+02
675	1.169961e+02
676	1.166888e+02
677	1.164214e+02
678	1.161388e+02
679	1.158262e+02
680	1.154607e+02
681	1.150703e+02
682	1.146906e+02
683	1.143423e+02
684	1.140413e+02
685	1.136791e+02
686	1.132503e+02
687	1.127792e+02
688	1.123612e+02
689	1.119733e+02
690	1.115782e+02
691	1.112453e+02
692	1.109644e+02
693	1.107943e+02
694	1.106931e+02
695	1.106015e+02
696	1.105715e+02
697	1.105633e+02
698	1.105684e+02
699	1.106524e+02
700	1.108388e+02
701	1.110360e+02
702	1.112401e+02
703	1.114575e+02
704	1.117147e+02
705	1.119366e+02
706	1.121335e+02
707	1.123241e+02
708	1.124876e+02
709	1.126012e+02
710	1.127927e+02
711	1.129641e+02
712	1.130811e+02
713	1.132067e+02
714	1.133177e+02
715	1.133547e+02
716	1.133942e+02
717	1.133550e+02
718	1.133340e+02
719	1.133117e+02
720	1.132263e+02
721	1.130797e+02
722	1.129624e+02
723	1.128350e+02
724	1.127154e+02
725	1.125765e+02
726	1.123601e+02
727	1.120308e+02
728	1.116897e+02
729	1.112819e+02
730	1.109424e+02
731	1.105201e+02
732	1.100943e+02
733	1.097986e+02
734	1.095695e+02
735	1.094021e+02
736	1.092383e+02
737	1.091054e+02
738	1.091007e+02
739	1.091767e+02
740	1.093249e+02
741	1.094789e+02
742	1.097242e+02
743	1.099720e+02
744	1.102576e+02
745	1.105593e+02
746	1.108641e+02
747	1.111399e+02
748	1.115169e+02
749	1.119094e+02
750	1.122717e+02
751	1.126335e+02
752	1.130266e+02
753	1.133698e+02
754	1.137301e+02
755	1.140351e+02
756	1.143772e+02
757	1.147130e+02
758	1.150207e+02
759	1.153783e+02
760	1.157092e+02
761	1.159714e+02
762	1.162605e+02
763	1.165466e+02
764	1.168030e+02
765	1.170062e+02
766	1.171232e+02
767	1.172749e+02
768	1.174591e+02
769	1.176344e+02
770	1.178259e+02
771	1.179507e+02
772	1.180872e+02
773	1.181431e+02
774	1.181273e+02
775	1.180694e+02
776	1.180856e+02
777	1.179917e+02
778	1.179356e+02
779	1.178874e+02
780	1.178388e+02
781	1.177444e+02
782	1.176212e+02
783	1.175095e+02
784	1.174292e+02
785	1.173634e+02
786	1.173015e+02
787	1.172671e+02
788	1.171790e+02
789	1.170736e+02
790	1.169388e+02
791	1.166894e+02
792	1.164862e+02
793	1.161541e+02
794	1.157561e+02
795	1.154433e+02
796	1.150993e+02
797	1.148027e+02
798	1.144403e+02
799	1.140316e+02
800	1.135497e+02
801	1.130754e+02
802	1.126656e+02
803	1.123262e+02
804	1.120338e+02
805	1.118146e+02
806	1.115839e+02
807	1.113991e+02
808	1.112212e+02
809	1.111298e+02
810	1.110747e+02
811	1.110584e+02
812	1.110842e+02
813	1.111567e+02
814	1.112389e+02
815	1.113406e+02
816	1.114424e+02
817	1.115652e+02
818	1.117073e+02
819	1.119175e+02
820	1.122084e+02
821	1.125857e+02
822	1.130244e+02
823	1.135720e+02
824	1.141013e+02
825	1.146917e+02
826	1.152755e+02
827	1.158876e+02
828	1.164408e+02
829	1.169319e+02
830	1.174560e+02
831	1.178951e+02
832	1.182743e+02
833	1.185775e+02
834	1.187602e+02
835	1.188376e+02
836	1.187243e+02
837	1.184868e+02
838	1.182008e+02
839	1.179249e+02
840	1.175503e+02
841	1.171503e+02
842	1.166986e+02
843	1.161473e+02
844	1.155194e+02
845	1.149178e+02
846	1.142832e+02
847	1.136273e+02
848	1.130058e+02
849	1.123822e+02
850	1.118253e+02
851	1.112876e+02
852	1.108297e+02
853	1.103992e+02
854	1.100630e+02
855	1.096967e+02
856	1.094025e+02
857	1.091900e+02
858	1.090214e+02
859	1.089576e+02
860	1.089218e+02
861	1.089288e+02
862	1.089648e+02
863	1.090638e+02
864	1.091297e+02
865	1.093389e+02
866	1.096622e+02
867	1.100870e+02
868	1.105890e+02
869	1.111628e+02
870	1.118204e+02
871	1.124784e+02
872	1.131129e+02
873	1.137307e+02
874	1.143106e+02
875	1.148013e+02
876	1.151767e+02
877	1.154320e+02
878	1.155972e+02
879	1.157444e+02
880	1.158993e+02
881	1.160288e+02
882	1.161196e+02
883	1.161675e+02
884	1.160817e+02
885	1.160651e+02
886	1.160300e+02
887	1.160653e+02
888	1.160514e+02
889	1.160747e+02
890	1.160017e+02
891	1.158937e+02
892	1.156535e+02
893	1.153737e+02
894	1.150850e+02
895	1.147866e+02
896	1.145876e+02
897	1.145170e+02
898	1.144594e+02
899	1.143881e+02
900	1.143982e+02
901	1.144100e+02
902	1.144638e+02
903	1.144549e+02
904	1.144673e+02
905	1.145622e+02
906	1.146253e+02
907	1.148366e+02
908	1.150973e+02
909	1.153685e+02
910	1.155784e+02
911	1.157665e+02
912	1.159833e+02
913	1.162291e+02
914	1.165521e+02
915	1.170138e+02
916	1.175107e+02
917	1.180166e+02
918	1.184447e+02
919	1.187409e+02
920	1.189189e+02
921	1.191121e+02
922	1.192826e+02
923	1.193581e+02
924	1.194302e+02
925	1.194487e+02
926	1.194409e+02
927	1.194269e+02
928	1.194522e+02
929	1.194224e+02
930	1.193837e+02
931	1.193371e+02
932	1.192810e+02
933	1.191745e+02
934	1.189407e+02
935	1.186466e+02
936	1.182963e+02
937	1.178741e+02
938	1.173211e+02
939	1.167459e+02
940	1.160707e+02
941	1.152883e+02
942	1.144827e+02
943	1.136044e+02
944	1.127229e+02
945	1.117296e+02
946	1.107361e+02
947	1.097808e+02
948	1.089216e+02
949	1.081501e+02
950	1.073920e+02
951	1.067051e+02
952	1.060979e+02
953	1.055712e+02
954	1.050447e+02
955	1.044651e+02
956	1.039106e+02
957	1.034572e+02
958	1.030251e+02
959	1.027612e+02
960	1.025156e+02
961	1.023371e+02
962	1.022470e+02
963	1.021420e+02
964	1.021549e+02
965	1.022264e+02
966	1.024186e+02
967	1.027200e+02
968	1.031516e+02
969	1.036561e+02
970	1.041995e+02
971	1.047513e+02
972	1.053788e+02
973	1.060575e+02
974	1.067911e+02
975	1.075426e+02
976	1.083276e+02
977	1.091205e+02
978	1.099456e+02
979	1.108033e+02
980	1.116735e+02
981	1.124768e+02
982	1.131953e+02
983	1.137597e+02
984	1.142232e+02
985	1.146133e+02
986	1.148457e+02
987	1.149551e+02
988	1.150881e+02
989	1.151871e+02
990	1.152338e+02
991	1.152196e+02
992	1.151876e+02
993	1.151361e+02
994	1.150888e+02
995	1.150455e+02
996	1.150300e+02
997	1.150719e+02
998	1.151144e+02
999	1.151750e+02
1000	1.152043e+02
1001	1.152401e+02
1002	1.153045e+02
1003	1.153419e+02
1004	1.154338e+02
1005	1.154913e+02
1006	1.154996e+02
1007	1.154771e+02
1008	1.155378e+02
1009	1.155556e+02
1010	1.155736e+02
1011	1.155670e+02
1012	1.155899e+02
1013	1.156245e+02
1014	1.156420e+02
1015	1.156988e+02
1016	1.157101e+02
1017	1.157007e+02
1018	1.157391e+02
1019	1.157552e+02
1020	1.157995e+02
1021	1.157761e+02
1022	1.157318e+02
1023	1.156870e+02
1024	1.156055e+02
1025	1.155223e+02
1026	1.153666e+02
1027	1.151742e+02
1028	1.149751e+02
1029	1.147790e+02
1030	1.145496e+02
1031	1.144162e+02
1032	1.142698e+02
1033	1.141613e+02
1034	1.140761e+02
1035	1.139072e+02
1036	1.137479e+02
1037	1.135533e+02
1038	1.133209e+02
1039	1.130568e+02
1040	1.128435e+02
1041	1.124895e+02
1042	1.121165e+02
1043	1.116770e+02
1044	1.112081e+02
1045	1.106156e+02
1046	1.099641e+02
1047	1.092346e+02
1048	1.083769e+02
1049	1.075419e+02
1050	1.068334e+02
1051	1.060917e+02
1052	1.053924e+02
1053	1.047915e+02
1054	1.043352e+02
1055	1.039809e+02
1056	1.037449e+02
1057	1.035587e+02
1058	1.035300e+02
1059	1.036588e+02
1060	1.038036e+02
1061	1.040557e+02
1062	1.043824e+02
1063	1.048713e+02
1064	1.054869e+02
1065	1.062084e+02
1066	1.070587e+02
1067	1.079716e+02
1068	1.089527e+02
1069	1.098782e+02
1070	1.107649e+02
1071	1.117231e+02
1072	1.126900e+02
1073	1.137354e+02
1074	1.147903e+02
1075	1.158552e+02
1076	1.169207e+02
1077	1.179349e+02
1078	1.189222e+02
1079	1.198592e+02
1080	1.208676e+02
1081	1.218121e+02
1082	1.227280e+02
1083	1.235780e+02
1084	1.243666e+02
1085	1.251348e+02
1086	1.257566e+02
1087	1.262812e+02
1088	1.266776e+02
1089	1.269366e+02
1090	1.269781e+02
1091	1.268816e+02
1092	1.266969e+02
1093	1.263924e+02
1094	1.259115e+02
1095	1.253649e+02
1096	1.247324e+02
1097	1.239970e+02
1098	1.232207e+02
1099	1.223423e+02
1100	1.214846e+02
1101	1.206555e+02
1102	1.198042e+02
1103	1.189732e+02
1104	1.181436e+02
1105	1.173284e+02
1106	1.164515e+02
1107	1.155856e+02
1108	1.147876e+02
1109	1.139320e+02
1110	1.130523e+02
1111	1.121621e+02
1112	1.113574e+02
1113	1.106251e+02
1114	1.099981e+02
1115	1.094136e+02
1116	1.088174e+02
1117	1.083614e+02
1118	1.079815e+02
1119	1.075734e+02
1120	1.072042e+02
1121	1.068482e+02
1122	1.066040e+02
1123	1.063553e+02
1124	1.061791e+02
1125	1.060149e+02
1126	1.058803e+02
1127	1.057474e+02
1128	1.056389e+02
1129	1.055238e+02
1130	1.053874e+02
1131	1.053548e+02
1132	1.052851e+02
1133	1.053078e+02
1134	1.053459e+02
1135	1.053801e+02
1136	1.053579e+02
1137	1.053578e+02
1138	1.053291e+02
1139	1.052053e+02
1140	1.050722e+02
1141	1.050340e+02
1142	1.050268e+02
1143	1.050756e+02
1144	1.050156e+02
1145	1.049929e+02
1146	1.049705e+02
1147	1.050607e+02
1148	1.051428e+02
1149	1.052675e+02
1150	1.054720e+02
1151	1.056978e+02
1152	1.059835e+02
1153	1.062934e+02
1154	1.066339e+02
1155	1.070116e+02
1156	1.073692e+02
1157	1.077953e+02
1158	1.082298e+02
1159	1.086081e+02
1160	1.089598e+02
1161	1.093559e+02
1162	1.097927e+02
1163	1.103157e+02
1164	1.108685e+02
1165	1.114745e+02
1166	1.120867e+02
1167	1.126975e+02
1168	1.133711e+02
1169	1.139328e+02
1170	1.145071e+02
1171	1.150398e+02
1172	1.155546e+02
1173	1.161084e+02
1174	1.166173e+02
1175	1.171516e+02
1176	1.177361e+02
1177	1.183154e+02
1178	1.188382e+02
1179	1.192366e+02
1180	1.195266e+02
1181	1.197585e+02
1182	1.199795e+02
1183	1.201415e+02
1184	1.202617e+02
1185	1.202328e+02
1186	1.201882e+02
1187	1.201301e+02
1188	1.200088e+02
1189	1.198500e+02
1190	1.195786e+02
1191	1.193297e+02
1192	1.190017e+02
1193	1.186177e+02
1194	1.181199e+02
1195	1.175194e+02
1196	1.168875e+02
1197	1.162383e+02
1198	1.155038e+02
1199	1.148238e+02
1200	1.141316e+02
1201	1.133832e+02
1202	1.126238e+02
1203	1.118381e+02
1204	1.109981e+02
1205	1.101249e+02
1206	1.092447e+02
1207	1.084214e+02
1208	1.076248e+02
1209	1.068731e+02
1210	1.060866e+02
1211	1.054129e+02
1212	1.047831e+02
1213	1.042023e+02
1214	1.037375e+02
1215	1.032746e+02
1216	1.029198e+02
1217	1.025769e+02
1218	1.023866e+02
1219	1.022795e+02
1220	1.022501e+02
1221	1.022065e+02
1222	1.021345e+02
1223	1.020608e+02
1224	1.020271e+02
1225	1.020607e+02
1226	1.021043e+02
1227	1.021353e+02
1228	1.022041e+02
1229	1.024256e+02
1230	1.026985e+02
1231	1.030105e+02
1232	1.033886e+02
1233	1.037673e+02
1234	1.041383e+02
1235	1.046745e+02
1236	1.052988e+02
1237	1.059910e+02
1238	1.067280e+02
1239	1.075832e+02
1240	1.085493e+02
1241	1.094590e+02
1242	1.104112e+02
1243	1.113665e+02
1244	1.123200e+02
1245	1.131837e+02
1246	1.140199e+02
1247	1.148513e+02
1248	1.155788e+02
1249	1.162716e+02
1250	1.168625e+02
1251	1.173142e+02
1252	1.177258e+02
1253	1.180122e+02
1254	1.182460e+02
1255	1.184447e+02
1256	1.185390e+02
1257	1.185425e+02
1258	1.184049e+02
1259	1.181899e+02
1260	1.179634e+02
1261	1.176941e+02
1262	1.173376e+02
1263	1.169233e+02
1264	1.164601e+02
1265	1.159499e+02
1266	1.154379e+02
1267	1.148795e+02
1268	1.143456e+02
1269	1.139095e+02
1270	1.134062e+02
1271	1.129155e+02
1272	1.124240e+02
1273	1.118916e+02
1274	1.113663e+02
1275	1.107812e+02
1276	1.102357e+02
1277	1.097470e+02
1278	1.093158e+02
1279	1.089426e+02
1280	1.085647e+02
1281	1.082467e+02
1282	1.079863e+02
1283	1.077737e+02
1284	1.075187e+02
1285	1.072466e+02
1286	1.069487e+02
1287	1.067692e+02
1288	1.066023e+02
1289	1.064722e+02
1290	1.063625e+02
1291	1.062539e+02
1292	1.061215e+02
1293	1.061109e+02
1294	1.060893e+02
1295	1.060495e+02
1296	1.060840e+02
1297	1.061259e+02
1298	1.062223e+02
1299	1.062920e+02
1300	1.063536e+02
1301	1.064685e+02
1302	1.065563e+02
1303	1.067071e+02
1304	1.068905e+02
1305	1.071390e+02
1306	1.073673e+02
1307	1.075389e+02
1308	1.077164e+02
1309	1.078965e+02
1310	1.080611e+02
1311	1.081329e+02
1312	1.081914e+02
1313	1.082228e+02
1314	1.083123e+02
1315	1.083474e+02
1316	1.084814e+02
1317	1.085667e+02
1318	1.086382e+02
1319	1.086814e+02
1320	1.087807e+02
1321	1.089091e+02
1322	1.089677e+02
1323	1.090794e+02
1324	1.092468e+02
1325	1.094881e+02
1326	1.097188e+02
1327	1.100400e+02
1328	1.103526e+02
1329	1.106948e+02
1330	1.110969e+02
1331	1.115605e+02
1332	1.119762e+02
1333	1.124046e+02
1334	1.129053e+02
1335	1.133050e+02
1336	1.137309e+02
1337	1.141703e+02
1338	1.145443e+02
1339	1.149260e+02
1340	1.153303e+02
1341	1.156992e+02
1342	1.159565e+02
1343	1.161329e+02
1344	1.162822e+02
1345	1.164263e+02
1346	1.164260e+02
1347	1.164589e+02
1348	1.164695e+02
1349	1.164995e+02
1350	1.165165e+02
1351	1.164404e+02
1352	1.163177e+02
1353	1.162396e+02
1354	1.161808e+02
1355	1.161522e+02
1356	1.161073e+02
1357	1.160587e+02
1358	1.160185e+02
1359	1.159442e+02
1360	1.159340e+02
1361	1.159052e+02
1362	1.158227e+02
1363	1.157672e+02
1364	1.158065e+02
1365	1.158183e+02
1366	1.158358e+02
1367	1.158855e+02
1368	1.159383e+02
1369	1.159846e+02
1370	1.160198e+02
1371	1.160235e+02
1372	1.160369e+02
1373	1.160835e+02
1374	1.160312e+02
1375	1.159187e+02
1376	1.157871e+02
1377	1.156368e+02
1378	1.155593e+02
1379	1.154862e+02
1380	1.153753e+02
1381	1.152868e+02
1382	1.152027e+02
1383	1.150336e+02
1384	1.147919e+02
1385	1.144797e+02
1386	1.142329e+02
1387	1.140634e+02
1388	1.137901e+02
1389	1.134567e+02
1390	1.131303e+02
1391	1.128759e+02
1392	1.126105e+02
1393	1.123276e+02
1394	1.121215e+02
1395	1.119367e+02
1396	1.117284e+02
1397	1.115068e+02
1398	1.113849e+02
1399	1.113445e+02
1400	1.113636e+02
1401	1.114112e+02
1402	1.115210e+02
1403	1.116354e+02
1404	1.117211e+02
1405	1.118048e+02
1406	1.119552e+02
1407	1.121324e+02
1408	1.123492e+02
1409	1.126922e+02
1410	1.129637e+02
1411	1.132396e+02
1412	1.135126e+02
1413	1.137092e+02
1414	1.139767e+02
1415	1.143982e+02
1416	1.148466e+02
1417	1.153787e+02
1418	1.159134e+02
1419	1.164091e+02
1420	1.168641e+02
1421	1.172572e+02
1422	1.177002e+02
1423	1.181112e+02
1424	1.185541e+02
1425	1.188779e+02
1426	1.192489e+02
1427	1.195750e+02
1428	1.198867e+02
1429	1.200793e+02
1430	1.203117e+02
1431	1.205038e+02
1432	1.206480e+02
1433	1.207991e+02
1434	1.209431e+02
1435	1.210025e+02
1436	1.210329e+02
1437	1.210115e+02
1438	1.209386e+02
1439	1.208515e+02
1440	1.206477e+02
1441	1.203883e+02
1442	1.200364e+02
1443	1.197177e+02
1444	1.193278e+02
1445	1.188103e+02
1446	1.182872e+02
1447	1.177333e+02
1448	1.171597e+02
1449	1.165977e+02
1450	1.160323e+02
1451	1.154190e+02
1452	1.148533e+02
1453	1.142449e+02
1454	1.135982e+02
1455	1.129540e+02
1456	1.123497e+02
1457	1.117662e+02
1458	1.111419e+02
1459	1.105196e+02
1460	1.099013e+02
1461	1.092599e+02
1462	1.086479e+02
1463	1.080398e+02
1464	1.074800e+02
1465	1.069439e+02
1466	1.064504e+02
1467	1.060603e+02
1468	1.057492e+02
1469	1.054454e+02
1470	1.052360e+02
1471	1.050533e+02
1472	1.048977e+02
1473	1.047415e+02
1474	1.046253e+02
1475	1.044529e+02
1476	1.043057e+02
1477	1.041589e+02
1478	1.041087e+02
1479	1.040757e+02
1480	1.040288e+02
1481	1.039341e+02
1482	1.039168e+02
1483	1.038451e+02
1484	1.038227e+02
1485	1.038957e+02
1486	1.039577e+02
1487	1.041198e+02
1488	1.043310e+02
1489	1.046849e+02
1490	1.050585e+02
1491	1.054191e+02
1492	1.058441e+02
1493	1.062367e+02
1494	1.067119e+02
1495	1.072050e+02
1496	1.077748e+02
1497	1.084598e+02
1498	1.091680e+02
1499	1.098713e+02
1500	1.105395e+02
1501	1.111796e+02
1502	1.118101e+02
1503	1.123850e+02
1504	1.129993e+02
1505	1.135745e+02
1506	1.141229e+02
1507	1.147305e+02
1508	1.153006e+02
1509	1.158502e+02
1510	1.164632e+02
1511	1.170620e+02
1512	1.176695e+02
1513	1.182462e+02
1514	1.187810e+02
1515	1.192305e+02
1516	1.196197e+02
1517	1.199866e+02
1518	1.203344e+02
1519	1.205870e+02
1520	1.206658e+02
1521	1.207036e+02
1522	1.207547e+02
1523	1.207919e+02
1524	1.207197e+02
1525	1.206359e+02
1526	1.205426e+02
1527	1.203817e+02
1528	1.202035e+02
1529	1.199198e+02
1530	1.195468e+02
1531	1.191912e+02
1532	1.187704e+02
1533	1.183050e+02
1534	1.178548e+02
1535	1.173891e+02
1536	1.169149e+02
1537	1.165638e+02
1538	1.161150e+02
1539	1.156454e+02
1540	1.151051e+02
1541	1.144854e+02
1542	1.138554e+02
1543	1.134119e+02
1544	1.129309e+02
1545	1.124684e+02
1546	1.120114e+02
1547	1.116145e+02
1548	1.112603e+02
1549	1.110455e+02
1550	1.109183e+02
1551	1.108081e+02
1552	1.107074e+02
1553	1.106288e+02
1554	1.105669e+02
1555	1.104827e+02
1556	1.104015e+02
1557	1.103391e+02
1558	1.102830e+02
1559	1.103064e+02
1560	1.103706e+02
1561	1.104942e+02
1562	1.105860e+02
1563	1.107597e+02
1564	1.110503e+02
1565	1.112522e+02
1566	1.114689e+02
1567	1.116591e+02
1568	1.118635e+02
1569	1.120328e+02
1570	1.122480e+02
1571	1.125035e+02
1572	1.126967e+02
1573	1.129863e+02
1574	1.132557e+02
1575	1.135097e+02
1576	1.138634e+02
1577	1.142072e+02
1578	1.145801e+02
1579	1.149539e+02
1580	1.153589e+02
1581	1.157769e+02
1582	1.162297e+02
1583	1.166990e+02
1584	1.171367e+02
1585	1.175636e+02
1586	1.180116e+02
1587	1.184142e+02
1588	1.188049e+02
1589	1.192126e+02
1590	1.196185e+02
1591	1.200679e+02
1592	1.205734e+02
1593	1.210265e+02
1594	1.214607e+02
1595	1.218655e+02
1596	1.221637e+02
1597	1.224622e+02
1598	1.227841e+02
1599	1.230147e+02
1600	1.231953e+02
1601	1.233519e+02
1602	1.234579e+02
1603	1.235231e+02
1604	1.235654e+02
1605	1.235649e+02
1606	1.234781e+02
1607	1.234518e+02
1608	1.234421e+02
1609	1.233792e+02
1610	1.232976e+02
1611	1.231637e+02
1612	1.229905e+02
1613	1.228209e+02
1614	1.225907e+02
1615	1.222242e+02
1616	1.217992e+02
1617	1.213048e+02
1618	1.207032e+02
1619	1.201266e+02
1620	1.195579e+02
1621	1.189886e+02
1622	1.184335e+02
1623	1.178316e+02
1624	1.171452e+02
1625	1.164621e+02
1626	1.157568e+02
1627	1.150353e+02
1628	1.143189e+02
1629	1.135448e+02
1630	1.127342e+02
1631	1.119463e+02
1632	1.112478e+02
1633	1.105595e+02
1634	1.099051e+02
1635	1.092816e+02
1636	1.086791e+02
1637	1.081305e+02
1638	1.076259e+02
1639	1.072078e+02
1640	1.068299e+02
1641	1.065652e+02
1642	1.062538e+02
1643	1.060179e+02
1644	1.058478e+02
1645	1.056952e+02
1646	1.056435e+02
1647	1.057289e+02
1648	1.059553e+02
1649	1.062931e+02
1650	1.067404e+02
1651	1.071584e+02
1652	1.076383e+02
1653	1.081575e+02
1654	1.086215e+02
1655	1.090138e+02
1656	1.094662e+02
1657	1.099573e+02
1658	1.103829e+02
1659	1.107488e+02
1660	1.110768e+02
1661	1.113991e+02
1662	1.116692e+02
1663	1.119421e+02
1664	1.121753e+02
1665	1.123681e+02
1666	1.125232e+02
1667	1.126019e+02
1668	1.126825e+02
1669	1.128580e+02
1670	1.130795e+02
1671	1.133231e+02
1672	1.136172e+02
1673	1.139216e+02
1674	1.141940e+02
1675	1.144805e+02
1676	1.148012e+02
1677	1.151166e+02
1678	1.153792e+02
1679	1.155094e+02
1680	1.155642e+02
1681	1.156369e+02
1682	1.156583e+02
1683	1.155959e+02
1684	1.154437e+02
1685	1.152921e+02
1686	1.151672e+02
1687	1.149914e+02
1688	1.148011e+02
1689	1.145615e+02
1690	1.142259e+02
1691	1.138985e+02
1692	1.134672e+02
1693	1.129786e+02
1694	1.124445e+02
1695	1.117650e+02
1696	1.110151e+02
1697	1.102115e+02
1698	1.092735e+02
1699	1.082619e+02
1700	1.072040e+02
1701	1.061404e+02
1702	1.050328e+02
1703	1.039879e+02
1704	1.029444e+02
1705	1.019559e+02
1706	1.009965e+02
1707	1.000995e+02
1708	9.923638e+01
1709	9.840955e+01
1710	9.757955e+01
1711	9.679767e+01
1712	9.607161e+01
1713	9.544982e+01
1714	9.490570e+01
1715	9.438573e+01
1716	9.400447e+01
1717	9.378864e+01
1718	9.374121e+01
1719	9.380154e+01
1720	9.395667e+01
1721	9.417119e+01
1722	9.440136e+01
1723	9.475450e+01
1724	9.522761e+01
1725	9.572584e+01
1726	9.628077e+01
1727	9.683185e+01
1728	9.752856e+01
1729	9.825624e+01
1730	9.903017e+01
1731	9.981535e+01
1732	1.006513e+02
1733	1.015122e+02
1734	1.024093e+02
1735	1.033849e+02
1736	1.044078e+02
1737	1.054867e+02
1738	1.065737e+02
1739	1.076034e+02
1740	1.085909e+02
1741	1.095734e+02
1742	1.105651e+02
1743	1.116315e+02
1744	1.125766e+02
1745	1.133512e+02
1746	1.141411e+02
1747	1.149032e+02
1748	1.155608e+02
1749	1.161657e+02
1750	1.167271e+02
1751	1.172014e+02
1752	1.176626e+02
1753	1.181125e+02
1754	1.185085e+02
1755	1.188529e+02
1756	1.190917e+02
1757	1.193205e+02
1758	1.194805e+02
1759	1.195271e+02
1760	1.195441e+02
1761	1.194530e+02
1762	1.192575e+02
1763	1.189826e+02
1764	1.186878e+02
1765	1.183819e+02
1766	1.180919e+02
1767	1.177129e+02
1768	1.171930e+02
1769	1.167084e+02
1770	1.162764e+02
1771	1.158370e+02
1772	1.154158e+02
1773	1.150211e+02
1774	1.146460e+02
1775	1.142515e+02
1776	1.138340e+02
1777	1.134137e+02
1778	1.130244e+02
1779	1.126836e+02
1780	1.123098e+02
1781	1.118748e+02
1782	1.115046e+02
1783	1.112227e+02
1784	1.109327e+02
1785	1.107203e+02
1786	1.106004e+02
1787	1.104706e+02
1788	1.103231e+02
1789	1.101745e+02
1790	1.100384e+02
1791	1.098995e+02
1792	1.098436e+02
1793	1.097060e+02
1794	1.096267e+02
1795	1.096291e+02
1796	1.096256e+02
1797	1.096452e+02
1798	1.096375e+02
1799	1.096801e+02
1800	1.097032e+02
1801	1.097674e+02
1802	1.098820e+02
1803	1.100260e+02
1804	1.101898e+02
1805	1.103569e+02
1806	1.105686e+02
1807	1.108690e+02
1808	1.111766e+02
1809	1.114904e+02
1810	1.118574e+02
1811	1.123134e+02
1812	1.128215e+02
1813	1.133534e+02
1814	1.139717e+02
1815	1.146823e+02
1816	1.153576e+02
1817	1.160687e+02
1818	1.167428e+02
1819	1.174538e+02
1820	1.181092e+02
1821	1.187583e+02
1822	1.193655e+02
1823	1.199771e+02
1824	1.206468e+02
1825	1.212641e+02
1826	1.217979e+02
1827	1.222440e+02
1828	1.226909e+02
1829	1.231022e+02
1830	1.234924e+02
1831	1.238204e+02
1832	1.240172e+02
1833	1.241837e+02
1834	1.243102e+02
1835	1.243601e+02
1836	1.243611e+02
1837	1.243079e+02
1838	1.242101e+02
1839	1.239740e+02
1840	1.237544e+02
1841	1.234828e+02
1842	1.232390e+02
1843	1.228458e+02
1844	1.224247e+02
1845	1.219232e+02
1846	1.214661e+02
1847	1.209899e+02
1848	1.204609e+02
1849	1.199218e+02
1850	1.193269e+02
1851	1.186685e+02
1852	1.179109e+02
1853	1.171751e+02
1854	1.164299e+02
1855	1.156950e+02
1856	1.149710e+02
1857	1.142860e+02
1858	1.135806e+02
1859	1.129210e+02
1860	1.123018e+02
1861	1.117114e+02
1862	1.111252e+02
1863	1.105934e+02
1864	1.100516e+02
1865	1.095331e+02
1866	1.090611e+02
1867	1.085881e+02
1868	1.082404e+02
1869	1.079396e+02
1870	1.076807e+02
1871	1.074907e+02
1872	1.073539e+02
1873	1.072349e+02
1874	1.071519e+02
1875	1.071503e+02
1876	1.070915e+02
1877	1.071014e+02
1878	1.071317e+02
1879	1.071245e+02
1880	1.071525e+02
1881	1.072559e+02
1882	1.073535e+02
1883	1.074334e+02
1884	1.074053e+02
1885	1.074326e+02
1886	1.074495e+02
1887	1.073862e+02
1888	1.072527e+02
1889	1.070584e+02
1890	1.068813e+02
1891	1.066841e+02
1892	1.064615e+02
1893	1.062147e+02
1894	1.059366e+02
1895	1.056846e+02
1896	1.054574e+02
1897	1.052570e+02
1898	1.051214e+02
1899	1.049828e+02
1900	1.049526e+02
1901	1.049206e+02
1902	1.048964e+02
1903	1.049218e+02
1904	1.049464e+02
1905	1.050025e+02
1906	1.051616e+02
1907	1.053411e+02
1908	1.055364e+02
1909	1.057703e+02
1910	1.060802e+02
1911	1.063906e+02
1912	1.067430e+02
1913	1.072238e+02
1914	1.076207e+02
1915	1.080319e+02
1916	1.085069e+02
1917	1.089782e+02
1918	1.094340e+02
1919	1.098998e+02
1920	1.103753e+02
1921	1.108994e+02
1922	1.114669e+02
1923	1.120843e+02
1924	1.126875e+02
1925	1.133343e+02
1926	1.138968e+02
1927	1.145243e+02
1928	1.151833e+02
1929	1.158495e+02
1930	1.165006e+02
1931	1.170565e+02
1932	1.175404e+02
1933	1.179056e+02
1934	1.182407e+02
1935	1.184658e+02
1936	1.186187e+02
1937	1.185995e+02
1938	1.185133e+02
1939	1.183658e+02
1940	1.181816e+02
1941	1.178971e+02
1942	1.175495e+02
1943	1.170964e+02
1944	1.166436e+02
1945	1.162434e+02
1946	1.158732e+02
1947	1.154170e+02
1948	1.148590e+02
1949	1.142007e+02
1950	1.134374e+02
1951	1.125706e+02
1952	1.116518e+02
1953	1.106013e+02
1954	1.094959e+02
1955	1.083980e+02
1956	1.073238e+02
1957	1.062754e+02
1958	1.053100e+02
1959	1.043685e+02
1960	1.035032e+02
1961	1.027694e+02
1962	1.021498e+02
1963	1.016274e+02
1964	1.012970e+02
1965	1.010346e+02
1966	1.007784e+02
1967	1.006107e+02
1968	1.005308e+02
1969	1.005275e+02
1970	1.005203e+02
1971	1.005128e+02
1972	1.005176e+02
1973	1.007173e+02
1974	1.009434e+02
1975	1.011557e+02
1976	1.014303e+02
1977	1.017853e+02
1978	1.021032e+02
1979	1.024376e+02
1980	1.027932e+02
1981	1.031708e+02
1982	1.036217e+02
1983	1.040723e+02
1984	1.045069e+02
1985	1.049589e+02
1986	1.054429e+02
1987	1.059070e+02
1988	1.064689e+02
1989	1.070089e+02
1990	1.074892e+02
1991	1.078974e+02
1992	1.083212e+02
1993	1.086275e+02
1994	1.089485e+02
1995	1.093407e+02
1996	1.097714e+02
1997	1.101838e+02
1998	1.105549e+02
1999	1.109214e+02
2000	1.112517e+02
2001	1.116191e+02
2002	1.119300e+02
2003	1.122451e+02
2004	1.125221e+02
2005	1.127697e+02
2006	1.129223e+02
2007	1.131544e+02
2008	1.134439e+02
2009	1.136984e+02
2010	1.139801e+02
2011	1.142747e+02
2012	1.145438e+02
2013	1.149172e+02
2014	1.153209e+02
2015	1.156817e+02
2016	1.160147e+02
2017	1.163828e+02
2018	1.167755e+02
2019	1.171474e+02
2020	1.174715e+02
2021	1.177533e+02
2022	1.180107e+02
2023	1.182263e+02
2024	1.184690e+02
2025	1.186887e+02
2026	1.189150e+02
2027	1.191331e+02
2028	1.193479e+02
2029	1.194960e+02
2030	1.196629e+02
2031	1.198214e+02
2032	1.199477e+02
2033	1.200389e+02
2034	1.201369e+02
2035	1.201177e+02
2036	1.200557e+02
2037	1.198685e+02
2038	1.196356e+02
2039	1.193614e+02
2040	1.189549e+02
2041	1.184306e+02
2042	1.178604e+02
2043	1.172769e+02
2044	1.166429e+02
2045	1.160155e+02
2046	1.154061e+02
2047	1.147506e+02
2048	1.140298e+02
2049	1.132505e+02
2050	1.125280e+02
2051	1.118191e+02
2052	1.110973e+02
2053	1.104592e+02
2054	1.098409e+02
2055	1.092351e+02
2056	1.086612e+02
2057	1.081040e+02
2058	1.076395e+02
2059	1.072198e+02
2060	1.069160e+02
2061	1.067010e+02
2062	1.065708e+02
2063	1.064531e+02
2064	1.065050e+02
2065	1.066683e+02
2066	1.069726e+02
2067	1.073135e+02
2068	1.078670e+02
2069	1.085889e+02
2070	1.093582e+02
2071	1.102284e+02
2072	1.110728e+02
2073	1.118476e+02
2074	1.125690e+02
2075	1.131747e+02
2076	1.137048e+02
2077	1.141482e+02
2078	1.145083e+02
2079	1.148798e+02
2080	1.152168e+02
2081	1.154935e+02
2082	1.156139e+02
2083	1.156953e+02
2084	1.156945e+02
2085	1.156352e+02
2086	1.155515e+02
2087	1.154046e+02
2088	1.152276e+02
2089	1.149933e+02
2090	1.147566e+02
2091	1.144788e+02
2092	1.142520e+02
2093	1.139875e+02
2094	1.137477e+02
2095	1.134983e+02
2096	1.132580e+02
2097	1.130639e+02
2098	1.128485e+02
2099	1.127281e+02
2100	1.126635e+02
2101	1.126307e+02
2102	1.126065e+02
2103	1.125587e+02
2104	1.125023e+02
2105	1.124005e+02
2106	1.122523e+02
2107	1.120654e+02
2108	1.118614e+02
2109	1.116544e+02
2110	1.114514e+02
2111	1.112400e+02
2112	1.110170e+02
2113	1.108108e+02
2114	1.106015e+02
2115	1.103984e+02
2116	1.101627e+02
2117	1.099228e+02
2118	1.096944e+02
2119	1.094482e+02
2120	1.091201e+02
2121	1.087917e+02
2122	1.084915e+02
2123	1.081858e+02
2124	1.079491e+02
2125	1.077642e+02
2126	1.076753e+02
2127	1.074999e+02
2128	1.073895e+02
2129	1.073156e+02
2130	1.072216e+02
2131	1.071213e+02
2132	1.070812e+02
2133	1.070767e+02
2134	1.070661e+02
2135	1.070822e+02
2136	1.071198e+02
2137	1.071427e+02
2138	1.072188e+02
2139	1.072672e+02
2140	1.073086e+02
2141	1.073314e+02
2142	1.073228e+02
2143	1.073474e+02
2144	1.073009e+02
2145	1.072506e+02
2146	1.071456e+02
2147	1.070138e+02
2148	1.068208e+02
2149	1.066736e+02
2150	1.065559e+02
2151	1.064727e+02
2152	1.064072e+02
2153	1.063361e+02
2154	1.063004e+02
2155	1.062309e+02
2156	1.062058e+02
2157	1.062578e+02
2158	1.063530e+02
2159	1.063960e+02
2160	1.065024e+02
2161	1.066022e+02
2162	1.067540e+02
2163	1.069518e+02
2164	1.071643e+02
2165	1.074963e+02
2166	1.078512e+02
2167	1.081493e+02
2168	1.084062e+02
2169	1.086289e+02
2170	1.089106e+02
2171	1.091978e+02
2172	1.094216e+02
2173	1.096761e+02
2174	1.099950e+02
2175	1.103408e+02
2176	1.107019e+02
2177	1.108973e+02
2178	1.111051e+02
2179	1.112966e+02
2180	1.114820e+02
2181	1.117445e+02
2182	1.120149e+02
2183	1.123084e+02
2184	1.126499e+02
2185	1.129686e+02
2186	1.132716e+02
2187	1.134973e+02
2188	1.136709e+02
2189	1.138608e+02
2190	1.141307e+02
2191	1.144225e+02
2192	1.147199e+02
2193	1.149721e+02
2194	1.152029e+02
2195	1.153152e+02
2196	1.153809e+02
2197	1.154824e+02
2198	1.155106e+02
2199	1.154434e+02
2200	1.153383e+02
2201	1.152167e+02
2202	1.150458e+02
2203	1.148190e+02
2204	1.145859e+02
2205	1.143558e+02
2206	1.140424e+02
2207	1.135981e+02
2208	1.131452e+02
2209	1.125910e+02
2210	1.119657e+02
2211	1.113520e+02
2212	1.106786e+02
2213	1.100306e+02
2214	1.093887e+02
2215	1.087806e+02
2216	1.081064e+02
2217	1.075076e+02
2218	1.069171e+02
2219	1.063462e+02
2220	1.056805e+02
2221	1.050088e+02
2222	1.043912e+02
2223	1.038102e+02
2224	1.032182e+02
2225	1.026945e+02
2226	1.022019e+02
2227	1.017376e+02
2228	1.013703e+02
2229	1.010534e+02
2230	1.008098e+02
2231	1.007150e+02
2232	1.007188e+02
2233	1.007501e+02
2234	1.008460e+02
2235	1.010351e+02
2236	1.012423e+02
2237	1.014821e+02
2238	1.017316e+02
2239	1.021405e+02
2240	1.026302e+02
2241	1.031966e+02
2242	1.038483e+02
2243	1.045586e+02
2244	1.053105e+02
2245	1.060199e+02
2246	1.067766e+02
2247	1.074862e+02
2248	1.081359e+02
2249	1.088484e+02
2250	1.095864e+02
2251	1.103016e+02
2252	1.110084e+02
2253	1.116596e+02
2254	1.122328e+02
2255	1.127270e+02
2256	1.131682e+02
2257	1.134835e+02
2258	1.136842e+02
2259	1.138138e+02
2260	1.137996e+02
2261	1.136310e+02
2262	1.134327e+02
2263	1.132232e+02
2264	1.130140e+02
2265	1.127172e+02
2266	1.124272e+02
2267	1.122148e+02
2268	1.119576e+02
2269	1.117062e+02
2270	1.114959e+02
2271	1.112599e+02
2272	1.111031e+02
2273	1.109352e+02
2274	1.107764e+02
2275	1.105761e+02
2276	1.104934e+02
2277	1.103935e+02
2278	1.103290e+02
2279	1.102976e+02
2280	1.102885e+02
2281	1.102439e+02
2282	1.101909e+02
2283	1.100922e+02
2284	1.100344e+02
2285	1.099445e+02
2286	1.098588e+02
2287	1.096947e+02
2288	1.095630e+02
2289	1.094498e+02
2290	1.093668e+02
2291	1.093820e+02
2292	1.094458e+02
2293	1.095602e+02
2294	1.096829e+02
2295	1.098300e+02
2296	1.100205e+02
2297	1.102388e+02
2298	1.103755e+02
2299	1.105256e+02
2300	1.106067e+02
2301	1.106341e+02
2302	1.106628e+02
2303	1.106919e+02
2304	1.107145e+02
2305	1.107938e+02
2306	1.108299e+02
2307	1.108299e+02
2308	1.108675e+02
2309	1.109249e+02
2310	1.110050e+02
2311	1.110267e+02
2312	1.110062e+02
2313	1.109853e+02
2314	1.109483e+02
2315	1.109679e+02
2316	1.110378e+02
2317	1.110896e+02
2318	1.111075e+02
2319	1.111021e+02
2320	1.111791e+02
2321	1.112332e+02
2322	1.112913e+02
2323	1.113224e+02
2324	1.113614e+02
2325	1.113793e+02
2326	1.114089e+02
2327	1.114922e+02
2328	1.115000e+02
2329	1.116198e+02
2330	1.117384e+02
2331	1.118895e+02
2332	1.120384e+02
2333	1.122064e+02
2334	1.124069e+02
2335	1.126323e+02
2336	1.128855e+02
2337	1.131083e+02
2338	1.132584e+02
2339	1.134375e+02
2340	1.136190e+02
2341	1.137304e+02
2342	1.137890e+02
2343	1.138711e+02
2344	1.139942e+02
2345	1.141852e+02
2346	1.143640e+02
2347	1.145135e+02
2348	1.145856e+02
2349	1.146395e+02
2350	1.145861e+02
2351	1.145423e+02
2352	1.144350e+02
2353	1.143239e+02
2354	1.142180e+02
2355	1.141340e+02
2356	1.140508e+02
2357	1.139075e+02
2358	1.137179e+02
2359	1.134611e+02
2360	1.131761e+02
2361	1.127852e+02
2362	1.124253e+02
2363	1.120623e+02
2364	1.116323e+02
2365	1.112361e+02
2366	1.107790e+02
2367	1.103190e+02
2368	1.099064e+02
2369	1.095220e+02
2370	1.092065e+02
2371	1.088459e+02
2372	1.084571e+02
2373	1.080716e+02
2374	1.076809e+02
2375	1.073110e+02
2376	1.068573e+02
2377	1.064488e+02
2378	1.059878e+02
2379	1.055202e+02
2380	1.050804e+02
2381	1.046859e+02
2382	1.044047e+02
2383	1.041416e+02
2384	1.039186e+02
2385	1.037818e+02
2386	1.036973e+02
2387	1.036900e+02
2388	1.037684e+02
2389	1.038239e+02
2390	1.039627e+02
2391	1.041137e+02
2392	1.042394e+02
2393	1.043959e+02
2394	1.045385e+02
2395	1.047630e+02
2396	1.050168e+02
2397	1.053121e+02
2398	1.057181e+02
2399	1.061976e+02
2400	1.067263e+02
2401	1.072609e+02
2402	1.077680e+02
2403	1.083158e+02
2404	1.089353e+02
2405	1.095708e+02
2406	1.101815e+02
2407	1.107473e+02
2408	1.113327e+02
2409	1.118037e+02
2410	1.122975e+02
2411	1.128137e+02
2412	1.132388e+02
2413	1.137505e+02
2414	1.142228e+02
2415	1.146595e+02
2416	1.151679e+02
2417	1.156360e+02
2418	1.160730e+02
2419	1.164637e+02
2420	1.168233e+02
2421	1.171036e+02
2422	1.173516e+02
2423	1.175012e+02
2424	1.176358e+02
2425	1.177758e+02
2426	1.178930e+02
2427	1.179854e+02
2428	1.180163e+02
2429	1.179444e+02
2430	1.178469e+02
2431	1.178003e+02
2432	1.176433e+02
2433	1.174314e+02
2434	1.171854e+02
2435	1.168753e+02
2436	1.165741e+02
2437	1.162795e+02
2438	1.160060e+02
2439	1.157209e+02
2440	1.153738e+02
2441	1.150189e+02
2442	1.147137e+02
2443	1.144886e+02
2444	1.144016e+02
2445	1.142861e+02
2446	1.142149e+02
2447	1.141009e+02
2448	1.139819e+02
2449	1.137782e+02
2450	1.136145e+02
2451	1.134162e+02
2452	1.132174e+02
2453	1.129742e+02
2454	1.126178e+02
2455	1.122523e+02
2456	1.119218e+02
2457	1.116038e+02
2458	1.114129e+02
2459	1.112790e+02
2460	1.111626e+02
2461	1.110366e+02
2462	1.108746e+02
2463	1.107137e+02
2464	1.105574e+02
2465	1.103753e+02
2466	1.102100e+02
2467	1.101284e+02
2468	1.100287e+02
2469	1.099430e+02
2470	1.098922e+02
2471	1.097905e+02
2472	1.096792e+02
2473	1.095743e+02
2474	1.094413e+02
2475	1.093381e+02
2476	1.092300e+02
2477	1.091621e+02
2478	1.091444e+02
2479	1.091422e+02
2480	1.091418e+02
2481	1.091420e+02
2482	1.091537e+02
2483	1.092099e+02
2484	1.092991e+02
2485	1.094035e+02
2486	1.095260e+02
2487	1.096537e+02
2488	1.097179e+02
2489	1.097962e+02
2490	1.098513e+02
2491	1.099457e+02
2492	1.100409e+02
2493	1.100900e+02
2494	1.100766e+02
2495	1.100614e+02
2496	1.100220e+02
2497	1.100098e+02
2498	1.100696e+02
2499	1.101728e+02
2500	1.102343e+02
2501	1.103608e+02
2502	1.104352e+02
2503	1.105148e+02
2504	1.106330e+02
2505	1.108168e+02
2506	1.110869e+02
2507	1.114614e+02
2508	1.118635e+02
2509	1.122772e+02
2510	1.128005e+02
2511	1.133900e+02
2512	1.139774e+02
2513	1.145822e+02
2514	1.151945e+02
2515	1.158299e+02
2516	1.164254e+02
2517	1.169111e+02
2518	1.173165e+02
2519	1.176260e+02
2520	1.178857e+02
2521	1.180608e+02
2522	1.181581e+02
2523	1.182564e+02
2524	1.183598e+02
2525	1.184087e+02
2526	1.184356e+02
2527	1.184325e+02
2528	1.183890e+02
2529	1.182294e+02
2530	1.181066e+02
2531	1.179368e+02
2532	1.177882e+02
2533	1.176272e+02
2534	1.174437e+02
2535	1.172427e+02
2536	1.170043e+02
2537	1.167927e+02
2538	1.165795e+02
2539	1.163082e+02
2540	1.160400e+02
2541	1.156679e+02
2542	1.153039e+02
2543	1.149194e+02
2544	1.146155e+02
2545	1.143482e+02
2546	1.140545e+02
2547	1.137061e+02
2548	1.133508e+02
2549	1.129490e+02
2550	1.125758e+02
2551	1.122380e+02
2552	1.118331e+02
2553	1.113868e+02
2554	1.110042e+02
2555	1.105605e+02
2556	1.100947e+02
2557	1.096095e+02
2558	1.090897e+02
2559	1.085983e+02
2560	1.081261e+02
2561	1.077511e+02
2562	1.074397e+02
2563	1.071990e+02
2564	1.071065e+02
2565	1.070623e+02
2566	1.070709e+02
2567	1.071484e+02
2568	1.073102e+02
2569	1.075177e+02
2570	1.078165e+02
2571	1.081707e+02
2572	1.085687e+02
2573	1.090933e+02
2574	1.096491e+02
2575	1.102438e+02
2576	1.108690e+02
2577	1.115817e+02
2578	1.123024e+02
2579	1.130065e+02
2580	1.137383e+02
2581	1.143493e+02
2582	1.149239e+02
2583	1.154086e+02
2584	1.157342e+02
2585	1.159774e+02
2586	1.161521e+02
2587	1.162965e+02
2588	1.164304e+02
2589	1.165111e+02
2590	1.164921e+02
2591	1.164681e+02
2592	1.164412e+02
2593	1.164203e+02
2594	1.164129e+02
2595	1.162712e+02
2596	1.160829e+02
2597	1.158727e+02
2598	1.155861e+02
2599	1.152583e+02
2600	1.150138e+02
2601	1.147367e+02
2602	1.143875e+02
2603	1.139910e+02
2604	1.136170e+02
2605	1.132357e+02
2606	1.128211e+02
2607	1.124458e+02
2608	1.120959e+02
2609	1.117639e+02
2610	1.114803e+02
2611	1.111747e+02
2612	1.109948e+02
2613	1.109716e+02
2614	1.108786e+02
2615	1.107948e+02
2616	1.106977e+02
2617	1.105914e+02
2618	1.105291e+02
2619	1.104784e+02
2620	1.104204e+02
2621	1.104310e+02
2622	1.103694e+02
2623	1.103558e+02
2624	1.103865e+02
2625	1.105408e+02
2626	1.107546e+02
2627	1.109565e+02
2628	1.111662e+02
2629	1.114617e+02
2630	1.116321e+02
2631	1.118086e+02
2632	1.119190e+02
2633	1.119718e+02
2634	1.119959e+02
2635	1.121264e+02
2636	1.121986e+02
2637	1.122600e+02
2638	1.122460e+02
2639	1.122460e+02
2640	1.121810e+02
2641	1.120310e+02
2642	1.118600e+02
2643	1.116701e+02
2644	1.114488e+02
2645	1.112165e+02
2646	1.109354e+02
2647	1.107122e+02
2648	1.104328e+02
2649	1.102305e+02
2650	1.099940e+02
2651	1.097451e+02
2652	1.095082e+02
2653	1.092885e+02
2654	1.091279e+02
2655	1.089952e+02
2656	1.088551e+02
2657	1.087537e+02
2658	1.086940e+02
2659	1.086675e+02
2660	1.086632e+02
2661	1.087062e+02
2662	1.088268e+02
2663	1.089729e+02
2664	1.092104e+02
2665	1.094766e+02
2666	1.098466e+02
2667	1.103745e+02
2668	1.108512e+02
2669	1.112853e+02
2670	1.118927e+02
2671	1.124936e+02
2672	1.130826e+02
2673	1.136412e+02
2674	1.142166e+02
2675	1.147345e+02
2676	1.152013e+02
2677	1.156428e+02
2678	1.159796e+02
2679	1.161651e+02
2680	1.162590e+02
2681	1.162408e+02
2682	1.161509e+02
2683	1.159911e+02
2684	1.157182e+02
2685	1.153006e+02
2686	1.147537e+02
2687	1.141080e+02
2688	1.133068e+02
2689	1.123470e+02
2690	1.113310e+02
2691	1.102665e+02
2692	1.090829e+02
2693	1.079535e+02
2694	1.069143e+02
2695	1.059222e+02
2696	1.050333e+02
2697	1.042042e+02
2698	1.034229e+02
2699	1.026733e+02
2700	1.019994e+02
2701	1.013709e+02
2702	1.008005e+02
2703	1.002753e+02
2704	9.978516e+01
2705	9.935156e+01
2706	9.893763e+01
2707	9.851569e+01
2708	9.822184e+01
2709	9.800805e+01
2710	9.786288e+01
2711	9.776556e+01
2712	9.778251e+01
2713	9.794521e+01
2714	9.820168e+01
2715	9.866153e+01
2716	9.915980e+01
2717	9.966979e+01
2718	1.002095e+02
2719	1.008868e+02
2720	1.015976e+02
2721	1.023393e+02
2722	1.031151e+02
2723	1.040011e+02
2724	1.049881e+02
2725	1.061009e+02
2726	1.072414e+02
2727	1.084279e+02
2728	1.096132e+02
2729	1.106423e+02
2730	1.116766e+02
2731	1.126174e+02
2732	1.134999e+02
2733	1.143617e+02
2734	1.152276e+02
2735	1.160353e+02
2736	1.166936e+02
2737	1.173132e+02
2738	1.178346e+02
2739	1.182902e+02
2740	1.186806e+02
2741	1.190408e+02
2742	1.194148e+02
2743	1.197367e+02
2744	1.200568e+02
2745	1.203527e+02
2746	1.205571e+02
2747	1.206662e+02
2748	1.206526e+02
2749	1.205461e+02
2750	1.203603e+02
2751	1.201529e+02
2752	1.198424e+02
2753	1.195430e+02
2754	1.191554e+02
2755	1.186589e+02
2756	1.180588e+02
2757	1.173823e+02
2758	1.167599e+02
2759	1.160705e+02
2760	1.153802e+02
2761	1.146727e+02
2762	1.140360e+02
2763	1.133532e+02
2764	1.126886e+02
2765	1.120983e+02
2766	1.115154e+02
2767	1.109669e+02
2768	1.104322e+02
2769	1.099684e+02
2770	1.094711e+02
2771	1.089758e+02
2772	1.084456e+02
2773	1.079508e+02
2774	1.075211e+02
2775	1.071391e+02
2776	1.067162e+02
2777	1.063017e+02
2778	1.058620e+02
2779	1.054798e+02
2780	1.050816e+02
2781	1.047690e+02
2782	1.045097e+02
2783	1.043415e+02
2784	1.042060e+02
2785	1.040845e+02
2786	1.040149e+02
2787	1.040310e+02
2788	1.040200e+02
2789	1.041190e+02
2790	1.042077e+02
2791	1.043983e+02
2792	1.046134e+02
2793	1.047894e+02
2794	1.049173e+02
2795	1.049821e+02
2796	1.050536e+02
2797	1.051246e+02
2798	1.051332e+02
2799	1.052020e+02
2800	1.053272e+02
2801	1.054595e+02
2802	1.056262e+02
2803	1.058713e+02
2804	1.061779e+02
2805	1.064635e+02
2806	1.067759e+02
2807	1.070785e+02
2808	1.073509e+02
2809	1.076547e+02
2810	1.080100e+02
2811	1.083748e+02
2812	1.087555e+02
2813	1.091539e+02
2814	1.095673e+02
2815	1.100279e+02
2816	1.105424e+02
2817	1.111097e+02
2818	1.117011e+02
2819	1.123243e+02
2820	1.129201e+02
2821	1.134809e+02
2822	1.140844e+02
2823	1.147255e+02
2824	1.154034e+02
2825	1.161515e+02
2826	1.168579e+02
2827	1.176021e+02
2828	1.183010e+02
2829	1.190049e+02
2830	1.197548e+02
2831	1.204818e+02
2832	1.211818e+02
2833	1.217449e+02
2834	1.222880e+02
2835	1.227587e+02
2836	1.232065e+02
2837	1.236827e+02
2838	1.241443e+02
2839	1.245888e+02
2840	1.249496e+02
2841	1.252277e+02
2842	1.255148e+02
2843	1.257154e+02
2844	1.258581e+02
2845	1.258584e+02
2846	1.258074e+02
2847	1.255588e+02
2848	1.252454e+02
2849	1.248140e+02
2850	1.242238e+02
2851	1.236460e+02
2852	1.229826e+02
2853	1.222069e+02
2854	1.213673e+02
2855	1.204142e+02
2856	1.193919e+02
2857	1.183184e+02
2858	1.172336e+02
2859	1.160540e+02
2860	1.148711e+02
2861	1.135746e+02
2862	1.123055e+02
2863	1.110584e+02
2864	1.098634e+02
2865	1.086866e+02
2866	1.076094e+02
2867	1.066684e+02
2868	1.057637e+02
2869	1.049796e+02
2870	1.042455e+02
2871	1.036110e+02
2872	1.031048e+02
2873	1.026421e+02
2874	1.023047e+02
2875	1.019909e+02
2876	1.017380e+02
2877	1.015311e+02
2878	1.014471e+02
2879	1.014724e+02
2880	1.015201e+02
2881	1.016222e+02
2882	1.018305e+02
2883	1.021507e+02
2884	1.025116e+02
2885	1.029367e+02
2886	1.034016e+02
2887	1.039069e+02
2888	1.044747e+02
2889	1.050594e+02
2890	1.057318e+02
2891	1.065211e+02
2892	1.073610e+02
2893	1.081360e+02
2894	1.088679e+02
2895	1.095572e+02
2896	1.101845e+02
2897	1.107826e+02
2898	1.113709e+02
2899	1.119287e+02
2900	1.125215e+02
2901	1.131009e+02
2902	1.136282e+02
2903	1.141544e+02
2904	1.146760e+02
2905	1.151588e+02
2906	1.156148e+02
2907	1.160501e+02
2908	1.164641e+02
2909	1.168989e+02
2910	1.173027e+02
2911	1.176187e+02
2912	1.179045e+02
2913	1.181199e+02
2914	1.182415e+02
2915	1.183097e+02
2916	1.182497e+02
2917	1.180982e+02
2918	1.178495e+02
2919	1.175723e+02
2920	1.172658e+02
2921	1.169529e+02
2922	1.164881e+02
2923	1.159010e+02
2924	1.153272e+02
2925	1.147831e+02
2926	1.142067e+02
2927	1.135418e+02
2928	1.128826e+02
2929	1.122994e+02
2930	1.117907e+02
2931	1.112960e+02
2932	1.108342e+02
2933	1.104019e+02
2934	1.100728e+02
2935	1.097634e+02
2936	1.094520e+02
2937	1.091960e+02
2938	1.089582e+02
2939	1.087692e+02
2940	1.086436e+02
2941	1.084997e+02
2942	1.083102e+02
2943	1.081374e+02
2944	1.078750e+02
2945	1.075644e+02
2946	1.071720e+02
2947	1.067648e+02
2948	1.064181e+02
2949	1.061082e+02
2950	1.057632e+02
2951	1.053924e+02
2952	1.049801e+02
2953	1.045856e+02
2954	1.042579e+02
2955	1.040100e+02
2956	1.037733e+02
2957	1.036358e+02
2958	1.036090e+02
2959	1.036487e+02
2960	1.037438e+02
2961	1.038663e+02
2962	1.040406e+02
2963	1.042701e+02
2964	1.044275e+02
2965	1.046220e+02
2966	1.048311e+02
2967	1.050706e+02
2968	1.052760e+02
2969	1.054800e+02
2970	1.056915e+02
2971	1.058807e+02
2972	1.060795e+02
2973	1.062765e+02
2974	1.064793e+02
2975	1.066463e+02
2976	1.068185e+02
2977	1.069567e+02
2978	1.071262e+02
2979	1.072298e+02
2980	1.072298e+02
2981	1.073069e+02
2982	1.073776e+02
2983	1.075063e+02
2984	1.077019e+02
2985	1.078367e+02
2986	1.078843e+02
2987	1.078353e+02
2988	1.078652e+02
2989	1.078840e+02
2990	1.079043e+02
2991	1.078677e+02
2992	1.078519e+02
2993	1.078852e+02
2994	1.079211e+02
2995	1.079198e+02
2996	1.079605e+02
2997	1.080257e+02
2998	1.081238e+02
2999	1.082003e+02
3000	1.081961e+02
3001	1.081846e+02
3002	1.081370e+02
3003	1.081058e+02
3004	1.081327e+02
3005	1.081388e+02
3006	1.081637e+02
3007	1.081029e+02
3008	1.080590e+02
3009	1.079593e+02
3010	1.078488e+02
3011	1.077991e+02
3012	1.076647e+02
3013	1.075023e+02
3014	1.074660e+02
3015	1.074397e+02
3016	1.074499e+02
3017	1.075280e+02
3018	1.075884e+02
3019	1.076674e+02
3020	1.077201e+02
3021	1.078048e+02
3022	1.078082e+02
3023	1.078187e+02
3024	1.078353e+02
3025	1.078354e+02
3026	1.078246e+02
3027	1.077788e+02
3028	1.077874e+02
3029	1.078049e+02
3030	1.078228e+02
3031	1.078325e+02
3032	1.077638e+02
3033	1.076287e+02
3034	1.074720e+02
3035	1.072690e+02
3036	1.071318e+02
3037	1.070400e+02
3038	1.069808e+02
3039	1.069179e+02
3040	1.069057e+02
3041	1.069230e+02
3042	1.069065e+02
3043	1.069002e+02
3044	1.068801e+02
3045	1.068365e+02
3046	1.067634e+02
3047	1.066422e+02
3048	1.065164e+02
3049	1.063669e+02
3050	1.062072e+02
3051	1.060244e+02
3052	1.058603e+02
3053	1.056346e+02
3054	1.054299e+02
3055	1.051600e+02
3056	1.049359e+02
3057	1.047454e+02
3058	1.046625e+02
3059	1.045706e+02
3060	1.044973e+02
3061	1.045611e+02
3062	1.047273e+02
3063	1.049883e+02
3064	1.052626e+02
3065	1.056138e+02
3066	1.060179e+02
3067	1.064202e+02
3068	1.067958e+02
3069	1.071463e+02
3070	1.075108e+02
3071	1.078463e+02
3072	1.081332e+02
3073	1.083812e+02
3074	1.086695e+02
3075	1.089952e+02
3076	1.092740e+02
3077	1.095725e+02
3078	1.098120e+02
3079	1.100596e+02
3080	1.103306e+02
3081	1.106434e+02
3082	1.109896e+02
3083	1.113352e+02
3084	1.116395e+02
3085	1.119742e+02
3086	1.123529e+02
3087	1.127530e+02
3088	1.130172e+02
3089	1.132849e+02
3090	1.136236e+02
3091	1.138558e+02
3092	1.140384e+02
3093	1.142093e+02
3094	1.142819e+02
3095	1.143498e+02
3096	1.144213e+02
3097	1.144120e+02
3098	1.144280e+02
3099	1.144092e+02
3100	1.143832e+02
3101	1.143509e+02
3102	1.142783e+02
3103	1.141426e+02
3104	1.140691e+02
3105	1.139632e+02
3106	1.138671e+02
3107	1.137478e+02
3108	1.136134e+02
3109	1.135373e+02
3110	1.134144e+02
3111	1.132371e+02
3112	1.130993e+02
3113	1.129566e+02
3114	1.126808e+02
3115	1.123305e+02
3116	1.119319e+02
3117	1.114415e+02
3118	1.109185e+02
3119	1.103474e+02
3120	1.097192e+02
3121	1.091261e+02
3122	1.085212e+02
3123	1.079250e+02
3124	1.073555e+02
3125	1.068098e+02
3126	1.062600e+02
3127	1.057347e+02
3128	1.053604e+02
3129	1.051492e+02
3130	1.049317e+02
3131	1.047978e+02
3132	1.047590e+02
3133	1.047549e+02
3134	1.047578e+02
3135	1.048266e+02
3136	1.049681e+02
3137	1.051133e+02
3138	1.053415e+02
3139	1.054216e+02
3140	1.054799e+02
3141	1.054854e+02
3142	1.054981e+02
3143	1.054589e+02
3144	1.054557e+02
3145	1.054217e+02
3146	1.053976e+02
3147	1.053537e+02
3148	1.053621e+02
3149	1.053120e+02
3150	1.052667e+02
3151	1.052399e+02
3152	1.053351e+02
3153	1.054341e+02
3154	1.055667e+02
3155	1.057389e+02
3156	1.059232e+02
3157	1.060804e+02
3158	1.062506e+02
3159	1.064890e+02
3160	1.068303e+02
3161	1.072167e+02
3162	1.076232e+02
3163	1.080234e+02
3164	1.084266e+02
3165	1.088070e+02
3166	1.091518e+02
3167	1.095649e+02
3168	1.099592e+02
3169	1.103774e+02
3170	1.108300e+02
3171	1.113121e+02
3172	1.118768e+02
3173	1.124668e+02
3174	1.130570e+02
3175	1.136823e+02
3176	1.142594e+02
3177	1.147618e+02
3178	1.152820e+02
3179	1.157700e+02
3180	1.162828e+02
3181	1.167690e+02
3182	1.171682e+02
3183	1.175759e+02
3184	1.179348e+02
3185	1.181826e+02
3186	1.185028e+02
3187	1.187753e+02
3188	1.189948e+02
3189	1.191596e+02
3190	1.192695e+02
3191	1.194052e+02
3192	1.195463e+02
3193	1.196317e+02
3194	1.196626e+02
3195	1.196322e+02
3196	1.195180e+02
3197	1.194800e+02
3198	1.193697e+02
3199	1.192417e+02
3200	1.190906e+02
3201	1.188511e+02
3202	1.185038e+02
3203	1.180267e+02
3204	1.175048e+02
3205	1.170125e+02
3206	1.164688e+02
3207	1.158469e+02
3208	1.151345e+02
3209	1.144580e+02
3210	1.137243e+02
3211	1.129622e+02
3212	1.121982e+02
3213	1.114435e+02
3214	1.108241e+02
3215	1.103031e+02
3216	1.098214e+02
3217	1.093351e+02
3218	1.088649e+02
3219	1.084770e+02
3220	1.081757e+02
3221	1.079099e+02
3222	1.077031e+02
3223	1.075678e+02
3224	1.074948e+02
3225	1.074694e+02
3226	1.075165e+02
3227	1.076820e+02
3228	1.078542e+02
3229	1.080796e+02
3230	1.083750e+02
3231	1.086758e+02
3232	1.089654e+02
3233	1.092662e+02
3234	1.095980e+02
3235	1.100394e+02
3236	1.105520e+02
3237	1.110232e+02
3238	1.115110e+02
3239	1.120363e+02
3240	1.125623e+02
3241	1.131276e+02
3242	1.135476e+02
3243	1.140074e+02
3244	1.145321e+02
3245	1.151014e+02
3246	1.156012e+02
3247	1.160105e+02
3248	1.163164e+02
3249	1.165546e+02
3250	1.168770e+02
3251	1.171950e+02
3252	1.175564e+02
3253	1.179276e+02
3254	1.183072e+02
3255	1.186714e+02
3256	1.190180e+02
3257	1.193459e+02
3258	1.196530e+02
3259	1.200553e+02
3260	1.203902e+02
3261	1.207528e+02
3262	1.211436e+02
3263	1.215030e+02
3264	1.217645e+02
3265	1.219832e+02
3266	1.221766e+02
3267	1.223035e+02
3268	1.223411e+02
3269	1.224100e+02
3270	1.225133e+02
3271	1.225518e+02
3272	1.224955e+02
3273	1.224333e+02
3274	1.223468e+02
3275	1.222150e+02
3276	1.220020e+02
3277	1.216952e+02
3278	1.213285e+02
3279	1.209194e+02
3280	1.204407e+02
3281	1.198479e+02
3282	1.191117e+02
3283	1.184263e+02
3284	1.177797e+02
3285	1.170805e+02
3286	1.163396e+02
3287	1.154849e+02
3288	1.145339e+02
3289	1.135089e+02
3290	1.124876e+02
3291	1.115984e+02
3292	1.106613e+02
3293	1.096425e+02
3294	1.085925e+02
3295	1.075684e+02
3296	1.065180e+02
3297	1.054866e+02
3298	1.044914e+02
3299	1.035821e+02
3300	1.026388e+02
3301	1.017756e+02
3302	1.010102e+02
3303	1.004026e+02
3304	9.978487e+01
3305	9.922001e+01
3306	9.872936e+01
3307	9.831635e+01
3308	9.798288e+01
3309	9.769257e+01
3310	9.748421e+01
3311	9.743073e+01
3312	9.749347e+01
3313	9.767527e+01
3314	9.795429e+01
3315	9.825329e+01
3316	9.860386e+01
3317	9.903403e+01
3318	9.953012e+01
3319	1.000705e+02
3320	1.006489e+02
3321	1.012850e+02
3322	1.020642e+02
3323	1.029554e+02
3324	1.039511e+02
3325	1.049199e+02
3326	1.060164e+02
3327	1.070777e+02
3328	1.081160e+02
3329	1.091340e+02
3330	1.102329e+02
3331	1.114466e+02
3332	1.126283e+02
3333	1.138219e+02
3334	1.149160e+02
3335	1.159206e+02
3336	1.168748e+02
3337	1.177648e+02
3338	1.186453e+02
3339	1.194043e+02
3340	1.200651e+02
3341	1.206920e+02
3342	1.212591e+02
3343	1.217634e+02
3344	1.222175e+02
3345	1.225681e+02
3346	1.228537e+02
3347	1.230776e+02
3348	1.233668e+02
3349	1.236603e+02
3350	1.238732e+02
3351	1.239844e+02
3352	1.239585e+02
3353	1.238398e+02
3354	1.236807e+02
3355	1.234479e+02
3356	1.231810e+02
3357	1.228547e+02
3358	1.225078e+02
3359	1.221017e+02
3360	1.217268e+02
3361	1.213447e+02
3362	1.209353e+02
3363	1.204761e+02
3364	1.199854e+02
3365	1.194004e+02
3366	1.188385e+02
3367	1.181252e+02
3368	1.173933e+02
3369	1.164984e+02
3370	1.155049e+02
3371	1.144028e+02
3372	1.132489e+02
3373	1.120799e+02
3374	1.108858e+02
3375	1.096728e+02
3376	1.085446e+02
3377	1.074182e+02
3378	1.063382e+02
3379	1.053222e+02
3380	1.043391e+02
3381	1.034612e+02
3382	1.026484e+02
3383	1.019038e+02
3384	1.011934e+02
3385	1.006398e+02
3386	1.001219e+02
3387	9.966029e+01
3388	9.932618e+01
3389	9.915883e+01
3390	9.902198e+01
3391	9.902014e+01
3392	9.911939e+01
3393	9.920173e+01
3394	9.931871e+01
3395	9.951827e+01
3396	9.975957e+01
3397	1.000994e+02
3398	1.004876e+02
3399	1.009482e+02
3400	1.014168e+02
3401	1.019198e+02
3402	1.023822e+02
3403	1.028936e+02
3404	1.034651e+02
3405	1.039894e+02
3406	1.044477e+02
3407	1.048875e+02
3408	1.052924e+02
3409	1.057126e+02
3410	1.061734e+02
3411	1.066796e+02
3412	1.071867e+02
3413	1.076786e+02
3414	1.082059e+02
3415	1.087779e+02
3416	1.094174e+02
3417	1.100033e+02
3418	1.105656e+02
3419	1.111435e+02
3420	1.116991e+02
3421	1.122235e+02
3422	1.127336e+02
3423	1.132151e+02
3424	1.135484e+02
3425	1.137394e+02
3426	1.138351e+02
3427	1.139211e+02
3428	1.139037e+02
3429	1.139434e+02
3430	1.139998e+02
3431	1.140860e+02
3432	1.141579e+02
3433	1.142380e+02
3434	1.142814e+02
3435	1.143570e+02
3436	1.145659e+02
3437	1.147151e+02
3438	1.147811e+02
3439	1.149008e+02
3440	1.150357e+02
3441	1.151468e+02
3442	1.152299e+02
3443	1.153019e+02
3444	1.153768e+02
3445	1.153884e+02
3446	1.154256e+02
3447	1.153409e+02
3448	1.152315e+02
3449	1.150425e+02
3450	1.148675e+02
3451	1.146698e+02
3452	1.144647e+02
3453	1.140746e+02
3454	1.136107e+02
3455	1.130674e+02
3456	1.125615e+02
3457	1.119828e+02
3458	1.112955e+02
3459	1.106357e+02
3460	1.099136e+02
3461	1.091605e+02
3462	1.084409e+02
3463	1.077725e+02
3464	1.070712e+02
3465	1.063098e+02
3466	1.056631e+02
3467	1.049756e+02
3468	1.042994e+02
3469	1.037061e+02
3470	1.031531e+02
3471	1.027561e+02
3472	1.024660e+02
3473	1.022782e+02
3474	1.021690e+02
3475	1.021795e+02
3476	1.022503e+02
3477	1.023854e+02
3478	1.025726e+02
3479	1.029191e+02
3480	1.033527e+02
3481	1.039082e+02
3482	1.045563e+02
3483	1.053199e+02
3484	1.060997e+02
3485	1.069084e+02
3486	1.076844e+02
3487	1.085900e+02
3488	1.095472e+02
3489	1.104854e+02
3490	1.113297e+02
3491	1.121499e+02
3492	1.130727e+02
3493	1.140265e+02
3494	1.149291e+02
3495	1.157445e+02
3496	1.165072e+02
3497	1.172186e+02
3498	1.179233e+02
3499	1.185728e+02
3500	1.192000e+02
3501	1.197763e+02
3502	1.203079e+02
3503	1.207359e+02
3504	1.211383e+02
3505	1.214605e+02
3506	1.216876e+02
3507	1.219034e+02
3508	1.220416e+02
3509	1.221118e+02
3510	1.221873e+02
3511	1.222364e+02
3512	1.221838e+02
3513	1.219797e+02
3514	1.217432e+02
3515	1.213584e+02
3516	1.209491e+02
3517	1.204878e+02
3518	1.200060e+02
3519	1.195037e+02
3520	1.189936e+02
3521	1.185055e+02
3522	1.180415e+02
3523	1.176720e+02
3524	1.173396e+02
3525	1.170565e+02
3526	1.168661e+02
3527	1.167069e+02
3528	1.165335e+02
3529	1.164131e+02
3530	1.163317e+02
3531	1.162401e+02
3532	1.161323e+02
3533	1.160580e+02
3534	1.159998e+02
3535	1.159059e+02
3536	1.157588e+02
3537	1.156792e+02
3538	1.155979e+02
3539	1.155342e+02
3540	1.154751e+02
3541	1.153250e+02
3542	1.150370e+02
3543	1.147071e+02
3544	1.142232e+02
3545	1.136903e+02
3546	1.131462e+02
3547	1.125431e+02
3548	1.118964e+02
3549	1.112868e+02
3550	1.106451e+02
3551	1.099284e+02
3552	1.092213e+02
3553	1.085396e+02
3554	1.077657e+02
3555	1.069365e+02
3556	1.060374e+02
3557	1.050894e+02
3558	1.041101e+02
3559	1.031718e+02
3560	1.022283e+02
3561	1.013097e+02
3562	1.003721e+02
3563	9.948471e+01
3564	9.871093e+01
3565	9.802414e+01
3566	9.740525e+01
3567	9.687574e+01
3568	9.643451e+01
3569	9.614646e+01
3570	9.602880e+01
3571	9.606117e+01
3572	9.625079e+01
3573	9.658951e+01
3574	9.703000e+01
3575	9.749582e+01
3576	9.805462e+01
3577	9.876435e+01
3578	9.963282e+01
3579	1.004670e+02
3580	1.013862e+02
3581	1.023950e+02
3582	1.034121e+02
3583	1.045034e+02
3584	1.057102e+02
3585	1.069159e+02
3586	1.081770e+02
3587	1.094089e+02
3588	1.106140e+02
3589	1.118227e+02
3590	1.129598e+02
3591	1.141092e+02
3592	1.152062e+02
3593	1.162142e+02
3594	1.171733e+02
3595	1.181402e+02
3596	1.189525e+02
3597	1.196664e+02
3598	1.203069e+02
3599	1.208819e+02
3600	1.213834e+02
3601	1.217507e+02
3602	1.220332e+02
3603	1.222004e+02
3604	1.222534e+02
3605	1.220927e+02
3606	1.218105e+02
3607	1.214475e+02
3608	1.209914e+02
3609	1.204851e+02
3610	1.199646e+02
3611	1.193292e+02
3612	1.186759e+02
3613	1.180377e+02
3614	1.173415e+02
3615	1.166920e+02
3616	1.160283e+02
3617	1.152841e+02
3618	1.145526e+02
3619	1.138004e+02
3620	1.130844e+02
3621	1.122585e+02
3622	1.114382e+02
3623	1.105998e+02
3624	1.097704e+02
3625	1.089523e+02
3626	1.080894e+02
3627	1.072451e+02
3628	1.064332e+02
3629	1.056201e+02
3630	1.047808e+02
3631	1.040110e+02
3632	1.032658e+02
3633	1.025943e+02
3634	1.019169e+02
3635	1.012911e+02
3636	1.007338e+02
3637	1.003239e+02
3638	1.000301e+02
3639	9.971664e+01
3640	9.949183e+01
3641	9.924238e+01
3642	9.898242e+01
3643	9.874946e+01
3644	9.847194e+01
3645	9.819460e+01
3646	9.793247e+01
3647	9.772378e+01
3648	9.747719e+01
3649	9.740127e+01
3650	9.732527e+01
3651	9.723238e+01
3652	9.722972e+01
3653	9.723695e+01
3654	9.735170e+01
3655	9.754640e+01
3656	9.782383e+01
3657	9.807932e+01
3658	9.832375e+01
3659	9.858587e+01
3660	9.881979e+01
3661	9.917071e+01
3662	9.955312e+01
3663	9.992882e+01
3664	1.003011e+02
3665	1.006885e+02
3666	1.011243e+02
3667	1.015750e+02
3668	1.020531e+02
3669	1.025078e+02
3670	1.030550e+02
3671	1.036895e+02
3672	1.043061e+02
3673	1.049265e+02
3674	1.055068e+02
3675	1.061850e+02
3676	1.068166e+02
3677	1.074073e+02
3678	1.080502e+02
3679	1.086929e+02
3680	1.093677e+02
3681	1.100387e+02
3682	1.107536e+02
3683	1.113556e+02
3684	1.120239e+02
3685	1.126306e+02
3686	1.132361e+02
3687	1.138403e+02
3688	1.143884e+02
3689	1.149592e+02
3690	1.155760e+02
3691	1.161546e+02
3692	1.166971e+02
3693	1.172752e+02
3694	1.178102e+02
3695	1.183549e+02
3696	1.188157e+02
3697	1.191984e+02
3698	1.195036e+02
3699	1.197161e+02
3700	1.198045e+02
3701	1.197736e+02
3702	1.197081e+02
3703	1.196409e+02
3704	1.195597e+02
3705	1.193919e+02
3706	1.191253e+02
3707	1.187497e+02
3708	1.182822e+02
3709	1.178132e+02
3710	1.173104e+02
3711	1.167693e+02
3712	1.161907e+02
3713	1.156122e+02
3714	1.150121e+02
3715	1.143229e+02
3716	1.136699e+02
3717	1.130315e+02
3718	1.124618e+02
3719	1.118750e+02
3720	1.113149e+02
3721	1.107998e+02
3722	1.102700e+02
3723	1.097418e+02
3724	1.092930e+02
3725	1.088990e+02
3726	1.085472e+02
3727	1.081890e+02
3728	1.077830e+02
3729	1.073507e+02
3730	1.069155e+02
3731	1.065026e+02
3732	1.061197e+02
3733	1.057759e+02
3734	1.054989e+02
3735	1.052265e+02
3736	1.050718e+02
3737	1.049173e+02
3738	1.048734e+02
3739	1.049019e+02
3740	1.048862e+02
3741	1.049494e+02
3742	1.051257e+02
3743	1.052940e+02
3744	1.054215e+02
3745	1.056700e+02
3746	1.059665e+02
3747	1.062600e+02
3748	1.066498e+02
3749	1.070683e+02
3750	1.075796e+02
3751	1.080334e+02
3752	1.084640e+02
3753	1.089210e+02
3754	1.095028e+02
3755	1.099872e+02
3756	1.103858e+02
3757	1.107574e+02
3758	1.111311e+02
3759	1.115344e+02
3760	1.119091e+02
3761	1.122944e+02
3762	1.126797e+02
3763	1.130041e+02
3764	1.133739e+02
3765	1.137464e+02
3766	1.140907e+02
3767	1.144359e+02
3768	1.147539e+02
3769	1.150994e+02
3770	1.154302e+02
3771	1.157188e+02
3772	1.159655e+02
3773	1.162578e+02
3774	1.166288e+02
3775	1.169393e+02
3776	1.172227e+02
3777	1.173717e+02
3778	1.175373e+02
3779	1.176844e+02
3780	1.178311e+02
3781	1.179471e+02
3782	1.181075e+02
3783	1.182240e+02
3784	1.182418e+02
3785	1.181770e+02
3786	1.180951e+02
3787	1.179394e+02
3788	1.177034e+02
3789	1.174400e+02
3790	1.172143e+02
3791	1.169304e+02
3792	1.166101e+02
3793	1.162719e+02
3794	1.158597e+02
3795	1.154823e+02
3796	1.150689e+02
3797	1.147030e+02
3798	1.143643e+02
3799	1.139324e+02
3800	1.135065e+02
3801	1.130489e+02
3802	1.126993e+02
3803	1.122633e+02
3804	1.118400e+02
3805	1.114408e+02
3806	1.110435e+02
3807	1.107203e+02
3808	1.103566e+02
3809	1.099435e+02
3810	1.095652e+02
3811	1.091882e+02
3812	1.088279e+02
3813	1.084757e+02
3814	1.081898e+02
3815	1.080084e+02
3816	1.078537e+02
3817	1.077513e+02
3818	1.076620e+02
3819	1.076441e+02
3820	1.075619e+02
3821	1.075020e+02
3822	1.075032e+02
3823	1.075769e+02
3824	1.077001e+02
3825	1.078797e+02
3826	1.080958e+02
3827	1.083516e+02
3828	1.086583e+02
3829	1.089583e+02
3830	1.092442e+02
3831	1.095084e+02
3832	1.097059e+02
3833	1.098698e+02
3834	1.099601e+02
3835	1.100911e+02
3836	1.101647e+02
3837	1.101910e+02
3838	1.101555e+02
3839	1.100683e+02
3840	1.100322e+02
3841	1.099570e+02
3842	1.099157e+02
3843	1.099178e+02
3844	1.098538e+02
3845	1.098140e+02
3846	1.097757e+02
3847	1.097681e+02
3848	1.097213e+02
3849	1.096681e+02
3850	1.096821e+02
3851	1.096998e+02
3852	1.097367e+02
3853	1.098641e+02
3854	1.100524e+02
3855	1.103056e+02
3856	1.106995e+02
3857	1.110298e+02
3858	1.114320e+02
3859	1.119260e+02
3860	1.124627e+02
3861	1.130989e+02
3862	1.137787e+02
3863	1.145113e+02
3864	1.152049e+02
3865	1.158232e+02
3866	1.165136e+02
3867	1.172067e+02
3868	1.178376e+02
3869	1.184743e+02
3870	1.191952e+02
3871	1.199051e+02
3872	1.206665e+02
3873	1.213645e+02
3874	1.219567e+02
3875	1.224846e+02
3876	1.229172e+02
3877	1.232021e+02
3878	1.234548e+02
3879	1.235297e+02
3880	1.234833e+02
3881	1.233841e+02
3882	1.231980e+02
3883	1.229427e+02
3884	1.225579e+02
3885	1.221046e+02
3886	1.215149e+02
3887	1.208042e+02
3888	1.199899e+02
3889	1.190383e+02
3890	1.178984e+02
3891	1.166327e+02
3892	1.153046e+02
3893	1.139750e+02
3894	1.126290e+02
3895	1.112623e+02
3896	1.098918e+02
3897	1.085990e+02
3898	1.074152e+02
3899	1.063320e+02
3900	1.053970e+02
3901	1.045583e+02
3902	1.038605e+02
3903	1.033351e+02
3904	1.029049e+02
3905	1.025464e+02
3906	1.022692e+02
3907	1.020493e+02
3908	1.020233e+02
3909	1.020535e+02
3910	1.021469e+02
3911	1.023270e+02
3912	1.026018e+02
3913	1.030474e+02
3914	1.035780e+02
3915	1.042032e+02
3916	1.049442e+02
3917	1.056651e+02
3918	1.064847e+02
3919	1.072574e+02
3920	1.080494e+02
3921	1.089011e+02
3922	1.097255e+02
3923	1.105068e+02
3924	1.112873e+02
3925	1.120305e+02
3926	1.127910e+02
3927	1.134881e+02
3928	1.141037e+02
3929	1.146588e+02
3930	1.151969e+02
3931	1.156928e+02
3932	1.161969e+02
3933	1.165986e+02
3934	1.168748e+02
3935	1.171363e+02
3936	1.173635e+02
3937	1.175379e+02
3938	1.176501e+02
3939	1.177889e+02
3940	1.177952e+02
3941	1.177378e+02
3942	1.176984e+02
3943	1.176292e+02
3944	1.175507e+02
3945	1.174533e+02
3946	1.173308e+02
3947	1.172334e+02
3948	1.171029e+02
3949	1.169931e+02
3950	1.167953e+02
3951	1.165990e+02
3952	1.163997e+02
3953	1.162115e+02
3954	1.160970e+02
3955	1.159657e+02
3956	1.159163e+02
3957	1.158576e+02
3958	1.158110e+02
3959	1.158006e+02
3960	1.158136e+02
3961	1.158627e+02
3962	1.158554e+02
3963	1.158679e+02
3964	1.159288e+02
3965	1.160248e+02
3966	1.160222e+02
3967	1.160495e+02
3968	1.160212e+02
3969	1.160272e+02
3970	1.159954e+02
3971	1.159447e+02
3972	1.159417e+02
3973	1.159034e+02
3974	1.158893e+02
3975	1.158283e+02
3976	1.157241e+02
3977	1.156014e+02
3978	1.155091e+02
3979	1.154155e+02
3980	1.153530e+02
3981	1.152350e+02
3982	1.150079e+02
3983	1.146653e+02
3984	1.141193e+02
3985	1.134618e+02
3986	1.127550e+02
3987	1.118859e+02
3988	1.109364e+02
3989	1.099923e+02
3990	1.090921e+02
3991	1.082410e+02
3992	1.074061e+02
3993	1.065893e+02
3994	1.057515e+02
3995	1.050037e+02
3996	1.043291e+02
3997	1.036878e+02
3998	1.031119e+02
3999	1.025262e+02
4000	1.019920e+02
4001	1.015907e+02
4002	1.012416e+02
4003	1.009387e+02
4004	1.006879e+02
4005	1.005164e+02
4006	1.003775e+02
4007	1.003871e+02
4008	1.005057e+02
4009	1.007052e+02
4010	1.009692e+02
4011	1.013400e+02
4012	1.018302e+02
4013	1.023905e+02
4014	1.028967e+02
4015	1.035106e+02
4016	1.041053e+02
4017	1.047208e+02
4018	1.052687e+02
4019	1.058537e+02
4020	1.064846e+02
4021	1.070591e+02
4022	1.076598e+02
4023	1.083016e+02
4024	1.090164e+02
4025	1.097113e+02
4026	1.103402e+02
4027	1.108756e+02
4028	1.112568e+02
4029	1.115880e+02
4030	1.118071e+02
4031	1.118787e+02
4032	1.118424e+02
4033	1.116514e+02
4034	1.114007e+02
4035	1.111359e+02
4036	1.107782e+02
4037	1.102967e+02
4038	1.097894e+02
4039	1.091944e+02
4040	1.085801e+02
4041	1.078981e+02
4042	1.072682e+02
4043	1.066408e+02
4044	1.060700e+02
4045	1.055280e+02
4046	1.049330e+02
4047	1.043685e+02
4048	1.038085e+02
4049	1.032653e+02
4050	1.026629e+02
4051	1.020481e+02
4052	1.014787e+02
4053	1.008876e+02
4054	1.003967e+02
4055	9.996888e+01
4056	9.964784e+01
4057	9.940527e+01
4058	9.922988e+01
4059	9.907730e+01
4060	9.894979e+01
4061	9.898661e+01
4062	9.901171e+01
4063	9.902376e+01
4064	9.915346e+01
4065	9.940494e+01
4066	9.978045e+01
4067	1.002058e+02
4068	1.007795e+02
4069	1.014380e+02
4070	1.021846e+02
4071	1.029484e+02
4072	1.037533e+02
4073	1.045458e+02
4074	1.053136e+02
4075	1.060332e+02
4076	1.067092e+02
4077	1.073790e+02
4078	1.079467e+02
4079	1.085588e+02
4080	1.090780e+02
4081	1.095257e+02
4082	1.099797e+02
4083	1.103955e+02
4084	1.106920e+02
4085	1.110266e+02
4086	1.113898e+02
4087	1.117111e+02
4088	1.120705e+02
4089	1.124944e+02
4090	1.128625e+02
4091	1.132118e+02
4092	1.135699e+02
4093	1.139773e+02
4094	1.144012e+02
4095	1.148107e+02
4096	1.151810e+02
4097	1.155151e+02
4098	1.157863e+02
4099	1.160033e+02
4100	1.160480e+02
4101	1.161952e+02
4102	1.164009e+02
4103	1.166042e+02
4104	1.168174e+02
4105	1.169096e+02
4106	1.170419e+02
4107	1.171675e+02
4108	1.172612e+02
4109	1.173339e+02
4110	1.173617e+02
4111	1.173947e+02
4112	1.174385e+02
4113	1.174595e+02
4114	1.174713e+02
4115	1.174726e+02
4116	1.174332e+02
4117	1.173979e+02
4118	1.173143e+02
4119	1.170792e+02
4120	1.167454e+02
4121	1.164044e+02
4122	1.160170e+02
4123	1.156426e+02
4124	1.151996e+02
4125	1.148090e+02
4126	1.143565e+02
4127	1.138906e+02
4128	1.134520e+02
4129	1.130289e+02
4130	1.125978e+02
4131	1.120933e+02
4132	1.116098e+02
4133	1.110876e+02
4134	1.106099e+02
4135	1.101463e+02
4136	1.096550e+02
4137	1.093040e+02
4138	1.090832e+02
4139	1.089374e+02
4140	1.087186e+02
4141	1.085662e+02
4142	1.084631e+02
4143	1.083606e+02
4144	1.082029e+02
4145	1.080837e+02
4146	1.078891e+02
4147	1.077072e+02
4148	1.074905e+02
4149	1.072724e+02
4150	1.070877e+02
4151	1.069362e+02
4152	1.067964e+02
4153	1.067139e+02
4154	1.066331e+02
4155	1.065292e+02
4156	1.063759e+02
4157	1.061574e+02
4158	1.059934e+02
4159	1.058196e+02
4160	1.056581e+02
4161	1.055365e+02
4162	1.054902e+02
4163	1.055050e+02
4164	1.055321e+02
4165	1.055027e+02
4166	1.054562e+02
4167	1.054147e+02
4168	1.054188e+02
4169	1.054933e+02
4170	1.056282e+02
4171	1.057342e+02
4172	1.059463e+02
4173	1.062406e+02
4174	1.066027e+02
4175	1.070441e+02
4176	1.075797e+02
4177	1.080825e+02
4178	1.086044e+02
4179	1.091891e+02
4180	1.098241e+02
4181	1.105364e+02
4182	1.113132e+02
4183	1.120887e+02
4184	1.128458e+02
4185	1.135858e+02
4186	1.142844e+02
4187	1.149523e+02
4188	1.155990e+02
4189	1.160699e+02
4190	1.165104e+02
4191	1.169594e+02
4192	1.173032e+02
4193	1.176032e+02
4194	1.179553e+02
4195	1.183326e+02
4196	1.186937e+02
4197	1.189705e+02
4198	1.192015e+02
4199	1.194160e+02
4200	1.195268e+02
4201	1.195776e+02
4202	1.195128e+02
4203	1.193773e+02
4204	1.190890e+02
4205	1.186916e+02
4206	1.181765e+02
4207	1.176007e+02
4208	1.169933e+02
4209	1.163248e+02
4210	1.156124e+02
4211	1.148996e+02
4212	1.142205e+02
4213	1.135182e+02
4214	1.128505e+02
4215	1.122106e+02
4216	1.116945e+02
4217	1.111922e+02
4218	1.106938e+02
4219	1.102536e+02
4220	1.098673e+02
4221	1.094244e+02
4222	1.089649e+02
4223	1.084922e+02
4224	1.080799e+02
4225	1.077095e+02
4226	1.073757e+02
4227	1.070223e+02
4228	1.067468e+02
4229	1.064883e+02
4230	1.063731e+02
4231	1.064154e+02
4232	1.064865e+02
4233	1.066859e+02
4234	1.069017e+02
4235	1.072159e+02
4236	1.076407e+02
4237	1.080464e+02
4238	1.084397e+02
4239	1.088732e+02
4240	1.093571e+02
4241	1.098336e+02
4242	1.103229e+02
4243	1.108504e+02
4244	1.114426e+02
4245	1.121027e+02
4246	1.127035e+02
4247	1.133469e+02
4248	1.140053e+02
4249	1.147495e+02
4250	1.154928e+02
4251	1.161277e+02
4252	1.167319e+02
4253	1.173054e+02
4254	1.178275e+02
4255	1.182884e+02
4256	1.186751e+02
4257	1.189861e+02
4258	1.191430e+02
4259	1.191556e+02
4260	1.191508e+02
4261	1.191597e+02
4262	1.191909e+02
4263	1.192055e+02
4264	1.191451e+02
4265	1.190410e+02
4266	1.189300e+02
4267	1.188299e+02
4268	1.186793e+02
4269	1.186045e+02
4270	1.185209e+02
4271	1.184394e+02
4272	1.182787e+02
4273	1.180787e+02
4274	1.179194e+02
4275	1.177653e+02
4276	1.176288e+02
4277	1.175580e+02
4278	1.175851e+02
4279	1.176562e+02
4280	1.177862e+02
4281	1.179648e+02
4282	1.181037e+02
4283	1.183191e+02
4284	1.185399e+02
4285	1.187349e+02
4286	1.189576e+02
4287	1.191114e+02
4288	1.192298e+02
4289	1.192544e+02
4290	1.193522e+02
4291	1.194017e+02
4292	1.194266e+02
4293	1.193356e+02
4294	1.192641e+02
4295	1.191323e+02
4296	1.188537e+02
4297	1.185682e+02
4298	1.182374e+02
4299	1.178833e+02
4300	1.175242e+02
4301	1.170773e+02
4302	1.166211e+02
4303	1.160986e+02
4304	1.156638e+02
4305	1.151950e+02
4306	1.147005e+02
4307	1.142379e+02
4308	1.138488e+02
4309	1.134280e+02
4310	1.129453e+02
4311	1.124942e+02
4312	1.119464e+02
4313	1.113945e+02
4314	1.107079e+02
4315	1.100478e+02
4316	1.093610e+02
4317	1.086919e+02
4318	1.080302e+02
4319	1.074371e+02
4320	1.068737e+02
4321	1.064927e+02
4322	1.062096e+02
4323	1.060581e+02
4324	1.060426e+02
4325	1.060869e+02
4326	1.062524e+02
4327	1.065405e+02
4328	1.069667e+02
4329	1.074723e+02
4330	1.081386e+02
4331	1.089126e+02
4332	1.097502e+02
4333	1.106457e+02
4334	1.116859e+02
4335	1.127591e+02
4336	1.138426e+02
4337	1.150013e+02
4338	1.161264e+02
4339	1.171894e+02
4340	1.182326e+02
4341	1.191707e+02
4342	1.200024e+02
4343	1.207492e+02
4344	1.214222e+02
4345	1.219877e+02
4346	1.224896e+02
4347	1.229676e+02
4348	1.233581e+02
4349	1.236469e+02
4350	1.238610e+02
4351	1.239862e+02
4352	1.240055e+02
4353	1.239450e+02
4354	1.237989e+02
4355	1.235354e+02
4356	1.231040e+02
4357	1.225582e+02
4358	1.219569e+02
4359	1.212290e+02
4360	1.203111e+02
4361	1.193623e+02
4362	1.183696e+02
4363	1.174042e+02
4364	1.164422e+02
4365	1.155017e+02
4366	1.146136e+02
4367	1.137847e+02
4368	1.129356e+02
4369	1.121770e+02
4370	1.115192e+02
4371	1.108441e+02
4372	1.101934e+02
4373	1.095858e+02
4374	1.090604e+02
4375	1.085442e+02
4376	1.080176e+02
4377	1.075112e+02
4378	1.070289e+02
4379	1.066135e+02
4380	1.062675e+02
4381	1.060977e+02
4382	1.060402e+02
4383	1.060208e+02
4384	1.060760e+02
4385	1.062311e+02
4386	1.065091e+02
4387	1.069235e+02
4388	1.073876e+02
4389	1.078822e+02
4390	1.083948e+02
4391	1.088608e+02
4392	1.093488e+02
4393	1.098816e+02
4394	1.104864e+02
4395	1.109868e+02
4396	1.114702e+02
4397	1.120078e+02
4398	1.125608e+02
4399	1.131183e+02
4400	1.136231e+02
4401	1.140550e+02
4402	1.144204e+02
4403	1.147299e+02
4404	1.149857e+02
4405	1.151406e+02
4406	1.152664e+02
4407	1.154236e+02
4408	1.155358e+02
4409	1.156346e+02
4410	1.157039e+02
4411	1.156180e+02
4412	1.154657e+02
4413	1.152766e+02
4414	1.150292e+02
4415	1.146335e+02
4416	1.142908e+02
4417	1.139303e+02
4418	1.135608e+02
4419	1.131910e+02
4420	1.127410e+02
4421	1.122384e+02
4422	1.116911e+02
4423	1.110951e+02
4424	1.105454e+02
4425	1.100197e+02
4426	1.096460e+02
4427	1.092932e+02
4428	1.090215e+02
4429	1.087608e+02
4430	1.085081e+02
4431	1.082676e+02
4432	1.080758e+02
4433	1.079527e+02
4434	1.078441e+02
4435	1.077970e+02
4436	1.078213e+02
4437	1.079141e+02
4438	1.080463e+02
4439	1.081875e+02
4440	1.083497e+02
4441	1.086423e+02
4442	1.089495e+02
4443	1.092414e+02
4444	1.095652e+02
4445	1.098362e+02
4446	1.100729e+02
4447	1.102854e+02
4448	1.105147e+02
4449	1.107079e+02
4450	1.108075e+02
4451	1.108133e+02
4452	1.107840e+02
4453	1.107878e+02
4454	1.107935e+02
4455	1.107318e+02
4456	1.105939e+02
4457	1.103818e+02
4458	1.101157e+02
4459	1.098269e+02
4460	1.094368e+02
4461	1.089194e+02
4462	1.083139e+02
4463	1.076445e+02
4464	1.069072e+02
4465	1.061508e+02
4466	1.054151e+02
4467	1.045590e+02
4468	1.037311e+02
4469	1.030020e+02
4470	1.023950e+02
4471	1.017713e+02
4472	1.012213e+02
4473	1.006979e+02
4474	1.003732e+02
4475	1.001580e+02
4476	9.990797e+01
4477	9.987226e+01
4478	9.998897e+01
4479	1.001846e+02
4480	1.005339e+02
4481	1.009080e+02
4482	1.014400e+02
4483	1.020626e+02
4484	1.027252e+02
4485	1.034724e+02
4486	1.043831e+02
4487	1.052996e+02
4488	1.061992e+02
4489	1.071479e+02
4490	1.081594e+02
4491	1.091336e+02
4492	1.101667e+02
4493	1.111799e+02
4494	1.121552e+02
4495	1.131011e+02
4496	1.140577e+02
4497	1.149813e+02
4498	1.158990e+02
4499	1.167454e+02
4500	1.174771e+02
4501	1.181503e+02
4502	1.187696e+02
4503	1.193789e+02
4504	1.198650e+02
4505	1.203257e+02
4506	1.206554e+02
4507	1.208914e+02
4508	1.209886e+02
4509	1.209763e+02
4510	1.208044e+02
4511	1.205011e+02
4512	1.200833e+02
4513	1.194949e+02
4514	1.188552e+02
4515	1.181104e+02
4516	1.172706e+02
4517	1.163537e+02
4518	1.154816e+02
4519	1.146070e+02
4520	1.137186e+02
4521	1.128699e+02
4522	1.120143e+02
4523	1.112989e+02
4524	1.106548e+02
4525	1.100052e+02
4526	1.094727e+02
4527	1.090248e+02
4528	1.086868e+02
4529	1.084298e+02
4530	1.082350e+02
4531	1.081304e+02
4532	1.080534e+02
4533	1.081031e+02
4534	1.082595e+02
4535	1.085369e+02
4536	1.089290e+02
4537	1.094644e+02
4538	1.100236e+02
4539	1.106930e+02
4540	1.114317e+02
4541	1.121524e+02
4542	1.129149e+02
4543	1.136812e+02
4544	1.144707e+02
4545	1.152022e+02
4546	1.159256e+02
4547	1.165655e+02
4548	1.172398e+02
4549	1.179532e+02
4550	1.186491e+02
4551	1.192255e+02
4552	1.197356e+02
4553	1.202253e+02
4554	1.206450e+02
4555	1.209780e+02
4556	1.212313e+02
4557	1.214051e+02
4558	1.214799e+02
4559	1.214697e+02
4560	1.214213e+02
4561	1.213224e+02
4562	1.211104e+02
4563	1.208587e+02
4564	1.206338e+02
4565	1.204105e+02
4566	1.201655e+02
4567	1.198541e+02
4568	1.195049e+02
4569	1.191419e+02
4570	1.187059e+02
4571	1.183195e+02
4572	1.179700e+02
4573	1.176703e+02
4574	1.173563e+02
4575	1.171122e+02
4576	1.169274e+02
4577	1.167877e+02
4578	1.166211e+02
4579	1.164741e+02
4580	1.163839e+02
4581	1.163357e+02
4582	1.162505e+02
4583	1.161552e+02
4584	1.161060e+02
4585	1.160991e+02
4586	1.161506e+02
4587	1.162441e+02
4588	1.164240e+02
4589	1.166290e+02
4590	1.167787e+02
4591	1.168924e+02
4592	1.170257e+02
4593	1.172352e+02
4594	1.174341e+02
4595	1.175270e+02
4596	1.176371e+02
4597	1.177277e+02
4598	1.178097e+02
4599	1.178951e+02
4600	1.179519e+02
4601	1.178376e+02
4602	1.176254e+02
4603	1.174002e+02
4604	1.170748e+02
4605	1.166686e+02
4606	1.161755e+02
4607	1.156117e+02
4608	1.149937e+02
4609	1.143211e+02
4610	1.136293e+02
4611	1.129328e+02
4612	1.121987e+02
4613	1.114174e+02
4614	1.106491e+02
4615	1.098534e+02
4616	1.090696e+02
4617	1.083239e+02
4618	1.075484e+02
4619	1.067616e+02
4620	1.058986e+02
4621	1.050499e+02
4622	1.042174e+02
4623	1.034902e+02
4624	1.028197e+02
4625	1.022615e+02
4626	1.018759e+02
4627	1.015860e+02
4628	1.013247e+02
4629	1.011723e+02
4630	1.011539e+02
4631	1.012795e+02
4632	1.015313e+02
4633	1.017742e+02
4634	1.020694e+02
4635	1.024206e+02
4636	1.029230e+02
4637	1.034774e+02
4638	1.040718e+02
4639	1.047466e+02
4640	1.054651e+02
4641	1.062659e+02
4642	1.070526e+02
4643	1.079075e+02
4644	1.087470e+02
4645	1.096648e+02
4646	1.106225e+02
4647	1.115112e+02
4648	1.123329e+02
4649	1.132643e+02
4650	1.140668e+02
4651	1.147886e+02
4652	1.154611e+02
4653	1.161641e+02
4654	1.168689e+02
4655	1.175935e+02
4656	1.182940e+02
4657	1.188671e+02
4658	1.194911e+02
4659	1.201040e+02
4660	1.206877e+02
4661	1.212382e+02
4662	1.217031e+02
4663	1.220269e+02
4664	1.221961e+02
4665	1.222538e+02
4666	1.221695e+02
4667	1.219445e+02
4668	1.216241e+02
4669	1.211962e+02
4670	1.206680e+02
4671	1.200440e+02
4672	1.193748e+02
4673	1.187469e+02
4674	1.180642e+02
4675	1.173695e+02
4676	1.166441e+02
4677	1.158786e+02
4678	1.150512e+02
4679	1.142208e+02
4680	1.134203e+02
4681	1.125755e+02
4682	1.117493e+02
4683	1.108667e+02
4684	1.099961e+02
4685	1.090832e+02
4686	1.082987e+02
4687	1.075788e+02
4688	1.069172e+02
4689	1.063506e+02
4690	1.057549e+02
4691	1.051798e+02
4692	1.047044e+02
4693	1.043110e+02
4694	1.040652e+02
4695	1.038251e+02
4696	1.036519e+02
4697	1.034618e+02
4698	1.033471e+02
4699	1.032770e+02
4700	1.032587e+02
4701	1.032511e+02
4702	1.033384e+02
4703	1.034380e+02
4704	1.035810e+02
4705	1.037480e+02
4706	1.039400e+02
4707	1.041819e+02
4708	1.044953e+02
4709	1.048695e+02
4710	1.052370e+02
4711	1.056394e+02
4712	1.060212e+02
4713	1.065105e+02
4714	1.070234e+02
4715	1.075692e+02
4716	1.081658e+02
4717	1.088047e+02
4718	1.093267e+02
4719	1.098195e+02
4720	1.103355e+02
4721	1.108810e+02
4722	1.113981e+02
4723	1.118699e+02
4724	1.123861e+02
4725	1.128538e+02
4726	1.132885e+02
4727	1.136919e+02
4728	1.140374e+02
4729	1.143282e+02
4730	1.145624e+02
4731	1.147476e+02
4732	1.148719e+02
4733	1.149934e+02
4734	1.150416e+02
4735	1.150578e+02
4736	1.150115e+02
4737	1.148731e+02
4738	1.146450e+02
4739	1.143654e+02
4740	1.139936e+02
4741	1.135906e+02
4742	1.131901e+02
4743	1.127393e+02
4744	1.122668e+02
4745	1.117348e+02
4746	1.112229e+02
4747	1.107789e+02
4748	1.103896e+02
4749	1.099388e+02
4750	1.095269e+02
4751	1.091050e+02
4752	1.086614e+02
4753	1.082824e+02
4754	1.078967e+02
4755	1.075530e+02
4756	1.071718e+02
4757	1.068911e+02
4758	1.066106e+02
4759	1.063319e+02
4760	1.060722e+02
4761	1.057586e+02
4762	1.054554e+02
4763	1.052233e+02
4764	1.049865e+02
4765	1.047403e+02
4766	1.045680e+02
4767	1.044199e+02
4768	1.043476e+02
4769	1.043452e+02
4770	1.043262e+02
4771	1.042987e+02
4772	1.043010e+02
4773	1.042763e+02
4774	1.042482e+02
4775	1.041529e+02
4776	1.041219e+02
4777	1.040355e+02
4778	1.039377e+02
4779	1.038363e+02
4780	1.037822e+02
4781	1.037880e+02
4782	1.037923e+02
4783	1.038448e+02
4784	1.039473e+02
4785	1.040373e+02
4786	1.041864e+02
4787	1.043481e+02
4788	1.045061e+02
4789	1.047475e+02
4790	1.049582e+02
4791	1.051830e+02
4792	1.054372e+02
4793	1.057350e+02
4794	1.060905e+02
4795	1.065199e+02
4796	1.070113e+02
4797	1.074868e+02
4798	1.079733e+02
4799	1.084666e+02
4800	1.090398e+02
4801	1.096080e+02
4802	1.102367e+02
4803	1.108228e+02
4804	1.113262e+02
4805	1.119137e+02
4806	1.125063e+02
4807	1.130291e+02
4808	1.135665e+02
4809	1.141603e+02
4810	1.148834e+02
4811	1.155850e+02
4812	1.162639e+02
4813	1.170211e+02
4814	1.177887e+02
4815	1.185663e+02
4816	1.192758e+02
4817	1.199691e+02
4818	1.205742e+02
4819	1.211723e+02
4820	1.217136e+02
4821	1.222387e+02
4822	1.226532e+02
4823	1.230161e+02
4824	1.232793e+02
4825	1.235409e+02
4826	1.237504e+02
4827	1.238920e+02
4828	1.240154e+02
4829	1.240774e+02
4830	1.240726e+02
4831	1.239569e+02
4832	1.237425e+02
4833	1.234690e+02
4834	1.231292e+02
4835	1.227706e+02
4836	1.223136e+02
4837	1.217860e+02
4838	1.211411e+02
4839	1.204292e+02
4840	1.195978e+02
4841	1.186636e+02
4842	1.176041e+02
4843	1.163384e+02
4844	1.148632e+02
4845	1.133404e+02
4846	1.118178e+02
4847	1.102795e+02
4848	1.086960e+02
4849	1.072457e+02
4850	1.058838e+02
4851	1.045854e+02
4852	1.034936e+02
4853	1.025122e+02
4854	1.016417e+02
4855	1.008910e+02
4856	1.002456e+02
4857	9.974665e+01
4858	9.932442e+01
4859	9.895256e+01
4860	9.868374e+01
4861	9.848464e+01
4862	9.840901e+01
4863	9.840398e+01
4864	9.848294e+01
4865	9.862361e+01
4866	9.883563e+01
4867	9.922247e+01
4868	9.977760e+01
4869	1.004656e+02
4870	1.012864e+02
4871	1.021540e+02
4872	1.031616e+02
4873	1.041805e+02
4874	1.052177e+02
4875	1.063320e+02
4876	1.073706e+02
4877	1.083491e+02
4878	1.092842e+02
4879	1.101542e+02
4880	1.110234e+02
4881	1.118306e+02
4882	1.125864e+02
4883	1.133192e+02
4884	1.139789e+02
4885	1.145472e+02
4886	1.150752e+02
4887	1.155445e+02
4888	1.159448e+02
4889	1.162185e+02
4890	1.164534e+02
4891	1.166641e+02
4892	1.167693e+02
4893	1.168389e+02
4894	1.168161e+02
4895	1.167890e+02
4896	1.167520e+02
4897	1.166439e+02
4898	1.165209e+02
4899	1.163928e+02
4900	1.162301e+02
4901	1.161020e+02
4902	1.159170e+02
4903	1.157445e+02
4904	1.155416e+02
4905	1.154564e+02
4906	1.153737e+02
4907	1.152702e+02
4908	1.151704e+02
4909	1.150768e+02
4910	1.150063e+02
4911	1.149993e+02
4912	1.149468e+02
4913	1.149780e+02
4914	1.150336e+02
4915	1.151092e+02
4916	1.152389e+02
4917	1.153401e+02
4918	1.153908e+02
4919	1.156100e+02
4920	1.158236e+02
4921	1.160673e+02
4922	1.163453e+02
4923	1.166254e+02
4924	1.169847e+02
4925	1.173363e+02
4926	1.176410e+02
4927	1.178947e+02
4928	1.180624e+02
4929	1.181898e+02
4930	1.182731e+02
4931	1.182595e+02
4932	1.181925e+02
4933	1.180550e+02
4934	1.178730e+02
4935	1.176499e+02
4936	1.173550e+02
4937	1.170246e+02
4938	1.165913e+02
4939	1.161026e+02
4940	1.156988e+02
4941	1.152925e+02
4942	1.149129e+02
4943	1.145547e+02
4944	1.141334e+02
4945	1.137229e+02
4946	1.133495e+02
4947	1.129892e+02
4948	1.126312e+02
4949	1.122458e+02
4950	1.117999e+02
4951	1.113592e+02
4952	1.109310e+02
4953	1.105129e+02
4954	1.100995e+02
4955	1.096386e+02
4956	1.091839e+02
4957	1.086690e+02
4958	1.082562e+02
4959	1.079798e+02
4960	1.078258e+02
4961	1.077809e+02
4962	1.078148e+02
4963	1.079255e+02
4964	1.081717e+02
4965	1.085354e+02
4966	1.089249e+02
4967	1.093421e+02
4968	1.098553e+02
4969	1.104252e+02
4970	1.111036e+02
4971	1.118647e+02
4972	1.127211e+02
4973	1.136899e+02
4974	1.146465e+02
4975	1.154793e+02
4976	1.162335e+02
4977	1.169317e+02
4978	1.175796e+02
4979	1.180499e+02
4980	1.184068e+02
4981	1.186489e+02
4982	1.188198e+02
4983	1.189360e+02
4984	1.189999e+02
4985	1.190514e+02
4986	1.190292e+02
4987	1.190085e+02
4988	1.189559e+02
4989	1.187711e+02
4990	1.185110e+02
4991	1.181205e+02
4992	1.177008e+02
4993	1.171970e+02
4994	1.165992e+02
4995	1.158031e+02
4996	1.149137e+02
4997	1.140201e+02
4998	1.129699e+02
4999	1.118550e+02
