# Step	Measurement
1	9.674050e-01
2	9.607190e-01
3	9.569849e-01
4	9.558941e-01
5	9.561089e-01
6	9.599818e-01
7	9.660945e-01
8	9.747483e-01
9	9.851723e-01
10	9.949211e-01
11	1.001896e+00
12	1.005071e+00
13	1.006024e+00
14	1.002313e+00
15	9.962045e-01
16	9.882016e-01
17	9.802239e-01
18	9.728834e-01
19	9.664109e-01
20	9.614228e-01
21	9.588521e-01
22	9.594446e-01
23	9.597291e-01
24	9.615287e-01
25	9.633866e-01
26	9.671036e-01
27	9.717147e-01
28	9.762140e-01
29	9.819687e-01
30	9.890981e-01
31	9.960298e-01
32	1.001516e+00
33	1.003658e+00
34	1.002594e+00
35	1.000382e+00
36	9.965833e-01
37	9.908714e-01
38	9.851625e-01
39	9.794503e-01
40	9.734370e-01
41	9.678675e-01
42	9.640789e-01
43	9.613454e-01
44	9.605426e-01
45	9.624825e-01
46	9.663380e-01
47	9.724195e-01
48	9.785141e-01
49	9.875329e-01
50	9.947453e-01
51	9.993288e-01
52	1.001837e+00
53	1.002071e+00
54	9.997957e-01
55	9.925709e-01
56	9.835025e-01
57	9.736486e-01
58	9.634360e-01
59	9.556854e-01
60	9.494201e-01
61	9.451606e-01
62	9.454532e-01
63	9.494935e-01
64	9.566471e-01
65	9.662690e-01
66	9.771486e-01
67	9.868173e-01
68	9.952858e-01
69	1.000182e+00
70	1.000813e+00
71	9.981186e-01
72	9.918224e-01
73	9.821485e-01
74	9.709759e-01
75	9.594645e-01
76	9.492735e-01
77	9.420007e-01
78	9.381191e-01
79	9.405081e-01
80	9.474526e-01
81	9.580217e-01
82	9.709268e-01
83	9.852654e-01
84	9.978894e-01
85	1.007760e+00
86	1.012736e+00
87	1.013210e+00
88	1.010417e+00
89	1.002646e+00
90	9.920548e-01
91	9.799398e-01
92	9.675436e-01
93	9.550878e-01
94	9.455231e-01
95	9.407876e-01
96	9.410462e-01
97	9.461188e-01
98	9.554735e-01
99	9.686274e-01
100	9.834921e-01
101	9.978270e-01
102	1.010033e+00
103	1.017993e+00
104	1.020660e+00
105	1.017249e+00
106	1.010355e+00
107	1.000960e+00
108	9.883577e-01
109	9.730350e-01
110	9.576244e-01
111	9.448021e-01
112	9.379592e-01
113	9.375642e-01
114	9.418878e-01
115	9.516534e-01
116	9.639819e-01
117	9.762687e-01
118	9.870873e-01
119	9.966720e-01
120	1.003300e+00
121	1.007074e+00
122	1.004542e+00
123	9.985928e-01
124	9.882766e-01
125	9.767574e-01
126	9.642417e-01
127	9.530229e-01
128	9.440448e-01
129	9.381000e-01
130	9.363066e-01
131	9.389586e-01
132	9.458465e-01
133	9.551250e-01
134	9.673610e-01
135	9.797809e-01
136	9.906765e-01
137	9.986876e-01
138	1.000570e+00
139	9.987750e-01
140	9.930527e-01
141	9.848366e-01
142	9.737984e-01
143	9.617031e-01
144	9.508430e-01
145	9.429473e-01
146	9.385981e-01
147	9.383408e-01
148	9.416747e-01
149	9.474605e-01
150	9.571289e-01
151	9.704490e-01
152	9.845825e-01
153	9.972804e-01
154	1.007752e+00
155	1.014552e+00
156	1.017335e+00
157	1.015846e+00
158	1.009571e+00
159	9.994450e-01
160	9.864922e-01
161	9.723383e-01
162	9.581786e-01
163	9.482682e-01
164	9.433346e-01
165	9.428680e-01
166	9.457567e-01
167	9.527933e-01
168	9.639153e-01
169	9.775879e-01
170	9.919344e-01
171	1.005562e+00
172	1.015111e+00
173	1.021013e+00
174	1.022867e+00
175	1.020039e+00
176	1.013925e+00
177	1.005271e+00
178	9.927613e-01
179	9.786432e-01
180	9.666775e-01
181	9.565395e-01
182	9.494451e-01
183	9.475341e-01
184	9.491612e-01
185	9.551035e-01
186	9.645602e-01
187	9.754860e-01
188	9.873709e-01
189	9.981790e-01
190	1.007317e+00
191	1.013395e+00
192	1.016410e+00
193	1.014024e+00
194	1.006861e+00
195	9.969282e-01
196	9.841530e-01
197	9.708556e-01
198	9.587056e-01
199	9.481334e-01
200	9.409437e-01
201	9.380158e-01
202	9.409647e-01
203	9.481620e-01
204	9.594483e-01
205	9.711734e-01
206	9.835875e-01
207	9.952956e-01
208	1.004771e+00
209	1.010145e+00
210	1.010172e+00
211	1.005360e+00
212	9.960039e-01
213	9.851870e-01
214	9.733955e-01
215	9.627018e-01
216	9.533452e-01
217	9.471711e-01
218	9.445584e-01
219	9.450238e-01
220	9.496892e-01
221	9.584031e-01
222	9.698220e-01
223	9.810464e-01
224	9.917932e-01
225	1.000732e+00
226	1.008693e+00
227	1.012418e+00
228	1.010539e+00
229	1.006267e+00
230	9.987414e-01
231	9.894328e-01
232	9.795293e-01
233	9.698664e-01
234	9.626280e-01
235	9.569237e-01
236	9.543849e-01
237	9.550795e-01
238	9.583378e-01
239	9.662216e-01
240	9.758462e-01
241	9.859622e-01
242	9.947306e-01
243	1.001365e+00
244	1.006386e+00
245	1.007870e+00
246	1.004949e+00
247	9.989328e-01
248	9.898187e-01
249	9.803024e-01
250	9.704235e-01
251	9.611863e-01
252	9.548783e-01
253	9.526588e-01
254	9.535916e-01
255	9.577355e-01
256	9.654182e-01
257	9.743890e-01
258	9.846580e-01
259	9.935173e-01
260	9.995010e-01
261	1.000356e+00
262	9.972260e-01
263	9.935817e-01
264	9.870547e-01
265	9.789894e-01
266	9.705079e-01
267	9.622319e-01
268	9.548030e-01
269	9.490265e-01
270	9.481554e-01
271	9.516508e-01
272	9.575065e-01
273	9.637383e-01
274	9.713403e-01
275	9.792436e-01
276	9.880879e-01
277	9.972554e-01
278	1.003872e+00
279	1.008929e+00
280	1.012465e+00
281	1.011997e+00
282	1.010474e+00
283	1.005073e+00
284	9.955444e-01
285	9.839973e-01
286	9.707331e-01
287	9.599609e-01
288	9.512931e-01
289	9.450762e-01
290	9.440246e-01
291	9.490443e-01
292	9.569273e-01
293	9.665715e-01
294	9.782198e-01
295	9.895327e-01
296	1.000620e+00
297	1.008642e+00
298	1.012684e+00
299	1.014172e+00
300	1.012045e+00
301	1.005933e+00
302	9.973553e-01
303	9.890401e-01
304	9.791857e-01
305	9.707275e-01
306	9.640827e-01
307	9.597031e-01
308	9.571438e-01
309	9.582174e-01
310	9.617068e-01
311	9.693879e-01
312	9.789068e-01
313	9.889000e-01
314	9.982498e-01
315	1.005951e+00
316	1.009442e+00
317	1.010442e+00
318	1.007156e+00
319	1.001258e+00
320	9.934329e-01
321	9.832717e-01
322	9.723819e-01
323	9.625813e-01
324	9.536962e-01
325	9.472572e-01
326	9.434788e-01
327	9.449432e-01
328	9.482003e-01
329	9.529485e-01
330	9.604714e-01
331	9.688715e-01
332	9.772969e-01
333	9.846090e-01
334	9.915618e-01
335	9.957853e-01
336	9.981225e-01
337	9.987609e-01
338	9.964478e-01
339	9.921006e-01
340	9.868447e-01
341	9.787305e-01
342	9.691427e-01
343	9.606018e-01
344	9.548067e-01
345	9.513276e-01
346	9.515524e-01
347	9.549987e-01
348	9.619814e-01
349	9.716991e-01
350	9.821065e-01
351	9.914181e-01
352	1.000102e+00
353	1.005693e+00
354	1.008495e+00
355	1.007469e+00
356	1.003271e+00
357	9.965297e-01
358	9.856887e-01
359	9.737823e-01
360	9.634373e-01
361	9.546796e-01
362	9.494408e-01
363	9.496100e-01
364	9.548903e-01
365	9.634304e-01
366	9.749566e-01
367	9.871785e-01
368	9.989861e-01
369	1.007882e+00
370	1.012918e+00
371	1.013553e+00
372	1.010781e+00
373	1.005634e+00
374	9.976533e-01
375	9.866261e-01
376	9.746928e-01
377	9.634292e-01
378	9.553517e-01
379	9.514431e-01
380	9.524193e-01
381	9.592963e-01
382	9.682395e-01
383	9.780616e-01
384	9.900593e-01
385	1.000785e+00
386	1.008594e+00
387	1.011162e+00
388	1.010378e+00
389	1.004892e+00
390	9.962531e-01
391	9.858387e-01
392	9.738234e-01
393	9.627638e-01
394	9.549294e-01
395	9.501903e-01
396	9.506290e-01
397	9.551684e-01
398	9.632875e-01
399	9.735538e-01
400	9.842184e-01
401	9.946560e-01
402	1.002108e+00
403	1.007273e+00
404	1.009257e+00
405	1.005408e+00
406	9.993844e-01
407	9.908788e-01
408	9.820021e-01
409	9.714233e-01
410	9.618102e-01
411	9.545423e-01
412	9.489662e-01
413	9.464262e-01
414	9.476975e-01
415	9.519108e-01
416	9.604237e-01
417	9.712799e-01
418	9.832909e-01
419	9.950195e-01
420	1.002423e+00
421	1.006808e+00
422	1.007957e+00
423	1.005353e+00
424	9.994757e-01
425	9.905468e-01
426	9.793425e-01
427	9.664752e-01
428	9.535826e-01
429	9.449789e-01
430	9.386709e-01
431	9.372439e-01
432	9.409330e-01
433	9.486721e-01
434	9.605408e-01
435	9.738777e-01
436	9.868361e-01
437	9.973257e-01
438	1.004902e+00
439	1.009261e+00
440	1.009777e+00
441	1.007063e+00
442	1.001413e+00
443	9.922787e-01
444	9.802599e-01
445	9.674866e-01
446	9.545694e-01
447	9.445159e-01
448	9.377937e-01
449	9.354448e-01
450	9.374893e-01
451	9.437484e-01
452	9.547959e-01
453	9.694790e-01
454	9.830229e-01
455	9.960700e-01
456	1.007915e+00
457	1.016949e+00
458	1.021628e+00
459	1.020455e+00
460	1.015401e+00
461	1.004728e+00
462	9.887739e-01
463	9.712077e-01
464	9.549035e-01
465	9.428403e-01
466	9.348602e-01
467	9.321992e-01
468	9.352485e-01
469	9.456672e-01
470	9.595106e-01
471	9.760114e-01
472	9.918237e-01
473	1.006132e+00
474	1.016517e+00
475	1.022596e+00
476	1.024013e+00
477	1.020957e+00
478	1.015603e+00
479	1.007166e+00
480	9.950790e-01
481	9.795466e-01
482	9.635225e-01
483	9.500357e-01
484	9.396502e-01
485	9.344517e-01
486	9.327295e-01
487	9.365318e-01
488	9.466731e-01
489	9.587799e-01
490	9.739432e-01
491	9.898893e-01
492	1.003565e+00
493	1.013924e+00
494	1.019856e+00
495	1.021060e+00
496	1.017410e+00
497	1.009504e+00
498	9.973057e-01
499	9.846076e-01
500	9.721492e-01
501	9.590599e-01
502	9.475113e-01
503	9.390439e-01
504	9.369823e-01
505	9.409444e-01
506	9.482895e-01
507	9.591986e-01
508	9.711281e-01
509	9.842965e-01
510	9.951354e-01
511	1.003996e+00
512	1.010132e+00
513	1.011641e+00
514	1.010502e+00
515	1.004876e+00
516	9.957704e-01
517	9.845925e-01
518	9.715172e-01
519	9.594817e-01
520	9.492423e-01
521	9.414807e-01
522	9.396156e-01
523	9.442257e-01
524	9.530518e-01
525	9.657823e-01
526	9.808626e-01
527	9.960021e-01
528	1.009975e+00
529	1.020759e+00
530	1.027473e+00
531	1.030474e+00
532	1.029816e+00
533	1.023750e+00
534	1.012895e+00
535	9.985680e-01
536	9.828270e-01
537	9.663325e-01
538	9.521522e-01
539	9.427614e-01
540	9.390661e-01
541	9.413941e-01
542	9.488261e-01
543	9.609891e-01
544	9.745826e-01
545	9.892317e-01
546	1.004227e+00
547	1.016649e+00
548	1.024705e+00
549	1.026433e+00
550	1.023979e+00
551	1.016110e+00
552	1.004718e+00
553	9.894852e-01
554	9.735391e-01
555	9.584756e-01
556	9.459176e-01
557	9.367289e-01
558	9.326173e-01
559	9.362911e-01
560	9.467482e-01
561	9.596621e-01
562	9.745615e-01
563	9.908772e-01
564	1.003476e+00
565	1.010796e+00
566	1.012890e+00
567	1.010430e+00
568	1.002777e+00
569	9.914663e-01
570	9.782840e-01
571	9.643405e-01
572	9.514039e-01
573	9.418655e-01
574	9.362603e-01
575	9.353491e-01
576	9.392232e-01
577	9.489715e-01
578	9.612189e-01
579	9.755688e-01
580	9.899486e-01
581	1.002102e+00
582	1.012332e+00
583	1.017962e+00
584	1.019421e+00
585	1.017077e+00
586	1.009625e+00
587	1.000070e+00
588	9.896882e-01
589	9.773102e-01
590	9.645985e-01
591	9.514240e-01
592	9.406391e-01
593	9.352674e-01
594	9.342305e-01
595	9.400572e-01
596	9.510511e-01
597	9.653755e-01
598	9.815269e-01
599	9.953381e-01
600	1.007316e+00
601	1.016982e+00
602	1.022604e+00
603	1.024479e+00
604	1.020705e+00
605	1.012740e+00
606	1.001965e+00
607	9.896623e-01
608	9.771231e-01
609	9.645066e-01
610	9.532422e-01
611	9.449749e-01
612	9.413565e-01
613	9.416511e-01
614	9.445939e-01
615	9.507354e-01
616	9.605530e-01
617	9.711652e-01
618	9.818295e-01
619	9.919597e-01
620	9.989071e-01
621	1.004576e+00
622	1.007038e+00
623	1.004048e+00
624	9.964995e-01
625	9.867294e-01
626	9.767747e-01
627	9.669212e-01
628	9.587505e-01
629	9.544949e-01
630	9.538432e-01
631	9.554384e-01
632	9.592724e-01
633	9.669983e-01
634	9.778081e-01
635	9.898913e-01
636	1.000872e+00
637	1.009084e+00
638	1.013818e+00
639	1.014512e+00
640	1.013407e+00
641	1.008481e+00
642	1.002062e+00
643	9.940405e-01
644	9.851621e-01
645	9.741986e-01
646	9.640959e-01
647	9.572229e-01
648	9.531698e-01
649	9.545773e-01
650	9.586710e-01
651	9.657650e-01
652	9.746674e-01
653	9.859171e-01
654	9.970618e-01
655	1.006474e+00
656	1.010779e+00
657	1.009707e+00
658	1.004302e+00
659	9.952656e-01
660	9.838881e-01
661	9.722148e-01
662	9.623328e-01
663	9.549981e-01
664	9.499128e-01
665	9.479857e-01
666	9.499119e-01
667	9.537451e-01
668	9.603068e-01
669	9.693249e-01
670	9.800849e-01
671	9.896932e-01
672	9.977999e-01
673	1.003212e+00
674	1.005072e+00
675	1.002352e+00
676	9.952614e-01
677	9.846157e-01
678	9.717066e-01
679	9.590688e-01
680	9.489389e-01
681	9.423870e-01
682	9.408703e-01
683	9.427461e-01
684	9.478211e-01
685	9.549691e-01
686	9.645099e-01
687	9.751996e-01
688	9.872838e-01
689	9.975787e-01
690	1.003278e+00
691	1.006314e+00
692	1.005791e+00
693	9.998580e-01
694	9.907677e-01
695	9.799216e-01
696	9.675572e-01
697	9.576767e-01
698	9.492713e-01
699	9.433445e-01
700	9.415511e-01
701	9.450921e-01
702	9.538167e-01
703	9.644183e-01
704	9.773027e-01
705	9.891578e-01
706	9.987710e-01
707	1.006189e+00
708	1.009798e+00
709	1.008109e+00
710	1.002591e+00
711	9.947779e-01
712	9.840203e-01
713	9.728299e-01
714	9.629946e-01
715	9.539728e-01
716	9.466247e-01
717	9.429695e-01
718	9.442111e-01
719	9.492708e-01
720	9.566524e-01
721	9.656597e-01
722	9.753642e-01
723	9.850797e-01
724	9.931185e-01
725	9.979507e-01
726	9.991151e-01
727	9.977517e-01
728	9.919924e-01
729	9.846835e-01
730	9.769177e-01
731	9.689133e-01
732	9.630601e-01
733	9.583572e-01
734	9.552201e-01
735	9.542339e-01
736	9.558136e-01
737	9.606385e-01
738	9.659168e-01
739	9.723107e-01
740	9.788888e-01
741	9.847752e-01
742	9.885307e-01
743	9.911258e-01
744	9.913306e-01
745	9.898666e-01
746	9.867203e-01
747	9.814775e-01
748	9.742477e-01
749	9.674363e-01
750	9.621145e-01
751	9.565182e-01
752	9.524412e-01
753	9.508337e-01
754	9.530498e-01
755	9.576180e-01
756	9.626215e-01
757	9.696603e-01
758	9.765690e-01
759	9.833616e-01
760	9.887412e-01
761	9.935530e-01
762	9.957954e-01
763	9.946124e-01
764	9.895733e-01
765	9.816593e-01
766	9.726179e-01
767	9.639977e-01
768	9.570182e-01
769	9.514947e-01
770	9.494396e-01
771	9.500223e-01
772	9.524806e-01
773	9.589496e-01
774	9.682490e-01
775	9.795810e-01
776	9.904648e-01
777	9.989924e-01
778	1.004057e+00
779	1.006143e+00
780	1.004475e+00
781	9.984705e-01
782	9.906923e-01
783	9.816873e-01
784	9.707231e-01
785	9.614985e-01
786	9.528965e-01
787	9.466136e-01
788	9.432172e-01
789	9.431181e-01
790	9.474546e-01
791	9.547372e-01
792	9.640869e-01
793	9.745600e-01
794	9.845960e-01
795	9.927843e-01
796	9.997941e-01
797	1.003493e+00
798	1.004088e+00
799	1.001314e+00
800	9.944994e-01
801	9.848475e-01
802	9.743242e-01
803	9.635631e-01
804	9.546237e-01
805	9.472328e-01
806	9.450872e-01
807	9.471699e-01
808	9.532117e-01
809	9.617063e-01
810	9.707086e-01
811	9.794703e-01
812	9.853514e-01
813	9.893719e-01
814	9.899211e-01
815	9.868055e-01
816	9.808678e-01
817	9.737736e-01
818	9.664122e-01
819	9.597571e-01
820	9.540524e-01
821	9.505472e-01
822	9.498144e-01
823	9.522605e-01
824	9.569435e-01
825	9.648822e-01
826	9.732467e-01
827	9.823682e-01
828	9.901667e-01
829	9.945450e-01
830	9.956298e-01
831	9.936399e-01
832	9.896953e-01
833	9.833592e-01
834	9.744674e-01
835	9.648607e-01
836	9.559483e-01
837	9.487189e-01
838	9.442472e-01
839	9.441298e-01
840	9.482961e-01
841	9.556724e-01
842	9.649113e-01
843	9.731689e-01
844	9.809444e-01
845	9.886635e-01
846	9.937884e-01
847	9.973011e-01
848	9.984638e-01
849	9.960221e-01
850	9.926444e-01
851	9.864460e-01
852	9.779948e-01
853	9.698487e-01
854	9.612818e-01
855	9.555449e-01
856	9.534707e-01
857	9.537210e-01
858	9.555556e-01
859	9.609460e-01
860	9.687981e-01
861	9.784202e-01
862	9.872832e-01
863	9.959448e-01
864	1.001300e+00
865	1.004065e+00
866	1.003605e+00
867	1.000731e+00
868	9.950717e-01
869	9.854951e-01
870	9.748239e-01
871	9.656372e-01
872	9.567750e-01
873	9.506484e-01
874	9.483350e-01
875	9.495542e-01
876	9.539234e-01
877	9.625137e-01
878	9.715574e-01
879	9.809588e-01
880	9.902982e-01
881	9.989829e-01
882	1.004330e+00
883	1.006013e+00
884	1.003746e+00
885	9.974659e-01
886	9.883341e-01
887	9.782555e-01
888	9.680881e-01
889	9.608567e-01
890	9.549066e-01
891	9.518018e-01
892	9.516033e-01
893	9.547727e-01
894	9.598109e-01
895	9.656631e-01
896	9.720548e-01
897	9.772964e-01
898	9.828452e-01
899	9.864745e-01
900	9.861700e-01
901	9.840272e-01
902	9.794372e-01
903	9.736006e-01
904	9.688041e-01
905	9.630434e-01
906	9.595564e-01
907	9.566973e-01
908	9.549365e-01
909	9.548799e-01
910	9.563720e-01
911	9.595805e-01
912	9.649450e-01
913	9.710061e-01
914	9.747391e-01
915	9.782845e-01
916	9.821310e-01
917	9.847863e-01
918	9.857475e-01
919	9.828315e-01
920	9.776425e-01
921	9.709138e-01
922	9.644122e-01
923	9.597136e-01
924	9.567932e-01
925	9.574010e-01
926	9.603751e-01
927	9.670004e-01
928	9.751166e-01
929	9.841269e-01
930	9.916885e-01
931	9.973343e-01
932	1.001093e+00
933	1.002771e+00
934	9.997943e-01
935	9.954602e-01
936	9.892135e-01
937	9.831161e-01
938	9.750445e-01
939	9.667526e-01
940	9.607430e-01
941	9.576958e-01
942	9.573051e-01
943	9.593327e-01
944	9.644935e-01
945	9.713181e-01
946	9.788025e-01
947	9.865761e-01
948	9.956311e-01
949	1.002188e+00
950	1.004779e+00
951	1.004658e+00
952	1.002877e+00
953	9.999183e-01
954	9.966550e-01
955	9.921077e-01
956	9.862538e-01
957	9.787943e-01
958	9.723713e-01
959	9.666642e-01
960	9.616253e-01
961	9.587270e-01
962	9.566279e-01
963	9.567658e-01
964	9.602683e-01
965	9.664123e-01
966	9.742532e-01
967	9.804477e-01
968	9.866975e-01
969	9.915954e-01
970	9.947371e-01
971	9.953387e-01
972	9.947011e-01
973	9.920685e-01
974	9.866079e-01
975	9.800624e-01
976	9.725835e-01
977	9.650191e-01
978	9.583054e-01
979	9.530777e-01
980	9.515246e-01
981	9.526638e-01
982	9.553536e-01
983	9.601500e-01
984	9.659728e-01
985	9.717597e-01
986	9.777745e-01
987	9.837399e-01
988	9.876895e-01
989	9.893169e-01
990	9.904036e-01
991	9.915138e-01
992	9.911484e-01
993	9.896385e-01
994	9.861768e-01
995	9.823507e-01
996	9.789074e-01
997	9.745868e-01
998	9.719791e-01
999	9.697653e-01
1000	9.698704e-01
1001	9.714637e-01
1002	9.757037e-01
1003	9.818517e-01
1004	9.885293e-01
1005	9.955428e-01
1006	1.002731e+00
1007	1.008893e+00
1008	1.011900e+00
1009	1.011669e+00
1010	1.008931e+00
1011	1.003391e+00
1012	9.964459e-01
1013	9.877646e-01
1014	9.787053e-01
1015	9.709321e-01
1016	9.652606e-01
1017	9.614369e-01
1018	9.617988e-01
1019	9.648442e-01
1020	9.711144e-01
1021	9.768854e-01
1022	9.835962e-01
1023	9.903616e-01
1024	9.963088e-01
1025	1.000823e+00
1026	1.004282e+00
1027	1.006185e+00
1028	1.005945e+00
1029	1.004303e+00
1030	1.001581e+00
1031	9.983547e-01
1032	9.940330e-01
1033	9.888986e-01
1034	9.832429e-01
1035	9.767744e-01
1036	9.723965e-01
1037	9.707480e-01
1038	9.719928e-01
1039	9.736698e-01
1040	9.765805e-01
1041	9.798071e-01
1042	9.852337e-01
1043	9.899692e-01
1044	9.936952e-01
1045	9.936276e-01
1046	9.898231e-01
1047	9.841217e-01
1048	9.761163e-01
1049	9.696569e-01
1050	9.618734e-01
1051	9.562267e-01
1052	9.528556e-01
1053	9.528903e-01
1054	9.558283e-01
1055	9.613717e-01
1056	9.689695e-01
1057	9.764022e-01
1058	9.839086e-01
1059	9.915150e-01
1060	9.968266e-01
1061	9.983776e-01
1062	9.982328e-01
1063	9.957528e-01
1064	9.895240e-01
1065	9.800572e-01
1066	9.694728e-01
1067	9.608775e-01
1068	9.551254e-01
1069	9.526382e-01
1070	9.535951e-01
1071	9.588175e-01
1072	9.668609e-01
1073	9.757008e-01
1074	9.843309e-01
1075	9.931398e-01
1076	1.001278e+00
1077	1.006154e+00
1078	1.006833e+00
1079	1.004310e+00
1080	9.979615e-01
1081	9.895483e-01
1082	9.810016e-01
1083	9.738239e-01
1084	9.684608e-01
1085	9.628603e-01
1086	9.582145e-01
1087	9.556198e-01
1088	9.548146e-01
1089	9.563539e-01
1090	9.607578e-01
1091	9.672069e-01
1092	9.765323e-01
1093	9.863912e-01
1094	9.950394e-01
1095	1.000069e+00
1096	1.001083e+00
1097	9.994647e-01
1098	9.944942e-01
1099	9.868948e-01
1100	9.762456e-01
1101	9.669593e-01
1102	9.598641e-01
1103	9.541113e-01
1104	9.522144e-01
1105	9.547435e-01
1106	9.589324e-01
1107	9.649732e-01
1108	9.712569e-01
1109	9.779180e-01
1110	9.852360e-01
1111	9.914545e-01
1112	9.960492e-01
1113	9.983586e-01
1114	9.970221e-01
1115	9.911179e-01
1116	9.828786e-01
1117	9.725380e-01
1118	9.628633e-01
1119	9.551705e-01
1120	9.499655e-01
1121	9.477056e-01
1122	9.486175e-01
1123	9.539190e-01
1124	9.619812e-01
1125	9.712588e-01
1126	9.816039e-01
1127	9.919369e-01
1128	1.002022e+00
1129	1.008072e+00
1130	1.011862e+00
1131	1.013370e+00
1132	1.011500e+00
1133	1.008195e+00
1134	1.002835e+00
1135	9.952795e-01
1136	9.857103e-01
1137	9.747650e-01
1138	9.641048e-01
1139	9.552218e-01
1140	9.489207e-01
1141	9.453331e-01
1142	9.469673e-01
1143	9.531948e-01
1144	9.623075e-01
1145	9.732008e-01
1146	9.861350e-01
1147	9.967469e-01
1148	1.007684e+00
1149	1.017736e+00
1150	1.025414e+00
1151	1.028128e+00
1152	1.025008e+00
1153	1.018043e+00
1154	1.007362e+00
1155	9.958212e-01
1156	9.852332e-01
1157	9.720061e-01
1158	9.613307e-01
1159	9.522945e-01
1160	9.471030e-01
1161	9.467608e-01
1162	9.502598e-01
1163	9.575300e-01
1164	9.670453e-01
1165	9.781045e-01
1166	9.884839e-01
1167	9.965374e-01
1168	1.001496e+00
1169	1.003704e+00
1170	1.003416e+00
1171	1.001031e+00
1172	9.945579e-01
1173	9.869301e-01
1174	9.773626e-01
1175	9.664021e-01
1176	9.558878e-01
1177	9.475460e-01
1178	9.412128e-01
1179	9.379373e-01
1180	9.388401e-01
1181	9.461056e-01
1182	9.558650e-01
1183	9.687960e-01
1184	9.821905e-01
1185	9.927152e-01
1186	1.001239e+00
1187	1.005152e+00
1188	1.003478e+00
1189	9.980081e-01
1190	9.885585e-01
1191	9.782911e-01
1192	9.668104e-01
1193	9.558538e-01
1194	9.470372e-01
1195	9.396381e-01
1196	9.355685e-01
1197	9.365064e-01
1198	9.402808e-01
1199	9.476423e-01
1200	9.579563e-01
1201	9.685796e-01
1202	9.789175e-01
1203	9.881713e-01
1204	9.946524e-01
1205	9.993704e-01
1206	1.002274e+00
1207	1.001745e+00
1208	9.964491e-01
1209	9.878227e-01
1210	9.785642e-01
1211	9.673832e-01
1212	9.574700e-01
1213	9.502012e-01
1214	9.464937e-01
1215	9.454807e-01
1216	9.482048e-01
1217	9.539042e-01
1218	9.632227e-01
1219	9.729348e-01
1220	9.843056e-01
1221	9.950530e-01
1222	1.004897e+00
1223	1.011157e+00
1224	1.013537e+00
1225	1.012249e+00
1226	1.007617e+00
1227	1.000289e+00
1228	9.902935e-01
1229	9.787688e-01
1230	9.689910e-01
1231	9.617236e-01
1232	9.579698e-01
1233	9.565611e-01
1234	9.576921e-01
1235	9.609521e-01
1236	9.659836e-01
1237	9.733037e-01
1238	9.823130e-01
1239	9.908044e-01
1240	9.986647e-01
1241	1.004888e+00
1242	1.007644e+00
1243	1.005700e+00
1244	9.995191e-01
1245	9.916644e-01
1246	9.836319e-01
1247	9.750663e-01
1248	9.689184e-01
1249	9.646202e-01
1250	9.627890e-01
1251	9.626098e-01
1252	9.648643e-01
1253	9.685059e-01
1254	9.750313e-01
1255	9.833452e-01
1256	9.881140e-01
1257	9.920524e-01
1258	9.928757e-01
1259	9.920468e-01
1260	9.877375e-01
1261	9.816473e-01
1262	9.753833e-01
1263	9.695012e-01
1264	9.660554e-01
1265	9.632066e-01
1266	9.620313e-01
1267	9.620271e-01
1268	9.654038e-01
1269	9.698430e-01
1270	9.734664e-01
1271	9.769629e-01
1272	9.806534e-01
1273	9.828401e-01
1274	9.842226e-01
1275	9.813349e-01
1276	9.783702e-01
1277	9.771267e-01
1278	9.743861e-01
1279	9.730409e-01
1280	9.688465e-01
1281	9.656246e-01
1282	9.641726e-01
1283	9.647335e-01
1284	9.649545e-01
1285	9.656613e-01
1286	9.671573e-01
1287	9.695486e-01
1288	9.713137e-01
1289	9.730017e-01
1290	9.737565e-01
1291	9.754541e-01
1292	9.769870e-01
1293	9.780141e-01
1294	9.783521e-01
1295	9.771510e-01
1296	9.754739e-01
1297	9.735732e-01
1298	9.722953e-01
1299	9.696367e-01
1300	9.685494e-01
1301	9.683864e-01
1302	9.695181e-01
1303	9.723441e-01
1304	9.763550e-01
1305	9.804324e-01
1306	9.835764e-01
1307	9.870543e-01
1308	9.870563e-01
1309	9.848001e-01
1310	9.800862e-01
1311	9.732876e-01
1312	9.664663e-01
1313	9.599530e-01
1314	9.555793e-01
1315	9.527849e-01
1316	9.523803e-01
1317	9.537468e-01
1318	9.561364e-01
1319	9.620175e-01
1320	9.692959e-01
1321	9.760452e-01
1322	9.821481e-01
1323	9.874394e-01
1324	9.916831e-01
1325	9.955194e-01
1326	9.974140e-01
1327	9.972646e-01
1328	9.951536e-01
1329	9.915994e-01
1330	9.855116e-01
1331	9.771471e-01
1332	9.685207e-01
1333	9.607706e-01
1334	9.550545e-01
1335	9.537355e-01
1336	9.547174e-01
1337	9.597685e-01
1338	9.671414e-01
1339	9.772528e-01
1340	9.877068e-01
1341	9.973974e-01
1342	1.004535e+00
1343	1.009403e+00
1344	1.010606e+00
1345	1.009118e+00
1346	1.003655e+00
1347	9.953880e-01
1348	9.857780e-01
1349	9.761775e-01
1350	9.682265e-01
1351	9.611831e-01
1352	9.556178e-01
1353	9.546968e-01
1354	9.550449e-01
1355	9.585654e-01
1356	9.641317e-01
1357	9.708399e-01
1358	9.772601e-01
1359	9.834271e-01
1360	9.902189e-01
1361	9.947292e-01
1362	9.966164e-01
1363	9.974517e-01
1364	9.947950e-01
1365	9.876616e-01
1366	9.807693e-01
1367	9.734845e-01
1368	9.654808e-01
1369	9.579193e-01
1370	9.531112e-01
1371	9.517305e-01
1372	9.536730e-01
1373	9.576133e-01
1374	9.628219e-01
1375	9.683579e-01
1376	9.733594e-01
1377	9.783091e-01
1378	9.831851e-01
1379	9.857884e-01
1380	9.879090e-01
1381	9.869858e-01
1382	9.844119e-01
1383	9.780503e-01
1384	9.724718e-01
1385	9.668075e-01
1386	9.612961e-01
1387	9.568129e-01
1388	9.533902e-01
1389	9.518079e-01
1390	9.520453e-01
1391	9.537928e-01
1392	9.573324e-01
1393	9.623911e-01
1394	9.670069e-01
1395	9.708657e-01
1396	9.743191e-01
1397	9.775798e-01
1398	9.790322e-01
1399	9.787297e-01
1400	9.770558e-01
1401	9.730254e-01
1402	9.696521e-01
1403	9.658809e-01
1404	9.629886e-01
1405	9.605669e-01
1406	9.594699e-01
1407	9.596559e-01
1408	9.611071e-01
1409	9.633217e-01
1410	9.671892e-01
1411	9.696659e-01
1412	9.725090e-01
1413	9.755409e-01
1414	9.788401e-01
1415	9.812272e-01
1416	9.826906e-01
1417	9.830508e-01
1418	9.824321e-01
1419	9.795004e-01
1420	9.754356e-01
1421	9.699683e-01
1422	9.652070e-01
1423	9.624310e-01
1424	9.617631e-01
1425	9.621622e-01
1426	9.636834e-01
1427	9.646572e-01
1428	9.667718e-01
1429	9.679066e-01
1430	9.710444e-01
1431	9.727001e-01
1432	9.754908e-01
1433	9.778229e-01
1434	9.790580e-01
1435	9.788540e-01
1436	9.791738e-01
1437	9.789217e-01
1438	9.777942e-01
1439	9.760046e-01
1440	9.739201e-01
1441	9.732528e-01
1442	9.719911e-01
1443	9.706084e-01
1444	9.685836e-01
1445	9.668143e-01
1446	9.663774e-01
1447	9.662788e-01
1448	9.680759e-01
1449	9.704316e-01
1450	9.729167e-01
1451	9.738388e-01
1452	9.736228e-01
1453	9.726440e-01
1454	9.714941e-01
1455	9.711442e-01
1456	9.705627e-01
1457	9.703860e-01
1458	9.692228e-01
1459	9.678783e-01
1460	9.666292e-01
1461	9.653108e-01
1462	9.646009e-01
1463	9.643385e-01
1464	9.647576e-01
1465	9.653598e-01
1466	9.666406e-01
1467	9.697886e-01
1468	9.702434e-01
1469	9.722330e-01
1470	9.737850e-01
1471	9.752290e-01
1472	9.742205e-01
1473	9.723245e-01
1474	9.692903e-01
1475	9.676436e-01
1476	9.657144e-01
1477	9.652139e-01
1478	9.648886e-01
1479	9.649764e-01
1480	9.668203e-01
1481	9.688049e-01
1482	9.692811e-01
1483	9.682423e-01
1484	9.669686e-01
1485	9.670137e-01
1486	9.670976e-01
1487	9.661529e-01
1488	9.663490e-01
1489	9.675229e-01
1490	9.702647e-01
1491	9.731814e-01
1492	9.767031e-01
1493	9.802981e-01
1494	9.827171e-01
1495	9.822346e-01
1496	9.809178e-01
1497	9.788184e-01
1498	9.760978e-01
1499	9.737630e-01
1500	9.733313e-01
1501	9.737080e-01
1502	9.758659e-01
1503	9.761224e-01
1504	9.761174e-01
1505	9.764139e-01
1506	9.771844e-01
1507	9.795646e-01
1508	9.822928e-01
1509	9.850485e-01
1510	9.867779e-01
1511	9.865941e-01
1512	9.855203e-01
1513	9.837318e-01
1514	9.819512e-01
1515	9.786459e-01
1516	9.751710e-01
1517	9.717896e-01
1518	9.700989e-01
1519	9.695591e-01
1520	9.700393e-01
1521	9.716055e-01
1522	9.755598e-01
1523	9.792692e-01
1524	9.829222e-01
1525	9.857348e-01
1526	9.876563e-01
1527	9.881337e-01
1528	9.886919e-01
1529	9.887512e-01
1530	9.871973e-01
1531	9.848185e-01
1532	9.810833e-01
1533	9.757562e-01
1534	9.702852e-01
1535	9.637916e-01
1536	9.589376e-01
1537	9.563762e-01
1538	9.552885e-01
1539	9.576290e-01
1540	9.621159e-01
1541	9.689843e-01
1542	9.776650e-01
1543	9.866091e-01
1544	9.951188e-01
1545	1.001008e+00
1546	1.003381e+00
1547	1.001425e+00
1548	9.964833e-01
1549	9.890741e-01
1550	9.817967e-01
1551	9.738434e-01
1552	9.669127e-01
1553	9.611439e-01
1554	9.587630e-01
1555	9.583120e-01
1556	9.604235e-01
1557	9.629548e-01
1558	9.661860e-01
1559	9.723344e-01
1560	9.797517e-01
1561	9.872305e-01
1562	9.940880e-01
1563	9.993865e-01
1564	1.000605e+00
1565	9.989979e-01
1566	9.961902e-01
1567	9.889442e-01
1568	9.792540e-01
1569	9.695783e-01
1570	9.611973e-01
1571	9.553535e-01
1572	9.525507e-01
1573	9.505879e-01
1574	9.508207e-01
1575	9.537856e-01
1576	9.583962e-01
1577	9.656967e-01
1578	9.734953e-01
1579	9.800077e-01
1580	9.847242e-01
1581	9.883197e-01
1582	9.879296e-01
1583	9.853849e-01
1584	9.827206e-01
1585	9.800487e-01
1586	9.760319e-01
1587	9.722729e-01
1588	9.695648e-01
1589	9.681314e-01
1590	9.682926e-01
1591	9.679306e-01
1592	9.695517e-01
1593	9.726766e-01
1594	9.758561e-01
1595	9.801718e-01
1596	9.835402e-01
1597	9.867912e-01
1598	9.892599e-01
1599	9.905550e-01
1600	9.912613e-01
1601	9.904576e-01
1602	9.896775e-01
1603	9.882653e-01
1604	9.864963e-01
1605	9.843565e-01
1606	9.803742e-01
1607	9.754011e-01
1608	9.715427e-01
1609	9.704042e-01
1610	9.717819e-01
1611	9.725394e-01
1612	9.735433e-01
1613	9.744520e-01
1614	9.761125e-01
1615	9.782907e-01
1616	9.787809e-01
1617	9.800890e-01
1618	9.825773e-01
1619	9.848157e-01
1620	9.863835e-01
1621	9.867975e-01
1622	9.852369e-01
1623	9.827136e-01
1624	9.792142e-01
1625	9.745187e-01
1626	9.722454e-01
1627	9.719567e-01
1628	9.730462e-01
1629	9.748299e-01
1630	9.765887e-01
1631	9.772354e-01
1632	9.786191e-01
1633	9.811703e-01
1634	9.823144e-01
1635	9.825228e-01
1636	9.822992e-01
1637	9.810747e-01
1638	9.796224e-01
1639	9.784049e-01
1640	9.771570e-01
1641	9.762607e-01
1642	9.740045e-01
1643	9.731873e-01
1644	9.719889e-01
1645	9.719700e-01
1646	9.720453e-01
1647	9.722726e-01
1648	9.732836e-01
1649	9.734581e-01
1650	9.734391e-01
1651	9.746387e-01
1652	9.758671e-01
1653	9.772489e-01
1654	9.773616e-01
1655	9.771907e-01
1656	9.766568e-01
1657	9.770626e-01
1658	9.779453e-01
1659	9.783125e-01
1660	9.778376e-01
1661	9.787428e-01
1662	9.792535e-01
1663	9.779477e-01
1664	9.749582e-01
1665	9.719637e-01
1666	9.710984e-01
1667	9.693177e-01
1668	9.675048e-01
1669	9.654455e-01
1670	9.626421e-01
1671	9.606440e-01
1672	9.600144e-01
1673	9.616901e-01
1674	9.641698e-01
1675	9.680029e-01
1676	9.748207e-01
1677	9.811102e-01
1678	9.893175e-01
1679	9.948134e-01
1680	9.977048e-01
1681	9.980780e-01
1682	9.934035e-01
1683	9.871912e-01
1684	9.804391e-01
1685	9.735845e-01
1686	9.675709e-01
1687	9.628624e-01
1688	9.601226e-01
1689	9.595763e-01
1690	9.610475e-01
1691	9.643073e-01
1692	9.687587e-01
1693	9.760397e-01
1694	9.824955e-01
1695	9.887480e-01
1696	9.937426e-01
1697	9.958400e-01
1698	9.958358e-01
1699	9.939410e-01
1700	9.897797e-01
1701	9.836271e-01
1702	9.746417e-01
1703	9.679032e-01
1704	9.637165e-01
1705	9.600708e-01
1706	9.577869e-01
1707	9.579005e-01
1708	9.604741e-01
1709	9.661846e-01
1710	9.716457e-01
1711	9.780403e-01
1712	9.849732e-01
1713	9.907819e-01
1714	9.950830e-01
1715	9.978728e-01
1716	9.980939e-01
1717	9.970256e-01
1718	9.940065e-01
1719	9.889847e-01
1720	9.830724e-01
1721	9.769042e-01
1722	9.716911e-01
1723	9.667749e-01
1724	9.616485e-01
1725	9.599055e-01
1726	9.598829e-01
1727	9.628937e-01
1728	9.675987e-01
1729	9.730836e-01
1730	9.801992e-01
1731	9.862551e-01
1732	9.912557e-01
1733	9.930740e-01
1734	9.962004e-01
1735	9.970990e-01
1736	9.965751e-01
1737	9.941364e-01
1738	9.899504e-01
1739	9.849195e-01
1740	9.801064e-01
1741	9.741089e-01
1742	9.691624e-01
1743	9.653042e-01
1744	9.630647e-01
1745	9.618716e-01
1746	9.629744e-01
1747	9.658313e-01
1748	9.718235e-01
1749	9.780480e-01
1750	9.841564e-01
1751	9.885501e-01
1752	9.909577e-01
1753	9.919763e-01
1754	9.910493e-01
1755	9.872620e-01
1756	9.815302e-01
1757	9.749028e-01
1758	9.684751e-01
1759	9.632985e-01
1760	9.601968e-01
1761	9.602014e-01
1762	9.626995e-01
1763	9.687514e-01
1764	9.751830e-01
1765	9.819330e-01
1766	9.887790e-01
1767	9.941163e-01
1768	9.976835e-01
1769	1.000536e+00
1770	1.000911e+00
1771	9.997812e-01
1772	9.953207e-01
1773	9.896458e-01
1774	9.825690e-01
1775	9.740778e-01
1776	9.648630e-01
1777	9.568211e-01
1778	9.494659e-01
1779	9.456640e-01
1780	9.454046e-01
1781	9.486417e-01
1782	9.560713e-01
1783	9.653049e-01
1784	9.758505e-01
1785	9.854089e-01
1786	9.937693e-01
1787	9.996861e-01
1788	1.003170e+00
1789	1.001709e+00
1790	9.994245e-01
1791	9.940124e-01
1792	9.859351e-01
1793	9.751538e-01
1794	9.657777e-01
1795	9.567254e-01
1796	9.487894e-01
1797	9.441327e-01
1798	9.447363e-01
1799	9.500599e-01
1800	9.588193e-01
1801	9.700688e-01
1802	9.822867e-01
1803	9.952041e-01
1804	1.006151e+00
1805	1.013252e+00
1806	1.015710e+00
1807	1.014761e+00
1808	1.008020e+00
1809	9.991874e-01
1810	9.861265e-01
1811	9.730358e-01
1812	9.618459e-01
1813	9.540671e-01
1814	9.489178e-01
1815	9.479130e-01
1816	9.517260e-01
1817	9.579968e-01
1818	9.672182e-01
1819	9.785568e-01
1820	9.907983e-01
1821	1.000696e+00
1822	1.009198e+00
1823	1.013436e+00
1824	1.014673e+00
1825	1.011862e+00
1826	1.004886e+00
1827	9.945043e-01
1828	9.827520e-01
1829	9.716542e-01
1830	9.625029e-01
1831	9.559454e-01
1832	9.525769e-01
1833	9.536964e-01
1834	9.576386e-01
1835	9.625209e-01
1836	9.692797e-01
1837	9.750916e-01
1838	9.812861e-01
1839	9.880393e-01
1840	9.942210e-01
1841	9.987984e-01
1842	1.001760e+00
1843	9.998685e-01
1844	9.954880e-01
1845	9.888326e-01
1846	9.806834e-01
1847	9.696052e-01
1848	9.596857e-01
1849	9.516259e-01
1850	9.471532e-01
1851	9.447791e-01
1852	9.455334e-01
1853	9.498495e-01
1854	9.561687e-01
1855	9.646109e-01
1856	9.729342e-01
1857	9.810167e-01
1858	9.884152e-01
1859	9.937319e-01
1860	9.972983e-01
1861	9.989346e-01
1862	9.984130e-01
1863	9.964587e-01
1864	9.917553e-01
1865	9.846554e-01
1866	9.776388e-01
1867	9.702860e-01
1868	9.640372e-01
1869	9.599041e-01
1870	9.587028e-01
1871	9.595499e-01
1872	9.625249e-01
1873	9.681874e-01
1874	9.732680e-01
1875	9.796867e-01
1876	9.851539e-01
1877	9.907895e-01
1878	9.962177e-01
1879	1.000470e+00
1880	1.003602e+00
1881	1.003240e+00
1882	1.000356e+00
1883	9.946761e-01
1884	9.874013e-01
1885	9.783229e-01
1886	9.700034e-01
1887	9.636548e-01
1888	9.591273e-01
1889	9.574786e-01
1890	9.578258e-01
1891	9.608510e-01
1892	9.671736e-01
1893	9.765661e-01
1894	9.871766e-01
1895	9.965246e-01
1896	1.003590e+00
1897	1.008341e+00
1898	1.009829e+00
1899	1.007891e+00
1900	1.004100e+00
1901	9.999867e-01
1902	9.941698e-01
1903	9.874089e-01
1904	9.808009e-01
1905	9.765629e-01
1906	9.730658e-01
1907	9.710425e-01
1908	9.705286e-01
1909	9.714793e-01
1910	9.739261e-01
1911	9.785605e-01
1912	9.833385e-01
1913	9.886718e-01
1914	9.919461e-01
1915	9.933748e-01
1916	9.912888e-01
1917	9.863557e-01
1918	9.815155e-01
1919	9.753340e-01
1920	9.698062e-01
1921	9.646520e-01
1922	9.612398e-01
1923	9.586891e-01
1924	9.573943e-01
1925	9.577246e-01
1926	9.589783e-01
1927	9.630667e-01
1928	9.678193e-01
1929	9.732851e-01
1930	9.767871e-01
1931	9.791381e-01
1932	9.804502e-01
1933	9.794535e-01
1934	9.773238e-01
1935	9.758945e-01
1936	9.724719e-01
1937	9.688106e-01
1938	9.674461e-01
1939	9.663654e-01
1940	9.687520e-01
1941	9.723934e-01
1942	9.764337e-01
1943	9.810085e-01
1944	9.850069e-01
1945	9.896872e-01
1946	9.927546e-01
1947	9.937812e-01
1948	9.946187e-01
1949	9.939667e-01
1950	9.912990e-01
1951	9.862926e-01
1952	9.810782e-01
1953	9.770562e-01
1954	9.747506e-01
1955	9.742812e-01
1956	9.755923e-01
1957	9.776872e-01
1958	9.812719e-01
1959	9.861336e-01
1960	9.914454e-01
1961	9.959587e-01
1962	9.981898e-01
1963	9.972885e-01
1964	9.940650e-01
1965	9.891904e-01
1966	9.822293e-01
1967	9.749235e-01
1968	9.693237e-01
1969	9.640638e-01
1970	9.605272e-01
1971	9.608230e-01
1972	9.640202e-01
1973	9.679125e-01
1974	9.713682e-01
1975	9.777278e-01
1976	9.846015e-01
1977	9.908056e-01
1978	9.961476e-01
1979	9.979582e-01
1980	9.972512e-01
1981	9.941852e-01
1982	9.889181e-01
1983	9.832026e-01
1984	9.767147e-01
1985	9.680068e-01
1986	9.618757e-01
1987	9.587142e-01
1988	9.565965e-01
1989	9.575290e-01
1990	9.621686e-01
1991	9.693386e-01
1992	9.772160e-01
1993	9.851066e-01
1994	9.902742e-01
1995	9.933128e-01
1996	9.939281e-01
1997	9.912124e-01
1998	9.870130e-01
1999	9.822987e-01
2000	9.768583e-01
2001	9.708678e-01
2002	9.654621e-01
2003	9.615303e-01
2004	9.576437e-01
2005	9.565719e-01
2006	9.569050e-01
2007	9.602281e-01
2008	9.655405e-01
2009	9.720360e-01
2010	9.775750e-01
2011	9.840354e-01
2012	9.890071e-01
2013	9.920128e-01
2014	9.918839e-01
2015	9.895109e-01
2016	9.851436e-01
2017	9.777513e-01
2018	9.701383e-01
2019	9.619894e-01
2020	9.553220e-01
2021	9.520378e-01
2022	9.518441e-01
2023	9.563424e-01
2024	9.651812e-01
2025	9.747809e-01
2026	9.857222e-01
2027	9.957274e-01
2028	1.003243e+00
2029	1.008759e+00
2030	1.010900e+00
2031	1.008859e+00
2032	1.003151e+00
2033	9.958479e-01
2034	9.878609e-01
2035	9.784577e-01
2036	9.695918e-01
2037	9.641261e-01
2038	9.610054e-01
2039	9.605626e-01
2040	9.613920e-01
2041	9.660512e-01
2042	9.734245e-01
2043	9.833033e-01
2044	9.949238e-01
2045	1.005477e+00
2046	1.012766e+00
2047	1.016450e+00
2048	1.016052e+00
2049	1.010639e+00
2050	9.997686e-01
2051	9.846571e-01
2052	9.695104e-01
2053	9.569332e-01
2054	9.470986e-01
2055	9.424089e-01
2056	9.445423e-01
2057	9.510464e-01
2058	9.618441e-01
2059	9.757652e-01
2060	9.890931e-01
2061	9.999845e-01
2062	1.006724e+00
2063	1.011052e+00
2064	1.009813e+00
2065	1.005189e+00
2066	9.979911e-01
2067	9.883448e-01
2068	9.773936e-01
2069	9.666576e-01
2070	9.580967e-01
2071	9.515756e-01
2072	9.489101e-01
2073	9.494025e-01
2074	9.532511e-01
2075	9.602223e-01
2076	9.685596e-01
2077	9.784775e-01
2078	9.881977e-01
2079	9.981331e-01
2080	1.003992e+00
2081	1.006241e+00
2082	1.004373e+00
2083	9.989795e-01
2084	9.911084e-01
2085	9.808839e-01
2086	9.687010e-01
2087	9.554465e-01
2088	9.438805e-01
2089	9.388858e-01
2090	9.389023e-01
2091	9.441501e-01
2092	9.536866e-01
2093	9.673907e-01
2094	9.826064e-01
2095	9.975597e-01
2096	1.009225e+00
2097	1.016669e+00
2098	1.020007e+00
2099	1.019980e+00
2100	1.013105e+00
2101	1.001836e+00
2102	9.878678e-01
2103	9.727945e-01
2104	9.578879e-01
2105	9.472464e-01
2106	9.414986e-01
2107	9.402197e-01
2108	9.438869e-01
2109	9.499282e-01
2110	9.594718e-01
2111	9.709545e-01
2112	9.843232e-01
2113	9.962240e-01
2114	1.005878e+00
2115	1.012836e+00
2116	1.016140e+00
2117	1.015192e+00
2118	1.009744e+00
2119	9.993303e-01
2120	9.865251e-01
2121	9.728075e-01
2122	9.588904e-01
2123	9.478251e-01
2124	9.401658e-01
2125	9.368098e-01
2126	9.389542e-01
2127	9.456120e-01
2128	9.549373e-01
2129	9.684791e-01
2130	9.833310e-01
2131	9.977982e-01
2132	1.008934e+00
2133	1.015498e+00
2134	1.016679e+00
2135	1.014629e+00
2136	1.009223e+00
2137	9.981088e-01
2138	9.832325e-01
2139	9.668345e-01
2140	9.511610e-01
2141	9.381148e-01
2142	9.297301e-01
2143	9.263603e-01
2144	9.276221e-01
2145	9.334284e-01
2146	9.444966e-01
2147	9.598302e-01
2148	9.765902e-01
2149	9.937003e-01
2150	1.009220e+00
2151	1.020736e+00
2152	1.027679e+00
2153	1.029158e+00
2154	1.024380e+00
2155	1.014245e+00
2156	9.983252e-01
2157	9.783020e-01
2158	9.572789e-01
2159	9.380177e-01
2160	9.226782e-01
2161	9.164675e-01
2162	9.186406e-01
2163	9.286062e-01
2164	9.443307e-01
2165	9.631521e-01
2166	9.839977e-01
2167	1.002676e+00
2168	1.016648e+00
2169	1.026118e+00
2170	1.028764e+00
2171	1.024297e+00
2172	1.014616e+00
2173	9.990506e-01
2174	9.796999e-01
2175	9.596498e-01
2176	9.430226e-01
2177	9.317492e-01
2178	9.252577e-01
2179	9.253710e-01
2180	9.315705e-01
2181	9.441649e-01
2182	9.618401e-01
2183	9.819422e-01
2184	1.001743e+00
2185	1.017025e+00
2186	1.025462e+00
2187	1.029729e+00
2188	1.029539e+00
2189	1.023447e+00
2190	1.011902e+00
2191	9.957288e-01
2192	9.783292e-01
2193	9.600785e-01
2194	9.428932e-01
2195	9.293648e-01
2196	9.220366e-01
2197	9.195391e-01
2198	9.237638e-01
2199	9.364575e-01
2200	9.547118e-01
2201	9.740005e-01
2202	9.942116e-01
2203	1.011991e+00
2204	1.024667e+00
2205	1.031381e+00
2206	1.030746e+00
2207	1.021432e+00
2208	1.007613e+00
2209	9.895392e-01
2210	9.700910e-01
2211	9.513177e-01
2212	9.360537e-01
2213	9.268246e-01
2214	9.246814e-01
2215	9.295793e-01
2216	9.416431e-01
2217	9.600943e-01
2218	9.804706e-01
2219	1.001161e+00
2220	1.017780e+00
2221	1.028478e+00
2222	1.033108e+00
2223	1.029978e+00
2224	1.019829e+00
2225	1.003307e+00
2226	9.831592e-01
2227	9.633023e-01
2228	9.451731e-01
2229	9.313439e-01
2230	9.228969e-01
2231	9.228105e-01
2232	9.302835e-01
2233	9.425797e-01
2234	9.582922e-01
2235	9.762014e-01
2236	9.925981e-01
2237	1.006110e+00
2238	1.017110e+00
2239	1.025132e+00
2240	1.028871e+00
2241	1.026727e+00
2242	1.018520e+00
2243	1.004621e+00
2244	9.871085e-01
2245	9.684160e-01
2246	9.512243e-01
2247	9.376795e-01
2248	9.306690e-01
2249	9.299179e-01
2250	9.371892e-01
2251	9.513284e-01
2252	9.706981e-01
2253	9.924763e-01
2254	1.013162e+00
2255	1.029756e+00
2256	1.041182e+00
2257	1.045953e+00
2258	1.044022e+00
2259	1.034998e+00
2260	1.020602e+00
2261	1.000955e+00
2262	9.796550e-01
2263	9.574044e-01
2264	9.378288e-01
2265	9.240457e-01
2266	9.185027e-01
2267	9.210364e-01
2268	9.309647e-01
2269	9.463447e-01
2270	9.669806e-01
2271	9.898393e-01
2272	1.010686e+00
2273	1.028051e+00
2274	1.039981e+00
2275	1.043408e+00
2276	1.040119e+00
2277	1.030083e+00
2278	1.013682e+00
2279	9.928559e-01
2280	9.701912e-01
2281	9.481607e-01
2282	9.309005e-01
2283	9.209416e-01
2284	9.186697e-01
2285	9.243783e-01
2286	9.378259e-01
2287	9.562232e-01
2288	9.775049e-01
2289	9.979312e-01
2290	1.016542e+00
2291	1.030698e+00
2292	1.036370e+00
2293	1.032826e+00
2294	1.022586e+00
2295	1.006418e+00
2296	9.866380e-01
2297	9.627239e-01
2298	9.400462e-01
2299	9.220690e-01
2300	9.112793e-01
2301	9.091414e-01
2302	9.157068e-01
2303	9.300715e-01
2304	9.505632e-01
2305	9.753414e-01
2306	9.998733e-01
2307	1.019688e+00
2308	1.031971e+00
2309	1.036799e+00
2310	1.034669e+00
2311	1.024559e+00
2312	1.008547e+00
2313	9.865099e-01
2314	9.625683e-01
2315	9.411573e-01
2316	9.225918e-01
2317	9.111189e-01
2318	9.070778e-01
2319	9.129887e-01
2320	9.277264e-01
2321	9.491995e-01
2322	9.743785e-01
2323	9.979756e-01
2324	1.016474e+00
2325	1.028966e+00
2326	1.034692e+00
2327	1.033398e+00
2328	1.025325e+00
2329	1.009332e+00
2330	9.886839e-01
2331	9.677345e-01
2332	9.484101e-01
2333	9.331750e-01
2334	9.251031e-01
2335	9.251868e-01
2336	9.320490e-01
2337	9.461206e-01
2338	9.647377e-01
2339	9.845233e-01
2340	1.003134e+00
2341	1.020609e+00
2342	1.032602e+00
2343	1.038451e+00
2344	1.037962e+00
2345	1.030911e+00
2346	1.016192e+00
2347	9.964498e-01
2348	9.735855e-01
2349	9.505439e-01
2350	9.323207e-01
2351	9.217515e-01
2352	9.170606e-01
2353	9.190026e-01
2354	9.300766e-01
2355	9.487327e-01
2356	9.713710e-01
2357	9.950014e-01
2358	1.016199e+00
2359	1.031530e+00
2360	1.041819e+00
2361	1.043705e+00
2362	1.038178e+00
2363	1.025436e+00
2364	1.007168e+00
2365	9.844743e-01
2366	9.590774e-01
2367	9.356670e-01
2368	9.175247e-01
2369	9.072328e-01
2370	9.060815e-01
2371	9.155115e-01
2372	9.324765e-01
2373	9.553933e-01
2374	9.807142e-01
2375	1.007173e+00
2376	1.028882e+00
2377	1.044246e+00
2378	1.052154e+00
2379	1.050851e+00
2380	1.042162e+00
2381	1.025677e+00
2382	1.003638e+00
2383	9.760874e-01
2384	9.482835e-01
2385	9.236813e-01
2386	9.072873e-01
2387	9.007675e-01
2388	9.031491e-01
2389	9.156900e-01
2390	9.358529e-01
2391	9.599988e-01
2392	9.861866e-01
2393	1.009999e+00
2394	1.030312e+00
2395	1.042453e+00
2396	1.047062e+00
2397	1.043076e+00
2398	1.030129e+00
2399	1.008266e+00
2400	9.796746e-01
2401	9.484413e-01
2402	9.208537e-01
2403	9.005580e-01
2404	8.889503e-01
2405	8.887714e-01
2406	8.975897e-01
2407	9.139752e-01
2408	9.386778e-01
2409	9.666848e-01
2410	9.952634e-01
2411	1.019037e+00
2412	1.035781e+00
2413	1.044537e+00
2414	1.044621e+00
2415	1.036489e+00
2416	1.019894e+00
2417	9.971226e-01
2418	9.702531e-01
2419	9.419084e-01
2420	9.155594e-01
2421	8.956251e-01
2422	8.843413e-01
2423	8.841461e-01
2424	8.940501e-01
2425	9.151098e-01
2426	9.421260e-01
2427	9.727045e-01
2428	1.003375e+00
2429	1.031062e+00
2430	1.052671e+00
2431	1.066842e+00
2432	1.074030e+00
2433	1.071880e+00
2434	1.060589e+00
2435	1.040862e+00
2436	1.015675e+00
2437	9.862809e-01
2438	9.567198e-01
2439	9.303479e-01
2440	9.099684e-01
2441	8.982175e-01
2442	8.962745e-01
2443	9.051033e-01
2444	9.241905e-01
2445	9.503026e-01
2446	9.806721e-01
2447	1.011031e+00
2448	1.038070e+00
2449	1.057681e+00
2450	1.067633e+00
2451	1.068641e+00
2452	1.061446e+00
2453	1.045177e+00
2454	1.023884e+00
2455	9.979418e-01
2456	9.691193e-01
2457	9.432778e-01
2458	9.222543e-01
2459	9.084513e-01
2460	9.052656e-01
2461	9.125469e-01
2462	9.289121e-01
2463	9.511425e-01
2464	9.769571e-01
2465	1.002505e+00
2466	1.025259e+00
2467	1.042785e+00
2468	1.053754e+00
2469	1.056954e+00
2470	1.050302e+00
2471	1.036185e+00
2472	1.014828e+00
2473	9.865962e-01
2474	9.573964e-01
2475	9.310514e-01
2476	9.104615e-01
2477	8.975291e-01
2478	8.941470e-01
2479	9.007556e-01
2480	9.175216e-01
2481	9.409957e-01
2482	9.678696e-01
2483	9.950356e-01
2484	1.018322e+00
2485	1.035601e+00
2486	1.044472e+00
2487	1.045162e+00
2488	1.037551e+00
2489	1.019246e+00
2490	9.965658e-01
2491	9.700475e-01
2492	9.424291e-01
2493	9.171046e-01
2494	8.992070e-01
2495	8.903123e-01
2496	8.904807e-01
2497	9.017831e-01
2498	9.208091e-01
2499	9.430738e-01
2500	9.681614e-01
2501	9.939405e-01
2502	1.016789e+00
2503	1.034405e+00
2504	1.046420e+00
2505	1.050827e+00
2506	1.046492e+00
2507	1.035632e+00
2508	1.019617e+00
2509	9.981615e-01
2510	9.756775e-01
2511	9.538771e-01
2512	9.354516e-01
2513	9.236071e-01
2514	9.190315e-01
2515	9.219448e-01
2516	9.327088e-01
2517	9.493391e-01
2518	9.709370e-01
2519	9.920108e-01
2520	1.010781e+00
2521	1.026854e+00
2522	1.037349e+00
2523	1.041723e+00
2524	1.039565e+00
2525	1.031345e+00
2526	1.016285e+00
2527	9.975327e-01
2528	9.772436e-01
2529	9.566593e-01
2530	9.388181e-01
2531	9.251930e-01
2532	9.165319e-01
2533	9.131117e-01
2534	9.167989e-01
2535	9.251504e-01
2536	9.375893e-01
2537	9.554124e-01
2538	9.743659e-01
2539	9.926090e-01
2540	1.007978e+00
2541	1.019890e+00
2542	1.027032e+00
2543	1.028685e+00
2544	1.022409e+00
2545	1.010969e+00
2546	9.946292e-01
2547	9.763083e-01
2548	9.564497e-01
2549	9.364551e-01
2550	9.184017e-01
2551	9.079546e-01
2552	9.051080e-01
2553	9.109958e-01
2554	9.233556e-01
2555	9.408035e-01
2556	9.622600e-01
2557	9.832246e-01
2558	1.002613e+00
2559	1.018638e+00
2560	1.030024e+00
2561	1.035981e+00
2562	1.036002e+00
2563	1.028398e+00
2564	1.015864e+00
2565	9.995140e-01
2566	9.812772e-01
2567	9.630914e-01
2568	9.466902e-01
2569	9.333757e-01
2570	9.245986e-01
2571	9.223503e-01
2572	9.270157e-01
2573	9.366900e-01
2574	9.492551e-01
2575	9.651534e-01
2576	9.817741e-01
2577	9.966298e-01
2578	1.007593e+00
2579	1.015029e+00
2580	1.018112e+00
2581	1.014644e+00
2582	1.005847e+00
2583	9.933084e-01
2584	9.782587e-01
2585	9.617401e-01
2586	9.474147e-01
2587	9.352193e-01
2588	9.266545e-01
2589	9.233966e-01
2590	9.259976e-01
2591	9.334145e-01
2592	9.449469e-01
2593	9.587424e-01
2594	9.736137e-01
2595	9.895092e-01
2596	1.002400e+00
2597	1.010979e+00
2598	1.015011e+00
2599	1.015539e+00
2600	1.011720e+00
2601	1.005124e+00
2602	9.944719e-01
2603	9.803046e-01
2604	9.678566e-01
2605	9.583250e-01
2606	9.504977e-01
2607	9.459068e-01
2608	9.435966e-01
2609	9.454695e-01
2610	9.490443e-01
2611	9.563361e-01
2612	9.653700e-01
2613	9.748907e-01
2614	9.839443e-01
2615	9.916371e-01
2616	9.981014e-01
2617	1.002883e+00
2618	1.003984e+00
2619	1.000416e+00
2620	9.938519e-01
2621	9.856085e-01
2622	9.765893e-01
2623	9.664607e-01
2624	9.572675e-01
2625	9.481304e-01
2626	9.421750e-01
2627	9.397434e-01
2628	9.414156e-01
2629	9.468714e-01
2630	9.543053e-01
2631	9.633025e-01
2632	9.726788e-01
2633	9.811875e-01
2634	9.887815e-01
2635	9.951283e-01
2636	9.981426e-01
2637	9.979528e-01
2638	9.951594e-01
2639	9.889298e-01
2640	9.818096e-01
2641	9.739351e-01
2642	9.643922e-01
2643	9.546153e-01
2644	9.460809e-01
2645	9.407823e-01
2646	9.389182e-01
2647	9.397892e-01
2648	9.439226e-01
2649	9.507930e-01
2650	9.591004e-01
2651	9.683178e-01
2652	9.779711e-01
2653	9.867350e-01
2654	9.938353e-01
2655	9.979268e-01
2656	9.999472e-01
2657	9.982966e-01
2658	9.937197e-01
2659	9.885077e-01
2660	9.821256e-01
2661	9.741175e-01
2662	9.664249e-01
2663	9.601311e-01
2664	9.558064e-01
2665	9.533584e-01
2666	9.533488e-01
2667	9.560568e-01
2668	9.603356e-01
2669	9.657027e-01
2670	9.732014e-01
2671	9.805445e-01
2672	9.872314e-01
2673	9.910876e-01
2674	9.929873e-01
2675	9.934980e-01
2676	9.913669e-01
2677	9.873361e-01
2678	9.805129e-01
2679	9.730907e-01
2680	9.665730e-01
2681	9.619507e-01
2682	9.589452e-01
2683	9.587886e-01
2684	9.603025e-01
2685	9.626684e-01
2686	9.636806e-01
2687	9.654960e-01
2688	9.682893e-01
2689	9.716349e-01
2690	9.750573e-01
2691	9.789247e-01
2692	9.828950e-01
2693	9.860155e-01
2694	9.858641e-01
2695	9.848499e-01
2696	9.826262e-01
2697	9.797634e-01
2698	9.768904e-01
2699	9.745499e-01
2700	9.716825e-01
2701	9.682967e-01
2702	9.662187e-01
2703	9.644801e-01
2704	9.628307e-01
2705	9.630479e-01
2706	9.664436e-01
2707	9.709982e-01
2708	9.764615e-01
2709	9.818293e-01
2710	9.866493e-01
2711	9.916908e-01
2712	9.965706e-01
2713	1.000228e+00
2714	1.003716e+00
2715	1.005319e+00
2716	1.004432e+00
2717	1.001773e+00
2718	9.963029e-01
2719	9.910302e-01
2720	9.839767e-01
2721	9.771625e-01
2722	9.717981e-01
2723	9.688438e-01
2724	9.655053e-01
2725	9.651405e-01
2726	9.669299e-01
2727	9.705573e-01
2728	9.751826e-01
2729	9.807471e-01
2730	9.867322e-01
2731	9.916683e-01
2732	9.966341e-01
2733	1.000029e+00
2734	1.001023e+00
2735	9.995017e-01
2736	9.956988e-01
2737	9.899227e-01
2738	9.812064e-01
2739	9.721426e-01
2740	9.644481e-01
2741	9.569710e-01
2742	9.506263e-01
2743	9.479200e-01
2744	9.487171e-01
2745	9.518217e-01
2746	9.576002e-01
2747	9.651948e-01
2748	9.735201e-01
2749	9.810898e-01
2750	9.878173e-01
2751	9.925616e-01
2752	9.949283e-01
2753	9.937256e-01
2754	9.884534e-01
2755	9.806440e-01
2756	9.719588e-01
2757	9.630612e-01
2758	9.546731e-01
2759	9.500628e-01
2760	9.481895e-01
2761	9.498966e-01
2762	9.512372e-01
2763	9.545257e-01
2764	9.598309e-01
2765	9.664089e-01
2766	9.735101e-01
2767	9.795951e-01
2768	9.845440e-01
2769	9.869237e-01
2770	9.858009e-01
2771	9.834419e-01
2772	9.798272e-01
2773	9.748446e-01
2774	9.701031e-01
2775	9.657310e-01
2776	9.604372e-01
2777	9.564521e-01
2778	9.535120e-01
2779	9.530008e-01
2780	9.572926e-01
2781	9.644462e-01
2782	9.728736e-01
2783	9.833544e-01
2784	9.926969e-01
2785	1.000402e+00
2786	1.005511e+00
2787	1.005250e+00
2788	1.001646e+00
2789	9.949979e-01
2790	9.854803e-01
2791	9.741142e-01
2792	9.620283e-01
2793	9.515063e-01
2794	9.443475e-01
2795	9.415740e-01
2796	9.444123e-01
2797	9.497734e-01
2798	9.584217e-01
2799	9.691296e-01
2800	9.816960e-01
2801	9.941670e-01
2802	1.005985e+00
2803	1.013630e+00
2804	1.017288e+00
2805	1.017036e+00
2806	1.011035e+00
2807	1.001082e+00
2808	9.873908e-01
2809	9.735894e-01
2810	9.596929e-01
2811	9.468104e-01
2812	9.375257e-01
2813	9.310246e-01
2814	9.300306e-01
2815	9.350824e-01
2816	9.443414e-01
2817	9.572547e-01
2818	9.725990e-01
2819	9.890634e-01
2820	1.004102e+00
2821	1.015751e+00
2822	1.022908e+00
2823	1.023503e+00
2824	1.019329e+00
2825	1.010021e+00
2826	9.964988e-01
2827	9.803279e-01
2828	9.639185e-01
2829	9.482562e-01
2830	9.377924e-01
2831	9.333291e-01
2832	9.348340e-01
2833	9.420346e-01
2834	9.538614e-01
2835	9.676129e-01
2836	9.842644e-01
2837	1.001449e+00
2838	1.017172e+00
2839	1.027886e+00
2840	1.032429e+00
2841	1.032050e+00
2842	1.027220e+00
2843	1.017230e+00
2844	1.001543e+00
2845	9.833555e-01
2846	9.651651e-01
2847	9.479978e-01
2848	9.345201e-01
2849	9.258001e-01
2850	9.250112e-01
2851	9.321394e-01
2852	9.442180e-01
2853	9.595364e-01
2854	9.750221e-01
2855	9.905439e-01
2856	1.004866e+00
2857	1.015588e+00
2858	1.021928e+00
2859	1.024834e+00
2860	1.021977e+00
2861	1.014370e+00
2862	1.002820e+00
2863	9.890014e-01
2864	9.739014e-01
2865	9.595246e-01
2866	9.480555e-01
2867	9.421836e-01
2868	9.412423e-01
2869	9.423027e-01
2870	9.496862e-01
2871	9.611451e-01
2872	9.768652e-01
2873	9.943234e-01
2874	1.012069e+00
2875	1.027543e+00
2876	1.037269e+00
2877	1.041427e+00
2878	1.038018e+00
2879	1.028731e+00
2880	1.012454e+00
2881	9.925215e-01
2882	9.722929e-01
2883	9.522479e-01
2884	9.359622e-01
2885	9.275431e-01
2886	9.273534e-01
2887	9.364203e-01
2888	9.518755e-01
2889	9.739905e-01
2890	9.986225e-01
2891	1.022181e+00
2892	1.040276e+00
2893	1.050536e+00
2894	1.054119e+00
2895	1.049114e+00
2896	1.036321e+00
2897	1.018939e+00
2898	9.965003e-01
2899	9.729602e-01
2900	9.519233e-01
2901	9.348697e-01
2902	9.255882e-01
2903	9.242882e-01
2904	9.308700e-01
2905	9.441861e-01
2906	9.620206e-01
2907	9.820114e-01
2908	1.001268e+00
2909	1.018669e+00
2910	1.030414e+00
2911	1.034396e+00
2912	1.030799e+00
2913	1.018988e+00
2914	1.002191e+00
2915	9.826002e-01
2916	9.630897e-01
2917	9.449874e-01
2918	9.308361e-01
2919	9.232086e-01
2920	9.228831e-01
2921	9.285621e-01
2922	9.403018e-01
2923	9.570749e-01
2924	9.765280e-01
2925	9.976771e-01
2926	1.014723e+00
2927	1.027770e+00
2928	1.034604e+00
2929	1.035192e+00
2930	1.028542e+00
2931	1.016455e+00
2932	9.987019e-01
2933	9.778305e-01
2934	9.579851e-01
2935	9.421855e-01
2936	9.315753e-01
2937	9.295850e-01
2938	9.342259e-01
2939	9.437540e-01
2940	9.579599e-01
2941	9.760147e-01
2942	9.916548e-01
2943	1.005962e+00
2944	1.016573e+00
2945	1.020911e+00
2946	1.018741e+00
2947	1.010934e+00
2948	1.000750e+00
2949	9.884409e-01
2950	9.754823e-01
2951	9.638720e-01
2952	9.546321e-01
2953	9.481818e-01
2954	9.470099e-01
2955	9.498660e-01
2956	9.572576e-01
2957	9.686867e-01
2958	9.814152e-01
2959	9.942341e-01
2960	1.003987e+00
2961	1.010357e+00
2962	1.014023e+00
2963	1.014061e+00
2964	1.011036e+00
2965	1.005403e+00
2966	9.953385e-01
2967	9.830666e-01
2968	9.708137e-01
2969	9.608140e-01
2970	9.542637e-01
2971	9.529155e-01
2972	9.563817e-01
2973	9.635402e-01
2974	9.729977e-01
2975	9.849712e-01
2976	9.971586e-01
2977	1.007839e+00
2978	1.016622e+00
2979	1.019779e+00
2980	1.017661e+00
2981	1.011671e+00
2982	1.002248e+00
2983	9.893758e-01
2984	9.752242e-01
2985	9.600069e-01
2986	9.477308e-01
2987	9.399577e-01
2988	9.391720e-01
2989	9.432241e-01
2990	9.506028e-01
2991	9.606109e-01
2992	9.722250e-01
2993	9.837557e-01
2994	9.938484e-01
2995	1.001418e+00
2996	1.004993e+00
2997	1.003898e+00
2998	9.994453e-01
2999	9.925814e-01
3000	9.833223e-01
3001	9.722021e-01
3002	9.618751e-01
3003	9.532292e-01
3004	9.481297e-01
3005	9.467285e-01
3006	9.502035e-01
3007	9.589248e-01
3008	9.701739e-01
3009	9.835620e-01
3010	9.964415e-01
3011	1.007346e+00
3012	1.012930e+00
3013	1.013768e+00
3014	1.008224e+00
3015	9.990685e-01
3016	9.863822e-01
3017	9.723701e-01
3018	9.597056e-01
3019	9.506562e-01
3020	9.466123e-01
3021	9.474056e-01
3022	9.535800e-01
3023	9.634299e-01
3024	9.760502e-01
3025	9.896444e-01
3026	1.003083e+00
3027	1.012842e+00
3028	1.021275e+00
3029	1.025092e+00
3030	1.022883e+00
3031	1.016233e+00
3032	1.006171e+00
3033	9.947022e-01
3034	9.812201e-01
3035	9.670441e-01
3036	9.553826e-01
3037	9.462196e-01
3038	9.416898e-01
3039	9.420285e-01
3040	9.458976e-01
3041	9.535139e-01
3042	9.656096e-01
3043	9.799383e-01
3044	9.932099e-01
3045	1.006757e+00
3046	1.017209e+00
3047	1.022135e+00
3048	1.023100e+00
3049	1.018753e+00
3050	1.009135e+00
3051	9.953230e-01
3052	9.797237e-01
3053	9.652329e-01
3054	9.520962e-01
3055	9.430604e-01
3056	9.374929e-01
3057	9.367475e-01
3058	9.431736e-01
3059	9.542483e-01
3060	9.699697e-01
3061	9.860060e-01
3062	1.000888e+00
3063	1.014218e+00
3064	1.023796e+00
3065	1.029719e+00
3066	1.030218e+00
3067	1.025071e+00
3068	1.014590e+00
3069	1.000792e+00
3070	9.850233e-01
3071	9.685602e-01
3072	9.542701e-01
3073	9.432693e-01
3074	9.362202e-01
3075	9.351025e-01
3076	9.396107e-01
3077	9.501478e-01
3078	9.648653e-01
3079	9.799014e-01
3080	9.944220e-01
3081	1.007613e+00
3082	1.017202e+00
3083	1.021275e+00
3084	1.018160e+00
3085	1.010476e+00
3086	9.982155e-01
3087	9.837642e-01
3088	9.684097e-01
3089	9.545353e-01
3090	9.430953e-01
3091	9.357738e-01
3092	9.334476e-01
3093	9.368152e-01
3094	9.455381e-01
3095	9.574443e-01
3096	9.736583e-01
3097	9.901864e-01
3098	1.005318e+00
3099	1.016396e+00
3100	1.023246e+00
3101	1.026058e+00
3102	1.022420e+00
3103	1.013227e+00
3104	1.000703e+00
3105	9.857433e-01
3106	9.690494e-01
3107	9.539054e-01
3108	9.426069e-01
3109	9.351891e-01
3110	9.330231e-01
3111	9.359320e-01
3112	9.443749e-01
3113	9.573616e-01
3114	9.728643e-01
3115	9.877970e-01
3116	1.000411e+00
3117	1.008434e+00
3118	1.012471e+00
3119	1.011736e+00
3120	1.006867e+00
3121	9.971276e-01
3122	9.852054e-01
3123	9.709501e-01
3124	9.579901e-01
3125	9.473007e-01
3126	9.408672e-01
3127	9.380024e-01
3128	9.398649e-01
3129	9.472746e-01
3130	9.570956e-01
3131	9.702750e-01
3132	9.818419e-01
3133	9.905054e-01
3134	9.974995e-01
3135	1.001720e+00
3136	1.001730e+00
3137	9.988297e-01
3138	9.924688e-01
3139	9.829889e-01
3140	9.722308e-01
3141	9.620472e-01
3142	9.546063e-01
3143	9.520584e-01
3144	9.529365e-01
3145	9.570337e-01
3146	9.633529e-01
3147	9.705550e-01
3148	9.785042e-01
3149	9.851634e-01
3150	9.911768e-01
3151	9.953045e-01
3152	9.966566e-01
3153	9.953450e-01
3154	9.919422e-01
3155	9.887061e-01
3156	9.858348e-01
3157	9.826251e-01
3158	9.804141e-01
3159	9.771275e-01
3160	9.739113e-01
3161	9.715044e-01
3162	9.709777e-01
3163	9.729241e-01
3164	9.772009e-01
3165	9.829392e-01
3166	9.872710e-01
3167	9.913589e-01
3168	9.954518e-01
3169	9.970983e-01
3170	9.966174e-01
3171	9.930858e-01
3172	9.890320e-01
3173	9.838932e-01
3174	9.805771e-01
3175	9.779379e-01
3176	9.751926e-01
3177	9.723091e-01
3178	9.683054e-01
3179	9.652136e-01
3180	9.643762e-01
3181	9.657206e-01
3182	9.682581e-01
3183	9.722055e-01
3184	9.763841e-01
3185	9.811559e-01
3186	9.849433e-01
3187	9.861215e-01
3188	9.861462e-01
3189	9.832650e-01
3190	9.799337e-01
3191	9.772490e-01
3192	9.736228e-01
3193	9.710966e-01
3194	9.695701e-01
3195	9.681644e-01
3196	9.681956e-01
3197	9.691559e-01
3198	9.706361e-01
3199	9.729542e-01
3200	9.761623e-01
3201	9.791002e-01
3202	9.823645e-01
3203	9.849595e-01
3204	9.853213e-01
3205	9.847135e-01
3206	9.835354e-01
3207	9.806504e-01
3208	9.760284e-01
3209	9.705810e-01
3210	9.655382e-01
3211	9.619254e-01
3212	9.600851e-01
3213	9.602862e-01
3214	9.616330e-01
3215	9.651994e-01
3216	9.702602e-01
3217	9.767545e-01
3218	9.836122e-01
3219	9.901454e-01
3220	9.960400e-01
3221	1.000919e+00
3222	1.003080e+00
3223	1.001035e+00
3224	9.964385e-01
3225	9.888502e-01
3226	9.785916e-01
3227	9.672202e-01
3228	9.571475e-01
3229	9.490826e-01
3230	9.453129e-01
3231	9.467016e-01
3232	9.505339e-01
3233	9.583701e-01
3234	9.667810e-01
3235	9.778238e-01
3236	9.866232e-01
3237	9.919197e-01
3238	9.951891e-01
3239	9.951138e-01
3240	9.921939e-01
3241	9.873234e-01
3242	9.802512e-01
3243	9.726758e-01
3244	9.643649e-01
3245	9.559538e-01
3246	9.482581e-01
3247	9.434481e-01
3248	9.416983e-01
3249	9.445177e-01
3250	9.505797e-01
3251	9.592273e-01
3252	9.689477e-01
3253	9.774182e-01
3254	9.845189e-01
3255	9.888842e-01
3256	9.914057e-01
3257	9.915317e-01
3258	9.889003e-01
3259	9.845083e-01
3260	9.783154e-01
3261	9.708808e-01
3262	9.637147e-01
3263	9.573218e-01
3264	9.542404e-01
3265	9.544334e-01
3266	9.590399e-01
3267	9.664679e-01
3268	9.764632e-01
3269	9.866636e-01
3270	9.952335e-01
3271	1.002861e+00
3272	1.008635e+00
3273	1.011238e+00
3274	1.009910e+00
3275	1.004669e+00
3276	9.976955e-01
3277	9.892270e-01
3278	9.791187e-01
3279	9.695590e-01
3280	9.616151e-01
3281	9.581072e-01
3282	9.590254e-01
3283	9.631962e-01
3284	9.711650e-01
3285	9.822346e-01
3286	9.959272e-01
3287	1.008983e+00
3288	1.020084e+00
3289	1.026808e+00
3290	1.026878e+00
3291	1.022879e+00
3292	1.014528e+00
3293	1.003390e+00
3294	9.883782e-01
3295	9.715113e-01
3296	9.553148e-01
3297	9.415546e-01
3298	9.323767e-01
3299	9.293708e-01
3300	9.325085e-01
3301	9.412316e-01
3302	9.548287e-01
3303	9.713756e-01
3304	9.887186e-01
3305	1.006085e+00
3306	1.018446e+00
3307	1.026418e+00
3308	1.030179e+00
3309	1.028433e+00
3310	1.020584e+00
3311	1.007921e+00
3312	9.921406e-01
3313	9.754900e-01
3314	9.575404e-01
3315	9.425878e-01
3316	9.312156e-01
3317	9.268515e-01
3318	9.287193e-01
3319	9.365372e-01
3320	9.490746e-01
3321	9.656908e-01
3322	9.834031e-01
3323	9.992014e-01
3324	1.011369e+00
3325	1.019067e+00
3326	1.020464e+00
3327	1.018122e+00
3328	1.010219e+00
3329	9.996204e-01
3330	9.879067e-01
3331	9.757398e-01
3332	9.643907e-01
3333	9.542152e-01
3334	9.481484e-01
3335	9.460537e-01
3336	9.489976e-01
3337	9.567840e-01
3338	9.671552e-01
3339	9.789461e-01
3340	9.907871e-01
3341	1.000856e+00
3342	1.009209e+00
3343	1.014270e+00
3344	1.014848e+00
3345	1.012025e+00
3346	1.007307e+00
3347	9.995491e-01
3348	9.878566e-01
3349	9.765007e-01
3350	9.672686e-01
3351	9.592448e-01
3352	9.533031e-01
3353	9.493231e-01
3354	9.477769e-01
3355	9.500919e-01
3356	9.564664e-01
3357	9.655302e-01
3358	9.762326e-01
3359	9.876982e-01
3360	9.976758e-01
3361	1.006094e+00
3362	1.011409e+00
3363	1.013459e+00
3364	1.013069e+00
3365	1.008687e+00
3366	1.001808e+00
3367	9.932458e-01
3368	9.828972e-01
3369	9.714069e-01
3370	9.605564e-01
3371	9.516269e-01
3372	9.470139e-01
3373	9.468183e-01
3374	9.511191e-01
3375	9.575341e-01
3376	9.648608e-01
3377	9.735745e-01
3378	9.826529e-01
3379	9.920871e-01
3380	1.002121e+00
3381	1.009164e+00
3382	1.012761e+00
3383	1.012150e+00
3384	1.007406e+00
3385	1.000852e+00
3386	9.896371e-01
3387	9.786391e-01
3388	9.662934e-01
3389	9.566427e-01
3390	9.488180e-01
3391	9.472629e-01
3392	9.508896e-01
3393	9.592022e-01
3394	9.686999e-01
3395	9.780865e-01
3396	9.877464e-01
3397	9.952372e-01
3398	9.998415e-01
3399	1.003793e+00
3400	1.005721e+00
3401	1.003190e+00
3402	9.975744e-01
3403	9.906663e-01
3404	9.827188e-01
3405	9.765210e-01
3406	9.706366e-01
3407	9.655788e-01
3408	9.629443e-01
3409	9.619374e-01
3410	9.626741e-01
3411	9.643792e-01
3412	9.664492e-01
3413	9.704222e-01
3414	9.759794e-01
3415	9.821382e-01
3416	9.867735e-01
3417	9.911503e-01
3418	9.931594e-01
3419	9.938351e-01
3420	9.918161e-01
3421	9.881423e-01
3422	9.837653e-01
3423	9.785116e-01
3424	9.739596e-01
3425	9.695134e-01
3426	9.656145e-01
3427	9.635139e-01
3428	9.612261e-01
3429	9.598391e-01
3430	9.597754e-01
3431	9.628701e-01
3432	9.674810e-01
3433	9.736167e-01
3434	9.792458e-01
3435	9.853427e-01
3436	9.902134e-01
3437	9.922577e-01
3438	9.910285e-01
3439	9.886577e-01
3440	9.871900e-01
3441	9.858801e-01
3442	9.830748e-01
3443	9.805915e-01
3444	9.777532e-01
3445	9.754500e-01
3446	9.727578e-01
3447	9.708659e-01
3448	9.688463e-01
3449	9.684847e-01
3450	9.692456e-01
3451	9.711109e-01
3452	9.725261e-01
3453	9.756250e-01
3454	9.795644e-01
3455	9.839458e-01
3456	9.867896e-01
3457	9.873412e-01
3458	9.880588e-01
3459	9.868890e-01
3460	9.867959e-01
3461	9.859797e-01
3462	9.853787e-01
3463	9.844493e-01
3464	9.816014e-01
3465	9.789452e-01
3466	9.748850e-01
3467	9.710535e-01
3468	9.669267e-01
3469	9.647706e-01
3470	9.652817e-01
3471	9.681866e-01
3472	9.726832e-01
3473	9.773338e-01
3474	9.838396e-01
3475	9.905991e-01
3476	9.956111e-01
3477	9.977926e-01
3478	9.975786e-01
3479	9.931415e-01
3480	9.875722e-01
3481	9.795611e-01
3482	9.696368e-01
3483	9.599570e-01
3484	9.543068e-01
3485	9.517812e-01
3486	9.510051e-01
3487	9.524686e-01
3488	9.561555e-01
3489	9.630309e-01
3490	9.704002e-01
3491	9.766156e-01
3492	9.816391e-01
3493	9.876213e-01
3494	9.930210e-01
3495	9.968330e-01
3496	9.986334e-01
3497	9.976863e-01
3498	9.954185e-01
3499	9.917737e-01
3500	9.876503e-01
3501	9.828844e-01
3502	9.781554e-01
3503	9.727383e-01
3504	9.681416e-01
3505	9.660451e-01
3506	9.660951e-01
3507	9.668646e-01
3508	9.689711e-01
3509	9.727693e-01
3510	9.774770e-01
3511	9.828399e-01
3512	9.883498e-01
3513	9.922429e-01
3514	9.953328e-01
3515	9.956860e-01
3516	9.944507e-01
3517	9.933838e-01
3518	9.898190e-01
3519	9.850934e-01
3520	9.804343e-01
3521	9.752993e-01
3522	9.701955e-01
3523	9.670335e-01
3524	9.675750e-01
3525	9.702226e-01
3526	9.737206e-01
3527	9.777959e-01
3528	9.824743e-01
3529	9.882190e-01
3530	9.916025e-01
3531	9.932548e-01
3532	9.923059e-01
3533	9.888895e-01
3534	9.847373e-01
3535	9.777493e-01
3536	9.705872e-01
3537	9.645038e-01
3538	9.605175e-01
3539	9.572365e-01
3540	9.551521e-01
3541	9.541347e-01
3542	9.539669e-01
3543	9.560417e-01
3544	9.599611e-01
3545	9.650333e-01
3546	9.706677e-01
3547	9.756671e-01
3548	9.800355e-01
3549	9.831185e-01
3550	9.833176e-01
3551	9.809947e-01
3552	9.775378e-01
3553	9.736327e-01
3554	9.676948e-01
3555	9.609082e-01
3556	9.555027e-01
3557	9.513206e-01
3558	9.493052e-01
3559	9.507429e-01
3560	9.565052e-01
3561	9.626549e-01
3562	9.697452e-01
3563	9.757739e-01
3564	9.792556e-01
3565	9.817034e-01
3566	9.842424e-01
3567	9.859629e-01
3568	9.834871e-01
3569	9.788569e-01
3570	9.729614e-01
3571	9.674669e-01
3572	9.608218e-01
3573	9.561047e-01
3574	9.525591e-01
3575	9.522126e-01
3576	9.556638e-01
3577	9.600620e-01
3578	9.645723e-01
3579	9.709641e-01
3580	9.776923e-01
3581	9.851356e-01
3582	9.932566e-01
3583	9.989128e-01
3584	1.002527e+00
3585	1.002249e+00
3586	9.978593e-01
3587	9.910633e-01
3588	9.824377e-01
3589	9.743330e-01
3590	9.685334e-01
3591	9.645112e-01
3592	9.643747e-01
3593	9.675201e-01
3594	9.722648e-01
3595	9.785422e-01
3596	9.843768e-01
3597	9.889463e-01
3598	9.940560e-01
3599	9.969804e-01
3600	9.991601e-01
3601	9.999150e-01
3602	9.991222e-01
3603	9.964716e-01
3604	9.919058e-01
3605	9.859431e-01
3606	9.788422e-01
3607	9.717270e-01
3608	9.661093e-01
3609	9.635388e-01
3610	9.647573e-01
3611	9.684134e-01
3612	9.746689e-01
3613	9.821863e-01
3614	9.907206e-01
3615	9.995579e-01
3616	1.006127e+00
3617	1.009590e+00
3618	1.008950e+00
3619	1.005035e+00
3620	9.972447e-01
3621	9.867448e-01
3622	9.737390e-01
3623	9.614431e-01
3624	9.513179e-01
3625	9.444197e-01
3626	9.409537e-01
3627	9.413283e-01
3628	9.458633e-01
3629	9.537198e-01
3630	9.631772e-01
3631	9.733911e-01
3632	9.823218e-01
3633	9.883929e-01
3634	9.918481e-01
3635	9.916153e-01
3636	9.880913e-01
3637	9.808487e-01
3638	9.717404e-01
3639	9.624264e-01
3640	9.543305e-01
3641	9.479983e-01
3642	9.446691e-01
3643	9.461293e-01
3644	9.507832e-01
3645	9.566954e-01
3646	9.653167e-01
3647	9.753653e-01
3648	9.832264e-01
3649	9.895700e-01
3650	9.933424e-01
3651	9.932430e-01
3652	9.909511e-01
3653	9.881342e-01
3654	9.846075e-01
3655	9.815663e-01
3656	9.791604e-01
3657	9.773325e-01
3658	9.762258e-01
3659	9.739818e-01
3660	9.728702e-01
3661	9.742426e-01
3662	9.756036e-01
3663	9.773072e-01
3664	9.789307e-01
3665	9.818969e-01
3666	9.844000e-01
3667	9.871513e-01
3668	9.895805e-01
3669	9.920501e-01
3670	9.935521e-01
3671	9.933277e-01
3672	9.919806e-01
3673	9.905574e-01
3674	9.884598e-01
3675	9.857956e-01
3676	9.814896e-01
3677	9.768275e-01
3678	9.724615e-01
3679	9.689099e-01
3680	9.671084e-01
3681	9.657333e-01
3682	9.651491e-01
3683	9.662300e-01
3684	9.681492e-01
3685	9.718909e-01
3686	9.762850e-01
3687	9.818581e-01
3688	9.863238e-01
3689	9.906234e-01
3690	9.941855e-01
3691	9.957636e-01
3692	9.955698e-01
3693	9.946187e-01
3694	9.926513e-01
3695	9.893105e-01
3696	9.858570e-01
3697	9.816767e-01
3698	9.769669e-01
3699	9.733448e-01
3700	9.696106e-01
3701	9.663296e-01
3702	9.649605e-01
3703	9.652857e-01
3704	9.677092e-01
3705	9.713391e-01
3706	9.751937e-01
3707	9.790158e-01
3708	9.818669e-01
3709	9.843223e-01
3710	9.861977e-01
3711	9.871556e-01
3712	9.870417e-01
3713	9.851883e-01
3714	9.823172e-01
3715	9.794346e-01
3716	9.765863e-01
3717	9.733103e-01
3718	9.699335e-01
3719	9.680191e-01
3720	9.673156e-01
3721	9.676162e-01
3722	9.688305e-01
3723	9.700661e-01
3724	9.706913e-01
3725	9.734446e-01
3726	9.769982e-01
3727	9.811474e-01
3728	9.835119e-01
3729	9.846148e-01
3730	9.849294e-01
3731	9.832315e-01
3732	9.794904e-01
3733	9.743259e-01
3734	9.709303e-01
3735	9.667824e-01
3736	9.628965e-01
3737	9.606092e-01
3738	9.605065e-01
3739	9.631278e-01
3740	9.666623e-01
3741	9.701497e-01
3742	9.744658e-01
3743	9.796103e-01
3744	9.853175e-01
3745	9.889790e-01
3746	9.917509e-01
3747	9.915224e-01
3748	9.906227e-01
3749	9.865425e-01
3750	9.809484e-01
3751	9.746792e-01
3752	9.677896e-01
3753	9.618822e-01
3754	9.581946e-01
3755	9.569387e-01
3756	9.573386e-01
3757	9.608623e-01
3758	9.650471e-01
3759	9.700035e-01
3760	9.758595e-01
3761	9.796771e-01
3762	9.830780e-01
3763	9.855407e-01
3764	9.865649e-01
3765	9.848471e-01
3766	9.813307e-01
3767	9.753751e-01
3768	9.692787e-01
3769	9.649419e-01
3770	9.604329e-01
3771	9.602191e-01
3772	9.634566e-01
3773	9.684540e-01
3774	9.747804e-01
3775	9.819835e-01
3776	9.885300e-01
3777	9.935634e-01
3778	9.962211e-01
3779	9.943848e-01
3780	9.900564e-01
3781	9.820166e-01
3782	9.730351e-01
3783	9.644064e-01
3784	9.557068e-01
3785	9.496890e-01
3786	9.473786e-01
3787	9.484050e-01
3788	9.541488e-01
3789	9.613356e-01
3790	9.689645e-01
3791	9.769442e-01
3792	9.855674e-01
3793	9.929423e-01
3794	9.968573e-01
3795	9.981473e-01
3796	9.960984e-01
3797	9.914210e-01
3798	9.843397e-01
3799	9.767562e-01
3800	9.693115e-01
3801	9.646786e-01
3802	9.615166e-01
3803	9.593236e-01
3804	9.609968e-01
3805	9.637681e-01
3806	9.685052e-01
3807	9.733018e-01
3808	9.769404e-01
3809	9.809192e-01
3810	9.829186e-01
3811	9.840456e-01
3812	9.839921e-01
3813	9.831939e-01
3814	9.812613e-01
3815	9.784610e-01
3816	9.744701e-01
3817	9.698761e-01
3818	9.660469e-01
3819	9.619259e-01
3820	9.588832e-01
3821	9.564440e-01
3822	9.552307e-01
3823	9.573244e-01
3824	9.617795e-01
3825	9.688799e-01
3826	9.764872e-01
3827	9.835407e-01
3828	9.897568e-01
3829	9.946320e-01
3830	9.969189e-01
3831	9.958048e-01
3832	9.917418e-01
3833	9.858618e-01
3834	9.781950e-01
3835	9.694797e-01
3836	9.602694e-01
3837	9.525678e-01
3838	9.469627e-01
3839	9.436246e-01
3840	9.440586e-01
3841	9.487608e-01
3842	9.579658e-01
3843	9.693638e-01
3844	9.796636e-01
3845	9.895875e-01
3846	9.974150e-01
3847	1.003966e+00
3848	1.007589e+00
3849	1.009640e+00
3850	1.008656e+00
3851	1.003187e+00
3852	9.931681e-01
3853	9.817518e-01
3854	9.701584e-01
3855	9.614116e-01
3856	9.548414e-01
3857	9.525477e-01
3858	9.535116e-01
3859	9.584419e-01
3860	9.666629e-01
3861	9.769576e-01
3862	9.885661e-01
3863	9.990723e-01
3864	1.007284e+00
3865	1.013019e+00
3866	1.016776e+00
3867	1.015547e+00
3868	1.010684e+00
3869	1.003536e+00
3870	9.925857e-01
3871	9.798617e-01
3872	9.674029e-01
3873	9.578078e-01
3874	9.507467e-01
3875	9.487506e-01
3876	9.491182e-01
3877	9.526609e-01
3878	9.592546e-01
3879	9.684852e-01
3880	9.804697e-01
3881	9.925292e-01
3882	1.003611e+00
3883	1.013292e+00
3884	1.018827e+00
3885	1.021559e+00
3886	1.020577e+00
3887	1.015774e+00
3888	1.007434e+00
3889	9.951088e-01
3890	9.808123e-01
3891	9.661964e-01
3892	9.546004e-01
3893	9.465658e-01
3894	9.422627e-01
3895	9.433164e-01
3896	9.496162e-01
3897	9.593632e-01
3898	9.706604e-01
3899	9.820023e-01
3900	9.916952e-01
3901	1.000443e+00
3902	1.006997e+00
3903	1.011011e+00
3904	1.009756e+00
3905	1.004909e+00
3906	9.966720e-01
3907	9.860717e-01
3908	9.752175e-01
3909	9.654981e-01
3910	9.576121e-01
3911	9.519445e-01
3912	9.483132e-01
3913	9.479758e-01
3914	9.532576e-01
3915	9.611734e-01
3916	9.713891e-01
3917	9.799193e-01
3918	9.891350e-01
3919	9.967955e-01
3920	1.002008e+00
3921	1.004787e+00
3922	1.004183e+00
3923	1.000184e+00
3924	9.919098e-01
3925	9.816018e-01
3926	9.697085e-01
3927	9.600405e-01
3928	9.513083e-01
3929	9.455382e-01
3930	9.439566e-01
3931	9.470818e-01
3932	9.526446e-01
3933	9.615484e-01
3934	9.727430e-01
3935	9.848766e-01
3936	9.963204e-01
3937	1.003867e+00
3938	1.007665e+00
3939	1.007482e+00
3940	1.003160e+00
3941	9.960030e-01
3942	9.876436e-01
3943	9.766451e-01
3944	9.643513e-01
3945	9.535219e-01
3946	9.467224e-01
3947	9.435877e-01
3948	9.454634e-01
3949	9.509037e-01
3950	9.598874e-01
3951	9.708016e-01
3952	9.820525e-01
3953	9.914381e-01
3954	9.984501e-01
3955	1.002517e+00
3956	1.001342e+00
3957	9.975754e-01
3958	9.907428e-01
3959	9.817075e-01
3960	9.705200e-01
3961	9.586491e-01
3962	9.497376e-01
3963	9.416206e-01
3964	9.392904e-01
3965	9.427280e-01
3966	9.505105e-01
3967	9.611931e-01
3968	9.732731e-01
3969	9.860624e-01
3970	9.982518e-01
3971	1.007162e+00
3972	1.012139e+00
3973	1.012773e+00
3974	1.008238e+00
3975	9.992707e-01
3976	9.860101e-01
3977	9.728098e-01
3978	9.593801e-01
3979	9.468057e-01
3980	9.372705e-01
3981	9.309444e-01
3982	9.308183e-01
3983	9.361869e-01
3984	9.468956e-01
3985	9.604627e-01
3986	9.752495e-01
3987	9.895632e-01
3988	1.002285e+00
3989	1.011009e+00
3990	1.016166e+00
3991	1.016133e+00
3992	1.012020e+00
3993	1.002625e+00
3994	9.914103e-01
3995	9.777927e-01
3996	9.645153e-01
3997	9.532242e-01
3998	9.455558e-01
3999	9.411905e-01
4000	9.414831e-01
4001	9.456765e-01
4002	9.543282e-01
4003	9.671186e-01
4004	9.802666e-01
4005	9.940448e-01
4006	1.006822e+00
4007	1.016344e+00
4008	1.021526e+00
4009	1.019702e+00
4010	1.011252e+00
4011	9.993653e-01
4012	9.848678e-01
4013	9.675103e-01
4014	9.508525e-01
4015	9.371642e-01
4016	9.283248e-01
4017	9.246014e-01
4018	9.271446e-01
4019	9.340371e-01
4020	9.463102e-01
4021	9.601868e-01
4022	9.755237e-01
4023	9.903579e-01
4024	1.003798e+00
4025	1.013370e+00
4026	1.018355e+00
4027	1.019486e+00
4028	1.017275e+00
4029	1.012047e+00
4030	1.003198e+00
4031	9.913777e-01
4032	9.786310e-01
4033	9.662371e-01
4034	9.560273e-01
4035	9.486675e-01
4036	9.432513e-01
4037	9.405423e-01
4038	9.400074e-01
4039	9.427596e-01
4040	9.485068e-01
4041	9.565447e-01
4042	9.663702e-01
4043	9.770101e-01
4044	9.863729e-01
4045	9.919414e-01
4046	9.953144e-01
4047	9.957347e-01
4048	9.921030e-01
4049	9.870784e-01
4050	9.800185e-01
4051	9.725205e-01
4052	9.659043e-01
4053	9.612796e-01
4054	9.603814e-01
4055	9.608101e-01
4056	9.614101e-01
4057	9.644551e-01
4058	9.699115e-01
4059	9.747656e-01
4060	9.775191e-01
4061	9.807170e-01
4062	9.841269e-01
4063	9.887732e-01
4064	9.914086e-01
4065	9.917945e-01
4066	9.899000e-01
4067	9.878087e-01
4068	9.847164e-01
4069	9.796341e-01
4070	9.739811e-01
4071	9.671515e-01
4072	9.605277e-01
4073	9.570111e-01
4074	9.554631e-01
4075	9.586524e-01
4076	9.631344e-01
4077	9.685438e-01
4078	9.757632e-01
4079	9.831690e-01
4080	9.882105e-01
4081	9.914195e-01
4082	9.917478e-01
4083	9.900324e-01
4084	9.872680e-01
4085	9.826764e-01
4086	9.767489e-01
4087	9.707008e-01
4088	9.651124e-01
4089	9.595094e-01
4090	9.551171e-01
4091	9.529402e-01
4092	9.527211e-01
4093	9.555575e-01
4094	9.605493e-01
4095	9.664566e-01
4096	9.733003e-01
4097	9.793533e-01
4098	9.852318e-01
4099	9.874981e-01
4100	9.879795e-01
4101	9.867375e-01
4102	9.817797e-01
4103	9.767601e-01
4104	9.705494e-01
4105	9.653334e-01
4106	9.602371e-01
4107	9.554757e-01
4108	9.528125e-01
4109	9.518887e-01
4110	9.530877e-01
4111	9.569647e-01
4112	9.615736e-01
4113	9.663190e-01
4114	9.712583e-01
4115	9.753826e-01
4116	9.802695e-01
4117	9.837056e-01
4118	9.865492e-01
4119	9.875127e-01
4120	9.859657e-01
4121	9.824926e-01
4122	9.773078e-01
4123	9.717726e-01
4124	9.663947e-01
4125	9.613043e-01
4126	9.564952e-01
4127	9.533692e-01
4128	9.529305e-01
4129	9.539547e-01
4130	9.564497e-01
4131	9.617523e-01
4132	9.690449e-01
4133	9.749496e-01
4134	9.781429e-01
4135	9.815109e-01
4136	9.828754e-01
4137	9.833812e-01
4138	9.827487e-01
4139	9.803663e-01
4140	9.765965e-01
4141	9.728395e-01
4142	9.684710e-01
4143	9.640916e-01
4144	9.614374e-01
4145	9.590719e-01
4146	9.592745e-01
4147	9.619472e-01
4148	9.661661e-01
4149	9.717720e-01
4150	9.775880e-01
4151	9.832288e-01
4152	9.868171e-01
4153	9.896178e-01
4154	9.906649e-01
4155	9.886586e-01
4156	9.841370e-01
4157	9.788697e-01
4158	9.736595e-01
4159	9.685453e-01
4160	9.639211e-01
4161	9.608087e-01
4162	9.590069e-01
4163	9.602726e-01
4164	9.636171e-01
4165	9.678695e-01
4166	9.731430e-01
4167	9.791916e-01
4168	9.840478e-01
4169	9.876121e-01
4170	9.902643e-01
4171	9.912978e-01
4172	9.893227e-01
4173	9.850062e-01
4174	9.803560e-01
4175	9.746912e-01
4176	9.690870e-01
4177	9.648890e-01
4178	9.621303e-01
4179	9.616633e-01
4180	9.636309e-01
4181	9.695410e-01
4182	9.773593e-01
4183	9.869857e-01
4184	9.958944e-01
4185	1.004183e+00
4186	1.010312e+00
4187	1.013273e+00
4188	1.013907e+00
4189	1.010254e+00
4190	1.003600e+00
4191	9.963120e-01
4192	9.880080e-01
4193	9.795253e-01
4194	9.728055e-01
4195	9.679437e-01
4196	9.649670e-01
4197	9.646872e-01
4198	9.656957e-01
4199	9.683282e-01
4200	9.732956e-01
4201	9.809418e-01
4202	9.896148e-01
4203	9.982044e-01
4204	1.004111e+00
4205	1.007360e+00
4206	1.007334e+00
4207	1.003703e+00
4208	9.966010e-01
4209	9.873265e-01
4210	9.792281e-01
4211	9.706426e-01
4212	9.625339e-01
4213	9.563333e-01
4214	9.545566e-01
4215	9.564114e-01
4216	9.600534e-01
4217	9.663879e-01
4218	9.745443e-01
4219	9.837300e-01
4220	9.920861e-01
4221	9.993353e-01
4222	1.003582e+00
4223	1.005706e+00
4224	1.005104e+00
4225	1.002017e+00
4226	9.965494e-01
4227	9.895387e-01
4228	9.802347e-01
4229	9.731451e-01
4230	9.680477e-01
4231	9.646816e-01
4232	9.636308e-01
4233	9.671733e-01
4234	9.724369e-01
4235	9.788962e-01
4236	9.860899e-01
4237	9.925745e-01
4238	9.949310e-01
4239	9.968937e-01
4240	9.974183e-01
4241	9.940888e-01
4242	9.915860e-01
4243	9.870961e-01
4244	9.834612e-01
4245	9.781347e-01
4246	9.719617e-01
4247	9.674845e-01
4248	9.644936e-01
4249	9.629357e-01
4250	9.621330e-01
4251	9.644902e-01
4252	9.680891e-01
4253	9.713970e-01
4254	9.731465e-01
4255	9.752625e-01
4256	9.761534e-01
4257	9.753349e-01
4258	9.745713e-01
4259	9.729996e-01
4260	9.720612e-01
4261	9.703493e-01
4262	9.684888e-01
4263	9.668103e-01
4264	9.661930e-01
4265	9.658700e-01
4266	9.673090e-01
4267	9.702043e-01
4268	9.727045e-01
4269	9.740918e-01
4270	9.749897e-01
4271	9.757176e-01
4272	9.760682e-01
4273	9.753995e-01
4274	9.757492e-01
4275	9.765703e-01
4276	9.764860e-01
4277	9.755875e-01
4278	9.759038e-01
4279	9.768145e-01
4280	9.775100e-01
4281	9.780229e-01
4282	9.799002e-01
4283	9.827510e-01
4284	9.852782e-01
4285	9.878379e-01
4286	9.887061e-01
4287	9.871753e-01
4288	9.859395e-01
4289	9.835252e-01
4290	9.803786e-01
4291	9.765032e-01
4292	9.732843e-01
4293	9.720243e-01
4294	9.714355e-01
4295	9.721526e-01
4296	9.743336e-01
4297	9.769765e-01
4298	9.802453e-01
4299	9.827182e-01
4300	9.848227e-01
4301	9.857718e-01
4302	9.856005e-01
4303	9.852708e-01
4304	9.845992e-01
4305	9.833233e-01
4306	9.817961e-01
4307	9.795241e-01
4308	9.784931e-01
4309	9.764180e-01
4310	9.753739e-01
4311	9.738237e-01
4312	9.730856e-01
4313	9.726745e-01
4314	9.724807e-01
4315	9.726447e-01
4316	9.731022e-01
4317	9.739146e-01
4318	9.747559e-01
4319	9.762402e-01
4320	9.770136e-01
4321	9.760677e-01
4322	9.747650e-01
4323	9.727498e-01
4324	9.711494e-01
4325	9.708169e-01
4326	9.702270e-01
4327	9.701555e-01
4328	9.701823e-01
4329	9.700021e-01
4330	9.705692e-01
4331	9.718516e-01
4332	9.727287e-01
4333	9.752399e-01
4334	9.779133e-01
4335	9.813866e-01
4336	9.844994e-01
4337	9.854788e-01
4338	9.844315e-01
4339	9.824724e-01
4340	9.795219e-01
4341	9.755551e-01
4342	9.707233e-01
4343	9.663990e-01
4344	9.648027e-01
4345	9.661796e-01
4346	9.687640e-01
4347	9.732710e-01
4348	9.783111e-01
4349	9.841379e-01
4350	9.901877e-01
4351	9.938974e-01
4352	9.968240e-01
4353	9.980425e-01
4354	9.972058e-01
4355	9.935864e-01
4356	9.871486e-01
4357	9.798331e-01
4358	9.736655e-01
4359	9.689349e-01
4360	9.667950e-01
4361	9.665393e-01
4362	9.683790e-01
4363	9.718841e-01
4364	9.757089e-01
4365	9.814927e-01
4366	9.868294e-01
4367	9.921451e-01
4368	9.968212e-01
4369	9.991752e-01
4370	9.985926e-01
4371	9.952878e-01
4372	9.894695e-01
4373	9.830058e-01
4374	9.780559e-01
4375	9.721843e-01
4376	9.680258e-01
4377	9.657577e-01
4378	9.662827e-01
4379	9.704608e-01
4380	9.753177e-01
4381	9.809607e-01
4382	9.872866e-01
4383	9.929679e-01
4384	9.970134e-01
4385	1.000509e+00
4386	1.000755e+00
4387	1.000550e+00
4388	9.990801e-01
4389	9.942649e-01
4390	9.876827e-01
4391	9.812899e-01
4392	9.754605e-01
4393	9.690258e-01
4394	9.623570e-01
4395	9.574724e-01
4396	9.548932e-01
4397	9.560268e-01
4398	9.593744e-01
4399	9.633484e-01
4400	9.683520e-01
4401	9.755572e-01
4402	9.841745e-01
4403	9.909857e-01
4404	9.959499e-01
4405	9.983520e-01
4406	9.977242e-01
4407	9.944726e-01
4408	9.888775e-01
4409	9.813256e-01
4410	9.727668e-01
4411	9.637714e-01
4412	9.564920e-01
4413	9.511959e-01
4414	9.496924e-01
4415	9.528629e-01
4416	9.580759e-01
4417	9.659349e-01
4418	9.730716e-01
4419	9.808192e-01
4420	9.882852e-01
4421	9.936288e-01
4422	9.957485e-01
4423	9.952973e-01
4424	9.934745e-01
4425	9.899713e-01
4426	9.853605e-01
4427	9.781072e-01
4428	9.699610e-01
4429	9.620183e-01
4430	9.546315e-01
4431	9.508409e-01
4432	9.496236e-01
4433	9.503712e-01
4434	9.559578e-01
4435	9.639561e-01
4436	9.726409e-01
4437	9.820550e-01
4438	9.895906e-01
4439	9.950669e-01
4440	9.985089e-01
4441	9.985409e-01
4442	9.956175e-01
4443	9.910255e-01
4444	9.834606e-01
4445	9.742278e-01
4446	9.636327e-01
4447	9.542767e-01
4448	9.476461e-01
4449	9.440055e-01
4450	9.441640e-01
4451	9.477765e-01
4452	9.533766e-01
4453	9.610637e-01
4454	9.693879e-01
4455	9.781681e-01
4456	9.866911e-01
4457	9.944363e-01
4458	9.995282e-01
4459	1.003219e+00
4460	1.004028e+00
4461	1.001187e+00
4462	9.950080e-01
4463	9.854715e-01
4464	9.760747e-01
4465	9.666514e-01
4466	9.590225e-01
4467	9.528385e-01
4468	9.499156e-01
4469	9.508836e-01
4470	9.554909e-01
4471	9.639115e-01
4472	9.733118e-01
4473	9.846306e-01
4474	9.967856e-01
4475	1.005357e+00
4476	1.010967e+00
4477	1.012515e+00
4478	1.010421e+00
4479	1.005886e+00
4480	9.993200e-01
4481	9.907959e-01
4482	9.815383e-01
4483	9.720610e-01
4484	9.651913e-01
4485	9.612032e-01
4486	9.597251e-01
4487	9.612111e-01
4488	9.648077e-01
4489	9.698666e-01
4490	9.765786e-01
4491	9.824885e-01
4492	9.875547e-01
4493	9.928300e-01
4494	9.973823e-01
4495	9.987975e-01
4496	9.982446e-01
4497	9.963221e-01
4498	9.930540e-01
4499	9.879628e-01
4500	9.810467e-01
4501	9.739285e-01
4502	9.663262e-01
4503	9.605641e-01
4504	9.565481e-01
4505	9.542005e-01
4506	9.533948e-01
4507	9.550019e-01
4508	9.605963e-01
4509	9.683218e-01
4510	9.751344e-01
4511	9.806696e-01
4512	9.834124e-01
4513	9.849003e-01
4514	9.850718e-01
4515	9.851543e-01
4516	9.825256e-01
4517	9.772805e-01
4518	9.714196e-01
4519	9.653592e-01
4520	9.604508e-01
4521	9.579142e-01
4522	9.566694e-01
4523	9.557868e-01
4524	9.573090e-01
4525	9.607397e-01
4526	9.644643e-01
4527	9.681765e-01
4528	9.729563e-01
4529	9.781204e-01
4530	9.827453e-01
4531	9.867510e-01
4532	9.916407e-01
4533	9.942975e-01
4534	9.964071e-01
4535	9.971542e-01
4536	9.962998e-01
4537	9.924237e-01
4538	9.872462e-01
4539	9.807055e-01
4540	9.736224e-01
4541	9.660553e-01
4542	9.623450e-01
4543	9.598333e-01
4544	9.584686e-01
4545	9.578465e-01
4546	9.595544e-01
4547	9.626079e-01
4548	9.682817e-01
4549	9.741766e-01
4550	9.805593e-01
4551	9.854012e-01
4552	9.890258e-01
4553	9.911616e-01
4554	9.932016e-01
4555	9.941142e-01
4556	9.926714e-01
4557	9.895088e-01
4558	9.840569e-01
4559	9.780821e-01
4560	9.738919e-01
4561	9.702643e-01
4562	9.666476e-01
4563	9.637655e-01
4564	9.615782e-01
4565	9.597445e-01
4566	9.606352e-01
4567	9.633515e-01
4568	9.676256e-01
4569	9.737105e-01
4570	9.790128e-01
4571	9.849405e-01
4572	9.905872e-01
4573	9.930660e-01
4574	9.930107e-01
4575	9.909885e-01
4576	9.874617e-01
4577	9.833099e-01
4578	9.789581e-01
4579	9.736285e-01
4580	9.707219e-01
4581	9.690650e-01
4582	9.688631e-01
4583	9.699511e-01
4584	9.737247e-01
4585	9.767653e-01
4586	9.793792e-01
4587	9.813324e-01
4588	9.824394e-01
4589	9.820455e-01
4590	9.827157e-01
4591	9.826647e-01
4592	9.804550e-01
4593	9.788365e-01
4594	9.773430e-01
4595	9.758647e-01
4596	9.743519e-01
4597	9.729084e-01
4598	9.716088e-01
4599	9.717050e-01
4600	9.723963e-01
4601	9.724835e-01
4602	9.733292e-01
4603	9.728847e-01
4604	9.730517e-01
4605	9.731244e-01
4606	9.736332e-01
4607	9.752878e-01
4608	9.763644e-01
4609	9.743586e-01
4610	9.729591e-01
4611	9.724964e-01
4612	9.714534e-01
4613	9.710632e-01
4614	9.699470e-01
4615	9.710605e-01
4616	9.709959e-01
4617	9.695537e-01
4618	9.681140e-01
4619	9.674299e-01
4620	9.673889e-01
4621	9.683794e-01
4622	9.700580e-01
4623	9.710232e-01
4624	9.726303e-01
4625	9.742677e-01
4626	9.762997e-01
4627	9.761137e-01
4628	9.742921e-01
4629	9.720327e-01
4630	9.709797e-01
4631	9.691069e-01
4632	9.676008e-01
4633	9.654606e-01
4634	9.646264e-01
4635	9.642809e-01
4636	9.645528e-01
4637	9.671231e-01
4638	9.697950e-01
4639	9.726637e-01
4640	9.726989e-01
4641	9.708416e-01
4642	9.683468e-01
4643	9.655678e-01
4644	9.638720e-01
4645	9.624665e-01
4646	9.616469e-01
4647	9.604911e-01
4648	9.609635e-01
4649	9.621067e-01
4650	9.649240e-01
4651	9.677791e-01
4652	9.704775e-01
4653	9.709640e-01
4654	9.711829e-01
4655	9.700766e-01
4656	9.688050e-01
4657	9.681846e-01
4658	9.671189e-01
4659	9.665903e-01
4660	9.662037e-01
4661	9.642580e-01
4662	9.632449e-01
4663	9.632422e-01
4664	9.646086e-01
4665	9.656283e-01
4666	9.692789e-01
4667	9.742662e-01
4668	9.793094e-01
4669	9.837170e-01
4670	9.842067e-01
4671	9.833033e-01
4672	9.815397e-01
4673	9.801083e-01
4674	9.767335e-01
4675	9.729131e-01
4676	9.708080e-01
4677	9.684376e-01
4678	9.674858e-01
4679	9.680881e-01
4680	9.687167e-01
4681	9.709305e-01
4682	9.743234e-01
4683	9.783540e-01
4684	9.830154e-01
4685	9.861842e-01
4686	9.878635e-01
4687	9.886204e-01
4688	9.878906e-01
4689	9.874649e-01
4690	9.862503e-01
4691	9.843351e-01
4692	9.801906e-01
4693	9.763203e-01
4694	9.720484e-01
4695	9.668328e-01
4696	9.614657e-01
4697	9.569850e-01
4698	9.535931e-01
4699	9.540265e-01
4700	9.573700e-01
4701	9.634552e-01
4702	9.721487e-01
4703	9.812162e-01
4704	9.890776e-01
4705	9.962151e-01
4706	9.993782e-01
4707	9.994502e-01
4708	9.961542e-01
4709	9.896513e-01
4710	9.823215e-01
4711	9.736459e-01
4712	9.636900e-01
4713	9.529856e-01
4714	9.444560e-01
4715	9.375530e-01
4716	9.345771e-01
4717	9.339115e-01
4718	9.368282e-01
4719	9.431780e-01
4720	9.528921e-01
4721	9.634015e-01
4722	9.732173e-01
4723	9.829057e-01
4724	9.904242e-01
4725	9.942746e-01
4726	9.961264e-01
4727	9.941670e-01
4728	9.886869e-01
4729	9.796575e-01
4730	9.683110e-01
4731	9.563698e-01
4732	9.459357e-01
4733	9.386364e-01
4734	9.360216e-01
4735	9.380957e-01
4736	9.428073e-01
4737	9.500873e-01
4738	9.596295e-01
4739	9.695168e-01
4740	9.802811e-01
4741	9.901389e-01
4742	9.971084e-01
4743	1.001919e+00
4744	1.001937e+00
4745	9.985603e-01
4746	9.910932e-01
4747	9.813171e-01
4748	9.706326e-01
4749	9.598051e-01
4750	9.502019e-01
4751	9.435008e-01
4752	9.412014e-01
4753	9.425871e-01
4754	9.485013e-01
4755	9.575136e-01
4756	9.687907e-01
4757	9.803502e-01
4758	9.913843e-01
4759	9.997763e-01
4760	1.005878e+00
4761	1.008879e+00
4762	1.007944e+00
4763	1.003629e+00
4764	9.971844e-01
4765	9.871827e-01
4766	9.761230e-01
4767	9.650700e-01
4768	9.537460e-01
4769	9.440072e-01
4770	9.370828e-01
4771	9.330265e-01
4772	9.332585e-01
4773	9.383004e-01
4774	9.475378e-01
4775	9.590226e-01
4776	9.719347e-01
4777	9.845901e-01
4778	9.972333e-01
4779	1.008130e+00
4780	1.015414e+00
4781	1.018113e+00
4782	1.015750e+00
4783	1.008410e+00
4784	9.966130e-01
4785	9.822985e-01
4786	9.654627e-01
4787	9.491652e-01
4788	9.352229e-01
4789	9.251430e-01
4790	9.201397e-01
4791	9.213696e-01
4792	9.284453e-01
4793	9.388265e-01
4794	9.508499e-01
4795	9.649242e-01
4796	9.794959e-01
4797	9.918001e-01
4798	1.001985e+00
4799	1.008839e+00
4800	1.011754e+00
4801	1.008956e+00
4802	1.002617e+00
4803	9.928318e-01
4804	9.816730e-01
4805	9.697269e-01
4806	9.560163e-01
4807	9.437500e-01
4808	9.348918e-01
4809	9.306279e-01
4810	9.317467e-01
4811	9.376074e-01
4812	9.469019e-01
4813	9.596043e-01
4814	9.746280e-01
4815	9.885057e-01
4816	1.002307e+00
4817	1.012486e+00
4818	1.018688e+00
4819	1.019508e+00
4820	1.016189e+00
4821	1.009161e+00
4822	9.979894e-01
4823	9.838906e-01
4824	9.679699e-01
4825	9.528917e-01
4826	9.392209e-01
4827	9.287548e-01
4828	9.243553e-01
4829	9.253477e-01
4830	9.324039e-01
4831	9.440088e-01
4832	9.595665e-01
4833	9.761698e-01
4834	9.913521e-01
4835	1.004554e+00
4836	1.013748e+00
4837	1.017907e+00
4838	1.016782e+00
4839	1.009916e+00
4840	9.989414e-01
4841	9.846893e-01
4842	9.685516e-01
4843	9.506296e-01
4844	9.341712e-01
4845	9.220785e-01
4846	9.151281e-01
4847	9.154244e-01
4848	9.224959e-01
4849	9.343965e-01
4850	9.503230e-01
4851	9.690520e-01
4852	9.883463e-01
4853	1.005824e+00
4854	1.018070e+00
4855	1.025135e+00
4856	1.025519e+00
4857	1.020625e+00
4858	1.009295e+00
4859	9.913725e-01
4860	9.703433e-01
4861	9.498712e-01
4862	9.310364e-01
4863	9.176093e-01
4864	9.120289e-01
4865	9.147713e-01
4866	9.251999e-01
4867	9.417156e-01
4868	9.627667e-01
4869	9.847471e-01
4870	1.003551e+00
4871	1.017765e+00
4872	1.026276e+00
4873	1.025976e+00
4874	1.018429e+00
4875	1.003910e+00
4876	9.852284e-01
4877	9.649652e-01
4878	9.453766e-01
4879	9.297906e-01
4880	9.192519e-01
4881	9.166870e-01
4882	9.214859e-01
4883	9.309126e-01
4884	9.455798e-01
4885	9.626573e-01
4886	9.799412e-01
4887	9.953571e-01
4888	1.007840e+00
4889	1.015108e+00
4890	1.015951e+00
4891	1.009479e+00
4892	9.978675e-01
4893	9.831528e-01
4894	9.677146e-01
4895	9.518292e-01
4896	9.395289e-01
4897	9.312419e-01
4898	9.296528e-01
4899	9.339764e-01
4900	9.441625e-01
4901	9.568213e-01
4902	9.719997e-01
4903	9.881867e-01
4904	1.003321e+00
4905	1.014454e+00
4906	1.021921e+00
4907	1.024859e+00
4908	1.023522e+00
4909	1.016367e+00
4910	1.005888e+00
4911	9.921487e-01
4912	9.767729e-01
4913	9.624598e-01
4914	9.524458e-01
4915	9.457791e-01
4916	9.435646e-01
4917	9.467266e-01
4918	9.556209e-01
4919	9.667467e-01
4920	9.805306e-01
4921	9.952249e-01
4922	1.009905e+00
4923	1.020360e+00
4924	1.025837e+00
4925	1.026806e+00
4926	1.021796e+00
4927	1.011544e+00
4928	9.989629e-01
4929	9.838747e-01
4930	9.675809e-01
4931	9.537810e-01
4932	9.427119e-01
4933	9.364936e-01
4934	9.357577e-01
4935	9.391589e-01
4936	9.491147e-01
4937	9.635566e-01
4938	9.789064e-01
4939	9.935729e-01
4940	1.005372e+00
4941	1.012782e+00
4942	1.016770e+00
4943	1.016412e+00
4944	1.011733e+00
4945	1.003689e+00
4946	9.922310e-01
4947	9.779517e-01
4948	9.620222e-01
4949	9.469031e-01
4950	9.364933e-01
4951	9.298009e-01
4952	9.285835e-01
4953	9.347330e-01
4954	9.474111e-01
4955	9.628220e-01
4956	9.807543e-01
4957	9.990939e-01
4958	1.014962e+00
4959	1.027270e+00
4960	1.032429e+00
4961	1.030134e+00
4962	1.022035e+00
4963	1.008576e+00
4964	9.899298e-01
4965	9.686849e-01
4966	9.466105e-01
4967	9.258033e-01
4968	9.103293e-01
4969	9.020414e-01
4970	9.032202e-01
4971	9.139520e-01
4972	9.321274e-01
4973	9.557495e-01
4974	9.801893e-01
4975	1.004029e+00
4976	1.022977e+00
4977	1.037510e+00
4978	1.046646e+00
4979	1.046940e+00
4980	1.039396e+00
4981	1.025296e+00
4982	1.004956e+00
4983	9.807515e-01
4984	9.563586e-01
4985	9.331097e-01
4986	9.150561e-01
4987	9.049189e-01
4988	9.053694e-01
4989	9.166976e-01
4990	9.357407e-01
4991	9.589096e-01
4992	9.842992e-01
4993	1.009583e+00
4994	1.031185e+00
4995	1.046373e+00
4996	1.053666e+00
4997	1.052843e+00
4998	1.043198e+00
4999	1.026975e+00
