# Step	Measurement
1	1.065706e+02
2	1.055905e+02
3	1.047891e+02
4	1.039595e+02
5	1.033262e+02
6	1.026851e+02
7	1.021316e+02
8	1.016901e+02
9	1.013980e+02
10	1.010304e+02
11	1.007263e+02
12	1.004055e+02
13	1.000843e+02
14	9.985630e+01
15	9.962540e+01
16	9.944337e+01
17	9.933046e+01
18	9.920437e+01
19	9.912100e+01
20	9.913562e+01
21	9.929976e+01
22	9.959307e+01
23	1.000307e+02
24	1.005325e+02
25	1.010431e+02
26	1.016031e+02
27	1.021404e+02
28	1.026903e+02
29	1.032461e+02
30	1.038403e+02
31	1.044921e+02
32	1.052030e+02
33	1.058789e+02
34	1.066469e+02
35	1.074403e+02
36	1.082487e+02
37	1.091018e+02
38	1.099036e+02
39	1.106985e+02
40	1.114352e+02
41	1.120727e+02
42	1.125743e+02
43	1.129255e+02
44	1.130758e+02
45	1.131758e+02
46	1.132292e+02
47	1.130964e+02
48	1.129156e+02
49	1.127235e+02
50	1.124554e+02
51	1.120450e+02
52	1.116661e+02
53	1.112181e+02
54	1.107029e+02
55	1.101158e+02
56	1.093295e+02
57	1.084865e+02
58	1.077280e+02
59	1.069258e+02
60	1.060473e+02
61	1.052706e+02
62	1.045229e+02
63	1.038242e+02
64	1.030565e+02
65	1.023666e+02
66	1.016844e+02
67	1.011509e+02
68	1.006750e+02
69	1.002056e+02
70	9.983589e+01
71	9.953960e+01
72	9.938142e+01
73	9.934814e+01
74	9.947340e+01
75	9.963574e+01
76	9.998503e+01
77	1.005687e+02
78	1.011535e+02
79	1.018535e+02
80	1.026426e+02
81	1.034967e+02
82	1.043859e+02
83	1.053275e+02
84	1.063489e+02
85	1.074611e+02
86	1.085484e+02
87	1.095720e+02
88	1.107202e+02
89	1.117261e+02
90	1.126509e+02
91	1.135579e+02
92	1.144069e+02
93	1.150821e+02
94	1.156325e+02
95	1.160845e+02
96	1.163812e+02
97	1.165372e+02
98	1.165582e+02
99	1.163436e+02
100	1.159633e+02
101	1.154752e+02
102	1.149439e+02
103	1.143089e+02
104	1.135165e+02
105	1.125773e+02
106	1.115785e+02
107	1.105973e+02
108	1.095856e+02
109	1.085431e+02
110	1.075090e+02
111	1.064544e+02
112	1.054470e+02
113	1.045110e+02
114	1.035150e+02
115	1.026699e+02
116	1.018975e+02
117	1.012975e+02
118	1.008648e+02
119	1.005454e+02
120	1.003129e+02
121	1.002048e+02
122	1.002360e+02
123	1.004535e+02
124	1.007977e+02
125	1.012522e+02
126	1.017686e+02
127	1.023404e+02
128	1.029208e+02
129	1.036710e+02
130	1.044863e+02
131	1.053047e+02
132	1.059857e+02
133	1.066960e+02
134	1.074786e+02
135	1.081478e+02
136	1.087926e+02
137	1.093542e+02
138	1.100176e+02
139	1.106242e+02
140	1.112817e+02
141	1.118642e+02
142	1.124261e+02
143	1.129802e+02
144	1.134187e+02
145	1.137435e+02
146	1.140049e+02
147	1.142248e+02
148	1.143527e+02
149	1.144933e+02
150	1.145755e+02
151	1.146790e+02
152	1.147206e+02
153	1.147714e+02
154	1.145836e+02
155	1.142565e+02
156	1.138179e+02
157	1.132501e+02
158	1.125773e+02
159	1.119210e+02
160	1.111588e+02
161	1.104195e+02
162	1.098025e+02
163	1.093233e+02
164	1.089115e+02
165	1.085315e+02
166	1.081648e+02
167	1.079048e+02
168	1.076201e+02
169	1.073360e+02
170	1.070188e+02
171	1.067702e+02
172	1.066542e+02
173	1.066236e+02
174	1.067336e+02
175	1.069585e+02
176	1.071437e+02
177	1.073498e+02
178	1.073973e+02
179	1.075089e+02
180	1.075984e+02
181	1.077893e+02
182	1.078556e+02
183	1.079102e+02
184	1.080011e+02
185	1.081715e+02
186	1.082870e+02
187	1.083982e+02
188	1.086408e+02
189	1.089196e+02
190	1.091108e+02
191	1.092821e+02
192	1.094943e+02
193	1.096448e+02
194	1.096932e+02
195	1.097201e+02
196	1.096904e+02
197	1.096210e+02
198	1.095787e+02
199	1.096228e+02
200	1.096630e+02
201	1.096588e+02
202	1.096695e+02
203	1.097142e+02
204	1.096980e+02
205	1.096567e+02
206	1.095253e+02
207	1.093867e+02
208	1.092836e+02
209	1.092825e+02
210	1.092505e+02
211	1.091612e+02
212	1.089849e+02
213	1.088612e+02
214	1.087196e+02
215	1.085531e+02
216	1.083132e+02
217	1.081052e+02
218	1.078605e+02
219	1.075751e+02
220	1.074134e+02
221	1.071953e+02
222	1.069898e+02
223	1.067803e+02
224	1.066062e+02
225	1.064395e+02
226	1.063350e+02
227	1.063390e+02
228	1.063483e+02
229	1.062418e+02
230	1.061818e+02
231	1.060924e+02
232	1.060354e+02
233	1.059680e+02
234	1.059516e+02
235	1.060423e+02
236	1.062100e+02
237	1.063020e+02
238	1.064992e+02
239	1.066377e+02
240	1.068530e+02
241	1.071705e+02
242	1.074352e+02
243	1.078035e+02
244	1.082452e+02
245	1.086538e+02
246	1.089937e+02
247	1.092757e+02
248	1.095272e+02
249	1.097870e+02
250	1.100181e+02
251	1.103023e+02
252	1.105241e+02
253	1.107610e+02
254	1.109851e+02
255	1.111112e+02
256	1.111079e+02
257	1.111240e+02
258	1.110080e+02
259	1.107262e+02
260	1.103873e+02
261	1.100318e+02
262	1.095972e+02
263	1.090517e+02
264	1.084526e+02
265	1.078992e+02
266	1.073825e+02
267	1.068616e+02
268	1.063213e+02
269	1.058102e+02
270	1.053458e+02
271	1.049140e+02
272	1.044819e+02
273	1.041840e+02
274	1.040110e+02
275	1.039392e+02
276	1.040509e+02
277	1.042657e+02
278	1.046287e+02
279	1.050925e+02
280	1.056547e+02
281	1.063518e+02
282	1.071358e+02
283	1.078929e+02
284	1.085883e+02
285	1.092188e+02
286	1.098134e+02
287	1.103325e+02
288	1.106881e+02
289	1.109650e+02
290	1.112522e+02
291	1.115636e+02
292	1.117716e+02
293	1.119012e+02
294	1.120069e+02
295	1.120950e+02
296	1.120868e+02
297	1.118510e+02
298	1.115974e+02
299	1.113359e+02
300	1.110451e+02
301	1.106507e+02
302	1.100463e+02
303	1.094230e+02
304	1.088260e+02
305	1.081423e+02
306	1.074379e+02
307	1.067429e+02
308	1.059380e+02
309	1.051449e+02
310	1.043921e+02
311	1.037426e+02
312	1.031927e+02
313	1.027347e+02
314	1.022672e+02
315	1.018980e+02
316	1.017822e+02
317	1.017025e+02
318	1.017813e+02
319	1.020740e+02
320	1.025128e+02
321	1.030442e+02
322	1.036559e+02
323	1.043795e+02
324	1.052283e+02
325	1.062053e+02
326	1.073771e+02
327	1.085948e+02
328	1.097382e+02
329	1.108520e+02
330	1.118703e+02
331	1.128690e+02
332	1.137943e+02
333	1.145433e+02
334	1.153258e+02
335	1.159213e+02
336	1.163984e+02
337	1.167016e+02
338	1.168968e+02
339	1.170155e+02
340	1.170259e+02
341	1.169645e+02
342	1.168966e+02
343	1.167299e+02
344	1.165301e+02
345	1.162916e+02
346	1.159244e+02
347	1.153868e+02
348	1.146799e+02
349	1.139310e+02
350	1.131789e+02
351	1.123934e+02
352	1.115217e+02
353	1.106537e+02
354	1.097381e+02
355	1.087791e+02
356	1.078640e+02
357	1.068628e+02
358	1.059688e+02
359	1.052113e+02
360	1.046629e+02
361	1.041260e+02
362	1.036434e+02
363	1.032911e+02
364	1.029848e+02
365	1.029074e+02
366	1.029443e+02
367	1.030848e+02
368	1.032079e+02
369	1.034109e+02
370	1.036660e+02
371	1.040788e+02
372	1.045021e+02
373	1.050738e+02
374	1.056743e+02
375	1.063264e+02
376	1.069631e+02
377	1.075324e+02
378	1.079763e+02
379	1.084322e+02
380	1.088746e+02
381	1.092098e+02
382	1.094110e+02
383	1.096304e+02
384	1.098035e+02
385	1.099319e+02
386	1.101200e+02
387	1.104266e+02
388	1.107280e+02
389	1.109619e+02
390	1.112057e+02
391	1.113155e+02
392	1.112757e+02
393	1.110668e+02
394	1.108185e+02
395	1.106092e+02
396	1.103838e+02
397	1.102388e+02
398	1.100902e+02
399	1.098249e+02
400	1.095384e+02
401	1.091873e+02
402	1.086683e+02
403	1.081114e+02
404	1.075011e+02
405	1.069138e+02
406	1.062831e+02
407	1.057396e+02
408	1.052452e+02
409	1.049089e+02
410	1.046159e+02
411	1.043778e+02
412	1.041529e+02
413	1.040965e+02
414	1.041061e+02
415	1.041453e+02
416	1.042314e+02
417	1.044800e+02
418	1.047462e+02
419	1.050508e+02
420	1.053272e+02
421	1.056158e+02
422	1.060050e+02
423	1.066106e+02
424	1.072202e+02
425	1.078620e+02
426	1.084902e+02
427	1.092182e+02
428	1.099574e+02
429	1.107707e+02
430	1.115816e+02
431	1.122117e+02
432	1.128693e+02
433	1.133959e+02
434	1.136731e+02
435	1.138041e+02
436	1.138157e+02
437	1.137094e+02
438	1.135708e+02
439	1.133844e+02
440	1.131330e+02
441	1.128476e+02
442	1.124505e+02
443	1.119823e+02
444	1.115625e+02
445	1.110820e+02
446	1.106278e+02
447	1.100848e+02
448	1.095149e+02
449	1.088134e+02
450	1.081087e+02
451	1.074701e+02
452	1.067920e+02
453	1.060742e+02
454	1.052912e+02
455	1.046321e+02
456	1.039898e+02
457	1.034433e+02
458	1.028330e+02
459	1.023048e+02
460	1.018458e+02
461	1.014065e+02
462	1.010351e+02
463	1.007979e+02
464	1.007032e+02
465	1.006772e+02
466	1.007250e+02
467	1.008361e+02
468	1.011153e+02
469	1.014190e+02
470	1.017137e+02
471	1.020872e+02
472	1.024987e+02
473	1.031335e+02
474	1.038975e+02
475	1.047478e+02
476	1.055609e+02
477	1.062790e+02
478	1.071590e+02
479	1.079751e+02
480	1.088411e+02
481	1.097494e+02
482	1.106075e+02
483	1.114744e+02
484	1.123415e+02
485	1.131425e+02
486	1.137882e+02
487	1.143048e+02
488	1.146546e+02
489	1.148607e+02
490	1.148992e+02
491	1.147665e+02
492	1.144788e+02
493	1.140695e+02
494	1.135222e+02
495	1.129857e+02
496	1.123337e+02
497	1.116377e+02
498	1.107890e+02
499	1.099016e+02
500	1.090168e+02
501	1.080873e+02
502	1.071417e+02
503	1.061124e+02
504	1.051213e+02
505	1.041280e+02
506	1.032025e+02
507	1.024761e+02
508	1.019720e+02
509	1.014710e+02
510	1.009996e+02
511	1.004814e+02
512	1.001350e+02
513	9.991762e+01
514	9.972126e+01
515	9.961830e+01
516	9.973762e+01
517	9.996870e+01
518	1.002415e+02
519	1.006000e+02
520	1.011590e+02
521	1.017995e+02
522	1.025754e+02
523	1.034141e+02
524	1.043667e+02
525	1.053649e+02
526	1.063855e+02
527	1.072609e+02
528	1.082013e+02
529	1.092287e+02
530	1.102388e+02
531	1.111607e+02
532	1.120082e+02
533	1.127871e+02
534	1.134264e+02
535	1.140938e+02
536	1.147594e+02
537	1.153636e+02
538	1.160414e+02
539	1.165505e+02
540	1.168443e+02
541	1.170119e+02
542	1.168670e+02
543	1.165019e+02
544	1.159211e+02
545	1.151485e+02
546	1.142366e+02
547	1.132409e+02
548	1.121224e+02
549	1.109304e+02
550	1.096479e+02
551	1.083446e+02
552	1.070104e+02
553	1.056461e+02
554	1.042320e+02
555	1.028172e+02
556	1.015008e+02
557	1.001750e+02
558	9.892891e+01
559	9.783106e+01
560	9.685555e+01
561	9.611242e+01
562	9.539224e+01
563	9.482284e+01
564	9.448097e+01
565	9.432517e+01
566	9.438030e+01
567	9.459927e+01
568	9.502877e+01
569	9.550836e+01
570	9.617843e+01
571	9.684920e+01
572	9.759775e+01
573	9.854594e+01
574	9.960520e+01
575	1.007972e+02
576	1.020035e+02
577	1.031835e+02
578	1.044032e+02
579	1.056927e+02
580	1.070088e+02
581	1.082013e+02
582	1.092795e+02
583	1.102443e+02
584	1.111655e+02
585	1.119375e+02
586	1.126091e+02
587	1.131789e+02
588	1.136148e+02
589	1.138934e+02
590	1.141355e+02
591	1.141970e+02
592	1.141673e+02
593	1.138866e+02
594	1.135478e+02
595	1.131377e+02
596	1.126887e+02
597	1.119988e+02
598	1.112340e+02
599	1.104841e+02
600	1.095725e+02
601	1.086206e+02
602	1.075611e+02
603	1.065430e+02
604	1.055114e+02
605	1.045147e+02
606	1.036482e+02
607	1.029609e+02
608	1.022772e+02
609	1.017940e+02
610	1.013795e+02
611	1.011524e+02
612	1.009915e+02
613	1.008898e+02
614	1.008564e+02
615	1.009819e+02
616	1.012157e+02
617	1.016599e+02
618	1.020781e+02
619	1.025276e+02
620	1.030212e+02
621	1.035777e+02
622	1.042247e+02
623	1.049207e+02
624	1.056678e+02
625	1.064896e+02
626	1.073330e+02
627	1.082682e+02
628	1.091465e+02
629	1.099064e+02
630	1.105446e+02
631	1.111641e+02
632	1.117048e+02
633	1.120937e+02
634	1.124524e+02
635	1.126624e+02
636	1.127839e+02
637	1.127016e+02
638	1.124685e+02
639	1.121409e+02
640	1.116958e+02
641	1.111022e+02
642	1.104634e+02
643	1.096955e+02
644	1.089374e+02
645	1.081044e+02
646	1.072725e+02
647	1.064007e+02
648	1.055242e+02
649	1.046563e+02
650	1.038735e+02
651	1.031756e+02
652	1.026443e+02
653	1.023204e+02
654	1.020250e+02
655	1.017701e+02
656	1.015971e+02
657	1.015271e+02
658	1.015979e+02
659	1.017148e+02
660	1.018587e+02
661	1.020814e+02
662	1.023775e+02
663	1.026914e+02
664	1.031229e+02
665	1.034553e+02
666	1.038627e+02
667	1.041742e+02
668	1.044829e+02
669	1.047654e+02
670	1.051316e+02
671	1.054763e+02
672	1.058130e+02
673	1.062610e+02
674	1.068174e+02
675	1.074420e+02
676	1.081703e+02
677	1.087786e+02
678	1.093944e+02
679	1.100491e+02
680	1.107448e+02
681	1.115516e+02
682	1.122871e+02
683	1.129684e+02
684	1.136868e+02
685	1.142839e+02
686	1.147737e+02
687	1.151148e+02
688	1.154293e+02
689	1.155957e+02
690	1.157509e+02
691	1.157832e+02
692	1.156862e+02
693	1.154667e+02
694	1.150951e+02
695	1.146348e+02
696	1.140505e+02
697	1.134133e+02
698	1.126430e+02
699	1.117773e+02
700	1.109610e+02
701	1.100952e+02
702	1.091912e+02
703	1.082945e+02
704	1.073022e+02
705	1.063398e+02
706	1.054007e+02
707	1.045259e+02
708	1.036705e+02
709	1.029576e+02
710	1.023050e+02
711	1.018899e+02
712	1.016460e+02
713	1.014648e+02
714	1.013506e+02
715	1.012451e+02
716	1.012695e+02
717	1.013678e+02
718	1.015924e+02
719	1.020297e+02
720	1.025051e+02
721	1.030389e+02
722	1.036694e+02
723	1.042830e+02
724	1.048379e+02
725	1.054778e+02
726	1.061011e+02
727	1.066375e+02
728	1.071039e+02
729	1.075601e+02
730	1.079836e+02
731	1.082470e+02
732	1.084388e+02
733	1.084629e+02
734	1.084889e+02
735	1.084259e+02
736	1.083510e+02
737	1.081360e+02
738	1.078357e+02
739	1.074791e+02
740	1.071070e+02
741	1.067058e+02
742	1.064327e+02
743	1.061130e+02
744	1.058000e+02
745	1.054861e+02
746	1.053003e+02
747	1.051616e+02
748	1.049902e+02
749	1.047962e+02
750	1.047407e+02
751	1.047265e+02
752	1.049017e+02
753	1.051377e+02
754	1.055139e+02
755	1.059426e+02
756	1.065290e+02
757	1.070550e+02
758	1.076802e+02
759	1.082235e+02
760	1.087563e+02
761	1.092510e+02
762	1.096929e+02
763	1.101439e+02
764	1.104221e+02
765	1.105877e+02
766	1.106523e+02
767	1.107611e+02
768	1.109145e+02
769	1.110750e+02
770	1.111948e+02
771	1.112926e+02
772	1.112768e+02
773	1.112424e+02
774	1.112406e+02
775	1.111774e+02
776	1.111365e+02
777	1.110492e+02
778	1.108544e+02
779	1.107317e+02
780	1.106012e+02
781	1.103290e+02
782	1.100171e+02
783	1.097931e+02
784	1.095657e+02
785	1.093680e+02
786	1.090645e+02
787	1.087691e+02
788	1.085498e+02
789	1.082164e+02
790	1.077770e+02
791	1.073886e+02
792	1.070836e+02
793	1.068294e+02
794	1.065806e+02
795	1.064541e+02
796	1.064792e+02
797	1.064598e+02
798	1.064523e+02
799	1.065900e+02
800	1.068217e+02
801	1.071582e+02
802	1.076042e+02
803	1.081258e+02
804	1.087414e+02
805	1.092572e+02
806	1.098202e+02
807	1.103735e+02
808	1.107793e+02
809	1.111208e+02
810	1.114127e+02
811	1.116905e+02
812	1.117785e+02
813	1.117881e+02
814	1.117582e+02
815	1.116625e+02
816	1.114667e+02
817	1.111203e+02
818	1.107048e+02
819	1.101091e+02
820	1.094975e+02
821	1.088992e+02
822	1.082995e+02
823	1.075968e+02
824	1.069166e+02
825	1.063744e+02
826	1.058071e+02
827	1.053772e+02
828	1.048377e+02
829	1.043124e+02
830	1.038092e+02
831	1.032456e+02
832	1.027508e+02
833	1.023209e+02
834	1.019556e+02
835	1.016863e+02
836	1.015582e+02
837	1.015740e+02
838	1.018363e+02
839	1.020648e+02
840	1.023049e+02
841	1.026990e+02
842	1.031573e+02
843	1.036774e+02
844	1.042840e+02
845	1.049079e+02
846	1.055865e+02
847	1.063697e+02
848	1.072362e+02
849	1.081265e+02
850	1.090102e+02
851	1.099196e+02
852	1.107840e+02
853	1.117097e+02
854	1.125325e+02
855	1.132212e+02
856	1.137969e+02
857	1.143419e+02
858	1.146788e+02
859	1.149947e+02
860	1.152666e+02
861	1.153700e+02
862	1.152521e+02
863	1.149470e+02
864	1.145139e+02
865	1.138930e+02
866	1.131713e+02
867	1.124013e+02
868	1.115557e+02
869	1.106960e+02
870	1.100008e+02
871	1.093061e+02
872	1.086051e+02
873	1.078522e+02
874	1.070682e+02
875	1.063835e+02
876	1.057975e+02
877	1.052806e+02
878	1.048332e+02
879	1.044570e+02
880	1.041353e+02
881	1.039728e+02
882	1.039033e+02
883	1.037513e+02
884	1.037012e+02
885	1.037912e+02
886	1.038799e+02
887	1.040135e+02
888	1.041941e+02
889	1.044368e+02
890	1.046993e+02
891	1.051341e+02
892	1.057070e+02
893	1.063410e+02
894	1.069910e+02
895	1.076789e+02
896	1.082423e+02
897	1.088486e+02
898	1.095359e+02
899	1.101963e+02
900	1.109432e+02
901	1.117567e+02
902	1.125646e+02
903	1.133098e+02
904	1.139474e+02
905	1.146415e+02
906	1.153267e+02
907	1.159996e+02
908	1.166212e+02
909	1.172755e+02
910	1.176599e+02
911	1.179296e+02
912	1.180565e+02
913	1.180522e+02
914	1.178170e+02
915	1.173783e+02
916	1.168085e+02
917	1.161725e+02
918	1.155662e+02
919	1.148758e+02
920	1.141068e+02
921	1.132871e+02
922	1.123618e+02
923	1.114677e+02
924	1.105527e+02
925	1.096023e+02
926	1.087045e+02
927	1.078427e+02
928	1.069995e+02
929	1.062134e+02
930	1.054896e+02
931	1.047516e+02
932	1.040445e+02
933	1.035079e+02
934	1.030026e+02
935	1.025506e+02
936	1.022117e+02
937	1.020067e+02
938	1.020096e+02
939	1.021096e+02
940	1.023953e+02
941	1.027628e+02
942	1.032277e+02
943	1.038393e+02
944	1.045341e+02
945	1.053010e+02
946	1.061736e+02
947	1.070361e+02
948	1.079738e+02
949	1.090649e+02
950	1.102292e+02
951	1.113864e+02
952	1.126280e+02
953	1.138415e+02
954	1.148878e+02
955	1.157911e+02
956	1.165978e+02
957	1.172901e+02
958	1.179133e+02
959	1.182960e+02
960	1.185867e+02
961	1.186100e+02
962	1.185149e+02
963	1.182852e+02
964	1.180548e+02
965	1.176833e+02
966	1.172443e+02
967	1.166664e+02
968	1.159424e+02
969	1.151293e+02
970	1.141286e+02
971	1.129772e+02
972	1.118013e+02
973	1.105715e+02
974	1.093170e+02
975	1.081625e+02
976	1.068871e+02
977	1.057352e+02
978	1.046052e+02
979	1.034897e+02
980	1.025043e+02
981	1.016581e+02
982	1.008756e+02
983	1.002899e+02
984	9.978947e+01
985	9.941481e+01
986	9.920814e+01
987	9.912806e+01
988	9.929193e+01
989	9.950428e+01
990	9.979343e+01
991	1.001685e+02
992	1.007033e+02
993	1.013443e+02
994	1.020460e+02
995	1.028772e+02
996	1.037779e+02
997	1.047543e+02
998	1.057717e+02
999	1.066813e+02
1000	1.077301e+02
1001	1.086339e+02
1002	1.095199e+02
1003	1.103668e+02
1004	1.110687e+02
1005	1.116157e+02
1006	1.119401e+02
1007	1.120850e+02
1008	1.122007e+02
1009	1.122924e+02
1010	1.123382e+02
1011	1.122571e+02
1012	1.121285e+02
1013	1.118703e+02
1014	1.116152e+02
1015	1.113639e+02
1016	1.111390e+02
1017	1.108280e+02
1018	1.106360e+02
1019	1.105591e+02
1020	1.104377e+02
1021	1.103432e+02
1022	1.102000e+02
1023	1.100197e+02
1024	1.098811e+02
1025	1.098095e+02
1026	1.097339e+02
1027	1.096714e+02
1028	1.094786e+02
1029	1.092978e+02
1030	1.090311e+02
1031	1.087650e+02
1032	1.085486e+02
1033	1.084409e+02
1034	1.082361e+02
1035	1.079907e+02
1036	1.077550e+02
1037	1.075359e+02
1038	1.073086e+02
1039	1.071487e+02
1040	1.070051e+02
1041	1.069262e+02
1042	1.069388e+02
1043	1.069513e+02
1044	1.070399e+02
1045	1.071401e+02
1046	1.072980e+02
1047	1.073613e+02
1048	1.074194e+02
1049	1.074696e+02
1050	1.075758e+02
1051	1.075648e+02
1052	1.075339e+02
1053	1.075904e+02
1054	1.077248e+02
1055	1.078366e+02
1056	1.081464e+02
1057	1.085050e+02
1058	1.089851e+02
1059	1.093796e+02
1060	1.096899e+02
1061	1.101022e+02
1062	1.105208e+02
1063	1.108551e+02
1064	1.112902e+02
1065	1.117035e+02
1066	1.121007e+02
1067	1.124946e+02
1068	1.127623e+02
1069	1.129532e+02
1070	1.129895e+02
1071	1.130331e+02
1072	1.129660e+02
1073	1.128164e+02
1074	1.126326e+02
1075	1.123697e+02
1076	1.120778e+02
1077	1.116053e+02
1078	1.109749e+02
1079	1.103432e+02
1080	1.097117e+02
1081	1.091819e+02
1082	1.087076e+02
1083	1.084358e+02
1084	1.082308e+02
1085	1.080857e+02
1086	1.079408e+02
1087	1.077597e+02
1088	1.076795e+02
1089	1.076277e+02
1090	1.075222e+02
1091	1.074514e+02
1092	1.073617e+02
1093	1.072995e+02
1094	1.072320e+02
1095	1.070761e+02
1096	1.069005e+02
1097	1.067981e+02
1098	1.068084e+02
1099	1.068797e+02
1100	1.070481e+02
1101	1.071410e+02
1102	1.072862e+02
1103	1.073960e+02
1104	1.075416e+02
1105	1.076564e+02
1106	1.077924e+02
1107	1.079471e+02
1108	1.081734e+02
1109	1.085140e+02
1110	1.088928e+02
1111	1.092935e+02
1112	1.097251e+02
1113	1.101697e+02
1114	1.105047e+02
1115	1.108144e+02
1116	1.110862e+02
1117	1.111648e+02
1118	1.112265e+02
1119	1.112689e+02
1120	1.112395e+02
1121	1.112572e+02
1122	1.111081e+02
1123	1.109688e+02
1124	1.106743e+02
1125	1.102621e+02
1126	1.098232e+02
1127	1.093001e+02
1128	1.087362e+02
1129	1.080623e+02
1130	1.073445e+02
1131	1.066318e+02
1132	1.058979e+02
1133	1.051556e+02
1134	1.044050e+02
1135	1.036487e+02
1136	1.029182e+02
1137	1.023411e+02
1138	1.018380e+02
1139	1.015290e+02
1140	1.012038e+02
1141	1.009432e+02
1142	1.006898e+02
1143	1.006103e+02
1144	1.005773e+02
1145	1.005566e+02
1146	1.006140e+02
1147	1.007465e+02
1148	1.009289e+02
1149	1.011200e+02
1150	1.012788e+02
1151	1.014381e+02
1152	1.017913e+02
1153	1.022441e+02
1154	1.027363e+02
1155	1.033769e+02
1156	1.040112e+02
1157	1.046593e+02
1158	1.052191e+02
1159	1.057110e+02
1160	1.060696e+02
1161	1.063948e+02
1162	1.067233e+02
1163	1.070727e+02
1164	1.073817e+02
1165	1.077196e+02
1166	1.080024e+02
1167	1.082558e+02
1168	1.083539e+02
1169	1.084504e+02
1170	1.084635e+02
1171	1.083011e+02
1172	1.080097e+02
1173	1.076615e+02
1174	1.073173e+02
1175	1.069263e+02
1176	1.065510e+02
1177	1.061231e+02
1178	1.056691e+02
1179	1.052748e+02
1180	1.048687e+02
1181	1.044047e+02
1182	1.040480e+02
1183	1.038007e+02
1184	1.035052e+02
1185	1.033372e+02
1186	1.032083e+02
1187	1.031896e+02
1188	1.031187e+02
1189	1.030745e+02
1190	1.031048e+02
1191	1.031157e+02
1192	1.031601e+02
1193	1.032972e+02
1194	1.036768e+02
1195	1.041794e+02
1196	1.048027e+02
1197	1.054886e+02
1198	1.060015e+02
1199	1.065481e+02
1200	1.072051e+02
1201	1.079152e+02
1202	1.085248e+02
1203	1.091784e+02
1204	1.097845e+02
1205	1.103722e+02
1206	1.110365e+02
1207	1.116271e+02
1208	1.121030e+02
1209	1.125095e+02
1210	1.127912e+02
1211	1.129260e+02
1212	1.130719e+02
1213	1.131664e+02
1214	1.131976e+02
1215	1.131484e+02
1216	1.129533e+02
1217	1.126692e+02
1218	1.123825e+02
1219	1.119596e+02
1220	1.113614e+02
1221	1.106973e+02
1222	1.099942e+02
1223	1.091493e+02
1224	1.082148e+02
1225	1.072951e+02
1226	1.063656e+02
1227	1.053548e+02
1228	1.043327e+02
1229	1.033291e+02
1230	1.023276e+02
1231	1.013639e+02
1232	1.005164e+02
1233	9.987345e+01
1234	9.933841e+01
1235	9.893709e+01
1236	9.881812e+01
1237	9.888761e+01
1238	9.917635e+01
1239	9.973880e+01
1240	1.004790e+02
1241	1.013492e+02
1242	1.023509e+02
1243	1.035303e+02
1244	1.048972e+02
1245	1.062612e+02
1246	1.076154e+02
1247	1.089551e+02
1248	1.102935e+02
1249	1.115500e+02
1250	1.126806e+02
1251	1.136381e+02
1252	1.145116e+02
1253	1.153423e+02
1254	1.160570e+02
1255	1.166770e+02
1256	1.173153e+02
1257	1.178725e+02
1258	1.183513e+02
1259	1.186333e+02
1260	1.187966e+02
1261	1.187640e+02
1262	1.185290e+02
1263	1.180548e+02
1264	1.173744e+02
1265	1.165431e+02
1266	1.156161e+02
1267	1.145830e+02
1268	1.134449e+02
1269	1.122440e+02
1270	1.109766e+02
1271	1.095425e+02
1272	1.083209e+02
1273	1.071391e+02
1274	1.060117e+02
1275	1.049050e+02
1276	1.038329e+02
1277	1.028861e+02
1278	1.019835e+02
1279	1.012666e+02
1280	1.006866e+02
1281	1.001461e+02
1282	9.956544e+01
1283	9.918586e+01
1284	9.893623e+01
1285	9.880856e+01
1286	9.889010e+01
1287	9.915749e+01
1288	9.966302e+01
1289	1.002808e+02
1290	1.009516e+02
1291	1.018782e+02
1292	1.028982e+02
1293	1.039321e+02
1294	1.048500e+02
1295	1.058339e+02
1296	1.067621e+02
1297	1.075952e+02
1298	1.085302e+02
1299	1.094628e+02
1300	1.102791e+02
1301	1.111110e+02
1302	1.118192e+02
1303	1.124552e+02
1304	1.131107e+02
1305	1.136730e+02
1306	1.142313e+02
1307	1.147195e+02
1308	1.151096e+02
1309	1.153352e+02
1310	1.155076e+02
1311	1.154870e+02
1312	1.153233e+02
1313	1.149378e+02
1314	1.144308e+02
1315	1.137882e+02
1316	1.131784e+02
1317	1.125462e+02
1318	1.118811e+02
1319	1.111786e+02
1320	1.105211e+02
1321	1.097939e+02
1322	1.090621e+02
1323	1.082425e+02
1324	1.075509e+02
1325	1.069130e+02
1326	1.062593e+02
1327	1.057124e+02
1328	1.051026e+02
1329	1.046782e+02
1330	1.043762e+02
1331	1.041843e+02
1332	1.041252e+02
1333	1.041437e+02
1334	1.042565e+02
1335	1.044585e+02
1336	1.046605e+02
1337	1.050305e+02
1338	1.054534e+02
1339	1.059829e+02
1340	1.066222e+02
1341	1.071166e+02
1342	1.076188e+02
1343	1.080674e+02
1344	1.085122e+02
1345	1.090086e+02
1346	1.093843e+02
1347	1.097323e+02
1348	1.100574e+02
1349	1.104648e+02
1350	1.108188e+02
1351	1.112493e+02
1352	1.116558e+02
1353	1.119379e+02
1354	1.120748e+02
1355	1.121225e+02
1356	1.121110e+02
1357	1.121188e+02
1358	1.121366e+02
1359	1.120078e+02
1360	1.118222e+02
1361	1.115179e+02
1362	1.111770e+02
1363	1.107840e+02
1364	1.104367e+02
1365	1.100552e+02
1366	1.097918e+02
1367	1.096339e+02
1368	1.094800e+02
1369	1.093711e+02
1370	1.093178e+02
1371	1.092818e+02
1372	1.092577e+02
1373	1.092782e+02
1374	1.092265e+02
1375	1.092148e+02
1376	1.091885e+02
1377	1.090829e+02
1378	1.089387e+02
1379	1.087456e+02
1380	1.084524e+02
1381	1.080487e+02
1382	1.076069e+02
1383	1.070892e+02
1384	1.065018e+02
1385	1.059228e+02
1386	1.054471e+02
1387	1.050391e+02
1388	1.048230e+02
1389	1.046819e+02
1390	1.046029e+02
1391	1.045451e+02
1392	1.043634e+02
1393	1.041361e+02
1394	1.039268e+02
1395	1.038191e+02
1396	1.038590e+02
1397	1.039181e+02
1398	1.040734e+02
1399	1.042730e+02
1400	1.044664e+02
1401	1.046849e+02
1402	1.050148e+02
1403	1.052492e+02
1404	1.053994e+02
1405	1.056137e+02
1406	1.058861e+02
1407	1.061653e+02
1408	1.062733e+02
1409	1.063517e+02
1410	1.063751e+02
1411	1.065064e+02
1412	1.066107e+02
1413	1.067804e+02
1414	1.069704e+02
1415	1.071643e+02
1416	1.074225e+02
1417	1.076699e+02
1418	1.078688e+02
1419	1.081822e+02
1420	1.085405e+02
1421	1.088552e+02
1422	1.092054e+02
1423	1.095337e+02
1424	1.098519e+02
1425	1.100891e+02
1426	1.103338e+02
1427	1.105499e+02
1428	1.107904e+02
1429	1.109812e+02
1430	1.111554e+02
1431	1.112519e+02
1432	1.113972e+02
1433	1.116087e+02
1434	1.118393e+02
1435	1.121346e+02
1436	1.124313e+02
1437	1.127261e+02
1438	1.130244e+02
1439	1.134943e+02
1440	1.138709e+02
1441	1.141615e+02
1442	1.144957e+02
1443	1.149593e+02
1444	1.154915e+02
1445	1.159232e+02
1446	1.162647e+02
1447	1.164906e+02
1448	1.165683e+02
1449	1.165300e+02
1450	1.165706e+02
1451	1.164833e+02
1452	1.162553e+02
1453	1.160563e+02
1454	1.158452e+02
1455	1.155469e+02
1456	1.152151e+02
1457	1.148482e+02
1458	1.145111e+02
1459	1.141959e+02
1460	1.139196e+02
1461	1.137600e+02
1462	1.135271e+02
1463	1.132536e+02
1464	1.130025e+02
1465	1.126403e+02
1466	1.122249e+02
1467	1.118602e+02
1468	1.114552e+02
1469	1.111165e+02
1470	1.107855e+02
1471	1.103333e+02
1472	1.098194e+02
1473	1.092634e+02
1474	1.087414e+02
1475	1.083378e+02
1476	1.079862e+02
1477	1.076549e+02
1478	1.076251e+02
1479	1.077230e+02
1480	1.078982e+02
1481	1.081846e+02
1482	1.084878e+02
1483	1.088022e+02
1484	1.091176e+02
1485	1.096322e+02
1486	1.101716e+02
1487	1.106398e+02
1488	1.111727e+02
1489	1.116311e+02
1490	1.121123e+02
1491	1.125248e+02
1492	1.128385e+02
1493	1.130568e+02
1494	1.132953e+02
1495	1.135876e+02
1496	1.138949e+02
1497	1.140775e+02
1498	1.142436e+02
1499	1.142648e+02
1500	1.141941e+02
1501	1.139556e+02
1502	1.136682e+02
1503	1.133061e+02
1504	1.129301e+02
1505	1.125422e+02
1506	1.121950e+02
1507	1.118991e+02
1508	1.115726e+02
1509	1.112870e+02
1510	1.111655e+02
1511	1.109079e+02
1512	1.106225e+02
1513	1.104354e+02
1514	1.103777e+02
1515	1.102880e+02
1516	1.102520e+02
1517	1.103209e+02
1518	1.105452e+02
1519	1.108894e+02
1520	1.113801e+02
1521	1.118868e+02
1522	1.125023e+02
1523	1.130995e+02
1524	1.138110e+02
1525	1.145222e+02
1526	1.152504e+02
1527	1.159594e+02
1528	1.165841e+02
1529	1.171370e+02
1530	1.176607e+02
1531	1.182295e+02
1532	1.185922e+02
1533	1.189067e+02
1534	1.192137e+02
1535	1.193680e+02
1536	1.193521e+02
1537	1.191390e+02
1538	1.188559e+02
1539	1.184511e+02
1540	1.177550e+02
1541	1.168970e+02
1542	1.160188e+02
1543	1.151385e+02
1544	1.141417e+02
1545	1.132111e+02
1546	1.123380e+02
1547	1.113800e+02
1548	1.103571e+02
1549	1.092840e+02
1550	1.082532e+02
1551	1.073237e+02
1552	1.065753e+02
1553	1.059611e+02
1554	1.053349e+02
1555	1.047420e+02
1556	1.042409e+02
1557	1.038809e+02
1558	1.036811e+02
1559	1.036172e+02
1560	1.035937e+02
1561	1.036284e+02
1562	1.036670e+02
1563	1.038073e+02
1564	1.040949e+02
1565	1.044812e+02
1566	1.048929e+02
1567	1.052058e+02
1568	1.054927e+02
1569	1.058288e+02
1570	1.061315e+02
1571	1.064839e+02
1572	1.068678e+02
1573	1.072938e+02
1574	1.076462e+02
1575	1.079436e+02
1576	1.082294e+02
1577	1.084566e+02
1578	1.086641e+02
1579	1.088539e+02
1580	1.089786e+02
1581	1.090273e+02
1582	1.089340e+02
1583	1.087720e+02
1584	1.086280e+02
1585	1.085048e+02
1586	1.083485e+02
1587	1.080922e+02
1588	1.080035e+02
1589	1.079102e+02
1590	1.077015e+02
1591	1.074907e+02
1592	1.073150e+02
1593	1.071388e+02
1594	1.069849e+02
1595	1.068755e+02
1596	1.067689e+02
1597	1.067558e+02
1598	1.067865e+02
1599	1.068995e+02
1600	1.071612e+02
1601	1.075889e+02
1602	1.080666e+02
1603	1.086054e+02
1604	1.091688e+02
1605	1.097735e+02
1606	1.103635e+02
1607	1.109411e+02
1608	1.115368e+02
1609	1.122119e+02
1610	1.128667e+02
1611	1.134754e+02
1612	1.140404e+02
1613	1.144103e+02
1614	1.146030e+02
1615	1.147328e+02
1616	1.148005e+02
1617	1.147615e+02
1618	1.145247e+02
1619	1.142051e+02
1620	1.137995e+02
1621	1.132591e+02
1622	1.125815e+02
1623	1.118835e+02
1624	1.111779e+02
1625	1.103638e+02
1626	1.095815e+02
1627	1.088756e+02
1628	1.081743e+02
1629	1.075524e+02
1630	1.069125e+02
1631	1.061399e+02
1632	1.054688e+02
1633	1.048645e+02
1634	1.042487e+02
1635	1.036668e+02
1636	1.031120e+02
1637	1.025892e+02
1638	1.020799e+02
1639	1.016301e+02
1640	1.012898e+02
1641	1.010596e+02
1642	1.008887e+02
1643	1.008418e+02
1644	1.009804e+02
1645	1.012017e+02
1646	1.014561e+02
1647	1.017683e+02
1648	1.022830e+02
1649	1.029487e+02
1650	1.036588e+02
1651	1.044483e+02
1652	1.053611e+02
1653	1.063677e+02
1654	1.074973e+02
1655	1.085326e+02
1656	1.095174e+02
1657	1.105260e+02
1658	1.114700e+02
1659	1.124232e+02
1660	1.133540e+02
1661	1.141309e+02
1662	1.147708e+02
1663	1.154298e+02
1664	1.159096e+02
1665	1.162833e+02
1666	1.165354e+02
1667	1.167687e+02
1668	1.168272e+02
1669	1.167268e+02
1670	1.164541e+02
1671	1.160659e+02
1672	1.154196e+02
1673	1.146031e+02
1674	1.136119e+02
1675	1.125167e+02
1676	1.112549e+02
1677	1.099043e+02
1678	1.084892e+02
1679	1.070264e+02
1680	1.055262e+02
1681	1.040664e+02
1682	1.026660e+02
1683	1.012901e+02
1684	1.001167e+02
1685	9.918862e+01
1686	9.849990e+01
1687	9.811550e+01
1688	9.793110e+01
1689	9.800985e+01
1690	9.830706e+01
1691	9.891579e+01
1692	9.977920e+01
1693	1.008868e+02
1694	1.023118e+02
1695	1.037752e+02
1696	1.054456e+02
1697	1.073350e+02
1698	1.093480e+02
1699	1.113549e+02
1700	1.133509e+02
1701	1.152176e+02
1702	1.169228e+02
1703	1.186213e+02
1704	1.200665e+02
1705	1.213793e+02
1706	1.225379e+02
1707	1.235543e+02
1708	1.244364e+02
1709	1.250014e+02
1710	1.253786e+02
1711	1.256387e+02
1712	1.256412e+02
1713	1.254738e+02
1714	1.250620e+02
1715	1.244173e+02
1716	1.234408e+02
1717	1.221700e+02
1718	1.205656e+02
1719	1.187151e+02
1720	1.167843e+02
1721	1.147014e+02
1722	1.124718e+02
1723	1.101447e+02
1724	1.078889e+02
1725	1.056476e+02
1726	1.035082e+02
1727	1.014693e+02
1728	9.967115e+01
1729	9.815600e+01
1730	9.679521e+01
1731	9.566441e+01
1732	9.471587e+01
1733	9.401212e+01
1734	9.362462e+01
1735	9.344885e+01
1736	9.343066e+01
1737	9.360746e+01
1738	9.398079e+01
1739	9.464370e+01
1740	9.557050e+01
1741	9.669559e+01
1742	9.796672e+01
1743	9.945834e+01
1744	1.010325e+02
1745	1.026335e+02
1746	1.041269e+02
1747	1.056055e+02
1748	1.070116e+02
1749	1.084700e+02
1750	1.098842e+02
1751	1.112819e+02
1752	1.126451e+02
1753	1.139968e+02
1754	1.152781e+02
1755	1.164345e+02
1756	1.174708e+02
1757	1.184435e+02
1758	1.192723e+02
1759	1.200528e+02
1760	1.205849e+02
1761	1.209834e+02
1762	1.211312e+02
1763	1.211125e+02
1764	1.208336e+02
1765	1.203823e+02
1766	1.198021e+02
1767	1.190175e+02
1768	1.180453e+02
1769	1.170128e+02
1770	1.158965e+02
1771	1.147850e+02
1772	1.137416e+02
1773	1.127121e+02
1774	1.117694e+02
1775	1.108942e+02
1776	1.101073e+02
1777	1.093989e+02
1778	1.088026e+02
1779	1.082654e+02
1780	1.077789e+02
1781	1.073824e+02
1782	1.070420e+02
1783	1.067330e+02
1784	1.064553e+02
1785	1.062496e+02
1786	1.061328e+02
1787	1.061043e+02
1788	1.060990e+02
1789	1.061754e+02
1790	1.063927e+02
1791	1.066221e+02
1792	1.069788e+02
1793	1.074954e+02
1794	1.080002e+02
1795	1.085035e+02
1796	1.090790e+02
1797	1.095828e+02
1798	1.100309e+02
1799	1.104505e+02
1800	1.108275e+02
1801	1.112018e+02
1802	1.115035e+02
1803	1.116942e+02
1804	1.117392e+02
1805	1.116476e+02
1806	1.114804e+02
1807	1.111655e+02
1808	1.106611e+02
1809	1.099769e+02
1810	1.092073e+02
1811	1.083338e+02
1812	1.075066e+02
1813	1.066305e+02
1814	1.057267e+02
1815	1.048686e+02
1816	1.040587e+02
1817	1.032586e+02
1818	1.025401e+02
1819	1.019325e+02
1820	1.014419e+02
1821	1.010114e+02
1822	1.006552e+02
1823	1.004543e+02
1824	1.003836e+02
1825	1.004322e+02
1826	1.006043e+02
1827	1.009837e+02
1828	1.014752e+02
1829	1.019703e+02
1830	1.026094e+02
1831	1.032115e+02
1832	1.039001e+02
1833	1.046025e+02
1834	1.052343e+02
1835	1.058597e+02
1836	1.065628e+02
1837	1.073432e+02
1838	1.079880e+02
1839	1.086306e+02
1840	1.092318e+02
1841	1.098164e+02
1842	1.103248e+02
1843	1.107316e+02
1844	1.109758e+02
1845	1.111586e+02
1846	1.112825e+02
1847	1.113398e+02
1848	1.113347e+02
1849	1.112644e+02
1850	1.110749e+02
1851	1.108658e+02
1852	1.105462e+02
1853	1.101089e+02
1854	1.095681e+02
1855	1.089987e+02
1856	1.082693e+02
1857	1.075949e+02
1858	1.070437e+02
1859	1.066178e+02
1860	1.063182e+02
1861	1.061114e+02
1862	1.058430e+02
1863	1.056303e+02
1864	1.055319e+02
1865	1.054459e+02
1866	1.054430e+02
1867	1.054887e+02
1868	1.057638e+02
1869	1.060422e+02
1870	1.063255e+02
1871	1.066726e+02
1872	1.070661e+02
1873	1.074086e+02
1874	1.078342e+02
1875	1.081866e+02
1876	1.085186e+02
1877	1.087929e+02
1878	1.091803e+02
1879	1.094618e+02
1880	1.097157e+02
1881	1.099921e+02
1882	1.103429e+02
1883	1.107068e+02
1884	1.110429e+02
1885	1.113181e+02
1886	1.115656e+02
1887	1.118888e+02
1888	1.121384e+02
1889	1.123263e+02
1890	1.124730e+02
1891	1.125925e+02
1892	1.126811e+02
1893	1.125918e+02
1894	1.123526e+02
1895	1.119907e+02
1896	1.116769e+02
1897	1.112206e+02
1898	1.106297e+02
1899	1.099463e+02
1900	1.091426e+02
1901	1.083508e+02
1902	1.075788e+02
1903	1.068047e+02
1904	1.059605e+02
1905	1.050406e+02
1906	1.040393e+02
1907	1.029736e+02
1908	1.020148e+02
1909	1.011496e+02
1910	1.003383e+02
1911	9.956584e+01
1912	9.892410e+01
1913	9.841028e+01
1914	9.793541e+01
1915	9.759651e+01
1916	9.735962e+01
1917	9.730874e+01
1918	9.730407e+01
1919	9.733517e+01
1920	9.750912e+01
1921	9.790219e+01
1922	9.852255e+01
1923	9.925961e+01
1924	1.000055e+02
1925	1.008410e+02
1926	1.017722e+02
1927	1.027563e+02
1928	1.038540e+02
1929	1.049697e+02
1930	1.060465e+02
1931	1.071913e+02
1932	1.084536e+02
1933	1.096625e+02
1934	1.109252e+02
1935	1.121563e+02
1936	1.133103e+02
1937	1.143680e+02
1938	1.153380e+02
1939	1.162233e+02
1940	1.169179e+02
1941	1.175116e+02
1942	1.179290e+02
1943	1.181935e+02
1944	1.182350e+02
1945	1.181117e+02
1946	1.177903e+02
1947	1.173833e+02
1948	1.168323e+02
1949	1.161556e+02
1950	1.154210e+02
1951	1.146743e+02
1952	1.137240e+02
1953	1.125818e+02
1954	1.114564e+02
1955	1.103015e+02
1956	1.090347e+02
1957	1.078559e+02
1958	1.066989e+02
1959	1.055712e+02
1960	1.044200e+02
1961	1.034190e+02
1962	1.024588e+02
1963	1.016326e+02
1964	1.009266e+02
1965	1.002873e+02
1966	9.981115e+01
1967	9.941110e+01
1968	9.914973e+01
1969	9.887190e+01
1970	9.871479e+01
1971	9.872204e+01
1972	9.880869e+01
1973	9.895580e+01
1974	9.920374e+01
1975	9.956068e+01
1976	1.000314e+02
1977	1.006126e+02
1978	1.013934e+02
1979	1.022039e+02
1980	1.030320e+02
1981	1.038375e+02
1982	1.045242e+02
1983	1.053347e+02
1984	1.061939e+02
1985	1.070548e+02
1986	1.078069e+02
1987	1.085374e+02
1988	1.092713e+02
1989	1.098627e+02
1990	1.103761e+02
1991	1.108259e+02
1992	1.112346e+02
1993	1.115502e+02
1994	1.119129e+02
1995	1.122558e+02
1996	1.124745e+02
1997	1.126357e+02
1998	1.126545e+02
1999	1.127209e+02
2000	1.127090e+02
2001	1.126058e+02
2002	1.124200e+02
2003	1.120783e+02
2004	1.115465e+02
2005	1.109371e+02
2006	1.103283e+02
2007	1.096321e+02
2008	1.088361e+02
2009	1.080336e+02
2010	1.073539e+02
2011	1.067121e+02
2012	1.061442e+02
2013	1.056327e+02
2014	1.051095e+02
2015	1.045919e+02
2016	1.040313e+02
2017	1.035341e+02
2018	1.029420e+02
2019	1.023471e+02
2020	1.017803e+02
2021	1.012639e+02
2022	1.009343e+02
2023	1.007268e+02
2024	1.006147e+02
2025	1.004341e+02
2026	1.004169e+02
2027	1.004292e+02
2028	1.005720e+02
2029	1.007136e+02
2030	1.009072e+02
2031	1.012258e+02
2032	1.016825e+02
2033	1.022966e+02
2034	1.029887e+02
2035	1.038095e+02
2036	1.046702e+02
2037	1.054797e+02
2038	1.063459e+02
2039	1.073341e+02
2040	1.083303e+02
2041	1.092754e+02
2042	1.100846e+02
2043	1.109119e+02
2044	1.116056e+02
2045	1.121929e+02
2046	1.127474e+02
2047	1.132816e+02
2048	1.136685e+02
2049	1.139791e+02
2050	1.142173e+02
2051	1.144236e+02
2052	1.145968e+02
2053	1.147489e+02
2054	1.147377e+02
2055	1.146278e+02
2056	1.143895e+02
2057	1.139801e+02
2058	1.134320e+02
2059	1.128178e+02
2060	1.121163e+02
2061	1.113705e+02
2062	1.106446e+02
2063	1.099406e+02
2064	1.091285e+02
2065	1.081926e+02
2066	1.071806e+02
2067	1.061807e+02
2068	1.050809e+02
2069	1.039762e+02
2070	1.028390e+02
2071	1.017172e+02
2072	1.006795e+02
2073	9.971925e+01
2074	9.899381e+01
2075	9.846921e+01
2076	9.811193e+01
2077	9.796370e+01
2078	9.804588e+01
2079	9.837399e+01
2080	9.890130e+01
2081	9.949604e+01
2082	1.002483e+02
2083	1.009983e+02
2084	1.019172e+02
2085	1.029864e+02
2086	1.042257e+02
2087	1.055881e+02
2088	1.070198e+02
2089	1.085362e+02
2090	1.100962e+02
2091	1.116421e+02
2092	1.131295e+02
2093	1.144763e+02
2094	1.156567e+02
2095	1.167762e+02
2096	1.177336e+02
2097	1.185254e+02
2098	1.192239e+02
2099	1.196946e+02
2100	1.199927e+02
2101	1.201839e+02
2102	1.201827e+02
2103	1.199353e+02
2104	1.195560e+02
2105	1.190554e+02
2106	1.184012e+02
2107	1.176768e+02
2108	1.168856e+02
2109	1.159501e+02
2110	1.149292e+02
2111	1.137998e+02
2112	1.126869e+02
2113	1.116898e+02
2114	1.105713e+02
2115	1.093717e+02
2116	1.080512e+02
2117	1.067841e+02
2118	1.055534e+02
2119	1.044471e+02
2120	1.035640e+02
2121	1.027829e+02
2122	1.021173e+02
2123	1.015947e+02
2124	1.012774e+02
2125	1.009562e+02
2126	1.007688e+02
2127	1.007278e+02
2128	1.007605e+02
2129	1.008379e+02
2130	1.011084e+02
2131	1.015274e+02
2132	1.019875e+02
2133	1.024759e+02
2134	1.029477e+02
2135	1.035896e+02
2136	1.041281e+02
2137	1.047356e+02
2138	1.054628e+02
2139	1.062240e+02
2140	1.069448e+02
2141	1.075796e+02
2142	1.082625e+02
2143	1.088851e+02
2144	1.095301e+02
2145	1.100587e+02
2146	1.105742e+02
2147	1.108994e+02
2148	1.110748e+02
2149	1.111578e+02
2150	1.111805e+02
2151	1.111987e+02
2152	1.113059e+02
2153	1.115301e+02
2154	1.117270e+02
2155	1.118838e+02
2156	1.119811e+02
2157	1.121022e+02
2158	1.122150e+02
2159	1.123631e+02
2160	1.124957e+02
2161	1.125278e+02
2162	1.126727e+02
2163	1.128105e+02
2164	1.128372e+02
2165	1.127345e+02
2166	1.126953e+02
2167	1.125090e+02
2168	1.121553e+02
2169	1.116619e+02
2170	1.110788e+02
2171	1.104239e+02
2172	1.096041e+02
2173	1.087414e+02
2174	1.078722e+02
2175	1.070982e+02
2176	1.064705e+02
2177	1.058512e+02
2178	1.052689e+02
2179	1.046939e+02
2180	1.042572e+02
2181	1.039622e+02
2182	1.037495e+02
2183	1.036697e+02
2184	1.036904e+02
2185	1.038144e+02
2186	1.040041e+02
2187	1.043200e+02
2188	1.047192e+02
2189	1.052483e+02
2190	1.058628e+02
2191	1.064579e+02
2192	1.071155e+02
2193	1.077835e+02
2194	1.085277e+02
2195	1.092272e+02
2196	1.098625e+02
2197	1.103821e+02
2198	1.109043e+02
2199	1.114040e+02
2200	1.117127e+02
2201	1.118111e+02
2202	1.118658e+02
2203	1.117358e+02
2204	1.115244e+02
2205	1.112158e+02
2206	1.109132e+02
2207	1.104951e+02
2208	1.101095e+02
2209	1.098003e+02
2210	1.096147e+02
2211	1.095394e+02
2212	1.095237e+02
2213	1.095938e+02
2214	1.097267e+02
2215	1.099215e+02
2216	1.100812e+02
2217	1.103065e+02
2218	1.106700e+02
2219	1.110699e+02
2220	1.115447e+02
2221	1.121076e+02
2222	1.127281e+02
2223	1.133038e+02
2224	1.137554e+02
2225	1.140994e+02
2226	1.143216e+02
2227	1.143701e+02
2228	1.142905e+02
2229	1.140767e+02
2230	1.137062e+02
2231	1.132863e+02
2232	1.127326e+02
2233	1.120843e+02
2234	1.113638e+02
2235	1.104968e+02
2236	1.096081e+02
2237	1.086979e+02
2238	1.077660e+02
2239	1.067999e+02
2240	1.058611e+02
2241	1.050307e+02
2242	1.044278e+02
2243	1.039556e+02
2244	1.036716e+02
2245	1.034173e+02
2246	1.033297e+02
2247	1.032174e+02
2248	1.033247e+02
2249	1.035155e+02
2250	1.036802e+02
2251	1.039652e+02
2252	1.042416e+02
2253	1.044708e+02
2254	1.046484e+02
2255	1.049019e+02
2256	1.051085e+02
2257	1.053356e+02
2258	1.056712e+02
2259	1.061809e+02
2260	1.067497e+02
2261	1.073122e+02
2262	1.080176e+02
2263	1.088361e+02
2264	1.095499e+02
2265	1.101576e+02
2266	1.107319e+02
2267	1.113601e+02
2268	1.119627e+02
2269	1.125971e+02
2270	1.132774e+02
2271	1.139194e+02
2272	1.145538e+02
2273	1.152189e+02
2274	1.158752e+02
2275	1.164481e+02
2276	1.170015e+02
2277	1.175386e+02
2278	1.180618e+02
2279	1.185633e+02
2280	1.189094e+02
2281	1.190402e+02
2282	1.190675e+02
2283	1.189764e+02
2284	1.186600e+02
2285	1.182373e+02
2286	1.177027e+02
2287	1.169907e+02
2288	1.160466e+02
2289	1.149515e+02
2290	1.136391e+02
2291	1.121495e+02
2292	1.106107e+02
2293	1.090850e+02
2294	1.074924e+02
2295	1.059296e+02
2296	1.043994e+02
2297	1.028422e+02
2298	1.013515e+02
2299	1.000351e+02
2300	9.881962e+01
2301	9.773685e+01
2302	9.676290e+01
2303	9.600565e+01
2304	9.558831e+01
2305	9.527660e+01
2306	9.516479e+01
2307	9.522271e+01
2308	9.541336e+01
2309	9.571050e+01
2310	9.613840e+01
2311	9.657079e+01
2312	9.712598e+01
2313	9.781170e+01
2314	9.858136e+01
2315	9.956168e+01
2316	1.007177e+02
2317	1.019855e+02
2318	1.034432e+02
2319	1.050428e+02
2320	1.068128e+02
2321	1.087167e+02
2322	1.106479e+02
2323	1.125181e+02
2324	1.143148e+02
2325	1.160467e+02
2326	1.175094e+02
2327	1.188894e+02
2328	1.200135e+02
2329	1.209336e+02
2330	1.217198e+02
2331	1.223229e+02
2332	1.225319e+02
2333	1.226303e+02
2334	1.225395e+02
2335	1.221906e+02
2336	1.217984e+02
2337	1.212191e+02
2338	1.204253e+02
2339	1.194502e+02
2340	1.182946e+02
2341	1.171296e+02
2342	1.158533e+02
2343	1.145123e+02
2344	1.131042e+02
2345	1.117664e+02
2346	1.103585e+02
2347	1.089884e+02
2348	1.074695e+02
2349	1.060631e+02
2350	1.047399e+02
2351	1.034735e+02
2352	1.025008e+02
2353	1.014489e+02
2354	1.005777e+02
2355	9.995433e+01
2356	9.950411e+01
2357	9.919458e+01
2358	9.907102e+01
2359	9.906842e+01
2360	9.917782e+01
2361	9.945387e+01
2362	9.991032e+01
2363	1.006329e+02
2364	1.015468e+02
2365	1.025973e+02
2366	1.037199e+02
2367	1.050853e+02
2368	1.065696e+02
2369	1.081125e+02
2370	1.095913e+02
2371	1.110155e+02
2372	1.123771e+02
2373	1.136679e+02
2374	1.148594e+02
2375	1.158768e+02
2376	1.167659e+02
2377	1.175331e+02
2378	1.181784e+02
2379	1.187079e+02
2380	1.190380e+02
2381	1.192651e+02
2382	1.193680e+02
2383	1.193579e+02
2384	1.191860e+02
2385	1.187481e+02
2386	1.181877e+02
2387	1.176722e+02
2388	1.170146e+02
2389	1.162693e+02
2390	1.154277e+02
2391	1.144602e+02
2392	1.134116e+02
2393	1.121680e+02
2394	1.108945e+02
2395	1.096415e+02
2396	1.084212e+02
2397	1.071155e+02
2398	1.057481e+02
2399	1.045315e+02
2400	1.033379e+02
2401	1.022755e+02
2402	1.014461e+02
2403	1.007427e+02
2404	1.001131e+02
2405	9.974194e+01
2406	9.957612e+01
2407	9.947575e+01
2408	9.957902e+01
2409	9.985869e+01
2410	1.002922e+02
2411	1.009286e+02
2412	1.016735e+02
2413	1.025260e+02
2414	1.034351e+02
2415	1.045178e+02
2416	1.056203e+02
2417	1.067810e+02
2418	1.080441e+02
2419	1.094587e+02
2420	1.108511e+02
2421	1.122229e+02
2422	1.135306e+02
2423	1.148122e+02
2424	1.160538e+02
2425	1.171746e+02
2426	1.181383e+02
2427	1.189215e+02
2428	1.195764e+02
2429	1.200960e+02
2430	1.204654e+02
2431	1.207461e+02
2432	1.208460e+02
2433	1.208144e+02
2434	1.205795e+02
2435	1.200894e+02
2436	1.195047e+02
2437	1.188047e+02
2438	1.179818e+02
2439	1.171542e+02
2440	1.162746e+02
2441	1.152140e+02
2442	1.141600e+02
2443	1.129796e+02
2444	1.116751e+02
2445	1.103392e+02
2446	1.090064e+02
2447	1.078125e+02
2448	1.066810e+02
2449	1.056101e+02
2450	1.047840e+02
2451	1.041535e+02
2452	1.036603e+02
2453	1.033583e+02
2454	1.031568e+02
2455	1.031566e+02
2456	1.033382e+02
2457	1.036069e+02
2458	1.041534e+02
2459	1.046890e+02
2460	1.053254e+02
2461	1.059630e+02
2462	1.065280e+02
2463	1.070748e+02
2464	1.074260e+02
2465	1.077353e+02
2466	1.079030e+02
2467	1.080642e+02
2468	1.081815e+02
2469	1.081851e+02
2470	1.082310e+02
2471	1.082856e+02
2472	1.084140e+02
2473	1.085160e+02
2474	1.087262e+02
2475	1.087974e+02
2476	1.087547e+02
2477	1.086673e+02
2478	1.085457e+02
2479	1.082966e+02
2480	1.079475e+02
2481	1.075308e+02
2482	1.071064e+02
2483	1.066574e+02
2484	1.060930e+02
2485	1.055048e+02
2486	1.048938e+02
2487	1.042194e+02
2488	1.036816e+02
2489	1.030861e+02
2490	1.025758e+02
2491	1.023221e+02
2492	1.021412e+02
2493	1.021968e+02
2494	1.024949e+02
2495	1.028355e+02
2496	1.032773e+02
2497	1.038522e+02
2498	1.046249e+02
2499	1.054920e+02
2500	1.065011e+02
2501	1.076104e+02
2502	1.087911e+02
2503	1.099453e+02
2504	1.111693e+02
2505	1.125559e+02
2506	1.140272e+02
2507	1.154994e+02
2508	1.168920e+02
2509	1.182619e+02
2510	1.194832e+02
2511	1.206220e+02
2512	1.215112e+02
2513	1.222318e+02
2514	1.228042e+02
2515	1.231304e+02
2516	1.232740e+02
2517	1.230430e+02
2518	1.226886e+02
2519	1.221840e+02
2520	1.214401e+02
2521	1.205300e+02
2522	1.195199e+02
2523	1.183088e+02
2524	1.169299e+02
2525	1.153388e+02
2526	1.136370e+02
2527	1.118856e+02
2528	1.099421e+02
2529	1.079570e+02
2530	1.059521e+02
2531	1.040680e+02
2532	1.022596e+02
2533	1.005501e+02
2534	9.910320e+01
2535	9.779728e+01
2536	9.675356e+01
2537	9.595318e+01
2538	9.546062e+01
2539	9.522030e+01
2540	9.522075e+01
2541	9.539376e+01
2542	9.584437e+01
2543	9.652660e+01
2544	9.732286e+01
2545	9.833279e+01
2546	9.952002e+01
2547	1.009245e+02
2548	1.024222e+02
2549	1.038549e+02
2550	1.053020e+02
2551	1.068810e+02
2552	1.083316e+02
2553	1.096605e+02
2554	1.108409e+02
2555	1.119228e+02
2556	1.129280e+02
2557	1.138122e+02
2558	1.144665e+02
2559	1.151284e+02
2560	1.157039e+02
2561	1.161662e+02
2562	1.165187e+02
2563	1.168430e+02
2564	1.171023e+02
2565	1.172785e+02
2566	1.173435e+02
2567	1.172663e+02
2568	1.169139e+02
2569	1.162769e+02
2570	1.154629e+02
2571	1.144181e+02
2572	1.132011e+02
2573	1.118696e+02
2574	1.104786e+02
2575	1.090282e+02
2576	1.074845e+02
2577	1.058541e+02
2578	1.042441e+02
2579	1.027326e+02
2580	1.013765e+02
2581	1.002195e+02
2582	9.919999e+01
2583	9.823562e+01
2584	9.740306e+01
2585	9.680804e+01
2586	9.640023e+01
2587	9.609770e+01
2588	9.595957e+01
2589	9.615185e+01
2590	9.650298e+01
2591	9.708489e+01
2592	9.789953e+01
2593	9.887701e+01
2594	1.000701e+02
2595	1.014022e+02
2596	1.027830e+02
2597	1.042438e+02
2598	1.057990e+02
2599	1.072380e+02
2600	1.086281e+02
2601	1.101197e+02
2602	1.114365e+02
2603	1.126622e+02
2604	1.138821e+02
2605	1.149398e+02
2606	1.158889e+02
2607	1.167669e+02
2608	1.175661e+02
2609	1.182542e+02
2610	1.188338e+02
2611	1.191619e+02
2612	1.194472e+02
2613	1.196591e+02
2614	1.197656e+02
2615	1.197800e+02
2616	1.195548e+02
2617	1.192218e+02
2618	1.187077e+02
2619	1.179973e+02
2620	1.172245e+02
2621	1.164642e+02
2622	1.155610e+02
2623	1.146348e+02
2624	1.137372e+02
2625	1.128229e+02
2626	1.118748e+02
2627	1.109585e+02
2628	1.100731e+02
2629	1.092553e+02
2630	1.085230e+02
2631	1.078164e+02
2632	1.070534e+02
2633	1.063494e+02
2634	1.056943e+02
2635	1.050913e+02
2636	1.044799e+02
2637	1.038746e+02
2638	1.034093e+02
2639	1.030796e+02
2640	1.027475e+02
2641	1.025294e+02
2642	1.023876e+02
2643	1.023634e+02
2644	1.025270e+02
2645	1.027065e+02
2646	1.028645e+02
2647	1.030747e+02
2648	1.033911e+02
2649	1.038474e+02
2650	1.044605e+02
2651	1.050341e+02
2652	1.056305e+02
2653	1.061748e+02
2654	1.067547e+02
2655	1.073493e+02
2656	1.078666e+02
2657	1.082824e+02
2658	1.087281e+02
2659	1.091909e+02
2660	1.095367e+02
2661	1.098512e+02
2662	1.100616e+02
2663	1.102140e+02
2664	1.103767e+02
2665	1.103920e+02
2666	1.103852e+02
2667	1.103145e+02
2668	1.101886e+02
2669	1.098527e+02
2670	1.095274e+02
2671	1.091653e+02
2672	1.087110e+02
2673	1.082073e+02
2674	1.076527e+02
2675	1.070554e+02
2676	1.064777e+02
2677	1.059264e+02
2678	1.054546e+02
2679	1.051124e+02
2680	1.048026e+02
2681	1.045258e+02
2682	1.043016e+02
2683	1.040636e+02
2684	1.039246e+02
2685	1.037206e+02
2686	1.034818e+02
2687	1.032222e+02
2688	1.030388e+02
2689	1.029016e+02
2690	1.027505e+02
2691	1.025688e+02
2692	1.024551e+02
2693	1.025035e+02
2694	1.026469e+02
2695	1.028862e+02
2696	1.032148e+02
2697	1.035940e+02
2698	1.042032e+02
2699	1.048833e+02
2700	1.055743e+02
2701	1.061696e+02
2702	1.067883e+02
2703	1.074742e+02
2704	1.081413e+02
2705	1.088142e+02
2706	1.093392e+02
2707	1.097856e+02
2708	1.101813e+02
2709	1.105006e+02
2710	1.106626e+02
2711	1.107232e+02
2712	1.107349e+02
2713	1.106773e+02
2714	1.104852e+02
2715	1.102498e+02
2716	1.099509e+02
2717	1.096434e+02
2718	1.093253e+02
2719	1.089976e+02
2720	1.086958e+02
2721	1.084192e+02
2722	1.082668e+02
2723	1.081579e+02
2724	1.079473e+02
2725	1.077340e+02
2726	1.076021e+02
2727	1.074979e+02
2728	1.073604e+02
2729	1.073032e+02
2730	1.072519e+02
2731	1.072497e+02
2732	1.074325e+02
2733	1.076205e+02
2734	1.078096e+02
2735	1.080659e+02
2736	1.083271e+02
2737	1.085766e+02
2738	1.089142e+02
2739	1.092669e+02
2740	1.096221e+02
2741	1.099630e+02
2742	1.102711e+02
2743	1.106381e+02
2744	1.109694e+02
2745	1.112805e+02
2746	1.114283e+02
2747	1.115710e+02
2748	1.117001e+02
2749	1.118152e+02
2750	1.118423e+02
2751	1.117884e+02
2752	1.116440e+02
2753	1.114819e+02
2754	1.113309e+02
2755	1.111944e+02
2756	1.110331e+02
2757	1.108373e+02
2758	1.105206e+02
2759	1.102338e+02
2760	1.098971e+02
2761	1.095450e+02
2762	1.092637e+02
2763	1.089467e+02
2764	1.086409e+02
2765	1.082270e+02
2766	1.077748e+02
2767	1.073265e+02
2768	1.069590e+02
2769	1.065124e+02
2770	1.060739e+02
2771	1.056910e+02
2772	1.054370e+02
2773	1.051796e+02
2774	1.049210e+02
2775	1.046309e+02
2776	1.044524e+02
2777	1.042684e+02
2778	1.042213e+02
2779	1.041636e+02
2780	1.041255e+02
2781	1.041890e+02
2782	1.043608e+02
2783	1.045611e+02
2784	1.048151e+02
2785	1.051531e+02
2786	1.055240e+02
2787	1.059525e+02
2788	1.064351e+02
2789	1.070387e+02
2790	1.077265e+02
2791	1.084249e+02
2792	1.091232e+02
2793	1.097745e+02
2794	1.104969e+02
2795	1.112320e+02
2796	1.120114e+02
2797	1.126610e+02
2798	1.132252e+02
2799	1.136772e+02
2800	1.139744e+02
2801	1.141276e+02
2802	1.141095e+02
2803	1.139548e+02
2804	1.137325e+02
2805	1.134932e+02
2806	1.131990e+02
2807	1.129198e+02
2808	1.126853e+02
2809	1.123529e+02
2810	1.121035e+02
2811	1.117152e+02
2812	1.112768e+02
2813	1.108286e+02
2814	1.104823e+02
2815	1.101844e+02
2816	1.098070e+02
2817	1.095369e+02
2818	1.092762e+02
2819	1.089852e+02
2820	1.086851e+02
2821	1.084026e+02
2822	1.081047e+02
2823	1.078990e+02
2824	1.076627e+02
2825	1.074908e+02
2826	1.074419e+02
2827	1.075183e+02
2828	1.076665e+02
2829	1.079598e+02
2830	1.083657e+02
2831	1.088028e+02
2832	1.092996e+02
2833	1.098284e+02
2834	1.104303e+02
2835	1.110333e+02
2836	1.116369e+02
2837	1.120572e+02
2838	1.123975e+02
2839	1.127087e+02
2840	1.129598e+02
2841	1.131345e+02
2842	1.131527e+02
2843	1.132767e+02
2844	1.133842e+02
2845	1.134374e+02
2846	1.135097e+02
2847	1.134795e+02
2848	1.133238e+02
2849	1.130262e+02
2850	1.127326e+02
2851	1.123893e+02
2852	1.119815e+02
2853	1.114389e+02
2854	1.109068e+02
2855	1.103286e+02
2856	1.096325e+02
2857	1.090596e+02
2858	1.085857e+02
2859	1.081323e+02
2860	1.077742e+02
2861	1.073678e+02
2862	1.070476e+02
2863	1.068373e+02
2864	1.067596e+02
2865	1.067570e+02
2866	1.066822e+02
2867	1.067418e+02
2868	1.067820e+02
2869	1.068362e+02
2870	1.069477e+02
2871	1.069858e+02
2872	1.069990e+02
2873	1.069420e+02
2874	1.068570e+02
2875	1.066973e+02
2876	1.066188e+02
2877	1.066015e+02
2878	1.066582e+02
2879	1.067049e+02
2880	1.067699e+02
2881	1.068088e+02
2882	1.068973e+02
2883	1.069965e+02
2884	1.071594e+02
2885	1.072744e+02
2886	1.073269e+02
2887	1.074207e+02
2888	1.075571e+02
2889	1.077633e+02
2890	1.079347e+02
2891	1.080579e+02
2892	1.082349e+02
2893	1.085064e+02
2894	1.087677e+02
2895	1.089814e+02
2896	1.090986e+02
2897	1.092325e+02
2898	1.093015e+02
2899	1.094192e+02
2900	1.095667e+02
2901	1.097111e+02
2902	1.097596e+02
2903	1.098153e+02
2904	1.098117e+02
2905	1.098000e+02
2906	1.097132e+02
2907	1.096561e+02
2908	1.096091e+02
2909	1.095021e+02
2910	1.093633e+02
2911	1.093290e+02
2912	1.092926e+02
2913	1.093713e+02
2914	1.094659e+02
2915	1.095351e+02
2916	1.095108e+02
2917	1.094210e+02
2918	1.092551e+02
2919	1.090446e+02
2920	1.088421e+02
2921	1.086829e+02
2922	1.085396e+02
2923	1.084202e+02
2924	1.083304e+02
2925	1.084261e+02
2926	1.085513e+02
2927	1.087495e+02
2928	1.090575e+02
2929	1.094019e+02
2930	1.098619e+02
2931	1.103409e+02
2932	1.108346e+02
2933	1.114080e+02
2934	1.120398e+02
2935	1.126079e+02
2936	1.131672e+02
2937	1.136937e+02
2938	1.141610e+02
2939	1.144036e+02
2940	1.144849e+02
2941	1.144055e+02
2942	1.142558e+02
2943	1.140206e+02
2944	1.137571e+02
2945	1.133998e+02
2946	1.130273e+02
2947	1.126144e+02
2948	1.120322e+02
2949	1.114445e+02
2950	1.109316e+02
2951	1.104224e+02
2952	1.099325e+02
2953	1.094011e+02
2954	1.088566e+02
2955	1.084218e+02
2956	1.080013e+02
2957	1.075673e+02
2958	1.070536e+02
2959	1.065416e+02
2960	1.060351e+02
2961	1.055929e+02
2962	1.052845e+02
2963	1.050252e+02
2964	1.049151e+02
2965	1.049290e+02
2966	1.050469e+02
2967	1.052296e+02
2968	1.055573e+02
2969	1.059942e+02
2970	1.064942e+02
2971	1.071456e+02
2972	1.077749e+02
2973	1.084419e+02
2974	1.092735e+02
2975	1.101304e+02
2976	1.109231e+02
2977	1.116463e+02
2978	1.123119e+02
2979	1.129945e+02
2980	1.136280e+02
2981	1.141836e+02
2982	1.146116e+02
2983	1.149922e+02
2984	1.152171e+02
2985	1.153760e+02
2986	1.155067e+02
2987	1.155923e+02
2988	1.156487e+02
2989	1.156646e+02
2990	1.156155e+02
2991	1.154550e+02
2992	1.152278e+02
2993	1.149094e+02
2994	1.145505e+02
2995	1.140937e+02
2996	1.137003e+02
2997	1.131771e+02
2998	1.125093e+02
2999	1.117662e+02
3000	1.109129e+02
3001	1.100108e+02
3002	1.091667e+02
3003	1.083281e+02
3004	1.076920e+02
3005	1.070883e+02
3006	1.065006e+02
3007	1.060459e+02
3008	1.056876e+02
3009	1.053659e+02
3010	1.050917e+02
3011	1.047741e+02
3012	1.046833e+02
3013	1.046982e+02
3014	1.048554e+02
3015	1.051422e+02
3016	1.054329e+02
3017	1.056751e+02
3018	1.059655e+02
3019	1.063257e+02
3020	1.066704e+02
3021	1.069310e+02
3022	1.071945e+02
3023	1.074605e+02
3024	1.077061e+02
3025	1.080375e+02
3026	1.083498e+02
3027	1.086923e+02
3028	1.090637e+02
3029	1.094638e+02
3030	1.098405e+02
3031	1.103052e+02
3032	1.107285e+02
3033	1.110442e+02
3034	1.112591e+02
3035	1.114446e+02
3036	1.116797e+02
3037	1.119455e+02
3038	1.122061e+02
3039	1.124375e+02
3040	1.126879e+02
3041	1.129518e+02
3042	1.130837e+02
3043	1.132186e+02
3044	1.132743e+02
3045	1.133118e+02
3046	1.132933e+02
3047	1.132365e+02
3048	1.130363e+02
3049	1.128089e+02
3050	1.124328e+02
3051	1.119259e+02
3052	1.113013e+02
3053	1.105363e+02
3054	1.097279e+02
3055	1.089051e+02
3056	1.081999e+02
3057	1.074420e+02
3058	1.066460e+02
3059	1.059153e+02
3060	1.052242e+02
3061	1.045029e+02
3062	1.038131e+02
3063	1.031507e+02
3064	1.026332e+02
3065	1.020697e+02
3066	1.015742e+02
3067	1.010828e+02
3068	1.005995e+02
3069	1.001374e+02
3070	9.983078e+01
3071	9.961829e+01
3072	9.946783e+01
3073	9.947987e+01
3074	9.955065e+01
3075	9.973796e+01
3076	9.993439e+01
3077	1.001388e+02
3078	1.004104e+02
3079	1.008132e+02
3080	1.012425e+02
3081	1.017791e+02
3082	1.025115e+02
3083	1.034083e+02
3084	1.044272e+02
3085	1.054520e+02
3086	1.064607e+02
3087	1.074090e+02
3088	1.083920e+02
3089	1.092893e+02
3090	1.101271e+02
3091	1.109194e+02
3092	1.115654e+02
3093	1.121457e+02
3094	1.126054e+02
3095	1.130896e+02
3096	1.134458e+02
3097	1.137216e+02
3098	1.138461e+02
3099	1.138584e+02
3100	1.137516e+02
3101	1.135486e+02
3102	1.132773e+02
3103	1.130020e+02
3104	1.127372e+02
3105	1.124896e+02
3106	1.120876e+02
3107	1.115999e+02
3108	1.109796e+02
3109	1.102878e+02
3110	1.095954e+02
3111	1.090142e+02
3112	1.084620e+02
3113	1.078604e+02
3114	1.072438e+02
3115	1.067473e+02
3116	1.063083e+02
3117	1.059412e+02
3118	1.057220e+02
3119	1.055177e+02
3120	1.052929e+02
3121	1.052112e+02
3122	1.051509e+02
3123	1.051955e+02
3124	1.053227e+02
3125	1.054974e+02
3126	1.057884e+02
3127	1.060008e+02
3128	1.064126e+02
3129	1.069386e+02
3130	1.075772e+02
3131	1.082328e+02
3132	1.090056e+02
3133	1.098353e+02
3134	1.107320e+02
3135	1.115703e+02
3136	1.123442e+02
3137	1.131387e+02
3138	1.138127e+02
3139	1.142855e+02
3140	1.146202e+02
3141	1.147930e+02
3142	1.147417e+02
3143	1.146353e+02
3144	1.143530e+02
3145	1.140620e+02
3146	1.136321e+02
3147	1.131518e+02
3148	1.126764e+02
3149	1.120848e+02
3150	1.114647e+02
3151	1.107150e+02
3152	1.099172e+02
3153	1.091396e+02
3154	1.083769e+02
3155	1.076467e+02
3156	1.068947e+02
3157	1.061931e+02
3158	1.055170e+02
3159	1.049264e+02
3160	1.044142e+02
3161	1.040393e+02
3162	1.037134e+02
3163	1.034878e+02
3164	1.033354e+02
3165	1.032954e+02
3166	1.033564e+02
3167	1.034400e+02
3168	1.035056e+02
3169	1.036517e+02
3170	1.039858e+02
3171	1.043223e+02
3172	1.047988e+02
3173	1.052267e+02
3174	1.057940e+02
3175	1.063969e+02
3176	1.070312e+02
3177	1.078868e+02
3178	1.088104e+02
3179	1.096919e+02
3180	1.105396e+02
3181	1.113040e+02
3182	1.120182e+02
3183	1.126912e+02
3184	1.132992e+02
3185	1.138487e+02
3186	1.143912e+02
3187	1.148748e+02
3188	1.152432e+02
3189	1.153927e+02
3190	1.153983e+02
3191	1.152228e+02
3192	1.149989e+02
3193	1.146950e+02
3194	1.142986e+02
3195	1.137481e+02
3196	1.130535e+02
3197	1.122552e+02
3198	1.115067e+02
3199	1.106636e+02
3200	1.098987e+02
3201	1.089680e+02
3202	1.080332e+02
3203	1.070881e+02
3204	1.062157e+02
3205	1.054277e+02
3206	1.047785e+02
3207	1.041588e+02
3208	1.036465e+02
3209	1.032670e+02
3210	1.030215e+02
3211	1.028406e+02
3212	1.028111e+02
3213	1.029092e+02
3214	1.031374e+02
3215	1.034240e+02
3216	1.038405e+02
3217	1.043364e+02
3218	1.049018e+02
3219	1.055351e+02
3220	1.061415e+02
3221	1.067658e+02
3222	1.074827e+02
3223	1.082981e+02
3224	1.091744e+02
3225	1.099971e+02
3226	1.108186e+02
3227	1.115008e+02
3228	1.120587e+02
3229	1.126230e+02
3230	1.129544e+02
3231	1.131804e+02
3232	1.132147e+02
3233	1.130594e+02
3234	1.129180e+02
3235	1.127569e+02
3236	1.124523e+02
3237	1.121396e+02
3238	1.116928e+02
3239	1.113144e+02
3240	1.108172e+02
3241	1.102343e+02
3242	1.097031e+02
3243	1.091819e+02
3244	1.086551e+02
3245	1.081713e+02
3246	1.076909e+02
3247	1.072445e+02
3248	1.068201e+02
3249	1.064216e+02
3250	1.060242e+02
3251	1.056671e+02
3252	1.053462e+02
3253	1.050970e+02
3254	1.049345e+02
3255	1.048338e+02
3256	1.047772e+02
3257	1.047767e+02
3258	1.048163e+02
3259	1.049712e+02
3260	1.053102e+02
3261	1.057381e+02
3262	1.062769e+02
3263	1.067719e+02
3264	1.073146e+02
3265	1.079428e+02
3266	1.086073e+02
3267	1.091556e+02
3268	1.096626e+02
3269	1.102339e+02
3270	1.108857e+02
3271	1.114456e+02
3272	1.119368e+02
3273	1.124838e+02
3274	1.130651e+02
3275	1.135875e+02
3276	1.139654e+02
3277	1.142481e+02
3278	1.144901e+02
3279	1.146610e+02
3280	1.148339e+02
3281	1.148707e+02
3282	1.147645e+02
3283	1.145816e+02
3284	1.144428e+02
3285	1.142204e+02
3286	1.139126e+02
3287	1.134791e+02
3288	1.130633e+02
3289	1.127122e+02
3290	1.123801e+02
3291	1.120314e+02
3292	1.115689e+02
3293	1.110462e+02
3294	1.104949e+02
3295	1.099497e+02
3296	1.093134e+02
3297	1.086170e+02
3298	1.079320e+02
3299	1.072114e+02
3300	1.064840e+02
3301	1.058355e+02
3302	1.052614e+02
3303	1.048484e+02
3304	1.045085e+02
3305	1.043443e+02
3306	1.043375e+02
3307	1.044012e+02
3308	1.045019e+02
3309	1.046951e+02
3310	1.050754e+02
3311	1.055878e+02
3312	1.060474e+02
3313	1.064568e+02
3314	1.068946e+02
3315	1.075317e+02
3316	1.082007e+02
3317	1.089124e+02
3318	1.096829e+02
3319	1.104775e+02
3320	1.112601e+02
3321	1.120512e+02
3322	1.127966e+02
3323	1.134249e+02
3324	1.139645e+02
3325	1.144829e+02
3326	1.148681e+02
3327	1.150109e+02
3328	1.150960e+02
3329	1.149861e+02
3330	1.148046e+02
3331	1.145880e+02
3332	1.143392e+02
3333	1.139859e+02
3334	1.135764e+02
3335	1.131193e+02
3336	1.125888e+02
3337	1.119406e+02
3338	1.113635e+02
3339	1.108598e+02
3340	1.103088e+02
3341	1.097348e+02
3342	1.091690e+02
3343	1.085612e+02
3344	1.080562e+02
3345	1.075991e+02
3346	1.071610e+02
3347	1.068305e+02
3348	1.067140e+02
3349	1.067071e+02
3350	1.068437e+02
3351	1.070091e+02
3352	1.072566e+02
3353	1.077174e+02
3354	1.082548e+02
3355	1.088994e+02
3356	1.095831e+02
3357	1.103055e+02
3358	1.109376e+02
3359	1.116605e+02
3360	1.124665e+02
3361	1.132961e+02
3362	1.139848e+02
3363	1.146329e+02
3364	1.151523e+02
3365	1.154779e+02
3366	1.156449e+02
3367	1.156908e+02
3368	1.155840e+02
3369	1.153406e+02
3370	1.150094e+02
3371	1.145084e+02
3372	1.138579e+02
3373	1.131503e+02
3374	1.122667e+02
3375	1.113715e+02
3376	1.104226e+02
3377	1.094146e+02
3378	1.084150e+02
3379	1.074365e+02
3380	1.065349e+02
3381	1.057435e+02
3382	1.050153e+02
3383	1.043249e+02
3384	1.037644e+02
3385	1.031495e+02
3386	1.027046e+02
3387	1.022788e+02
3388	1.019726e+02
3389	1.018034e+02
3390	1.018219e+02
3391	1.020684e+02
3392	1.024772e+02
3393	1.031012e+02
3394	1.038953e+02
3395	1.047957e+02
3396	1.058091e+02
3397	1.070437e+02
3398	1.082500e+02
3399	1.094373e+02
3400	1.105921e+02
3401	1.117571e+02
3402	1.128923e+02
3403	1.139833e+02
3404	1.150064e+02
3405	1.159215e+02
3406	1.166071e+02
3407	1.172057e+02
3408	1.175946e+02
3409	1.178805e+02
3410	1.180946e+02
3411	1.182434e+02
3412	1.181998e+02
3413	1.178932e+02
3414	1.174199e+02
3415	1.168272e+02
3416	1.161230e+02
3417	1.152940e+02
3418	1.142413e+02
3419	1.130519e+02
3420	1.119004e+02
3421	1.108375e+02
3422	1.097477e+02
3423	1.086186e+02
3424	1.073799e+02
3425	1.061926e+02
3426	1.050927e+02
3427	1.041293e+02
3428	1.031892e+02
3429	1.024158e+02
3430	1.018554e+02
3431	1.013188e+02
3432	1.009453e+02
3433	1.007381e+02
3434	1.006525e+02
3435	1.008405e+02
3436	1.011660e+02
3437	1.015062e+02
3438	1.019958e+02
3439	1.026598e+02
3440	1.033655e+02
3441	1.040683e+02
3442	1.048964e+02
3443	1.058008e+02
3444	1.067540e+02
3445	1.077073e+02
3446	1.086794e+02
3447	1.095578e+02
3448	1.103800e+02
3449	1.113251e+02
3450	1.121888e+02
3451	1.128772e+02
3452	1.134360e+02
3453	1.138755e+02
3454	1.141849e+02
3455	1.144167e+02
3456	1.145921e+02
3457	1.145472e+02
3458	1.144289e+02
3459	1.141881e+02
3460	1.139336e+02
3461	1.135507e+02
3462	1.130531e+02
3463	1.124960e+02
3464	1.117857e+02
3465	1.110965e+02
3466	1.103327e+02
3467	1.094708e+02
3468	1.086689e+02
3469	1.079663e+02
3470	1.072525e+02
3471	1.064494e+02
3472	1.057233e+02
3473	1.050584e+02
3474	1.044132e+02
3475	1.037157e+02
3476	1.031313e+02
3477	1.024943e+02
3478	1.020583e+02
3479	1.016686e+02
3480	1.015488e+02
3481	1.016256e+02
3482	1.018342e+02
3483	1.021451e+02
3484	1.025465e+02
3485	1.030916e+02
3486	1.036545e+02
3487	1.041980e+02
3488	1.048160e+02
3489	1.054868e+02
3490	1.061051e+02
3491	1.066778e+02
3492	1.072949e+02
3493	1.079228e+02
3494	1.085957e+02
3495	1.093784e+02
3496	1.102777e+02
3497	1.110925e+02
3498	1.119293e+02
3499	1.127154e+02
3500	1.134346e+02
3501	1.142014e+02
3502	1.148722e+02
3503	1.154193e+02
3504	1.158099e+02
3505	1.161149e+02
3506	1.162737e+02
3507	1.162677e+02
3508	1.160355e+02
3509	1.156493e+02
3510	1.151670e+02
3511	1.147332e+02
3512	1.142033e+02
3513	1.136451e+02
3514	1.129984e+02
3515	1.123071e+02
3516	1.115676e+02
3517	1.107996e+02
3518	1.101644e+02
3519	1.096131e+02
3520	1.089424e+02
3521	1.082816e+02
3522	1.075720e+02
3523	1.068493e+02
3524	1.062024e+02
3525	1.056300e+02
3526	1.051148e+02
3527	1.046570e+02
3528	1.043519e+02
3529	1.041699e+02
3530	1.040284e+02
3531	1.040574e+02
3532	1.040797e+02
3533	1.043154e+02
3534	1.046642e+02
3535	1.051447e+02
3536	1.056098e+02
3537	1.061068e+02
3538	1.065668e+02
3539	1.070570e+02
3540	1.075931e+02
3541	1.080252e+02
3542	1.084639e+02
3543	1.088829e+02
3544	1.093016e+02
3545	1.096645e+02
3546	1.099476e+02
3547	1.100495e+02
3548	1.100370e+02
3549	1.100088e+02
3550	1.097929e+02
3551	1.096244e+02
3552	1.093652e+02
3553	1.090633e+02
3554	1.086732e+02
3555	1.082721e+02
3556	1.078538e+02
3557	1.074476e+02
3558	1.070533e+02
3559	1.067754e+02
3560	1.065542e+02
3561	1.063840e+02
3562	1.062998e+02
3563	1.062374e+02
3564	1.061752e+02
3565	1.062675e+02
3566	1.064359e+02
3567	1.067324e+02
3568	1.071112e+02
3569	1.076715e+02
3570	1.082568e+02
3571	1.089075e+02
3572	1.095554e+02
3573	1.101461e+02
3574	1.108143e+02
3575	1.113873e+02
3576	1.118869e+02
3577	1.123892e+02
3578	1.128236e+02
3579	1.131949e+02
3580	1.135405e+02
3581	1.137606e+02
3582	1.139151e+02
3583	1.140508e+02
3584	1.141247e+02
3585	1.140057e+02
3586	1.137243e+02
3587	1.133594e+02
3588	1.128937e+02
3589	1.125675e+02
3590	1.121249e+02
3591	1.117061e+02
3592	1.113221e+02
3593	1.110105e+02
3594	1.105844e+02
3595	1.101514e+02
3596	1.097264e+02
3597	1.094079e+02
3598	1.090770e+02
3599	1.088658e+02
3600	1.086607e+02
3601	1.084714e+02
3602	1.084468e+02
3603	1.085366e+02
3604	1.086404e+02
3605	1.087560e+02
3606	1.089966e+02
3607	1.093084e+02
3608	1.095027e+02
3609	1.097796e+02
3610	1.100173e+02
3611	1.102233e+02
3612	1.104256e+02
3613	1.106253e+02
3614	1.107092e+02
3615	1.107609e+02
3616	1.106809e+02
3617	1.105352e+02
3618	1.103377e+02
3619	1.101930e+02
3620	1.099749e+02
3621	1.097291e+02
3622	1.096135e+02
3623	1.094281e+02
3624	1.091689e+02
3625	1.089156e+02
3626	1.087960e+02
3627	1.086705e+02
3628	1.085756e+02
3629	1.085972e+02
3630	1.086937e+02
3631	1.088150e+02
3632	1.088709e+02
3633	1.088528e+02
3634	1.087355e+02
3635	1.086662e+02
3636	1.085702e+02
3637	1.084850e+02
3638	1.084097e+02
3639	1.083981e+02
3640	1.084338e+02
3641	1.085124e+02
3642	1.085376e+02
3643	1.085248e+02
3644	1.085119e+02
3645	1.085147e+02
3646	1.085174e+02
3647	1.086454e+02
3648	1.087408e+02
3649	1.088495e+02
3650	1.090323e+02
3651	1.091900e+02
3652	1.093543e+02
3653	1.094364e+02
3654	1.094185e+02
3655	1.093355e+02
3656	1.091516e+02
3657	1.089260e+02
3658	1.087527e+02
3659	1.086183e+02
3660	1.084015e+02
3661	1.081235e+02
3662	1.078833e+02
3663	1.076356e+02
3664	1.074327e+02
3665	1.071101e+02
3666	1.068081e+02
3667	1.065480e+02
3668	1.063566e+02
3669	1.062808e+02
3670	1.062751e+02
3671	1.063890e+02
3672	1.066112e+02
3673	1.069120e+02
3674	1.073173e+02
3675	1.077787e+02
3676	1.082843e+02
3677	1.088817e+02
3678	1.095907e+02
3679	1.103527e+02
3680	1.111205e+02
3681	1.118498e+02
3682	1.125093e+02
3683	1.130736e+02
3684	1.135830e+02
3685	1.140839e+02
3686	1.146036e+02
3687	1.152315e+02
3688	1.159580e+02
3689	1.166839e+02
3690	1.174070e+02
3691	1.182406e+02
3692	1.191261e+02
3693	1.199678e+02
3694	1.208180e+02
3695	1.214725e+02
3696	1.219865e+02
3697	1.222759e+02
3698	1.224387e+02
3699	1.223274e+02
3700	1.219380e+02
3701	1.213449e+02
3702	1.204834e+02
3703	1.195555e+02
3704	1.185640e+02
3705	1.174241e+02
3706	1.161823e+02
3707	1.149103e+02
3708	1.135618e+02
3709	1.122709e+02
3710	1.110182e+02
3711	1.096832e+02
3712	1.083135e+02
3713	1.070288e+02
3714	1.058488e+02
3715	1.047475e+02
3716	1.035929e+02
3717	1.025057e+02
3718	1.014841e+02
3719	1.005550e+02
3720	9.977316e+01
3721	9.911369e+01
3722	9.865894e+01
3723	9.843482e+01
3724	9.835444e+01
3725	9.847637e+01
3726	9.886081e+01
3727	9.936607e+01
3728	1.000158e+02
3729	1.008131e+02
3730	1.015809e+02
3731	1.025742e+02
3732	1.036750e+02
3733	1.048565e+02
3734	1.061300e+02
3735	1.075134e+02
3736	1.089635e+02
3737	1.104995e+02
3738	1.120837e+02
3739	1.136101e+02
3740	1.150696e+02
3741	1.162897e+02
3742	1.174316e+02
3743	1.184671e+02
3744	1.192961e+02
3745	1.197395e+02
3746	1.199167e+02
3747	1.199385e+02
3748	1.197533e+02
3749	1.194439e+02
3750	1.190062e+02
3751	1.184147e+02
3752	1.176870e+02
3753	1.168418e+02
3754	1.159963e+02
3755	1.149964e+02
3756	1.138976e+02
3757	1.127268e+02
3758	1.115414e+02
3759	1.104399e+02
3760	1.092875e+02
3761	1.081568e+02
3762	1.070350e+02
3763	1.061504e+02
3764	1.054873e+02
3765	1.050122e+02
3766	1.047203e+02
3767	1.044939e+02
3768	1.042589e+02
3769	1.042610e+02
3770	1.043966e+02
3771	1.046743e+02
3772	1.050738e+02
3773	1.056782e+02
3774	1.063562e+02
3775	1.071321e+02
3776	1.079786e+02
3777	1.089342e+02
3778	1.099230e+02
3779	1.109401e+02
3780	1.119713e+02
3781	1.129008e+02
3782	1.137494e+02
3783	1.144468e+02
3784	1.150190e+02
3785	1.153234e+02
3786	1.154742e+02
3787	1.155353e+02
3788	1.154573e+02
3789	1.153170e+02
3790	1.151237e+02
3791	1.147994e+02
3792	1.142446e+02
3793	1.136201e+02
3794	1.129855e+02
3795	1.122511e+02
3796	1.113326e+02
3797	1.104005e+02
3798	1.094612e+02
3799	1.085588e+02
3800	1.075248e+02
3801	1.065084e+02
3802	1.055419e+02
3803	1.045172e+02
3804	1.035531e+02
3805	1.026919e+02
3806	1.019434e+02
3807	1.013063e+02
3808	1.007988e+02
3809	1.004395e+02
3810	1.002332e+02
3811	1.002051e+02
3812	1.002567e+02
3813	1.004461e+02
3814	1.007608e+02
3815	1.012280e+02
3816	1.017644e+02
3817	1.023440e+02
3818	1.030418e+02
3819	1.038300e+02
3820	1.046983e+02
3821	1.056317e+02
3822	1.067113e+02
3823	1.077243e+02
3824	1.086342e+02
3825	1.095745e+02
3826	1.104996e+02
3827	1.113693e+02
3828	1.123745e+02
3829	1.133326e+02
3830	1.142709e+02
3831	1.152122e+02
3832	1.159234e+02
3833	1.164606e+02
3834	1.168909e+02
3835	1.171763e+02
3836	1.172073e+02
3837	1.171363e+02
3838	1.168506e+02
3839	1.164924e+02
3840	1.160340e+02
3841	1.154740e+02
3842	1.148741e+02
3843	1.142613e+02
3844	1.135047e+02
3845	1.126304e+02
3846	1.117012e+02
3847	1.108274e+02
3848	1.097781e+02
3849	1.086596e+02
3850	1.075585e+02
3851	1.066031e+02
3852	1.055898e+02
3853	1.046694e+02
3854	1.038980e+02
3855	1.032984e+02
3856	1.028090e+02
3857	1.023281e+02
3858	1.019859e+02
3859	1.017475e+02
3860	1.016377e+02
3861	1.015780e+02
3862	1.016865e+02
3863	1.019423e+02
3864	1.022445e+02
3865	1.025397e+02
3866	1.030061e+02
3867	1.034923e+02
3868	1.040050e+02
3869	1.046635e+02
3870	1.054852e+02
3871	1.063142e+02
3872	1.071162e+02
3873	1.079191e+02
3874	1.086149e+02
3875	1.092568e+02
3876	1.098893e+02
3877	1.103931e+02
3878	1.108609e+02
3879	1.113003e+02
3880	1.116998e+02
3881	1.119434e+02
3882	1.120910e+02
3883	1.121205e+02
3884	1.120001e+02
3885	1.118246e+02
3886	1.116571e+02
3887	1.114019e+02
3888	1.110905e+02
3889	1.107961e+02
3890	1.105111e+02
3891	1.101010e+02
3892	1.095671e+02
3893	1.090652e+02
3894	1.084866e+02
3895	1.079591e+02
3896	1.074180e+02
3897	1.069247e+02
3898	1.065790e+02
3899	1.062153e+02
3900	1.059056e+02
3901	1.056284e+02
3902	1.053716e+02
3903	1.052149e+02
3904	1.051489e+02
3905	1.051998e+02
3906	1.053020e+02
3907	1.054521e+02
3908	1.055270e+02
3909	1.055718e+02
3910	1.056262e+02
3911	1.058685e+02
3912	1.063017e+02
3913	1.068127e+02
3914	1.072911e+02
3915	1.078530e+02
3916	1.085604e+02
3917	1.094135e+02
3918	1.103855e+02
3919	1.113949e+02
3920	1.122818e+02
3921	1.131086e+02
3922	1.138055e+02
3923	1.144077e+02
3924	1.149315e+02
3925	1.152908e+02
3926	1.156062e+02
3927	1.157315e+02
3928	1.158647e+02
3929	1.158560e+02
3930	1.158646e+02
3931	1.157404e+02
3932	1.155619e+02
3933	1.152189e+02
3934	1.147734e+02
3935	1.142513e+02
3936	1.135602e+02
3937	1.127932e+02
3938	1.118767e+02
3939	1.110209e+02
3940	1.100783e+02
3941	1.092145e+02
3942	1.083478e+02
3943	1.074842e+02
3944	1.066492e+02
3945	1.059412e+02
3946	1.052858e+02
3947	1.046151e+02
3948	1.041055e+02
3949	1.036659e+02
3950	1.033479e+02
3951	1.032624e+02
3952	1.033134e+02
3953	1.035233e+02
3954	1.038223e+02
3955	1.041618e+02
3956	1.045494e+02
3957	1.050356e+02
3958	1.057071e+02
3959	1.064353e+02
3960	1.072046e+02
3961	1.080448e+02
3962	1.089068e+02
3963	1.098025e+02
3964	1.105180e+02
3965	1.111256e+02
3966	1.116898e+02
3967	1.121558e+02
3968	1.125766e+02
3969	1.130300e+02
3970	1.134613e+02
3971	1.138580e+02
3972	1.142148e+02
3973	1.146372e+02
3974	1.150360e+02
3975	1.153422e+02
3976	1.154942e+02
3977	1.155204e+02
3978	1.154793e+02
3979	1.153001e+02
3980	1.150992e+02
3981	1.146261e+02
3982	1.141138e+02
3983	1.134155e+02
3984	1.126523e+02
3985	1.118787e+02
3986	1.111646e+02
3987	1.105569e+02
3988	1.099916e+02
3989	1.094704e+02
3990	1.090795e+02
3991	1.088333e+02
3992	1.086506e+02
3993	1.084478e+02
3994	1.081956e+02
3995	1.078658e+02
3996	1.076351e+02
3997	1.073137e+02
3998	1.068677e+02
3999	1.064670e+02
4000	1.060922e+02
4001	1.057928e+02
4002	1.054457e+02
4003	1.051522e+02
4004	1.051162e+02
4005	1.050744e+02
4006	1.050947e+02
4007	1.051927e+02
4008	1.052855e+02
4009	1.054389e+02
4010	1.056994e+02
4011	1.060010e+02
4012	1.062607e+02
4013	1.065915e+02
4014	1.070208e+02
4015	1.073959e+02
4016	1.078518e+02
4017	1.083166e+02
4018	1.087278e+02
4019	1.092356e+02
4020	1.096723e+02
4021	1.101814e+02
4022	1.108039e+02
4023	1.113032e+02
4024	1.117974e+02
4025	1.122484e+02
4026	1.126702e+02
4027	1.129535e+02
4028	1.132431e+02
4029	1.134968e+02
4030	1.137405e+02
4031	1.139149e+02
4032	1.140830e+02
4033	1.142033e+02
4034	1.142097e+02
4035	1.142733e+02
4036	1.143527e+02
4037	1.143740e+02
4038	1.143194e+02
4039	1.141710e+02
4040	1.140293e+02
4041	1.137901e+02
4042	1.133025e+02
4043	1.127409e+02
4044	1.121349e+02
4045	1.115132e+02
4046	1.107184e+02
4047	1.099190e+02
4048	1.090666e+02
4049	1.082492e+02
4050	1.075356e+02
4051	1.069374e+02
4052	1.065024e+02
4053	1.060992e+02
4054	1.056924e+02
4055	1.053858e+02
4056	1.052185e+02
4057	1.051408e+02
4058	1.050518e+02
4059	1.049715e+02
4060	1.049323e+02
4061	1.049669e+02
4062	1.050368e+02
4063	1.051914e+02
4064	1.053489e+02
4065	1.056179e+02
4066	1.059951e+02
4067	1.063858e+02
4068	1.067364e+02
4069	1.070056e+02
4070	1.073890e+02
4071	1.078504e+02
4072	1.083714e+02
4073	1.088841e+02
4074	1.093596e+02
4075	1.097941e+02
4076	1.103427e+02
4077	1.108193e+02
4078	1.113131e+02
4079	1.116734e+02
4080	1.118535e+02
4081	1.120359e+02
4082	1.120887e+02
4083	1.120014e+02
4084	1.118472e+02
4085	1.117430e+02
4086	1.117379e+02
4087	1.118268e+02
4088	1.118786e+02
4089	1.118092e+02
4090	1.115760e+02
4091	1.112357e+02
4092	1.108477e+02
4093	1.103664e+02
4094	1.099014e+02
4095	1.094579e+02
4096	1.090591e+02
4097	1.087282e+02
4098	1.085122e+02
4099	1.083818e+02
4100	1.083564e+02
4101	1.083546e+02
4102	1.083678e+02
4103	1.084700e+02
4104	1.086502e+02
4105	1.088292e+02
4106	1.090396e+02
4107	1.093285e+02
4108	1.095906e+02
4109	1.098462e+02
4110	1.101008e+02
4111	1.103772e+02
4112	1.106794e+02
4113	1.108915e+02
4114	1.111277e+02
4115	1.113721e+02
4116	1.114983e+02
4117	1.114889e+02
4118	1.114045e+02
4119	1.113637e+02
4120	1.113284e+02
4121	1.112551e+02
4122	1.110926e+02
4123	1.108853e+02
4124	1.106555e+02
4125	1.102716e+02
4126	1.099242e+02
4127	1.095716e+02
4128	1.091712e+02
4129	1.086886e+02
4130	1.083193e+02
4131	1.079570e+02
4132	1.076560e+02
4133	1.072805e+02
4134	1.069832e+02
4135	1.066814e+02
4136	1.063500e+02
4137	1.061099e+02
4138	1.058749e+02
4139	1.056819e+02
4140	1.055441e+02
4141	1.054588e+02
4142	1.054060e+02
4143	1.054110e+02
4144	1.055876e+02
4145	1.058546e+02
4146	1.062154e+02
4147	1.066184e+02
4148	1.069477e+02
4149	1.073390e+02
4150	1.077734e+02
4151	1.082555e+02
4152	1.087251e+02
4153	1.090627e+02
4154	1.093841e+02
4155	1.095707e+02
4156	1.097233e+02
4157	1.098638e+02
4158	1.100185e+02
4159	1.101436e+02
4160	1.101738e+02
4161	1.102720e+02
4162	1.103308e+02
4163	1.104285e+02
4164	1.104914e+02
4165	1.105285e+02
4166	1.105806e+02
4167	1.105114e+02
4168	1.103340e+02
4169	1.101350e+02
4170	1.098936e+02
4171	1.096835e+02
4172	1.093858e+02
4173	1.091213e+02
4174	1.089023e+02
4175	1.087472e+02
4176	1.085367e+02
4177	1.083257e+02
4178	1.080824e+02
4179	1.077718e+02
4180	1.075376e+02
4181	1.074225e+02
4182	1.072507e+02
4183	1.070467e+02
4184	1.067457e+02
4185	1.064375e+02
4186	1.061045e+02
4187	1.057852e+02
4188	1.055363e+02
4189	1.053125e+02
4190	1.050928e+02
4191	1.048375e+02
4192	1.045652e+02
4193	1.042808e+02
4194	1.040994e+02
4195	1.039870e+02
4196	1.038757e+02
4197	1.036233e+02
4198	1.032029e+02
4199	1.028495e+02
4200	1.025909e+02
4201	1.024569e+02
4202	1.023980e+02
4203	1.025317e+02
4204	1.028685e+02
4205	1.032558e+02
4206	1.036676e+02
4207	1.041420e+02
4208	1.046558e+02
4209	1.051789e+02
4210	1.057488e+02
4211	1.062449e+02
4212	1.067775e+02
4213	1.073301e+02
4214	1.077869e+02
4215	1.081697e+02
4216	1.083915e+02
4217	1.085840e+02
4218	1.086630e+02
4219	1.086856e+02
4220	1.086607e+02
4221	1.086602e+02
4222	1.085150e+02
4223	1.082891e+02
4224	1.081499e+02
4225	1.081591e+02
4226	1.081155e+02
4227	1.080579e+02
4228	1.079761e+02
4229	1.079157e+02
4230	1.078210e+02
4231	1.077454e+02
4232	1.076101e+02
4233	1.074331e+02
4234	1.072484e+02
4235	1.070632e+02
4236	1.069908e+02
4237	1.070162e+02
4238	1.071272e+02
4239	1.072143e+02
4240	1.073040e+02
4241	1.073117e+02
4242	1.073339e+02
4243	1.074170e+02
4244	1.075475e+02
4245	1.076037e+02
4246	1.076336e+02
4247	1.076960e+02
4248	1.077529e+02
4249	1.078443e+02
4250	1.079550e+02
4251	1.080803e+02
4252	1.082453e+02
4253	1.085202e+02
4254	1.088829e+02
4255	1.092709e+02
4256	1.096359e+02
4257	1.099010e+02
4258	1.100883e+02
4259	1.102212e+02
4260	1.102532e+02
4261	1.103025e+02
4262	1.102631e+02
4263	1.101834e+02
4264	1.100919e+02
4265	1.099167e+02
4266	1.096631e+02
4267	1.093016e+02
4268	1.089180e+02
4269	1.084549e+02
4270	1.080506e+02
4271	1.077369e+02
4272	1.074121e+02
4273	1.072002e+02
4274	1.070451e+02
4275	1.069795e+02
4276	1.069299e+02
4277	1.069619e+02
4278	1.071604e+02
4279	1.074568e+02
4280	1.077367e+02
4281	1.079599e+02
4282	1.082522e+02
4283	1.086253e+02
4284	1.089583e+02
4285	1.092408e+02
4286	1.095179e+02
4287	1.097480e+02
4288	1.099123e+02
4289	1.099972e+02
4290	1.100129e+02
4291	1.100985e+02
4292	1.102600e+02
4293	1.104659e+02
4294	1.107593e+02
4295	1.111598e+02
4296	1.115145e+02
4297	1.118803e+02
4298	1.122838e+02
4299	1.126124e+02
4300	1.128505e+02
4301	1.130427e+02
4302	1.133562e+02
4303	1.136249e+02
4304	1.139042e+02
4305	1.140133e+02
4306	1.139789e+02
4307	1.139195e+02
4308	1.138299e+02
4309	1.137211e+02
4310	1.135300e+02
4311	1.132777e+02
4312	1.131129e+02
4313	1.129607e+02
4314	1.127677e+02
4315	1.126125e+02
4316	1.125873e+02
4317	1.124740e+02
4318	1.124304e+02
4319	1.123008e+02
4320	1.121137e+02
4321	1.120234e+02
4322	1.119268e+02
4323	1.115854e+02
4324	1.112091e+02
4325	1.109622e+02
4326	1.107476e+02
4327	1.104335e+02
4328	1.101904e+02
4329	1.099961e+02
4330	1.098196e+02
4331	1.096471e+02
4332	1.095037e+02
4333	1.094393e+02
4334	1.093760e+02
4335	1.093552e+02
4336	1.092401e+02
4337	1.093368e+02
4338	1.094609e+02
4339	1.096532e+02
4340	1.098504e+02
4341	1.101327e+02
4342	1.101507e+02
4343	1.101679e+02
4344	1.101959e+02
4345	1.102028e+02
4346	1.101062e+02
4347	1.100267e+02
4348	1.098881e+02
4349	1.097353e+02
4350	1.095471e+02
4351	1.093602e+02
4352	1.091110e+02
4353	1.087921e+02
4354	1.084763e+02
4355	1.081161e+02
4356	1.077397e+02
4357	1.074593e+02
4358	1.072356e+02
4359	1.070727e+02
4360	1.068157e+02
4361	1.066023e+02
4362	1.064581e+02
4363	1.064005e+02
4364	1.063664e+02
4365	1.062924e+02
4366	1.063615e+02
4367	1.065419e+02
4368	1.068096e+02
4369	1.071271e+02
4370	1.075566e+02
4371	1.079495e+02
4372	1.083304e+02
4373	1.087822e+02
4374	1.092368e+02
4375	1.096730e+02
4376	1.099249e+02
4377	1.101137e+02
4378	1.102774e+02
4379	1.103170e+02
4380	1.103801e+02
4381	1.104474e+02
4382	1.104797e+02
4383	1.104806e+02
4384	1.106010e+02
4385	1.106214e+02
4386	1.107270e+02
4387	1.109145e+02
4388	1.111019e+02
4389	1.113270e+02
4390	1.115035e+02
4391	1.115629e+02
4392	1.116105e+02
4393	1.116066e+02
4394	1.116104e+02
4395	1.116649e+02
4396	1.116451e+02
4397	1.114963e+02
4398	1.111614e+02
4399	1.107802e+02
4400	1.103636e+02
4401	1.099767e+02
4402	1.095447e+02
4403	1.091401e+02
4404	1.086886e+02
4405	1.081578e+02
4406	1.077225e+02
4407	1.073615e+02
4408	1.071161e+02
4409	1.069259e+02
4410	1.068006e+02
4411	1.066620e+02
4412	1.066777e+02
4413	1.067893e+02
4414	1.070350e+02
4415	1.074603e+02
4416	1.079463e+02
4417	1.084972e+02
4418	1.090308e+02
4419	1.095985e+02
4420	1.101548e+02
4421	1.107202e+02
4422	1.112142e+02
4423	1.117552e+02
4424	1.123576e+02
4425	1.130257e+02
4426	1.137966e+02
4427	1.146339e+02
4428	1.154330e+02
4429	1.161754e+02
4430	1.168540e+02
4431	1.173828e+02
4432	1.177723e+02
4433	1.179901e+02
4434	1.180624e+02
4435	1.180798e+02
4436	1.179317e+02
4437	1.176923e+02
4438	1.173426e+02
4439	1.169560e+02
4440	1.165059e+02
4441	1.160088e+02
4442	1.155120e+02
4443	1.150770e+02
4444	1.146875e+02
4445	1.141241e+02
4446	1.134262e+02
4447	1.126730e+02
4448	1.118460e+02
4449	1.110200e+02
4450	1.100676e+02
4451	1.090674e+02
4452	1.080078e+02
4453	1.069650e+02
4454	1.059597e+02
4455	1.050820e+02
4456	1.042635e+02
4457	1.034166e+02
4458	1.027657e+02
4459	1.023452e+02
4460	1.020766e+02
4461	1.019844e+02
4462	1.020128e+02
4463	1.021983e+02
4464	1.026001e+02
4465	1.032009e+02
4466	1.039533e+02
4467	1.048454e+02
4468	1.058147e+02
4469	1.070025e+02
4470	1.083655e+02
4471	1.098017e+02
4472	1.112621e+02
4473	1.128191e+02
4474	1.142337e+02
4475	1.156087e+02
4476	1.168593e+02
4477	1.180248e+02
4478	1.188851e+02
4479	1.195123e+02
4480	1.199675e+02
4481	1.202893e+02
4482	1.203844e+02
4483	1.202849e+02
4484	1.199941e+02
4485	1.195777e+02
4486	1.190190e+02
4487	1.182933e+02
4488	1.173991e+02
4489	1.163746e+02
4490	1.152881e+02
4491	1.141851e+02
4492	1.129239e+02
4493	1.115323e+02
4494	1.101473e+02
4495	1.088305e+02
4496	1.076049e+02
4497	1.063986e+02
4498	1.052298e+02
4499	1.042272e+02
4500	1.033766e+02
4501	1.025169e+02
4502	1.016486e+02
4503	1.009771e+02
4504	1.004913e+02
4505	1.001166e+02
4506	9.996351e+01
4507	9.999579e+01
4508	1.002296e+02
4509	1.006723e+02
4510	1.013681e+02
4511	1.022044e+02
4512	1.032255e+02
4513	1.043241e+02
4514	1.055631e+02
4515	1.068996e+02
4516	1.082781e+02
4517	1.096156e+02
4518	1.108349e+02
4519	1.119880e+02
4520	1.131596e+02
4521	1.140306e+02
4522	1.147103e+02
4523	1.153700e+02
4524	1.159322e+02
4525	1.163926e+02
4526	1.167395e+02
4527	1.169466e+02
4528	1.169529e+02
4529	1.168130e+02
4530	1.165422e+02
4531	1.160760e+02
4532	1.155644e+02
4533	1.149283e+02
4534	1.143281e+02
4535	1.136752e+02
4536	1.128712e+02
4537	1.119479e+02
4538	1.110464e+02
4539	1.100101e+02
4540	1.089905e+02
4541	1.078742e+02
4542	1.067772e+02
4543	1.057419e+02
4544	1.047424e+02
4545	1.038052e+02
4546	1.028946e+02
4547	1.020017e+02
4548	1.011871e+02
4549	1.005863e+02
4550	1.001146e+02
4551	9.969509e+01
4552	9.939545e+01
4553	9.923410e+01
4554	9.923037e+01
4555	9.938641e+01
4556	9.972914e+01
4557	1.002892e+02
4558	1.009687e+02
4559	1.017677e+02
4560	1.027117e+02
4561	1.037908e+02
4562	1.048783e+02
4563	1.060608e+02
4564	1.071950e+02
4565	1.083249e+02
4566	1.094556e+02
4567	1.105719e+02
4568	1.115852e+02
4569	1.124597e+02
4570	1.133134e+02
4571	1.141001e+02
4572	1.147264e+02
4573	1.152004e+02
4574	1.154426e+02
4575	1.155392e+02
4576	1.154238e+02
4577	1.151058e+02
4578	1.146261e+02
4579	1.140128e+02
4580	1.132736e+02
4581	1.124988e+02
4582	1.115037e+02
4583	1.104490e+02
4584	1.094105e+02
4585	1.084131e+02
4586	1.073463e+02
4587	1.062429e+02
4588	1.051401e+02
4589	1.041421e+02
4590	1.031713e+02
4591	1.024123e+02
4592	1.017616e+02
4593	1.012491e+02
4594	1.009762e+02
4595	1.009489e+02
4596	1.010194e+02
4597	1.012031e+02
4598	1.014934e+02
4599	1.020045e+02
4600	1.028082e+02
4601	1.035855e+02
4602	1.045097e+02
4603	1.056560e+02
4604	1.068291e+02
4605	1.080775e+02
4606	1.092992e+02
4607	1.105200e+02
4608	1.117020e+02
4609	1.128756e+02
4610	1.140127e+02
4611	1.149720e+02
4612	1.158649e+02
4613	1.166591e+02
4614	1.173079e+02
4615	1.178687e+02
4616	1.182878e+02
4617	1.185693e+02
4618	1.186967e+02
4619	1.186553e+02
4620	1.185248e+02
4621	1.182081e+02
4622	1.177715e+02
4623	1.171939e+02
4624	1.165573e+02
4625	1.158299e+02
4626	1.148332e+02
4627	1.137240e+02
4628	1.125964e+02
4629	1.113526e+02
4630	1.101653e+02
4631	1.089984e+02
4632	1.078836e+02
4633	1.068562e+02
4634	1.058665e+02
4635	1.048951e+02
4636	1.039728e+02
4637	1.031501e+02
4638	1.024429e+02
4639	1.017942e+02
4640	1.012696e+02
4641	1.007499e+02
4642	1.003347e+02
4643	1.000208e+02
4644	9.987404e+01
4645	9.993506e+01
4646	1.000844e+02
4647	1.003537e+02
4648	1.006632e+02
4649	1.011369e+02
4650	1.017214e+02
4651	1.024036e+02
4652	1.033899e+02
4653	1.043187e+02
4654	1.052908e+02
4655	1.063169e+02
4656	1.073864e+02
4657	1.084119e+02
4658	1.095013e+02
4659	1.106064e+02
4660	1.116889e+02
4661	1.127375e+02
4662	1.137771e+02
4663	1.147441e+02
4664	1.156799e+02
4665	1.164573e+02
4666	1.171183e+02
4667	1.176483e+02
4668	1.180426e+02
4669	1.183459e+02
4670	1.185301e+02
4671	1.186057e+02
4672	1.186008e+02
4673	1.186316e+02
4674	1.186331e+02
4675	1.185081e+02
4676	1.182421e+02
4677	1.179279e+02
4678	1.175676e+02
4679	1.171257e+02
4680	1.165416e+02
4681	1.158207e+02
4682	1.150703e+02
4683	1.143083e+02
4684	1.134662e+02
4685	1.125630e+02
4686	1.115806e+02
4687	1.105754e+02
4688	1.095796e+02
4689	1.086444e+02
4690	1.076489e+02
4691	1.068054e+02
4692	1.060173e+02
4693	1.053423e+02
4694	1.047171e+02
4695	1.042344e+02
4696	1.037933e+02
4697	1.034770e+02
4698	1.033563e+02
4699	1.034784e+02
4700	1.036843e+02
4701	1.041803e+02
4702	1.048781e+02
4703	1.057799e+02
4704	1.067033e+02
4705	1.079097e+02
4706	1.091483e+02
4707	1.104884e+02
4708	1.118547e+02
4709	1.131305e+02
4710	1.143376e+02
4711	1.155396e+02
4712	1.165663e+02
4713	1.174132e+02
4714	1.181580e+02
4715	1.187591e+02
4716	1.191679e+02
4717	1.194488e+02
4718	1.196718e+02
4719	1.197425e+02
4720	1.196859e+02
4721	1.195121e+02
4722	1.191764e+02
4723	1.186920e+02
4724	1.180399e+02
4725	1.172784e+02
4726	1.162962e+02
4727	1.151656e+02
4728	1.138883e+02
4729	1.126342e+02
4730	1.113961e+02
4731	1.100421e+02
4732	1.086638e+02
4733	1.072333e+02
4734	1.058443e+02
4735	1.045754e+02
4736	1.034704e+02
4737	1.024930e+02
4738	1.016218e+02
4739	1.008805e+02
4740	1.002332e+02
4741	9.975308e+01
4742	9.943312e+01
4743	9.931688e+01
4744	9.937637e+01
4745	9.970447e+01
4746	1.003911e+02
4747	1.012645e+02
4748	1.024049e+02
4749	1.036682e+02
4750	1.050406e+02
4751	1.064484e+02
4752	1.079375e+02
4753	1.094357e+02
4754	1.108949e+02
4755	1.123547e+02
4756	1.137756e+02
4757	1.150917e+02
4758	1.163322e+02
4759	1.174637e+02
4760	1.185109e+02
4761	1.194893e+02
4762	1.203287e+02
4763	1.210002e+02
4764	1.215794e+02
4765	1.219985e+02
4766	1.222388e+02
4767	1.222925e+02
4768	1.221369e+02
4769	1.218822e+02
4770	1.214532e+02
4771	1.209362e+02
4772	1.201328e+02
4773	1.192431e+02
4774	1.182370e+02
4775	1.170759e+02
4776	1.157832e+02
4777	1.144815e+02
4778	1.130859e+02
4779	1.116398e+02
4780	1.103044e+02
4781	1.089705e+02
4782	1.076893e+02
4783	1.064760e+02
4784	1.054708e+02
4785	1.044870e+02
4786	1.037325e+02
4787	1.030930e+02
4788	1.024895e+02
4789	1.020790e+02
4790	1.018211e+02
4791	1.016753e+02
4792	1.016574e+02
4793	1.017079e+02
4794	1.018228e+02
4795	1.019755e+02
4796	1.022668e+02
4797	1.027330e+02
4798	1.033703e+02
4799	1.040312e+02
4800	1.047682e+02
4801	1.055411e+02
4802	1.063648e+02
4803	1.072117e+02
4804	1.080126e+02
4805	1.085964e+02
4806	1.091921e+02
4807	1.097599e+02
4808	1.102632e+02
4809	1.105965e+02
4810	1.109059e+02
4811	1.112394e+02
4812	1.116475e+02
4813	1.119546e+02
4814	1.122684e+02
4815	1.124664e+02
4816	1.127022e+02
4817	1.129092e+02
4818	1.129427e+02
4819	1.129094e+02
4820	1.129013e+02
4821	1.127295e+02
4822	1.124997e+02
4823	1.121196e+02
4824	1.117616e+02
4825	1.115025e+02
4826	1.112731e+02
4827	1.109156e+02
4828	1.105088e+02
4829	1.100440e+02
4830	1.094175e+02
4831	1.087738e+02
4832	1.081919e+02
4833	1.076486e+02
4834	1.071522e+02
4835	1.067878e+02
4836	1.065165e+02
4837	1.062012e+02
4838	1.059731e+02
4839	1.058662e+02
4840	1.059288e+02
4841	1.059892e+02
4842	1.061422e+02
4843	1.062398e+02
4844	1.064061e+02
4845	1.066471e+02
4846	1.068735e+02
4847	1.071310e+02
4848	1.074419e+02
4849	1.078020e+02
4850	1.081445e+02
4851	1.085578e+02
4852	1.089690e+02
4853	1.093808e+02
4854	1.097053e+02
4855	1.099314e+02
4856	1.100967e+02
4857	1.102670e+02
4858	1.103336e+02
4859	1.104114e+02
4860	1.103873e+02
4861	1.103722e+02
4862	1.103341e+02
4863	1.102261e+02
4864	1.101655e+02
4865	1.100455e+02
4866	1.099709e+02
4867	1.098982e+02
4868	1.097246e+02
4869	1.094127e+02
4870	1.091830e+02
4871	1.089163e+02
4872	1.085979e+02
4873	1.082820e+02
4874	1.079952e+02
4875	1.077515e+02
4876	1.076265e+02
4877	1.075450e+02
4878	1.075962e+02
4879	1.076946e+02
4880	1.078543e+02
4881	1.081098e+02
4882	1.083202e+02
4883	1.085110e+02
4884	1.086658e+02
4885	1.088776e+02
4886	1.090766e+02
4887	1.092449e+02
4888	1.095423e+02
4889	1.097688e+02
4890	1.100136e+02
4891	1.103078e+02
4892	1.106118e+02
4893	1.108346e+02
4894	1.109600e+02
4895	1.109506e+02
4896	1.109836e+02
4897	1.108394e+02
4898	1.105820e+02
4899	1.102135e+02
4900	1.097711e+02
4901	1.093990e+02
4902	1.090074e+02
4903	1.085926e+02
4904	1.081896e+02
4905	1.077963e+02
4906	1.073128e+02
4907	1.068327e+02
4908	1.063145e+02
4909	1.056753e+02
4910	1.049289e+02
4911	1.042149e+02
4912	1.035970e+02
4913	1.029794e+02
4914	1.024445e+02
4915	1.019355e+02
4916	1.015768e+02
4917	1.014140e+02
4918	1.013345e+02
4919	1.012282e+02
4920	1.011574e+02
4921	1.011496e+02
4922	1.011221e+02
4923	1.012201e+02
4924	1.013449e+02
4925	1.016298e+02
4926	1.019347e+02
4927	1.023568e+02
4928	1.028749e+02
4929	1.034359e+02
4930	1.040305e+02
4931	1.045641e+02
4932	1.051704e+02
4933	1.057744e+02
4934	1.065280e+02
4935	1.073221e+02
4936	1.082007e+02
4937	1.091683e+02
4938	1.101527e+02
4939	1.113211e+02
4940	1.124940e+02
4941	1.136328e+02
4942	1.147429e+02
4943	1.156917e+02
4944	1.166440e+02
4945	1.174081e+02
4946	1.180738e+02
4947	1.185815e+02
4948	1.188014e+02
4949	1.188311e+02
4950	1.186985e+02
4951	1.184010e+02
4952	1.179093e+02
4953	1.173575e+02
4954	1.166797e+02
4955	1.159654e+02
4956	1.152760e+02
4957	1.145687e+02
4958	1.138493e+02
4959	1.130876e+02
4960	1.122378e+02
4961	1.113689e+02
4962	1.104280e+02
4963	1.095127e+02
4964	1.086269e+02
4965	1.078126e+02
4966	1.070134e+02
4967	1.063345e+02
4968	1.056506e+02
4969	1.049697e+02
4970	1.044421e+02
4971	1.039084e+02
4972	1.035886e+02
4973	1.035003e+02
4974	1.035797e+02
4975	1.038906e+02
4976	1.042553e+02
4977	1.047522e+02
4978	1.054090e+02
4979	1.061812e+02
4980	1.069464e+02
4981	1.078400e+02
4982	1.086916e+02
4983	1.095579e+02
4984	1.103512e+02
4985	1.111641e+02
4986	1.118938e+02
4987	1.125559e+02
4988	1.130752e+02
4989	1.135310e+02
4990	1.138732e+02
4991	1.140254e+02
4992	1.140652e+02
4993	1.140636e+02
4994	1.138022e+02
4995	1.134076e+02
4996	1.129523e+02
4997	1.124198e+02
4998	1.118852e+02
4999	1.112977e+02
