# Step	Measurement
1	1.058937e+02
2	1.057906e+02
3	1.056822e+02
4	1.055900e+02
5	1.055012e+02
6	1.054085e+02
7	1.053025e+02
8	1.051871e+02
9	1.050631e+02
10	1.049544e+02
11	1.048268e+02
12	1.046958e+02
13	1.045714e+02
14	1.044569e+02
15	1.043519e+02
16	1.042586e+02
17	1.041913e+02
18	1.041393e+02
19	1.040929e+02
20	1.040526e+02
21	1.040206e+02
22	1.039926e+02
23	1.039600e+02
24	1.039409e+02
25	1.039166e+02
26	1.038984e+02
27	1.038984e+02
28	1.038942e+02
29	1.038981e+02
30	1.039021e+02
31	1.039015e+02
32	1.038883e+02
33	1.038596e+02
34	1.038312e+02
35	1.037906e+02
36	1.037595e+02
37	1.037418e+02
38	1.037331e+02
39	1.037334e+02
40	1.037619e+02
41	1.038068e+02
42	1.038723e+02
43	1.039546e+02
44	1.040671e+02
45	1.041886e+02
46	1.042975e+02
47	1.044098e+02
48	1.045158e+02
49	1.046031e+02
50	1.046798e+02
51	1.047503e+02
52	1.048161e+02
53	1.048699e+02
54	1.049200e+02
55	1.049741e+02
56	1.050331e+02
57	1.050922e+02
58	1.051457e+02
59	1.051995e+02
60	1.052410e+02
61	1.052908e+02
62	1.053251e+02
63	1.053652e+02
64	1.054064e+02
65	1.054614e+02
66	1.055153e+02
67	1.055648e+02
68	1.055986e+02
69	1.056100e+02
70	1.056041e+02
71	1.055834e+02
72	1.055463e+02
73	1.055045e+02
74	1.054549e+02
75	1.053967e+02
76	1.053400e+02
77	1.052831e+02
78	1.052112e+02
79	1.051579e+02
80	1.050991e+02
81	1.050370e+02
82	1.049723e+02
83	1.048988e+02
84	1.048320e+02
85	1.047548e+02
86	1.046557e+02
87	1.045500e+02
88	1.044473e+02
89	1.043567e+02
90	1.042444e+02
91	1.041311e+02
92	1.040151e+02
93	1.039057e+02
94	1.037922e+02
95	1.036997e+02
96	1.036078e+02
97	1.035231e+02
98	1.034647e+02
99	1.034234e+02
100	1.034011e+02
101	1.033890e+02
102	1.033921e+02
103	1.034177e+02
104	1.034563e+02
105	1.035005e+02
106	1.035388e+02
107	1.035803e+02
108	1.036220e+02
109	1.036659e+02
110	1.037122e+02
111	1.037816e+02
112	1.038543e+02
113	1.039539e+02
114	1.040656e+02
115	1.042076e+02
116	1.043735e+02
117	1.045548e+02
118	1.047468e+02
119	1.049582e+02
120	1.051721e+02
121	1.054017e+02
122	1.056430e+02
123	1.058922e+02
124	1.061474e+02
125	1.063811e+02
126	1.066011e+02
127	1.068228e+02
128	1.070482e+02
129	1.072718e+02
130	1.075009e+02
131	1.077251e+02
132	1.079393e+02
133	1.081495e+02
134	1.083622e+02
135	1.085859e+02
136	1.088119e+02
137	1.090404e+02
138	1.092570e+02
139	1.094708e+02
140	1.096615e+02
141	1.098260e+02
142	1.099536e+02
143	1.100586e+02
144	1.101521e+02
145	1.102497e+02
146	1.103404e+02
147	1.104378e+02
148	1.105240e+02
149	1.105742e+02
150	1.106028e+02
151	1.106233e+02
152	1.106343e+02
153	1.106515e+02
154	1.106546e+02
155	1.106461e+02
156	1.105924e+02
157	1.105252e+02
158	1.104226e+02
159	1.103005e+02
160	1.101472e+02
161	1.099821e+02
162	1.097893e+02
163	1.095849e+02
164	1.093628e+02
165	1.091418e+02
166	1.089135e+02
167	1.087063e+02
168	1.085105e+02
169	1.083169e+02
170	1.081314e+02
171	1.079535e+02
172	1.077852e+02
173	1.076328e+02
174	1.074754e+02
175	1.073149e+02
176	1.071445e+02
177	1.069710e+02
178	1.067855e+02
179	1.065887e+02
180	1.063732e+02
181	1.061557e+02
182	1.059554e+02
183	1.057741e+02
184	1.056038e+02
185	1.054317e+02
186	1.052662e+02
187	1.051230e+02
188	1.049981e+02
189	1.048887e+02
190	1.047890e+02
191	1.047243e+02
192	1.046758e+02
193	1.046422e+02
194	1.046150e+02
195	1.046020e+02
196	1.045972e+02
197	1.045960e+02
198	1.045936e+02
199	1.046116e+02
200	1.046353e+02
201	1.046753e+02
202	1.047317e+02
203	1.048117e+02
204	1.048915e+02
205	1.049789e+02
206	1.050695e+02
207	1.051612e+02
208	1.052519e+02
209	1.053444e+02
210	1.054271e+02
211	1.055139e+02
212	1.055931e+02
213	1.056837e+02
214	1.057768e+02
215	1.058555e+02
216	1.059356e+02
217	1.060132e+02
218	1.061061e+02
219	1.061880e+02
220	1.062768e+02
221	1.063487e+02
222	1.064093e+02
223	1.064598e+02
224	1.065135e+02
225	1.065655e+02
226	1.066223e+02
227	1.066709e+02
228	1.067018e+02
229	1.067285e+02
230	1.067508e+02
231	1.067709e+02
232	1.067718e+02
233	1.067785e+02
234	1.067818e+02
235	1.067844e+02
236	1.067885e+02
237	1.067775e+02
238	1.067688e+02
239	1.067513e+02
240	1.067210e+02
241	1.066798e+02
242	1.066278e+02
243	1.065822e+02
244	1.065391e+02
245	1.064928e+02
246	1.064325e+02
247	1.063658e+02
248	1.062861e+02
249	1.061978e+02
250	1.061018e+02
251	1.060155e+02
252	1.059408e+02
253	1.058879e+02
254	1.058464e+02
255	1.058163e+02
256	1.057949e+02
257	1.057711e+02
258	1.057655e+02
259	1.057672e+02
260	1.057623e+02
261	1.057621e+02
262	1.057614e+02
263	1.057682e+02
264	1.057841e+02
265	1.057883e+02
266	1.057963e+02
267	1.058149e+02
268	1.058409e+02
269	1.058686e+02
270	1.059047e+02
271	1.059491e+02
272	1.060101e+02
273	1.060687e+02
274	1.061424e+02
275	1.062434e+02
276	1.063624e+02
277	1.065011e+02
278	1.066396e+02
279	1.067795e+02
280	1.069288e+02
281	1.070822e+02
282	1.072308e+02
283	1.073733e+02
284	1.075147e+02
285	1.076565e+02
286	1.077878e+02
287	1.079156e+02
288	1.080428e+02
289	1.081721e+02
290	1.083087e+02
291	1.084416e+02
292	1.085916e+02
293	1.087333e+02
294	1.088757e+02
295	1.090177e+02
296	1.091676e+02
297	1.093138e+02
298	1.094533e+02
299	1.096050e+02
300	1.097492e+02
301	1.098792e+02
302	1.100232e+02
303	1.101539e+02
304	1.102690e+02
305	1.103601e+02
306	1.104278e+02
307	1.104932e+02
308	1.105432e+02
309	1.106003e+02
310	1.106457e+02
311	1.106933e+02
312	1.107482e+02
313	1.108061e+02
314	1.108761e+02
315	1.109291e+02
316	1.109645e+02
317	1.109893e+02
318	1.110040e+02
319	1.110287e+02
320	1.110321e+02
321	1.110196e+02
322	1.109810e+02
323	1.109254e+02
324	1.108485e+02
325	1.107589e+02
326	1.106506e+02
327	1.105336e+02
328	1.104038e+02
329	1.102818e+02
330	1.101501e+02
331	1.100075e+02
332	1.098495e+02
333	1.096855e+02
334	1.094959e+02
335	1.092782e+02
336	1.090444e+02
337	1.088029e+02
338	1.085548e+02
339	1.082910e+02
340	1.080320e+02
341	1.077557e+02
342	1.074931e+02
343	1.072275e+02
344	1.069727e+02
345	1.067152e+02
346	1.064557e+02
347	1.061963e+02
348	1.059327e+02
349	1.056807e+02
350	1.054335e+02
351	1.052015e+02
352	1.049730e+02
353	1.047325e+02
354	1.044948e+02
355	1.042580e+02
356	1.040308e+02
357	1.038106e+02
358	1.036045e+02
359	1.034057e+02
360	1.032258e+02
361	1.030600e+02
362	1.029125e+02
363	1.027539e+02
364	1.026061e+02
365	1.024697e+02
366	1.023495e+02
367	1.022383e+02
368	1.021384e+02
369	1.020498e+02
370	1.019591e+02
371	1.018776e+02
372	1.017924e+02
373	1.017229e+02
374	1.016810e+02
375	1.016252e+02
376	1.015767e+02
377	1.015458e+02
378	1.015333e+02
379	1.015279e+02
380	1.015424e+02
381	1.015730e+02
382	1.015963e+02
383	1.016146e+02
384	1.016247e+02
385	1.016344e+02
386	1.016470e+02
387	1.016567e+02
388	1.016719e+02
389	1.016966e+02
390	1.017249e+02
391	1.017669e+02
392	1.018214e+02
393	1.018727e+02
394	1.019360e+02
395	1.020002e+02
396	1.020765e+02
397	1.021360e+02
398	1.021882e+02
399	1.022376e+02
400	1.022709e+02
401	1.023036e+02
402	1.023276e+02
403	1.023420e+02
404	1.023585e+02
405	1.023831e+02
406	1.024188e+02
407	1.024559e+02
408	1.024641e+02
409	1.024882e+02
410	1.025012e+02
411	1.025058e+02
412	1.025169e+02
413	1.025284e+02
414	1.025489e+02
415	1.025736e+02
416	1.025943e+02
417	1.026139e+02
418	1.026394e+02
419	1.026585e+02
420	1.026645e+02
421	1.026562e+02
422	1.026481e+02
423	1.026345e+02
424	1.026140e+02
425	1.025838e+02
426	1.025481e+02
427	1.025070e+02
428	1.024715e+02
429	1.024432e+02
430	1.024471e+02
431	1.024700e+02
432	1.025208e+02
433	1.025753e+02
434	1.026423e+02
435	1.027117e+02
436	1.027870e+02
437	1.028809e+02
438	1.029449e+02
439	1.030141e+02
440	1.030774e+02
441	1.031521e+02
442	1.032187e+02
443	1.033097e+02
444	1.034041e+02
445	1.035155e+02
446	1.036440e+02
447	1.038040e+02
448	1.039863e+02
449	1.041905e+02
450	1.043987e+02
451	1.046246e+02
452	1.048620e+02
453	1.051093e+02
454	1.053521e+02
455	1.055716e+02
456	1.057820e+02
457	1.059825e+02
458	1.061673e+02
459	1.063472e+02
460	1.065152e+02
461	1.066757e+02
462	1.068488e+02
463	1.070327e+02
464	1.072185e+02
465	1.074029e+02
466	1.075812e+02
467	1.077727e+02
468	1.079613e+02
469	1.081590e+02
470	1.083450e+02
471	1.085306e+02
472	1.087013e+02
473	1.088537e+02
474	1.089827e+02
475	1.091030e+02
476	1.092349e+02
477	1.093788e+02
478	1.095186e+02
479	1.096504e+02
480	1.097754e+02
481	1.099151e+02
482	1.100473e+02
483	1.101719e+02
484	1.102989e+02
485	1.104213e+02
486	1.105285e+02
487	1.106308e+02
488	1.107312e+02
489	1.108214e+02
490	1.109038e+02
491	1.109726e+02
492	1.110382e+02
493	1.111153e+02
494	1.112027e+02
495	1.112966e+02
496	1.113857e+02
497	1.114823e+02
498	1.115719e+02
499	1.116542e+02
500	1.117470e+02
501	1.118247e+02
502	1.119091e+02
503	1.119962e+02
504	1.120630e+02
505	1.121207e+02
506	1.121698e+02
507	1.122163e+02
508	1.122477e+02
509	1.122641e+02
510	1.122599e+02
511	1.122557e+02
512	1.122477e+02
513	1.122336e+02
514	1.122242e+02
515	1.122270e+02
516	1.122157e+02
517	1.122072e+02
518	1.122095e+02
519	1.122091e+02
520	1.122055e+02
521	1.121878e+02
522	1.121547e+02
523	1.121025e+02
524	1.120430e+02
525	1.119789e+02
526	1.119129e+02
527	1.118343e+02
528	1.117412e+02
529	1.116529e+02
530	1.115673e+02
531	1.114953e+02
532	1.114113e+02
533	1.113455e+02
534	1.112966e+02
535	1.112586e+02
536	1.112497e+02
537	1.112453e+02
538	1.112467e+02
539	1.112519e+02
540	1.112458e+02
541	1.112415e+02
542	1.112553e+02
543	1.112571e+02
544	1.112529e+02
545	1.112206e+02
546	1.111894e+02
547	1.111576e+02
548	1.111248e+02
549	1.111092e+02
550	1.111027e+02
551	1.110859e+02
552	1.110845e+02
553	1.110756e+02
554	1.110774e+02
555	1.110861e+02
556	1.110963e+02
557	1.110871e+02
558	1.110690e+02
559	1.110586e+02
560	1.110401e+02
561	1.110096e+02
562	1.109649e+02
563	1.108883e+02
564	1.107666e+02
565	1.106615e+02
566	1.105434e+02
567	1.104200e+02
568	1.103010e+02
569	1.101723e+02
570	1.100442e+02
571	1.099283e+02
572	1.098164e+02
573	1.096981e+02
574	1.095922e+02
575	1.094642e+02
576	1.093429e+02
577	1.092336e+02
578	1.091242e+02
579	1.090124e+02
580	1.088922e+02
581	1.087750e+02
582	1.086462e+02
583	1.085176e+02
584	1.083937e+02
585	1.082724e+02
586	1.081510e+02
587	1.080437e+02
588	1.079392e+02
589	1.078375e+02
590	1.077369e+02
591	1.076356e+02
592	1.075444e+02
593	1.074595e+02
594	1.073741e+02
595	1.072871e+02
596	1.071966e+02
597	1.071209e+02
598	1.070518e+02
599	1.069817e+02
600	1.069289e+02
601	1.068666e+02
602	1.068262e+02
603	1.067829e+02
604	1.067428e+02
605	1.066836e+02
606	1.066353e+02
607	1.065726e+02
608	1.065076e+02
609	1.064537e+02
610	1.063968e+02
611	1.063417e+02
612	1.062822e+02
613	1.062313e+02
614	1.061731e+02
615	1.061196e+02
616	1.060535e+02
617	1.059969e+02
618	1.059453e+02
619	1.058898e+02
620	1.058455e+02
621	1.057918e+02
622	1.057319e+02
623	1.056585e+02
624	1.055907e+02
625	1.055312e+02
626	1.054790e+02
627	1.054352e+02
628	1.053745e+02
629	1.053198e+02
630	1.052685e+02
631	1.052058e+02
632	1.051375e+02
633	1.050496e+02
634	1.049646e+02
635	1.048495e+02
636	1.047318e+02
637	1.046072e+02
638	1.044839e+02
639	1.043467e+02
640	1.042238e+02
641	1.041191e+02
642	1.040024e+02
643	1.038889e+02
644	1.037783e+02
645	1.036740e+02
646	1.035785e+02
647	1.034937e+02
648	1.034132e+02
649	1.033425e+02
650	1.032901e+02
651	1.032457e+02
652	1.032141e+02
653	1.031925e+02
654	1.031722e+02
655	1.031574e+02
656	1.031644e+02
657	1.031618e+02
658	1.031625e+02
659	1.031683e+02
660	1.031866e+02
661	1.032290e+02
662	1.032756e+02
663	1.033256e+02
664	1.033789e+02
665	1.034455e+02
666	1.035411e+02
667	1.036448e+02
668	1.037679e+02
669	1.038928e+02
670	1.040184e+02
671	1.041570e+02
672	1.043326e+02
673	1.045219e+02
674	1.047062e+02
675	1.048725e+02
676	1.050429e+02
677	1.052092e+02
678	1.053703e+02
679	1.055454e+02
680	1.057152e+02
681	1.058819e+02
682	1.060501e+02
683	1.062118e+02
684	1.063800e+02
685	1.065536e+02
686	1.067512e+02
687	1.069384e+02
688	1.071321e+02
689	1.073246e+02
690	1.075319e+02
691	1.077452e+02
692	1.079698e+02
693	1.081933e+02
694	1.084219e+02
695	1.086541e+02
696	1.088641e+02
697	1.090645e+02
698	1.092429e+02
699	1.094155e+02
700	1.095712e+02
701	1.097205e+02
702	1.098689e+02
703	1.100075e+02
704	1.101240e+02
705	1.102329e+02
706	1.103442e+02
707	1.104580e+02
708	1.105745e+02
709	1.106935e+02
710	1.107928e+02
711	1.108969e+02
712	1.110051e+02
713	1.111169e+02
714	1.112364e+02
715	1.113407e+02
716	1.114458e+02
717	1.115303e+02
718	1.116088e+02
719	1.116726e+02
720	1.117320e+02
721	1.117909e+02
722	1.118203e+02
723	1.118427e+02
724	1.118607e+02
725	1.118747e+02
726	1.118879e+02
727	1.119089e+02
728	1.119498e+02
729	1.119998e+02
730	1.120497e+02
731	1.120981e+02
732	1.121407e+02
733	1.121910e+02
734	1.122482e+02
735	1.123074e+02
736	1.123685e+02
737	1.124288e+02
738	1.124853e+02
739	1.125326e+02
740	1.125724e+02
741	1.126072e+02
742	1.126435e+02
743	1.126680e+02
744	1.126745e+02
745	1.126909e+02
746	1.127076e+02
747	1.127171e+02
748	1.127118e+02
749	1.127156e+02
750	1.127061e+02
751	1.126838e+02
752	1.126637e+02
753	1.126191e+02
754	1.125593e+02
755	1.124936e+02
756	1.124324e+02
757	1.123588e+02
758	1.122780e+02
759	1.121910e+02
760	1.121137e+02
761	1.120312e+02
762	1.119326e+02
763	1.118237e+02
764	1.117221e+02
765	1.116253e+02
766	1.115292e+02
767	1.114126e+02
768	1.113070e+02
769	1.111899e+02
770	1.110729e+02
771	1.109607e+02
772	1.108319e+02
773	1.107240e+02
774	1.106212e+02
775	1.105042e+02
776	1.104017e+02
777	1.103072e+02
778	1.102222e+02
779	1.101359e+02
780	1.100657e+02
781	1.099911e+02
782	1.099194e+02
783	1.098424e+02
784	1.097542e+02
785	1.096542e+02
786	1.095506e+02
787	1.094413e+02
788	1.093061e+02
789	1.091586e+02
790	1.090109e+02
791	1.088678e+02
792	1.087126e+02
793	1.085651e+02
794	1.084290e+02
795	1.083128e+02
796	1.081855e+02
797	1.080690e+02
798	1.079637e+02
799	1.078688e+02
800	1.077956e+02
801	1.077388e+02
802	1.076813e+02
803	1.076291e+02
804	1.075797e+02
805	1.075434e+02
806	1.075120e+02
807	1.075072e+02
808	1.074868e+02
809	1.074824e+02
810	1.074776e+02
811	1.074548e+02
812	1.074349e+02
813	1.074288e+02
814	1.074174e+02
815	1.074007e+02
816	1.073698e+02
817	1.073416e+02
818	1.073020e+02
819	1.072648e+02
820	1.072254e+02
821	1.071836e+02
822	1.071408e+02
823	1.070931e+02
824	1.070478e+02
825	1.070041e+02
826	1.069623e+02
827	1.069080e+02
828	1.068605e+02
829	1.068160e+02
830	1.067703e+02
831	1.067219e+02
832	1.066706e+02
833	1.066108e+02
834	1.065407e+02
835	1.064446e+02
836	1.063275e+02
837	1.062059e+02
838	1.060793e+02
839	1.059539e+02
840	1.058153e+02
841	1.056593e+02
842	1.054917e+02
843	1.053092e+02
844	1.051279e+02
845	1.049382e+02
846	1.047501e+02
847	1.045658e+02
848	1.043772e+02
849	1.041774e+02
850	1.039717e+02
851	1.037687e+02
852	1.035547e+02
853	1.033353e+02
854	1.031100e+02
855	1.028748e+02
856	1.026335e+02
857	1.023828e+02
858	1.021406e+02
859	1.018899e+02
860	1.016444e+02
861	1.013898e+02
862	1.011363e+02
863	1.008891e+02
864	1.006459e+02
865	1.004109e+02
866	1.001825e+02
867	9.995367e+01
868	9.973837e+01
869	9.952957e+01
870	9.931405e+01
871	9.912135e+01
872	9.895416e+01
873	9.879542e+01
874	9.864919e+01
875	9.851290e+01
876	9.838160e+01
877	9.827165e+01
878	9.816922e+01
879	9.808220e+01
880	9.799962e+01
881	9.792743e+01
882	9.785416e+01
883	9.778702e+01
884	9.771940e+01
885	9.765913e+01
886	9.761150e+01
887	9.757453e+01
888	9.755991e+01
889	9.756865e+01
890	9.759206e+01
891	9.764467e+01
892	9.773142e+01
893	9.786008e+01
894	9.800760e+01
895	9.816518e+01
896	9.833762e+01
897	9.852772e+01
898	9.873349e+01
899	9.894495e+01
900	9.915094e+01
901	9.935558e+01
902	9.956208e+01
903	9.974860e+01
904	9.992131e+01
905	1.000782e+02
906	1.002197e+02
907	1.003403e+02
908	1.004564e+02
909	1.005919e+02
910	1.007463e+02
911	1.008974e+02
912	1.010381e+02
913	1.012046e+02
914	1.013858e+02
915	1.015790e+02
916	1.017721e+02
917	1.019659e+02
918	1.021539e+02
919	1.023309e+02
920	1.024853e+02
921	1.026144e+02
922	1.027251e+02
923	1.028111e+02
924	1.028763e+02
925	1.029333e+02
926	1.029591e+02
927	1.029600e+02
928	1.029628e+02
929	1.029529e+02
930	1.029423e+02
931	1.029281e+02
932	1.029192e+02
933	1.029110e+02
934	1.028997e+02
935	1.028871e+02
936	1.028896e+02
937	1.029035e+02
938	1.029259e+02
939	1.029519e+02
940	1.029885e+02
941	1.030328e+02
942	1.030824e+02
943	1.031301e+02
944	1.031882e+02
945	1.032319e+02
946	1.032869e+02
947	1.033426e+02
948	1.034304e+02
949	1.035304e+02
950	1.036479e+02
951	1.037677e+02
952	1.039146e+02
953	1.040701e+02
954	1.042360e+02
955	1.043984e+02
956	1.045730e+02
957	1.047671e+02
958	1.049634e+02
959	1.051940e+02
960	1.054455e+02
961	1.057100e+02
962	1.060076e+02
963	1.063061e+02
964	1.066256e+02
965	1.069666e+02
966	1.073088e+02
967	1.076554e+02
968	1.080012e+02
969	1.083352e+02
970	1.086455e+02
971	1.089500e+02
972	1.092347e+02
973	1.095154e+02
974	1.098021e+02
975	1.100821e+02
976	1.103539e+02
977	1.106174e+02
978	1.108875e+02
979	1.111562e+02
980	1.114376e+02
981	1.117182e+02
982	1.119936e+02
983	1.122655e+02
984	1.125246e+02
985	1.127649e+02
986	1.129740e+02
987	1.131613e+02
988	1.133023e+02
989	1.134174e+02
990	1.134959e+02
991	1.135354e+02
992	1.135438e+02
993	1.135236e+02
994	1.134757e+02
995	1.134000e+02
996	1.133105e+02
997	1.132040e+02
998	1.130971e+02
999	1.130018e+02
1000	1.128874e+02
1001	1.127459e+02
1002	1.125743e+02
1003	1.123732e+02
1004	1.121589e+02
1005	1.119312e+02
1006	1.116752e+02
1007	1.113997e+02
1008	1.111216e+02
1009	1.108083e+02
1010	1.104812e+02
1011	1.101424e+02
1012	1.098019e+02
1013	1.094685e+02
1014	1.091507e+02
1015	1.088379e+02
1016	1.085440e+02
1017	1.082661e+02
1018	1.080177e+02
1019	1.077785e+02
1020	1.075495e+02
1021	1.073282e+02
1022	1.070966e+02
1023	1.068683e+02
1024	1.066458e+02
1025	1.064175e+02
1026	1.061951e+02
1027	1.059866e+02
1028	1.057730e+02
1029	1.055723e+02
1030	1.053852e+02
1031	1.052141e+02
1032	1.050481e+02
1033	1.048839e+02
1034	1.047302e+02
1035	1.045973e+02
1036	1.044806e+02
1037	1.043873e+02
1038	1.043069e+02
1039	1.042255e+02
1040	1.041511e+02
1041	1.040839e+02
1042	1.040304e+02
1043	1.039821e+02
1044	1.039451e+02
1045	1.039176e+02
1046	1.038992e+02
1047	1.038796e+02
1048	1.038719e+02
1049	1.038849e+02
1050	1.039152e+02
1051	1.039622e+02
1052	1.040245e+02
1053	1.041090e+02
1054	1.041890e+02
1055	1.042724e+02
1056	1.043645e+02
1057	1.044533e+02
1058	1.045325e+02
1059	1.046078e+02
1060	1.046740e+02
1061	1.047323e+02
1062	1.047823e+02
1063	1.048449e+02
1064	1.048884e+02
1065	1.049182e+02
1066	1.049461e+02
1067	1.049849e+02
1068	1.050368e+02
1069	1.050937e+02
1070	1.051692e+02
1071	1.052503e+02
1072	1.053299e+02
1073	1.053969e+02
1074	1.054559e+02
1075	1.054976e+02
1076	1.055341e+02
1077	1.055535e+02
1078	1.055550e+02
1079	1.055515e+02
1080	1.055343e+02
1081	1.055082e+02
1082	1.054813e+02
1083	1.054601e+02
1084	1.054526e+02
1085	1.054470e+02
1086	1.054578e+02
1087	1.054836e+02
1088	1.055141e+02
1089	1.055539e+02
1090	1.056020e+02
1091	1.056397e+02
1092	1.056694e+02
1093	1.056848e+02
1094	1.056818e+02
1095	1.056552e+02
1096	1.056012e+02
1097	1.055147e+02
1098	1.054181e+02
1099	1.052926e+02
1100	1.051670e+02
1101	1.050515e+02
1102	1.049389e+02
1103	1.048379e+02
1104	1.047390e+02
1105	1.046566e+02
1106	1.045902e+02
1107	1.045360e+02
1108	1.044908e+02
1109	1.044591e+02
1110	1.044423e+02
1111	1.044211e+02
1112	1.043830e+02
1113	1.043514e+02
1114	1.043035e+02
1115	1.042248e+02
1116	1.041358e+02
1117	1.040493e+02
1118	1.039463e+02
1119	1.038348e+02
1120	1.037050e+02
1121	1.035680e+02
1122	1.034382e+02
1123	1.033331e+02
1124	1.032389e+02
1125	1.031656e+02
1126	1.031183e+02
1127	1.030913e+02
1128	1.030787e+02
1129	1.030677e+02
1130	1.030789e+02
1131	1.030887e+02
1132	1.031184e+02
1133	1.031615e+02
1134	1.032115e+02
1135	1.032594e+02
1136	1.033068e+02
1137	1.033633e+02
1138	1.034317e+02
1139	1.034911e+02
1140	1.035538e+02
1141	1.036173e+02
1142	1.036884e+02
1143	1.037586e+02
1144	1.038274e+02
1145	1.039211e+02
1146	1.040168e+02
1147	1.041151e+02
1148	1.042285e+02
1149	1.043507e+02
1150	1.044823e+02
1151	1.046339e+02
1152	1.047796e+02
1153	1.049273e+02
1154	1.050740e+02
1155	1.052260e+02
1156	1.053725e+02
1157	1.055163e+02
1158	1.056497e+02
1159	1.057609e+02
1160	1.058761e+02
1161	1.059833e+02
1162	1.060752e+02
1163	1.061627e+02
1164	1.062297e+02
1165	1.062940e+02
1166	1.063569e+02
1167	1.064219e+02
1168	1.064637e+02
1169	1.064875e+02
1170	1.065082e+02
1171	1.065320e+02
1172	1.065629e+02
1173	1.065986e+02
1174	1.066350e+02
1175	1.066921e+02
1176	1.067605e+02
1177	1.068279e+02
1178	1.069016e+02
1179	1.069668e+02
1180	1.070215e+02
1181	1.070686e+02
1182	1.071000e+02
1183	1.071225e+02
1184	1.071264e+02
1185	1.071104e+02
1186	1.070511e+02
1187	1.069840e+02
1188	1.068994e+02
1189	1.068100e+02
1190	1.067252e+02
1191	1.066528e+02
1192	1.065916e+02
1193	1.065214e+02
1194	1.064645e+02
1195	1.064208e+02
1196	1.063790e+02
1197	1.063420e+02
1198	1.062960e+02
1199	1.062530e+02
1200	1.062027e+02
1201	1.061334e+02
1202	1.060564e+02
1203	1.059556e+02
1204	1.058436e+02
1205	1.057130e+02
1206	1.055785e+02
1207	1.054294e+02
1208	1.052761e+02
1209	1.051307e+02
1210	1.049909e+02
1211	1.048781e+02
1212	1.047680e+02
1213	1.046842e+02
1214	1.046051e+02
1215	1.045425e+02
1216	1.045089e+02
1217	1.045101e+02
1218	1.045297e+02
1219	1.045644e+02
1220	1.046088e+02
1221	1.046574e+02
1222	1.047066e+02
1223	1.047489e+02
1224	1.048200e+02
1225	1.048897e+02
1226	1.049805e+02
1227	1.050700e+02
1228	1.051432e+02
1229	1.052171e+02
1230	1.053090e+02
1231	1.054014e+02
1232	1.055139e+02
1233	1.056135e+02
1234	1.057230e+02
1235	1.058389e+02
1236	1.059553e+02
1237	1.060918e+02
1238	1.062338e+02
1239	1.063916e+02
1240	1.065648e+02
1241	1.067448e+02
1242	1.069407e+02
1243	1.071375e+02
1244	1.073145e+02
1245	1.074884e+02
1246	1.076400e+02
1247	1.077726e+02
1248	1.079018e+02
1249	1.080203e+02
1250	1.081196e+02
1251	1.081945e+02
1252	1.082541e+02
1253	1.083067e+02
1254	1.083539e+02
1255	1.083829e+02
1256	1.083994e+02
1257	1.084182e+02
1258	1.084192e+02
1259	1.084282e+02
1260	1.084476e+02
1261	1.084721e+02
1262	1.085165e+02
1263	1.085410e+02
1264	1.085787e+02
1265	1.086203e+02
1266	1.086586e+02
1267	1.086921e+02
1268	1.087243e+02
1269	1.087380e+02
1270	1.087231e+02
1271	1.086888e+02
1272	1.086366e+02
1273	1.085750e+02
1274	1.084974e+02
1275	1.084082e+02
1276	1.083211e+02
1277	1.082409e+02
1278	1.081759e+02
1279	1.081092e+02
1280	1.080337e+02
1281	1.079717e+02
1282	1.079357e+02
1283	1.079076e+02
1284	1.078825e+02
1285	1.078520e+02
1286	1.078256e+02
1287	1.078231e+02
1288	1.078182e+02
1289	1.078134e+02
1290	1.077982e+02
1291	1.077777e+02
1292	1.077364e+02
1293	1.076851e+02
1294	1.076324e+02
1295	1.075681e+02
1296	1.074920e+02
1297	1.074169e+02
1298	1.073403e+02
1299	1.072761e+02
1300	1.072133e+02
1301	1.071712e+02
1302	1.071313e+02
1303	1.070959e+02
1304	1.070667e+02
1305	1.070407e+02
1306	1.070222e+02
1307	1.070010e+02
1308	1.069652e+02
1309	1.069205e+02
1310	1.068535e+02
1311	1.067841e+02
1312	1.067266e+02
1313	1.066733e+02
1314	1.066314e+02
1315	1.065864e+02
1316	1.065428e+02
1317	1.064889e+02
1318	1.064311e+02
1319	1.063901e+02
1320	1.063585e+02
1321	1.063177e+02
1322	1.062859e+02
1323	1.062627e+02
1324	1.062388e+02
1325	1.062139e+02
1326	1.061841e+02
1327	1.061497e+02
1328	1.061311e+02
1329	1.060953e+02
1330	1.060615e+02
1331	1.060279e+02
1332	1.060100e+02
1333	1.059915e+02
1334	1.059803e+02
1335	1.059760e+02
1336	1.059676e+02
1337	1.059663e+02
1338	1.059539e+02
1339	1.059238e+02
1340	1.058706e+02
1341	1.058018e+02
1342	1.057195e+02
1343	1.056157e+02
1344	1.055031e+02
1345	1.053848e+02
1346	1.052598e+02
1347	1.051537e+02
1348	1.050692e+02
1349	1.050050e+02
1350	1.049652e+02
1351	1.049403e+02
1352	1.049228e+02
1353	1.049308e+02
1354	1.049733e+02
1355	1.050217e+02
1356	1.050545e+02
1357	1.050924e+02
1358	1.051224e+02
1359	1.051473e+02
1360	1.051540e+02
1361	1.051526e+02
1362	1.051308e+02
1363	1.051195e+02
1364	1.051214e+02
1365	1.051294e+02
1366	1.051424e+02
1367	1.051741e+02
1368	1.052237e+02
1369	1.053037e+02
1370	1.054045e+02
1371	1.055099e+02
1372	1.056175e+02
1373	1.057306e+02
1374	1.058616e+02
1375	1.059943e+02
1376	1.061289e+02
1377	1.062530e+02
1378	1.063588e+02
1379	1.064756e+02
1380	1.065954e+02
1381	1.066990e+02
1382	1.067896e+02
1383	1.068804e+02
1384	1.069652e+02
1385	1.070401e+02
1386	1.071196e+02
1387	1.072068e+02
1388	1.073171e+02
1389	1.074324e+02
1390	1.075505e+02
1391	1.076643e+02
1392	1.077566e+02
1393	1.078386e+02
1394	1.079062e+02
1395	1.079708e+02
1396	1.080140e+02
1397	1.080509e+02
1398	1.080678e+02
1399	1.080735e+02
1400	1.080670e+02
1401	1.080458e+02
1402	1.080034e+02
1403	1.079665e+02
1404	1.079409e+02
1405	1.079168e+02
1406	1.079055e+02
1407	1.079168e+02
1408	1.079383e+02
1409	1.079711e+02
1410	1.080146e+02
1411	1.080717e+02
1412	1.081213e+02
1413	1.081583e+02
1414	1.081893e+02
1415	1.082104e+02
1416	1.082145e+02
1417	1.082076e+02
1418	1.081893e+02
1419	1.081620e+02
1420	1.081436e+02
1421	1.081228e+02
1422	1.081064e+02
1423	1.081177e+02
1424	1.081406e+02
1425	1.081778e+02
1426	1.082226e+02
1427	1.082963e+02
1428	1.084074e+02
1429	1.085236e+02
1430	1.086477e+02
1431	1.087816e+02
1432	1.089037e+02
1433	1.090123e+02
1434	1.091100e+02
1435	1.091885e+02
1436	1.092297e+02
1437	1.092588e+02
1438	1.092604e+02
1439	1.092587e+02
1440	1.092377e+02
1441	1.092048e+02
1442	1.091794e+02
1443	1.091543e+02
1444	1.091264e+02
1445	1.091106e+02
1446	1.090756e+02
1447	1.090383e+02
1448	1.090111e+02
1449	1.089793e+02
1450	1.089485e+02
1451	1.088968e+02
1452	1.088459e+02
1453	1.087795e+02
1454	1.086931e+02
1455	1.085879e+02
1456	1.084695e+02
1457	1.083339e+02
1458	1.082009e+02
1459	1.080469e+02
1460	1.079007e+02
1461	1.077616e+02
1462	1.076420e+02
1463	1.075345e+02
1464	1.074359e+02
1465	1.073607e+02
1466	1.072907e+02
1467	1.072457e+02
1468	1.071961e+02
1469	1.071459e+02
1470	1.070912e+02
1471	1.070479e+02
1472	1.069900e+02
1473	1.069280e+02
1474	1.068607e+02
1475	1.067912e+02
1476	1.067139e+02
1477	1.066329e+02
1478	1.065673e+02
1479	1.065161e+02
1480	1.064817e+02
1481	1.064575e+02
1482	1.064458e+02
1483	1.064269e+02
1484	1.064034e+02
1485	1.063750e+02
1486	1.063450e+02
1487	1.063169e+02
1488	1.062782e+02
1489	1.062456e+02
1490	1.062169e+02
1491	1.061787e+02
1492	1.061350e+02
1493	1.060762e+02
1494	1.060260e+02
1495	1.059898e+02
1496	1.059626e+02
1497	1.059474e+02
1498	1.059384e+02
1499	1.059403e+02
1500	1.059549e+02
1501	1.059841e+02
1502	1.060232e+02
1503	1.060702e+02
1504	1.061260e+02
1505	1.061732e+02
1506	1.062168e+02
1507	1.062693e+02
1508	1.063144e+02
1509	1.063708e+02
1510	1.064263e+02
1511	1.064900e+02
1512	1.065599e+02
1513	1.066285e+02
1514	1.066826e+02
1515	1.067436e+02
1516	1.067951e+02
1517	1.068693e+02
1518	1.069464e+02
1519	1.070488e+02
1520	1.071499e+02
1521	1.072368e+02
1522	1.073131e+02
1523	1.073754e+02
1524	1.074229e+02
1525	1.074643e+02
1526	1.074880e+02
1527	1.075153e+02
1528	1.075472e+02
1529	1.075557e+02
1530	1.075563e+02
1531	1.075632e+02
1532	1.075639e+02
1533	1.075619e+02
1534	1.075469e+02
1535	1.075490e+02
1536	1.075666e+02
1537	1.075777e+02
1538	1.075970e+02
1539	1.076038e+02
1540	1.076040e+02
1541	1.075890e+02
1542	1.075488e+02
1543	1.075295e+02
1544	1.075078e+02
1545	1.074803e+02
1546	1.074550e+02
1547	1.074250e+02
1548	1.073943e+02
1549	1.073589e+02
1550	1.073410e+02
1551	1.073317e+02
1552	1.073392e+02
1553	1.073552e+02
1554	1.073685e+02
1555	1.073966e+02
1556	1.074247e+02
1557	1.074467e+02
1558	1.074632e+02
1559	1.074810e+02
1560	1.074767e+02
1561	1.074553e+02
1562	1.074296e+02
1563	1.074130e+02
1564	1.073956e+02
1565	1.073991e+02
1566	1.074031e+02
1567	1.074046e+02
1568	1.074284e+02
1569	1.074671e+02
1570	1.075358e+02
1571	1.076210e+02
1572	1.077071e+02
1573	1.078171e+02
1574	1.079374e+02
1575	1.080730e+02
1576	1.082328e+02
1577	1.084075e+02
1578	1.085708e+02
1579	1.087399e+02
1580	1.089185e+02
1581	1.091179e+02
1582	1.093121e+02
1583	1.095076e+02
1584	1.097135e+02
1585	1.099344e+02
1586	1.101676e+02
1587	1.104083e+02
1588	1.106564e+02
1589	1.109072e+02
1590	1.111668e+02
1591	1.114085e+02
1592	1.116549e+02
1593	1.118999e+02
1594	1.121488e+02
1595	1.123974e+02
1596	1.126436e+02
1597	1.128671e+02
1598	1.130670e+02
1599	1.132612e+02
1600	1.134314e+02
1601	1.135876e+02
1602	1.137369e+02
1603	1.138663e+02
1604	1.139695e+02
1605	1.140731e+02
1606	1.141585e+02
1607	1.142286e+02
1608	1.142929e+02
1609	1.143491e+02
1610	1.144011e+02
1611	1.144372e+02
1612	1.144514e+02
1613	1.144510e+02
1614	1.144522e+02
1615	1.144359e+02
1616	1.144062e+02
1617	1.143666e+02
1618	1.143021e+02
1619	1.142238e+02
1620	1.141156e+02
1621	1.139935e+02
1622	1.138567e+02
1623	1.137172e+02
1624	1.135554e+02
1625	1.133642e+02
1626	1.131594e+02
1627	1.129454e+02
1628	1.127042e+02
1629	1.124520e+02
1630	1.121844e+02
1631	1.118987e+02
1632	1.116026e+02
1633	1.113073e+02
1634	1.110156e+02
1635	1.107259e+02
1636	1.104265e+02
1637	1.101356e+02
1638	1.098490e+02
1639	1.095690e+02
1640	1.092901e+02
1641	1.090271e+02
1642	1.087838e+02
1643	1.085572e+02
1644	1.083598e+02
1645	1.081736e+02
1646	1.080007e+02
1647	1.078493e+02
1648	1.077050e+02
1649	1.075749e+02
1650	1.074476e+02
1651	1.073085e+02
1652	1.071767e+02
1653	1.070635e+02
1654	1.069649e+02
1655	1.068671e+02
1656	1.067895e+02
1657	1.067261e+02
1658	1.066806e+02
1659	1.066655e+02
1660	1.066761e+02
1661	1.067033e+02
1662	1.067494e+02
1663	1.068229e+02
1664	1.068833e+02
1665	1.069573e+02
1666	1.070403e+02
1667	1.071438e+02
1668	1.072465e+02
1669	1.073538e+02
1670	1.074765e+02
1671	1.076066e+02
1672	1.077245e+02
1673	1.078489e+02
1674	1.079645e+02
1675	1.080885e+02
1676	1.081883e+02
1677	1.082922e+02
1678	1.083791e+02
1679	1.084749e+02
1680	1.085586e+02
1681	1.086203e+02
1682	1.086631e+02
1683	1.086809e+02
1684	1.087064e+02
1685	1.087134e+02
1686	1.087011e+02
1687	1.086912e+02
1688	1.086629e+02
1689	1.086165e+02
1690	1.085426e+02
1691	1.084648e+02
1692	1.083500e+02
1693	1.082127e+02
1694	1.080701e+02
1695	1.079138e+02
1696	1.077346e+02
1697	1.075370e+02
1698	1.073188e+02
1699	1.070747e+02
1700	1.068133e+02
1701	1.065348e+02
1702	1.062408e+02
1703	1.059412e+02
1704	1.056270e+02
1705	1.053197e+02
1706	1.050275e+02
1707	1.047286e+02
1708	1.044486e+02
1709	1.041739e+02
1710	1.039249e+02
1711	1.036821e+02
1712	1.034568e+02
1713	1.032366e+02
1714	1.030373e+02
1715	1.028503e+02
1716	1.026789e+02
1717	1.025240e+02
1718	1.023867e+02
1719	1.022691e+02
1720	1.021601e+02
1721	1.020786e+02
1722	1.020083e+02
1723	1.019629e+02
1724	1.019319e+02
1725	1.019032e+02
1726	1.018804e+02
1727	1.018688e+02
1728	1.018668e+02
1729	1.018873e+02
1730	1.019381e+02
1731	1.020275e+02
1732	1.021403e+02
1733	1.022536e+02
1734	1.023972e+02
1735	1.025720e+02
1736	1.027663e+02
1737	1.030012e+02
1738	1.032365e+02
1739	1.034682e+02
1740	1.036953e+02
1741	1.039376e+02
1742	1.041822e+02
1743	1.044169e+02
1744	1.046377e+02
1745	1.048449e+02
1746	1.050483e+02
1747	1.052483e+02
1748	1.054400e+02
1749	1.056311e+02
1750	1.058306e+02
1751	1.060242e+02
1752	1.061969e+02
1753	1.063773e+02
1754	1.065501e+02
1755	1.067385e+02
1756	1.069448e+02
1757	1.071628e+02
1758	1.073796e+02
1759	1.075911e+02
1760	1.077888e+02
1761	1.079949e+02
1762	1.081901e+02
1763	1.083730e+02
1764	1.085503e+02
1765	1.087070e+02
1766	1.088471e+02
1767	1.089677e+02
1768	1.090736e+02
1769	1.091728e+02
1770	1.092542e+02
1771	1.093222e+02
1772	1.093793e+02
1773	1.094373e+02
1774	1.094936e+02
1775	1.095467e+02
1776	1.095903e+02
1777	1.096418e+02
1778	1.096898e+02
1779	1.097197e+02
1780	1.097455e+02
1781	1.097585e+02
1782	1.097539e+02
1783	1.097460e+02
1784	1.097221e+02
1785	1.096839e+02
1786	1.096234e+02
1787	1.095327e+02
1788	1.094208e+02
1789	1.092913e+02
1790	1.091321e+02
1791	1.089694e+02
1792	1.088090e+02
1793	1.086539e+02
1794	1.085027e+02
1795	1.083621e+02
1796	1.082214e+02
1797	1.080843e+02
1798	1.079414e+02
1799	1.077917e+02
1800	1.076390e+02
1801	1.074773e+02
1802	1.073468e+02
1803	1.072266e+02
1804	1.071130e+02
1805	1.070215e+02
1806	1.069313e+02
1807	1.068646e+02
1808	1.068071e+02
1809	1.067445e+02
1810	1.067036e+02
1811	1.066696e+02
1812	1.066373e+02
1813	1.066354e+02
1814	1.066505e+02
1815	1.066568e+02
1816	1.066893e+02
1817	1.067332e+02
1818	1.067840e+02
1819	1.068530e+02
1820	1.069368e+02
1821	1.070304e+02
1822	1.071363e+02
1823	1.072617e+02
1824	1.074137e+02
1825	1.075774e+02
1826	1.077539e+02
1827	1.079413e+02
1828	1.081337e+02
1829	1.083056e+02
1830	1.084634e+02
1831	1.086248e+02
1832	1.087847e+02
1833	1.089495e+02
1834	1.091001e+02
1835	1.092365e+02
1836	1.093561e+02
1837	1.094614e+02
1838	1.095413e+02
1839	1.096030e+02
1840	1.096595e+02
1841	1.096975e+02
1842	1.097373e+02
1843	1.097633e+02
1844	1.097813e+02
1845	1.097857e+02
1846	1.097999e+02
1847	1.097914e+02
1848	1.097805e+02
1849	1.097790e+02
1850	1.097739e+02
1851	1.097464e+02
1852	1.096946e+02
1853	1.096108e+02
1854	1.095032e+02
1855	1.093802e+02
1856	1.092496e+02
1857	1.091054e+02
1858	1.089441e+02
1859	1.087656e+02
1860	1.085746e+02
1861	1.083914e+02
1862	1.082160e+02
1863	1.080478e+02
1864	1.078850e+02
1865	1.077162e+02
1866	1.075579e+02
1867	1.074007e+02
1868	1.072451e+02
1869	1.070996e+02
1870	1.069488e+02
1871	1.067732e+02
1872	1.066049e+02
1873	1.064385e+02
1874	1.062835e+02
1875	1.061319e+02
1876	1.059764e+02
1877	1.058232e+02
1878	1.056524e+02
1879	1.054654e+02
1880	1.052978e+02
1881	1.051478e+02
1882	1.049882e+02
1883	1.048313e+02
1884	1.046749e+02
1885	1.045259e+02
1886	1.043769e+02
1887	1.042594e+02
1888	1.041542e+02
1889	1.040640e+02
1890	1.040079e+02
1891	1.039735e+02
1892	1.039457e+02
1893	1.039392e+02
1894	1.039489e+02
1895	1.039621e+02
1896	1.039830e+02
1897	1.039893e+02
1898	1.039935e+02
1899	1.039978e+02
1900	1.040033e+02
1901	1.040072e+02
1902	1.039935e+02
1903	1.039709e+02
1904	1.039473e+02
1905	1.039345e+02
1906	1.039235e+02
1907	1.039244e+02
1908	1.039332e+02
1909	1.039527e+02
1910	1.039832e+02
1911	1.040214e+02
1912	1.040676e+02
1913	1.041267e+02
1914	1.041978e+02
1915	1.042682e+02
1916	1.043291e+02
1917	1.043826e+02
1918	1.044418e+02
1919	1.044868e+02
1920	1.045167e+02
1921	1.045366e+02
1922	1.045580e+02
1923	1.045590e+02
1924	1.045443e+02
1925	1.045255e+02
1926	1.044893e+02
1927	1.044572e+02
1928	1.044256e+02
1929	1.044102e+02
1930	1.043851e+02
1931	1.043563e+02
1932	1.043304e+02
1933	1.043008e+02
1934	1.042663e+02
1935	1.042251e+02
1936	1.041770e+02
1937	1.041168e+02
1938	1.040373e+02
1939	1.039417e+02
1940	1.038246e+02
1941	1.037034e+02
1942	1.035770e+02
1943	1.034455e+02
1944	1.033272e+02
1945	1.031993e+02
1946	1.030770e+02
1947	1.029589e+02
1948	1.028291e+02
1949	1.027102e+02
1950	1.025877e+02
1951	1.024602e+02
1952	1.023350e+02
1953	1.022073e+02
1954	1.020969e+02
1955	1.019922e+02
1956	1.019028e+02
1957	1.018182e+02
1958	1.017381e+02
1959	1.016682e+02
1960	1.016064e+02
1961	1.015599e+02
1962	1.015295e+02
1963	1.015054e+02
1964	1.014954e+02
1965	1.015039e+02
1966	1.015095e+02
1967	1.015330e+02
1968	1.015506e+02
1969	1.015499e+02
1970	1.015306e+02
1971	1.015062e+02
1972	1.015033e+02
1973	1.014961e+02
1974	1.015065e+02
1975	1.015433e+02
1976	1.015893e+02
1977	1.016627e+02
1978	1.017480e+02
1979	1.018396e+02
1980	1.019267e+02
1981	1.020350e+02
1982	1.021417e+02
1983	1.022534e+02
1984	1.023487e+02
1985	1.024249e+02
1986	1.024953e+02
1987	1.025437e+02
1988	1.025699e+02
1989	1.025954e+02
1990	1.026313e+02
1991	1.026544e+02
1992	1.026758e+02
1993	1.027095e+02
1994	1.027375e+02
1995	1.027740e+02
1996	1.028272e+02
1997	1.029016e+02
1998	1.029863e+02
1999	1.030764e+02
2000	1.031921e+02
2001	1.033010e+02
2002	1.034156e+02
2003	1.035240e+02
2004	1.036243e+02
2005	1.037328e+02
2006	1.038389e+02
2007	1.039428e+02
2008	1.040413e+02
2009	1.041515e+02
2010	1.042667e+02
2011	1.043857e+02
2012	1.045171e+02
2013	1.046502e+02
2014	1.048011e+02
2015	1.049571e+02
2016	1.051179e+02
2017	1.052826e+02
2018	1.054434e+02
2019	1.055965e+02
2020	1.057550e+02
2021	1.059147e+02
2022	1.060782e+02
2023	1.062308e+02
2024	1.063728e+02
2025	1.065108e+02
2026	1.066391e+02
2027	1.067611e+02
2028	1.068873e+02
2029	1.069942e+02
2030	1.070968e+02
2031	1.072061e+02
2032	1.073313e+02
2033	1.074556e+02
2034	1.075743e+02
2035	1.076858e+02
2036	1.077596e+02
2037	1.078245e+02
2038	1.078647e+02
2039	1.078696e+02
2040	1.078392e+02
2041	1.077949e+02
2042	1.077224e+02
2043	1.076427e+02
2044	1.075565e+02
2045	1.074682e+02
2046	1.073871e+02
2047	1.073154e+02
2048	1.072488e+02
2049	1.072017e+02
2050	1.071713e+02
2051	1.071550e+02
2052	1.071547e+02
2053	1.071643e+02
2054	1.071708e+02
2055	1.071821e+02
2056	1.072003e+02
2057	1.072018e+02
2058	1.071879e+02
2059	1.071617e+02
2060	1.071294e+02
2061	1.070929e+02
2062	1.070695e+02
2063	1.070579e+02
2064	1.070549e+02
2065	1.070686e+02
2066	1.071011e+02
2067	1.071502e+02
2068	1.072238e+02
2069	1.073235e+02
2070	1.074621e+02
2071	1.076317e+02
2072	1.078191e+02
2073	1.080227e+02
2074	1.082309e+02
2075	1.084234e+02
2076	1.086030e+02
2077	1.087895e+02
2078	1.089566e+02
2079	1.091081e+02
2080	1.092467e+02
2081	1.093740e+02
2082	1.094961e+02
2083	1.096183e+02
2084	1.097443e+02
2085	1.098872e+02
2086	1.100535e+02
2087	1.102446e+02
2088	1.104370e+02
2089	1.106315e+02
2090	1.108367e+02
2091	1.110205e+02
2092	1.112021e+02
2093	1.113456e+02
2094	1.114825e+02
2095	1.116001e+02
2096	1.117114e+02
2097	1.118006e+02
2098	1.118666e+02
2099	1.119305e+02
2100	1.119679e+02
2101	1.119902e+02
2102	1.119930e+02
2103	1.119909e+02
2104	1.119666e+02
2105	1.119578e+02
2106	1.119413e+02
2107	1.119125e+02
2108	1.118512e+02
2109	1.117716e+02
2110	1.116749e+02
2111	1.115717e+02
2112	1.114390e+02
2113	1.113106e+02
2114	1.111696e+02
2115	1.110166e+02
2116	1.108614e+02
2117	1.106807e+02
2118	1.105054e+02
2119	1.103333e+02
2120	1.101639e+02
2121	1.099992e+02
2122	1.098183e+02
2123	1.096255e+02
2124	1.094357e+02
2125	1.092427e+02
2126	1.090325e+02
2127	1.088305e+02
2128	1.085957e+02
2129	1.083286e+02
2130	1.080577e+02
2131	1.077750e+02
2132	1.075006e+02
2133	1.072355e+02
2134	1.069657e+02
2135	1.067052e+02
2136	1.064664e+02
2137	1.062463e+02
2138	1.060557e+02
2139	1.058803e+02
2140	1.057153e+02
2141	1.055745e+02
2142	1.054272e+02
2143	1.052962e+02
2144	1.051576e+02
2145	1.050243e+02
2146	1.048811e+02
2147	1.047361e+02
2148	1.045753e+02
2149	1.044088e+02
2150	1.042453e+02
2151	1.040941e+02
2152	1.039375e+02
2153	1.037898e+02
2154	1.036509e+02
2155	1.035408e+02
2156	1.034464e+02
2157	1.033593e+02
2158	1.032875e+02
2159	1.032386e+02
2160	1.032060e+02
2161	1.031811e+02
2162	1.031430e+02
2163	1.030998e+02
2164	1.030415e+02
2165	1.029742e+02
2166	1.028964e+02
2167	1.027951e+02
2168	1.026752e+02
2169	1.025428e+02
2170	1.024068e+02
2171	1.022647e+02
2172	1.021335e+02
2173	1.020113e+02
2174	1.018882e+02
2175	1.017926e+02
2176	1.017232e+02
2177	1.016560e+02
2178	1.016126e+02
2179	1.015652e+02
2180	1.015338e+02
2181	1.015179e+02
2182	1.015164e+02
2183	1.015304e+02
2184	1.015493e+02
2185	1.015685e+02
2186	1.015954e+02
2187	1.016373e+02
2188	1.016906e+02
2189	1.017671e+02
2190	1.018616e+02
2191	1.019627e+02
2192	1.020792e+02
2193	1.022076e+02
2194	1.023310e+02
2195	1.024806e+02
2196	1.026252e+02
2197	1.027794e+02
2198	1.029475e+02
2199	1.031115e+02
2200	1.032801e+02
2201	1.034528e+02
2202	1.036282e+02
2203	1.038147e+02
2204	1.039879e+02
2205	1.041593e+02
2206	1.043358e+02
2207	1.045206e+02
2208	1.047185e+02
2209	1.049072e+02
2210	1.050952e+02
2211	1.052849e+02
2212	1.054648e+02
2213	1.056397e+02
2214	1.058030e+02
2215	1.059412e+02
2216	1.060813e+02
2217	1.061941e+02
2218	1.062953e+02
2219	1.063753e+02
2220	1.064615e+02
2221	1.065343e+02
2222	1.065828e+02
2223	1.066392e+02
2224	1.066868e+02
2225	1.067422e+02
2226	1.068049e+02
2227	1.068784e+02
2228	1.069603e+02
2229	1.070221e+02
2230	1.070837e+02
2231	1.071372e+02
2232	1.071700e+02
2233	1.071917e+02
2234	1.072003e+02
2235	1.071944e+02
2236	1.071722e+02
2237	1.071530e+02
2238	1.071239e+02
2239	1.070822e+02
2240	1.070301e+02
2241	1.069696e+02
2242	1.069247e+02
2243	1.068966e+02
2244	1.068998e+02
2245	1.069184e+02
2246	1.069414e+02
2247	1.069744e+02
2248	1.070195e+02
2249	1.070649e+02
2250	1.071125e+02
2251	1.071631e+02
2252	1.072095e+02
2253	1.072563e+02
2254	1.072940e+02
2255	1.073357e+02
2256	1.073671e+02
2257	1.073932e+02
2258	1.074372e+02
2259	1.074752e+02
2260	1.075299e+02
2261	1.075702e+02
2262	1.076025e+02
2263	1.076316e+02
2264	1.076574e+02
2265	1.076770e+02
2266	1.076979e+02
2267	1.077023e+02
2268	1.076880e+02
2269	1.076651e+02
2270	1.076306e+02
2271	1.075850e+02
2272	1.075259e+02
2273	1.074570e+02
2274	1.073871e+02
2275	1.073272e+02
2276	1.072561e+02
2277	1.071949e+02
2278	1.071368e+02
2279	1.070813e+02
2280	1.070375e+02
2281	1.069879e+02
2282	1.069439e+02
2283	1.069014e+02
2284	1.068499e+02
2285	1.068026e+02
2286	1.067629e+02
2287	1.067328e+02
2288	1.067228e+02
2289	1.067186e+02
2290	1.067122e+02
2291	1.067131e+02
2292	1.067194e+02
2293	1.067238e+02
2294	1.067271e+02
2295	1.067427e+02
2296	1.067611e+02
2297	1.067999e+02
2298	1.068557e+02
2299	1.069253e+02
2300	1.070095e+02
2301	1.070873e+02
2302	1.071616e+02
2303	1.072416e+02
2304	1.073050e+02
2305	1.073667e+02
2306	1.074283e+02
2307	1.074799e+02
2308	1.075325e+02
2309	1.075872e+02
2310	1.076349e+02
2311	1.076711e+02
2312	1.077314e+02
2313	1.078126e+02
2314	1.079093e+02
2315	1.079996e+02
2316	1.081014e+02
2317	1.081935e+02
2318	1.082799e+02
2319	1.083783e+02
2320	1.084622e+02
2321	1.085540e+02
2322	1.086267e+02
2323	1.086973e+02
2324	1.087689e+02
2325	1.088235e+02
2326	1.088688e+02
2327	1.089100e+02
2328	1.089557e+02
2329	1.090027e+02
2330	1.090580e+02
2331	1.091158e+02
2332	1.091967e+02
2333	1.092817e+02
2334	1.093770e+02
2335	1.094822e+02
2336	1.095790e+02
2337	1.096712e+02
2338	1.097654e+02
2339	1.098604e+02
2340	1.099743e+02
2341	1.100633e+02
2342	1.101411e+02
2343	1.101995e+02
2344	1.102524e+02
2345	1.102989e+02
2346	1.103234e+02
2347	1.103292e+02
2348	1.103286e+02
2349	1.103299e+02
2350	1.103358e+02
2351	1.103531e+02
2352	1.103814e+02
2353	1.104489e+02
2354	1.105290e+02
2355	1.106257e+02
2356	1.107515e+02
2357	1.108751e+02
2358	1.109890e+02
2359	1.111025e+02
2360	1.112172e+02
2361	1.113402e+02
2362	1.114587e+02
2363	1.115793e+02
2364	1.116890e+02
2365	1.118016e+02
2366	1.119258e+02
2367	1.120473e+02
2368	1.121828e+02
2369	1.123257e+02
2370	1.124983e+02
2371	1.126799e+02
2372	1.128723e+02
2373	1.130818e+02
2374	1.133093e+02
2375	1.135447e+02
2376	1.137915e+02
2377	1.140341e+02
2378	1.142837e+02
2379	1.145254e+02
2380	1.147694e+02
2381	1.150064e+02
2382	1.152467e+02
2383	1.154845e+02
2384	1.157109e+02
2385	1.159072e+02
2386	1.160771e+02
2387	1.162097e+02
2388	1.163222e+02
2389	1.164106e+02
2390	1.164707e+02
2391	1.165064e+02
2392	1.165277e+02
2393	1.165347e+02
2394	1.165125e+02
2395	1.164845e+02
2396	1.164507e+02
2397	1.163984e+02
2398	1.163448e+02
2399	1.162701e+02
2400	1.161727e+02
2401	1.160608e+02
2402	1.159327e+02
2403	1.157933e+02
2404	1.156416e+02
2405	1.154609e+02
2406	1.152448e+02
2407	1.150031e+02
2408	1.147353e+02
2409	1.144354e+02
2410	1.141327e+02
2411	1.137965e+02
2412	1.134410e+02
2413	1.130706e+02
2414	1.127047e+02
2415	1.123336e+02
2416	1.119556e+02
2417	1.115813e+02
2418	1.112017e+02
2419	1.108139e+02
2420	1.104295e+02
2421	1.100481e+02
2422	1.096824e+02
2423	1.093253e+02
2424	1.089632e+02
2425	1.086201e+02
2426	1.082573e+02
2427	1.078850e+02
2428	1.075062e+02
2429	1.071335e+02
2430	1.067644e+02
2431	1.064000e+02
2432	1.060548e+02
2433	1.056974e+02
2434	1.053406e+02
2435	1.049884e+02
2436	1.046434e+02
2437	1.042996e+02
2438	1.039467e+02
2439	1.036157e+02
2440	1.033066e+02
2441	1.030341e+02
2442	1.027740e+02
2443	1.025490e+02
2444	1.023511e+02
2445	1.021670e+02
2446	1.019873e+02
2447	1.018142e+02
2448	1.016477e+02
2449	1.014756e+02
2450	1.012992e+02
2451	1.011135e+02
2452	1.009284e+02
2453	1.007221e+02
2454	1.005189e+02
2455	1.003281e+02
2456	1.001510e+02
2457	9.998163e+01
2458	9.983315e+01
2459	9.969215e+01
2460	9.957511e+01
2461	9.946815e+01
2462	9.936950e+01
2463	9.927851e+01
2464	9.920004e+01
2465	9.911457e+01
2466	9.902399e+01
2467	9.893749e+01
2468	9.885697e+01
2469	9.875766e+01
2470	9.865371e+01
2471	9.854745e+01
2472	9.843828e+01
2473	9.832763e+01
2474	9.820380e+01
2475	9.805660e+01
2476	9.789467e+01
2477	9.772417e+01
2478	9.754990e+01
2479	9.739112e+01
2480	9.724611e+01
2481	9.711716e+01
2482	9.698173e+01
2483	9.685176e+01
2484	9.674125e+01
2485	9.664625e+01
2486	9.656339e+01
2487	9.650400e+01
2488	9.643085e+01
2489	9.637019e+01
2490	9.631931e+01
2491	9.627637e+01
2492	9.623649e+01
2493	9.619809e+01
2494	9.615619e+01
2495	9.611096e+01
2496	9.606215e+01
2497	9.601637e+01
2498	9.596371e+01
2499	9.590524e+01
2500	9.583675e+01
2501	9.579407e+01
2502	9.577199e+01
2503	9.576570e+01
2504	9.577218e+01
2505	9.582029e+01
2506	9.588716e+01
2507	9.596355e+01
2508	9.604316e+01
2509	9.614161e+01
2510	9.625688e+01
2511	9.640287e+01
2512	9.656839e+01
2513	9.674928e+01
2514	9.693954e+01
2515	9.714307e+01
2516	9.734934e+01
2517	9.755865e+01
2518	9.776401e+01
2519	9.799122e+01
2520	9.824413e+01
2521	9.851167e+01
2522	9.879781e+01
2523	9.910915e+01
2524	9.942915e+01
2525	9.976468e+01
2526	1.001247e+02
2527	1.004912e+02
2528	1.008655e+02
2529	1.012570e+02
2530	1.016546e+02
2531	1.020554e+02
2532	1.024494e+02
2533	1.028528e+02
2534	1.032384e+02
2535	1.036003e+02
2536	1.039328e+02
2537	1.042503e+02
2538	1.045437e+02
2539	1.048248e+02
2540	1.050791e+02
2541	1.053206e+02
2542	1.055588e+02
2543	1.057876e+02
2544	1.059922e+02
2545	1.061866e+02
2546	1.063954e+02
2547	1.065961e+02
2548	1.067789e+02
2549	1.069656e+02
2550	1.071580e+02
2551	1.073499e+02
2552	1.075507e+02
2553	1.077358e+02
2554	1.079170e+02
2555	1.080872e+02
2556	1.082419e+02
2557	1.083678e+02
2558	1.084705e+02
2559	1.085583e+02
2560	1.086332e+02
2561	1.086798e+02
2562	1.087100e+02
2563	1.087183e+02
2564	1.087198e+02
2565	1.087069e+02
2566	1.086863e+02
2567	1.086536e+02
2568	1.086190e+02
2569	1.085726e+02
2570	1.085456e+02
2571	1.085309e+02
2572	1.085241e+02
2573	1.085064e+02
2574	1.084861e+02
2575	1.084517e+02
2576	1.084182e+02
2577	1.083804e+02
2578	1.083572e+02
2579	1.083345e+02
2580	1.082913e+02
2581	1.082404e+02
2582	1.081865e+02
2583	1.081181e+02
2584	1.080553e+02
2585	1.079851e+02
2586	1.079069e+02
2587	1.078278e+02
2588	1.077537e+02
2589	1.076818e+02
2590	1.076209e+02
2591	1.075764e+02
2592	1.075333e+02
2593	1.075066e+02
2594	1.074883e+02
2595	1.075023e+02
2596	1.075507e+02
2597	1.076160e+02
2598	1.076975e+02
2599	1.078016e+02
2600	1.079084e+02
2601	1.080425e+02
2602	1.081807e+02
2603	1.083144e+02
2604	1.084480e+02
2605	1.085833e+02
2606	1.086959e+02
2607	1.088126e+02
2608	1.089164e+02
2609	1.089986e+02
2610	1.090578e+02
2611	1.091279e+02
2612	1.092070e+02
2613	1.092839e+02
2614	1.093811e+02
2615	1.095062e+02
2616	1.096566e+02
2617	1.098098e+02
2618	1.099770e+02
2619	1.101443e+02
2620	1.102989e+02
2621	1.104505e+02
2622	1.105809e+02
2623	1.107088e+02
2624	1.108206e+02
2625	1.109045e+02
2626	1.109590e+02
2627	1.109844e+02
2628	1.109635e+02
2629	1.109196e+02
2630	1.108590e+02
2631	1.107801e+02
2632	1.106678e+02
2633	1.105264e+02
2634	1.103669e+02
2635	1.101890e+02
2636	1.100063e+02
2637	1.098122e+02
2638	1.095997e+02
2639	1.093828e+02
2640	1.091518e+02
2641	1.089299e+02
2642	1.086908e+02
2643	1.084552e+02
2644	1.081932e+02
2645	1.079146e+02
2646	1.076064e+02
2647	1.072756e+02
2648	1.069388e+02
2649	1.065666e+02
2650	1.061663e+02
2651	1.057474e+02
2652	1.053098e+02
2653	1.048784e+02
2654	1.044591e+02
2655	1.040302e+02
2656	1.035942e+02
2657	1.031604e+02
2658	1.027449e+02
2659	1.023322e+02
2660	1.019240e+02
2661	1.015344e+02
2662	1.011512e+02
2663	1.007823e+02
2664	1.004223e+02
2665	1.000699e+02
2666	9.972193e+01
2667	9.936860e+01
2668	9.903593e+01
2669	9.872585e+01
2670	9.843684e+01
2671	9.817159e+01
2672	9.792678e+01
2673	9.768245e+01
2674	9.745142e+01
2675	9.725228e+01
2676	9.705095e+01
2677	9.686480e+01
2678	9.667934e+01
2679	9.652474e+01
2680	9.638427e+01
2681	9.625899e+01
2682	9.616386e+01
2683	9.608564e+01
2684	9.602841e+01
2685	9.600782e+01
2686	9.600856e+01
2687	9.604395e+01
2688	9.610376e+01
2689	9.618409e+01
2690	9.627374e+01
2691	9.637997e+01
2692	9.649615e+01
2693	9.660938e+01
2694	9.672462e+01
2695	9.683623e+01
2696	9.694924e+01
2697	9.704377e+01
2698	9.713327e+01
2699	9.721020e+01
2700	9.729877e+01
2701	9.738679e+01
2702	9.747793e+01
2703	9.756908e+01
2704	9.765659e+01
2705	9.777392e+01
2706	9.790612e+01
2707	9.805011e+01
2708	9.819182e+01
2709	9.833606e+01
2710	9.848842e+01
2711	9.864553e+01
2712	9.879575e+01
2713	9.893703e+01
2714	9.904575e+01
2715	9.912366e+01
2716	9.918422e+01
2717	9.921797e+01
2718	9.923166e+01
2719	9.921247e+01
2720	9.917326e+01
2721	9.911429e+01
2722	9.908668e+01
2723	9.905187e+01
2724	9.902628e+01
2725	9.902003e+01
2726	9.902737e+01
2727	9.904118e+01
2728	9.907275e+01
2729	9.911502e+01
2730	9.917148e+01
2731	9.922815e+01
2732	9.925936e+01
2733	9.928226e+01
2734	9.931380e+01
2735	9.932590e+01
2736	9.931792e+01
2737	9.928481e+01
2738	9.922271e+01
2739	9.916108e+01
2740	9.909028e+01
2741	9.901961e+01
2742	9.895488e+01
2743	9.890812e+01
2744	9.888276e+01
2745	9.889280e+01
2746	9.893508e+01
2747	9.899817e+01
2748	9.907490e+01
2749	9.917334e+01
2750	9.929242e+01
2751	9.942414e+01
2752	9.956137e+01
2753	9.970927e+01
2754	9.983911e+01
2755	9.993820e+01
2756	1.000476e+02
2757	1.001461e+02
2758	1.002394e+02
2759	1.003233e+02
2760	1.004199e+02
2761	1.005400e+02
2762	1.006813e+02
2763	1.008459e+02
2764	1.010069e+02
2765	1.011850e+02
2766	1.013848e+02
2767	1.016058e+02
2768	1.018473e+02
2769	1.021017e+02
2770	1.023626e+02
2771	1.026290e+02
2772	1.028919e+02
2773	1.031397e+02
2774	1.033947e+02
2775	1.036303e+02
2776	1.038666e+02
2777	1.040834e+02
2778	1.043284e+02
2779	1.045539e+02
2780	1.047717e+02
2781	1.049858e+02
2782	1.052125e+02
2783	1.054270e+02
2784	1.056558e+02
2785	1.058780e+02
2786	1.060760e+02
2787	1.062696e+02
2788	1.064581e+02
2789	1.066209e+02
2790	1.067964e+02
2791	1.069739e+02
2792	1.071554e+02
2793	1.073305e+02
2794	1.074870e+02
2795	1.076301e+02
2796	1.077548e+02
2797	1.078687e+02
2798	1.079677e+02
2799	1.080587e+02
2800	1.081289e+02
2801	1.081671e+02
2802	1.081953e+02
2803	1.082058e+02
2804	1.082049e+02
2805	1.081953e+02
2806	1.081651e+02
2807	1.081378e+02
2808	1.081176e+02
2809	1.080819e+02
2810	1.080336e+02
2811	1.079612e+02
2812	1.078887e+02
2813	1.078185e+02
2814	1.077494e+02
2815	1.076623e+02
2816	1.075807e+02
2817	1.074870e+02
2818	1.073982e+02
2819	1.072867e+02
2820	1.071898e+02
2821	1.070994e+02
2822	1.069952e+02
2823	1.068685e+02
2824	1.067647e+02
2825	1.066540e+02
2826	1.065529e+02
2827	1.064518e+02
2828	1.063748e+02
2829	1.063024e+02
2830	1.062124e+02
2831	1.061307e+02
2832	1.060380e+02
2833	1.059467e+02
2834	1.058681e+02
2835	1.058068e+02
2836	1.057778e+02
2837	1.057562e+02
2838	1.057557e+02
2839	1.057634e+02
2840	1.057735e+02
2841	1.057948e+02
2842	1.058133e+02
2843	1.058356e+02
2844	1.058525e+02
2845	1.058612e+02
2846	1.058537e+02
2847	1.058283e+02
2848	1.058095e+02
2849	1.057565e+02
2850	1.056942e+02
2851	1.056328e+02
2852	1.055483e+02
2853	1.054678e+02
2854	1.053694e+02
2855	1.052688e+02
2856	1.051789e+02
2857	1.050995e+02
2858	1.050200e+02
2859	1.049514e+02
2860	1.048974e+02
2861	1.048284e+02
2862	1.047717e+02
2863	1.047127e+02
2864	1.046594e+02
2865	1.045993e+02
2866	1.045221e+02
2867	1.044241e+02
2868	1.042969e+02
2869	1.041272e+02
2870	1.039223e+02
2871	1.037191e+02
2872	1.034967e+02
2873	1.032694e+02
2874	1.030449e+02
2875	1.028341e+02
2876	1.026303e+02
2877	1.024368e+02
2878	1.022684e+02
2879	1.021109e+02
2880	1.019665e+02
2881	1.018087e+02
2882	1.016669e+02
2883	1.015285e+02
2884	1.013858e+02
2885	1.012518e+02
2886	1.011033e+02
2887	1.009513e+02
2888	1.007971e+02
2889	1.006373e+02
2890	1.004685e+02
2891	1.002801e+02
2892	1.000863e+02
2893	9.986700e+01
2894	9.965113e+01
2895	9.944239e+01
2896	9.924736e+01
2897	9.907986e+01
2898	9.892480e+01
2899	9.878499e+01
2900	9.865988e+01
2901	9.854740e+01
2902	9.845204e+01
2903	9.836441e+01
2904	9.829166e+01
2905	9.821478e+01
2906	9.813052e+01
2907	9.802308e+01
2908	9.790075e+01
2909	9.778158e+01
2910	9.764103e+01
2911	9.747924e+01
2912	9.730288e+01
2913	9.712572e+01
2914	9.694088e+01
2915	9.675216e+01
2916	9.657627e+01
2917	9.639217e+01
2918	9.622738e+01
2919	9.609300e+01
2920	9.596922e+01
2921	9.584435e+01
2922	9.574178e+01
2923	9.566240e+01
2924	9.562160e+01
2925	9.557417e+01
2926	9.553409e+01
2927	9.549642e+01
2928	9.545176e+01
2929	9.540892e+01
2930	9.536902e+01
2931	9.534367e+01
2932	9.532253e+01
2933	9.529425e+01
2934	9.526784e+01
2935	9.522720e+01
2936	9.520781e+01
2937	9.519709e+01
2938	9.520189e+01
2939	9.522508e+01
2940	9.526262e+01
2941	9.531285e+01
2942	9.537502e+01
2943	9.546106e+01
2944	9.556534e+01
2945	9.567788e+01
2946	9.580954e+01
2947	9.595716e+01
2948	9.609061e+01
2949	9.622776e+01
2950	9.636479e+01
2951	9.650529e+01
2952	9.662253e+01
2953	9.672003e+01
2954	9.681122e+01
2955	9.689438e+01
2956	9.696427e+01
2957	9.702181e+01
2958	9.707568e+01
2959	9.711531e+01
2960	9.715899e+01
2961	9.721435e+01
2962	9.726234e+01
2963	9.731919e+01
2964	9.737556e+01
2965	9.744249e+01
2966	9.750765e+01
2967	9.757571e+01
2968	9.765310e+01
2969	9.773707e+01
2970	9.782022e+01
2971	9.791227e+01
2972	9.801646e+01
2973	9.812735e+01
2974	9.824685e+01
2975	9.836864e+01
2976	9.848087e+01
2977	9.859540e+01
2978	9.870131e+01
2979	9.878761e+01
2980	9.887986e+01
2981	9.897502e+01
2982	9.907075e+01
2983	9.917405e+01
2984	9.926834e+01
2985	9.937063e+01
2986	9.946311e+01
2987	9.955245e+01
2988	9.964395e+01
2989	9.975003e+01
2990	9.984709e+01
2991	9.996390e+01
2992	1.000822e+02
2993	1.002018e+02
2994	1.003247e+02
2995	1.004478e+02
2996	1.005709e+02
2997	1.006892e+02
2998	1.008049e+02
2999	1.009198e+02
3000	1.010423e+02
3001	1.011684e+02
3002	1.012985e+02
3003	1.014378e+02
3004	1.015705e+02
3005	1.017079e+02
3006	1.018534e+02
3007	1.020119e+02
3008	1.021895e+02
3009	1.023630e+02
3010	1.025490e+02
3011	1.027346e+02
3012	1.029277e+02
3013	1.031079e+02
3014	1.032898e+02
3015	1.034688e+02
3016	1.036319e+02
3017	1.037766e+02
3018	1.038913e+02
3019	1.039903e+02
3020	1.040508e+02
3021	1.040912e+02
3022	1.041182e+02
3023	1.041369e+02
3024	1.041601e+02
3025	1.041874e+02
3026	1.042252e+02
3027	1.042667e+02
3028	1.042999e+02
3029	1.043151e+02
3030	1.043234e+02
3031	1.043140e+02
3032	1.042782e+02
3033	1.042309e+02
3034	1.041737e+02
3035	1.041090e+02
3036	1.040132e+02
3037	1.039049e+02
3038	1.037984e+02
3039	1.036900e+02
3040	1.035728e+02
3041	1.034455e+02
3042	1.033252e+02
3043	1.032210e+02
3044	1.031269e+02
3045	1.030261e+02
3046	1.029204e+02
3047	1.028191e+02
3048	1.027081e+02
3049	1.026030e+02
3050	1.025078e+02
3051	1.024127e+02
3052	1.023224e+02
3053	1.022494e+02
3054	1.021901e+02
3055	1.021487e+02
3056	1.021215e+02
3057	1.021101e+02
3058	1.021068e+02
3059	1.021189e+02
3060	1.021421e+02
3061	1.021725e+02
3062	1.022218e+02
3063	1.022993e+02
3064	1.023782e+02
3065	1.024761e+02
3066	1.025625e+02
3067	1.026654e+02
3068	1.027664e+02
3069	1.028520e+02
3070	1.029161e+02
3071	1.029868e+02
3072	1.030467e+02
3073	1.031306e+02
3074	1.032029e+02
3075	1.032690e+02
3076	1.033410e+02
3077	1.034042e+02
3078	1.034847e+02
3079	1.035802e+02
3080	1.036880e+02
3081	1.038053e+02
3082	1.039329e+02
3083	1.040750e+02
3084	1.042243e+02
3085	1.043740e+02
3086	1.045258e+02
3087	1.046504e+02
3088	1.047540e+02
3089	1.048404e+02
3090	1.048983e+02
3091	1.049185e+02
3092	1.049129e+02
3093	1.048957e+02
3094	1.048594e+02
3095	1.047996e+02
3096	1.047327e+02
3097	1.046562e+02
3098	1.045763e+02
3099	1.044968e+02
3100	1.044430e+02
3101	1.043915e+02
3102	1.043558e+02
3103	1.043270e+02
3104	1.043024e+02
3105	1.042719e+02
3106	1.042401e+02
3107	1.042005e+02
3108	1.041523e+02
3109	1.040763e+02
3110	1.039712e+02
3111	1.038676e+02
3112	1.037558e+02
3113	1.036383e+02
3114	1.035185e+02
3115	1.033954e+02
3116	1.032780e+02
3117	1.031503e+02
3118	1.030235e+02
3119	1.028994e+02
3120	1.027778e+02
3121	1.026795e+02
3122	1.025806e+02
3123	1.024790e+02
3124	1.023839e+02
3125	1.023010e+02
3126	1.022106e+02
3127	1.021100e+02
3128	1.020008e+02
3129	1.018953e+02
3130	1.018047e+02
3131	1.017119e+02
3132	1.016360e+02
3133	1.015736e+02
3134	1.015107e+02
3135	1.014529e+02
3136	1.013838e+02
3137	1.013515e+02
3138	1.013196e+02
3139	1.012819e+02
3140	1.012534e+02
3141	1.012270e+02
3142	1.012053e+02
3143	1.011899e+02
3144	1.011754e+02
3145	1.011713e+02
3146	1.011708e+02
3147	1.011763e+02
3148	1.011871e+02
3149	1.012144e+02
3150	1.012621e+02
3151	1.013001e+02
3152	1.013479e+02
3153	1.014049e+02
3154	1.014613e+02
3155	1.015173e+02
3156	1.015662e+02
3157	1.016155e+02
3158	1.016452e+02
3159	1.016480e+02
3160	1.016304e+02
3161	1.016073e+02
3162	1.015587e+02
3163	1.015172e+02
3164	1.014520e+02
3165	1.013811e+02
3166	1.012959e+02
3167	1.012177e+02
3168	1.011317e+02
3169	1.010535e+02
3170	1.009881e+02
3171	1.009405e+02
3172	1.009156e+02
3173	1.008878e+02
3174	1.008706e+02
3175	1.008401e+02
3176	1.007987e+02
3177	1.007266e+02
3178	1.006399e+02
3179	1.005289e+02
3180	1.003975e+02
3181	1.002687e+02
3182	1.001314e+02
3183	1.000128e+02
3184	9.990454e+01
3185	9.980590e+01
3186	9.972315e+01
3187	9.966134e+01
3188	9.962601e+01
3189	9.961270e+01
3190	9.960119e+01
3191	9.959918e+01
3192	9.962043e+01
3193	9.964039e+01
3194	9.966651e+01
3195	9.969054e+01
3196	9.970332e+01
3197	9.971017e+01
3198	9.972260e+01
3199	9.972448e+01
3200	9.973174e+01
3201	9.973160e+01
3202	9.972891e+01
3203	9.972963e+01
3204	9.973054e+01
3205	9.973653e+01
3206	9.973332e+01
3207	9.973917e+01
3208	9.975781e+01
3209	9.977550e+01
3210	9.978006e+01
3211	9.979960e+01
3212	9.984082e+01
3213	9.988459e+01
3214	9.994439e+01
3215	1.000240e+02
3216	1.001170e+02
3217	1.002326e+02
3218	1.003780e+02
3219	1.005299e+02
3220	1.006809e+02
3221	1.008471e+02
3222	1.010244e+02
3223	1.012085e+02
3224	1.014020e+02
3225	1.016074e+02
3226	1.018199e+02
3227	1.020442e+02
3228	1.022577e+02
3229	1.024747e+02
3230	1.026939e+02
3231	1.029123e+02
3232	1.031419e+02
3233	1.033637e+02
3234	1.035765e+02
3235	1.038060e+02
3236	1.040327e+02
3237	1.042821e+02
3238	1.045487e+02
3239	1.048256e+02
3240	1.051015e+02
3241	1.053821e+02
3242	1.056484e+02
3243	1.059259e+02
3244	1.061978e+02
3245	1.064419e+02
3246	1.066966e+02
3247	1.069383e+02
3248	1.071594e+02
3249	1.073565e+02
3250	1.075328e+02
3251	1.076961e+02
3252	1.078241e+02
3253	1.079175e+02
3254	1.079871e+02
3255	1.080482e+02
3256	1.081019e+02
3257	1.081628e+02
3258	1.082349e+02
3259	1.082955e+02
3260	1.083567e+02
3261	1.084106e+02
3262	1.084490e+02
3263	1.084707e+02
3264	1.084834e+02
3265	1.084848e+02
3266	1.084647e+02
3267	1.084217e+02
3268	1.083681e+02
3269	1.083085e+02
3270	1.082290e+02
3271	1.081328e+02
3272	1.080254e+02
3273	1.079126e+02
3274	1.077846e+02
3275	1.076620e+02
3276	1.075344e+02
3277	1.073925e+02
3278	1.072740e+02
3279	1.071582e+02
3280	1.070592e+02
3281	1.069560e+02
3282	1.068699e+02
3283	1.067900e+02
3284	1.067437e+02
3285	1.067250e+02
3286	1.067264e+02
3287	1.067474e+02
3288	1.067938e+02
3289	1.068471e+02
3290	1.069013e+02
3291	1.069482e+02
3292	1.069804e+02
3293	1.070146e+02
3294	1.070532e+02
3295	1.070892e+02
3296	1.071295e+02
3297	1.071772e+02
3298	1.072386e+02
3299	1.073037e+02
3300	1.073787e+02
3301	1.074656e+02
3302	1.075586e+02
3303	1.076654e+02
3304	1.077671e+02
3305	1.078624e+02
3306	1.079842e+02
3307	1.081017e+02
3308	1.082102e+02
3309	1.082910e+02
3310	1.083583e+02
3311	1.083933e+02
3312	1.084129e+02
3313	1.084028e+02
3314	1.083708e+02
3315	1.083172e+02
3316	1.082537e+02
3317	1.081757e+02
3318	1.080849e+02
3319	1.079823e+02
3320	1.078593e+02
3321	1.077194e+02
3322	1.075819e+02
3323	1.074374e+02
3324	1.072935e+02
3325	1.071509e+02
3326	1.069813e+02
3327	1.068072e+02
3328	1.066294e+02
3329	1.064491e+02
3330	1.062578e+02
3331	1.060650e+02
3332	1.058618e+02
3333	1.056494e+02
3334	1.054285e+02
3335	1.051896e+02
3336	1.049439e+02
3337	1.047022e+02
3338	1.044262e+02
3339	1.041372e+02
3340	1.038340e+02
3341	1.035209e+02
3342	1.032050e+02
3343	1.028825e+02
3344	1.025374e+02
3345	1.022035e+02
3346	1.018630e+02
3347	1.015175e+02
3348	1.011775e+02
3349	1.008388e+02
3350	1.004908e+02
3351	1.001326e+02
3352	9.977993e+01
3353	9.942134e+01
3354	9.906100e+01
3355	9.869110e+01
3356	9.831931e+01
3357	9.795326e+01
3358	9.758547e+01
3359	9.722957e+01
3360	9.687542e+01
3361	9.651921e+01
3362	9.615622e+01
3363	9.579855e+01
3364	9.543946e+01
3365	9.510138e+01
3366	9.477819e+01
3367	9.448385e+01
3368	9.420960e+01
3369	9.395065e+01
3370	9.371087e+01
3371	9.350680e+01
3372	9.333188e+01
3373	9.317045e+01
3374	9.304344e+01
3375	9.294156e+01
3376	9.287261e+01
3377	9.282696e+01
3378	9.280943e+01
3379	9.279958e+01
3380	9.280375e+01
3381	9.281269e+01
3382	9.281799e+01
3383	9.283609e+01
3384	9.284786e+01
3385	9.286106e+01
3386	9.288291e+01
3387	9.291960e+01
3388	9.294830e+01
3389	9.298449e+01
3390	9.301486e+01
3391	9.305543e+01
3392	9.310464e+01
3393	9.315439e+01
3394	9.320611e+01
3395	9.325813e+01
3396	9.329701e+01
3397	9.332867e+01
3398	9.334971e+01
3399	9.336362e+01
3400	9.336408e+01
3401	9.336304e+01
3402	9.336350e+01
3403	9.337762e+01
3404	9.336719e+01
3405	9.336288e+01
3406	9.337187e+01
3407	9.338392e+01
3408	9.339625e+01
3409	9.338192e+01
3410	9.337679e+01
3411	9.337150e+01
3412	9.336862e+01
3413	9.336707e+01
3414	9.337182e+01
3415	9.338545e+01
3416	9.338892e+01
3417	9.341023e+01
3418	9.342583e+01
3419	9.343770e+01
3420	9.346045e+01
3421	9.348671e+01
3422	9.351348e+01
3423	9.353546e+01
3424	9.355551e+01
3425	9.356723e+01
3426	9.356963e+01
3427	9.357023e+01
3428	9.356339e+01
3429	9.354858e+01
3430	9.353285e+01
3431	9.354256e+01
3432	9.355958e+01
3433	9.357745e+01
3434	9.359025e+01
3435	9.359666e+01
3436	9.361183e+01
3437	9.363124e+01
3438	9.366101e+01
3439	9.370258e+01
3440	9.373431e+01
3441	9.376837e+01
3442	9.379420e+01
3443	9.382079e+01
3444	9.385354e+01
3445	9.388361e+01
3446	9.389544e+01
3447	9.388679e+01
3448	9.388185e+01
3449	9.387802e+01
3450	9.388352e+01
3451	9.389702e+01
3452	9.391276e+01
3453	9.394688e+01
3454	9.396923e+01
3455	9.400553e+01
3456	9.404214e+01
3457	9.410841e+01
3458	9.419641e+01
3459	9.430160e+01
3460	9.441725e+01
3461	9.456185e+01
3462	9.471134e+01
3463	9.487579e+01
3464	9.503737e+01
3465	9.519408e+01
3466	9.538227e+01
3467	9.556846e+01
3468	9.576655e+01
3469	9.595583e+01
3470	9.614739e+01
3471	9.632931e+01
3472	9.651979e+01
3473	9.671602e+01
3474	9.691624e+01
3475	9.713620e+01
3476	9.736757e+01
3477	9.761483e+01
3478	9.786181e+01
3479	9.812342e+01
3480	9.838458e+01
3481	9.866309e+01
3482	9.894215e+01
3483	9.920475e+01
3484	9.946593e+01
3485	9.969905e+01
3486	9.990951e+01
3487	1.001052e+02
3488	1.002725e+02
3489	1.004249e+02
3490	1.005592e+02
3491	1.006889e+02
3492	1.008163e+02
3493	1.009476e+02
3494	1.010872e+02
3495	1.012351e+02
3496	1.013849e+02
3497	1.015306e+02
3498	1.016803e+02
3499	1.018377e+02
3500	1.019840e+02
3501	1.021168e+02
3502	1.022361e+02
3503	1.023427e+02
3504	1.024210e+02
3505	1.024786e+02
3506	1.025085e+02
3507	1.025076e+02
3508	1.024817e+02
3509	1.024290e+02
3510	1.023699e+02
3511	1.022982e+02
3512	1.022053e+02
3513	1.021282e+02
3514	1.020561e+02
3515	1.019957e+02
3516	1.019543e+02
3517	1.019194e+02
3518	1.019048e+02
3519	1.018942e+02
3520	1.018756e+02
3521	1.018609e+02
3522	1.018392e+02
3523	1.018165e+02
3524	1.017973e+02
3525	1.017647e+02
3526	1.017160e+02
3527	1.016638e+02
3528	1.016166e+02
3529	1.015781e+02
3530	1.015309e+02
3531	1.014989e+02
3532	1.014797e+02
3533	1.014772e+02
3534	1.015078e+02
3535	1.015542e+02
3536	1.016173e+02
3537	1.016877e+02
3538	1.017684e+02
3539	1.018616e+02
3540	1.019621e+02
3541	1.020726e+02
3542	1.021683e+02
3543	1.022721e+02
3544	1.023862e+02
3545	1.025097e+02
3546	1.026363e+02
3547	1.027629e+02
3548	1.029082e+02
3549	1.030572e+02
3550	1.032197e+02
3551	1.034054e+02
3552	1.035962e+02
3553	1.037830e+02
3554	1.039581e+02
3555	1.041191e+02
3556	1.042722e+02
3557	1.044220e+02
3558	1.045498e+02
3559	1.046695e+02
3560	1.047817e+02
3561	1.048794e+02
3562	1.049700e+02
3563	1.050666e+02
3564	1.051654e+02
3565	1.052578e+02
3566	1.053422e+02
3567	1.054273e+02
3568	1.055222e+02
3569	1.056279e+02
3570	1.057155e+02
3571	1.057919e+02
3572	1.058501e+02
3573	1.059021e+02
3574	1.059465e+02
3575	1.059847e+02
3576	1.060097e+02
3577	1.060265e+02
3578	1.060347e+02
3579	1.060275e+02
3580	1.059935e+02
3581	1.059522e+02
3582	1.059036e+02
3583	1.058508e+02
3584	1.057936e+02
3585	1.057238e+02
3586	1.056570e+02
3587	1.055803e+02
3588	1.054906e+02
3589	1.054027e+02
3590	1.053239e+02
3591	1.052421e+02
3592	1.051478e+02
3593	1.050222e+02
3594	1.048720e+02
3595	1.047150e+02
3596	1.045398e+02
3597	1.043373e+02
3598	1.041360e+02
3599	1.039092e+02
3600	1.036931e+02
3601	1.034800e+02
3602	1.032709e+02
3603	1.030599e+02
3604	1.028880e+02
3605	1.027458e+02
3606	1.026255e+02
3607	1.025223e+02
3608	1.024516e+02
3609	1.023984e+02
3610	1.023545e+02
3611	1.022945e+02
3612	1.022217e+02
3613	1.021391e+02
3614	1.020345e+02
3615	1.018901e+02
3616	1.017352e+02
3617	1.015654e+02
3618	1.013803e+02
3619	1.011972e+02
3620	1.010172e+02
3621	1.008473e+02
3622	1.006792e+02
3623	1.005276e+02
3624	1.003767e+02
3625	1.002475e+02
3626	1.001250e+02
3627	1.000209e+02
3628	9.993887e+01
3629	9.986244e+01
3630	9.980909e+01
3631	9.976080e+01
3632	9.969997e+01
3633	9.962520e+01
3634	9.955674e+01
3635	9.948825e+01
3636	9.941465e+01
3637	9.934119e+01
3638	9.926986e+01
3639	9.920020e+01
3640	9.913783e+01
3641	9.908439e+01
3642	9.904760e+01
3643	9.902504e+01
3644	9.902017e+01
3645	9.902747e+01
3646	9.906393e+01
3647	9.911911e+01
3648	9.919810e+01
3649	9.928229e+01
3650	9.936515e+01
3651	9.944965e+01
3652	9.952029e+01
3653	9.957688e+01
3654	9.963420e+01
3655	9.968398e+01
3656	9.974264e+01
3657	9.981248e+01
3658	9.987512e+01
3659	9.994981e+01
3660	1.000356e+02
3661	1.001329e+02
3662	1.002433e+02
3663	1.003704e+02
3664	1.005022e+02
3665	1.006273e+02
3666	1.007383e+02
3667	1.008418e+02
3668	1.009477e+02
3669	1.010352e+02
3670	1.011161e+02
3671	1.012009e+02
3672	1.012750e+02
3673	1.013259e+02
3674	1.013800e+02
3675	1.014373e+02
3676	1.014982e+02
3677	1.015729e+02
3678	1.016483e+02
3679	1.017219e+02
3680	1.017909e+02
3681	1.018476e+02
3682	1.018957e+02
3683	1.019393e+02
3684	1.019794e+02
3685	1.019844e+02
3686	1.019565e+02
3687	1.019154e+02
3688	1.018536e+02
3689	1.017772e+02
3690	1.016903e+02
3691	1.016235e+02
3692	1.015609e+02
3693	1.015022e+02
3694	1.014601e+02
3695	1.014373e+02
3696	1.014192e+02
3697	1.014073e+02
3698	1.014292e+02
3699	1.014719e+02
3700	1.015113e+02
3701	1.015639e+02
3702	1.016376e+02
3703	1.017033e+02
3704	1.017561e+02
3705	1.017866e+02
3706	1.017791e+02
3707	1.017514e+02
3708	1.017157e+02
3709	1.016802e+02
3710	1.016379e+02
3711	1.016211e+02
3712	1.016346e+02
3713	1.016852e+02
3714	1.017544e+02
3715	1.018493e+02
3716	1.019784e+02
3717	1.021318e+02
3718	1.023155e+02
3719	1.024999e+02
3720	1.026833e+02
3721	1.028632e+02
3722	1.030259e+02
3723	1.031774e+02
3724	1.033064e+02
3725	1.034254e+02
3726	1.035319e+02
3727	1.036323e+02
3728	1.037220e+02
3729	1.038050e+02
3730	1.039068e+02
3731	1.040159e+02
3732	1.041355e+02
3733	1.042648e+02
3734	1.043910e+02
3735	1.045276e+02
3736	1.046681e+02
3737	1.048240e+02
3738	1.049762e+02
3739	1.051088e+02
3740	1.052260e+02
3741	1.053426e+02
3742	1.054328e+02
3743	1.055048e+02
3744	1.055496e+02
3745	1.055741e+02
3746	1.055674e+02
3747	1.055459e+02
3748	1.055012e+02
3749	1.054254e+02
3750	1.053470e+02
3751	1.052540e+02
3752	1.051531e+02
3753	1.050545e+02
3754	1.049515e+02
3755	1.048472e+02
3756	1.047352e+02
3757	1.046134e+02
3758	1.044829e+02
3759	1.043630e+02
3760	1.042406e+02
3761	1.041120e+02
3762	1.039812e+02
3763	1.038428e+02
3764	1.036991e+02
3765	1.035412e+02
3766	1.033806e+02
3767	1.032054e+02
3768	1.030389e+02
3769	1.028753e+02
3770	1.027172e+02
3771	1.025558e+02
3772	1.023741e+02
3773	1.021886e+02
3774	1.020064e+02
3775	1.018179e+02
3776	1.016333e+02
3777	1.014343e+02
3778	1.012395e+02
3779	1.010388e+02
3780	1.008350e+02
3781	1.006434e+02
3782	1.004830e+02
3783	1.003319e+02
3784	1.002031e+02
3785	1.000957e+02
3786	1.000152e+02
3787	9.994175e+01
3788	9.989331e+01
3789	9.984565e+01
3790	9.980876e+01
3791	9.976408e+01
3792	9.972183e+01
3793	9.967793e+01
3794	9.962881e+01
3795	9.956609e+01
3796	9.950201e+01
3797	9.942865e+01
3798	9.934783e+01
3799	9.926975e+01
3800	9.919517e+01
3801	9.913396e+01
3802	9.909619e+01
3803	9.906418e+01
3804	9.906526e+01
3805	9.909216e+01
3806	9.914195e+01
3807	9.920582e+01
3808	9.927890e+01
3809	9.937320e+01
3810	9.947824e+01
3811	9.956298e+01
3812	9.963432e+01
3813	9.967848e+01
3814	9.970592e+01
3815	9.971159e+01
3816	9.970249e+01
3817	9.969170e+01
3818	9.967563e+01
3819	9.965628e+01
3820	9.965472e+01
3821	9.966429e+01
3822	9.968345e+01
3823	9.972636e+01
3824	9.980151e+01
3825	9.990231e+01
3826	1.000099e+02
3827	1.001285e+02
3828	1.002564e+02
3829	1.004016e+02
3830	1.005440e+02
3831	1.006765e+02
3832	1.007961e+02
3833	1.009059e+02
3834	1.009961e+02
3835	1.010715e+02
3836	1.011452e+02
3837	1.012007e+02
3838	1.012480e+02
3839	1.012857e+02
3840	1.013327e+02
3841	1.013849e+02
3842	1.014392e+02
3843	1.015014e+02
3844	1.015672e+02
3845	1.016311e+02
3846	1.017119e+02
3847	1.017955e+02
3848	1.018782e+02
3849	1.019730e+02
3850	1.020649e+02
3851	1.021252e+02
3852	1.021730e+02
3853	1.022119e+02
3854	1.022354e+02
3855	1.022546e+02
3856	1.022544e+02
3857	1.022398e+02
3858	1.022428e+02
3859	1.022351e+02
3860	1.022336e+02
3861	1.022467e+02
3862	1.022641e+02
3863	1.022860e+02
3864	1.023046e+02
3865	1.023437e+02
3866	1.023701e+02
3867	1.023925e+02
3868	1.024074e+02
3869	1.024231e+02
3870	1.024465e+02
3871	1.024627e+02
3872	1.024765e+02
3873	1.024918e+02
3874	1.025053e+02
3875	1.025238e+02
3876	1.025495e+02
3877	1.025730e+02
3878	1.025953e+02
3879	1.026193e+02
3880	1.026640e+02
3881	1.027120e+02
3882	1.027606e+02
3883	1.028037e+02
3884	1.028448e+02
3885	1.028731e+02
3886	1.028781e+02
3887	1.028761e+02
3888	1.028487e+02
3889	1.028166e+02
3890	1.027842e+02
3891	1.027597e+02
3892	1.027459e+02
3893	1.027273e+02
3894	1.027276e+02
3895	1.027209e+02
3896	1.027236e+02
3897	1.027187e+02
3898	1.027016e+02
3899	1.026706e+02
3900	1.026374e+02
3901	1.025841e+02
3902	1.025218e+02
3903	1.024550e+02
3904	1.023776e+02
3905	1.022882e+02
3906	1.021804e+02
3907	1.020528e+02
3908	1.019296e+02
3909	1.017893e+02
3910	1.016537e+02
3911	1.015299e+02
3912	1.014255e+02
3913	1.013259e+02
3914	1.012559e+02
3915	1.012036e+02
3916	1.011602e+02
3917	1.011246e+02
3918	1.010892e+02
3919	1.010681e+02
3920	1.010469e+02
3921	1.010316e+02
3922	1.010103e+02
3923	1.009944e+02
3924	1.009902e+02
3925	1.009764e+02
3926	1.009571e+02
3927	1.009720e+02
3928	1.009948e+02
3929	1.010275e+02
3930	1.010759e+02
3931	1.011440e+02
3932	1.012309e+02
3933	1.013532e+02
3934	1.014887e+02
3935	1.016248e+02
3936	1.017912e+02
3937	1.019665e+02
3938	1.021531e+02
3939	1.023143e+02
3940	1.024722e+02
3941	1.026251e+02
3942	1.027717e+02
3943	1.029096e+02
3944	1.030403e+02
3945	1.031758e+02
3946	1.033107e+02
3947	1.034432e+02
3948	1.035782e+02
3949	1.037192e+02
3950	1.038580e+02
3951	1.039947e+02
3952	1.041438e+02
3953	1.042857e+02
3954	1.044287e+02
3955	1.045753e+02
3956	1.047131e+02
3957	1.048373e+02
3958	1.049344e+02
3959	1.050186e+02
3960	1.050837e+02
3961	1.051283e+02
3962	1.051554e+02
3963	1.051699e+02
3964	1.051684e+02
3965	1.051258e+02
3966	1.050691e+02
3967	1.049965e+02
3968	1.049203e+02
3969	1.048283e+02
3970	1.047387e+02
3971	1.046560e+02
3972	1.045843e+02
3973	1.045194e+02
3974	1.044528e+02
3975	1.043659e+02
3976	1.042585e+02
3977	1.041380e+02
3978	1.040132e+02
3979	1.038731e+02
3980	1.037164e+02
3981	1.035470e+02
3982	1.033727e+02
3983	1.031988e+02
3984	1.030106e+02
3985	1.028258e+02
3986	1.026313e+02
3987	1.024474e+02
3988	1.022718e+02
3989	1.021040e+02
3990	1.019422e+02
3991	1.017842e+02
3992	1.016548e+02
3993	1.015169e+02
3994	1.013905e+02
3995	1.012566e+02
3996	1.011303e+02
3997	1.010069e+02
3998	1.008799e+02
3999	1.007588e+02
4000	1.006486e+02
4001	1.005335e+02
4002	1.004329e+02
4003	1.003387e+02
4004	1.002623e+02
4005	1.001859e+02
4006	1.001059e+02
4007	1.000422e+02
4008	9.999324e+01
4009	9.993390e+01
4010	9.989453e+01
4011	9.985510e+01
4012	9.982696e+01
4013	9.979229e+01
4014	9.976505e+01
4015	9.973735e+01
4016	9.972681e+01
4017	9.974374e+01
4018	9.976605e+01
4019	9.979670e+01
4020	9.985158e+01
4021	9.992997e+01
4022	1.000480e+02
4023	1.001704e+02
4024	1.003102e+02
4025	1.004594e+02
4026	1.006139e+02
4027	1.007585e+02
4028	1.009082e+02
4029	1.010543e+02
4030	1.012138e+02
4031	1.013730e+02
4032	1.015356e+02
4033	1.016964e+02
4034	1.018636e+02
4035	1.020337e+02
4036	1.022099e+02
4037	1.023822e+02
4038	1.025529e+02
4039	1.027308e+02
4040	1.029268e+02
4041	1.031300e+02
4042	1.033252e+02
4043	1.035116e+02
4044	1.036919e+02
4045	1.038728e+02
4046	1.040633e+02
4047	1.042457e+02
4048	1.044313e+02
4049	1.045974e+02
4050	1.047403e+02
4051	1.048629e+02
4052	1.049692e+02
4053	1.050417e+02
4054	1.051124e+02
4055	1.051620e+02
4056	1.052119e+02
4057	1.052553e+02
4058	1.053012e+02
4059	1.053509e+02
4060	1.054037e+02
4061	1.054489e+02
4062	1.054866e+02
4063	1.055283e+02
4064	1.055788e+02
4065	1.056221e+02
4066	1.056675e+02
4067	1.057170e+02
4068	1.057733e+02
4069	1.058407e+02
4070	1.059057e+02
4071	1.059679e+02
4072	1.060364e+02
4073	1.060883e+02
4074	1.061345e+02
4075	1.061767e+02
4076	1.061987e+02
4077	1.062236e+02
4078	1.062468e+02
4079	1.062681e+02
4080	1.063085e+02
4081	1.063601e+02
4082	1.064147e+02
4083	1.064603e+02
4084	1.065101e+02
4085	1.065626e+02
4086	1.066199e+02
4087	1.066986e+02
4088	1.067847e+02
4089	1.068889e+02
4090	1.069925e+02
4091	1.071153e+02
4092	1.072486e+02
4093	1.073831e+02
4094	1.075210e+02
4095	1.076456e+02
4096	1.077747e+02
4097	1.079087e+02
4098	1.080368e+02
4099	1.081459e+02
4100	1.082637e+02
4101	1.083755e+02
4102	1.084933e+02
4103	1.086083e+02
4104	1.087372e+02
4105	1.088651e+02
4106	1.089915e+02
4107	1.091233e+02
4108	1.092488e+02
4109	1.093845e+02
4110	1.095107e+02
4111	1.096189e+02
4112	1.097323e+02
4113	1.098273e+02
4114	1.099105e+02
4115	1.099804e+02
4116	1.100189e+02
4117	1.100387e+02
4118	1.100572e+02
4119	1.100702e+02
4120	1.100683e+02
4121	1.100490e+02
4122	1.100045e+02
4123	1.099359e+02
4124	1.098470e+02
4125	1.097399e+02
4126	1.096334e+02
4127	1.095235e+02
4128	1.094086e+02
4129	1.092809e+02
4130	1.091545e+02
4131	1.090358e+02
4132	1.089198e+02
4133	1.087888e+02
4134	1.086458e+02
4135	1.084887e+02
4136	1.083154e+02
4137	1.081310e+02
4138	1.079313e+02
4139	1.077304e+02
4140	1.075332e+02
4141	1.073227e+02
4142	1.071025e+02
4143	1.068687e+02
4144	1.066220e+02
4145	1.063627e+02
4146	1.060965e+02
4147	1.058118e+02
4148	1.055128e+02
4149	1.052150e+02
4150	1.049080e+02
4151	1.045995e+02
4152	1.043127e+02
4153	1.040362e+02
4154	1.037702e+02
4155	1.035175e+02
4156	1.032695e+02
4157	1.030077e+02
4158	1.027446e+02
4159	1.024743e+02
4160	1.022100e+02
4161	1.019420e+02
4162	1.016564e+02
4163	1.013609e+02
4164	1.010681e+02
4165	1.007755e+02
4166	1.004769e+02
4167	1.001881e+02
4168	9.990761e+01
4169	9.964697e+01
4170	9.942637e+01
4171	9.924183e+01
4172	9.908125e+01
4173	9.893081e+01
4174	9.880393e+01
4175	9.868559e+01
4176	9.858927e+01
4177	9.852737e+01
4178	9.846159e+01
4179	9.841790e+01
4180	9.837926e+01
4181	9.834261e+01
4182	9.831444e+01
4183	9.828569e+01
4184	9.825757e+01
4185	9.824457e+01
4186	9.821182e+01
4187	9.818538e+01
4188	9.816439e+01
4189	9.815179e+01
4190	9.814514e+01
4191	9.814275e+01
4192	9.813722e+01
4193	9.813519e+01
4194	9.813123e+01
4195	9.811721e+01
4196	9.811618e+01
4197	9.811383e+01
4198	9.809162e+01
4199	9.806499e+01
4200	9.803330e+01
4201	9.798113e+01
4202	9.791913e+01
4203	9.785885e+01
4204	9.778783e+01
4205	9.768149e+01
4206	9.756793e+01
4207	9.745058e+01
4208	9.732922e+01
4209	9.720339e+01
4210	9.706006e+01
4211	9.690401e+01
4212	9.674665e+01
4213	9.659339e+01
4214	9.643904e+01
4215	9.630505e+01
4216	9.617776e+01
4217	9.604127e+01
4218	9.592729e+01
4219	9.579907e+01
4220	9.569006e+01
4221	9.556665e+01
4222	9.543575e+01
4223	9.529534e+01
4224	9.515202e+01
4225	9.501713e+01
4226	9.488616e+01
4227	9.473819e+01
4228	9.458776e+01
4229	9.443412e+01
4230	9.428194e+01
4231	9.413957e+01
4232	9.398419e+01
4233	9.384399e+01
4234	9.370151e+01
4235	9.356429e+01
4236	9.345425e+01
4237	9.338044e+01
4238	9.332065e+01
4239	9.328298e+01
4240	9.325388e+01
4241	9.323896e+01
4242	9.323716e+01
4243	9.325918e+01
4244	9.330570e+01
4245	9.335221e+01
4246	9.339577e+01
4247	9.345334e+01
4248	9.349247e+01
4249	9.354456e+01
4250	9.359118e+01
4251	9.364906e+01
4252	9.369781e+01
4253	9.376191e+01
4254	9.385093e+01
4255	9.394569e+01
4256	9.406576e+01
4257	9.419080e+01
4258	9.434486e+01
4259	9.451072e+01
4260	9.469720e+01
4261	9.490210e+01
4262	9.510227e+01
4263	9.531299e+01
4264	9.551125e+01
4265	9.569715e+01
4266	9.588613e+01
4267	9.607028e+01
4268	9.626058e+01
4269	9.643444e+01
4270	9.658724e+01
4271	9.672629e+01
4272	9.684151e+01
4273	9.694960e+01
4274	9.705508e+01
4275	9.715632e+01
4276	9.726735e+01
4277	9.738246e+01
4278	9.751141e+01
4279	9.765518e+01
4280	9.781781e+01
4281	9.798044e+01
4282	9.813439e+01
4283	9.828676e+01
4284	9.842344e+01
4285	9.856029e+01
4286	9.868029e+01
4287	9.878823e+01
4288	9.889642e+01
4289	9.898396e+01
4290	9.904118e+01
4291	9.908580e+01
4292	9.911487e+01
4293	9.915084e+01
4294	9.918990e+01
4295	9.922149e+01
4296	9.926542e+01
4297	9.929999e+01
4298	9.933449e+01
4299	9.936880e+01
4300	9.941175e+01
4301	9.946067e+01
4302	9.952295e+01
4303	9.958828e+01
4304	9.967008e+01
4305	9.976446e+01
4306	9.987309e+01
4307	9.997671e+01
4308	1.000993e+02
4309	1.002217e+02
4310	1.003490e+02
4311	1.004852e+02
4312	1.006389e+02
4313	1.007889e+02
4314	1.009463e+02
4315	1.011018e+02
4316	1.012804e+02
4317	1.014630e+02
4318	1.016431e+02
4319	1.018339e+02
4320	1.020298e+02
4321	1.022382e+02
4322	1.024582e+02
4323	1.026735e+02
4324	1.028901e+02
4325	1.031038e+02
4326	1.033110e+02
4327	1.035167e+02
4328	1.037271e+02
4329	1.039494e+02
4330	1.041802e+02
4331	1.043950e+02
4332	1.046062e+02
4333	1.047955e+02
4334	1.049843e+02
4335	1.051637e+02
4336	1.053561e+02
4337	1.055430e+02
4338	1.057069e+02
4339	1.058749e+02
4340	1.060365e+02
4341	1.061840e+02
4342	1.062921e+02
4343	1.063769e+02
4344	1.064595e+02
4345	1.065381e+02
4346	1.066181e+02
4347	1.066802e+02
4348	1.067362e+02
4349	1.067947e+02
4350	1.068376e+02
4351	1.068826e+02
4352	1.069139e+02
4353	1.069454e+02
4354	1.069730e+02
4355	1.069914e+02
4356	1.069969e+02
4357	1.070102e+02
4358	1.070186e+02
4359	1.070238e+02
4360	1.070339e+02
4361	1.070453e+02
4362	1.070757e+02
4363	1.071096e+02
4364	1.071583e+02
4365	1.072176e+02
4366	1.072874e+02
4367	1.073567e+02
4368	1.074279e+02
4369	1.074914e+02
4370	1.075676e+02
4371	1.076244e+02
4372	1.076898e+02
4373	1.077512e+02
4374	1.078045e+02
4375	1.078457e+02
4376	1.078807e+02
4377	1.079045e+02
4378	1.079092e+02
4379	1.079003e+02
4380	1.078852e+02
4381	1.078618e+02
4382	1.078279e+02
4383	1.077791e+02
4384	1.077167e+02
4385	1.076489e+02
4386	1.075877e+02
4387	1.075515e+02
4388	1.075104e+02
4389	1.074657e+02
4390	1.074165e+02
4391	1.073628e+02
4392	1.073136e+02
4393	1.072667e+02
4394	1.072075e+02
4395	1.071404e+02
4396	1.070504e+02
4397	1.069677e+02
4398	1.068674e+02
4399	1.067590e+02
4400	1.066232e+02
4401	1.064803e+02
4402	1.063380e+02
4403	1.061922e+02
4404	1.060586e+02
4405	1.059397e+02
4406	1.058513e+02
4407	1.057776e+02
4408	1.056959e+02
4409	1.056167e+02
4410	1.055441e+02
4411	1.054838e+02
4412	1.054401e+02
4413	1.053869e+02
4414	1.053450e+02
4415	1.053195e+02
4416	1.052853e+02
4417	1.052313e+02
4418	1.051971e+02
4419	1.051553e+02
4420	1.051163e+02
4421	1.050825e+02
4422	1.050380e+02
4423	1.050050e+02
4424	1.049841e+02
4425	1.049506e+02
4426	1.049315e+02
4427	1.049052e+02
4428	1.048671e+02
4429	1.048447e+02
4430	1.048073e+02
4431	1.047751e+02
4432	1.047284e+02
4433	1.046730e+02
4434	1.046154e+02
4435	1.045480e+02
4436	1.044944e+02
4437	1.044288e+02
4438	1.043365e+02
4439	1.042549e+02
4440	1.041687e+02
4441	1.040833e+02
4442	1.040226e+02
4443	1.039655e+02
4444	1.039071e+02
4445	1.038357e+02
4446	1.037497e+02
4447	1.036511e+02
4448	1.035566e+02
4449	1.034720e+02
4450	1.033658e+02
4451	1.032547e+02
4452	1.031193e+02
4453	1.029907e+02
4454	1.028628e+02
4455	1.027461e+02
4456	1.026385e+02
4457	1.025328e+02
4458	1.024356e+02
4459	1.023533e+02
4460	1.022853e+02
4461	1.022031e+02
4462	1.021326e+02
4463	1.020766e+02
4464	1.020329e+02
4465	1.019983e+02
4466	1.019756e+02
4467	1.019546e+02
4468	1.019311e+02
4469	1.019044e+02
4470	1.018840e+02
4471	1.018555e+02
4472	1.018324e+02
4473	1.018097e+02
4474	1.018067e+02
4475	1.018283e+02
4476	1.018546e+02
4477	1.019021e+02
4478	1.019595e+02
4479	1.020479e+02
4480	1.021635e+02
4481	1.022837e+02
4482	1.024251e+02
4483	1.025682e+02
4484	1.027044e+02
4485	1.028473e+02
4486	1.029793e+02
4487	1.031183e+02
4488	1.032540e+02
4489	1.033777e+02
4490	1.034960e+02
4491	1.036019e+02
4492	1.037147e+02
4493	1.038098e+02
4494	1.039041e+02
4495	1.039697e+02
4496	1.040319e+02
4497	1.040935e+02
4498	1.041603e+02
4499	1.042186e+02
4500	1.042830e+02
4501	1.043623e+02
4502	1.044389e+02
4503	1.045073e+02
4504	1.045721e+02
4505	1.046272e+02
4506	1.046697e+02
4507	1.046745e+02
4508	1.046536e+02
4509	1.046182e+02
4510	1.045590e+02
4511	1.044776e+02
4512	1.043749e+02
4513	1.042754e+02
4514	1.041649e+02
4515	1.040497e+02
4516	1.039388e+02
4517	1.038438e+02
4518	1.037610e+02
4519	1.036677e+02
4520	1.035812e+02
4521	1.035000e+02
4522	1.034085e+02
4523	1.033201e+02
4524	1.032282e+02
4525	1.031245e+02
4526	1.030185e+02
4527	1.029035e+02
4528	1.027950e+02
4529	1.026827e+02
4530	1.025676e+02
4531	1.024723e+02
4532	1.023982e+02
4533	1.023347e+02
4534	1.022764e+02
4535	1.022438e+02
4536	1.022171e+02
4537	1.021927e+02
4538	1.021842e+02
4539	1.021827e+02
4540	1.021850e+02
4541	1.021751e+02
4542	1.021657e+02
4543	1.021542e+02
4544	1.021508e+02
4545	1.021388e+02
4546	1.021189e+02
4547	1.021084e+02
4548	1.020992e+02
4549	1.020939e+02
4550	1.020964e+02
4551	1.021010e+02
4552	1.021107e+02
4553	1.021236e+02
4554	1.021652e+02
4555	1.022026e+02
4556	1.022441e+02
4557	1.022821e+02
4558	1.023140e+02
4559	1.023332e+02
4560	1.023496e+02
4561	1.023673e+02
4562	1.023922e+02
4563	1.023984e+02
4564	1.023923e+02
4565	1.023758e+02
4566	1.023430e+02
4567	1.023128e+02
4568	1.022780e+02
4569	1.022429e+02
4570	1.022075e+02
4571	1.021492e+02
4572	1.020643e+02
4573	1.019731e+02
4574	1.018951e+02
4575	1.018062e+02
4576	1.017279e+02
4577	1.016435e+02
4578	1.015519e+02
4579	1.014701e+02
4580	1.013942e+02
4581	1.013037e+02
4582	1.011946e+02
4583	1.010800e+02
4584	1.009596e+02
4585	1.008268e+02
4586	1.006865e+02
4587	1.005532e+02
4588	1.004121e+02
4589	1.002693e+02
4590	1.001192e+02
4591	9.996757e+01
4592	9.982404e+01
4593	9.968180e+01
4594	9.955751e+01
4595	9.943980e+01
4596	9.932083e+01
4597	9.919677e+01
4598	9.908479e+01
4599	9.896989e+01
4600	9.887288e+01
4601	9.877612e+01
4602	9.869856e+01
4603	9.863221e+01
4604	9.856582e+01
4605	9.850782e+01
4606	9.845244e+01
4607	9.840815e+01
4608	9.837099e+01
4609	9.833588e+01
4610	9.830056e+01
4611	9.827457e+01
4612	9.825300e+01
4613	9.824380e+01
4614	9.824254e+01
4615	9.825273e+01
4616	9.829071e+01
4617	9.833866e+01
4618	9.839749e+01
4619	9.847226e+01
4620	9.855065e+01
4621	9.862406e+01
4622	9.868828e+01
4623	9.874751e+01
4624	9.880303e+01
4625	9.886774e+01
4626	9.893730e+01
4627	9.900602e+01
4628	9.908937e+01
4629	9.918027e+01
4630	9.926186e+01
4631	9.933775e+01
4632	9.940081e+01
4633	9.945256e+01
4634	9.950692e+01
4635	9.956555e+01
4636	9.962178e+01
4637	9.968266e+01
4638	9.975060e+01
4639	9.980209e+01
4640	9.983163e+01
4641	9.985988e+01
4642	9.989101e+01
4643	9.992461e+01
4644	9.995918e+01
4645	9.998546e+01
4646	1.000043e+02
4647	1.000133e+02
4648	1.000104e+02
4649	9.998035e+01
4650	9.992106e+01
4651	9.985463e+01
4652	9.979087e+01
4653	9.970990e+01
4654	9.964583e+01
4655	9.959011e+01
4656	9.955205e+01
4657	9.951289e+01
4658	9.949802e+01
4659	9.949853e+01
4660	9.950558e+01
4661	9.952960e+01
4662	9.955996e+01
4663	9.961250e+01
4664	9.967691e+01
4665	9.974265e+01
4666	9.980989e+01
4667	9.985773e+01
4668	9.988947e+01
4669	9.991788e+01
4670	9.993588e+01
4671	9.994335e+01
4672	9.993207e+01
4673	9.993508e+01
4674	9.993457e+01
4675	9.993408e+01
4676	9.991953e+01
4677	9.993736e+01
4678	9.996832e+01
4679	1.000218e+02
4680	1.000790e+02
4681	1.001404e+02
4682	1.002224e+02
4683	1.003125e+02
4684	1.004054e+02
4685	1.005057e+02
4686	1.006170e+02
4687	1.007298e+02
4688	1.008454e+02
4689	1.009612e+02
4690	1.010844e+02
4691	1.011911e+02
4692	1.012754e+02
4693	1.013405e+02
4694	1.014053e+02
4695	1.014613e+02
4696	1.015300e+02
4697	1.015963e+02
4698	1.016818e+02
4699	1.017918e+02
4700	1.019065e+02
4701	1.020299e+02
4702	1.021638e+02
4703	1.022805e+02
4704	1.024041e+02
4705	1.025352e+02
4706	1.026670e+02
4707	1.027875e+02
4708	1.028963e+02
4709	1.029871e+02
4710	1.030498e+02
4711	1.030976e+02
4712	1.031376e+02
4713	1.031371e+02
4714	1.031046e+02
4715	1.030481e+02
4716	1.029843e+02
4717	1.029092e+02
4718	1.028319e+02
4719	1.027408e+02
4720	1.026456e+02
4721	1.025814e+02
4722	1.025311e+02
4723	1.024963e+02
4724	1.024778e+02
4725	1.024825e+02
4726	1.024817e+02
4727	1.024861e+02
4728	1.024921e+02
4729	1.025037e+02
4730	1.025056e+02
4731	1.024875e+02
4732	1.024428e+02
4733	1.023789e+02
4734	1.023087e+02
4735	1.022343e+02
4736	1.021442e+02
4737	1.020452e+02
4738	1.019372e+02
4739	1.018219e+02
4740	1.016987e+02
4741	1.015968e+02
4742	1.015000e+02
4743	1.014202e+02
4744	1.013573e+02
4745	1.013155e+02
4746	1.012739e+02
4747	1.012434e+02
4748	1.012427e+02
4749	1.012544e+02
4750	1.012671e+02
4751	1.012960e+02
4752	1.013184e+02
4753	1.013304e+02
4754	1.013346e+02
4755	1.013389e+02
4756	1.013445e+02
4757	1.013424e+02
4758	1.013448e+02
4759	1.013383e+02
4760	1.013244e+02
4761	1.012989e+02
4762	1.012707e+02
4763	1.012351e+02
4764	1.011948e+02
4765	1.011563e+02
4766	1.011322e+02
4767	1.010975e+02
4768	1.010695e+02
4769	1.010477e+02
4770	1.010296e+02
4771	1.010230e+02
4772	1.009871e+02
4773	1.009235e+02
4774	1.008574e+02
4775	1.007688e+02
4776	1.006566e+02
4777	1.005222e+02
4778	1.003640e+02
4779	1.001757e+02
4780	9.997078e+01
4781	9.974960e+01
4782	9.951813e+01
4783	9.927825e+01
4784	9.904215e+01
4785	9.879806e+01
4786	9.854729e+01
4787	9.830344e+01
4788	9.805724e+01
4789	9.781692e+01
4790	9.757646e+01
4791	9.733589e+01
4792	9.709701e+01
4793	9.686424e+01
4794	9.663832e+01
4795	9.641348e+01
4796	9.618668e+01
4797	9.594678e+01
4798	9.570534e+01
4799	9.545680e+01
4800	9.520578e+01
4801	9.495161e+01
4802	9.469022e+01
4803	9.442696e+01
4804	9.417504e+01
4805	9.392602e+01
4806	9.368367e+01
4807	9.345262e+01
4808	9.324164e+01
4809	9.303857e+01
4810	9.284878e+01
4811	9.266612e+01
4812	9.250836e+01
4813	9.235340e+01
4814	9.222740e+01
4815	9.211395e+01
4816	9.201293e+01
4817	9.191575e+01
4818	9.183572e+01
4819	9.176507e+01
4820	9.171571e+01
4821	9.165987e+01
4822	9.159314e+01
4823	9.154695e+01
4824	9.151294e+01
4825	9.146354e+01
4826	9.142753e+01
4827	9.139178e+01
4828	9.134987e+01
4829	9.131797e+01
4830	9.130417e+01
4831	9.131504e+01
4832	9.133466e+01
4833	9.137415e+01
4834	9.143474e+01
4835	9.151473e+01
4836	9.160765e+01
4837	9.170606e+01
4838	9.182311e+01
4839	9.194404e+01
4840	9.207213e+01
4841	9.218890e+01
4842	9.229930e+01
4843	9.239814e+01
4844	9.248454e+01
4845	9.257099e+01
4846	9.265434e+01
4847	9.273541e+01
4848	9.283653e+01
4849	9.293112e+01
4850	9.302042e+01
4851	9.311109e+01
4852	9.322931e+01
4853	9.336958e+01
4854	9.351286e+01
4855	9.367339e+01
4856	9.385994e+01
4857	9.405804e+01
4858	9.424581e+01
4859	9.443552e+01
4860	9.462795e+01
4861	9.481611e+01
4862	9.500983e+01
4863	9.518920e+01
4864	9.534935e+01
4865	9.550242e+01
4866	9.565656e+01
4867	9.581092e+01
4868	9.596233e+01
4869	9.611502e+01
4870	9.626491e+01
4871	9.643241e+01
4872	9.659866e+01
4873	9.676542e+01
4874	9.693367e+01
4875	9.712497e+01
4876	9.730632e+01
4877	9.748039e+01
4878	9.765135e+01
4879	9.782516e+01
4880	9.798126e+01
4881	9.812215e+01
4882	9.824028e+01
4883	9.835254e+01
4884	9.845005e+01
4885	9.852131e+01
4886	9.859549e+01
4887	9.866673e+01
4888	9.873343e+01
4889	9.879601e+01
4890	9.886455e+01
4891	9.892936e+01
4892	9.899494e+01
4893	9.906833e+01
4894	9.914321e+01
4895	9.923301e+01
4896	9.932711e+01
4897	9.942998e+01
4898	9.956412e+01
4899	9.970825e+01
4900	9.986001e+01
4901	1.000253e+02
4902	1.001936e+02
4903	1.003619e+02
4904	1.005277e+02
4905	1.006938e+02
4906	1.008557e+02
4907	1.010133e+02
4908	1.011618e+02
4909	1.013212e+02
4910	1.014905e+02
4911	1.016772e+02
4912	1.018546e+02
4913	1.020298e+02
4914	1.022104e+02
4915	1.023747e+02
4916	1.025471e+02
4917	1.027337e+02
4918	1.029308e+02
4919	1.031150e+02
4920	1.033050e+02
4921	1.034828e+02
4922	1.036436e+02
4923	1.037929e+02
4924	1.039290e+02
4925	1.040570e+02
4926	1.041847e+02
4927	1.043210e+02
4928	1.044479e+02
4929	1.045591e+02
4930	1.046830e+02
4931	1.048115e+02
4932	1.049377e+02
4933	1.050447e+02
4934	1.051433e+02
4935	1.052420e+02
4936	1.053433e+02
4937	1.054479e+02
4938	1.055422e+02
4939	1.056316e+02
4940	1.057267e+02
4941	1.058170e+02
4942	1.059206e+02
4943	1.060210e+02
4944	1.061254e+02
4945	1.062298e+02
4946	1.063313e+02
4947	1.064372e+02
4948	1.065430e+02
4949	1.066326e+02
4950	1.067032e+02
4951	1.067618e+02
4952	1.068152e+02
4953	1.068531e+02
4954	1.068677e+02
4955	1.068833e+02
4956	1.068907e+02
4957	1.068827e+02
4958	1.068707e+02
4959	1.068641e+02
4960	1.068456e+02
4961	1.068250e+02
4962	1.068168e+02
4963	1.068228e+02
4964	1.068431e+02
4965	1.068773e+02
4966	1.069287e+02
4967	1.069991e+02
4968	1.070587e+02
4969	1.071331e+02
4970	1.072118e+02
4971	1.072942e+02
4972	1.073796e+02
4973	1.074582e+02
4974	1.075232e+02
4975	1.075549e+02
4976	1.075720e+02
4977	1.075820e+02
4978	1.075872e+02
4979	1.075729e+02
4980	1.075416e+02
4981	1.075157e+02
4982	1.074987e+02
4983	1.074905e+02
4984	1.074915e+02
4985	1.075040e+02
4986	1.075180e+02
4987	1.075540e+02
4988	1.075725e+02
4989	1.075809e+02
4990	1.075868e+02
4991	1.075764e+02
4992	1.075666e+02
4993	1.075621e+02
4994	1.075515e+02
4995	1.075443e+02
4996	1.075184e+02
4997	1.074943e+02
4998	1.074689e+02
4999	1.074418e+02
