# Step	Measurement
1	1.095235e+02
2	1.104376e+02
3	1.112991e+02
4	1.121628e+02
5	1.129852e+02
6	1.137957e+02
7	1.145169e+02
8	1.151020e+02
9	1.156121e+02
10	1.160026e+02
11	1.163365e+02
12	1.166109e+02
13	1.167842e+02
14	1.169258e+02
15	1.169497e+02
16	1.168850e+02
17	1.167249e+02
18	1.164408e+02
19	1.161528e+02
20	1.157670e+02
21	1.153432e+02
22	1.149157e+02
23	1.144275e+02
24	1.139161e+02
25	1.133788e+02
26	1.128865e+02
27	1.123656e+02
28	1.118527e+02
29	1.113047e+02
30	1.107683e+02
31	1.102304e+02
32	1.097560e+02
33	1.093113e+02
34	1.088595e+02
35	1.083339e+02
36	1.078951e+02
37	1.074338e+02
38	1.070335e+02
39	1.066684e+02
40	1.063300e+02
41	1.059864e+02
42	1.056358e+02
43	1.053004e+02
44	1.049629e+02
45	1.046832e+02
46	1.043769e+02
47	1.040674e+02
48	1.037644e+02
49	1.035061e+02
50	1.032906e+02
51	1.030986e+02
52	1.029833e+02
53	1.029421e+02
54	1.028866e+02
55	1.028285e+02
56	1.027947e+02
57	1.028100e+02
58	1.027885e+02
59	1.027522e+02
60	1.026521e+02
61	1.025444e+02
62	1.024395e+02
63	1.021936e+02
64	1.018604e+02
65	1.015033e+02
66	1.011002e+02
67	1.006417e+02
68	1.002049e+02
69	9.967244e+01
70	9.917908e+01
71	9.873111e+01
72	9.831325e+01
73	9.800701e+01
74	9.776773e+01
75	9.761150e+01
76	9.749866e+01
77	9.738914e+01
78	9.729857e+01
79	9.725585e+01
80	9.730101e+01
81	9.737037e+01
82	9.749546e+01
83	9.767781e+01
84	9.787022e+01
85	9.812917e+01
86	9.842483e+01
87	9.878550e+01
88	9.919746e+01
89	9.963119e+01
90	1.000694e+02
91	1.005874e+02
92	1.010540e+02
93	1.016300e+02
94	1.022713e+02
95	1.029288e+02
96	1.036981e+02
97	1.045250e+02
98	1.052799e+02
99	1.060547e+02
100	1.068554e+02
101	1.077503e+02
102	1.087254e+02
103	1.097676e+02
104	1.108525e+02
105	1.119591e+02
106	1.130626e+02
107	1.140996e+02
108	1.150474e+02
109	1.158833e+02
110	1.167364e+02
111	1.175118e+02
112	1.182905e+02
113	1.189589e+02
114	1.195871e+02
115	1.201657e+02
116	1.207058e+02
117	1.211456e+02
118	1.215739e+02
119	1.219717e+02
120	1.223402e+02
121	1.226833e+02
122	1.229164e+02
123	1.230616e+02
124	1.230732e+02
125	1.230434e+02
126	1.228495e+02
127	1.225841e+02
128	1.221478e+02
129	1.215570e+02
130	1.208398e+02
131	1.200517e+02
132	1.191464e+02
133	1.182250e+02
134	1.173398e+02
135	1.164143e+02
136	1.154859e+02
137	1.145097e+02
138	1.135647e+02
139	1.126395e+02
140	1.117887e+02
141	1.109430e+02
142	1.101620e+02
143	1.094450e+02
144	1.086549e+02
145	1.077849e+02
146	1.069363e+02
147	1.060864e+02
148	1.052496e+02
149	1.045733e+02
150	1.039266e+02
151	1.033519e+02
152	1.028677e+02
153	1.023323e+02
154	1.018348e+02
155	1.014137e+02
156	1.010729e+02
157	1.007545e+02
158	1.005014e+02
159	1.003981e+02
160	1.003921e+02
161	1.004582e+02
162	1.006384e+02
163	1.008686e+02
164	1.012021e+02
165	1.015082e+02
166	1.018138e+02
167	1.022300e+02
168	1.027661e+02
169	1.033320e+02
170	1.038922e+02
171	1.045048e+02
172	1.051516e+02
173	1.058248e+02
174	1.065375e+02
175	1.073396e+02
176	1.081339e+02
177	1.089077e+02
178	1.096654e+02
179	1.104205e+02
180	1.111201e+02
181	1.118490e+02
182	1.125169e+02
183	1.131563e+02
184	1.137751e+02
185	1.144342e+02
186	1.150929e+02
187	1.157227e+02
188	1.164135e+02
189	1.170846e+02
190	1.177650e+02
191	1.184223e+02
192	1.190494e+02
193	1.195451e+02
194	1.199607e+02
195	1.203098e+02
196	1.205609e+02
197	1.207823e+02
198	1.210038e+02
199	1.211861e+02
200	1.213058e+02
201	1.213131e+02
202	1.211662e+02
203	1.209457e+02
204	1.206083e+02
205	1.202702e+02
206	1.199066e+02
207	1.195814e+02
208	1.191742e+02
209	1.186383e+02
210	1.180673e+02
211	1.174407e+02
212	1.167081e+02
213	1.159950e+02
214	1.152159e+02
215	1.144211e+02
216	1.136198e+02
217	1.127930e+02
218	1.120123e+02
219	1.112847e+02
220	1.104743e+02
221	1.096707e+02
222	1.088600e+02
223	1.080180e+02
224	1.072161e+02
225	1.064241e+02
226	1.056691e+02
227	1.048809e+02
228	1.041492e+02
229	1.034612e+02
230	1.028422e+02
231	1.022475e+02
232	1.016247e+02
233	1.010026e+02
234	1.003288e+02
235	9.973464e+01
236	9.913552e+01
237	9.849214e+01
238	9.783858e+01
239	9.718001e+01
240	9.652182e+01
241	9.592982e+01
242	9.537452e+01
243	9.474208e+01
244	9.432504e+01
245	9.401129e+01
246	9.376736e+01
247	9.357058e+01
248	9.344589e+01
249	9.333210e+01
250	9.329300e+01
251	9.336935e+01
252	9.356510e+01
253	9.386933e+01
254	9.424180e+01
255	9.476506e+01
256	9.544230e+01
257	9.619529e+01
258	9.704878e+01
259	9.804302e+01
260	9.910611e+01
261	1.002701e+02
262	1.014803e+02
263	1.027180e+02
264	1.039073e+02
265	1.050338e+02
266	1.061811e+02
267	1.071857e+02
268	1.081550e+02
269	1.091101e+02
270	1.100242e+02
271	1.109698e+02
272	1.118553e+02
273	1.126177e+02
274	1.133646e+02
275	1.141587e+02
276	1.149111e+02
277	1.156220e+02
278	1.162879e+02
279	1.168940e+02
280	1.173769e+02
281	1.177589e+02
282	1.181368e+02
283	1.184655e+02
284	1.185827e+02
285	1.187428e+02
286	1.188762e+02
287	1.188742e+02
288	1.188596e+02
289	1.188425e+02
290	1.187854e+02
291	1.186023e+02
292	1.184764e+02
293	1.182908e+02
294	1.179840e+02
295	1.176831e+02
296	1.173863e+02
297	1.169797e+02
298	1.165341e+02
299	1.160704e+02
300	1.155747e+02
301	1.149621e+02
302	1.143370e+02
303	1.136558e+02
304	1.129310e+02
305	1.120948e+02
306	1.112028e+02
307	1.103181e+02
308	1.094465e+02
309	1.086111e+02
310	1.078344e+02
311	1.070796e+02
312	1.062088e+02
313	1.053126e+02
314	1.044485e+02
315	1.036398e+02
316	1.029191e+02
317	1.022697e+02
318	1.016053e+02
319	1.010514e+02
320	1.006147e+02
321	1.002350e+02
322	9.988542e+01
323	9.961058e+01
324	9.933968e+01
325	9.915500e+01
326	9.904174e+01
327	9.896817e+01
328	9.891987e+01
329	9.896038e+01
330	9.906953e+01
331	9.928766e+01
332	9.961940e+01
333	9.993774e+01
334	1.004012e+02
335	1.010046e+02
336	1.016817e+02
337	1.023680e+02
338	1.030930e+02
339	1.038868e+02
340	1.048109e+02
341	1.058338e+02
342	1.068908e+02
343	1.079844e+02
344	1.090859e+02
345	1.102319e+02
346	1.114400e+02
347	1.126717e+02
348	1.138666e+02
349	1.151030e+02
350	1.162865e+02
351	1.173716e+02
352	1.183829e+02
353	1.193193e+02
354	1.201573e+02
355	1.208426e+02
356	1.213928e+02
357	1.218769e+02
358	1.222525e+02
359	1.225435e+02
360	1.227283e+02
361	1.228254e+02
362	1.228921e+02
363	1.228966e+02
364	1.228517e+02
365	1.227703e+02
366	1.226031e+02
367	1.223048e+02
368	1.219129e+02
369	1.214097e+02
370	1.207654e+02
371	1.200192e+02
372	1.191117e+02
373	1.181339e+02
374	1.170469e+02
375	1.159092e+02
376	1.146989e+02
377	1.135888e+02
378	1.125042e+02
379	1.114075e+02
380	1.104685e+02
381	1.096503e+02
382	1.088561e+02
383	1.081504e+02
384	1.075283e+02
385	1.069932e+02
386	1.065451e+02
387	1.062184e+02
388	1.059593e+02
389	1.057688e+02
390	1.055367e+02
391	1.053825e+02
392	1.054097e+02
393	1.055241e+02
394	1.057743e+02
395	1.060954e+02
396	1.064688e+02
397	1.067950e+02
398	1.071322e+02
399	1.074630e+02
400	1.078042e+02
401	1.081535e+02
402	1.083990e+02
403	1.086920e+02
404	1.089446e+02
405	1.092271e+02
406	1.094891e+02
407	1.096734e+02
408	1.099145e+02
409	1.101992e+02
410	1.104579e+02
411	1.107077e+02
412	1.109012e+02
413	1.111051e+02
414	1.112828e+02
415	1.114545e+02
416	1.115696e+02
417	1.116303e+02
418	1.117019e+02
419	1.117749e+02
420	1.118524e+02
421	1.119795e+02
422	1.120720e+02
423	1.120878e+02
424	1.120409e+02
425	1.120762e+02
426	1.121274e+02
427	1.121435e+02
428	1.121724e+02
429	1.122482e+02
430	1.123928e+02
431	1.125895e+02
432	1.128128e+02
433	1.130269e+02
434	1.132091e+02
435	1.133535e+02
436	1.135151e+02
437	1.136534e+02
438	1.138037e+02
439	1.138821e+02
440	1.139438e+02
441	1.139994e+02
442	1.140870e+02
443	1.140816e+02
444	1.141475e+02
445	1.142921e+02
446	1.144376e+02
447	1.145318e+02
448	1.147167e+02
449	1.148939e+02
450	1.149469e+02
451	1.150082e+02
452	1.151244e+02
453	1.152197e+02
454	1.153127e+02
455	1.154399e+02
456	1.155467e+02
457	1.156555e+02
458	1.156306e+02
459	1.155174e+02
460	1.153586e+02
461	1.152291e+02
462	1.149473e+02
463	1.146230e+02
464	1.142500e+02
465	1.138631e+02
466	1.134087e+02
467	1.129708e+02
468	1.125614e+02
469	1.121689e+02
470	1.117995e+02
471	1.114808e+02
472	1.112100e+02
473	1.109865e+02
474	1.107591e+02
475	1.105041e+02
476	1.102879e+02
477	1.100600e+02
478	1.097670e+02
479	1.094897e+02
480	1.092082e+02
481	1.089131e+02
482	1.086314e+02
483	1.083865e+02
484	1.082215e+02
485	1.080967e+02
486	1.079538e+02
487	1.078951e+02
488	1.079498e+02
489	1.080831e+02
490	1.082574e+02
491	1.083694e+02
492	1.084738e+02
493	1.085738e+02
494	1.088134e+02
495	1.091141e+02
496	1.095407e+02
497	1.100860e+02
498	1.107532e+02
499	1.114040e+02
500	1.121318e+02
501	1.128057e+02
502	1.135507e+02
503	1.143063e+02
504	1.150424e+02
505	1.157530e+02
506	1.165139e+02
507	1.172101e+02
508	1.178209e+02
509	1.183520e+02
510	1.189035e+02
511	1.193796e+02
512	1.198137e+02
513	1.201439e+02
514	1.204134e+02
515	1.206451e+02
516	1.208031e+02
517	1.208969e+02
518	1.208990e+02
519	1.209308e+02
520	1.209083e+02
521	1.208311e+02
522	1.208045e+02
523	1.207565e+02
524	1.206191e+02
525	1.204448e+02
526	1.202392e+02
527	1.199251e+02
528	1.195505e+02
529	1.190812e+02
530	1.185485e+02
531	1.179657e+02
532	1.172943e+02
533	1.165509e+02
534	1.158190e+02
535	1.151010e+02
536	1.144122e+02
537	1.136657e+02
538	1.130089e+02
539	1.122810e+02
540	1.115053e+02
541	1.107010e+02
542	1.098530e+02
543	1.090898e+02
544	1.084183e+02
545	1.078239e+02
546	1.073043e+02
547	1.068413e+02
548	1.064466e+02
549	1.061583e+02
550	1.059300e+02
551	1.056972e+02
552	1.054983e+02
553	1.053360e+02
554	1.052805e+02
555	1.051807e+02
556	1.051781e+02
557	1.052384e+02
558	1.053773e+02
559	1.055249e+02
560	1.056316e+02
561	1.057914e+02
562	1.059320e+02
563	1.061003e+02
564	1.062799e+02
565	1.065055e+02
566	1.067936e+02
567	1.070939e+02
568	1.074678e+02
569	1.079233e+02
570	1.083282e+02
571	1.087381e+02
572	1.091640e+02
573	1.096565e+02
574	1.101911e+02
575	1.107448e+02
576	1.112679e+02
577	1.117317e+02
578	1.121187e+02
579	1.123601e+02
580	1.127324e+02
581	1.130600e+02
582	1.133771e+02
583	1.137437e+02
584	1.141154e+02
585	1.143835e+02
586	1.146862e+02
587	1.149777e+02
588	1.151377e+02
589	1.153356e+02
590	1.155676e+02
591	1.157705e+02
592	1.159338e+02
593	1.161227e+02
594	1.162864e+02
595	1.164010e+02
596	1.164870e+02
597	1.165172e+02
598	1.165177e+02
599	1.165370e+02
600	1.164983e+02
601	1.165167e+02
602	1.165372e+02
603	1.164402e+02
604	1.163334e+02
605	1.162019e+02
606	1.160179e+02
607	1.158383e+02
608	1.156466e+02
609	1.153900e+02
610	1.150717e+02
611	1.147121e+02
612	1.143570e+02
613	1.139455e+02
614	1.135229e+02
615	1.130255e+02
616	1.125045e+02
617	1.118942e+02
618	1.112930e+02
619	1.107452e+02
620	1.102295e+02
621	1.096695e+02
622	1.091541e+02
623	1.087267e+02
624	1.084086e+02
625	1.080795e+02
626	1.077982e+02
627	1.074716e+02
628	1.071159e+02
629	1.067906e+02
630	1.064429e+02
631	1.061139e+02
632	1.057957e+02
633	1.055676e+02
634	1.053916e+02
635	1.053118e+02
636	1.052888e+02
637	1.052933e+02
638	1.053300e+02
639	1.054127e+02
640	1.055477e+02
641	1.058131e+02
642	1.061388e+02
643	1.064564e+02
644	1.067627e+02
645	1.071137e+02
646	1.075352e+02
647	1.079278e+02
648	1.082793e+02
649	1.086808e+02
650	1.090745e+02
651	1.094974e+02
652	1.098639e+02
653	1.102097e+02
654	1.104948e+02
655	1.107968e+02
656	1.110788e+02
657	1.113584e+02
658	1.115843e+02
659	1.118762e+02
660	1.121252e+02
661	1.123191e+02
662	1.124918e+02
663	1.125914e+02
664	1.126901e+02
665	1.128561e+02
666	1.131109e+02
667	1.133226e+02
668	1.134833e+02
669	1.135632e+02
670	1.135319e+02
671	1.135023e+02
672	1.133978e+02
673	1.132840e+02
674	1.131915e+02
675	1.131033e+02
676	1.130660e+02
677	1.130777e+02
678	1.130472e+02
679	1.129704e+02
680	1.129402e+02
681	1.129299e+02
682	1.129387e+02
683	1.128661e+02
684	1.128424e+02
685	1.127664e+02
686	1.126690e+02
687	1.125583e+02
688	1.124324e+02
689	1.122545e+02
690	1.119733e+02
691	1.116589e+02
692	1.112779e+02
693	1.107309e+02
694	1.102152e+02
695	1.096669e+02
696	1.092186e+02
697	1.087695e+02
698	1.082543e+02
699	1.077373e+02
700	1.072938e+02
701	1.068474e+02
702	1.064381e+02
703	1.059781e+02
704	1.054869e+02
705	1.049945e+02
706	1.045493e+02
707	1.041644e+02
708	1.038290e+02
709	1.034989e+02
710	1.031945e+02
711	1.028965e+02
712	1.026261e+02
713	1.024202e+02
714	1.022467e+02
715	1.021392e+02
716	1.020141e+02
717	1.019556e+02
718	1.019741e+02
719	1.020972e+02
720	1.022520e+02
721	1.024714e+02
722	1.027395e+02
723	1.030890e+02
724	1.035166e+02
725	1.039492e+02
726	1.044078e+02
727	1.048923e+02
728	1.054557e+02
729	1.061082e+02
730	1.068087e+02
731	1.074586e+02
732	1.079996e+02
733	1.085367e+02
734	1.090258e+02
735	1.094756e+02
736	1.098623e+02
737	1.102190e+02
738	1.105539e+02
739	1.108801e+02
740	1.112153e+02
741	1.115286e+02
742	1.118320e+02
743	1.120740e+02
744	1.121680e+02
745	1.123336e+02
746	1.124422e+02
747	1.125243e+02
748	1.124655e+02
749	1.123572e+02
750	1.122258e+02
751	1.120151e+02
752	1.117970e+02
753	1.115659e+02
754	1.112993e+02
755	1.110158e+02
756	1.107187e+02
757	1.104643e+02
758	1.101558e+02
759	1.098062e+02
760	1.094166e+02
761	1.091209e+02
762	1.088624e+02
763	1.086799e+02
764	1.084734e+02
765	1.082730e+02
766	1.080805e+02
767	1.079016e+02
768	1.077519e+02
769	1.076360e+02
770	1.074764e+02
771	1.073999e+02
772	1.073740e+02
773	1.073797e+02
774	1.074124e+02
775	1.073926e+02
776	1.073765e+02
777	1.073637e+02
778	1.073775e+02
779	1.074754e+02
780	1.075487e+02
781	1.076318e+02
782	1.077179e+02
783	1.078470e+02
784	1.080064e+02
785	1.081726e+02
786	1.083203e+02
787	1.083996e+02
788	1.085117e+02
789	1.085948e+02
790	1.086216e+02
791	1.085904e+02
792	1.084984e+02
793	1.084720e+02
794	1.084758e+02
795	1.084752e+02
796	1.084181e+02
797	1.084253e+02
798	1.083203e+02
799	1.082147e+02
800	1.080864e+02
801	1.079626e+02
802	1.078818e+02
803	1.077689e+02
804	1.076402e+02
805	1.074942e+02
806	1.073828e+02
807	1.072447e+02
808	1.072055e+02
809	1.071856e+02
810	1.072055e+02
811	1.072759e+02
812	1.074125e+02
813	1.076015e+02
814	1.077922e+02
815	1.080521e+02
816	1.084187e+02
817	1.089155e+02
818	1.094450e+02
819	1.100033e+02
820	1.105764e+02
821	1.111532e+02
822	1.116401e+02
823	1.120667e+02
824	1.125408e+02
825	1.129985e+02
826	1.135031e+02
827	1.140674e+02
828	1.145663e+02
829	1.149858e+02
830	1.154504e+02
831	1.158045e+02
832	1.160931e+02
833	1.163478e+02
834	1.166536e+02
835	1.169169e+02
836	1.171208e+02
837	1.172978e+02
838	1.174061e+02
839	1.175233e+02
840	1.175628e+02
841	1.175571e+02
842	1.175228e+02
843	1.173681e+02
844	1.171605e+02
845	1.169159e+02
846	1.167540e+02
847	1.165827e+02
848	1.162584e+02
849	1.158058e+02
850	1.153401e+02
851	1.148894e+02
852	1.145349e+02
853	1.141309e+02
854	1.136900e+02
855	1.132427e+02
856	1.128129e+02
857	1.124420e+02
858	1.121160e+02
859	1.117767e+02
860	1.113838e+02
861	1.109918e+02
862	1.106273e+02
863	1.102088e+02
864	1.098020e+02
865	1.093600e+02
866	1.089557e+02
867	1.085123e+02
868	1.080494e+02
869	1.075956e+02
870	1.072059e+02
871	1.068701e+02
872	1.065848e+02
873	1.063178e+02
874	1.060967e+02
875	1.059433e+02
876	1.058673e+02
877	1.057858e+02
878	1.057526e+02
879	1.058318e+02
880	1.059249e+02
881	1.060816e+02
882	1.061178e+02
883	1.062101e+02
884	1.063262e+02
885	1.064639e+02
886	1.065956e+02
887	1.066881e+02
888	1.067905e+02
889	1.069852e+02
890	1.072503e+02
891	1.074881e+02
892	1.076669e+02
893	1.078652e+02
894	1.080608e+02
895	1.082649e+02
896	1.084439e+02
897	1.085997e+02
898	1.087942e+02
899	1.090132e+02
900	1.091441e+02
901	1.092490e+02
902	1.094440e+02
903	1.096227e+02
904	1.099142e+02
905	1.102092e+02
906	1.104373e+02
907	1.106068e+02
908	1.107215e+02
909	1.108479e+02
910	1.109253e+02
911	1.109459e+02
912	1.109717e+02
913	1.110084e+02
914	1.110694e+02
915	1.111973e+02
916	1.113413e+02
917	1.114900e+02
918	1.116010e+02
919	1.116918e+02
920	1.117778e+02
921	1.118640e+02
922	1.119279e+02
923	1.119880e+02
924	1.120413e+02
925	1.120712e+02
926	1.120825e+02
927	1.121411e+02
928	1.122784e+02
929	1.124885e+02
930	1.127046e+02
931	1.128747e+02
932	1.131358e+02
933	1.133574e+02
934	1.134859e+02
935	1.135930e+02
936	1.136479e+02
937	1.136689e+02
938	1.136263e+02
939	1.135343e+02
940	1.134854e+02
941	1.133162e+02
942	1.130666e+02
943	1.128316e+02
944	1.124875e+02
945	1.121498e+02
946	1.118604e+02
947	1.114994e+02
948	1.110783e+02
949	1.106259e+02
950	1.101529e+02
951	1.097445e+02
952	1.092848e+02
953	1.087996e+02
954	1.082423e+02
955	1.077198e+02
956	1.072559e+02
957	1.068015e+02
958	1.063774e+02
959	1.059620e+02
960	1.055046e+02
961	1.050529e+02
962	1.046228e+02
963	1.042812e+02
964	1.039699e+02
965	1.036557e+02
966	1.034049e+02
967	1.031625e+02
968	1.029771e+02
969	1.028500e+02
970	1.027566e+02
971	1.027068e+02
972	1.027004e+02
973	1.027272e+02
974	1.028056e+02
975	1.029563e+02
976	1.032014e+02
977	1.034926e+02
978	1.038463e+02
979	1.042999e+02
980	1.047937e+02
981	1.053240e+02
982	1.058358e+02
983	1.063570e+02
984	1.068415e+02
985	1.073792e+02
986	1.078832e+02
987	1.083936e+02
988	1.089425e+02
989	1.095578e+02
990	1.102027e+02
991	1.108532e+02
992	1.114866e+02
993	1.121020e+02
994	1.126747e+02
995	1.131987e+02
996	1.137591e+02
997	1.143219e+02
998	1.147772e+02
999	1.151392e+02
1000	1.155152e+02
1001	1.158446e+02
1002	1.161052e+02
1003	1.163252e+02
1004	1.164611e+02
1005	1.165323e+02
1006	1.165454e+02
1007	1.165736e+02
1008	1.166784e+02
1009	1.167923e+02
1010	1.169247e+02
1011	1.170119e+02
1012	1.170530e+02
1013	1.170485e+02
1014	1.170020e+02
1015	1.169657e+02
1016	1.169049e+02
1017	1.167832e+02
1018	1.165517e+02
1019	1.163322e+02
1020	1.160086e+02
1021	1.155915e+02
1022	1.151138e+02
1023	1.146091e+02
1024	1.141502e+02
1025	1.136237e+02
1026	1.131156e+02
1027	1.125720e+02
1028	1.119632e+02
1029	1.113749e+02
1030	1.107239e+02
1031	1.100723e+02
1032	1.094242e+02
1033	1.088222e+02
1034	1.082052e+02
1035	1.075063e+02
1036	1.067793e+02
1037	1.060637e+02
1038	1.052947e+02
1039	1.045336e+02
1040	1.037693e+02
1041	1.030158e+02
1042	1.023485e+02
1043	1.017217e+02
1044	1.011799e+02
1045	1.006696e+02
1046	1.001433e+02
1047	9.974062e+01
1048	9.942525e+01
1049	9.925128e+01
1050	9.908605e+01
1051	9.906977e+01
1052	9.911376e+01
1053	9.915926e+01
1054	9.927126e+01
1055	9.945444e+01
1056	9.965866e+01
1057	9.989594e+01
1058	1.001792e+02
1059	1.004996e+02
1060	1.008834e+02
1061	1.012433e+02
1062	1.016532e+02
1063	1.021395e+02
1064	1.026509e+02
1065	1.031753e+02
1066	1.036720e+02
1067	1.042080e+02
1068	1.047130e+02
1069	1.052159e+02
1070	1.057014e+02
1071	1.061211e+02
1072	1.065947e+02
1073	1.070898e+02
1074	1.075806e+02
1075	1.079775e+02
1076	1.084025e+02
1077	1.088625e+02
1078	1.093064e+02
1079	1.098162e+02
1080	1.103257e+02
1081	1.108990e+02
1082	1.114615e+02
1083	1.120630e+02
1084	1.125528e+02
1085	1.130519e+02
1086	1.134845e+02
1087	1.139050e+02
1088	1.143102e+02
1089	1.147067e+02
1090	1.150636e+02
1091	1.153929e+02
1092	1.156382e+02
1093	1.158598e+02
1094	1.160969e+02
1095	1.163429e+02
1096	1.165321e+02
1097	1.167037e+02
1098	1.168576e+02
1099	1.170023e+02
1100	1.170822e+02
1101	1.171646e+02
1102	1.171404e+02
1103	1.170959e+02
1104	1.169047e+02
1105	1.167236e+02
1106	1.165279e+02
1107	1.163156e+02
1108	1.160866e+02
1109	1.157840e+02
1110	1.154950e+02
1111	1.150948e+02
1112	1.146778e+02
1113	1.142215e+02
1114	1.136642e+02
1115	1.131123e+02
1116	1.125554e+02
1117	1.119636e+02
1118	1.114049e+02
1119	1.109190e+02
1120	1.104486e+02
1121	1.099391e+02
1122	1.094128e+02
1123	1.088495e+02
1124	1.082482e+02
1125	1.076121e+02
1126	1.070588e+02
1127	1.064466e+02
1128	1.058958e+02
1129	1.054162e+02
1130	1.049988e+02
1131	1.046474e+02
1132	1.044373e+02
1133	1.042796e+02
1134	1.042646e+02
1135	1.043120e+02
1136	1.044104e+02
1137	1.045643e+02
1138	1.046922e+02
1139	1.049047e+02
1140	1.051765e+02
1141	1.054348e+02
1142	1.057078e+02
1143	1.060112e+02
1144	1.062613e+02
1145	1.064192e+02
1146	1.066109e+02
1147	1.068100e+02
1148	1.069730e+02
1149	1.071228e+02
1150	1.072208e+02
1151	1.072152e+02
1152	1.072445e+02
1153	1.073604e+02
1154	1.075306e+02
1155	1.077475e+02
1156	1.079757e+02
1157	1.081905e+02
1158	1.083370e+02
1159	1.083959e+02
1160	1.084137e+02
1161	1.084791e+02
1162	1.085050e+02
1163	1.085507e+02
1164	1.085637e+02
1165	1.085572e+02
1166	1.084644e+02
1167	1.083313e+02
1168	1.081836e+02
1169	1.080702e+02
1170	1.079395e+02
1171	1.078551e+02
1172	1.077810e+02
1173	1.077830e+02
1174	1.078231e+02
1175	1.079734e+02
1176	1.082116e+02
1177	1.085001e+02
1178	1.087808e+02
1179	1.091327e+02
1180	1.095624e+02
1181	1.099585e+02
1182	1.104073e+02
1183	1.108771e+02
1184	1.112970e+02
1185	1.116917e+02
1186	1.120637e+02
1187	1.123951e+02
1188	1.127536e+02
1189	1.130971e+02
1190	1.134332e+02
1191	1.137918e+02
1192	1.141789e+02
1193	1.145141e+02
1194	1.148051e+02
1195	1.150696e+02
1196	1.152799e+02
1197	1.155155e+02
1198	1.157362e+02
1199	1.158663e+02
1200	1.159248e+02
1201	1.159775e+02
1202	1.160162e+02
1203	1.159738e+02
1204	1.158756e+02
1205	1.157177e+02
1206	1.155029e+02
1207	1.152237e+02
1208	1.149977e+02
1209	1.147268e+02
1210	1.144689e+02
1211	1.142543e+02
1212	1.140270e+02
1213	1.137224e+02
1214	1.134894e+02
1215	1.132203e+02
1216	1.129795e+02
1217	1.127794e+02
1218	1.126163e+02
1219	1.124629e+02
1220	1.123238e+02
1221	1.122600e+02
1222	1.122559e+02
1223	1.122811e+02
1224	1.123446e+02
1225	1.124557e+02
1226	1.125604e+02
1227	1.126444e+02
1228	1.126956e+02
1229	1.127453e+02
1230	1.127697e+02
1231	1.127892e+02
1232	1.127902e+02
1233	1.128754e+02
1234	1.128926e+02
1235	1.128711e+02
1236	1.128665e+02
1237	1.129065e+02
1238	1.130327e+02
1239	1.131829e+02
1240	1.132872e+02
1241	1.133830e+02
1242	1.134580e+02
1243	1.135620e+02
1244	1.136461e+02
1245	1.137537e+02
1246	1.139361e+02
1247	1.140516e+02
1248	1.141299e+02
1249	1.141694e+02
1250	1.141640e+02
1251	1.141276e+02
1252	1.141045e+02
1253	1.140783e+02
1254	1.140536e+02
1255	1.140397e+02
1256	1.141201e+02
1257	1.141901e+02
1258	1.141823e+02
1259	1.141153e+02
1260	1.140364e+02
1261	1.139363e+02
1262	1.138102e+02
1263	1.136683e+02
1264	1.135258e+02
1265	1.133540e+02
1266	1.131329e+02
1267	1.129565e+02
1268	1.128847e+02
1269	1.128237e+02
1270	1.127903e+02
1271	1.127522e+02
1272	1.128139e+02
1273	1.128364e+02
1274	1.128930e+02
1275	1.129430e+02
1276	1.129395e+02
1277	1.128821e+02
1278	1.128187e+02
1279	1.127275e+02
1280	1.126084e+02
1281	1.123561e+02
1282	1.121318e+02
1283	1.119348e+02
1284	1.117007e+02
1285	1.114513e+02
1286	1.112305e+02
1287	1.111022e+02
1288	1.110065e+02
1289	1.109418e+02
1290	1.109110e+02
1291	1.108722e+02
1292	1.109061e+02
1293	1.110195e+02
1294	1.111810e+02
1295	1.113289e+02
1296	1.115426e+02
1297	1.117142e+02
1298	1.119595e+02
1299	1.121552e+02
1300	1.122904e+02
1301	1.123716e+02
1302	1.124456e+02
1303	1.125376e+02
1304	1.125490e+02
1305	1.125492e+02
1306	1.124517e+02
1307	1.123055e+02
1308	1.121070e+02
1309	1.118849e+02
1310	1.116250e+02
1311	1.113203e+02
1312	1.109258e+02
1313	1.104228e+02
1314	1.099426e+02
1315	1.094943e+02
1316	1.089966e+02
1317	1.085874e+02
1318	1.082242e+02
1319	1.079365e+02
1320	1.077364e+02
1321	1.074970e+02
1322	1.072687e+02
1323	1.071210e+02
1324	1.069523e+02
1325	1.068255e+02
1326	1.067948e+02
1327	1.067559e+02
1328	1.066958e+02
1329	1.066768e+02
1330	1.067053e+02
1331	1.067794e+02
1332	1.068505e+02
1333	1.069525e+02
1334	1.070545e+02
1335	1.072453e+02
1336	1.074627e+02
1337	1.077459e+02
1338	1.080938e+02
1339	1.084430e+02
1340	1.088963e+02
1341	1.093643e+02
1342	1.097451e+02
1343	1.101307e+02
1344	1.104965e+02
1345	1.108843e+02
1346	1.112976e+02
1347	1.117458e+02
1348	1.121937e+02
1349	1.125921e+02
1350	1.129662e+02
1351	1.132089e+02
1352	1.133480e+02
1353	1.133978e+02
1354	1.133740e+02
1355	1.133003e+02
1356	1.132346e+02
1357	1.131438e+02
1358	1.129805e+02
1359	1.127504e+02
1360	1.123912e+02
1361	1.119324e+02
1362	1.114211e+02
1363	1.108481e+02
1364	1.102483e+02
1365	1.096352e+02
1366	1.089494e+02
1367	1.082756e+02
1368	1.075559e+02
1369	1.068124e+02
1370	1.060298e+02
1371	1.052542e+02
1372	1.044428e+02
1373	1.035962e+02
1374	1.028475e+02
1375	1.020833e+02
1376	1.013740e+02
1377	1.007775e+02
1378	1.002560e+02
1379	9.983095e+01
1380	9.942480e+01
1381	9.905771e+01
1382	9.878129e+01
1383	9.855775e+01
1384	9.836568e+01
1385	9.827362e+01
1386	9.828679e+01
1387	9.835707e+01
1388	9.839282e+01
1389	9.847668e+01
1390	9.861826e+01
1391	9.880699e+01
1392	9.904605e+01
1393	9.940818e+01
1394	9.976605e+01
1395	1.001913e+02
1396	1.005810e+02
1397	1.009921e+02
1398	1.014075e+02
1399	1.017871e+02
1400	1.022205e+02
1401	1.026845e+02
1402	1.030714e+02
1403	1.034353e+02
1404	1.037888e+02
1405	1.042107e+02
1406	1.046157e+02
1407	1.050246e+02
1408	1.054688e+02
1409	1.059428e+02
1410	1.064594e+02
1411	1.069326e+02
1412	1.074365e+02
1413	1.078715e+02
1414	1.082797e+02
1415	1.086268e+02
1416	1.089001e+02
1417	1.091871e+02
1418	1.093615e+02
1419	1.096073e+02
1420	1.098271e+02
1421	1.099886e+02
1422	1.101264e+02
1423	1.102212e+02
1424	1.103125e+02
1425	1.104087e+02
1426	1.104655e+02
1427	1.105727e+02
1428	1.106906e+02
1429	1.108112e+02
1430	1.109416e+02
1431	1.111502e+02
1432	1.113307e+02
1433	1.114752e+02
1434	1.114645e+02
1435	1.114309e+02
1436	1.113636e+02
1437	1.112694e+02
1438	1.112431e+02
1439	1.112253e+02
1440	1.111773e+02
1441	1.110850e+02
1442	1.109834e+02
1443	1.109466e+02
1444	1.109301e+02
1445	1.108406e+02
1446	1.107455e+02
1447	1.106952e+02
1448	1.106190e+02
1449	1.104988e+02
1450	1.103668e+02
1451	1.101992e+02
1452	1.100563e+02
1453	1.099501e+02
1454	1.097864e+02
1455	1.096061e+02
1456	1.094051e+02
1457	1.091427e+02
1458	1.088761e+02
1459	1.086785e+02
1460	1.084840e+02
1461	1.082309e+02
1462	1.079971e+02
1463	1.077736e+02
1464	1.076098e+02
1465	1.075270e+02
1466	1.074760e+02
1467	1.074884e+02
1468	1.075639e+02
1469	1.076706e+02
1470	1.078221e+02
1471	1.080310e+02
1472	1.083868e+02
1473	1.087301e+02
1474	1.091340e+02
1475	1.095432e+02
1476	1.099572e+02
1477	1.102910e+02
1478	1.106247e+02
1479	1.108850e+02
1480	1.110318e+02
1481	1.110897e+02
1482	1.111714e+02
1483	1.112378e+02
1484	1.113176e+02
1485	1.113786e+02
1486	1.113964e+02
1487	1.114266e+02
1488	1.114694e+02
1489	1.115211e+02
1490	1.115963e+02
1491	1.116247e+02
1492	1.115946e+02
1493	1.115120e+02
1494	1.114886e+02
1495	1.114581e+02
1496	1.114142e+02
1497	1.112750e+02
1498	1.110837e+02
1499	1.108636e+02
1500	1.106509e+02
1501	1.104165e+02
1502	1.102204e+02
1503	1.099907e+02
1504	1.097547e+02
1505	1.094979e+02
1506	1.092281e+02
1507	1.090391e+02
1508	1.088611e+02
1509	1.087081e+02
1510	1.085334e+02
1511	1.082810e+02
1512	1.081133e+02
1513	1.079482e+02
1514	1.078455e+02
1515	1.077757e+02
1516	1.077412e+02
1517	1.077786e+02
1518	1.078334e+02
1519	1.079331e+02
1520	1.081055e+02
1521	1.082962e+02
1522	1.086012e+02
1523	1.090298e+02
1524	1.095382e+02
1525	1.100705e+02
1526	1.105818e+02
1527	1.111437e+02
1528	1.117003e+02
1529	1.122334e+02
1530	1.126453e+02
1531	1.129588e+02
1532	1.131707e+02
1533	1.132349e+02
1534	1.133141e+02
1535	1.133720e+02
1536	1.134819e+02
1537	1.135618e+02
1538	1.135153e+02
1539	1.134446e+02
1540	1.133415e+02
1541	1.132521e+02
1542	1.131363e+02
1543	1.130862e+02
1544	1.129978e+02
1545	1.129260e+02
1546	1.127678e+02
1547	1.125513e+02
1548	1.122724e+02
1549	1.119434e+02
1550	1.115435e+02
1551	1.111435e+02
1552	1.106777e+02
1553	1.102818e+02
1554	1.099367e+02
1555	1.096212e+02
1556	1.093511e+02
1557	1.091959e+02
1558	1.091162e+02
1559	1.091398e+02
1560	1.092300e+02
1561	1.094178e+02
1562	1.096208e+02
1563	1.098863e+02
1564	1.102094e+02
1565	1.106143e+02
1566	1.110574e+02
1567	1.115780e+02
1568	1.120411e+02
1569	1.125690e+02
1570	1.130662e+02
1571	1.135474e+02
1572	1.141254e+02
1573	1.147460e+02
1574	1.152900e+02
1575	1.157501e+02
1576	1.161830e+02
1577	1.164818e+02
1578	1.166763e+02
1579	1.168395e+02
1580	1.169554e+02
1581	1.169652e+02
1582	1.169330e+02
1583	1.168352e+02
1584	1.166891e+02
1585	1.164896e+02
1586	1.162322e+02
1587	1.159625e+02
1588	1.156634e+02
1589	1.152927e+02
1590	1.148182e+02
1591	1.142491e+02
1592	1.135738e+02
1593	1.128143e+02
1594	1.120728e+02
1595	1.112834e+02
1596	1.105294e+02
1597	1.098019e+02
1598	1.091362e+02
1599	1.085652e+02
1600	1.080852e+02
1601	1.076692e+02
1602	1.073328e+02
1603	1.070626e+02
1604	1.068491e+02
1605	1.067320e+02
1606	1.066250e+02
1607	1.065329e+02
1608	1.065810e+02
1609	1.067156e+02
1610	1.069782e+02
1611	1.073161e+02
1612	1.077485e+02
1613	1.083020e+02
1614	1.089052e+02
1615	1.096310e+02
1616	1.103875e+02
1617	1.111784e+02
1618	1.120292e+02
1619	1.128946e+02
1620	1.137431e+02
1621	1.144738e+02
1622	1.151621e+02
1623	1.158694e+02
1624	1.164876e+02
1625	1.170270e+02
1626	1.175595e+02
1627	1.180872e+02
1628	1.184822e+02
1629	1.186838e+02
1630	1.188385e+02
1631	1.188505e+02
1632	1.186999e+02
1633	1.184209e+02
1634	1.180477e+02
1635	1.175399e+02
1636	1.168823e+02
1637	1.160543e+02
1638	1.151140e+02
1639	1.140655e+02
1640	1.128891e+02
1641	1.116581e+02
1642	1.104805e+02
1643	1.092419e+02
1644	1.079602e+02
1645	1.067656e+02
1646	1.056573e+02
1647	1.045727e+02
1648	1.035500e+02
1649	1.025527e+02
1650	1.016169e+02
1651	1.008035e+02
1652	1.000465e+02
1653	9.936625e+01
1654	9.875456e+01
1655	9.831195e+01
1656	9.794067e+01
1657	9.767470e+01
1658	9.746965e+01
1659	9.746591e+01
1660	9.763837e+01
1661	9.795238e+01
1662	9.833501e+01
1663	9.888701e+01
1664	9.951255e+01
1665	1.002147e+02
1666	1.010597e+02
1667	1.020095e+02
1668	1.030212e+02
1669	1.041620e+02
1670	1.053131e+02
1671	1.064953e+02
1672	1.076795e+02
1673	1.089157e+02
1674	1.101521e+02
1675	1.113479e+02
1676	1.124988e+02
1677	1.136126e+02
1678	1.146901e+02
1679	1.157858e+02
1680	1.168930e+02
1681	1.180213e+02
1682	1.190634e+02
1683	1.200272e+02
1684	1.209080e+02
1685	1.217074e+02
1686	1.223456e+02
1687	1.229037e+02
1688	1.233108e+02
1689	1.236668e+02
1690	1.239277e+02
1691	1.240214e+02
1692	1.240535e+02
1693	1.239406e+02
1694	1.236661e+02
1695	1.233138e+02
1696	1.228887e+02
1697	1.223979e+02
1698	1.217941e+02
1699	1.211058e+02
1700	1.203767e+02
1701	1.195360e+02
1702	1.186388e+02
1703	1.176627e+02
1704	1.165768e+02
1705	1.155034e+02
1706	1.143456e+02
1707	1.131966e+02
1708	1.120799e+02
1709	1.110266e+02
1710	1.099662e+02
1711	1.089154e+02
1712	1.079433e+02
1713	1.070079e+02
1714	1.063165e+02
1715	1.056888e+02
1716	1.051579e+02
1717	1.047575e+02
1718	1.044245e+02
1719	1.041132e+02
1720	1.038499e+02
1721	1.036173e+02
1722	1.033166e+02
1723	1.031393e+02
1724	1.029299e+02
1725	1.027649e+02
1726	1.025846e+02
1727	1.023961e+02
1728	1.021550e+02
1729	1.018298e+02
1730	1.016436e+02
1731	1.015512e+02
1732	1.015098e+02
1733	1.014993e+02
1734	1.014821e+02
1735	1.014900e+02
1736	1.015008e+02
1737	1.014670e+02
1738	1.014467e+02
1739	1.014399e+02
1740	1.013842e+02
1741	1.014002e+02
1742	1.014045e+02
1743	1.014906e+02
1744	1.015779e+02
1745	1.016492e+02
1746	1.016874e+02
1747	1.018126e+02
1748	1.019163e+02
1749	1.020126e+02
1750	1.020656e+02
1751	1.021129e+02
1752	1.021808e+02
1753	1.023031e+02
1754	1.025395e+02
1755	1.027315e+02
1756	1.029331e+02
1757	1.031409e+02
1758	1.033292e+02
1759	1.035854e+02
1760	1.039375e+02
1761	1.042512e+02
1762	1.045875e+02
1763	1.049288e+02
1764	1.052852e+02
1765	1.056411e+02
1766	1.060169e+02
1767	1.064390e+02
1768	1.068735e+02
1769	1.072595e+02
1770	1.076530e+02
1771	1.080391e+02
1772	1.084503e+02
1773	1.087000e+02
1774	1.090169e+02
1775	1.093446e+02
1776	1.096651e+02
1777	1.099907e+02
1778	1.103504e+02
1779	1.105860e+02
1780	1.108445e+02
1781	1.111193e+02
1782	1.113643e+02
1783	1.116898e+02
1784	1.119795e+02
1785	1.122548e+02
1786	1.125551e+02
1787	1.128145e+02
1788	1.130771e+02
1789	1.133279e+02
1790	1.135649e+02
1791	1.137506e+02
1792	1.138605e+02
1793	1.139178e+02
1794	1.139644e+02
1795	1.139836e+02
1796	1.139664e+02
1797	1.139465e+02
1798	1.139748e+02
1799	1.139435e+02
1800	1.139330e+02
1801	1.138993e+02
1802	1.138415e+02
1803	1.137929e+02
1804	1.136522e+02
1805	1.133955e+02
1806	1.131387e+02
1807	1.128374e+02
1808	1.125719e+02
1809	1.122100e+02
1810	1.117896e+02
1811	1.112417e+02
1812	1.106562e+02
1813	1.101011e+02
1814	1.094876e+02
1815	1.088213e+02
1816	1.081348e+02
1817	1.074691e+02
1818	1.068360e+02
1819	1.061796e+02
1820	1.055112e+02
1821	1.048828e+02
1822	1.043237e+02
1823	1.037824e+02
1824	1.033333e+02
1825	1.030085e+02
1826	1.027729e+02
1827	1.026198e+02
1828	1.025121e+02
1829	1.024857e+02
1830	1.025345e+02
1831	1.026308e+02
1832	1.027261e+02
1833	1.028758e+02
1834	1.029854e+02
1835	1.031205e+02
1836	1.032620e+02
1837	1.033906e+02
1838	1.034583e+02
1839	1.036228e+02
1840	1.038219e+02
1841	1.040389e+02
1842	1.042233e+02
1843	1.044569e+02
1844	1.047321e+02
1845	1.050472e+02
1846	1.053928e+02
1847	1.057411e+02
1848	1.060328e+02
1849	1.064011e+02
1850	1.067301e+02
1851	1.070585e+02
1852	1.073880e+02
1853	1.077927e+02
1854	1.081756e+02
1855	1.085753e+02
1856	1.088897e+02
1857	1.091033e+02
1858	1.091698e+02
1859	1.091928e+02
1860	1.091691e+02
1861	1.091341e+02
1862	1.090304e+02
1863	1.089317e+02
1864	1.088044e+02
1865	1.087048e+02
1866	1.085749e+02
1867	1.083855e+02
1868	1.082022e+02
1869	1.079710e+02
1870	1.077804e+02
1871	1.075773e+02
1872	1.073725e+02
1873	1.071383e+02
1874	1.069763e+02
1875	1.068327e+02
1876	1.066688e+02
1877	1.065994e+02
1878	1.065706e+02
1879	1.065317e+02
1880	1.066076e+02
1881	1.066576e+02
1882	1.067203e+02
1883	1.068858e+02
1884	1.071624e+02
1885	1.074251e+02
1886	1.076824e+02
1887	1.079439e+02
1888	1.082210e+02
1889	1.084971e+02
1890	1.088138e+02
1891	1.092073e+02
1892	1.096582e+02
1893	1.102147e+02
1894	1.107501e+02
1895	1.112621e+02
1896	1.118072e+02
1897	1.123786e+02
1898	1.129758e+02
1899	1.135144e+02
1900	1.140642e+02
1901	1.146336e+02
1902	1.150963e+02
1903	1.154447e+02
1904	1.157176e+02
1905	1.158242e+02
1906	1.159316e+02
1907	1.159847e+02
1908	1.159761e+02
1909	1.159093e+02
1910	1.157851e+02
1911	1.155899e+02
1912	1.153492e+02
1913	1.149818e+02
1914	1.145715e+02
1915	1.140987e+02
1916	1.135986e+02
1917	1.129527e+02
1918	1.123204e+02
1919	1.116181e+02
1920	1.108417e+02
1921	1.099215e+02
1922	1.090065e+02
1923	1.081231e+02
1924	1.072809e+02
1925	1.064350e+02
1926	1.056653e+02
1927	1.049608e+02
1928	1.043231e+02
1929	1.038136e+02
1930	1.034411e+02
1931	1.031608e+02
1932	1.028959e+02
1933	1.027769e+02
1934	1.028157e+02
1935	1.030013e+02
1936	1.032985e+02
1937	1.036487e+02
1938	1.040273e+02
1939	1.045099e+02
1940	1.051098e+02
1941	1.057605e+02
1942	1.064560e+02
1943	1.072515e+02
1944	1.081231e+02
1945	1.089799e+02
1946	1.099700e+02
1947	1.110051e+02
1948	1.120775e+02
1949	1.131314e+02
1950	1.141619e+02
1951	1.151943e+02
1952	1.161515e+02
1953	1.170514e+02
1954	1.178476e+02
1955	1.185306e+02
1956	1.190547e+02
1957	1.196083e+02
1958	1.200775e+02
1959	1.204697e+02
1960	1.207147e+02
1961	1.208158e+02
1962	1.207576e+02
1963	1.205591e+02
1964	1.202456e+02
1965	1.197936e+02
1966	1.192050e+02
1967	1.186138e+02
1968	1.179606e+02
1969	1.171778e+02
1970	1.162873e+02
1971	1.153575e+02
1972	1.143853e+02
1973	1.135347e+02
1974	1.126666e+02
1975	1.118229e+02
1976	1.110851e+02
1977	1.103864e+02
1978	1.097851e+02
1979	1.092083e+02
1980	1.086278e+02
1981	1.081213e+02
1982	1.076368e+02
1983	1.071580e+02
1984	1.066903e+02
1985	1.062490e+02
1986	1.058784e+02
1987	1.055184e+02
1988	1.051438e+02
1989	1.048122e+02
1990	1.044723e+02
1991	1.042490e+02
1992	1.040394e+02
1993	1.038958e+02
1994	1.037774e+02
1995	1.038111e+02
1996	1.038566e+02
1997	1.039840e+02
1998	1.040928e+02
1999	1.042703e+02
2000	1.044190e+02
2001	1.045702e+02
2002	1.047788e+02
2003	1.050738e+02
2004	1.054677e+02
2005	1.059527e+02
2006	1.064669e+02
2007	1.069293e+02
2008	1.073345e+02
2009	1.078407e+02
2010	1.084111e+02
2011	1.090150e+02
2012	1.096320e+02
2013	1.102108e+02
2014	1.107343e+02
2015	1.112205e+02
2016	1.116005e+02
2017	1.118207e+02
2018	1.119526e+02
2019	1.120549e+02
2020	1.120109e+02
2021	1.119298e+02
2022	1.117731e+02
2023	1.115321e+02
2024	1.112629e+02
2025	1.110287e+02
2026	1.108111e+02
2027	1.105890e+02
2028	1.101980e+02
2029	1.097417e+02
2030	1.092177e+02
2031	1.087014e+02
2032	1.081358e+02
2033	1.075711e+02
2034	1.069938e+02
2035	1.063613e+02
2036	1.057400e+02
2037	1.051674e+02
2038	1.046139e+02
2039	1.041109e+02
2040	1.036897e+02
2041	1.033055e+02
2042	1.029203e+02
2043	1.026134e+02
2044	1.023299e+02
2045	1.021008e+02
2046	1.020314e+02
2047	1.019889e+02
2048	1.020838e+02
2049	1.022408e+02
2050	1.024661e+02
2051	1.028140e+02
2052	1.032199e+02
2053	1.037582e+02
2054	1.043736e+02
2055	1.049794e+02
2056	1.056501e+02
2057	1.062988e+02
2058	1.069082e+02
2059	1.075193e+02
2060	1.080417e+02
2061	1.085775e+02
2062	1.090280e+02
2063	1.094533e+02
2064	1.098771e+02
2065	1.103181e+02
2066	1.106889e+02
2067	1.110983e+02
2068	1.115037e+02
2069	1.118048e+02
2070	1.120472e+02
2071	1.122041e+02
2072	1.123798e+02
2073	1.124530e+02
2074	1.124661e+02
2075	1.123736e+02
2076	1.122014e+02
2077	1.119415e+02
2078	1.115992e+02
2079	1.111754e+02
2080	1.107422e+02
2081	1.103353e+02
2082	1.099620e+02
2083	1.095489e+02
2084	1.091473e+02
2085	1.087082e+02
2086	1.082338e+02
2087	1.078002e+02
2088	1.073431e+02
2089	1.069410e+02
2090	1.065037e+02
2091	1.060033e+02
2092	1.055388e+02
2093	1.051049e+02
2094	1.047748e+02
2095	1.045450e+02
2096	1.043802e+02
2097	1.042660e+02
2098	1.042882e+02
2099	1.042809e+02
2100	1.042202e+02
2101	1.042029e+02
2102	1.042197e+02
2103	1.042998e+02
2104	1.043876e+02
2105	1.045764e+02
2106	1.048388e+02
2107	1.051635e+02
2108	1.055071e+02
2109	1.059187e+02
2110	1.063315e+02
2111	1.068525e+02
2112	1.074353e+02
2113	1.080442e+02
2114	1.087257e+02
2115	1.093848e+02
2116	1.100941e+02
2117	1.108141e+02
2118	1.115164e+02
2119	1.122159e+02
2120	1.128870e+02
2121	1.135192e+02
2122	1.140726e+02
2123	1.146006e+02
2124	1.149222e+02
2125	1.151415e+02
2126	1.151992e+02
2127	1.151621e+02
2128	1.149045e+02
2129	1.146374e+02
2130	1.143190e+02
2131	1.139184e+02
2132	1.135108e+02
2133	1.130448e+02
2134	1.125586e+02
2135	1.120307e+02
2136	1.115051e+02
2137	1.107787e+02
2138	1.100305e+02
2139	1.092805e+02
2140	1.085218e+02
2141	1.078036e+02
2142	1.070982e+02
2143	1.064753e+02
2144	1.059769e+02
2145	1.055398e+02
2146	1.052231e+02
2147	1.050105e+02
2148	1.048945e+02
2149	1.048132e+02
2150	1.048561e+02
2151	1.050197e+02
2152	1.053151e+02
2153	1.057148e+02
2154	1.061967e+02
2155	1.066708e+02
2156	1.071567e+02
2157	1.076364e+02
2158	1.081885e+02
2159	1.088010e+02
2160	1.094284e+02
2161	1.101024e+02
2162	1.108738e+02
2163	1.116661e+02
2164	1.125408e+02
2165	1.134886e+02
2166	1.145909e+02
2167	1.156492e+02
2168	1.167151e+02
2169	1.177213e+02
2170	1.186559e+02
2171	1.195325e+02
2172	1.204228e+02
2173	1.212718e+02
2174	1.220400e+02
2175	1.226987e+02
2176	1.232458e+02
2177	1.237393e+02
2178	1.241607e+02
2179	1.245004e+02
2180	1.246938e+02
2181	1.247087e+02
2182	1.245715e+02
2183	1.242233e+02
2184	1.236907e+02
2185	1.229560e+02
2186	1.220511e+02
2187	1.209955e+02
2188	1.199180e+02
2189	1.186979e+02
2190	1.174547e+02
2191	1.162670e+02
2192	1.151002e+02
2193	1.139482e+02
2194	1.127966e+02
2195	1.117330e+02
2196	1.106992e+02
2197	1.097472e+02
2198	1.088219e+02
2199	1.079359e+02
2200	1.071443e+02
2201	1.063979e+02
2202	1.057331e+02
2203	1.051604e+02
2204	1.046650e+02
2205	1.041961e+02
2206	1.038456e+02
2207	1.036230e+02
2208	1.034772e+02
2209	1.034361e+02
2210	1.034806e+02
2211	1.036572e+02
2212	1.039961e+02
2213	1.044174e+02
2214	1.049314e+02
2215	1.055221e+02
2216	1.061817e+02
2217	1.069161e+02
2218	1.076081e+02
2219	1.083662e+02
2220	1.090260e+02
2221	1.096101e+02
2222	1.102210e+02
2223	1.107752e+02
2224	1.112776e+02
2225	1.117367e+02
2226	1.121404e+02
2227	1.125225e+02
2228	1.128958e+02
2229	1.132362e+02
2230	1.135646e+02
2231	1.137882e+02
2232	1.139818e+02
2233	1.141628e+02
2234	1.142914e+02
2235	1.143219e+02
2236	1.142397e+02
2237	1.141305e+02
2238	1.139698e+02
2239	1.137541e+02
2240	1.135088e+02
2241	1.131859e+02
2242	1.128391e+02
2243	1.124317e+02
2244	1.120492e+02
2245	1.116910e+02
2246	1.112404e+02
2247	1.108162e+02
2248	1.104176e+02
2249	1.101062e+02
2250	1.098322e+02
2251	1.096273e+02
2252	1.094673e+02
2253	1.093383e+02
2254	1.092357e+02
2255	1.091364e+02
2256	1.090640e+02
2257	1.090908e+02
2258	1.091495e+02
2259	1.092499e+02
2260	1.093686e+02
2261	1.094836e+02
2262	1.096133e+02
2263	1.097492e+02
2264	1.099571e+02
2265	1.101765e+02
2266	1.104015e+02
2267	1.106120e+02
2268	1.107865e+02
2269	1.109196e+02
2270	1.109526e+02
2271	1.109148e+02
2272	1.108301e+02
2273	1.107026e+02
2274	1.106076e+02
2275	1.104199e+02
2276	1.101560e+02
2277	1.099126e+02
2278	1.096375e+02
2279	1.093664e+02
2280	1.090321e+02
2281	1.086661e+02
2282	1.082878e+02
2283	1.079559e+02
2284	1.075443e+02
2285	1.071551e+02
2286	1.067937e+02
2287	1.064238e+02
2288	1.060315e+02
2289	1.055400e+02
2290	1.050167e+02
2291	1.045078e+02
2292	1.041076e+02
2293	1.036942e+02
2294	1.033237e+02
2295	1.029829e+02
2296	1.026996e+02
2297	1.025091e+02
2298	1.022892e+02
2299	1.020940e+02
2300	1.019529e+02
2301	1.018922e+02
2302	1.018624e+02
2303	1.019157e+02
2304	1.019585e+02
2305	1.019436e+02
2306	1.019238e+02
2307	1.020543e+02
2308	1.022489e+02
2309	1.025201e+02
2310	1.028655e+02
2311	1.032124e+02
2312	1.036157e+02
2313	1.040838e+02
2314	1.046164e+02
2315	1.051971e+02
2316	1.058480e+02
2317	1.065317e+02
2318	1.072354e+02
2319	1.080365e+02
2320	1.088730e+02
2321	1.097215e+02
2322	1.106087e+02
2323	1.115266e+02
2324	1.124018e+02
2325	1.132757e+02
2326	1.141341e+02
2327	1.149546e+02
2328	1.157750e+02
2329	1.165353e+02
2330	1.172151e+02
2331	1.178081e+02
2332	1.183353e+02
2333	1.188564e+02
2334	1.193133e+02
2335	1.196757e+02
2336	1.198893e+02
2337	1.200581e+02
2338	1.201641e+02
2339	1.201236e+02
2340	1.199641e+02
2341	1.197118e+02
2342	1.193602e+02
2343	1.190146e+02
2344	1.184299e+02
2345	1.178179e+02
2346	1.171680e+02
2347	1.165196e+02
2348	1.157917e+02
2349	1.149953e+02
2350	1.141682e+02
2351	1.132886e+02
2352	1.124504e+02
2353	1.115674e+02
2354	1.107053e+02
2355	1.099242e+02
2356	1.091452e+02
2357	1.084206e+02
2358	1.077777e+02
2359	1.071580e+02
2360	1.065994e+02
2361	1.060460e+02
2362	1.055806e+02
2363	1.051956e+02
2364	1.048220e+02
2365	1.045617e+02
2366	1.044383e+02
2367	1.044915e+02
2368	1.046120e+02
2369	1.048953e+02
2370	1.052364e+02
2371	1.056955e+02
2372	1.061514e+02
2373	1.067625e+02
2374	1.074418e+02
2375	1.082339e+02
2376	1.090167e+02
2377	1.098050e+02
2378	1.106136e+02
2379	1.113555e+02
2380	1.120509e+02
2381	1.126778e+02
2382	1.132591e+02
2383	1.137429e+02
2384	1.141671e+02
2385	1.145581e+02
2386	1.148561e+02
2387	1.150817e+02
2388	1.153187e+02
2389	1.153899e+02
2390	1.154591e+02
2391	1.155474e+02
2392	1.155800e+02
2393	1.156235e+02
2394	1.156196e+02
2395	1.154847e+02
2396	1.153465e+02
2397	1.151240e+02
2398	1.147876e+02
2399	1.143922e+02
2400	1.140195e+02
2401	1.135223e+02
2402	1.129083e+02
2403	1.122570e+02
2404	1.115306e+02
2405	1.107332e+02
2406	1.099762e+02
2407	1.091811e+02
2408	1.083979e+02
2409	1.076756e+02
2410	1.068422e+02
2411	1.060211e+02
2412	1.052977e+02
2413	1.045628e+02
2414	1.039406e+02
2415	1.034519e+02
2416	1.030131e+02
2417	1.026701e+02
2418	1.024003e+02
2419	1.021957e+02
2420	1.021098e+02
2421	1.021154e+02
2422	1.022063e+02
2423	1.023276e+02
2424	1.025318e+02
2425	1.027032e+02
2426	1.029706e+02
2427	1.032321e+02
2428	1.034881e+02
2429	1.037287e+02
2430	1.039861e+02
2431	1.043138e+02
2432	1.046210e+02
2433	1.049154e+02
2434	1.052210e+02
2435	1.055825e+02
2436	1.059091e+02
2437	1.062989e+02
2438	1.066467e+02
2439	1.070470e+02
2440	1.075086e+02
2441	1.078997e+02
2442	1.083175e+02
2443	1.087675e+02
2444	1.093448e+02
2445	1.098875e+02
2446	1.104522e+02
2447	1.109231e+02
2448	1.114289e+02
2449	1.118129e+02
2450	1.121306e+02
2451	1.123760e+02
2452	1.125229e+02
2453	1.126350e+02
2454	1.127009e+02
2455	1.126813e+02
2456	1.126145e+02
2457	1.124861e+02
2458	1.123751e+02
2459	1.121537e+02
2460	1.119366e+02
2461	1.116632e+02
2462	1.113703e+02
2463	1.110872e+02
2464	1.108769e+02
2465	1.107023e+02
2466	1.106679e+02
2467	1.106221e+02
2468	1.106784e+02
2469	1.107511e+02
2470	1.108957e+02
2471	1.110555e+02
2472	1.113087e+02
2473	1.115856e+02
2474	1.118645e+02
2475	1.122095e+02
2476	1.125104e+02
2477	1.128345e+02
2478	1.132334e+02
2479	1.136851e+02
2480	1.141678e+02
2481	1.146283e+02
2482	1.150013e+02
2483	1.154567e+02
2484	1.158938e+02
2485	1.163265e+02
2486	1.167821e+02
2487	1.172590e+02
2488	1.176728e+02
2489	1.179866e+02
2490	1.181252e+02
2491	1.180909e+02
2492	1.179881e+02
2493	1.179118e+02
2494	1.177603e+02
2495	1.176129e+02
2496	1.174521e+02
2497	1.172495e+02
2498	1.170720e+02
2499	1.168491e+02
2500	1.166182e+02
2501	1.163063e+02
2502	1.159658e+02
2503	1.155149e+02
2504	1.150609e+02
2505	1.145021e+02
2506	1.139037e+02
2507	1.132798e+02
2508	1.125897e+02
2509	1.118631e+02
2510	1.111442e+02
2511	1.104298e+02
2512	1.097363e+02
2513	1.091145e+02
2514	1.085595e+02
2515	1.080506e+02
2516	1.076113e+02
2517	1.072251e+02
2518	1.068748e+02
2519	1.065397e+02
2520	1.062040e+02
2521	1.059745e+02
2522	1.058121e+02
2523	1.057140e+02
2524	1.056590e+02
2525	1.056497e+02
2526	1.056655e+02
2527	1.057250e+02
2528	1.058451e+02
2529	1.060722e+02
2530	1.063687e+02
2531	1.066771e+02
2532	1.070496e+02
2533	1.074336e+02
2534	1.078574e+02
2535	1.082648e+02
2536	1.087061e+02
2537	1.092203e+02
2538	1.097183e+02
2539	1.102306e+02
2540	1.106671e+02
2541	1.111284e+02
2542	1.115331e+02
2543	1.118715e+02
2544	1.122015e+02
2545	1.125202e+02
2546	1.127937e+02
2547	1.131574e+02
2548	1.135295e+02
2549	1.139401e+02
2550	1.142748e+02
2551	1.145364e+02
2552	1.146575e+02
2553	1.147544e+02
2554	1.147929e+02
2555	1.148528e+02
2556	1.149029e+02
2557	1.149038e+02
2558	1.148745e+02
2559	1.147892e+02
2560	1.146907e+02
2561	1.145011e+02
2562	1.142536e+02
2563	1.139842e+02
2564	1.137360e+02
2565	1.134259e+02
2566	1.131935e+02
2567	1.129908e+02
2568	1.128663e+02
2569	1.127182e+02
2570	1.125878e+02
2571	1.124924e+02
2572	1.123807e+02
2573	1.122216e+02
2574	1.121022e+02
2575	1.119887e+02
2576	1.119086e+02
2577	1.118808e+02
2578	1.118239e+02
2579	1.117776e+02
2580	1.117591e+02
2581	1.117831e+02
2582	1.117709e+02
2583	1.118123e+02
2584	1.118013e+02
2585	1.118445e+02
2586	1.118000e+02
2587	1.116838e+02
2588	1.115262e+02
2589	1.113728e+02
2590	1.111432e+02
2591	1.109421e+02
2592	1.107753e+02
2593	1.105784e+02
2594	1.103862e+02
2595	1.101585e+02
2596	1.099303e+02
2597	1.097619e+02
2598	1.095425e+02
2599	1.092739e+02
2600	1.089992e+02
2601	1.086977e+02
2602	1.084466e+02
2603	1.081903e+02
2604	1.078768e+02
2605	1.076286e+02
2606	1.074051e+02
2607	1.072109e+02
2608	1.070333e+02
2609	1.068308e+02
2610	1.066472e+02
2611	1.065181e+02
2612	1.064212e+02
2613	1.064287e+02
2614	1.065252e+02
2615	1.065763e+02
2616	1.066504e+02
2617	1.067353e+02
2618	1.068822e+02
2619	1.070794e+02
2620	1.073322e+02
2621	1.076054e+02
2622	1.079233e+02
2623	1.083087e+02
2624	1.087056e+02
2625	1.091777e+02
2626	1.096822e+02
2627	1.102853e+02
2628	1.109802e+02
2629	1.117276e+02
2630	1.124355e+02
2631	1.130379e+02
2632	1.136484e+02
2633	1.142249e+02
2634	1.148046e+02
2635	1.153836e+02
2636	1.159278e+02
2637	1.163981e+02
2638	1.168160e+02
2639	1.171890e+02
2640	1.175315e+02
2641	1.178221e+02
2642	1.180959e+02
2643	1.183008e+02
2644	1.184182e+02
2645	1.185249e+02
2646	1.185066e+02
2647	1.183671e+02
2648	1.181373e+02
2649	1.178404e+02
2650	1.174054e+02
2651	1.169157e+02
2652	1.163557e+02
2653	1.157905e+02
2654	1.152229e+02
2655	1.146236e+02
2656	1.140690e+02
2657	1.135129e+02
2658	1.129745e+02
2659	1.123834e+02
2660	1.117921e+02
2661	1.112005e+02
2662	1.106507e+02
2663	1.100185e+02
2664	1.094152e+02
2665	1.089316e+02
2666	1.083817e+02
2667	1.078027e+02
2668	1.072302e+02
2669	1.067809e+02
2670	1.064237e+02
2671	1.061229e+02
2672	1.059754e+02
2673	1.059844e+02
2674	1.061094e+02
2675	1.062984e+02
2676	1.065778e+02
2677	1.069712e+02
2678	1.073859e+02
2679	1.078459e+02
2680	1.083201e+02
2681	1.088403e+02
2682	1.093447e+02
2683	1.098705e+02
2684	1.104020e+02
2685	1.109219e+02
2686	1.114039e+02
2687	1.118839e+02
2688	1.123444e+02
2689	1.128218e+02
2690	1.132680e+02
2691	1.137029e+02
2692	1.141411e+02
2693	1.144634e+02
2694	1.148040e+02
2695	1.151291e+02
2696	1.153856e+02
2697	1.156395e+02
2698	1.158576e+02
2699	1.159363e+02
2700	1.159561e+02
2701	1.158800e+02
2702	1.157550e+02
2703	1.156282e+02
2704	1.154464e+02
2705	1.151933e+02
2706	1.149939e+02
2707	1.148115e+02
2708	1.145688e+02
2709	1.142348e+02
2710	1.139825e+02
2711	1.137715e+02
2712	1.135915e+02
2713	1.134162e+02
2714	1.132747e+02
2715	1.131472e+02
2716	1.130141e+02
2717	1.128575e+02
2718	1.127132e+02
2719	1.126248e+02
2720	1.125504e+02
2721	1.125137e+02
2722	1.124810e+02
2723	1.125209e+02
2724	1.125833e+02
2725	1.126372e+02
2726	1.126918e+02
2727	1.127685e+02
2728	1.128427e+02
2729	1.130174e+02
2730	1.131564e+02
2731	1.133579e+02
2732	1.134991e+02
2733	1.135352e+02
2734	1.135536e+02
2735	1.136113e+02
2736	1.136675e+02
2737	1.136762e+02
2738	1.137607e+02
2739	1.138374e+02
2740	1.139087e+02
2741	1.139203e+02
2742	1.139280e+02
2743	1.138855e+02
2744	1.137947e+02
2745	1.137103e+02
2746	1.136623e+02
2747	1.135953e+02
2748	1.133882e+02
2749	1.131588e+02
2750	1.128473e+02
2751	1.124938e+02
2752	1.120520e+02
2753	1.115955e+02
2754	1.111176e+02
2755	1.105860e+02
2756	1.099517e+02
2757	1.093012e+02
2758	1.086433e+02
2759	1.079163e+02
2760	1.073034e+02
2761	1.067316e+02
2762	1.062685e+02
2763	1.058085e+02
2764	1.053515e+02
2765	1.049310e+02
2766	1.045201e+02
2767	1.041403e+02
2768	1.037266e+02
2769	1.033882e+02
2770	1.032006e+02
2771	1.029929e+02
2772	1.028787e+02
2773	1.029604e+02
2774	1.030998e+02
2775	1.032864e+02
2776	1.035374e+02
2777	1.038187e+02
2778	1.041233e+02
2779	1.043559e+02
2780	1.046851e+02
2781	1.050953e+02
2782	1.055672e+02
2783	1.060743e+02
2784	1.066573e+02
2785	1.072625e+02
2786	1.078863e+02
2787	1.085641e+02
2788	1.091469e+02
2789	1.096991e+02
2790	1.102784e+02
2791	1.108096e+02
2792	1.112976e+02
2793	1.117568e+02
2794	1.122413e+02
2795	1.127328e+02
2796	1.132055e+02
2797	1.136631e+02
2798	1.141256e+02
2799	1.145499e+02
2800	1.148457e+02
2801	1.150055e+02
2802	1.151465e+02
2803	1.152841e+02
2804	1.152775e+02
2805	1.153525e+02
2806	1.153861e+02
2807	1.152405e+02
2808	1.150286e+02
2809	1.146918e+02
2810	1.142237e+02
2811	1.135904e+02
2812	1.128568e+02
2813	1.120331e+02
2814	1.111322e+02
2815	1.101618e+02
2816	1.091928e+02
2817	1.082627e+02
2818	1.072453e+02
2819	1.062203e+02
2820	1.051704e+02
2821	1.040470e+02
2822	1.029260e+02
2823	1.017824e+02
2824	1.007665e+02
2825	9.973243e+01
2826	9.881261e+01
2827	9.798450e+01
2828	9.728355e+01
2829	9.665618e+01
2830	9.608125e+01
2831	9.560157e+01
2832	9.521449e+01
2833	9.488956e+01
2834	9.475395e+01
2835	9.475353e+01
2836	9.483090e+01
2837	9.500985e+01
2838	9.533562e+01
2839	9.578272e+01
2840	9.635534e+01
2841	9.695485e+01
2842	9.757485e+01
2843	9.826720e+01
2844	9.905733e+01
2845	9.999108e+01
2846	1.010300e+02
2847	1.020969e+02
2848	1.032194e+02
2849	1.044074e+02
2850	1.055445e+02
2851	1.066900e+02
2852	1.077454e+02
2853	1.087077e+02
2854	1.096335e+02
2855	1.104844e+02
2856	1.112088e+02
2857	1.119011e+02
2858	1.124631e+02
2859	1.128663e+02
2860	1.132021e+02
2861	1.133960e+02
2862	1.134753e+02
2863	1.134348e+02
2864	1.133440e+02
2865	1.131771e+02
2866	1.129460e+02
2867	1.126284e+02
2868	1.122090e+02
2869	1.117793e+02
2870	1.112757e+02
2871	1.107196e+02
2872	1.102143e+02
2873	1.096046e+02
2874	1.090088e+02
2875	1.085070e+02
2876	1.081095e+02
2877	1.077320e+02
2878	1.073967e+02
2879	1.071369e+02
2880	1.068730e+02
2881	1.067130e+02
2882	1.066029e+02
2883	1.065153e+02
2884	1.065546e+02
2885	1.065569e+02
2886	1.066145e+02
2887	1.067625e+02
2888	1.069332e+02
2889	1.071795e+02
2890	1.075220e+02
2891	1.079542e+02
2892	1.084942e+02
2893	1.090042e+02
2894	1.094974e+02
2895	1.099729e+02
2896	1.105507e+02
2897	1.111492e+02
2898	1.116830e+02
2899	1.122345e+02
2900	1.127596e+02
2901	1.132777e+02
2902	1.137425e+02
2903	1.141175e+02
2904	1.145292e+02
2905	1.148611e+02
2906	1.151668e+02
2907	1.154032e+02
2908	1.155706e+02
2909	1.156508e+02
2910	1.156589e+02
2911	1.155583e+02
2912	1.153780e+02
2913	1.151752e+02
2914	1.149018e+02
2915	1.145550e+02
2916	1.141360e+02
2917	1.136057e+02
2918	1.129852e+02
2919	1.123306e+02
2920	1.116532e+02
2921	1.109230e+02
2922	1.101581e+02
2923	1.093942e+02
2924	1.086062e+02
2925	1.077863e+02
2926	1.068726e+02
2927	1.059337e+02
2928	1.049864e+02
2929	1.040561e+02
2930	1.031764e+02
2931	1.023582e+02
2932	1.015665e+02
2933	1.008900e+02
2934	1.002983e+02
2935	9.983064e+01
2936	9.940984e+01
2937	9.912220e+01
2938	9.898975e+01
2939	9.905342e+01
2940	9.926424e+01
2941	9.956178e+01
2942	1.000664e+02
2943	1.006205e+02
2944	1.012508e+02
2945	1.018952e+02
2946	1.025641e+02
2947	1.033855e+02
2948	1.042141e+02
2949	1.050149e+02
2950	1.058347e+02
2951	1.066688e+02
2952	1.075616e+02
2953	1.085003e+02
2954	1.094058e+02
2955	1.103484e+02
2956	1.113284e+02
2957	1.123461e+02
2958	1.133188e+02
2959	1.143318e+02
2960	1.152728e+02
2961	1.161496e+02
2962	1.169412e+02
2963	1.176700e+02
2964	1.183827e+02
2965	1.190252e+02
2966	1.195854e+02
2967	1.199269e+02
2968	1.201794e+02
2969	1.203471e+02
2970	1.203947e+02
2971	1.203255e+02
2972	1.201222e+02
2973	1.197739e+02
2974	1.193094e+02
2975	1.187746e+02
2976	1.181125e+02
2977	1.173864e+02
2978	1.166310e+02
2979	1.158628e+02
2980	1.151750e+02
2981	1.144413e+02
2982	1.137425e+02
2983	1.130958e+02
2984	1.124126e+02
2985	1.117631e+02
2986	1.111229e+02
2987	1.105622e+02
2988	1.099869e+02
2989	1.093871e+02
2990	1.088791e+02
2991	1.083595e+02
2992	1.078714e+02
2993	1.074907e+02
2994	1.070723e+02
2995	1.067227e+02
2996	1.064407e+02
2997	1.061723e+02
2998	1.059650e+02
2999	1.057464e+02
3000	1.055811e+02
3001	1.055213e+02
3002	1.054994e+02
3003	1.055192e+02
3004	1.056156e+02
3005	1.057642e+02
3006	1.059845e+02
3007	1.062283e+02
3008	1.065013e+02
3009	1.067644e+02
3010	1.071605e+02
3011	1.076021e+02
3012	1.080249e+02
3013	1.084872e+02
3014	1.089386e+02
3015	1.093691e+02
3016	1.097980e+02
3017	1.102960e+02
3018	1.107634e+02
3019	1.112947e+02
3020	1.118013e+02
3021	1.122944e+02
3022	1.127762e+02
3023	1.131942e+02
3024	1.135923e+02
3025	1.139512e+02
3026	1.141916e+02
3027	1.143392e+02
3028	1.144960e+02
3029	1.146507e+02
3030	1.147422e+02
3031	1.148536e+02
3032	1.149845e+02
3033	1.150664e+02
3034	1.151237e+02
3035	1.151524e+02
3036	1.151369e+02
3037	1.151920e+02
3038	1.151981e+02
3039	1.151102e+02
3040	1.149351e+02
3041	1.146818e+02
3042	1.143359e+02
3043	1.139097e+02
3044	1.134966e+02
3045	1.130905e+02
3046	1.126397e+02
3047	1.121316e+02
3048	1.115777e+02
3049	1.110152e+02
3050	1.104824e+02
3051	1.099239e+02
3052	1.093971e+02
3053	1.088431e+02
3054	1.083043e+02
3055	1.077587e+02
3056	1.072761e+02
3057	1.068644e+02
3058	1.065273e+02
3059	1.062660e+02
3060	1.060328e+02
3061	1.058615e+02
3062	1.057648e+02
3063	1.057343e+02
3064	1.057251e+02
3065	1.057665e+02
3066	1.058965e+02
3067	1.060343e+02
3068	1.061697e+02
3069	1.063384e+02
3070	1.066243e+02
3071	1.068828e+02
3072	1.072229e+02
3073	1.075075e+02
3074	1.078900e+02
3075	1.082754e+02
3076	1.086142e+02
3077	1.089508e+02
3078	1.093253e+02
3079	1.096505e+02
3080	1.099519e+02
3081	1.102413e+02
3082	1.104588e+02
3083	1.106208e+02
3084	1.106343e+02
3085	1.105715e+02
3086	1.104396e+02
3087	1.102437e+02
3088	1.099800e+02
3089	1.096709e+02
3090	1.093667e+02
3091	1.090491e+02
3092	1.087689e+02
3093	1.084631e+02
3094	1.081600e+02
3095	1.078371e+02
3096	1.074480e+02
3097	1.070074e+02
3098	1.065318e+02
3099	1.060465e+02
3100	1.055777e+02
3101	1.050936e+02
3102	1.046412e+02
3103	1.042341e+02
3104	1.038372e+02
3105	1.034986e+02
3106	1.031848e+02
3107	1.029511e+02
3108	1.027521e+02
3109	1.026183e+02
3110	1.025289e+02
3111	1.025689e+02
3112	1.026019e+02
3113	1.026947e+02
3114	1.029302e+02
3115	1.032328e+02
3116	1.036166e+02
3117	1.040817e+02
3118	1.045655e+02
3119	1.050857e+02
3120	1.055979e+02
3121	1.060716e+02
3122	1.065500e+02
3123	1.069734e+02
3124	1.073915e+02
3125	1.078032e+02
3126	1.082885e+02
3127	1.087550e+02
3128	1.091676e+02
3129	1.095249e+02
3130	1.098519e+02
3131	1.101783e+02
3132	1.104814e+02
3133	1.107417e+02
3134	1.109886e+02
3135	1.111896e+02
3136	1.113323e+02
3137	1.114086e+02
3138	1.113865e+02
3139	1.114088e+02
3140	1.113616e+02
3141	1.112932e+02
3142	1.112157e+02
3143	1.110793e+02
3144	1.109543e+02
3145	1.107867e+02
3146	1.104688e+02
3147	1.100587e+02
3148	1.096536e+02
3149	1.091515e+02
3150	1.087256e+02
3151	1.083220e+02
3152	1.079663e+02
3153	1.075885e+02
3154	1.072863e+02
3155	1.070386e+02
3156	1.068089e+02
3157	1.066372e+02
3158	1.065003e+02
3159	1.064520e+02
3160	1.065091e+02
3161	1.066466e+02
3162	1.068307e+02
3163	1.070742e+02
3164	1.073510e+02
3165	1.076963e+02
3166	1.081479e+02
3167	1.086579e+02
3168	1.092260e+02
3169	1.097959e+02
3170	1.104590e+02
3171	1.111197e+02
3172	1.118190e+02
3173	1.124421e+02
3174	1.130372e+02
3175	1.135916e+02
3176	1.141598e+02
3177	1.147218e+02
3178	1.152494e+02
3179	1.158414e+02
3180	1.164989e+02
3181	1.171039e+02
3182	1.176535e+02
3183	1.182433e+02
3184	1.187955e+02
3185	1.193016e+02
3186	1.197038e+02
3187	1.200437e+02
3188	1.203441e+02
3189	1.204843e+02
3190	1.204936e+02
3191	1.203677e+02
3192	1.201340e+02
3193	1.198051e+02
3194	1.193500e+02
3195	1.187710e+02
3196	1.181335e+02
3197	1.174753e+02
3198	1.168112e+02
3199	1.160914e+02
3200	1.153594e+02
3201	1.145574e+02
3202	1.137723e+02
3203	1.128837e+02
3204	1.119490e+02
3205	1.109646e+02
3206	1.098719e+02
3207	1.087629e+02
3208	1.076220e+02
3209	1.065020e+02
3210	1.053608e+02
3211	1.042713e+02
3212	1.032067e+02
3213	1.022194e+02
3214	1.013431e+02
3215	1.005532e+02
3216	9.986949e+01
3217	9.932216e+01
3218	9.891354e+01
3219	9.863995e+01
3220	9.848011e+01
3221	9.842014e+01
3222	9.845890e+01
3223	9.863033e+01
3224	9.888138e+01
3225	9.929594e+01
3226	9.980034e+01
3227	1.004650e+02
3228	1.012529e+02
3229	1.021416e+02
3230	1.030894e+02
3231	1.041581e+02
3232	1.053048e+02
3233	1.065224e+02
3234	1.077447e+02
3235	1.090529e+02
3236	1.103113e+02
3237	1.115059e+02
3238	1.127045e+02
3239	1.137951e+02
3240	1.148578e+02
3241	1.159092e+02
3242	1.168820e+02
3243	1.177659e+02
3244	1.184801e+02
3245	1.192187e+02
3246	1.198367e+02
3247	1.203514e+02
3248	1.207983e+02
3249	1.211696e+02
3250	1.214328e+02
3251	1.215543e+02
3252	1.216191e+02
3253	1.215757e+02
3254	1.214692e+02
3255	1.213377e+02
3256	1.212203e+02
3257	1.210222e+02
3258	1.207396e+02
3259	1.204173e+02
3260	1.199515e+02
3261	1.195255e+02
3262	1.190771e+02
3263	1.185904e+02
3264	1.181646e+02
3265	1.177281e+02
3266	1.172548e+02
3267	1.168112e+02
3268	1.164004e+02
3269	1.160036e+02
3270	1.156450e+02
3271	1.153223e+02
3272	1.149860e+02
3273	1.146817e+02
3274	1.143548e+02
3275	1.140529e+02
3276	1.137715e+02
3277	1.135179e+02
3278	1.133370e+02
3279	1.131408e+02
3280	1.130048e+02
3281	1.129420e+02
3282	1.129681e+02
3283	1.130245e+02
3284	1.130367e+02
3285	1.130914e+02
3286	1.131869e+02
3287	1.133578e+02
3288	1.135746e+02
3289	1.137943e+02
3290	1.139566e+02
3291	1.141153e+02
3292	1.143066e+02
3293	1.144951e+02
3294	1.146791e+02
3295	1.148170e+02
3296	1.149633e+02
3297	1.151027e+02
3298	1.152926e+02
3299	1.154302e+02
3300	1.154957e+02
3301	1.154277e+02
3302	1.152962e+02
3303	1.150980e+02
3304	1.148644e+02
3305	1.145920e+02
3306	1.142146e+02
3307	1.138541e+02
3308	1.134172e+02
3309	1.129957e+02
3310	1.124433e+02
3311	1.118448e+02
3312	1.112395e+02
3313	1.105540e+02
3314	1.098652e+02
3315	1.091710e+02
3316	1.085729e+02
3317	1.079683e+02
3318	1.074080e+02
3319	1.068874e+02
3320	1.063701e+02
3321	1.059320e+02
3322	1.055335e+02
3323	1.052013e+02
3324	1.048816e+02
3325	1.046069e+02
3326	1.044314e+02
3327	1.043322e+02
3328	1.042757e+02
3329	1.043358e+02
3330	1.044448e+02
3331	1.046359e+02
3332	1.048017e+02
3333	1.050513e+02
3334	1.053408e+02
3335	1.057161e+02
3336	1.061802e+02
3337	1.066538e+02
3338	1.071702e+02
3339	1.077268e+02
3340	1.082156e+02
3341	1.087891e+02
3342	1.093681e+02
3343	1.098836e+02
3344	1.103838e+02
3345	1.109043e+02
3346	1.114555e+02
3347	1.119670e+02
3348	1.124626e+02
3349	1.129652e+02
3350	1.134604e+02
3351	1.139081e+02
3352	1.143200e+02
3353	1.147429e+02
3354	1.151536e+02
3355	1.155148e+02
3356	1.159026e+02
3357	1.163416e+02
3358	1.166214e+02
3359	1.167805e+02
3360	1.168964e+02
3361	1.169300e+02
3362	1.168732e+02
3363	1.166832e+02
3364	1.163966e+02
3365	1.160210e+02
3366	1.155416e+02
3367	1.149754e+02
3368	1.144170e+02
3369	1.138738e+02
3370	1.132758e+02
3371	1.126777e+02
3372	1.121181e+02
3373	1.115270e+02
3374	1.109997e+02
3375	1.104421e+02
3376	1.098741e+02
3377	1.092990e+02
3378	1.087026e+02
3379	1.081164e+02
3380	1.075338e+02
3381	1.069297e+02
3382	1.064304e+02
3383	1.059906e+02
3384	1.056127e+02
3385	1.053216e+02
3386	1.050582e+02
3387	1.048563e+02
3388	1.047223e+02
3389	1.046736e+02
3390	1.047472e+02
3391	1.049595e+02
3392	1.053090e+02
3393	1.056912e+02
3394	1.061286e+02
3395	1.066318e+02
3396	1.071292e+02
3397	1.077230e+02
3398	1.083997e+02
3399	1.090592e+02
3400	1.097844e+02
3401	1.105206e+02
3402	1.113064e+02
3403	1.120748e+02
3404	1.128144e+02
3405	1.135159e+02
3406	1.142601e+02
3407	1.149018e+02
3408	1.154265e+02
3409	1.158654e+02
3410	1.162341e+02
3411	1.165401e+02
3412	1.167421e+02
3413	1.169067e+02
3414	1.170849e+02
3415	1.171363e+02
3416	1.171284e+02
3417	1.170065e+02
3418	1.167560e+02
3419	1.164533e+02
3420	1.161533e+02
3421	1.157369e+02
3422	1.152789e+02
3423	1.148332e+02
3424	1.142695e+02
3425	1.136423e+02
3426	1.129697e+02
3427	1.121894e+02
3428	1.113497e+02
3429	1.104811e+02
3430	1.096587e+02
3431	1.088589e+02
3432	1.080663e+02
3433	1.073214e+02
3434	1.065893e+02
3435	1.059000e+02
3436	1.052691e+02
3437	1.046945e+02
3438	1.041119e+02
3439	1.036219e+02
3440	1.031620e+02
3441	1.027917e+02
3442	1.025632e+02
3443	1.023432e+02
3444	1.021875e+02
3445	1.020259e+02
3446	1.019794e+02
3447	1.020154e+02
3448	1.021805e+02
3449	1.024023e+02
3450	1.027140e+02
3451	1.030288e+02
3452	1.033887e+02
3453	1.038189e+02
3454	1.043571e+02
3455	1.048831e+02
3456	1.055259e+02
3457	1.061562e+02
3458	1.068503e+02
3459	1.075772e+02
3460	1.081560e+02
3461	1.087336e+02
3462	1.092745e+02
3463	1.097708e+02
3464	1.102104e+02
3465	1.105792e+02
3466	1.109385e+02
3467	1.111955e+02
3468	1.113735e+02
3469	1.114839e+02
3470	1.115899e+02
3471	1.116315e+02
3472	1.116431e+02
3473	1.116177e+02
3474	1.115054e+02
3475	1.112543e+02
3476	1.109977e+02
3477	1.107193e+02
3478	1.104340e+02
3479	1.101345e+02
3480	1.098730e+02
3481	1.096596e+02
3482	1.095218e+02
3483	1.093492e+02
3484	1.092736e+02
3485	1.092977e+02
3486	1.092592e+02
3487	1.093204e+02
3488	1.094555e+02
3489	1.096691e+02
3490	1.098902e+02
3491	1.101290e+02
3492	1.104947e+02
3493	1.109073e+02
3494	1.113573e+02
3495	1.119022e+02
3496	1.123645e+02
3497	1.128201e+02
3498	1.133561e+02
3499	1.139241e+02
3500	1.144844e+02
3501	1.150736e+02
3502	1.157144e+02
3503	1.163061e+02
3504	1.168546e+02
3505	1.172492e+02
3506	1.176858e+02
3507	1.180597e+02
3508	1.184126e+02
3509	1.187259e+02
3510	1.190084e+02
3511	1.191967e+02
3512	1.193318e+02
3513	1.194023e+02
3514	1.193279e+02
3515	1.191152e+02
3516	1.188541e+02
3517	1.184801e+02
3518	1.179513e+02
3519	1.173395e+02
3520	1.166197e+02
3521	1.157496e+02
3522	1.147982e+02
3523	1.138039e+02
3524	1.127117e+02
3525	1.116641e+02
3526	1.105836e+02
3527	1.095237e+02
3528	1.084524e+02
3529	1.074336e+02
3530	1.064262e+02
3531	1.054741e+02
3532	1.046086e+02
3533	1.038097e+02
3534	1.031300e+02
3535	1.024778e+02
3536	1.018475e+02
3537	1.013439e+02
3538	1.009226e+02
3539	1.005011e+02
3540	1.001860e+02
3541	1.001012e+02
3542	1.001244e+02
3543	1.002999e+02
3544	1.006482e+02
3545	1.011117e+02
3546	1.017960e+02
3547	1.025710e+02
3548	1.034124e+02
3549	1.043140e+02
3550	1.052326e+02
3551	1.061863e+02
3552	1.071838e+02
3553	1.080352e+02
3554	1.088416e+02
3555	1.096928e+02
3556	1.104099e+02
3557	1.110325e+02
3558	1.116636e+02
3559	1.123168e+02
3560	1.129824e+02
3561	1.136731e+02
3562	1.143800e+02
3563	1.150446e+02
3564	1.156593e+02
3565	1.163367e+02
3566	1.169024e+02
3567	1.174098e+02
3568	1.178504e+02
3569	1.183001e+02
3570	1.185909e+02
3571	1.187790e+02
3572	1.188947e+02
3573	1.189840e+02
3574	1.189988e+02
3575	1.189128e+02
3576	1.188174e+02
3577	1.186726e+02
3578	1.184753e+02
3579	1.182472e+02
3580	1.179452e+02
3581	1.175568e+02
3582	1.170959e+02
3583	1.165979e+02
3584	1.160511e+02
3585	1.154222e+02
3586	1.146908e+02
3587	1.140222e+02
3588	1.133120e+02
3589	1.125641e+02
3590	1.118998e+02
3591	1.113283e+02
3592	1.107319e+02
3593	1.101837e+02
3594	1.096270e+02
3595	1.090710e+02
3596	1.085317e+02
3597	1.080938e+02
3598	1.077260e+02
3599	1.074203e+02
3600	1.071225e+02
3601	1.069130e+02
3602	1.066913e+02
3603	1.065772e+02
3604	1.066609e+02
3605	1.068035e+02
3606	1.070196e+02
3607	1.072557e+02
3608	1.074664e+02
3609	1.076634e+02
3610	1.078710e+02
3611	1.081358e+02
3612	1.084075e+02
3613	1.086631e+02
3614	1.088801e+02
3615	1.090988e+02
3616	1.092578e+02
3617	1.094157e+02
3618	1.095577e+02
3619	1.097281e+02
3620	1.099484e+02
3621	1.101297e+02
3622	1.102991e+02
3623	1.103826e+02
3624	1.104636e+02
3625	1.105442e+02
3626	1.106180e+02
3627	1.107315e+02
3628	1.108811e+02
3629	1.110651e+02
3630	1.112425e+02
3631	1.113288e+02
3632	1.114378e+02
3633	1.114728e+02
3634	1.115070e+02
3635	1.115748e+02
3636	1.116216e+02
3637	1.116728e+02
3638	1.117371e+02
3639	1.118404e+02
3640	1.119546e+02
3641	1.121173e+02
3642	1.123112e+02
3643	1.124841e+02
3644	1.127076e+02
3645	1.128979e+02
3646	1.129195e+02
3647	1.130236e+02
3648	1.131225e+02
3649	1.132239e+02
3650	1.133127e+02
3651	1.134276e+02
3652	1.135201e+02
3653	1.137465e+02
3654	1.140522e+02
3655	1.144401e+02
3656	1.147932e+02
3657	1.151883e+02
3658	1.156002e+02
3659	1.159878e+02
3660	1.163772e+02
3661	1.168241e+02
3662	1.172099e+02
3663	1.175521e+02
3664	1.178374e+02
3665	1.181751e+02
3666	1.184289e+02
3667	1.186775e+02
3668	1.189290e+02
3669	1.192291e+02
3670	1.194753e+02
3671	1.196229e+02
3672	1.196533e+02
3673	1.196286e+02
3674	1.195832e+02
3675	1.194687e+02
3676	1.192753e+02
3677	1.189927e+02
3678	1.185255e+02
3679	1.180544e+02
3680	1.174804e+02
3681	1.168174e+02
3682	1.160679e+02
3683	1.152877e+02
3684	1.144117e+02
3685	1.135617e+02
3686	1.127340e+02
3687	1.118696e+02
3688	1.109464e+02
3689	1.100503e+02
3690	1.090981e+02
3691	1.081891e+02
3692	1.073224e+02
3693	1.065111e+02
3694	1.057640e+02
3695	1.050540e+02
3696	1.043446e+02
3697	1.037303e+02
3698	1.031390e+02
3699	1.026006e+02
3700	1.021613e+02
3701	1.017002e+02
3702	1.013402e+02
3703	1.010003e+02
3704	1.008059e+02
3705	1.007014e+02
3706	1.006678e+02
3707	1.006897e+02
3708	1.007709e+02
3709	1.009030e+02
3710	1.011390e+02
3711	1.015209e+02
3712	1.020294e+02
3713	1.026338e+02
3714	1.033395e+02
3715	1.041179e+02
3716	1.050456e+02
3717	1.060355e+02
3718	1.070602e+02
3719	1.081388e+02
3720	1.092696e+02
3721	1.104825e+02
3722	1.115952e+02
3723	1.127199e+02
3724	1.137096e+02
3725	1.147070e+02
3726	1.154997e+02
3727	1.162141e+02
3728	1.167985e+02
3729	1.172592e+02
3730	1.176678e+02
3731	1.180060e+02
3732	1.183485e+02
3733	1.186532e+02
3734	1.188659e+02
3735	1.189636e+02
3736	1.188950e+02
3737	1.187001e+02
3738	1.184425e+02
3739	1.180900e+02
3740	1.177132e+02
3741	1.172164e+02
3742	1.166306e+02
3743	1.160013e+02
3744	1.153216e+02
3745	1.145844e+02
3746	1.138299e+02
3747	1.130650e+02
3748	1.123506e+02
3749	1.116760e+02
3750	1.110669e+02
3751	1.105273e+02
3752	1.098949e+02
3753	1.092197e+02
3754	1.085640e+02
3755	1.078827e+02
3756	1.072386e+02
3757	1.067055e+02
3758	1.061225e+02
3759	1.055684e+02
3760	1.050168e+02
3761	1.045016e+02
3762	1.039992e+02
3763	1.035245e+02
3764	1.030865e+02
3765	1.026644e+02
3766	1.023264e+02
3767	1.020921e+02
3768	1.018893e+02
3769	1.018084e+02
3770	1.017674e+02
3771	1.017384e+02
3772	1.017293e+02
3773	1.017695e+02
3774	1.018689e+02
3775	1.020189e+02
3776	1.023442e+02
3777	1.026743e+02
3778	1.030574e+02
3779	1.034146e+02
3780	1.037938e+02
3781	1.042202e+02
3782	1.046456e+02
3783	1.050756e+02
3784	1.054123e+02
3785	1.057491e+02
3786	1.061093e+02
3787	1.064391e+02
3788	1.067251e+02
3789	1.069779e+02
3790	1.073138e+02
3791	1.075343e+02
3792	1.075720e+02
3793	1.075966e+02
3794	1.075829e+02
3795	1.075718e+02
3796	1.075020e+02
3797	1.074503e+02
3798	1.073756e+02
3799	1.072186e+02
3800	1.070875e+02
3801	1.069424e+02
3802	1.067379e+02
3803	1.064925e+02
3804	1.062619e+02
3805	1.059381e+02
3806	1.055995e+02
3807	1.052884e+02
3808	1.050020e+02
3809	1.047399e+02
3810	1.045428e+02
3811	1.043824e+02
3812	1.041746e+02
3813	1.040204e+02
3814	1.038566e+02
3815	1.037542e+02
3816	1.036557e+02
3817	1.035755e+02
3818	1.035163e+02
3819	1.035936e+02
3820	1.036635e+02
3821	1.037502e+02
3822	1.038974e+02
3823	1.040489e+02
3824	1.042919e+02
3825	1.045859e+02
3826	1.049580e+02
3827	1.054051e+02
3828	1.058132e+02
3829	1.062308e+02
3830	1.066237e+02
3831	1.069575e+02
3832	1.072581e+02
3833	1.075228e+02
3834	1.077475e+02
3835	1.079121e+02
3836	1.080371e+02
3837	1.081457e+02
3838	1.082464e+02
3839	1.082284e+02
3840	1.081076e+02
3841	1.079058e+02
3842	1.077215e+02
3843	1.075119e+02
3844	1.072657e+02
3845	1.070238e+02
3846	1.068271e+02
3847	1.066847e+02
3848	1.065352e+02
3849	1.064379e+02
3850	1.063054e+02
3851	1.062090e+02
3852	1.061079e+02
3853	1.059988e+02
3854	1.058498e+02
3855	1.057244e+02
3856	1.055709e+02
3857	1.053559e+02
3858	1.051025e+02
3859	1.049124e+02
3860	1.047906e+02
3861	1.047497e+02
3862	1.047083e+02
3863	1.046958e+02
3864	1.047516e+02
3865	1.047383e+02
3866	1.047025e+02
3867	1.047553e+02
3868	1.048946e+02
3869	1.051024e+02
3870	1.052779e+02
3871	1.055745e+02
3872	1.059612e+02
3873	1.063903e+02
3874	1.068304e+02
3875	1.073200e+02
3876	1.077697e+02
3877	1.082134e+02
3878	1.086409e+02
3879	1.090599e+02
3880	1.094949e+02
3881	1.099184e+02
3882	1.103081e+02
3883	1.107452e+02
3884	1.111538e+02
3885	1.116246e+02
3886	1.120159e+02
3887	1.124790e+02
3888	1.129171e+02
3889	1.132859e+02
3890	1.136570e+02
3891	1.139773e+02
3892	1.142243e+02
3893	1.144549e+02
3894	1.145616e+02
3895	1.146129e+02
3896	1.145662e+02
3897	1.144877e+02
3898	1.143945e+02
3899	1.142738e+02
3900	1.140664e+02
3901	1.138565e+02
3902	1.136662e+02
3903	1.133557e+02
3904	1.129932e+02
3905	1.125390e+02
3906	1.120474e+02
3907	1.114253e+02
3908	1.107651e+02
3909	1.101397e+02
3910	1.094662e+02
3911	1.087071e+02
3912	1.079103e+02
3913	1.071661e+02
3914	1.064182e+02
3915	1.056223e+02
3916	1.049078e+02
3917	1.042085e+02
3918	1.035792e+02
3919	1.029996e+02
3920	1.023976e+02
3921	1.017990e+02
3922	1.012617e+02
3923	1.007665e+02
3924	1.003178e+02
3925	9.990262e+01
3926	9.964627e+01
3927	9.941346e+01
3928	9.933815e+01
3929	9.930031e+01
3930	9.931475e+01
3931	9.941517e+01
3932	9.956089e+01
3933	9.977305e+01
3934	1.001259e+02
3935	1.005751e+02
3936	1.010644e+02
3937	1.016241e+02
3938	1.023222e+02
3939	1.030546e+02
3940	1.038101e+02
3941	1.046512e+02
3942	1.055597e+02
3943	1.064574e+02
3944	1.073518e+02
3945	1.082012e+02
3946	1.090049e+02
3947	1.098644e+02
3948	1.107651e+02
3949	1.117398e+02
3950	1.126798e+02
3951	1.136423e+02
3952	1.146495e+02
3953	1.156465e+02
3954	1.165769e+02
3955	1.174164e+02
3956	1.182191e+02
3957	1.189726e+02
3958	1.196180e+02
3959	1.201164e+02
3960	1.205706e+02
3961	1.209321e+02
3962	1.212179e+02
3963	1.214529e+02
3964	1.216776e+02
3965	1.218265e+02
3966	1.218594e+02
3967	1.217799e+02
3968	1.215987e+02
3969	1.213619e+02
3970	1.211572e+02
3971	1.208690e+02
3972	1.205407e+02
3973	1.201611e+02
3974	1.197570e+02
3975	1.193641e+02
3976	1.189082e+02
3977	1.183442e+02
3978	1.177247e+02
3979	1.170888e+02
3980	1.164705e+02
3981	1.158003e+02
3982	1.151292e+02
3983	1.144834e+02
3984	1.139157e+02
3985	1.133963e+02
3986	1.129179e+02
3987	1.125182e+02
3988	1.121788e+02
3989	1.117863e+02
3990	1.114683e+02
3991	1.111400e+02
3992	1.107582e+02
3993	1.103182e+02
3994	1.098359e+02
3995	1.093716e+02
3996	1.089447e+02
3997	1.085437e+02
3998	1.081591e+02
3999	1.078448e+02
4000	1.076107e+02
4001	1.074191e+02
4002	1.072457e+02
4003	1.070805e+02
4004	1.070215e+02
4005	1.070226e+02
4006	1.070710e+02
4007	1.071150e+02
4008	1.071537e+02
4009	1.072083e+02
4010	1.072134e+02
4011	1.072145e+02
4012	1.072647e+02
4013	1.073357e+02
4014	1.074132e+02
4015	1.075401e+02
4016	1.077093e+02
4017	1.079400e+02
4018	1.081638e+02
4019	1.083329e+02
4020	1.084832e+02
4021	1.086412e+02
4022	1.087570e+02
4023	1.088164e+02
4024	1.088302e+02
4025	1.088612e+02
4026	1.088779e+02
4027	1.089166e+02
4028	1.089399e+02
4029	1.090255e+02
4030	1.090927e+02
4031	1.091498e+02
4032	1.092173e+02
4033	1.093302e+02
4034	1.094367e+02
4035	1.096219e+02
4036	1.097678e+02
4037	1.099362e+02
4038	1.101318e+02
4039	1.104118e+02
4040	1.106926e+02
4041	1.109651e+02
4042	1.112842e+02
4043	1.115130e+02
4044	1.117041e+02
4045	1.119105e+02
4046	1.121462e+02
4047	1.123516e+02
4048	1.125571e+02
4049	1.128155e+02
4050	1.130908e+02
4051	1.133520e+02
4052	1.135731e+02
4053	1.137859e+02
4054	1.139878e+02
4055	1.141413e+02
4056	1.142551e+02
4057	1.143595e+02
4058	1.144985e+02
4059	1.145570e+02
4060	1.145614e+02
4061	1.145920e+02
4062	1.144896e+02
4063	1.143499e+02
4064	1.141250e+02
4065	1.137759e+02
4066	1.133548e+02
4067	1.128438e+02
4068	1.122145e+02
4069	1.115174e+02
4070	1.107370e+02
4071	1.099778e+02
4072	1.092188e+02
4073	1.083748e+02
4074	1.075844e+02
4075	1.067023e+02
4076	1.057980e+02
4077	1.049041e+02
4078	1.039681e+02
4079	1.031224e+02
4080	1.023156e+02
4081	1.015311e+02
4082	1.008059e+02
4083	1.001293e+02
4084	9.953274e+01
4085	9.900881e+01
4086	9.854947e+01
4087	9.814068e+01
4088	9.783513e+01
4089	9.761931e+01
4090	9.753569e+01
4091	9.751424e+01
4092	9.756360e+01
4093	9.769871e+01
4094	9.786555e+01
4095	9.815075e+01
4096	9.846712e+01
4097	9.890350e+01
4098	9.938195e+01
4099	9.999400e+01
4100	1.006467e+02
4101	1.014196e+02
4102	1.021584e+02
4103	1.028762e+02
4104	1.036438e+02
4105	1.043367e+02
4106	1.050486e+02
4107	1.057371e+02
4108	1.064860e+02
4109	1.072498e+02
4110	1.079650e+02
4111	1.086338e+02
4112	1.093173e+02
4113	1.099538e+02
4114	1.105322e+02
4115	1.110233e+02
4116	1.114650e+02
4117	1.118568e+02
4118	1.121740e+02
4119	1.125390e+02
4120	1.128047e+02
4121	1.129978e+02
4122	1.131926e+02
4123	1.133244e+02
4124	1.133895e+02
4125	1.133555e+02
4126	1.132882e+02
4127	1.131004e+02
4128	1.129521e+02
4129	1.126669e+02
4130	1.124972e+02
4131	1.122892e+02
4132	1.120176e+02
4133	1.117802e+02
4134	1.115149e+02
4135	1.112486e+02
4136	1.110174e+02
4137	1.107454e+02
4138	1.104734e+02
4139	1.101395e+02
4140	1.098032e+02
4141	1.094938e+02
4142	1.091551e+02
4143	1.088774e+02
4144	1.086651e+02
4145	1.084462e+02
4146	1.081935e+02
4147	1.080999e+02
4148	1.080522e+02
4149	1.080504e+02
4150	1.079270e+02
4151	1.078819e+02
4152	1.079256e+02
4153	1.079654e+02
4154	1.080045e+02
4155	1.080217e+02
4156	1.080421e+02
4157	1.080013e+02
4158	1.079729e+02
4159	1.078892e+02
4160	1.078265e+02
4161	1.078265e+02
4162	1.077998e+02
4163	1.077839e+02
4164	1.078523e+02
4165	1.080024e+02
4166	1.081837e+02
4167	1.083330e+02
4168	1.083575e+02
4169	1.083805e+02
4170	1.082165e+02
4171	1.080648e+02
4172	1.079966e+02
4173	1.078393e+02
4174	1.076625e+02
4175	1.074444e+02
4176	1.072357e+02
4177	1.070428e+02
4178	1.069048e+02
4179	1.067867e+02
4180	1.066858e+02
4181	1.065354e+02
4182	1.063867e+02
4183	1.062962e+02
4184	1.062121e+02
4185	1.062486e+02
4186	1.063414e+02
4187	1.064889e+02
4188	1.066792e+02
4189	1.069168e+02
4190	1.071714e+02
4191	1.073959e+02
4192	1.076170e+02
4193	1.078866e+02
4194	1.081865e+02
4195	1.085010e+02
4196	1.087758e+02
4197	1.090371e+02
4198	1.093492e+02
4199	1.096237e+02
4200	1.099344e+02
4201	1.102704e+02
4202	1.105785e+02
4203	1.108661e+02
4204	1.111599e+02
4205	1.114231e+02
4206	1.116944e+02
4207	1.119717e+02
4208	1.122530e+02
4209	1.125340e+02
4210	1.127432e+02
4211	1.129228e+02
4212	1.130526e+02
4213	1.132162e+02
4214	1.133642e+02
4215	1.135212e+02
4216	1.135801e+02
4217	1.136461e+02
4218	1.136767e+02
4219	1.137000e+02
4220	1.136152e+02
4221	1.135013e+02
4222	1.134025e+02
4223	1.132850e+02
4224	1.131240e+02
4225	1.129487e+02
4226	1.127885e+02
4227	1.125631e+02
4228	1.122450e+02
4229	1.119680e+02
4230	1.117407e+02
4231	1.115046e+02
4232	1.112277e+02
4233	1.109292e+02
4234	1.105580e+02
4235	1.101088e+02
4236	1.095688e+02
4237	1.090837e+02
4238	1.086385e+02
4239	1.081837e+02
4240	1.077198e+02
4241	1.073033e+02
4242	1.069776e+02
4243	1.066858e+02
4244	1.063785e+02
4245	1.060250e+02
4246	1.056621e+02
4247	1.052582e+02
4248	1.048673e+02
4249	1.044780e+02
4250	1.041650e+02
4251	1.039859e+02
4252	1.038489e+02
4253	1.037542e+02
4254	1.036660e+02
4255	1.036255e+02
4256	1.036311e+02
4257	1.036359e+02
4258	1.037419e+02
4259	1.038736e+02
4260	1.040655e+02
4261	1.042441e+02
4262	1.044214e+02
4263	1.045288e+02
4264	1.045998e+02
4265	1.047348e+02
4266	1.048994e+02
4267	1.051271e+02
4268	1.053391e+02
4269	1.055710e+02
4270	1.058230e+02
4271	1.060282e+02
4272	1.062927e+02
4273	1.065527e+02
4274	1.068172e+02
4275	1.070198e+02
4276	1.072043e+02
4277	1.074956e+02
4278	1.078722e+02
4279	1.082211e+02
4280	1.086739e+02
4281	1.091331e+02
4282	1.095502e+02
4283	1.099770e+02
4284	1.103392e+02
4285	1.107479e+02
4286	1.111496e+02
4287	1.115796e+02
4288	1.119631e+02
4289	1.123917e+02
4290	1.127871e+02
4291	1.131602e+02
4292	1.135797e+02
4293	1.139917e+02
4294	1.143967e+02
4295	1.147582e+02
4296	1.150809e+02
4297	1.154788e+02
4298	1.159265e+02
4299	1.162763e+02
4300	1.165181e+02
4301	1.167835e+02
4302	1.170145e+02
4303	1.171719e+02
4304	1.172956e+02
4305	1.173349e+02
4306	1.174585e+02
4307	1.175548e+02
4308	1.176203e+02
4309	1.176330e+02
4310	1.175944e+02
4311	1.175871e+02
4312	1.175753e+02
4313	1.175342e+02
4314	1.174688e+02
4315	1.173014e+02
4316	1.170584e+02
4317	1.167544e+02
4318	1.164589e+02
4319	1.161646e+02
4320	1.157752e+02
4321	1.154217e+02
4322	1.150950e+02
4323	1.147637e+02
4324	1.144409e+02
4325	1.140716e+02
4326	1.136353e+02
4327	1.131196e+02
4328	1.125026e+02
4329	1.117788e+02
4330	1.110747e+02
4331	1.103547e+02
4332	1.097451e+02
4333	1.092334e+02
4334	1.087543e+02
4335	1.082935e+02
4336	1.078692e+02
4337	1.073943e+02
4338	1.069282e+02
4339	1.065574e+02
4340	1.062253e+02
4341	1.059036e+02
4342	1.056146e+02
4343	1.053330e+02
4344	1.050566e+02
4345	1.047780e+02
4346	1.045895e+02
4347	1.044203e+02
4348	1.042300e+02
4349	1.040858e+02
4350	1.039706e+02
4351	1.038209e+02
4352	1.036782e+02
4353	1.035354e+02
4354	1.034943e+02
4355	1.034672e+02
4356	1.034456e+02
4357	1.035206e+02
4358	1.036238e+02
4359	1.037093e+02
4360	1.038083e+02
4361	1.039489e+02
4362	1.040630e+02
4363	1.041186e+02
4364	1.041438e+02
4365	1.041844e+02
4366	1.042494e+02
4367	1.043949e+02
4368	1.046397e+02
4369	1.049081e+02
4370	1.052124e+02
4371	1.055963e+02
4372	1.060254e+02
4373	1.064852e+02
4374	1.069533e+02
4375	1.073513e+02
4376	1.077998e+02
4377	1.083319e+02
4378	1.089191e+02
4379	1.095821e+02
4380	1.103386e+02
4381	1.111318e+02
4382	1.118881e+02
4383	1.126545e+02
4384	1.134256e+02
4385	1.141094e+02
4386	1.148607e+02
4387	1.156077e+02
4388	1.163222e+02
4389	1.169675e+02
4390	1.175792e+02
4391	1.181189e+02
4392	1.185641e+02
4393	1.190008e+02
4394	1.193411e+02
4395	1.196331e+02
4396	1.198169e+02
4397	1.199234e+02
4398	1.199156e+02
4399	1.197757e+02
4400	1.195940e+02
4401	1.193148e+02
4402	1.188932e+02
4403	1.183841e+02
4404	1.177685e+02
4405	1.170685e+02
4406	1.163675e+02
4407	1.156361e+02
4408	1.149287e+02
4409	1.141584e+02
4410	1.133863e+02
4411	1.124524e+02
4412	1.116427e+02
4413	1.108025e+02
4414	1.099690e+02
4415	1.091439e+02
4416	1.082908e+02
4417	1.075253e+02
4418	1.068219e+02
4419	1.061361e+02
4420	1.055093e+02
4421	1.049386e+02
4422	1.044499e+02
4423	1.040537e+02
4424	1.037785e+02
4425	1.036327e+02
4426	1.035400e+02
4427	1.035594e+02
4428	1.035945e+02
4429	1.037737e+02
4430	1.039613e+02
4431	1.042394e+02
4432	1.045272e+02
4433	1.048538e+02
4434	1.052358e+02
4435	1.055986e+02
4436	1.060443e+02
4437	1.065087e+02
4438	1.069665e+02
4439	1.073863e+02
4440	1.078551e+02
4441	1.083500e+02
4442	1.087750e+02
4443	1.091908e+02
4444	1.095538e+02
4445	1.099246e+02
4446	1.103035e+02
4447	1.105891e+02
4448	1.108742e+02
4449	1.111790e+02
4450	1.114079e+02
4451	1.115460e+02
4452	1.116415e+02
4453	1.116958e+02
4454	1.117393e+02
4455	1.118083e+02
4456	1.118898e+02
4457	1.119038e+02
4458	1.118826e+02
4459	1.118672e+02
4460	1.117666e+02
4461	1.117155e+02
4462	1.116824e+02
4463	1.116046e+02
4464	1.114891e+02
4465	1.114151e+02
4466	1.113644e+02
4467	1.113041e+02
4468	1.111838e+02
4469	1.111717e+02
4470	1.111468e+02
4471	1.111568e+02
4472	1.112076e+02
4473	1.112725e+02
4474	1.113637e+02
4475	1.114966e+02
4476	1.116240e+02
4477	1.117809e+02
4478	1.119240e+02
4479	1.120994e+02
4480	1.123889e+02
4481	1.126407e+02
4482	1.129048e+02
4483	1.132340e+02
4484	1.136148e+02
4485	1.139707e+02
4486	1.143161e+02
4487	1.147200e+02
4488	1.150579e+02
4489	1.153894e+02
4490	1.156671e+02
4491	1.158806e+02
4492	1.160336e+02
4493	1.161406e+02
4494	1.162498e+02
4495	1.163640e+02
4496	1.164053e+02
4497	1.163775e+02
4498	1.163293e+02
4499	1.161880e+02
4500	1.160093e+02
4501	1.157900e+02
4502	1.155890e+02
4503	1.153895e+02
4504	1.151330e+02
4505	1.148212e+02
4506	1.145988e+02
4507	1.143780e+02
4508	1.141846e+02
4509	1.139068e+02
4510	1.136259e+02
4511	1.133108e+02
4512	1.129914e+02
4513	1.126522e+02
4514	1.122816e+02
4515	1.119800e+02
4516	1.117046e+02
4517	1.114187e+02
4518	1.110805e+02
4519	1.107791e+02
4520	1.104579e+02
4521	1.101699e+02
4522	1.099134e+02
4523	1.097120e+02
4524	1.095295e+02
4525	1.093791e+02
4526	1.093175e+02
4527	1.092594e+02
4528	1.091666e+02
4529	1.090873e+02
4530	1.089046e+02
4531	1.087493e+02
4532	1.086128e+02
4533	1.084574e+02
4534	1.083066e+02
4535	1.081564e+02
4536	1.080485e+02
4537	1.079335e+02
4538	1.077460e+02
4539	1.075320e+02
4540	1.073743e+02
4541	1.071665e+02
4542	1.070018e+02
4543	1.068393e+02
4544	1.066981e+02
4545	1.066182e+02
4546	1.065586e+02
4547	1.064753e+02
4548	1.063490e+02
4549	1.062054e+02
4550	1.060606e+02
4551	1.060134e+02
4552	1.058946e+02
4553	1.057829e+02
4554	1.057093e+02
4555	1.056644e+02
4556	1.056111e+02
4557	1.056366e+02
4558	1.057069e+02
4559	1.058448e+02
4560	1.059304e+02
4561	1.059878e+02
4562	1.060468e+02
4563	1.060635e+02
4564	1.061271e+02
4565	1.062414e+02
4566	1.062991e+02
4567	1.064397e+02
4568	1.065238e+02
4569	1.066101e+02
4570	1.066319e+02
4571	1.066055e+02
4572	1.066243e+02
4573	1.066743e+02
4574	1.067245e+02
4575	1.066798e+02
4576	1.066948e+02
4577	1.066953e+02
4578	1.067336e+02
4579	1.067898e+02
4580	1.068689e+02
4581	1.070123e+02
4582	1.071405e+02
4583	1.072964e+02
4584	1.074384e+02
4585	1.075457e+02
4586	1.075968e+02
4587	1.076190e+02
4588	1.076848e+02
4589	1.077287e+02
4590	1.077548e+02
4591	1.077966e+02
4592	1.078014e+02
4593	1.077681e+02
4594	1.077140e+02
4595	1.076718e+02
4596	1.076713e+02
4597	1.076642e+02
4598	1.076341e+02
4599	1.076048e+02
4600	1.075442e+02
4601	1.074407e+02
4602	1.073245e+02
4603	1.072562e+02
4604	1.072116e+02
4605	1.071485e+02
4606	1.070676e+02
4607	1.070419e+02
4608	1.069498e+02
4609	1.068655e+02
4610	1.066914e+02
4611	1.064875e+02
4612	1.062112e+02
4613	1.059670e+02
4614	1.056880e+02
4615	1.054588e+02
4616	1.051206e+02
4617	1.047515e+02
4618	1.043938e+02
4619	1.040906e+02
4620	1.039193e+02
4621	1.037641e+02
4622	1.035678e+02
4623	1.034208e+02
4624	1.033292e+02
4625	1.032726e+02
4626	1.033065e+02
4627	1.033866e+02
4628	1.035352e+02
4629	1.036633e+02
4630	1.038636e+02
4631	1.040857e+02
4632	1.043463e+02
4633	1.046185e+02
4634	1.049061e+02
4635	1.052613e+02
4636	1.056310e+02
4637	1.060256e+02
4638	1.063768e+02
4639	1.067874e+02
4640	1.071639e+02
4641	1.076142e+02
4642	1.080322e+02
4643	1.084502e+02
4644	1.088378e+02
4645	1.091906e+02
4646	1.095379e+02
4647	1.098658e+02
4648	1.101188e+02
4649	1.103916e+02
4650	1.106250e+02
4651	1.108570e+02
4652	1.110830e+02
4653	1.113073e+02
4654	1.114854e+02
4655	1.115992e+02
4656	1.117007e+02
4657	1.117446e+02
4658	1.117421e+02
4659	1.117436e+02
4660	1.117153e+02
4661	1.116203e+02
4662	1.115299e+02
4663	1.114133e+02
4664	1.112300e+02
4665	1.110487e+02
4666	1.107470e+02
4667	1.104332e+02
4668	1.100428e+02
4669	1.096042e+02
4670	1.090860e+02
4671	1.086288e+02
4672	1.080651e+02
4673	1.075709e+02
4674	1.070085e+02
4675	1.064613e+02
4676	1.059059e+02
4677	1.053940e+02
4678	1.049524e+02
4679	1.045655e+02
4680	1.042782e+02
4681	1.040443e+02
4682	1.038914e+02
4683	1.037666e+02
4684	1.036057e+02
4685	1.034668e+02
4686	1.033673e+02
4687	1.032795e+02
4688	1.032754e+02
4689	1.033381e+02
4690	1.033714e+02
4691	1.033938e+02
4692	1.034549e+02
4693	1.035287e+02
4694	1.036151e+02
4695	1.037611e+02
4696	1.039547e+02
4697	1.041638e+02
4698	1.043611e+02
4699	1.045969e+02
4700	1.049032e+02
4701	1.052792e+02
4702	1.056991e+02
4703	1.061465e+02
4704	1.066584e+02
4705	1.071761e+02
4706	1.076807e+02
4707	1.082313e+02
4708	1.087657e+02
4709	1.093363e+02
4710	1.099733e+02
4711	1.105666e+02
4712	1.111792e+02
4713	1.117049e+02
4714	1.121037e+02
4715	1.125714e+02
4716	1.130128e+02
4717	1.133120e+02
4718	1.135085e+02
4719	1.136868e+02
4720	1.137647e+02
4721	1.138203e+02
4722	1.138687e+02
4723	1.138853e+02
4724	1.138072e+02
4725	1.136466e+02
4726	1.134120e+02
4727	1.131517e+02
4728	1.129371e+02
4729	1.127022e+02
4730	1.123651e+02
4731	1.119732e+02
4732	1.114413e+02
4733	1.108296e+02
4734	1.102531e+02
4735	1.096874e+02
4736	1.091323e+02
4737	1.085298e+02
4738	1.079698e+02
4739	1.075356e+02
4740	1.071862e+02
4741	1.068592e+02
4742	1.065420e+02
4743	1.062132e+02
4744	1.058779e+02
4745	1.056446e+02
4746	1.053875e+02
4747	1.051493e+02
4748	1.049700e+02
4749	1.048768e+02
4750	1.049041e+02
4751	1.050046e+02
4752	1.051339e+02
4753	1.053324e+02
4754	1.055014e+02
4755	1.056205e+02
4756	1.057368e+02
4757	1.058808e+02
4758	1.061316e+02
4759	1.064881e+02
4760	1.068403e+02
4761	1.071591e+02
4762	1.075309e+02
4763	1.080538e+02
4764	1.085573e+02
4765	1.091352e+02
4766	1.097472e+02
4767	1.103302e+02
4768	1.108260e+02
4769	1.112767e+02
4770	1.117291e+02
4771	1.120749e+02
4772	1.122716e+02
4773	1.123749e+02
4774	1.124326e+02
4775	1.124243e+02
4776	1.124232e+02
4777	1.124015e+02
4778	1.122479e+02
4779	1.120665e+02
4780	1.118460e+02
4781	1.115755e+02
4782	1.112074e+02
4783	1.107872e+02
4784	1.104541e+02
4785	1.101543e+02
4786	1.098455e+02
4787	1.095923e+02
4788	1.093212e+02
4789	1.090126e+02
4790	1.086541e+02
4791	1.083144e+02
4792	1.080776e+02
4793	1.078595e+02
4794	1.077189e+02
4795	1.077089e+02
4796	1.076319e+02
4797	1.075831e+02
4798	1.075098e+02
4799	1.074459e+02
4800	1.073453e+02
4801	1.072613e+02
4802	1.072025e+02
4803	1.071735e+02
4804	1.071557e+02
4805	1.071579e+02
4806	1.072566e+02
4807	1.073964e+02
4808	1.075366e+02
4809	1.077404e+02
4810	1.079557e+02
4811	1.081910e+02
4812	1.084119e+02
4813	1.086389e+02
4814	1.088364e+02
4815	1.090074e+02
4816	1.091221e+02
4817	1.091424e+02
4818	1.091852e+02
4819	1.092056e+02
4820	1.091483e+02
4821	1.091515e+02
4822	1.091110e+02
4823	1.090338e+02
4824	1.088913e+02
4825	1.087100e+02
4826	1.085291e+02
4827	1.082907e+02
4828	1.080589e+02
4829	1.078044e+02
4830	1.075853e+02
4831	1.073306e+02
4832	1.069800e+02
4833	1.067770e+02
4834	1.065864e+02
4835	1.063886e+02
4836	1.062829e+02
4837	1.062564e+02
4838	1.062633e+02
4839	1.062832e+02
4840	1.063762e+02
4841	1.065163e+02
4842	1.066985e+02
4843	1.068736e+02
4844	1.071222e+02
4845	1.074607e+02
4846	1.078968e+02
4847	1.084106e+02
4848	1.089720e+02
4849	1.095428e+02
4850	1.101569e+02
4851	1.107003e+02
4852	1.112132e+02
4853	1.116744e+02
4854	1.120042e+02
4855	1.122431e+02
4856	1.124067e+02
4857	1.125697e+02
4858	1.127222e+02
4859	1.129109e+02
4860	1.130285e+02
4861	1.131035e+02
4862	1.131923e+02
4863	1.132381e+02
4864	1.133024e+02
4865	1.133908e+02
4866	1.135110e+02
4867	1.136458e+02
4868	1.137819e+02
4869	1.138652e+02
4870	1.140121e+02
4871	1.141318e+02
4872	1.142076e+02
4873	1.142872e+02
4874	1.143682e+02
4875	1.143629e+02
4876	1.142577e+02
4877	1.141826e+02
4878	1.140999e+02
4879	1.139919e+02
4880	1.138475e+02
4881	1.136367e+02
4882	1.133848e+02
4883	1.131394e+02
4884	1.128677e+02
4885	1.125263e+02
4886	1.121523e+02
4887	1.118061e+02
4888	1.114798e+02
4889	1.111275e+02
4890	1.107678e+02
4891	1.104287e+02
4892	1.101180e+02
4893	1.097891e+02
4894	1.094142e+02
4895	1.090493e+02
4896	1.086539e+02
4897	1.082333e+02
4898	1.078476e+02
4899	1.075145e+02
4900	1.071411e+02
4901	1.068256e+02
4902	1.065129e+02
4903	1.060943e+02
4904	1.057294e+02
4905	1.052697e+02
4906	1.048822e+02
4907	1.045373e+02
4908	1.042127e+02
4909	1.039127e+02
4910	1.035254e+02
4911	1.031801e+02
4912	1.029077e+02
4913	1.026709e+02
4914	1.024784e+02
4915	1.023326e+02
4916	1.022809e+02
4917	1.023259e+02
4918	1.024377e+02
4919	1.026329e+02
4920	1.028541e+02
4921	1.029877e+02
4922	1.030890e+02
4923	1.032247e+02
4924	1.034141e+02
4925	1.035740e+02
4926	1.038030e+02
4927	1.040577e+02
4928	1.043978e+02
4929	1.047998e+02
4930	1.052595e+02
4931	1.058524e+02
4932	1.065004e+02
4933	1.071696e+02
4934	1.078277e+02
4935	1.084623e+02
4936	1.091240e+02
4937	1.097936e+02
4938	1.103984e+02
4939	1.109809e+02
4940	1.114930e+02
4941	1.119281e+02
4942	1.123124e+02
4943	1.125963e+02
4944	1.126822e+02
4945	1.126783e+02
4946	1.126573e+02
4947	1.125412e+02
4948	1.123299e+02
4949	1.120301e+02
4950	1.116697e+02
4951	1.113732e+02
4952	1.110212e+02
4953	1.106334e+02
4954	1.102487e+02
4955	1.098357e+02
4956	1.093515e+02
4957	1.088272e+02
4958	1.081995e+02
4959	1.075811e+02
4960	1.070041e+02
4961	1.065065e+02
4962	1.060255e+02
4963	1.055800e+02
4964	1.052474e+02
4965	1.048792e+02
4966	1.045441e+02
4967	1.043040e+02
4968	1.041420e+02
4969	1.040361e+02
4970	1.040143e+02
4971	1.040251e+02
4972	1.040068e+02
4973	1.040808e+02
4974	1.041954e+02
4975	1.043838e+02
4976	1.045590e+02
4977	1.048600e+02
4978	1.052705e+02
4979	1.057536e+02
4980	1.063119e+02
4981	1.068302e+02
4982	1.072922e+02
4983	1.077317e+02
4984	1.082024e+02
4985	1.086898e+02
4986	1.091216e+02
4987	1.095592e+02
4988	1.099709e+02
4989	1.103809e+02
4990	1.107556e+02
4991	1.110774e+02
4992	1.113288e+02
4993	1.115143e+02
4994	1.117786e+02
4995	1.120113e+02
4996	1.121867e+02
4997	1.122808e+02
4998	1.122737e+02
4999	1.122335e+02
