# Step	Measurement
1	1.162134e+02
2	1.165750e+02
3	1.169758e+02
4	1.174581e+02
5	1.178449e+02
6	1.183302e+02
7	1.187967e+02
8	1.191708e+02
9	1.195261e+02
10	1.199127e+02
11	1.203090e+02
12	1.207440e+02
13	1.212024e+02
14	1.215179e+02
15	1.219058e+02
16	1.221987e+02
17	1.224313e+02
18	1.226044e+02
19	1.228566e+02
20	1.230204e+02
21	1.231312e+02
22	1.231973e+02
23	1.233169e+02
24	1.234366e+02
25	1.234680e+02
26	1.234647e+02
27	1.234446e+02
28	1.233585e+02
29	1.232249e+02
30	1.230865e+02
31	1.229392e+02
32	1.227899e+02
33	1.224932e+02
34	1.221259e+02
35	1.216531e+02
36	1.211397e+02
37	1.205651e+02
38	1.199431e+02
39	1.193595e+02
40	1.188038e+02
41	1.182800e+02
42	1.178646e+02
43	1.174859e+02
44	1.171870e+02
45	1.168317e+02
46	1.165051e+02
47	1.161142e+02
48	1.157821e+02
49	1.154450e+02
50	1.149851e+02
51	1.145720e+02
52	1.141618e+02
53	1.138111e+02
54	1.135310e+02
55	1.132434e+02
56	1.130208e+02
57	1.127287e+02
58	1.125293e+02
59	1.123371e+02
60	1.122105e+02
61	1.121928e+02
62	1.122403e+02
63	1.122960e+02
64	1.123301e+02
65	1.123995e+02
66	1.125227e+02
67	1.127143e+02
68	1.128915e+02
69	1.130299e+02
70	1.132057e+02
71	1.133561e+02
72	1.135022e+02
73	1.137279e+02
74	1.139557e+02
75	1.141255e+02
76	1.144229e+02
77	1.147424e+02
78	1.150356e+02
79	1.153636e+02
80	1.156439e+02
81	1.159661e+02
82	1.162664e+02
83	1.165513e+02
84	1.168810e+02
85	1.172008e+02
86	1.174930e+02
87	1.177638e+02
88	1.181176e+02
89	1.185435e+02
90	1.189145e+02
91	1.194001e+02
92	1.198491e+02
93	1.202831e+02
94	1.206502e+02
95	1.209798e+02
96	1.213167e+02
97	1.217040e+02
98	1.220713e+02
99	1.224371e+02
100	1.228304e+02
101	1.231639e+02
102	1.235271e+02
103	1.239478e+02
104	1.243699e+02
105	1.248874e+02
106	1.253320e+02
107	1.257531e+02
108	1.260992e+02
109	1.263850e+02
110	1.266048e+02
111	1.268239e+02
112	1.270425e+02
113	1.271190e+02
114	1.272609e+02
115	1.272870e+02
116	1.271840e+02
117	1.270351e+02
118	1.269014e+02
119	1.267388e+02
120	1.264344e+02
121	1.260533e+02
122	1.255970e+02
123	1.250251e+02
124	1.243703e+02
125	1.237262e+02
126	1.231244e+02
127	1.226251e+02
128	1.221856e+02
129	1.216728e+02
130	1.210378e+02
131	1.204456e+02
132	1.197949e+02
133	1.191337e+02
134	1.183919e+02
135	1.175671e+02
136	1.166584e+02
137	1.157675e+02
138	1.149335e+02
139	1.141143e+02
140	1.133718e+02
141	1.127361e+02
142	1.122757e+02
143	1.119163e+02
144	1.115582e+02
145	1.113121e+02
146	1.110885e+02
147	1.109387e+02
148	1.108535e+02
149	1.108279e+02
150	1.108882e+02
151	1.110115e+02
152	1.111662e+02
153	1.113480e+02
154	1.115701e+02
155	1.117931e+02
156	1.121361e+02
157	1.125627e+02
158	1.130207e+02
159	1.134847e+02
160	1.140261e+02
161	1.145621e+02
162	1.150935e+02
163	1.156619e+02
164	1.161457e+02
165	1.165915e+02
166	1.170528e+02
167	1.175541e+02
168	1.180171e+02
169	1.185359e+02
170	1.190428e+02
171	1.194823e+02
172	1.199373e+02
173	1.205024e+02
174	1.210650e+02
175	1.215612e+02
176	1.220438e+02
177	1.224961e+02
178	1.229415e+02
179	1.233215e+02
180	1.236874e+02
181	1.239984e+02
182	1.242882e+02
183	1.245507e+02
184	1.247860e+02
185	1.249263e+02
186	1.250002e+02
187	1.250003e+02
188	1.250174e+02
189	1.250344e+02
190	1.250185e+02
191	1.250170e+02
192	1.250079e+02
193	1.250108e+02
194	1.249636e+02
195	1.249787e+02
196	1.249064e+02
197	1.248009e+02
198	1.246147e+02
199	1.243438e+02
200	1.241414e+02
201	1.238856e+02
202	1.236139e+02
203	1.232738e+02
204	1.229052e+02
205	1.224556e+02
206	1.219536e+02
207	1.214267e+02
208	1.208567e+02
209	1.202366e+02
210	1.194758e+02
211	1.186826e+02
212	1.178848e+02
213	1.170562e+02
214	1.162790e+02
215	1.156217e+02
216	1.150228e+02
217	1.144821e+02
218	1.138917e+02
219	1.133082e+02
220	1.127493e+02
221	1.122875e+02
222	1.119128e+02
223	1.116429e+02
224	1.114502e+02
225	1.112984e+02
226	1.111440e+02
227	1.110284e+02
228	1.108613e+02
229	1.107737e+02
230	1.107456e+02
231	1.107336e+02
232	1.107521e+02
233	1.108755e+02
234	1.110125e+02
235	1.112177e+02
236	1.114389e+02
237	1.116799e+02
238	1.119146e+02
239	1.121652e+02
240	1.124787e+02
241	1.127861e+02
242	1.130309e+02
243	1.133488e+02
244	1.137346e+02
245	1.140629e+02
246	1.144230e+02
247	1.148078e+02
248	1.152917e+02
249	1.158208e+02
250	1.162551e+02
251	1.166575e+02
252	1.170409e+02
253	1.174311e+02
254	1.178316e+02
255	1.181795e+02
256	1.185570e+02
257	1.189794e+02
258	1.193107e+02
259	1.196344e+02
260	1.199555e+02
261	1.203601e+02
262	1.208211e+02
263	1.212227e+02
264	1.214885e+02
265	1.216768e+02
266	1.218453e+02
267	1.220215e+02
268	1.220588e+02
269	1.221628e+02
270	1.221857e+02
271	1.221212e+02
272	1.219845e+02
273	1.218146e+02
274	1.216820e+02
275	1.215242e+02
276	1.214219e+02
277	1.213112e+02
278	1.211031e+02
279	1.209309e+02
280	1.206592e+02
281	1.203657e+02
282	1.200677e+02
283	1.197191e+02
284	1.193134e+02
285	1.189578e+02
286	1.185430e+02
287	1.182028e+02
288	1.178211e+02
289	1.173859e+02
290	1.169423e+02
291	1.165606e+02
292	1.161480e+02
293	1.157131e+02
294	1.152484e+02
295	1.147710e+02
296	1.143862e+02
297	1.140901e+02
298	1.137868e+02
299	1.135105e+02
300	1.133978e+02
301	1.133437e+02
302	1.132883e+02
303	1.132603e+02
304	1.133156e+02
305	1.134014e+02
306	1.134391e+02
307	1.135149e+02
308	1.136508e+02
309	1.138769e+02
310	1.140898e+02
311	1.143596e+02
312	1.146683e+02
313	1.150091e+02
314	1.154232e+02
315	1.158994e+02
316	1.163545e+02
317	1.168843e+02
318	1.173121e+02
319	1.176515e+02
320	1.179760e+02
321	1.182689e+02
322	1.185654e+02
323	1.188765e+02
324	1.192099e+02
325	1.194586e+02
326	1.197254e+02
327	1.200395e+02
328	1.203303e+02
329	1.206332e+02
330	1.209858e+02
331	1.213691e+02
332	1.216128e+02
333	1.217965e+02
334	1.218205e+02
335	1.217196e+02
336	1.216187e+02
337	1.215221e+02
338	1.213936e+02
339	1.212543e+02
340	1.210723e+02
341	1.208854e+02
342	1.207103e+02
343	1.204904e+02
344	1.202176e+02
345	1.199065e+02
346	1.196657e+02
347	1.194009e+02
348	1.191845e+02
349	1.189282e+02
350	1.186302e+02
351	1.182387e+02
352	1.178441e+02
353	1.174581e+02
354	1.170590e+02
355	1.166576e+02
356	1.162874e+02
357	1.159092e+02
358	1.155232e+02
359	1.151993e+02
360	1.148672e+02
361	1.146013e+02
362	1.143369e+02
363	1.142137e+02
364	1.140733e+02
365	1.138674e+02
366	1.136407e+02
367	1.133591e+02
368	1.131962e+02
369	1.130104e+02
370	1.128528e+02
371	1.127054e+02
372	1.125805e+02
373	1.124682e+02
374	1.123860e+02
375	1.123370e+02
376	1.122852e+02
377	1.123466e+02
378	1.123136e+02
379	1.123389e+02
380	1.124102e+02
381	1.123745e+02
382	1.124470e+02
383	1.124786e+02
384	1.126023e+02
385	1.127522e+02
386	1.129928e+02
387	1.131580e+02
388	1.133440e+02
389	1.136173e+02
390	1.139039e+02
391	1.141934e+02
392	1.145370e+02
393	1.149127e+02
394	1.152281e+02
395	1.156353e+02
396	1.160110e+02
397	1.163676e+02
398	1.166950e+02
399	1.170363e+02
400	1.174078e+02
401	1.177952e+02
402	1.181617e+02
403	1.186510e+02
404	1.192061e+02
405	1.197715e+02
406	1.204095e+02
407	1.210248e+02
408	1.214863e+02
409	1.218821e+02
410	1.221940e+02
411	1.223721e+02
412	1.224854e+02
413	1.225616e+02
414	1.226422e+02
415	1.227620e+02
416	1.228288e+02
417	1.228297e+02
418	1.227673e+02
419	1.226479e+02
420	1.225420e+02
421	1.224572e+02
422	1.223620e+02
423	1.222283e+02
424	1.220783e+02
425	1.218934e+02
426	1.217138e+02
427	1.214955e+02
428	1.212970e+02
429	1.210908e+02
430	1.208904e+02
431	1.206367e+02
432	1.203782e+02
433	1.201385e+02
434	1.198746e+02
435	1.196045e+02
436	1.192062e+02
437	1.187309e+02
438	1.181823e+02
439	1.176430e+02
440	1.169853e+02
441	1.162662e+02
442	1.155189e+02
443	1.148075e+02
444	1.141570e+02
445	1.134688e+02
446	1.128418e+02
447	1.121690e+02
448	1.116422e+02
449	1.111088e+02
450	1.106098e+02
451	1.101183e+02
452	1.096024e+02
453	1.090084e+02
454	1.084174e+02
455	1.078522e+02
456	1.072806e+02
457	1.066656e+02
458	1.060963e+02
459	1.056539e+02
460	1.051983e+02
461	1.047809e+02
462	1.043960e+02
463	1.040260e+02
464	1.038718e+02
465	1.037480e+02
466	1.036367e+02
467	1.036201e+02
468	1.036748e+02
469	1.038368e+02
470	1.040623e+02
471	1.042906e+02
472	1.046197e+02
473	1.049516e+02
474	1.054612e+02
475	1.059770e+02
476	1.064554e+02
477	1.070432e+02
478	1.076675e+02
479	1.083548e+02
480	1.090495e+02
481	1.097742e+02
482	1.105103e+02
483	1.112001e+02
484	1.118686e+02
485	1.124758e+02
486	1.131306e+02
487	1.137364e+02
488	1.142413e+02
489	1.146735e+02
490	1.150831e+02
491	1.154253e+02
492	1.156811e+02
493	1.159839e+02
494	1.162735e+02
495	1.165367e+02
496	1.168306e+02
497	1.170731e+02
498	1.172286e+02
499	1.174585e+02
500	1.175779e+02
501	1.177036e+02
502	1.177740e+02
503	1.178365e+02
504	1.178857e+02
505	1.179597e+02
506	1.179567e+02
507	1.179466e+02
508	1.179056e+02
509	1.178383e+02
510	1.177774e+02
511	1.177462e+02
512	1.175845e+02
513	1.174134e+02
514	1.171193e+02
515	1.166982e+02
516	1.162575e+02
517	1.158537e+02
518	1.154087e+02
519	1.150155e+02
520	1.144972e+02
521	1.140481e+02
522	1.136647e+02
523	1.132873e+02
524	1.128776e+02
525	1.125033e+02
526	1.121016e+02
527	1.117521e+02
528	1.114252e+02
529	1.111403e+02
530	1.108849e+02
531	1.107929e+02
532	1.107285e+02
533	1.106972e+02
534	1.107010e+02
535	1.107254e+02
536	1.107437e+02
537	1.107668e+02
538	1.107480e+02
539	1.107421e+02
540	1.106623e+02
541	1.106495e+02
542	1.106203e+02
543	1.105825e+02
544	1.105530e+02
545	1.105355e+02
546	1.105489e+02
547	1.106907e+02
548	1.108890e+02
549	1.110951e+02
550	1.112819e+02
551	1.114586e+02
552	1.116242e+02
553	1.117688e+02
554	1.119007e+02
555	1.120606e+02
556	1.122015e+02
557	1.123973e+02
558	1.125726e+02
559	1.128319e+02
560	1.130315e+02
561	1.131652e+02
562	1.133709e+02
563	1.135721e+02
564	1.139020e+02
565	1.142649e+02
566	1.147110e+02
567	1.151298e+02
568	1.154946e+02
569	1.157712e+02
570	1.159951e+02
571	1.161779e+02
572	1.163620e+02
573	1.165708e+02
574	1.167065e+02
575	1.168620e+02
576	1.170097e+02
577	1.172525e+02
578	1.174562e+02
579	1.177365e+02
580	1.180553e+02
581	1.183998e+02
582	1.187722e+02
583	1.191432e+02
584	1.193817e+02
585	1.195235e+02
586	1.197109e+02
587	1.199205e+02
588	1.200914e+02
589	1.201783e+02
590	1.202046e+02
591	1.201801e+02
592	1.201409e+02
593	1.201051e+02
594	1.200361e+02
595	1.199967e+02
596	1.198995e+02
597	1.197921e+02
598	1.196541e+02
599	1.196237e+02
600	1.195666e+02
601	1.194497e+02
602	1.192540e+02
603	1.190337e+02
604	1.189207e+02
605	1.187630e+02
606	1.186099e+02
607	1.184742e+02
608	1.183607e+02
609	1.182374e+02
610	1.181187e+02
611	1.178828e+02
612	1.176909e+02
613	1.174816e+02
614	1.173743e+02
615	1.173628e+02
616	1.173878e+02
617	1.174307e+02
618	1.173868e+02
619	1.172761e+02
620	1.171613e+02
621	1.170300e+02
622	1.169054e+02
623	1.168109e+02
624	1.167278e+02
625	1.166125e+02
626	1.165153e+02
627	1.164743e+02
628	1.163369e+02
629	1.161461e+02
630	1.158415e+02
631	1.155287e+02
632	1.151174e+02
633	1.147226e+02
634	1.144258e+02
635	1.141375e+02
636	1.138796e+02
637	1.135857e+02
638	1.132815e+02
639	1.130324e+02
640	1.128633e+02
641	1.127440e+02
642	1.125808e+02
643	1.124157e+02
644	1.122521e+02
645	1.120517e+02
646	1.118008e+02
647	1.115717e+02
648	1.112475e+02
649	1.109375e+02
650	1.106255e+02
651	1.103198e+02
652	1.099963e+02
653	1.095942e+02
654	1.092645e+02
655	1.089972e+02
656	1.087516e+02
657	1.085744e+02
658	1.084629e+02
659	1.083948e+02
660	1.083221e+02
661	1.083775e+02
662	1.083956e+02
663	1.083764e+02
664	1.083383e+02
665	1.083429e+02
666	1.084619e+02
667	1.085702e+02
668	1.087109e+02
669	1.088848e+02
670	1.091313e+02
671	1.094355e+02
672	1.097677e+02
673	1.101367e+02
674	1.104591e+02
675	1.108281e+02
676	1.112165e+02
677	1.116237e+02
678	1.119321e+02
679	1.122081e+02
680	1.125002e+02
681	1.127585e+02
682	1.130520e+02
683	1.133391e+02
684	1.136747e+02
685	1.140320e+02
686	1.143547e+02
687	1.146855e+02
688	1.150879e+02
689	1.154305e+02
690	1.156741e+02
691	1.158341e+02
692	1.160092e+02
693	1.161851e+02
694	1.163469e+02
695	1.164668e+02
696	1.165575e+02
697	1.165459e+02
698	1.165002e+02
699	1.164053e+02
700	1.162575e+02
701	1.160273e+02
702	1.158765e+02
703	1.156640e+02
704	1.154105e+02
705	1.150705e+02
706	1.146381e+02
707	1.142489e+02
708	1.138278e+02
709	1.133922e+02
710	1.129640e+02
711	1.125276e+02
712	1.121784e+02
713	1.118438e+02
714	1.115379e+02
715	1.111841e+02
716	1.108514e+02
717	1.106299e+02
718	1.104262e+02
719	1.102809e+02
720	1.102395e+02
721	1.102709e+02
722	1.103287e+02
723	1.104069e+02
724	1.105487e+02
725	1.107322e+02
726	1.109222e+02
727	1.111744e+02
728	1.114664e+02
729	1.117538e+02
730	1.121378e+02
731	1.126141e+02
732	1.130881e+02
733	1.135854e+02
734	1.140693e+02
735	1.146510e+02
736	1.152862e+02
737	1.161022e+02
738	1.169826e+02
739	1.179767e+02
740	1.188706e+02
741	1.197034e+02
742	1.205272e+02
743	1.214193e+02
744	1.222664e+02
745	1.231532e+02
746	1.239856e+02
747	1.247635e+02
748	1.255445e+02
749	1.262621e+02
750	1.269186e+02
751	1.275453e+02
752	1.282019e+02
753	1.288401e+02
754	1.293241e+02
755	1.297171e+02
756	1.300385e+02
757	1.303493e+02
758	1.306737e+02
759	1.309694e+02
760	1.312059e+02
761	1.313531e+02
762	1.314594e+02
763	1.315093e+02
764	1.315319e+02
765	1.315075e+02
766	1.313806e+02
767	1.312504e+02
768	1.311602e+02
769	1.310384e+02
770	1.307839e+02
771	1.305783e+02
772	1.302974e+02
773	1.300111e+02
774	1.297153e+02
775	1.293459e+02
776	1.288970e+02
777	1.283502e+02
778	1.277568e+02
779	1.271386e+02
780	1.265062e+02
781	1.259016e+02
782	1.252959e+02
783	1.246455e+02
784	1.239820e+02
785	1.232797e+02
786	1.224983e+02
787	1.215815e+02
788	1.206188e+02
789	1.196544e+02
790	1.187403e+02
791	1.178422e+02
792	1.168736e+02
793	1.159465e+02
794	1.151160e+02
795	1.143206e+02
796	1.134397e+02
797	1.125783e+02
798	1.117837e+02
799	1.110184e+02
800	1.102408e+02
801	1.095577e+02
802	1.089568e+02
803	1.084084e+02
804	1.079196e+02
805	1.073935e+02
806	1.068203e+02
807	1.062382e+02
808	1.058183e+02
809	1.054451e+02
810	1.051549e+02
811	1.048407e+02
812	1.045673e+02
813	1.043424e+02
814	1.041119e+02
815	1.039363e+02
816	1.037609e+02
817	1.035899e+02
818	1.034544e+02
819	1.033773e+02
820	1.034529e+02
821	1.036362e+02
822	1.039315e+02
823	1.042376e+02
824	1.046607e+02
825	1.050934e+02
826	1.056865e+02
827	1.063787e+02
828	1.071346e+02
829	1.079095e+02
830	1.087298e+02
831	1.096758e+02
832	1.107289e+02
833	1.117307e+02
834	1.128057e+02
835	1.138002e+02
836	1.147180e+02
837	1.156112e+02
838	1.164635e+02
839	1.172812e+02
840	1.181085e+02
841	1.188772e+02
842	1.195571e+02
843	1.202056e+02
844	1.208460e+02
845	1.213643e+02
846	1.218933e+02
847	1.223739e+02
848	1.227365e+02
849	1.231351e+02
850	1.234199e+02
851	1.237137e+02
852	1.238848e+02
853	1.240081e+02
854	1.240442e+02
855	1.240703e+02
856	1.239676e+02
857	1.238464e+02
858	1.236992e+02
859	1.235070e+02
860	1.233164e+02
861	1.231727e+02
862	1.229638e+02
863	1.227348e+02
864	1.225835e+02
865	1.224290e+02
866	1.222835e+02
867	1.221618e+02
868	1.220096e+02
869	1.217718e+02
870	1.215000e+02
871	1.212118e+02
872	1.209144e+02
873	1.205236e+02
874	1.200688e+02
875	1.195516e+02
876	1.190426e+02
877	1.184807e+02
878	1.179340e+02
879	1.174306e+02
880	1.168389e+02
881	1.161626e+02
882	1.154064e+02
883	1.146882e+02
884	1.139964e+02
885	1.132976e+02
886	1.126089e+02
887	1.118954e+02
888	1.111821e+02
889	1.104377e+02
890	1.097225e+02
891	1.091354e+02
892	1.085845e+02
893	1.079592e+02
894	1.073732e+02
895	1.069234e+02
896	1.065135e+02
897	1.061607e+02
898	1.059224e+02
899	1.056900e+02
900	1.054744e+02
901	1.053981e+02
902	1.054670e+02
903	1.055891e+02
904	1.057144e+02
905	1.058761e+02
906	1.060601e+02
907	1.063203e+02
908	1.067511e+02
909	1.072437e+02
910	1.078337e+02
911	1.084738e+02
912	1.091654e+02
913	1.099097e+02
914	1.107371e+02
915	1.117018e+02
916	1.128059e+02
917	1.139805e+02
918	1.152674e+02
919	1.165633e+02
920	1.179062e+02
921	1.192591e+02
922	1.205900e+02
923	1.219330e+02
924	1.231523e+02
925	1.243111e+02
926	1.253594e+02
927	1.262977e+02
928	1.271729e+02
929	1.279573e+02
930	1.287136e+02
931	1.294062e+02
932	1.300814e+02
933	1.307855e+02
934	1.313690e+02
935	1.318659e+02
936	1.322771e+02
937	1.325924e+02
938	1.328236e+02
939	1.329265e+02
940	1.329875e+02
941	1.329278e+02
942	1.328791e+02
943	1.327086e+02
944	1.325821e+02
945	1.323314e+02
946	1.320302e+02
947	1.316841e+02
948	1.312221e+02
949	1.307344e+02
950	1.302030e+02
951	1.295633e+02
952	1.288066e+02
953	1.280117e+02
954	1.271458e+02
955	1.262120e+02
956	1.251912e+02
957	1.241044e+02
958	1.230780e+02
959	1.221605e+02
960	1.211976e+02
961	1.201845e+02
962	1.191449e+02
963	1.180490e+02
964	1.170513e+02
965	1.161109e+02
966	1.152333e+02
967	1.142472e+02
968	1.133247e+02
969	1.125593e+02
970	1.118705e+02
971	1.112140e+02
972	1.105607e+02
973	1.099624e+02
974	1.093898e+02
975	1.088986e+02
976	1.084140e+02
977	1.080069e+02
978	1.077834e+02
979	1.076676e+02
980	1.077092e+02
981	1.078703e+02
982	1.080879e+02
983	1.083336e+02
984	1.087321e+02
985	1.092670e+02
986	1.099102e+02
987	1.107147e+02
988	1.116792e+02
989	1.127040e+02
990	1.138120e+02
991	1.150283e+02
992	1.162058e+02
993	1.173772e+02
994	1.185984e+02
995	1.197796e+02
996	1.209129e+02
997	1.219957e+02
998	1.230372e+02
999	1.240085e+02
1000	1.249700e+02
1001	1.258399e+02
1002	1.266589e+02
1003	1.274392e+02
1004	1.281066e+02
1005	1.286717e+02
1006	1.291782e+02
1007	1.296790e+02
1008	1.300920e+02
1009	1.304246e+02
1010	1.306864e+02
1011	1.309452e+02
1012	1.310609e+02
1013	1.311097e+02
1014	1.312023e+02
1015	1.311922e+02
1016	1.311143e+02
1017	1.309105e+02
1018	1.306195e+02
1019	1.302667e+02
1020	1.297992e+02
1021	1.292542e+02
1022	1.286356e+02
1023	1.278814e+02
1024	1.270643e+02
1025	1.261368e+02
1026	1.251012e+02
1027	1.240211e+02
1028	1.229420e+02
1029	1.218897e+02
1030	1.207361e+02
1031	1.195672e+02
1032	1.183340e+02
1033	1.171661e+02
1034	1.160465e+02
1035	1.148818e+02
1036	1.137078e+02
1037	1.125815e+02
1038	1.114305e+02
1039	1.103365e+02
1040	1.093489e+02
1041	1.083396e+02
1042	1.072771e+02
1043	1.062447e+02
1044	1.053583e+02
1045	1.045261e+02
1046	1.039642e+02
1047	1.035535e+02
1048	1.033434e+02
1049	1.033167e+02
1050	1.033527e+02
1051	1.035536e+02
1052	1.038056e+02
1053	1.041400e+02
1054	1.045581e+02
1055	1.049813e+02
1056	1.054759e+02
1057	1.060936e+02
1058	1.068421e+02
1059	1.076810e+02
1060	1.085515e+02
1061	1.095177e+02
1062	1.105526e+02
1063	1.117057e+02
1064	1.128680e+02
1065	1.139840e+02
1066	1.150756e+02
1067	1.161462e+02
1068	1.171226e+02
1069	1.181226e+02
1070	1.191257e+02
1071	1.200906e+02
1072	1.210298e+02
1073	1.218777e+02
1074	1.227332e+02
1075	1.234425e+02
1076	1.240162e+02
1077	1.245017e+02
1078	1.249676e+02
1079	1.254098e+02
1080	1.257916e+02
1081	1.261429e+02
1082	1.264379e+02
1083	1.266528e+02
1084	1.267425e+02
1085	1.266936e+02
1086	1.265150e+02
1087	1.262633e+02
1088	1.259949e+02
1089	1.257909e+02
1090	1.254567e+02
1091	1.249624e+02
1092	1.243458e+02
1093	1.236917e+02
1094	1.229069e+02
1095	1.220952e+02
1096	1.213217e+02
1097	1.205710e+02
1098	1.197629e+02
1099	1.189412e+02
1100	1.181310e+02
1101	1.174232e+02
1102	1.167311e+02
1103	1.160620e+02
1104	1.154544e+02
1105	1.149589e+02
1106	1.144788e+02
1107	1.139826e+02
1108	1.135365e+02
1109	1.132024e+02
1110	1.129236e+02
1111	1.127333e+02
1112	1.125991e+02
1113	1.125559e+02
1114	1.125281e+02
1115	1.126339e+02
1116	1.127388e+02
1117	1.128610e+02
1118	1.130930e+02
1119	1.133235e+02
1120	1.136019e+02
1121	1.139368e+02
1122	1.143867e+02
1123	1.148311e+02
1124	1.152772e+02
1125	1.156979e+02
1126	1.160397e+02
1127	1.163268e+02
1128	1.166123e+02
1129	1.169550e+02
1130	1.173213e+02
1131	1.176015e+02
1132	1.178740e+02
1133	1.181135e+02
1134	1.182846e+02
1135	1.184004e+02
1136	1.185673e+02
1137	1.187639e+02
1138	1.189570e+02
1139	1.190717e+02
1140	1.191385e+02
1141	1.191143e+02
1142	1.190690e+02
1143	1.189368e+02
1144	1.187302e+02
1145	1.184810e+02
1146	1.181269e+02
1147	1.177846e+02
1148	1.174059e+02
1149	1.169911e+02
1150	1.165731e+02
1151	1.161425e+02
1152	1.157686e+02
1153	1.154112e+02
1154	1.150576e+02
1155	1.146757e+02
1156	1.142769e+02
1157	1.139105e+02
1158	1.136728e+02
1159	1.133707e+02
1160	1.131625e+02
1161	1.130191e+02
1162	1.128637e+02
1163	1.126693e+02
1164	1.125156e+02
1165	1.123093e+02
1166	1.121464e+02
1167	1.120061e+02
1168	1.118761e+02
1169	1.117468e+02
1170	1.116309e+02
1171	1.114973e+02
1172	1.114904e+02
1173	1.115724e+02
1174	1.117052e+02
1175	1.118542e+02
1176	1.120904e+02
1177	1.123497e+02
1178	1.127194e+02
1179	1.131671e+02
1180	1.136910e+02
1181	1.142160e+02
1182	1.148225e+02
1183	1.153930e+02
1184	1.159931e+02
1185	1.165184e+02
1186	1.169464e+02
1187	1.173852e+02
1188	1.178240e+02
1189	1.182755e+02
1190	1.186277e+02
1191	1.190424e+02
1192	1.195022e+02
1193	1.199664e+02
1194	1.204047e+02
1195	1.207654e+02
1196	1.210369e+02
1197	1.212517e+02
1198	1.214511e+02
1199	1.216163e+02
1200	1.218196e+02
1201	1.219983e+02
1202	1.220820e+02
1203	1.221071e+02
1204	1.220155e+02
1205	1.219267e+02
1206	1.219214e+02
1207	1.218539e+02
1208	1.217563e+02
1209	1.216213e+02
1210	1.215394e+02
1211	1.214895e+02
1212	1.214260e+02
1213	1.213643e+02
1214	1.210833e+02
1215	1.207546e+02
1216	1.204596e+02
1217	1.200245e+02
1218	1.196466e+02
1219	1.192395e+02
1220	1.188572e+02
1221	1.184666e+02
1222	1.180523e+02
1223	1.175933e+02
1224	1.171395e+02
1225	1.166843e+02
1226	1.162645e+02
1227	1.158453e+02
1228	1.154758e+02
1229	1.150626e+02
1230	1.147104e+02
1231	1.143405e+02
1232	1.139874e+02
1233	1.136715e+02
1234	1.133152e+02
1235	1.130494e+02
1236	1.128439e+02
1237	1.126858e+02
1238	1.127015e+02
1239	1.127189e+02
1240	1.127931e+02
1241	1.128386e+02
1242	1.128449e+02
1243	1.128145e+02
1244	1.128563e+02
1245	1.128708e+02
1246	1.128852e+02
1247	1.128575e+02
1248	1.128983e+02
1249	1.130155e+02
1250	1.132187e+02
1251	1.133970e+02
1252	1.135545e+02
1253	1.137702e+02
1254	1.140299e+02
1255	1.143502e+02
1256	1.146299e+02
1257	1.149061e+02
1258	1.151937e+02
1259	1.154230e+02
1260	1.156639e+02
1261	1.158645e+02
1262	1.160796e+02
1263	1.162679e+02
1264	1.165128e+02
1265	1.168581e+02
1266	1.171893e+02
1267	1.175292e+02
1268	1.178880e+02
1269	1.182293e+02
1270	1.184896e+02
1271	1.187615e+02
1272	1.188854e+02
1273	1.189565e+02
1274	1.190153e+02
1275	1.190039e+02
1276	1.189937e+02
1277	1.188978e+02
1278	1.188182e+02
1279	1.187096e+02
1280	1.185313e+02
1281	1.183293e+02
1282	1.181921e+02
1283	1.180469e+02
1284	1.178732e+02
1285	1.177800e+02
1286	1.176716e+02
1287	1.175832e+02
1288	1.173802e+02
1289	1.170678e+02
1290	1.168451e+02
1291	1.165383e+02
1292	1.163180e+02
1293	1.161544e+02
1294	1.159008e+02
1295	1.156656e+02
1296	1.154811e+02
1297	1.153578e+02
1298	1.151775e+02
1299	1.150786e+02
1300	1.150258e+02
1301	1.149810e+02
1302	1.149691e+02
1303	1.150049e+02
1304	1.151144e+02
1305	1.151851e+02
1306	1.153363e+02
1307	1.155452e+02
1308	1.157856e+02
1309	1.159607e+02
1310	1.161905e+02
1311	1.164468e+02
1312	1.167077e+02
1313	1.169482e+02
1314	1.170833e+02
1315	1.171442e+02
1316	1.171411e+02
1317	1.171098e+02
1318	1.169728e+02
1319	1.168194e+02
1320	1.165860e+02
1321	1.163225e+02
1322	1.159718e+02
1323	1.155953e+02
1324	1.151093e+02
1325	1.146271e+02
1326	1.141039e+02
1327	1.134673e+02
1328	1.128433e+02
1329	1.121944e+02
1330	1.115358e+02
1331	1.108409e+02
1332	1.101471e+02
1333	1.094912e+02
1334	1.088506e+02
1335	1.082283e+02
1336	1.076962e+02
1337	1.071520e+02
1338	1.066253e+02
1339	1.061688e+02
1340	1.056542e+02
1341	1.051886e+02
1342	1.046933e+02
1343	1.042828e+02
1344	1.038738e+02
1345	1.035333e+02
1346	1.033102e+02
1347	1.031561e+02
1348	1.029643e+02
1349	1.028531e+02
1350	1.028903e+02
1351	1.030652e+02
1352	1.033592e+02
1353	1.037974e+02
1354	1.042484e+02
1355	1.048953e+02
1356	1.056434e+02
1357	1.064735e+02
1358	1.072417e+02
1359	1.081236e+02
1360	1.090459e+02
1361	1.100243e+02
1362	1.110288e+02
1363	1.121013e+02
1364	1.131987e+02
1365	1.143810e+02
1366	1.155967e+02
1367	1.168110e+02
1368	1.180330e+02
1369	1.192530e+02
1370	1.204850e+02
1371	1.217891e+02
1372	1.230478e+02
1373	1.241508e+02
1374	1.251979e+02
1375	1.261719e+02
1376	1.270412e+02
1377	1.278364e+02
1378	1.285917e+02
1379	1.292994e+02
1380	1.298667e+02
1381	1.304310e+02
1382	1.309319e+02
1383	1.313432e+02
1384	1.317525e+02
1385	1.321414e+02
1386	1.324969e+02
1387	1.328016e+02
1388	1.330024e+02
1389	1.331340e+02
1390	1.332667e+02
1391	1.333257e+02
1392	1.332804e+02
1393	1.331729e+02
1394	1.330290e+02
1395	1.328212e+02
1396	1.325220e+02
1397	1.322583e+02
1398	1.319848e+02
1399	1.316244e+02
1400	1.312324e+02
1401	1.307249e+02
1402	1.300908e+02
1403	1.294757e+02
1404	1.288818e+02
1405	1.282737e+02
1406	1.276780e+02
1407	1.271838e+02
1408	1.266176e+02
1409	1.261258e+02
1410	1.254783e+02
1411	1.248060e+02
1412	1.241712e+02
1413	1.235131e+02
1414	1.228803e+02
1415	1.223480e+02
1416	1.217168e+02
1417	1.210993e+02
1418	1.204473e+02
1419	1.198206e+02
1420	1.191749e+02
1421	1.185540e+02
1422	1.179258e+02
1423	1.173459e+02
1424	1.166683e+02
1425	1.160717e+02
1426	1.154412e+02
1427	1.147938e+02
1428	1.141545e+02
1429	1.135061e+02
1430	1.129632e+02
1431	1.124481e+02
1432	1.120427e+02
1433	1.115942e+02
1434	1.112341e+02
1435	1.109822e+02
1436	1.107009e+02
1437	1.105121e+02
1438	1.103778e+02
1439	1.102743e+02
1440	1.101863e+02
1441	1.101035e+02
1442	1.100885e+02
1443	1.101300e+02
1444	1.101527e+02
1445	1.102146e+02
1446	1.102824e+02
1447	1.104403e+02
1448	1.107689e+02
1449	1.110719e+02
1450	1.112861e+02
1451	1.114723e+02
1452	1.116651e+02
1453	1.118359e+02
1454	1.120144e+02
1455	1.121924e+02
1456	1.123822e+02
1457	1.126214e+02
1458	1.128779e+02
1459	1.131804e+02
1460	1.135083e+02
1461	1.138673e+02
1462	1.142487e+02
1463	1.146202e+02
1464	1.150373e+02
1465	1.154690e+02
1466	1.159048e+02
1467	1.163949e+02
1468	1.168472e+02
1469	1.172877e+02
1470	1.176571e+02
1471	1.180631e+02
1472	1.185074e+02
1473	1.188624e+02
1474	1.191711e+02
1475	1.193981e+02
1476	1.196270e+02
1477	1.197716e+02
1478	1.198590e+02
1479	1.200511e+02
1480	1.202696e+02
1481	1.204196e+02
1482	1.204813e+02
1483	1.205577e+02
1484	1.206596e+02
1485	1.207147e+02
1486	1.207412e+02
1487	1.208052e+02
1488	1.208450e+02
1489	1.208569e+02
1490	1.209284e+02
1491	1.211010e+02
1492	1.212008e+02
1493	1.212090e+02
1494	1.212504e+02
1495	1.212901e+02
1496	1.212932e+02
1497	1.212408e+02
1498	1.213263e+02
1499	1.213933e+02
1500	1.214893e+02
1501	1.215700e+02
1502	1.216969e+02
1503	1.217224e+02
1504	1.217320e+02
1505	1.216967e+02
1506	1.216747e+02
1507	1.216616e+02
1508	1.216235e+02
1509	1.216214e+02
1510	1.216154e+02
1511	1.216540e+02
1512	1.216964e+02
1513	1.217058e+02
1514	1.217405e+02
1515	1.218349e+02
1516	1.219418e+02
1517	1.219847e+02
1518	1.221065e+02
1519	1.222715e+02
1520	1.225936e+02
1521	1.229297e+02
1522	1.232613e+02
1523	1.235408e+02
1524	1.239180e+02
1525	1.242475e+02
1526	1.246457e+02
1527	1.250366e+02
1528	1.255232e+02
1529	1.259641e+02
1530	1.263696e+02
1531	1.267934e+02
1532	1.271330e+02
1533	1.274910e+02
1534	1.278038e+02
1535	1.280800e+02
1536	1.283855e+02
1537	1.287080e+02
1538	1.289659e+02
1539	1.291753e+02
1540	1.293115e+02
1541	1.293265e+02
1542	1.292716e+02
1543	1.291852e+02
1544	1.290562e+02
1545	1.288552e+02
1546	1.285571e+02
1547	1.282017e+02
1548	1.278352e+02
1549	1.273533e+02
1550	1.268464e+02
1551	1.263128e+02
1552	1.257858e+02
1553	1.252175e+02
1554	1.245781e+02
1555	1.238919e+02
1556	1.232851e+02
1557	1.226811e+02
1558	1.220264e+02
1559	1.214101e+02
1560	1.208136e+02
1561	1.202524e+02
1562	1.197349e+02
1563	1.192098e+02
1564	1.188062e+02
1565	1.183965e+02
1566	1.181075e+02
1567	1.178747e+02
1568	1.176111e+02
1569	1.173428e+02
1570	1.170851e+02
1571	1.168918e+02
1572	1.167107e+02
1573	1.165107e+02
1574	1.163726e+02
1575	1.162679e+02
1576	1.161591e+02
1577	1.161645e+02
1578	1.162431e+02
1579	1.163816e+02
1580	1.166612e+02
1581	1.168819e+02
1582	1.170787e+02
1583	1.173356e+02
1584	1.176266e+02
1585	1.179133e+02
1586	1.181508e+02
1587	1.183882e+02
1588	1.186198e+02
1589	1.188427e+02
1590	1.190420e+02
1591	1.193539e+02
1592	1.197617e+02
1593	1.201701e+02
1594	1.205294e+02
1595	1.208611e+02
1596	1.211108e+02
1597	1.213345e+02
1598	1.215220e+02
1599	1.216702e+02
1600	1.217409e+02
1601	1.217754e+02
1602	1.217743e+02
1603	1.217351e+02
1604	1.216777e+02
1605	1.215567e+02
1606	1.214359e+02
1607	1.213480e+02
1608	1.213098e+02
1609	1.212961e+02
1610	1.213092e+02
1611	1.213536e+02
1612	1.213665e+02
1613	1.213487e+02
1614	1.212326e+02
1615	1.211368e+02
1616	1.211718e+02
1617	1.211309e+02
1618	1.210203e+02
1619	1.208669e+02
1620	1.207356e+02
1621	1.205743e+02
1622	1.204395e+02
1623	1.203415e+02
1624	1.201590e+02
1625	1.200678e+02
1626	1.200172e+02
1627	1.199370e+02
1628	1.198673e+02
1629	1.199014e+02
1630	1.199875e+02
1631	1.201504e+02
1632	1.202716e+02
1633	1.204192e+02
1634	1.206475e+02
1635	1.209637e+02
1636	1.213428e+02
1637	1.217562e+02
1638	1.221697e+02
1639	1.225505e+02
1640	1.228761e+02
1641	1.232178e+02
1642	1.235008e+02
1643	1.237617e+02
1644	1.239852e+02
1645	1.242693e+02
1646	1.245523e+02
1647	1.248097e+02
1648	1.250524e+02
1649	1.252698e+02
1650	1.254322e+02
1651	1.255942e+02
1652	1.256837e+02
1653	1.257445e+02
1654	1.258234e+02
1655	1.258431e+02
1656	1.257864e+02
1657	1.257222e+02
1658	1.255771e+02
1659	1.254152e+02
1660	1.252275e+02
1661	1.250302e+02
1662	1.247648e+02
1663	1.244753e+02
1664	1.241969e+02
1665	1.238553e+02
1666	1.234732e+02
1667	1.230009e+02
1668	1.224774e+02
1669	1.220073e+02
1670	1.214859e+02
1671	1.209366e+02
1672	1.204540e+02
1673	1.198988e+02
1674	1.193925e+02
1675	1.188546e+02
1676	1.182414e+02
1677	1.175925e+02
1678	1.169079e+02
1679	1.163286e+02
1680	1.157920e+02
1681	1.152178e+02
1682	1.146598e+02
1683	1.141232e+02
1684	1.135763e+02
1685	1.131149e+02
1686	1.126163e+02
1687	1.121597e+02
1688	1.117427e+02
1689	1.112939e+02
1690	1.108461e+02
1691	1.104431e+02
1692	1.100421e+02
1693	1.096730e+02
1694	1.093510e+02
1695	1.090269e+02
1696	1.087779e+02
1697	1.085885e+02
1698	1.084915e+02
1699	1.084905e+02
1700	1.085371e+02
1701	1.085711e+02
1702	1.087167e+02
1703	1.088492e+02
1704	1.090679e+02
1705	1.093954e+02
1706	1.098337e+02
1707	1.103694e+02
1708	1.109372e+02
1709	1.114307e+02
1710	1.120049e+02
1711	1.125789e+02
1712	1.132633e+02
1713	1.140838e+02
1714	1.149192e+02
1715	1.157339e+02
1716	1.165994e+02
1717	1.175616e+02
1718	1.185692e+02
1719	1.196490e+02
1720	1.207462e+02
1721	1.217967e+02
1722	1.227836e+02
1723	1.237907e+02
1724	1.247496e+02
1725	1.257020e+02
1726	1.266793e+02
1727	1.276443e+02
1728	1.285863e+02
1729	1.296058e+02
1730	1.305813e+02
1731	1.315395e+02
1732	1.324154e+02
1733	1.332100e+02
1734	1.338378e+02
1735	1.343594e+02
1736	1.347939e+02
1737	1.351327e+02
1738	1.353947e+02
1739	1.355023e+02
1740	1.354705e+02
1741	1.353547e+02
1742	1.351564e+02
1743	1.349048e+02
1744	1.346187e+02
1745	1.342493e+02
1746	1.337867e+02
1747	1.332806e+02
1748	1.327553e+02
1749	1.321793e+02
1750	1.315131e+02
1751	1.308335e+02
1752	1.301256e+02
1753	1.293959e+02
1754	1.286237e+02
1755	1.277118e+02
1756	1.267082e+02
1757	1.257397e+02
1758	1.248883e+02
1759	1.240576e+02
1760	1.232092e+02
1761	1.223579e+02
1762	1.214774e+02
1763	1.205888e+02
1764	1.197624e+02
1765	1.189718e+02
1766	1.182032e+02
1767	1.174803e+02
1768	1.168486e+02
1769	1.162991e+02
1770	1.157280e+02
1771	1.152051e+02
1772	1.147587e+02
1773	1.142864e+02
1774	1.139018e+02
1775	1.135193e+02
1776	1.132981e+02
1777	1.132354e+02
1778	1.131907e+02
1779	1.132352e+02
1780	1.133287e+02
1781	1.134474e+02
1782	1.136810e+02
1783	1.140079e+02
1784	1.144026e+02
1785	1.148859e+02
1786	1.154128e+02
1787	1.159551e+02
1788	1.165517e+02
1789	1.172390e+02
1790	1.179131e+02
1791	1.186417e+02
1792	1.194202e+02
1793	1.202638e+02
1794	1.212369e+02
1795	1.222708e+02
1796	1.232892e+02
1797	1.242096e+02
1798	1.251479e+02
1799	1.260446e+02
1800	1.269299e+02
1801	1.277597e+02
1802	1.286800e+02
1803	1.295192e+02
1804	1.303092e+02
1805	1.310991e+02
1806	1.318500e+02
1807	1.325476e+02
1808	1.331581e+02
1809	1.336909e+02
1810	1.342160e+02
1811	1.347036e+02
1812	1.351801e+02
1813	1.354892e+02
1814	1.357116e+02
1815	1.357797e+02
1816	1.358206e+02
1817	1.359096e+02
1818	1.359299e+02
1819	1.358611e+02
1820	1.356458e+02
1821	1.353948e+02
1822	1.351784e+02
1823	1.349191e+02
1824	1.346698e+02
1825	1.343460e+02
1826	1.340945e+02
1827	1.337846e+02
1828	1.334640e+02
1829	1.332242e+02
1830	1.329667e+02
1831	1.326588e+02
1832	1.323884e+02
1833	1.320971e+02
1834	1.318009e+02
1835	1.313486e+02
1836	1.308783e+02
1837	1.303466e+02
1838	1.297417e+02
1839	1.291330e+02
1840	1.285066e+02
1841	1.278655e+02
1842	1.272049e+02
1843	1.266099e+02
1844	1.259412e+02
1845	1.252329e+02
1846	1.245485e+02
1847	1.238240e+02
1848	1.231338e+02
1849	1.223893e+02
1850	1.215905e+02
1851	1.208406e+02
1852	1.201699e+02
1853	1.195039e+02
1854	1.188401e+02
1855	1.182884e+02
1856	1.177157e+02
1857	1.171664e+02
1858	1.167372e+02
1859	1.163810e+02
1860	1.161364e+02
1861	1.160130e+02
1862	1.158728e+02
1863	1.157794e+02
1864	1.157035e+02
1865	1.156841e+02
1866	1.157256e+02
1867	1.157864e+02
1868	1.159384e+02
1869	1.161248e+02
1870	1.163446e+02
1871	1.166665e+02
1872	1.170036e+02
1873	1.173221e+02
1874	1.177369e+02
1875	1.181821e+02
1876	1.188089e+02
1877	1.194337e+02
1878	1.201008e+02
1879	1.207734e+02
1880	1.215100e+02
1881	1.222657e+02
1882	1.230408e+02
1883	1.237713e+02
1884	1.246103e+02
1885	1.255113e+02
1886	1.264466e+02
1887	1.274621e+02
1888	1.283446e+02
1889	1.292306e+02
1890	1.299744e+02
1891	1.307689e+02
1892	1.315852e+02
1893	1.324442e+02
1894	1.331962e+02
1895	1.339037e+02
1896	1.346210e+02
1897	1.353938e+02
1898	1.360907e+02
1899	1.368014e+02
1900	1.374332e+02
1901	1.380580e+02
1902	1.386527e+02
1903	1.392233e+02
1904	1.398173e+02
1905	1.405063e+02
1906	1.411636e+02
1907	1.417657e+02
1908	1.423130e+02
1909	1.427953e+02
1910	1.432250e+02
1911	1.436150e+02
1912	1.440534e+02
1913	1.445448e+02
1914	1.449531e+02
1915	1.452563e+02
1916	1.454834e+02
1917	1.456824e+02
1918	1.458896e+02
1919	1.460001e+02
1920	1.461281e+02
1921	1.462575e+02
1922	1.464891e+02
1923	1.466212e+02
1924	1.466453e+02
1925	1.467094e+02
1926	1.466868e+02
1927	1.464841e+02
1928	1.462483e+02
1929	1.459643e+02
1930	1.455365e+02
1931	1.450113e+02
1932	1.444515e+02
1933	1.439204e+02
1934	1.433637e+02
1935	1.428090e+02
1936	1.421697e+02
1937	1.415403e+02
1938	1.408802e+02
1939	1.401383e+02
1940	1.393833e+02
1941	1.385668e+02
1942	1.378142e+02
1943	1.369097e+02
1944	1.359766e+02
1945	1.350325e+02
1946	1.340829e+02
1947	1.331341e+02
1948	1.322756e+02
1949	1.313068e+02
1950	1.302911e+02
1951	1.292208e+02
1952	1.282385e+02
1953	1.272525e+02
1954	1.262473e+02
1955	1.253166e+02
1956	1.243300e+02
1957	1.234076e+02
1958	1.224464e+02
1959	1.215382e+02
1960	1.207573e+02
1961	1.200130e+02
1962	1.193851e+02
1963	1.188209e+02
1964	1.182825e+02
1965	1.177765e+02
1966	1.173874e+02
1967	1.170646e+02
1968	1.167901e+02
1969	1.165836e+02
1970	1.164459e+02
1971	1.163375e+02
1972	1.161941e+02
1973	1.161351e+02
1974	1.160691e+02
1975	1.160817e+02
1976	1.161438e+02
1977	1.162582e+02
1978	1.162952e+02
1979	1.163823e+02
1980	1.165233e+02
1981	1.167456e+02
1982	1.169548e+02
1983	1.171752e+02
1984	1.173881e+02
1985	1.176621e+02
1986	1.179784e+02
1987	1.183570e+02
1988	1.188678e+02
1989	1.193749e+02
1990	1.198443e+02
1991	1.202990e+02
1992	1.208633e+02
1993	1.214457e+02
1994	1.220155e+02
1995	1.226368e+02
1996	1.233087e+02
1997	1.240227e+02
1998	1.247484e+02
1999	1.255107e+02
2000	1.263153e+02
2001	1.270123e+02
2002	1.276731e+02
2003	1.283367e+02
2004	1.290243e+02
2005	1.296531e+02
2006	1.302489e+02
2007	1.308187e+02
2008	1.313279e+02
2009	1.317838e+02
2010	1.322695e+02
2011	1.327234e+02
2012	1.331049e+02
2013	1.334442e+02
2014	1.337204e+02
2015	1.339588e+02
2016	1.341604e+02
2017	1.343308e+02
2018	1.344022e+02
2019	1.344625e+02
2020	1.345025e+02
2021	1.345057e+02
2022	1.344403e+02
2023	1.344289e+02
2024	1.343753e+02
2025	1.343273e+02
2026	1.342119e+02
2027	1.340743e+02
2028	1.339096e+02
2029	1.337146e+02
2030	1.335110e+02
2031	1.332837e+02
2032	1.329883e+02
2033	1.326903e+02
2034	1.324747e+02
2035	1.322308e+02
2036	1.318894e+02
2037	1.314627e+02
2038	1.310253e+02
2039	1.306254e+02
2040	1.302094e+02
2041	1.299093e+02
2042	1.296168e+02
2043	1.293255e+02
2044	1.290907e+02
2045	1.289355e+02
2046	1.288579e+02
2047	1.288582e+02
2048	1.289091e+02
2049	1.289229e+02
2050	1.289169e+02
2051	1.289711e+02
2052	1.290061e+02
2053	1.289363e+02
2054	1.288976e+02
2055	1.287832e+02
2056	1.286816e+02
2057	1.286078e+02
2058	1.285321e+02
2059	1.284687e+02
2060	1.283571e+02
2061	1.282420e+02
2062	1.281470e+02
2063	1.280342e+02
2064	1.278963e+02
2065	1.277894e+02
2066	1.276158e+02
2067	1.275348e+02
2068	1.275290e+02
2069	1.275492e+02
2070	1.275153e+02
2071	1.274324e+02
2072	1.273200e+02
2073	1.272605e+02
2074	1.272544e+02
2075	1.271766e+02
2076	1.269585e+02
2077	1.266871e+02
2078	1.264535e+02
2079	1.261544e+02
2080	1.259051e+02
2081	1.256441e+02
2082	1.253597e+02
2083	1.249620e+02
2084	1.245252e+02
2085	1.241489e+02
2086	1.238605e+02
2087	1.236141e+02
2088	1.234275e+02
2089	1.232520e+02
2090	1.230201e+02
2091	1.227854e+02
2092	1.226006e+02
2093	1.224896e+02
2094	1.223783e+02
2095	1.222640e+02
2096	1.221007e+02
2097	1.220210e+02
2098	1.220041e+02
2099	1.219862e+02
2100	1.218893e+02
2101	1.218649e+02
2102	1.218876e+02
2103	1.219529e+02
2104	1.220174e+02
2105	1.221503e+02
2106	1.222876e+02
2107	1.225028e+02
2108	1.227127e+02
2109	1.229068e+02
2110	1.232420e+02
2111	1.235607e+02
2112	1.239492e+02
2113	1.243428e+02
2114	1.247945e+02
2115	1.252550e+02
2116	1.257194e+02
2117	1.261411e+02
2118	1.265703e+02
2119	1.269821e+02
2120	1.273409e+02
2121	1.275718e+02
2122	1.278262e+02
2123	1.280240e+02
2124	1.281601e+02
2125	1.282688e+02
2126	1.284041e+02
2127	1.284965e+02
2128	1.285187e+02
2129	1.284891e+02
2130	1.283309e+02
2131	1.281227e+02
2132	1.279718e+02
2133	1.278534e+02
2134	1.277479e+02
2135	1.276202e+02
2136	1.275049e+02
2137	1.272629e+02
2138	1.269253e+02
2139	1.265343e+02
2140	1.261168e+02
2141	1.257247e+02
2142	1.252487e+02
2143	1.247971e+02
2144	1.243104e+02
2145	1.238563e+02
2146	1.234157e+02
2147	1.230373e+02
2148	1.227575e+02
2149	1.226312e+02
2150	1.224659e+02
2151	1.223643e+02
2152	1.222549e+02
2153	1.221084e+02
2154	1.218813e+02
2155	1.216005e+02
2156	1.212323e+02
2157	1.208177e+02
2158	1.204917e+02
2159	1.201470e+02
2160	1.198527e+02
2161	1.196014e+02
2162	1.194213e+02
2163	1.193519e+02
2164	1.194283e+02
2165	1.194333e+02
2166	1.195331e+02
2167	1.196086e+02
2168	1.198192e+02
2169	1.201020e+02
2170	1.204917e+02
2171	1.209604e+02
2172	1.214650e+02
2173	1.219380e+02
2174	1.224202e+02
2175	1.230430e+02
2176	1.237182e+02
2177	1.243898e+02
2178	1.251316e+02
2179	1.259193e+02
2180	1.267388e+02
2181	1.275349e+02
2182	1.282567e+02
2183	1.289705e+02
2184	1.295479e+02
2185	1.301600e+02
2186	1.308328e+02
2187	1.315164e+02
2188	1.322202e+02
2189	1.328477e+02
2190	1.333232e+02
2191	1.338286e+02
2192	1.342274e+02
2193	1.345504e+02
2194	1.347796e+02
2195	1.349930e+02
2196	1.352221e+02
2197	1.353447e+02
2198	1.354164e+02
2199	1.354291e+02
2200	1.353569e+02
2201	1.351796e+02
2202	1.348982e+02
2203	1.346298e+02
2204	1.342909e+02
2205	1.339236e+02
2206	1.336660e+02
2207	1.334261e+02
2208	1.331517e+02
2209	1.328501e+02
2210	1.325237e+02
2211	1.322029e+02
2212	1.318766e+02
2213	1.315443e+02
2214	1.312281e+02
2215	1.309292e+02
2216	1.307268e+02
2217	1.305062e+02
2218	1.302291e+02
2219	1.299089e+02
2220	1.296169e+02
2221	1.293103e+02
2222	1.290134e+02
2223	1.287743e+02
2224	1.285014e+02
2225	1.282547e+02
2226	1.279224e+02
2227	1.275753e+02
2228	1.271847e+02
2229	1.267922e+02
2230	1.264099e+02
2231	1.260908e+02
2232	1.258620e+02
2233	1.257372e+02
2234	1.256499e+02
2235	1.254962e+02
2236	1.254691e+02
2237	1.254808e+02
2238	1.254555e+02
2239	1.254496e+02
2240	1.254372e+02
2241	1.254313e+02
2242	1.254018e+02
2243	1.253101e+02
2244	1.252346e+02
2245	1.252515e+02
2246	1.252512e+02
2247	1.251285e+02
2248	1.250145e+02
2249	1.248499e+02
2250	1.247442e+02
2251	1.245015e+02
2252	1.242411e+02
2253	1.238673e+02
2254	1.234649e+02
2255	1.230705e+02
2256	1.226514e+02
2257	1.222367e+02
2258	1.217893e+02
2259	1.213674e+02
2260	1.208790e+02
2261	1.204494e+02
2262	1.200311e+02
2263	1.196927e+02
2264	1.193605e+02
2265	1.190837e+02
2266	1.188292e+02
2267	1.186285e+02
2268	1.184482e+02
2269	1.181937e+02
2270	1.179649e+02
2271	1.178231e+02
2272	1.176587e+02
2273	1.175643e+02
2274	1.175404e+02
2275	1.176254e+02
2276	1.176765e+02
2277	1.178553e+02
2278	1.180028e+02
2279	1.182197e+02
2280	1.184426e+02
2281	1.187425e+02
2282	1.190774e+02
2283	1.193999e+02
2284	1.197557e+02
2285	1.201804e+02
2286	1.207027e+02
2287	1.211865e+02
2288	1.216516e+02
2289	1.220586e+02
2290	1.225385e+02
2291	1.230594e+02
2292	1.235529e+02
2293	1.240431e+02
2294	1.245518e+02
2295	1.249233e+02
2296	1.252622e+02
2297	1.255624e+02
2298	1.258212e+02
2299	1.261298e+02
2300	1.263818e+02
2301	1.265519e+02
2302	1.266691e+02
2303	1.268188e+02
2304	1.270268e+02
2305	1.272496e+02
2306	1.273834e+02
2307	1.274953e+02
2308	1.276167e+02
2309	1.277874e+02
2310	1.279016e+02
2311	1.280515e+02
2312	1.281721e+02
2313	1.282723e+02
2314	1.282783e+02
2315	1.282980e+02
2316	1.283416e+02
2317	1.284261e+02
2318	1.284938e+02
2319	1.285978e+02
2320	1.286146e+02
2321	1.285177e+02
2322	1.283855e+02
2323	1.280945e+02
2324	1.277817e+02
2325	1.273875e+02
2326	1.269307e+02
2327	1.264459e+02
2328	1.259652e+02
2329	1.254942e+02
2330	1.249043e+02
2331	1.242890e+02
2332	1.236766e+02
2333	1.230320e+02
2334	1.224174e+02
2335	1.218759e+02
2336	1.213607e+02
2337	1.209325e+02
2338	1.203570e+02
2339	1.197631e+02
2340	1.191913e+02
2341	1.186839e+02
2342	1.181934e+02
2343	1.176853e+02
2344	1.171742e+02
2345	1.167131e+02
2346	1.163552e+02
2347	1.160353e+02
2348	1.157587e+02
2349	1.154731e+02
2350	1.151789e+02
2351	1.149378e+02
2352	1.147014e+02
2353	1.145182e+02
2354	1.143318e+02
2355	1.141950e+02
2356	1.141483e+02
2357	1.140464e+02
2358	1.139575e+02
2359	1.139385e+02
2360	1.139169e+02
2361	1.139635e+02
2362	1.139932e+02
2363	1.140861e+02
2364	1.142330e+02
2365	1.144523e+02
2366	1.146977e+02
2367	1.150333e+02
2368	1.154996e+02
2369	1.160512e+02
2370	1.166464e+02
2371	1.173126e+02
2372	1.180213e+02
2373	1.188472e+02
2374	1.196176e+02
2375	1.203343e+02
2376	1.209770e+02
2377	1.216489e+02
2378	1.222594e+02
2379	1.228145e+02
2380	1.232956e+02
2381	1.237156e+02
2382	1.241464e+02
2383	1.245654e+02
2384	1.249776e+02
2385	1.253283e+02
2386	1.257352e+02
2387	1.260432e+02
2388	1.263193e+02
2389	1.266197e+02
2390	1.268035e+02
2391	1.269006e+02
2392	1.268671e+02
2393	1.267987e+02
2394	1.267250e+02
2395	1.266900e+02
2396	1.265639e+02
2397	1.264085e+02
2398	1.262473e+02
2399	1.261062e+02
2400	1.260363e+02
2401	1.259807e+02
2402	1.257777e+02
2403	1.255200e+02
2404	1.252291e+02
2405	1.247986e+02
2406	1.243131e+02
2407	1.238348e+02
2408	1.233296e+02
2409	1.228454e+02
2410	1.223912e+02
2411	1.219771e+02
2412	1.215655e+02
2413	1.211811e+02
2414	1.208309e+02
2415	1.203993e+02
2416	1.198738e+02
2417	1.193826e+02
2418	1.188176e+02
2419	1.182416e+02
2420	1.176679e+02
2421	1.170902e+02
2422	1.165533e+02
2423	1.160091e+02
2424	1.154668e+02
2425	1.149284e+02
2426	1.145167e+02
2427	1.142136e+02
2428	1.139355e+02
2429	1.137227e+02
2430	1.135768e+02
2431	1.135218e+02
2432	1.135566e+02
2433	1.135777e+02
2434	1.136816e+02
2435	1.137491e+02
2436	1.138187e+02
2437	1.138656e+02
2438	1.139185e+02
2439	1.140420e+02
2440	1.142341e+02
2441	1.144288e+02
2442	1.146842e+02
2443	1.149515e+02
2444	1.151971e+02
2445	1.155579e+02
2446	1.159563e+02
2447	1.163497e+02
2448	1.168108e+02
2449	1.173030e+02
2450	1.178666e+02
2451	1.184053e+02
2452	1.189435e+02
2453	1.195041e+02
2454	1.201104e+02
2455	1.207836e+02
2456	1.214373e+02
2457	1.219981e+02
2458	1.225495e+02
2459	1.230631e+02
2460	1.235483e+02
2461	1.239684e+02
2462	1.242886e+02
2463	1.246434e+02
2464	1.249058e+02
2465	1.251319e+02
2466	1.252510e+02
2467	1.253362e+02
2468	1.254128e+02
2469	1.253986e+02
2470	1.254877e+02
2471	1.255149e+02
2472	1.256263e+02
2473	1.256505e+02
2474	1.256432e+02
2475	1.256431e+02
2476	1.255886e+02
2477	1.254464e+02
2478	1.252883e+02
2479	1.251100e+02
2480	1.248816e+02
2481	1.246293e+02
2482	1.243046e+02
2483	1.238784e+02
2484	1.235571e+02
2485	1.232918e+02
2486	1.230074e+02
2487	1.226598e+02
2488	1.222472e+02
2489	1.218272e+02
2490	1.213978e+02
2491	1.209423e+02
2492	1.204737e+02
2493	1.200298e+02
2494	1.195138e+02
2495	1.191092e+02
2496	1.187321e+02
2497	1.184349e+02
2498	1.181309e+02
2499	1.178430e+02
2500	1.176037e+02
2501	1.173793e+02
2502	1.171391e+02
2503	1.168762e+02
2504	1.166732e+02
2505	1.164975e+02
2506	1.163433e+02
2507	1.162055e+02
2508	1.160580e+02
2509	1.159744e+02
2510	1.158576e+02
2511	1.157834e+02
2512	1.157625e+02
2513	1.157708e+02
2514	1.158267e+02
2515	1.159172e+02
2516	1.160760e+02
2517	1.163289e+02
2518	1.166639e+02
2519	1.170596e+02
2520	1.175474e+02
2521	1.180203e+02
2522	1.185044e+02
2523	1.189478e+02
2524	1.193919e+02
2525	1.199377e+02
2526	1.204654e+02
2527	1.209939e+02
2528	1.216327e+02
2529	1.222186e+02
2530	1.227345e+02
2531	1.232346e+02
2532	1.238194e+02
2533	1.243811e+02
2534	1.248881e+02
2535	1.253320e+02
2536	1.257754e+02
2537	1.261063e+02
2538	1.263908e+02
2539	1.266258e+02
2540	1.268250e+02
2541	1.269897e+02
2542	1.270207e+02
2543	1.269662e+02
2544	1.268713e+02
2545	1.268107e+02
2546	1.266435e+02
2547	1.264227e+02
2548	1.261321e+02
2549	1.257198e+02
2550	1.253596e+02
2551	1.249991e+02
2552	1.245868e+02
2553	1.240092e+02
2554	1.234765e+02
2555	1.229840e+02
2556	1.224797e+02
2557	1.220747e+02
2558	1.215991e+02
2559	1.211016e+02
2560	1.206080e+02
2561	1.201767e+02
2562	1.197666e+02
2563	1.194032e+02
2564	1.191077e+02
2565	1.188727e+02
2566	1.187371e+02
2567	1.186539e+02
2568	1.186392e+02
2569	1.187077e+02
2570	1.186291e+02
2571	1.185120e+02
2572	1.184701e+02
2573	1.184308e+02
2574	1.184741e+02
2575	1.185348e+02
2576	1.186654e+02
2577	1.188480e+02
2578	1.190215e+02
2579	1.192842e+02
2580	1.195845e+02
2581	1.198042e+02
2582	1.200432e+02
2583	1.202753e+02
2584	1.205131e+02
2585	1.208117e+02
2586	1.211149e+02
2587	1.213928e+02
2588	1.216042e+02
2589	1.219020e+02
2590	1.222871e+02
2591	1.226959e+02
2592	1.231727e+02
2593	1.236850e+02
2594	1.241977e+02
2595	1.246388e+02
2596	1.250697e+02
2597	1.254361e+02
2598	1.257628e+02
2599	1.260484e+02
2600	1.263155e+02
2601	1.264667e+02
2602	1.266409e+02
2603	1.267659e+02
2604	1.268839e+02
2605	1.269895e+02
2606	1.270654e+02
2607	1.270537e+02
2608	1.269033e+02
2609	1.267290e+02
2610	1.265113e+02
2611	1.262418e+02
2612	1.259872e+02
2613	1.257317e+02
2614	1.253762e+02
2615	1.250488e+02
2616	1.247191e+02
2617	1.243549e+02
2618	1.240069e+02
2619	1.235849e+02
2620	1.231768e+02
2621	1.227559e+02
2622	1.222731e+02
2623	1.218021e+02
2624	1.213303e+02
2625	1.209423e+02
2626	1.206124e+02
2627	1.202409e+02
2628	1.199876e+02
2629	1.197010e+02
2630	1.195188e+02
2631	1.193268e+02
2632	1.191095e+02
2633	1.188939e+02
2634	1.187332e+02
2635	1.186097e+02
2636	1.184675e+02
2637	1.183098e+02
2638	1.181158e+02
2639	1.179326e+02
2640	1.177453e+02
2641	1.176055e+02
2642	1.174600e+02
2643	1.174636e+02
2644	1.174867e+02
2645	1.175304e+02
2646	1.176585e+02
2647	1.178658e+02
2648	1.180832e+02
2649	1.184197e+02
2650	1.187402e+02
2651	1.190832e+02
2652	1.194904e+02
2653	1.199261e+02
2654	1.203208e+02
2655	1.206642e+02
2656	1.210621e+02
2657	1.214469e+02
2658	1.219117e+02
2659	1.224105e+02
2660	1.229499e+02
2661	1.236082e+02
2662	1.242052e+02
2663	1.248620e+02
2664	1.255500e+02
2665	1.262197e+02
2666	1.268013e+02
2667	1.273348e+02
2668	1.277905e+02
2669	1.282234e+02
2670	1.285854e+02
2671	1.288860e+02
2672	1.292478e+02
2673	1.296380e+02
2674	1.300310e+02
2675	1.303702e+02
2676	1.306146e+02
2677	1.307801e+02
2678	1.309773e+02
2679	1.311761e+02
2680	1.313365e+02
2681	1.314096e+02
2682	1.314762e+02
2683	1.315165e+02
2684	1.314527e+02
2685	1.314290e+02
2686	1.314782e+02
2687	1.315318e+02
2688	1.315390e+02
2689	1.315549e+02
2690	1.315638e+02
2691	1.315531e+02
2692	1.315305e+02
2693	1.315141e+02
2694	1.314650e+02
2695	1.313568e+02
2696	1.313302e+02
2697	1.313505e+02
2698	1.314060e+02
2699	1.314740e+02
2700	1.316146e+02
2701	1.317536e+02
2702	1.317937e+02
2703	1.318101e+02
2704	1.318025e+02
2705	1.316810e+02
2706	1.316032e+02
2707	1.315100e+02
2708	1.313702e+02
2709	1.312785e+02
2710	1.312106e+02
2711	1.311226e+02
2712	1.309992e+02
2713	1.308620e+02
2714	1.307446e+02
2715	1.304894e+02
2716	1.302063e+02
2717	1.299509e+02
2718	1.296784e+02
2719	1.293655e+02
2720	1.290914e+02
2721	1.288584e+02
2722	1.286786e+02
2723	1.285156e+02
2724	1.283770e+02
2725	1.282961e+02
2726	1.281758e+02
2727	1.280757e+02
2728	1.280048e+02
2729	1.278934e+02
2730	1.277559e+02
2731	1.276810e+02
2732	1.275622e+02
2733	1.274603e+02
2734	1.274317e+02
2735	1.274144e+02
2736	1.274561e+02
2737	1.274335e+02
2738	1.274604e+02
2739	1.276201e+02
2740	1.277561e+02
2741	1.278423e+02
2742	1.279508e+02
2743	1.280973e+02
2744	1.282345e+02
2745	1.282959e+02
2746	1.283107e+02
2747	1.283402e+02
2748	1.283889e+02
2749	1.284013e+02
2750	1.283022e+02
2751	1.282250e+02
2752	1.281821e+02
2753	1.280730e+02
2754	1.279822e+02
2755	1.279103e+02
2756	1.278255e+02
2757	1.276383e+02
2758	1.274271e+02
2759	1.271935e+02
2760	1.269602e+02
2761	1.267383e+02
2762	1.264809e+02
2763	1.261605e+02
2764	1.259142e+02
2765	1.256777e+02
2766	1.253642e+02
2767	1.250300e+02
2768	1.248276e+02
2769	1.245973e+02
2770	1.244406e+02
2771	1.243101e+02
2772	1.242802e+02
2773	1.241695e+02
2774	1.240150e+02
2775	1.238740e+02
2776	1.236979e+02
2777	1.235307e+02
2778	1.233677e+02
2779	1.231911e+02
2780	1.229846e+02
2781	1.228395e+02
2782	1.226553e+02
2783	1.224695e+02
2784	1.221938e+02
2785	1.218628e+02
2786	1.215702e+02
2787	1.212039e+02
2788	1.208150e+02
2789	1.204124e+02
2790	1.199603e+02
2791	1.194679e+02
2792	1.189946e+02
2793	1.185684e+02
2794	1.181638e+02
2795	1.177953e+02
2796	1.173777e+02
2797	1.169889e+02
2798	1.166000e+02
2799	1.161130e+02
2800	1.156722e+02
2801	1.152368e+02
2802	1.147688e+02
2803	1.144082e+02
2804	1.141372e+02
2805	1.138640e+02
2806	1.135918e+02
2807	1.133504e+02
2808	1.131875e+02
2809	1.130683e+02
2810	1.129729e+02
2811	1.129194e+02
2812	1.128205e+02
2813	1.127491e+02
2814	1.127013e+02
2815	1.127690e+02
2816	1.128260e+02
2817	1.128995e+02
2818	1.130615e+02
2819	1.133068e+02
2820	1.135800e+02
2821	1.138278e+02
2822	1.142025e+02
2823	1.146866e+02
2824	1.152023e+02
2825	1.157351e+02
2826	1.162922e+02
2827	1.168958e+02
2828	1.174640e+02
2829	1.180350e+02
2830	1.186664e+02
2831	1.191785e+02
2832	1.196267e+02
2833	1.201358e+02
2834	1.206333e+02
2835	1.210684e+02
2836	1.215476e+02
2837	1.221231e+02
2838	1.227894e+02
2839	1.234301e+02
2840	1.240166e+02
2841	1.245909e+02
2842	1.251250e+02
2843	1.257023e+02
2844	1.261792e+02
2845	1.266161e+02
2846	1.269450e+02
2847	1.272679e+02
2848	1.275041e+02
2849	1.277158e+02
2850	1.279296e+02
2851	1.281802e+02
2852	1.284945e+02
2853	1.287646e+02
2854	1.289959e+02
2855	1.290669e+02
2856	1.290630e+02
2857	1.290058e+02
2858	1.290021e+02
2859	1.289864e+02
2860	1.289665e+02
2861	1.287926e+02
2862	1.285374e+02
2863	1.282863e+02
2864	1.280245e+02
2865	1.277119e+02
2866	1.273329e+02
2867	1.269170e+02
2868	1.264603e+02
2869	1.258928e+02
2870	1.253889e+02
2871	1.248660e+02
2872	1.242269e+02
2873	1.235340e+02
2874	1.228424e+02
2875	1.222398e+02
2876	1.217042e+02
2877	1.211222e+02
2878	1.205230e+02
2879	1.198796e+02
2880	1.192670e+02
2881	1.186814e+02
2882	1.181129e+02
2883	1.175484e+02
2884	1.171087e+02
2885	1.166205e+02
2886	1.161294e+02
2887	1.156422e+02
2888	1.152015e+02
2889	1.147576e+02
2890	1.143957e+02
2891	1.140063e+02
2892	1.135879e+02
2893	1.132074e+02
2894	1.129237e+02
2895	1.125887e+02
2896	1.122269e+02
2897	1.119036e+02
2898	1.115419e+02
2899	1.112984e+02
2900	1.111183e+02
2901	1.109298e+02
2902	1.107914e+02
2903	1.106039e+02
2904	1.104444e+02
2905	1.103011e+02
2906	1.102603e+02
2907	1.102297e+02
2908	1.101987e+02
2909	1.102276e+02
2910	1.102771e+02
2911	1.103114e+02
2912	1.104172e+02
2913	1.105860e+02
2914	1.108447e+02
2915	1.111518e+02
2916	1.114614e+02
2917	1.117624e+02
2918	1.120708e+02
2919	1.123866e+02
2920	1.127327e+02
2921	1.131626e+02
2922	1.136208e+02
2923	1.141358e+02
2924	1.147102e+02
2925	1.152748e+02
2926	1.158827e+02
2927	1.164250e+02
2928	1.169872e+02
2929	1.175491e+02
2930	1.181715e+02
2931	1.187992e+02
2932	1.194777e+02
2933	1.201537e+02
2934	1.208234e+02
2935	1.213907e+02
2936	1.219426e+02
2937	1.225611e+02
2938	1.232426e+02
2939	1.238991e+02
2940	1.244022e+02
2941	1.249231e+02
2942	1.253287e+02
2943	1.257002e+02
2944	1.261086e+02
2945	1.263719e+02
2946	1.265810e+02
2947	1.267947e+02
2948	1.269931e+02
2949	1.270980e+02
2950	1.271181e+02
2951	1.270477e+02
2952	1.269125e+02
2953	1.268103e+02
2954	1.267027e+02
2955	1.266369e+02
2956	1.264896e+02
2957	1.263760e+02
2958	1.262710e+02
2959	1.261475e+02
2960	1.259517e+02
2961	1.257133e+02
2962	1.254049e+02
2963	1.250743e+02
2964	1.247149e+02
2965	1.243999e+02
2966	1.239879e+02
2967	1.235795e+02
2968	1.231519e+02
2969	1.226734e+02
2970	1.221256e+02
2971	1.214905e+02
2972	1.208609e+02
2973	1.201921e+02
2974	1.195281e+02
2975	1.188815e+02
2976	1.182130e+02
2977	1.175605e+02
2978	1.169422e+02
2979	1.163465e+02
2980	1.158470e+02
2981	1.154608e+02
2982	1.151691e+02
2983	1.149359e+02
2984	1.147893e+02
2985	1.146401e+02
2986	1.144795e+02
2987	1.143155e+02
2988	1.141304e+02
2989	1.139423e+02
2990	1.138319e+02
2991	1.137419e+02
2992	1.136431e+02
2993	1.136348e+02
2994	1.136199e+02
2995	1.136554e+02
2996	1.136789e+02
2997	1.135951e+02
2998	1.135527e+02
2999	1.135482e+02
3000	1.135878e+02
3001	1.137032e+02
3002	1.139048e+02
3003	1.141014e+02
3004	1.144069e+02
3005	1.147214e+02
3006	1.150464e+02
3007	1.154299e+02
3008	1.159088e+02
3009	1.164117e+02
3010	1.168935e+02
3011	1.174063e+02
3012	1.179457e+02
3013	1.185233e+02
3014	1.190963e+02
3015	1.196378e+02
3016	1.201713e+02
3017	1.206946e+02
3018	1.212332e+02
3019	1.217202e+02
3020	1.223249e+02
3021	1.228527e+02
3022	1.233299e+02
3023	1.237933e+02
3024	1.242604e+02
3025	1.246805e+02
3026	1.249759e+02
3027	1.252244e+02
3028	1.254296e+02
3029	1.256566e+02
3030	1.259318e+02
3031	1.261658e+02
3032	1.263842e+02
3033	1.264859e+02
3034	1.265101e+02
3035	1.265059e+02
3036	1.264975e+02
3037	1.264268e+02
3038	1.264482e+02
3039	1.264645e+02
3040	1.266092e+02
3041	1.267259e+02
3042	1.268414e+02
3043	1.270462e+02
3044	1.271004e+02
3045	1.270805e+02
3046	1.270562e+02
3047	1.269969e+02
3048	1.269790e+02
3049	1.269875e+02
3050	1.269150e+02
3051	1.269161e+02
3052	1.269631e+02
3053	1.270330e+02
3054	1.271153e+02
3055	1.271224e+02
3056	1.270738e+02
3057	1.270473e+02
3058	1.269534e+02
3059	1.267782e+02
3060	1.266601e+02
3061	1.265317e+02
3062	1.264030e+02
3063	1.262585e+02
3064	1.260783e+02
3065	1.259053e+02
3066	1.256466e+02
3067	1.253592e+02
3068	1.250714e+02
3069	1.247934e+02
3070	1.244637e+02
3071	1.240795e+02
3072	1.236581e+02
3073	1.232025e+02
3074	1.227575e+02
3075	1.223551e+02
3076	1.220110e+02
3077	1.216590e+02
3078	1.212815e+02
3079	1.210002e+02
3080	1.207526e+02
3081	1.205826e+02
3082	1.204138e+02
3083	1.202480e+02
3084	1.201379e+02
3085	1.200792e+02
3086	1.201126e+02
3087	1.201323e+02
3088	1.202253e+02
3089	1.203723e+02
3090	1.205515e+02
3091	1.207915e+02
3092	1.210954e+02
3093	1.215027e+02
3094	1.218982e+02
3095	1.223019e+02
3096	1.228711e+02
3097	1.234460e+02
3098	1.240087e+02
3099	1.245454e+02
3100	1.250724e+02
3101	1.257329e+02
3102	1.263808e+02
3103	1.269489e+02
3104	1.275229e+02
3105	1.281019e+02
3106	1.286256e+02
3107	1.291361e+02
3108	1.296042e+02
3109	1.300803e+02
3110	1.305798e+02
3111	1.310546e+02
3112	1.314880e+02
3113	1.319034e+02
3114	1.323098e+02
3115	1.326439e+02
3116	1.328941e+02
3117	1.330410e+02
3118	1.330861e+02
3119	1.331564e+02
3120	1.331601e+02
3121	1.331534e+02
3122	1.331978e+02
3123	1.333358e+02
3124	1.333937e+02
3125	1.333895e+02
3126	1.334241e+02
3127	1.334877e+02
3128	1.335362e+02
3129	1.335322e+02
3130	1.335305e+02
3131	1.334229e+02
3132	1.333231e+02
3133	1.332105e+02
3134	1.330614e+02
3135	1.328314e+02
3136	1.325831e+02
3137	1.323142e+02
3138	1.320178e+02
3139	1.317861e+02
3140	1.314978e+02
3141	1.311517e+02
3142	1.306694e+02
3143	1.300677e+02
3144	1.294430e+02
3145	1.288233e+02
3146	1.282216e+02
3147	1.276666e+02
3148	1.272197e+02
3149	1.268386e+02
3150	1.265210e+02
3151	1.262253e+02
3152	1.260009e+02
3153	1.256567e+02
3154	1.252645e+02
3155	1.248507e+02
3156	1.244891e+02
3157	1.241478e+02
3158	1.237132e+02
3159	1.231897e+02
3160	1.226228e+02
3161	1.220975e+02
3162	1.215930e+02
3163	1.210744e+02
3164	1.206714e+02
3165	1.202905e+02
3166	1.199756e+02
3167	1.196845e+02
3168	1.194118e+02
3169	1.191419e+02
3170	1.189033e+02
3171	1.187058e+02
3172	1.186305e+02
3173	1.186814e+02
3174	1.187985e+02
3175	1.189284e+02
3176	1.191825e+02
3177	1.194453e+02
3178	1.196697e+02
3179	1.198554e+02
3180	1.200953e+02
3181	1.203871e+02
3182	1.206977e+02
3183	1.210447e+02
3184	1.213512e+02
3185	1.217461e+02
3186	1.221595e+02
3187	1.225494e+02
3188	1.229131e+02
3189	1.232732e+02
3190	1.236463e+02
3191	1.240850e+02
3192	1.245488e+02
3193	1.249739e+02
3194	1.254448e+02
3195	1.258683e+02
3196	1.262805e+02
3197	1.266173e+02
3198	1.268811e+02
3199	1.271488e+02
3200	1.274225e+02
3201	1.277147e+02
3202	1.279738e+02
3203	1.283038e+02
3204	1.286136e+02
3205	1.288134e+02
3206	1.289716e+02
3207	1.291796e+02
3208	1.293807e+02
3209	1.295611e+02
3210	1.296844e+02
3211	1.299232e+02
3212	1.301166e+02
3213	1.303199e+02
3214	1.305088e+02
3215	1.307395e+02
3216	1.309451e+02
3217	1.310582e+02
3218	1.311346e+02
3219	1.312412e+02
3220	1.313841e+02
3221	1.315087e+02
3222	1.315190e+02
3223	1.315168e+02
3224	1.315113e+02
3225	1.314022e+02
3226	1.312153e+02
3227	1.309662e+02
3228	1.306666e+02
3229	1.303084e+02
3230	1.298418e+02
3231	1.293583e+02
3232	1.288092e+02
3233	1.282584e+02
3234	1.276904e+02
3235	1.271066e+02
3236	1.264999e+02
3237	1.259170e+02
3238	1.253533e+02
3239	1.248302e+02
3240	1.243297e+02
3241	1.238407e+02
3242	1.233397e+02
3243	1.229096e+02
3244	1.224583e+02
3245	1.219972e+02
3246	1.215060e+02
3247	1.209606e+02
3248	1.205127e+02
3249	1.199922e+02
3250	1.194555e+02
3251	1.188752e+02
3252	1.183526e+02
3253	1.178748e+02
3254	1.173993e+02
3255	1.169364e+02
3256	1.165295e+02
3257	1.160832e+02
3258	1.156185e+02
3259	1.151237e+02
3260	1.146562e+02
3261	1.141485e+02
3262	1.137023e+02
3263	1.133238e+02
3264	1.130302e+02
3265	1.128518e+02
3266	1.126386e+02
3267	1.123964e+02
3268	1.121609e+02
3269	1.119637e+02
3270	1.118455e+02
3271	1.117955e+02
3272	1.118817e+02
3273	1.119108e+02
3274	1.119640e+02
3275	1.120856e+02
3276	1.122801e+02
3277	1.125617e+02
3278	1.128923e+02
3279	1.132131e+02
3280	1.134207e+02
3281	1.136644e+02
3282	1.138084e+02
3283	1.139404e+02
3284	1.140394e+02
3285	1.141832e+02
3286	1.142836e+02
3287	1.144957e+02
3288	1.146958e+02
3289	1.148933e+02
3290	1.151810e+02
3291	1.154713e+02
3292	1.157799e+02
3293	1.161081e+02
3294	1.164884e+02
3295	1.168218e+02
3296	1.172325e+02
3297	1.176063e+02
3298	1.180000e+02
3299	1.184410e+02
3300	1.189051e+02
3301	1.193456e+02
3302	1.198160e+02
3303	1.202350e+02
3304	1.206366e+02
3305	1.208979e+02
3306	1.210990e+02
3307	1.211925e+02
3308	1.211998e+02
3309	1.211769e+02
3310	1.210770e+02
3311	1.209852e+02
3312	1.208337e+02
3313	1.207189e+02
3314	1.206631e+02
3315	1.205187e+02
3316	1.203681e+02
3317	1.201721e+02
3318	1.198841e+02
3319	1.196197e+02
3320	1.193192e+02
3321	1.189360e+02
3322	1.185531e+02
3323	1.181738e+02
3324	1.178048e+02
3325	1.174546e+02
3326	1.170758e+02
3327	1.167640e+02
3328	1.165100e+02
3329	1.162715e+02
3330	1.160621e+02
3331	1.157463e+02
3332	1.154641e+02
3333	1.151658e+02
3334	1.149355e+02
3335	1.147232e+02
3336	1.144972e+02
3337	1.142405e+02
3338	1.139487e+02
3339	1.137963e+02
3340	1.136788e+02
3341	1.135908e+02
3342	1.135122e+02
3343	1.134169e+02
3344	1.134125e+02
3345	1.134363e+02
3346	1.135521e+02
3347	1.136791e+02
3348	1.138351e+02
3349	1.140189e+02
3350	1.142952e+02
3351	1.145210e+02
3352	1.147114e+02
3353	1.149475e+02
3354	1.151654e+02
3355	1.153107e+02
3356	1.154388e+02
3357	1.155467e+02
3358	1.157249e+02
3359	1.159302e+02
3360	1.161197e+02
3361	1.163482e+02
3362	1.166627e+02
3363	1.169269e+02
3364	1.172217e+02
3365	1.175376e+02
3366	1.178883e+02
3367	1.181983e+02
3368	1.185590e+02
3369	1.189203e+02
3370	1.192467e+02
3371	1.196079e+02
3372	1.199599e+02
3373	1.203596e+02
3374	1.207270e+02
3375	1.210747e+02
3376	1.213853e+02
3377	1.216492e+02
3378	1.219114e+02
3379	1.219968e+02
3380	1.220880e+02
3381	1.220323e+02
3382	1.219456e+02
3383	1.218628e+02
3384	1.218267e+02
3385	1.218154e+02
3386	1.217848e+02
3387	1.216199e+02
3388	1.214660e+02
3389	1.212730e+02
3390	1.210323e+02
3391	1.207459e+02
3392	1.203857e+02
3393	1.199858e+02
3394	1.194509e+02
3395	1.189502e+02
3396	1.184400e+02
3397	1.179155e+02
3398	1.173284e+02
3399	1.167386e+02
3400	1.161593e+02
3401	1.156037e+02
3402	1.149968e+02
3403	1.143343e+02
3404	1.136554e+02
3405	1.129474e+02
3406	1.121886e+02
3407	1.114422e+02
3408	1.106757e+02
3409	1.099173e+02
3410	1.092306e+02
3411	1.085572e+02
3412	1.079379e+02
3413	1.073332e+02
3414	1.068427e+02
3415	1.064860e+02
3416	1.061791e+02
3417	1.058582e+02
3418	1.056108e+02
3419	1.055027e+02
3420	1.053992e+02
3421	1.052346e+02
3422	1.050539e+02
3423	1.049857e+02
3424	1.050502e+02
3425	1.050644e+02
3426	1.050357e+02
3427	1.050411e+02
3428	1.051229e+02
3429	1.053915e+02
3430	1.057209e+02
3431	1.061327e+02
3432	1.065555e+02
3433	1.069553e+02
3434	1.074309e+02
3435	1.079704e+02
3436	1.085223e+02
3437	1.090897e+02
3438	1.096822e+02
3439	1.102948e+02
3440	1.109550e+02
3441	1.116407e+02
3442	1.122008e+02
3443	1.127328e+02
3444	1.133058e+02
3445	1.138280e+02
3446	1.143457e+02
3447	1.148914e+02
3448	1.153991e+02
3449	1.158532e+02
3450	1.162843e+02
3451	1.166840e+02
3452	1.170257e+02
3453	1.173621e+02
3454	1.176238e+02
3455	1.177836e+02
3456	1.179321e+02
3457	1.180279e+02
3458	1.180416e+02
3459	1.180203e+02
3460	1.180287e+02
3461	1.180585e+02
3462	1.181136e+02
3463	1.180649e+02
3464	1.179318e+02
3465	1.176761e+02
3466	1.174516e+02
3467	1.171026e+02
3468	1.167552e+02
3469	1.162259e+02
3470	1.156409e+02
3471	1.149989e+02
3472	1.142276e+02
3473	1.134290e+02
3474	1.126090e+02
3475	1.118184e+02
3476	1.110057e+02
3477	1.101470e+02
3478	1.093566e+02
3479	1.086749e+02
3480	1.079481e+02
3481	1.073403e+02
3482	1.067867e+02
3483	1.062673e+02
3484	1.058919e+02
3485	1.056760e+02
3486	1.054916e+02
3487	1.053202e+02
3488	1.052751e+02
3489	1.051921e+02
3490	1.050810e+02
3491	1.049980e+02
3492	1.050441e+02
3493	1.052157e+02
3494	1.054153e+02
3495	1.055974e+02
3496	1.058627e+02
3497	1.061843e+02
3498	1.065992e+02
3499	1.069835e+02
3500	1.073969e+02
3501	1.078211e+02
3502	1.083231e+02
3503	1.088655e+02
3504	1.094044e+02
3505	1.099492e+02
3506	1.105353e+02
3507	1.111642e+02
3508	1.118335e+02
3509	1.125943e+02
3510	1.133474e+02
3511	1.141079e+02
3512	1.148208e+02
3513	1.155110e+02
3514	1.161640e+02
3515	1.168027e+02
3516	1.173127e+02
3517	1.177692e+02
3518	1.181301e+02
3519	1.184304e+02
3520	1.186523e+02
3521	1.190292e+02
3522	1.192770e+02
3523	1.193923e+02
3524	1.194059e+02
3525	1.193071e+02
3526	1.191498e+02
3527	1.189838e+02
3528	1.186781e+02
3529	1.183751e+02
3530	1.179870e+02
3531	1.175193e+02
3532	1.170390e+02
3533	1.165243e+02
3534	1.160022e+02
3535	1.153468e+02
3536	1.146266e+02
3537	1.139366e+02
3538	1.132796e+02
3539	1.126526e+02
3540	1.120125e+02
3541	1.113536e+02
3542	1.107117e+02
3543	1.099632e+02
3544	1.092315e+02
3545	1.085763e+02
3546	1.079044e+02
3547	1.072406e+02
3548	1.067086e+02
3549	1.062144e+02
3550	1.057384e+02
3551	1.052236e+02
3552	1.048055e+02
3553	1.044417e+02
3554	1.041006e+02
3555	1.037290e+02
3556	1.033663e+02
3557	1.032036e+02
3558	1.031251e+02
3559	1.030915e+02
3560	1.032218e+02
3561	1.034152e+02
3562	1.037099e+02
3563	1.040189e+02
3564	1.043479e+02
3565	1.047584e+02
3566	1.052472e+02
3567	1.058815e+02
3568	1.066499e+02
3569	1.075156e+02
3570	1.084254e+02
3571	1.094007e+02
3572	1.104296e+02
3573	1.115668e+02
3574	1.127832e+02
3575	1.139202e+02
3576	1.150014e+02
3577	1.160405e+02
3578	1.170597e+02
3579	1.180907e+02
3580	1.190655e+02
3581	1.199691e+02
3582	1.208296e+02
3583	1.216763e+02
3584	1.225012e+02
3585	1.233066e+02
3586	1.239657e+02
3587	1.244914e+02
3588	1.249055e+02
3589	1.252821e+02
3590	1.256846e+02
3591	1.260431e+02
3592	1.263255e+02
3593	1.265594e+02
3594	1.266535e+02
3595	1.267039e+02
3596	1.267276e+02
3597	1.267422e+02
3598	1.266196e+02
3599	1.264699e+02
3600	1.262093e+02
3601	1.259528e+02
3602	1.256356e+02
3603	1.253413e+02
3604	1.249940e+02
3605	1.245906e+02
3606	1.240841e+02
3607	1.235532e+02
3608	1.230416e+02
3609	1.224545e+02
3610	1.218813e+02
3611	1.212487e+02
3612	1.206316e+02
3613	1.200040e+02
3614	1.192762e+02
3615	1.184102e+02
3616	1.174936e+02
3617	1.164199e+02
3618	1.153568e+02
3619	1.142966e+02
3620	1.132367e+02
3621	1.121434e+02
3622	1.111347e+02
3623	1.101278e+02
3624	1.091519e+02
3625	1.082151e+02
3626	1.072744e+02
3627	1.064181e+02
3628	1.055964e+02
3629	1.048386e+02
3630	1.041708e+02
3631	1.036094e+02
3632	1.031166e+02
3633	1.026861e+02
3634	1.023788e+02
3635	1.022446e+02
3636	1.021340e+02
3637	1.020723e+02
3638	1.019732e+02
3639	1.020122e+02
3640	1.022010e+02
3641	1.024935e+02
3642	1.029446e+02
3643	1.035163e+02
3644	1.041451e+02
3645	1.048915e+02
3646	1.056051e+02
3647	1.063664e+02
3648	1.071227e+02
3649	1.079172e+02
3650	1.087010e+02
3651	1.095529e+02
3652	1.103813e+02
3653	1.111630e+02
3654	1.119785e+02
3655	1.126589e+02
3656	1.133208e+02
3657	1.139860e+02
3658	1.146392e+02
3659	1.153301e+02
3660	1.159041e+02
3661	1.164534e+02
3662	1.169522e+02
3663	1.173238e+02
3664	1.175416e+02
3665	1.176849e+02
3666	1.177975e+02
3667	1.178564e+02
3668	1.179690e+02
3669	1.180770e+02
3670	1.181857e+02
3671	1.182428e+02
3672	1.183568e+02
3673	1.184482e+02
3674	1.185082e+02
3675	1.184851e+02
3676	1.183862e+02
3677	1.182526e+02
3678	1.180411e+02
3679	1.178526e+02
3680	1.175500e+02
3681	1.171831e+02
3682	1.169046e+02
3683	1.166573e+02
3684	1.163870e+02
3685	1.161158e+02
3686	1.158766e+02
3687	1.155316e+02
3688	1.152281e+02
3689	1.148865e+02
3690	1.146122e+02
3691	1.143386e+02
3692	1.140432e+02
3693	1.137063e+02
3694	1.134095e+02
3695	1.131181e+02
3696	1.129225e+02
3697	1.126870e+02
3698	1.125483e+02
3699	1.123548e+02
3700	1.121283e+02
3701	1.119046e+02
3702	1.116319e+02
3703	1.113490e+02
3704	1.110162e+02
3705	1.107981e+02
3706	1.105522e+02
3707	1.103039e+02
3708	1.100088e+02
3709	1.096979e+02
3710	1.093633e+02
3711	1.090818e+02
3712	1.088719e+02
3713	1.087792e+02
3714	1.086823e+02
3715	1.085625e+02
3716	1.083989e+02
3717	1.082418e+02
3718	1.081188e+02
3719	1.079495e+02
3720	1.077812e+02
3721	1.075864e+02
3722	1.074206e+02
3723	1.073103e+02
3724	1.071620e+02
3725	1.070598e+02
3726	1.069368e+02
3727	1.069451e+02
3728	1.069414e+02
3729	1.069865e+02
3730	1.069971e+02
3731	1.070179e+02
3732	1.070777e+02
3733	1.071142e+02
3734	1.072316e+02
3735	1.074515e+02
3736	1.077097e+02
3737	1.080262e+02
3738	1.082797e+02
3739	1.085805e+02
3740	1.088433e+02
3741	1.091109e+02
3742	1.093938e+02
3743	1.096534e+02
3744	1.099896e+02
3745	1.104189e+02
3746	1.109078e+02
3747	1.114382e+02
3748	1.119714e+02
3749	1.125524e+02
3750	1.130849e+02
3751	1.136732e+02
3752	1.143196e+02
3753	1.149718e+02
3754	1.156341e+02
3755	1.162474e+02
3756	1.169163e+02
3757	1.175872e+02
3758	1.182789e+02
3759	1.189534e+02
3760	1.196310e+02
3761	1.202709e+02
3762	1.208207e+02
3763	1.213346e+02
3764	1.218177e+02
3765	1.224399e+02
3766	1.230506e+02
3767	1.235803e+02
3768	1.240800e+02
3769	1.245195e+02
3770	1.249123e+02
3771	1.252594e+02
3772	1.254090e+02
3773	1.255393e+02
3774	1.256132e+02
3775	1.255427e+02
3776	1.253294e+02
3777	1.250436e+02
3778	1.247173e+02
3779	1.243580e+02
3780	1.238689e+02
3781	1.233875e+02
3782	1.228633e+02
3783	1.222893e+02
3784	1.216987e+02
3785	1.210612e+02
3786	1.203747e+02
3787	1.195903e+02
3788	1.187345e+02
3789	1.178853e+02
3790	1.169122e+02
3791	1.159788e+02
3792	1.150485e+02
3793	1.140902e+02
3794	1.131601e+02
3795	1.122306e+02
3796	1.114354e+02
3797	1.107267e+02
3798	1.100472e+02
3799	1.094221e+02
3800	1.088427e+02
3801	1.082392e+02
3802	1.077325e+02
3803	1.073194e+02
3804	1.068945e+02
3805	1.063752e+02
3806	1.058637e+02
3807	1.054384e+02
3808	1.050857e+02
3809	1.048854e+02
3810	1.047894e+02
3811	1.047687e+02
3812	1.048111e+02
3813	1.050450e+02
3814	1.053344e+02
3815	1.056986e+02
3816	1.060625e+02
3817	1.064966e+02
3818	1.069660e+02
3819	1.074435e+02
3820	1.079491e+02
3821	1.085064e+02
3822	1.091335e+02
3823	1.098133e+02
3824	1.106337e+02
3825	1.114823e+02
3826	1.123613e+02
3827	1.132623e+02
3828	1.142215e+02
3829	1.152400e+02
3830	1.162397e+02
3831	1.172253e+02
3832	1.182030e+02
3833	1.190726e+02
3834	1.199472e+02
3835	1.208308e+02
3836	1.217224e+02
3837	1.225738e+02
3838	1.234559e+02
3839	1.243358e+02
3840	1.252050e+02
3841	1.261140e+02
3842	1.270782e+02
3843	1.279823e+02
3844	1.288630e+02
3845	1.298512e+02
3846	1.308327e+02
3847	1.317953e+02
3848	1.326998e+02
3849	1.336098e+02
3850	1.343906e+02
3851	1.351049e+02
3852	1.357830e+02
3853	1.363151e+02
3854	1.368338e+02
3855	1.373786e+02
3856	1.378637e+02
3857	1.382142e+02
3858	1.384786e+02
3859	1.386645e+02
3860	1.387191e+02
3861	1.386513e+02
3862	1.385257e+02
3863	1.382829e+02
3864	1.379120e+02
3865	1.374941e+02
3866	1.370448e+02
3867	1.364724e+02
3868	1.359095e+02
3869	1.352994e+02
3870	1.346528e+02
3871	1.339617e+02
3872	1.332087e+02
3873	1.325186e+02
3874	1.318100e+02
3875	1.310306e+02
3876	1.301440e+02
3877	1.292684e+02
3878	1.283587e+02
3879	1.274610e+02
3880	1.266303e+02
3881	1.257389e+02
3882	1.247984e+02
3883	1.238007e+02
3884	1.228121e+02
3885	1.218395e+02
3886	1.208151e+02
3887	1.197848e+02
3888	1.188019e+02
3889	1.178242e+02
3890	1.169363e+02
3891	1.161292e+02
3892	1.153239e+02
3893	1.145477e+02
3894	1.138498e+02
3895	1.132140e+02
3896	1.127121e+02
3897	1.122810e+02
3898	1.118240e+02
3899	1.114852e+02
3900	1.112294e+02
3901	1.109894e+02
3902	1.108181e+02
3903	1.107444e+02
3904	1.108084e+02
3905	1.109504e+02
3906	1.111185e+02
3907	1.113908e+02
3908	1.117765e+02
3909	1.121995e+02
3910	1.126906e+02
3911	1.133492e+02
3912	1.139949e+02
3913	1.147911e+02
3914	1.157841e+02
3915	1.167242e+02
3916	1.177184e+02
3917	1.187973e+02
3918	1.200508e+02
3919	1.213761e+02
3920	1.227629e+02
3921	1.240884e+02
3922	1.253957e+02
3923	1.267291e+02
3924	1.280650e+02
3925	1.292986e+02
3926	1.304790e+02
3927	1.316052e+02
3928	1.326391e+02
3929	1.335528e+02
3930	1.344001e+02
3931	1.352035e+02
3932	1.360366e+02
3933	1.368343e+02
3934	1.376478e+02
3935	1.384253e+02
3936	1.391744e+02
3937	1.398755e+02
3938	1.404909e+02
3939	1.410436e+02
3940	1.414771e+02
3941	1.418216e+02
3942	1.420772e+02
3943	1.422173e+02
3944	1.422916e+02
3945	1.423097e+02
3946	1.423525e+02
3947	1.423372e+02
3948	1.421738e+02
3949	1.419581e+02
3950	1.416741e+02
3951	1.414359e+02
3952	1.411972e+02
3953	1.409211e+02
3954	1.405624e+02
3955	1.402425e+02
3956	1.398507e+02
3957	1.394361e+02
3958	1.389791e+02
3959	1.385378e+02
3960	1.381724e+02
3961	1.378466e+02
3962	1.374503e+02
3963	1.370815e+02
3964	1.366442e+02
3965	1.361617e+02
3966	1.356514e+02
3967	1.351243e+02
3968	1.345350e+02
3969	1.339143e+02
3970	1.333145e+02
3971	1.326333e+02
3972	1.318649e+02
3973	1.311596e+02
3974	1.304473e+02
3975	1.297543e+02
3976	1.289946e+02
3977	1.282170e+02
3978	1.274177e+02
3979	1.265126e+02
3980	1.256802e+02
3981	1.248842e+02
3982	1.240652e+02
3983	1.232619e+02
3984	1.225050e+02
3985	1.217816e+02
3986	1.211235e+02
3987	1.205339e+02
3988	1.199454e+02
3989	1.193935e+02
3990	1.188547e+02
3991	1.183472e+02
3992	1.179007e+02
3993	1.174297e+02
3994	1.170943e+02
3995	1.168935e+02
3996	1.168435e+02
3997	1.167881e+02
3998	1.168526e+02
3999	1.169780e+02
4000	1.171876e+02
4001	1.175067e+02
4002	1.177626e+02
4003	1.180407e+02
4004	1.184069e+02
4005	1.188948e+02
4006	1.194332e+02
4007	1.199979e+02
4008	1.205823e+02
4009	1.210700e+02
4010	1.215371e+02
4011	1.220342e+02
4012	1.224919e+02
4013	1.230341e+02
4014	1.236692e+02
4015	1.242294e+02
4016	1.246913e+02
4017	1.251831e+02
4018	1.257061e+02
4019	1.262703e+02
4020	1.268789e+02
4021	1.274597e+02
4022	1.280015e+02
4023	1.285847e+02
4024	1.290280e+02
4025	1.294538e+02
4026	1.298503e+02
4027	1.301318e+02
4028	1.304306e+02
4029	1.306901e+02
4030	1.309265e+02
4031	1.311302e+02
4032	1.313629e+02
4033	1.315975e+02
4034	1.317637e+02
4035	1.318518e+02
4036	1.318269e+02
4037	1.317413e+02
4038	1.316048e+02
4039	1.313555e+02
4040	1.310664e+02
4041	1.307630e+02
4042	1.303860e+02
4043	1.299503e+02
4044	1.294849e+02
4045	1.290066e+02
4046	1.284557e+02
4047	1.278654e+02
4048	1.272967e+02
4049	1.266901e+02
4050	1.260543e+02
4051	1.253837e+02
4052	1.246538e+02
4053	1.239568e+02
4054	1.231838e+02
4055	1.224089e+02
4056	1.216473e+02
4057	1.208028e+02
4058	1.200341e+02
4059	1.192821e+02
4060	1.185652e+02
4061	1.178706e+02
4062	1.171583e+02
4063	1.164929e+02
4064	1.158336e+02
4065	1.152723e+02
4066	1.146951e+02
4067	1.142456e+02
4068	1.138532e+02
4069	1.135634e+02
4070	1.132526e+02
4071	1.129472e+02
4072	1.126974e+02
4073	1.124423e+02
4074	1.123384e+02
4075	1.122033e+02
4076	1.120082e+02
4077	1.118399e+02
4078	1.117721e+02
4079	1.117855e+02
4080	1.118335e+02
4081	1.118908e+02
4082	1.118816e+02
4083	1.118700e+02
4084	1.119040e+02
4085	1.119557e+02
4086	1.120058e+02
4087	1.120923e+02
4088	1.121946e+02
4089	1.123520e+02
4090	1.125536e+02
4091	1.127670e+02
4092	1.130305e+02
4093	1.133823e+02
4094	1.136805e+02
4095	1.139462e+02
4096	1.142524e+02
4097	1.146377e+02
4098	1.150733e+02
4099	1.155283e+02
4100	1.159554e+02
4101	1.164081e+02
4102	1.168182e+02
4103	1.172759e+02
4104	1.177491e+02
4105	1.182943e+02
4106	1.188203e+02
4107	1.193467e+02
4108	1.198591e+02
4109	1.202854e+02
4110	1.207167e+02
4111	1.211914e+02
4112	1.216461e+02
4113	1.220684e+02
4114	1.224852e+02
4115	1.227715e+02
4116	1.229767e+02
4117	1.231452e+02
4118	1.232351e+02
4119	1.232912e+02
4120	1.232790e+02
4121	1.233328e+02
4122	1.233635e+02
4123	1.232829e+02
4124	1.231831e+02
4125	1.230975e+02
4126	1.229333e+02
4127	1.227814e+02
4128	1.225727e+02
4129	1.223121e+02
4130	1.220719e+02
4131	1.218360e+02
4132	1.215311e+02
4133	1.212715e+02
4134	1.209887e+02
4135	1.207399e+02
4136	1.205753e+02
4137	1.204337e+02
4138	1.202948e+02
4139	1.201190e+02
4140	1.198968e+02
4141	1.195973e+02
4142	1.193480e+02
4143	1.191376e+02
4144	1.189856e+02
4145	1.188245e+02
4146	1.187032e+02
4147	1.186389e+02
4148	1.186663e+02
4149	1.187500e+02
4150	1.188891e+02
4151	1.190884e+02
4152	1.193526e+02
4153	1.196371e+02
4154	1.200173e+02
4155	1.203918e+02
4156	1.208355e+02
4157	1.214421e+02
4158	1.220521e+02
4159	1.226558e+02
4160	1.232151e+02
4161	1.237955e+02
4162	1.243326e+02
4163	1.250081e+02
4164	1.256224e+02
4165	1.262582e+02
4166	1.269360e+02
4167	1.276026e+02
4168	1.282815e+02
4169	1.290315e+02
4170	1.296955e+02
4171	1.302609e+02
4172	1.307680e+02
4173	1.312194e+02
4174	1.315986e+02
4175	1.319762e+02
4176	1.322603e+02
4177	1.325418e+02
4178	1.327910e+02
4179	1.329994e+02
4180	1.331548e+02
4181	1.332032e+02
4182	1.331971e+02
4183	1.331010e+02
4184	1.329640e+02
4185	1.327374e+02
4186	1.324843e+02
4187	1.322068e+02
4188	1.318349e+02
4189	1.312884e+02
4190	1.306500e+02
4191	1.299330e+02
4192	1.291013e+02
4193	1.281632e+02
4194	1.272242e+02
4195	1.262649e+02
4196	1.253578e+02
4197	1.244066e+02
4198	1.235053e+02
4199	1.226236e+02
4200	1.217287e+02
4201	1.208568e+02
4202	1.200070e+02
4203	1.191698e+02
4204	1.184038e+02
4205	1.176226e+02
4206	1.168361e+02
4207	1.160279e+02
4208	1.152454e+02
4209	1.145436e+02
4210	1.139512e+02
4211	1.133997e+02
4212	1.129202e+02
4213	1.125386e+02
4214	1.122241e+02
4215	1.119072e+02
4216	1.116527e+02
4217	1.114442e+02
4218	1.112985e+02
4219	1.112152e+02
4220	1.112201e+02
4221	1.112871e+02
4222	1.115000e+02
4223	1.118070e+02
4224	1.122135e+02
4225	1.126023e+02
4226	1.129230e+02
4227	1.132168e+02
4228	1.134962e+02
4229	1.137541e+02
4230	1.140272e+02
4231	1.142379e+02
4232	1.143952e+02
4233	1.145064e+02
4234	1.146744e+02
4235	1.148988e+02
4236	1.152179e+02
4237	1.154743e+02
4238	1.157036e+02
4239	1.158476e+02
4240	1.161162e+02
4241	1.164522e+02
4242	1.167560e+02
4243	1.170696e+02
4244	1.174349e+02
4245	1.177985e+02
4246	1.182181e+02
4247	1.187349e+02
4248	1.192970e+02
4249	1.197963e+02
4250	1.202453e+02
4251	1.206280e+02
4252	1.210280e+02
4253	1.214911e+02
4254	1.218992e+02
4255	1.222897e+02
4256	1.227290e+02
4257	1.232192e+02
4258	1.236515e+02
4259	1.240986e+02
4260	1.245170e+02
4261	1.248951e+02
4262	1.252430e+02
4263	1.254352e+02
4264	1.256638e+02
4265	1.258683e+02
4266	1.260467e+02
4267	1.262325e+02
4268	1.264148e+02
4269	1.265775e+02
4270	1.266977e+02
4271	1.268105e+02
4272	1.269551e+02
4273	1.271055e+02
4274	1.271283e+02
4275	1.271620e+02
4276	1.271488e+02
4277	1.272072e+02
4278	1.271990e+02
4279	1.272326e+02
4280	1.272435e+02
4281	1.273002e+02
4282	1.273541e+02
4283	1.274485e+02
4284	1.274954e+02
4285	1.275091e+02
4286	1.274600e+02
4287	1.274255e+02
4288	1.274236e+02
4289	1.273611e+02
4290	1.272993e+02
4291	1.271980e+02
4292	1.269914e+02
4293	1.268276e+02
4294	1.266127e+02
4295	1.264266e+02
4296	1.262114e+02
4297	1.259764e+02
4298	1.257444e+02
4299	1.254189e+02
4300	1.249813e+02
4301	1.245152e+02
4302	1.240070e+02
4303	1.235459e+02
4304	1.231028e+02
4305	1.226461e+02
4306	1.221239e+02
4307	1.215758e+02
4308	1.209202e+02
4309	1.202886e+02
4310	1.196483e+02
4311	1.190049e+02
4312	1.183642e+02
4313	1.176827e+02
4314	1.170450e+02
4315	1.164378e+02
4316	1.159034e+02
4317	1.153214e+02
4318	1.147152e+02
4319	1.141522e+02
4320	1.135774e+02
4321	1.130614e+02
4322	1.125643e+02
4323	1.119923e+02
4324	1.115241e+02
4325	1.110235e+02
4326	1.106157e+02
4327	1.102302e+02
4328	1.098638e+02
4329	1.093492e+02
4330	1.090150e+02
4331	1.087238e+02
4332	1.083879e+02
4333	1.081034e+02
4334	1.078215e+02
4335	1.075092e+02
4336	1.072200e+02
4337	1.070332e+02
4338	1.068443e+02
4339	1.067722e+02
4340	1.068303e+02
4341	1.068905e+02
4342	1.070317e+02
4343	1.071790e+02
4344	1.073802e+02
4345	1.076380e+02
4346	1.079186e+02
4347	1.083395e+02
4348	1.086946e+02
4349	1.091333e+02
4350	1.096073e+02
4351	1.101595e+02
4352	1.108137e+02
4353	1.115015e+02
4354	1.122522e+02
4355	1.129760e+02
4356	1.137463e+02
4357	1.145416e+02
4358	1.154509e+02
4359	1.165555e+02
4360	1.176756e+02
4361	1.186556e+02
4362	1.195690e+02
4363	1.204548e+02
4364	1.212671e+02
4365	1.220347e+02
4366	1.227494e+02
4367	1.233931e+02
4368	1.239863e+02
4369	1.245190e+02
4370	1.250359e+02
4371	1.255220e+02
4372	1.260427e+02
4373	1.265286e+02
4374	1.270839e+02
4375	1.276456e+02
4376	1.282035e+02
4377	1.287143e+02
4378	1.291855e+02
4379	1.296165e+02
4380	1.300380e+02
4381	1.304307e+02
4382	1.306305e+02
4383	1.308079e+02
4384	1.309254e+02
4385	1.310233e+02
4386	1.311761e+02
4387	1.313029e+02
4388	1.314001e+02
4389	1.313656e+02
4390	1.312980e+02
4391	1.311773e+02
4392	1.309818e+02
4393	1.307490e+02
4394	1.304608e+02
4395	1.301367e+02
4396	1.298189e+02
4397	1.294456e+02
4398	1.290377e+02
4399	1.285937e+02
4400	1.281518e+02
4401	1.278177e+02
4402	1.275046e+02
4403	1.271096e+02
4404	1.266989e+02
4405	1.263033e+02
4406	1.259242e+02
4407	1.255989e+02
4408	1.251681e+02
4409	1.247162e+02
4410	1.241579e+02
4411	1.235113e+02
4412	1.229008e+02
4413	1.223668e+02
4414	1.218190e+02
4415	1.212830e+02
4416	1.208396e+02
4417	1.203781e+02
4418	1.199133e+02
4419	1.194084e+02
4420	1.187639e+02
4421	1.181646e+02
4422	1.175906e+02
4423	1.169967e+02
4424	1.163966e+02
4425	1.157803e+02
4426	1.152338e+02
4427	1.146386e+02
4428	1.141158e+02
4429	1.135238e+02
4430	1.129836e+02
4431	1.125638e+02
4432	1.122117e+02
4433	1.118703e+02
4434	1.116624e+02
4435	1.115010e+02
4436	1.113578e+02
4437	1.112473e+02
4438	1.111592e+02
4439	1.111309e+02
4440	1.111076e+02
4441	1.111774e+02
4442	1.113011e+02
4443	1.114821e+02
4444	1.116486e+02
4445	1.119435e+02
4446	1.122552e+02
4447	1.124980e+02
4448	1.127741e+02
4449	1.129557e+02
4450	1.132294e+02
4451	1.134650e+02
4452	1.136398e+02
4453	1.138781e+02
4454	1.141056e+02
4455	1.141165e+02
4456	1.140839e+02
4457	1.139986e+02
4458	1.140001e+02
4459	1.139348e+02
4460	1.137650e+02
4461	1.135528e+02
4462	1.132421e+02
4463	1.128484e+02
4464	1.124481e+02
4465	1.120026e+02
4466	1.115626e+02
4467	1.112075e+02
4468	1.109409e+02
4469	1.107415e+02
4470	1.105755e+02
4471	1.104200e+02
4472	1.103094e+02
4473	1.101147e+02
4474	1.098828e+02
4475	1.096464e+02
4476	1.094362e+02
4477	1.092748e+02
4478	1.091315e+02
4479	1.089753e+02
4480	1.089484e+02
4481	1.090268e+02
4482	1.092204e+02
4483	1.094960e+02
4484	1.097040e+02
4485	1.099309e+02
4486	1.102131e+02
4487	1.105574e+02
4488	1.109020e+02
4489	1.112429e+02
4490	1.115626e+02
4491	1.118446e+02
4492	1.122509e+02
4493	1.127435e+02
4494	1.132572e+02
4495	1.138364e+02
4496	1.144430e+02
4497	1.151290e+02
4498	1.158110e+02
4499	1.164816e+02
4500	1.170738e+02
4501	1.176499e+02
4502	1.182127e+02
4503	1.188014e+02
4504	1.193508e+02
4505	1.198673e+02
4506	1.203550e+02
4507	1.207002e+02
4508	1.209775e+02
4509	1.212052e+02
4510	1.213737e+02
4511	1.215448e+02
4512	1.217991e+02
4513	1.218957e+02
4514	1.219622e+02
4515	1.220532e+02
4516	1.220763e+02
4517	1.220496e+02
4518	1.221084e+02
4519	1.220320e+02
4520	1.219315e+02
4521	1.217996e+02
4522	1.216436e+02
4523	1.213962e+02
4524	1.211517e+02
4525	1.209050e+02
4526	1.206452e+02
4527	1.203653e+02
4528	1.201371e+02
4529	1.198664e+02
4530	1.196127e+02
4531	1.194268e+02
4532	1.192374e+02
4533	1.190276e+02
4534	1.188332e+02
4535	1.187006e+02
4536	1.184990e+02
4537	1.183147e+02
4538	1.180415e+02
4539	1.177035e+02
4540	1.173112e+02
4541	1.169527e+02
4542	1.166548e+02
4543	1.163890e+02
4544	1.160858e+02
4545	1.158450e+02
4546	1.155387e+02
4547	1.151752e+02
4548	1.148348e+02
4549	1.145648e+02
4550	1.142630e+02
4551	1.139275e+02
4552	1.135473e+02
4553	1.131728e+02
4554	1.127554e+02
4555	1.122338e+02
4556	1.117223e+02
4557	1.112628e+02
4558	1.107884e+02
4559	1.103707e+02
4560	1.099440e+02
4561	1.095396e+02
4562	1.091328e+02
4563	1.087296e+02
4564	1.084476e+02
4565	1.082331e+02
4566	1.081173e+02
4567	1.081473e+02
4568	1.082678e+02
4569	1.084474e+02
4570	1.085834e+02
4571	1.087674e+02
4572	1.089692e+02
4573	1.090877e+02
4574	1.092795e+02
4575	1.094902e+02
4576	1.098075e+02
4577	1.101280e+02
4578	1.104927e+02
4579	1.108917e+02
4580	1.113751e+02
4581	1.119079e+02
4582	1.124985e+02
4583	1.130298e+02
4584	1.135864e+02
4585	1.142350e+02
4586	1.148618e+02
4587	1.155638e+02
4588	1.162087e+02
4589	1.168452e+02
4590	1.174320e+02
4591	1.178894e+02
4592	1.183270e+02
4593	1.186711e+02
4594	1.190450e+02
4595	1.193891e+02
4596	1.196750e+02
4597	1.198913e+02
4598	1.200046e+02
4599	1.200083e+02
4600	1.200145e+02
4601	1.199968e+02
4602	1.200487e+02
4603	1.200740e+02
4604	1.201369e+02
4605	1.201316e+02
4606	1.200838e+02
4607	1.200682e+02
4608	1.200778e+02
4609	1.200316e+02
4610	1.200413e+02
4611	1.200262e+02
4612	1.199319e+02
4613	1.199377e+02
4614	1.199869e+02
4615	1.199638e+02
4616	1.199456e+02
4617	1.197825e+02
4618	1.196375e+02
4619	1.194617e+02
4620	1.192447e+02
4621	1.190080e+02
4622	1.188781e+02
4623	1.188060e+02
4624	1.186161e+02
4625	1.184133e+02
4626	1.182793e+02
4627	1.181955e+02
4628	1.181463e+02
4629	1.181025e+02
4630	1.179844e+02
4631	1.178691e+02
4632	1.177661e+02
4633	1.176796e+02
4634	1.174968e+02
4635	1.173742e+02
4636	1.171381e+02
4637	1.168406e+02
4638	1.165922e+02
4639	1.162796e+02
4640	1.160294e+02
4641	1.157463e+02
4642	1.154990e+02
4643	1.152819e+02
4644	1.150090e+02
4645	1.147967e+02
4646	1.146414e+02
4647	1.145251e+02
4648	1.143702e+02
4649	1.142226e+02
4650	1.141427e+02
4651	1.140866e+02
4652	1.140726e+02
4653	1.141355e+02
4654	1.142878e+02
4655	1.145122e+02
4656	1.146886e+02
4657	1.150318e+02
4658	1.154230e+02
4659	1.157670e+02
4660	1.161543e+02
4661	1.166203e+02
4662	1.171817e+02
4663	1.177304e+02
4664	1.182185e+02
4665	1.187072e+02
4666	1.192454e+02
4667	1.198281e+02
4668	1.202810e+02
4669	1.206076e+02
4670	1.208607e+02
4671	1.210738e+02
4672	1.213194e+02
4673	1.216400e+02
4674	1.218945e+02
4675	1.221494e+02
4676	1.224669e+02
4677	1.227664e+02
4678	1.230497e+02
4679	1.233957e+02
4680	1.237360e+02
4681	1.240345e+02
4682	1.243145e+02
4683	1.245733e+02
4684	1.247370e+02
4685	1.249176e+02
4686	1.250412e+02
4687	1.250181e+02
4688	1.249993e+02
4689	1.249192e+02
4690	1.247533e+02
4691	1.245472e+02
4692	1.243632e+02
4693	1.241062e+02
4694	1.237649e+02
4695	1.233437e+02
4696	1.229139e+02
4697	1.224216e+02
4698	1.218902e+02
4699	1.212956e+02
4700	1.206772e+02
4701	1.199456e+02
4702	1.192375e+02
4703	1.185825e+02
4704	1.179176e+02
4705	1.171892e+02
4706	1.164407e+02
4707	1.156158e+02
4708	1.147688e+02
4709	1.139765e+02
4710	1.132851e+02
4711	1.126869e+02
4712	1.121725e+02
4713	1.117270e+02
4714	1.113241e+02
4715	1.109857e+02
4716	1.107351e+02
4717	1.105168e+02
4718	1.103847e+02
4719	1.102760e+02
4720	1.102207e+02
4721	1.101839e+02
4722	1.102551e+02
4723	1.103873e+02
4724	1.104975e+02
4725	1.106303e+02
4726	1.106880e+02
4727	1.108506e+02
4728	1.110347e+02
4729	1.111856e+02
4730	1.112277e+02
4731	1.112650e+02
4732	1.113380e+02
4733	1.113787e+02
4734	1.114228e+02
4735	1.115665e+02
4736	1.117128e+02
4737	1.117329e+02
4738	1.117872e+02
4739	1.118145e+02
4740	1.118094e+02
4741	1.117643e+02
4742	1.117658e+02
4743	1.117366e+02
4744	1.117633e+02
4745	1.118556e+02
4746	1.120434e+02
4747	1.123042e+02
4748	1.125277e+02
4749	1.126731e+02
4750	1.128593e+02
4751	1.129265e+02
4752	1.130553e+02
4753	1.131552e+02
4754	1.132131e+02
4755	1.132138e+02
4756	1.132460e+02
4757	1.133086e+02
4758	1.134909e+02
4759	1.137004e+02
4760	1.139153e+02
4761	1.141387e+02
4762	1.143136e+02
4763	1.145912e+02
4764	1.148295e+02
4765	1.149940e+02
4766	1.151583e+02
4767	1.153386e+02
4768	1.153945e+02
4769	1.154173e+02
4770	1.154733e+02
4771	1.154735e+02
4772	1.154264e+02
4773	1.154579e+02
4774	1.155608e+02
4775	1.156965e+02
4776	1.158717e+02
4777	1.161066e+02
4778	1.163116e+02
4779	1.165580e+02
4780	1.168838e+02
4781	1.172382e+02
4782	1.175789e+02
4783	1.179037e+02
4784	1.182125e+02
4785	1.184882e+02
4786	1.187764e+02
4787	1.190826e+02
4788	1.192901e+02
4789	1.195530e+02
4790	1.197962e+02
4791	1.199647e+02
4792	1.201858e+02
4793	1.204192e+02
4794	1.207290e+02
4795	1.210817e+02
4796	1.214697e+02
4797	1.217377e+02
4798	1.219401e+02
4799	1.221464e+02
4800	1.223606e+02
4801	1.224884e+02
4802	1.226405e+02
4803	1.227704e+02
4804	1.228441e+02
4805	1.229026e+02
4806	1.228547e+02
4807	1.227826e+02
4808	1.226761e+02
4809	1.225001e+02
4810	1.224052e+02
4811	1.222237e+02
4812	1.220629e+02
4813	1.218663e+02
4814	1.216299e+02
4815	1.213984e+02
4816	1.212110e+02
4817	1.208994e+02
4818	1.204884e+02
4819	1.201499e+02
4820	1.197578e+02
4821	1.194164e+02
4822	1.190855e+02
4823	1.187503e+02
4824	1.184348e+02
4825	1.180687e+02
4826	1.176298e+02
4827	1.172394e+02
4828	1.168406e+02
4829	1.165414e+02
4830	1.161639e+02
4831	1.158458e+02
4832	1.156073e+02
4833	1.154227e+02
4834	1.152832e+02
4835	1.152327e+02
4836	1.152199e+02
4837	1.152201e+02
4838	1.152659e+02
4839	1.152268e+02
4840	1.152409e+02
4841	1.152087e+02
4842	1.151905e+02
4843	1.152474e+02
4844	1.152750e+02
4845	1.153289e+02
4846	1.154631e+02
4847	1.155390e+02
4848	1.156326e+02
4849	1.157206e+02
4850	1.157728e+02
4851	1.158603e+02
4852	1.159434e+02
4853	1.160766e+02
4854	1.162800e+02
4855	1.165511e+02
4856	1.168164e+02
4857	1.170999e+02
4858	1.172806e+02
4859	1.175254e+02
4860	1.177473e+02
4861	1.179893e+02
4862	1.183035e+02
4863	1.185865e+02
4864	1.189149e+02
4865	1.192995e+02
4866	1.196025e+02
4867	1.200011e+02
4868	1.203843e+02
4869	1.207958e+02
4870	1.211710e+02
4871	1.214931e+02
4872	1.217826e+02
4873	1.220846e+02
4874	1.224154e+02
4875	1.227162e+02
4876	1.230673e+02
4877	1.233735e+02
4878	1.236219e+02
4879	1.238142e+02
4880	1.239148e+02
4881	1.240539e+02
4882	1.241480e+02
4883	1.242352e+02
4884	1.243727e+02
4885	1.244981e+02
4886	1.245458e+02
4887	1.246330e+02
4888	1.246950e+02
4889	1.247828e+02
4890	1.248881e+02
4891	1.249821e+02
4892	1.251022e+02
4893	1.251267e+02
4894	1.250595e+02
4895	1.249142e+02
4896	1.247461e+02
4897	1.244580e+02
4898	1.241385e+02
4899	1.238104e+02
4900	1.234353e+02
4901	1.230666e+02
4902	1.225873e+02
4903	1.219822e+02
4904	1.213247e+02
4905	1.206739e+02
4906	1.199345e+02
4907	1.191692e+02
4908	1.183371e+02
4909	1.173670e+02
4910	1.164148e+02
4911	1.154871e+02
4912	1.146092e+02
4913	1.137699e+02
4914	1.129639e+02
4915	1.121029e+02
4916	1.112832e+02
4917	1.105034e+02
4918	1.096928e+02
4919	1.089361e+02
4920	1.081928e+02
4921	1.073988e+02
4922	1.065821e+02
4923	1.057369e+02
4924	1.049139e+02
4925	1.041437e+02
4926	1.033960e+02
4927	1.026977e+02
4928	1.020859e+02
4929	1.016291e+02
4930	1.012990e+02
4931	1.011348e+02
4932	1.010169e+02
4933	1.009229e+02
4934	1.009207e+02
4935	1.010362e+02
4936	1.012671e+02
4937	1.015440e+02
4938	1.019362e+02
4939	1.023796e+02
4940	1.028674e+02
4941	1.033282e+02
4942	1.038886e+02
4943	1.044884e+02
4944	1.050580e+02
4945	1.057500e+02
4946	1.064862e+02
4947	1.072271e+02
4948	1.078996e+02
4949	1.085555e+02
4950	1.093022e+02
4951	1.099819e+02
4952	1.106810e+02
4953	1.113698e+02
4954	1.120412e+02
4955	1.127396e+02
4956	1.134103e+02
4957	1.140682e+02
4958	1.146879e+02
4959	1.153508e+02
4960	1.160042e+02
4961	1.166471e+02
4962	1.172328e+02
4963	1.176638e+02
4964	1.179842e+02
4965	1.181993e+02
4966	1.184247e+02
4967	1.186376e+02
4968	1.187551e+02
4969	1.188432e+02
4970	1.188973e+02
4971	1.188406e+02
4972	1.188287e+02
4973	1.187276e+02
4974	1.185321e+02
4975	1.182795e+02
4976	1.179282e+02
4977	1.174657e+02
4978	1.169858e+02
4979	1.163764e+02
4980	1.157660e+02
4981	1.151879e+02
4982	1.145046e+02
4983	1.137545e+02
4984	1.130090e+02
4985	1.123154e+02
4986	1.115706e+02
4987	1.107712e+02
4988	1.100111e+02
4989	1.092820e+02
4990	1.086240e+02
4991	1.079389e+02
4992	1.073122e+02
4993	1.067299e+02
4994	1.060746e+02
4995	1.055029e+02
4996	1.049677e+02
4997	1.045672e+02
4998	1.042686e+02
4999	1.039107e+02
