# Step	Measurement
1	1.124558e+02
2	1.123275e+02
3	1.122413e+02
4	1.122039e+02
5	1.122019e+02
6	1.122081e+02
7	1.121914e+02
8	1.121663e+02
9	1.121846e+02
10	1.122278e+02
11	1.123662e+02
12	1.125088e+02
13	1.127370e+02
14	1.129922e+02
15	1.133352e+02
16	1.136794e+02
17	1.140181e+02
18	1.143335e+02
19	1.146733e+02
20	1.150198e+02
21	1.153344e+02
22	1.157386e+02
23	1.161833e+02
24	1.165136e+02
25	1.168162e+02
26	1.171694e+02
27	1.174885e+02
28	1.178103e+02
29	1.180196e+02
30	1.181378e+02
31	1.182532e+02
32	1.182135e+02
33	1.180980e+02
34	1.179372e+02
35	1.177282e+02
36	1.174606e+02
37	1.171237e+02
38	1.167642e+02
39	1.163609e+02
40	1.159005e+02
41	1.153352e+02
42	1.148361e+02
43	1.142833e+02
44	1.137637e+02
45	1.131358e+02
46	1.124947e+02
47	1.118502e+02
48	1.112343e+02
49	1.105950e+02
50	1.100209e+02
51	1.095257e+02
52	1.090500e+02
53	1.085939e+02
54	1.082546e+02
55	1.080215e+02
56	1.078232e+02
57	1.076478e+02
58	1.074731e+02
59	1.073566e+02
60	1.072819e+02
61	1.072290e+02
62	1.071921e+02
63	1.072055e+02
64	1.072832e+02
65	1.074755e+02
66	1.077890e+02
67	1.081714e+02
68	1.086428e+02
69	1.091363e+02
70	1.096987e+02
71	1.103740e+02
72	1.110995e+02
73	1.117868e+02
74	1.125319e+02
75	1.133213e+02
76	1.140368e+02
77	1.147513e+02
78	1.154359e+02
79	1.160400e+02
80	1.166492e+02
81	1.172111e+02
82	1.177686e+02
83	1.182699e+02
84	1.187618e+02
85	1.192081e+02
86	1.196171e+02
87	1.200252e+02
88	1.204771e+02
89	1.208748e+02
90	1.212581e+02
91	1.216209e+02
92	1.219175e+02
93	1.220791e+02
94	1.221981e+02
95	1.222527e+02
96	1.221828e+02
97	1.219429e+02
98	1.215869e+02
99	1.212114e+02
100	1.207484e+02
101	1.201422e+02
102	1.194066e+02
103	1.186235e+02
104	1.177382e+02
105	1.167501e+02
106	1.155701e+02
107	1.143601e+02
108	1.131840e+02
109	1.120039e+02
110	1.108420e+02
111	1.096582e+02
112	1.084540e+02
113	1.072246e+02
114	1.060230e+02
115	1.048588e+02
116	1.037307e+02
117	1.026232e+02
118	1.016083e+02
119	1.007081e+02
120	9.992988e+01
121	9.929069e+01
122	9.879420e+01
123	9.850318e+01
124	9.836454e+01
125	9.840800e+01
126	9.861329e+01
127	9.896799e+01
128	9.943873e+01
129	1.000880e+02
130	1.008241e+02
131	1.016757e+02
132	1.026482e+02
133	1.037388e+02
134	1.049611e+02
135	1.062928e+02
136	1.076803e+02
137	1.091312e+02
138	1.106543e+02
139	1.122571e+02
140	1.138998e+02
141	1.155477e+02
142	1.171525e+02
143	1.187631e+02
144	1.203312e+02
145	1.219526e+02
146	1.235279e+02
147	1.250561e+02
148	1.265196e+02
149	1.278835e+02
150	1.291434e+02
151	1.302851e+02
152	1.313166e+02
153	1.322112e+02
154	1.329691e+02
155	1.336283e+02
156	1.341065e+02
157	1.344820e+02
158	1.347343e+02
159	1.348989e+02
160	1.349245e+02
161	1.347421e+02
162	1.343908e+02
163	1.338846e+02
164	1.332846e+02
165	1.325896e+02
166	1.318687e+02
167	1.310275e+02
168	1.300789e+02
169	1.289994e+02
170	1.279333e+02
171	1.268539e+02
172	1.257063e+02
173	1.244229e+02
174	1.230603e+02
175	1.216582e+02
176	1.201699e+02
177	1.186723e+02
178	1.171836e+02
179	1.156113e+02
180	1.140431e+02
181	1.124386e+02
182	1.108721e+02
183	1.093335e+02
184	1.079167e+02
185	1.066016e+02
186	1.054622e+02
187	1.044492e+02
188	1.035246e+02
189	1.026929e+02
190	1.020010e+02
191	1.013772e+02
192	1.009253e+02
193	1.006478e+02
194	1.005627e+02
195	1.006263e+02
196	1.007835e+02
197	1.011065e+02
198	1.015660e+02
199	1.021406e+02
200	1.028937e+02
201	1.036927e+02
202	1.044867e+02
203	1.052623e+02
204	1.060508e+02
205	1.067910e+02
206	1.075348e+02
207	1.081293e+02
208	1.086758e+02
209	1.092040e+02
210	1.097586e+02
211	1.103492e+02
212	1.110215e+02
213	1.116229e+02
214	1.121661e+02
215	1.126931e+02
216	1.132713e+02
217	1.139033e+02
218	1.144709e+02
219	1.148857e+02
220	1.153479e+02
221	1.156569e+02
222	1.159348e+02
223	1.162147e+02
224	1.164985e+02
225	1.167585e+02
226	1.169632e+02
227	1.171950e+02
228	1.174017e+02
229	1.176226e+02
230	1.178948e+02
231	1.181480e+02
232	1.183913e+02
233	1.186177e+02
234	1.188313e+02
235	1.190558e+02
236	1.192894e+02
237	1.194486e+02
238	1.195941e+02
239	1.196795e+02
240	1.197943e+02
241	1.200146e+02
242	1.202477e+02
243	1.204220e+02
244	1.205529e+02
245	1.206521e+02
246	1.206795e+02
247	1.206682e+02
248	1.207143e+02
249	1.207431e+02
250	1.207803e+02
251	1.209004e+02
252	1.210165e+02
253	1.211141e+02
254	1.211662e+02
255	1.212266e+02
256	1.212495e+02
257	1.211910e+02
258	1.210547e+02
259	1.207768e+02
260	1.204182e+02
261	1.200737e+02
262	1.196539e+02
263	1.191587e+02
264	1.185373e+02
265	1.177768e+02
266	1.169447e+02
267	1.160673e+02
268	1.150982e+02
269	1.140741e+02
270	1.130567e+02
271	1.119442e+02
272	1.108626e+02
273	1.097997e+02
274	1.088191e+02
275	1.078073e+02
276	1.067957e+02
277	1.058325e+02
278	1.048516e+02
279	1.039409e+02
280	1.030730e+02
281	1.022011e+02
282	1.014109e+02
283	1.007658e+02
284	1.002299e+02
285	9.974792e+01
286	9.940795e+01
287	9.912404e+01
288	9.897651e+01
289	9.893799e+01
290	9.905235e+01
291	9.926726e+01
292	9.966528e+01
293	1.001711e+02
294	1.006944e+02
295	1.013171e+02
296	1.020502e+02
297	1.028355e+02
298	1.036812e+02
299	1.046045e+02
300	1.054675e+02
301	1.063269e+02
302	1.072709e+02
303	1.082418e+02
304	1.092419e+02
305	1.102010e+02
306	1.111491e+02
307	1.121055e+02
308	1.131371e+02
309	1.142008e+02
310	1.151675e+02
311	1.161322e+02
312	1.169662e+02
313	1.177043e+02
314	1.182878e+02
315	1.187616e+02
316	1.191576e+02
317	1.194348e+02
318	1.196586e+02
319	1.197990e+02
320	1.198450e+02
321	1.197892e+02
322	1.196506e+02
323	1.194471e+02
324	1.192068e+02
325	1.188884e+02
326	1.185294e+02
327	1.181406e+02
328	1.177231e+02
329	1.172396e+02
330	1.167282e+02
331	1.161978e+02
332	1.156253e+02
333	1.150938e+02
334	1.146221e+02
335	1.141193e+02
336	1.136777e+02
337	1.132785e+02
338	1.129178e+02
339	1.126532e+02
340	1.123963e+02
341	1.122148e+02
342	1.121364e+02
343	1.121167e+02
344	1.121993e+02
345	1.123662e+02
346	1.126034e+02
347	1.128312e+02
348	1.130874e+02
349	1.133595e+02
350	1.136809e+02
351	1.140665e+02
352	1.144312e+02
353	1.147916e+02
354	1.150609e+02
355	1.153449e+02
356	1.155953e+02
357	1.158838e+02
358	1.161401e+02
359	1.163719e+02
360	1.165355e+02
361	1.166327e+02
362	1.166218e+02
363	1.166138e+02
364	1.165907e+02
365	1.165704e+02
366	1.164972e+02
367	1.164590e+02
368	1.163787e+02
369	1.162342e+02
370	1.160765e+02
371	1.159229e+02
372	1.157017e+02
373	1.154588e+02
374	1.152042e+02
375	1.148804e+02
376	1.145934e+02
377	1.142722e+02
378	1.139492e+02
379	1.137292e+02
380	1.135825e+02
381	1.134842e+02
382	1.134030e+02
383	1.133354e+02
384	1.132259e+02
385	1.130947e+02
386	1.130123e+02
387	1.129180e+02
388	1.128764e+02
389	1.128764e+02
390	1.128874e+02
391	1.128710e+02
392	1.129407e+02
393	1.130442e+02
394	1.131995e+02
395	1.134665e+02
396	1.137755e+02
397	1.141435e+02
398	1.145549e+02
399	1.149352e+02
400	1.153080e+02
401	1.155911e+02
402	1.158018e+02
403	1.160005e+02
404	1.161104e+02
405	1.162107e+02
406	1.163087e+02
407	1.164048e+02
408	1.164471e+02
409	1.164848e+02
410	1.165435e+02
411	1.165241e+02
412	1.164008e+02
413	1.162144e+02
414	1.159572e+02
415	1.157418e+02
416	1.155115e+02
417	1.151980e+02
418	1.148343e+02
419	1.143631e+02
420	1.138922e+02
421	1.134559e+02
422	1.129681e+02
423	1.124330e+02
424	1.118979e+02
425	1.114143e+02
426	1.109331e+02
427	1.104351e+02
428	1.100855e+02
429	1.097335e+02
430	1.093887e+02
431	1.090810e+02
432	1.088994e+02
433	1.087143e+02
434	1.085300e+02
435	1.083310e+02
436	1.081935e+02
437	1.081429e+02
438	1.080593e+02
439	1.079982e+02
440	1.079070e+02
441	1.078629e+02
442	1.078202e+02
443	1.077805e+02
444	1.076405e+02
445	1.075925e+02
446	1.076019e+02
447	1.077019e+02
448	1.077914e+02
449	1.079262e+02
450	1.080474e+02
451	1.082343e+02
452	1.083916e+02
453	1.084822e+02
454	1.085237e+02
455	1.085233e+02
456	1.085419e+02
457	1.086431e+02
458	1.088033e+02
459	1.090026e+02
460	1.092325e+02
461	1.094406e+02
462	1.097021e+02
463	1.099360e+02
464	1.102421e+02
465	1.104952e+02
466	1.107790e+02
467	1.110866e+02
468	1.113844e+02
469	1.117198e+02
470	1.120746e+02
471	1.124112e+02
472	1.127048e+02
473	1.130033e+02
474	1.133241e+02
475	1.135991e+02
476	1.138405e+02
477	1.140586e+02
478	1.142132e+02
479	1.143151e+02
480	1.143913e+02
481	1.144748e+02
482	1.145547e+02
483	1.146304e+02
484	1.146036e+02
485	1.144590e+02
486	1.142264e+02
487	1.139317e+02
488	1.136536e+02
489	1.133508e+02
490	1.130250e+02
491	1.127152e+02
492	1.123876e+02
493	1.120896e+02
494	1.117558e+02
495	1.113975e+02
496	1.111052e+02
497	1.108331e+02
498	1.105409e+02
499	1.103051e+02
500	1.100439e+02
501	1.097759e+02
502	1.095996e+02
503	1.094438e+02
504	1.093158e+02
505	1.092009e+02
506	1.090411e+02
507	1.089508e+02
508	1.088520e+02
509	1.087541e+02
510	1.086894e+02
511	1.086833e+02
512	1.087578e+02
513	1.088756e+02
514	1.090838e+02
515	1.093160e+02
516	1.096173e+02
517	1.100123e+02
518	1.104325e+02
519	1.109484e+02
520	1.115426e+02
521	1.121425e+02
522	1.126350e+02
523	1.131085e+02
524	1.136079e+02
525	1.139897e+02
526	1.144144e+02
527	1.147289e+02
528	1.150347e+02
529	1.152761e+02
530	1.154463e+02
531	1.155241e+02
532	1.155922e+02
533	1.156171e+02
534	1.155742e+02
535	1.155440e+02
536	1.155459e+02
537	1.155190e+02
538	1.155159e+02
539	1.154994e+02
540	1.154628e+02
541	1.153441e+02
542	1.151314e+02
543	1.149036e+02
544	1.146632e+02
545	1.143868e+02
546	1.140218e+02
547	1.136430e+02
548	1.131992e+02
549	1.127347e+02
550	1.122020e+02
551	1.116946e+02
552	1.112997e+02
553	1.110464e+02
554	1.108844e+02
555	1.107269e+02
556	1.107101e+02
557	1.106578e+02
558	1.106527e+02
559	1.107490e+02
560	1.108195e+02
561	1.109941e+02
562	1.111692e+02
563	1.113681e+02
564	1.116780e+02
565	1.119926e+02
566	1.123308e+02
567	1.126602e+02
568	1.130222e+02
569	1.133556e+02
570	1.136528e+02
571	1.138798e+02
572	1.141622e+02
573	1.143586e+02
574	1.145140e+02
575	1.146088e+02
576	1.147060e+02
577	1.147189e+02
578	1.147540e+02
579	1.147978e+02
580	1.147558e+02
581	1.147606e+02
582	1.147249e+02
583	1.147226e+02
584	1.146263e+02
585	1.145348e+02
586	1.143796e+02
587	1.141447e+02
588	1.139098e+02
589	1.136286e+02
590	1.132793e+02
591	1.129034e+02
592	1.124253e+02
593	1.120151e+02
594	1.116588e+02
595	1.113046e+02
596	1.109739e+02
597	1.107256e+02
598	1.105508e+02
599	1.103726e+02
600	1.102355e+02
601	1.101244e+02
602	1.100334e+02
603	1.100727e+02
604	1.101676e+02
605	1.103145e+02
606	1.105001e+02
607	1.107240e+02
608	1.110208e+02
609	1.113967e+02
610	1.117967e+02
611	1.122996e+02
612	1.128609e+02
613	1.134857e+02
614	1.141868e+02
615	1.148576e+02
616	1.154650e+02
617	1.160153e+02
618	1.165681e+02
619	1.171857e+02
620	1.177274e+02
621	1.182249e+02
622	1.186259e+02
623	1.189030e+02
624	1.190601e+02
625	1.191313e+02
626	1.191394e+02
627	1.190978e+02
628	1.189940e+02
629	1.188529e+02
630	1.186879e+02
631	1.186016e+02
632	1.184645e+02
633	1.183526e+02
634	1.182368e+02
635	1.181119e+02
636	1.179545e+02
637	1.178031e+02
638	1.175881e+02
639	1.173627e+02
640	1.172109e+02
641	1.171594e+02
642	1.170808e+02
643	1.170281e+02
644	1.170363e+02
645	1.169987e+02
646	1.170422e+02
647	1.171336e+02
648	1.172912e+02
649	1.173649e+02
650	1.174719e+02
651	1.175613e+02
652	1.176725e+02
653	1.178396e+02
654	1.180124e+02
655	1.180998e+02
656	1.181910e+02
657	1.183291e+02
658	1.185200e+02
659	1.186893e+02
660	1.187707e+02
661	1.188508e+02
662	1.188051e+02
663	1.187557e+02
664	1.187288e+02
665	1.187143e+02
666	1.186639e+02
667	1.186442e+02
668	1.185989e+02
669	1.185118e+02
670	1.184638e+02
671	1.184314e+02
672	1.184263e+02
673	1.184090e+02
674	1.183577e+02
675	1.182146e+02
676	1.180352e+02
677	1.178448e+02
678	1.177274e+02
679	1.176784e+02
680	1.176469e+02
681	1.176706e+02
682	1.176931e+02
683	1.176574e+02
684	1.175967e+02
685	1.175058e+02
686	1.172780e+02
687	1.169775e+02
688	1.166139e+02
689	1.162911e+02
690	1.159623e+02
691	1.155425e+02
692	1.151125e+02
693	1.147333e+02
694	1.143078e+02
695	1.138435e+02
696	1.133853e+02
697	1.130195e+02
698	1.127083e+02
699	1.124441e+02
700	1.121191e+02
701	1.118413e+02
702	1.115512e+02
703	1.112725e+02
704	1.110734e+02
705	1.108647e+02
706	1.107209e+02
707	1.106051e+02
708	1.104769e+02
709	1.104248e+02
710	1.103758e+02
711	1.103863e+02
712	1.105319e+02
713	1.107008e+02
714	1.109305e+02
715	1.112635e+02
716	1.116179e+02
717	1.120171e+02
718	1.125046e+02
719	1.130198e+02
720	1.135424e+02
721	1.140827e+02
722	1.146510e+02
723	1.151793e+02
724	1.157357e+02
725	1.163516e+02
726	1.169187e+02
727	1.174947e+02
728	1.180030e+02
729	1.183624e+02
730	1.186960e+02
731	1.190383e+02
732	1.192371e+02
733	1.192998e+02
734	1.192663e+02
735	1.191050e+02
736	1.188848e+02
737	1.185854e+02
738	1.182863e+02
739	1.179191e+02
740	1.174346e+02
741	1.169512e+02
742	1.164320e+02
743	1.158720e+02
744	1.152793e+02
745	1.146630e+02
746	1.140308e+02
747	1.134345e+02
748	1.128845e+02
749	1.122688e+02
750	1.116533e+02
751	1.111309e+02
752	1.106668e+02
753	1.101896e+02
754	1.096312e+02
755	1.091307e+02
756	1.087246e+02
757	1.083730e+02
758	1.080652e+02
759	1.078199e+02
760	1.077649e+02
761	1.078014e+02
762	1.078911e+02
763	1.079855e+02
764	1.081674e+02
765	1.084193e+02
766	1.087489e+02
767	1.091648e+02
768	1.096413e+02
769	1.101911e+02
770	1.107746e+02
771	1.113855e+02
772	1.119830e+02
773	1.125034e+02
774	1.129596e+02
775	1.133416e+02
776	1.136843e+02
777	1.141182e+02
778	1.145477e+02
779	1.150021e+02
780	1.154968e+02
781	1.158981e+02
782	1.162208e+02
783	1.164218e+02
784	1.165706e+02
785	1.166768e+02
786	1.168317e+02
787	1.170053e+02
788	1.172743e+02
789	1.175197e+02
790	1.177000e+02
791	1.178701e+02
792	1.179540e+02
793	1.180325e+02
794	1.179323e+02
795	1.177196e+02
796	1.175902e+02
797	1.174767e+02
798	1.173484e+02
799	1.172238e+02
800	1.170805e+02
801	1.169214e+02
802	1.167647e+02
803	1.166179e+02
804	1.164342e+02
805	1.162835e+02
806	1.161287e+02
807	1.159776e+02
808	1.158006e+02
809	1.155946e+02
810	1.153566e+02
811	1.151210e+02
812	1.148536e+02
813	1.146493e+02
814	1.145125e+02
815	1.144933e+02
816	1.144832e+02
817	1.145502e+02
818	1.146123e+02
819	1.147007e+02
820	1.148052e+02
821	1.147882e+02
822	1.148627e+02
823	1.150338e+02
824	1.152011e+02
825	1.153564e+02
826	1.154777e+02
827	1.156506e+02
828	1.158187e+02
829	1.159703e+02
830	1.161343e+02
831	1.162738e+02
832	1.163825e+02
833	1.164274e+02
834	1.164695e+02
835	1.164953e+02
836	1.164684e+02
837	1.163556e+02
838	1.161938e+02
839	1.160026e+02
840	1.156964e+02
841	1.153368e+02
842	1.150289e+02
843	1.146628e+02
844	1.142889e+02
845	1.139175e+02
846	1.135595e+02
847	1.131690e+02
848	1.128147e+02
849	1.125492e+02
850	1.122412e+02
851	1.120255e+02
852	1.118447e+02
853	1.116686e+02
854	1.115649e+02
855	1.114349e+02
856	1.114292e+02
857	1.115316e+02
858	1.116971e+02
859	1.119559e+02
860	1.121596e+02
861	1.124507e+02
862	1.128455e+02
863	1.133860e+02
864	1.139633e+02
865	1.146196e+02
866	1.152326e+02
867	1.158388e+02
868	1.164651e+02
869	1.170517e+02
870	1.176457e+02
871	1.182707e+02
872	1.189004e+02
873	1.195580e+02
874	1.202542e+02
875	1.209410e+02
876	1.216387e+02
877	1.223181e+02
878	1.229535e+02
879	1.235234e+02
880	1.240393e+02
881	1.244576e+02
882	1.247866e+02
883	1.250424e+02
884	1.251774e+02
885	1.252553e+02
886	1.252087e+02
887	1.251029e+02
888	1.248980e+02
889	1.246122e+02
890	1.243046e+02
891	1.239238e+02
892	1.234728e+02
893	1.229965e+02
894	1.225136e+02
895	1.219759e+02
896	1.214070e+02
897	1.207443e+02
898	1.201365e+02
899	1.195875e+02
900	1.190160e+02
901	1.184728e+02
902	1.179058e+02
903	1.174016e+02
904	1.168155e+02
905	1.162966e+02
906	1.157354e+02
907	1.152186e+02
908	1.147356e+02
909	1.143414e+02
910	1.139558e+02
911	1.135697e+02
912	1.132505e+02
913	1.130060e+02
914	1.128912e+02
915	1.127869e+02
916	1.128167e+02
917	1.130200e+02
918	1.132525e+02
919	1.135235e+02
920	1.137935e+02
921	1.140607e+02
922	1.144401e+02
923	1.148225e+02
924	1.150954e+02
925	1.153448e+02
926	1.156527e+02
927	1.158964e+02
928	1.161141e+02
929	1.163099e+02
930	1.163979e+02
931	1.165088e+02
932	1.166129e+02
933	1.166722e+02
934	1.166756e+02
935	1.167469e+02
936	1.167791e+02
937	1.167265e+02
938	1.166892e+02
939	1.166663e+02
940	1.166377e+02
941	1.166338e+02
942	1.166282e+02
943	1.165252e+02
944	1.164391e+02
945	1.163194e+02
946	1.161464e+02
947	1.159605e+02
948	1.157662e+02
949	1.155646e+02
950	1.153005e+02
951	1.150011e+02
952	1.146530e+02
953	1.143142e+02
954	1.140372e+02
955	1.137871e+02
956	1.135809e+02
957	1.134657e+02
958	1.134391e+02
959	1.133867e+02
960	1.133866e+02
961	1.134568e+02
962	1.135906e+02
963	1.136901e+02
964	1.137418e+02
965	1.138755e+02
966	1.139808e+02
967	1.140253e+02
968	1.140746e+02
969	1.141530e+02
970	1.142640e+02
971	1.143514e+02
972	1.143733e+02
973	1.144408e+02
974	1.144804e+02
975	1.145542e+02
976	1.146148e+02
977	1.146774e+02
978	1.146910e+02
979	1.147263e+02
980	1.148188e+02
981	1.149062e+02
982	1.150332e+02
983	1.151619e+02
984	1.153252e+02
985	1.153540e+02
986	1.153256e+02
987	1.152329e+02
988	1.151043e+02
989	1.149097e+02
990	1.146814e+02
991	1.143947e+02
992	1.140971e+02
993	1.136718e+02
994	1.132368e+02
995	1.127854e+02
996	1.123764e+02
997	1.119590e+02
998	1.116729e+02
999	1.114344e+02
1000	1.112818e+02
1001	1.111207e+02
1002	1.109929e+02
1003	1.109220e+02
1004	1.109059e+02
1005	1.108837e+02
1006	1.108144e+02
1007	1.107175e+02
1008	1.105966e+02
1009	1.105077e+02
1010	1.104925e+02
1011	1.105613e+02
1012	1.105819e+02
1013	1.105624e+02
1014	1.105021e+02
1015	1.104184e+02
1016	1.103969e+02
1017	1.103933e+02
1018	1.104553e+02
1019	1.104942e+02
1020	1.104981e+02
1021	1.105869e+02
1022	1.108277e+02
1023	1.111895e+02
1024	1.115788e+02
1025	1.120158e+02
1026	1.125433e+02
1027	1.131907e+02
1028	1.138309e+02
1029	1.144543e+02
1030	1.150854e+02
1031	1.156851e+02
1032	1.162470e+02
1033	1.167711e+02
1034	1.173911e+02
1035	1.179583e+02
1036	1.184092e+02
1037	1.188073e+02
1038	1.191432e+02
1039	1.193950e+02
1040	1.195238e+02
1041	1.195575e+02
1042	1.195345e+02
1043	1.194756e+02
1044	1.193897e+02
1045	1.192467e+02
1046	1.191079e+02
1047	1.189608e+02
1048	1.188492e+02
1049	1.187619e+02
1050	1.186176e+02
1051	1.184535e+02
1052	1.182762e+02
1053	1.180597e+02
1054	1.177709e+02
1055	1.174441e+02
1056	1.171002e+02
1057	1.167002e+02
1058	1.162859e+02
1059	1.158761e+02
1060	1.154150e+02
1061	1.149788e+02
1062	1.145693e+02
1063	1.141901e+02
1064	1.139104e+02
1065	1.137107e+02
1066	1.135713e+02
1067	1.134799e+02
1068	1.134643e+02
1069	1.134697e+02
1070	1.133827e+02
1071	1.133672e+02
1072	1.133654e+02
1073	1.132946e+02
1074	1.132649e+02
1075	1.131480e+02
1076	1.130145e+02
1077	1.128291e+02
1078	1.126176e+02
1079	1.122923e+02
1080	1.119399e+02
1081	1.115922e+02
1082	1.112811e+02
1083	1.109566e+02
1084	1.106633e+02
1085	1.103499e+02
1086	1.100277e+02
1087	1.097010e+02
1088	1.093761e+02
1089	1.090989e+02
1090	1.088772e+02
1091	1.087002e+02
1092	1.085190e+02
1093	1.082982e+02
1094	1.081304e+02
1095	1.080214e+02
1096	1.080053e+02
1097	1.081297e+02
1098	1.083355e+02
1099	1.085115e+02
1100	1.087270e+02
1101	1.090661e+02
1102	1.094427e+02
1103	1.098928e+02
1104	1.103500e+02
1105	1.108634e+02
1106	1.113718e+02
1107	1.119742e+02
1108	1.125719e+02
1109	1.131708e+02
1110	1.138264e+02
1111	1.144969e+02
1112	1.151592e+02
1113	1.157880e+02
1114	1.164331e+02
1115	1.170826e+02
1116	1.176509e+02
1117	1.181650e+02
1118	1.185978e+02
1119	1.190336e+02
1120	1.193928e+02
1121	1.196849e+02
1122	1.199367e+02
1123	1.200304e+02
1124	1.200257e+02
1125	1.199944e+02
1126	1.199062e+02
1127	1.196825e+02
1128	1.194544e+02
1129	1.192063e+02
1130	1.188735e+02
1131	1.184950e+02
1132	1.181276e+02
1133	1.177195e+02
1134	1.173618e+02
1135	1.170083e+02
1136	1.166078e+02
1137	1.161687e+02
1138	1.155690e+02
1139	1.149763e+02
1140	1.143834e+02
1141	1.138410e+02
1142	1.134003e+02
1143	1.129480e+02
1144	1.125292e+02
1145	1.121692e+02
1146	1.118042e+02
1147	1.114485e+02
1148	1.111535e+02
1149	1.109277e+02
1150	1.106839e+02
1151	1.104390e+02
1152	1.101902e+02
1153	1.099928e+02
1154	1.098786e+02
1155	1.097969e+02
1156	1.097999e+02
1157	1.099301e+02
1158	1.100143e+02
1159	1.100564e+02
1160	1.100259e+02
1161	1.099709e+02
1162	1.099110e+02
1163	1.098165e+02
1164	1.096927e+02
1165	1.095397e+02
1166	1.093539e+02
1167	1.092178e+02
1168	1.090580e+02
1169	1.088907e+02
1170	1.087803e+02
1171	1.086838e+02
1172	1.086655e+02
1173	1.087250e+02
1174	1.088604e+02
1175	1.089881e+02
1176	1.092477e+02
1177	1.095387e+02
1178	1.099165e+02
1179	1.104000e+02
1180	1.108764e+02
1181	1.113646e+02
1182	1.119949e+02
1183	1.126391e+02
1184	1.133214e+02
1185	1.140124e+02
1186	1.147106e+02
1187	1.154319e+02
1188	1.161148e+02
1189	1.168045e+02
1190	1.176272e+02
1191	1.184520e+02
1192	1.192562e+02
1193	1.200165e+02
1194	1.206807e+02
1195	1.212802e+02
1196	1.219157e+02
1197	1.224926e+02
1198	1.230484e+02
1199	1.236077e+02
1200	1.241097e+02
1201	1.245958e+02
1202	1.250299e+02
1203	1.254143e+02
1204	1.257397e+02
1205	1.260042e+02
1206	1.261304e+02
1207	1.261440e+02
1208	1.260890e+02
1209	1.259685e+02
1210	1.256874e+02
1211	1.253756e+02
1212	1.250300e+02
1213	1.247242e+02
1214	1.243793e+02
1215	1.240705e+02
1216	1.237639e+02
1217	1.235374e+02
1218	1.232267e+02
1219	1.229201e+02
1220	1.225139e+02
1221	1.221383e+02
1222	1.217060e+02
1223	1.212598e+02
1224	1.209051e+02
1225	1.204157e+02
1226	1.200195e+02
1227	1.196196e+02
1228	1.191607e+02
1229	1.186393e+02
1230	1.181060e+02
1231	1.176275e+02
1232	1.172036e+02
1233	1.167663e+02
1234	1.164438e+02
1235	1.161292e+02
1236	1.158302e+02
1237	1.155044e+02
1238	1.151336e+02
1239	1.147123e+02
1240	1.142836e+02
1241	1.138880e+02
1242	1.135242e+02
1243	1.132392e+02
1244	1.129278e+02
1245	1.125924e+02
1246	1.123265e+02
1247	1.121135e+02
1248	1.120370e+02
1249	1.119893e+02
1250	1.119862e+02
1251	1.119544e+02
1252	1.119882e+02
1253	1.120992e+02
1254	1.122246e+02
1255	1.122789e+02
1256	1.123356e+02
1257	1.124617e+02
1258	1.125481e+02
1259	1.126719e+02
1260	1.127615e+02
1261	1.129715e+02
1262	1.132319e+02
1263	1.134868e+02
1264	1.137307e+02
1265	1.140295e+02
1266	1.144360e+02
1267	1.148892e+02
1268	1.154398e+02
1269	1.159627e+02
1270	1.166131e+02
1271	1.172580e+02
1272	1.179128e+02
1273	1.185171e+02
1274	1.191759e+02
1275	1.198536e+02
1276	1.205504e+02
1277	1.212328e+02
1278	1.218438e+02
1279	1.223180e+02
1280	1.228290e+02
1281	1.233192e+02
1282	1.238812e+02
1283	1.244582e+02
1284	1.249980e+02
1285	1.253805e+02
1286	1.256937e+02
1287	1.259685e+02
1288	1.262147e+02
1289	1.264434e+02
1290	1.265899e+02
1291	1.267654e+02
1292	1.268375e+02
1293	1.269025e+02
1294	1.268981e+02
1295	1.268349e+02
1296	1.267553e+02
1297	1.266782e+02
1298	1.266114e+02
1299	1.264862e+02
1300	1.262996e+02
1301	1.259935e+02
1302	1.257096e+02
1303	1.253384e+02
1304	1.249154e+02
1305	1.244276e+02
1306	1.238386e+02
1307	1.232024e+02
1308	1.224703e+02
1309	1.216710e+02
1310	1.208937e+02
1311	1.201793e+02
1312	1.194411e+02
1313	1.186223e+02
1314	1.177951e+02
1315	1.169857e+02
1316	1.162412e+02
1317	1.154829e+02
1318	1.147207e+02
1319	1.140412e+02
1320	1.134294e+02
1321	1.128747e+02
1322	1.122978e+02
1323	1.118106e+02
1324	1.113874e+02
1325	1.109943e+02
1326	1.106112e+02
1327	1.102001e+02
1328	1.098698e+02
1329	1.095486e+02
1330	1.093394e+02
1331	1.092160e+02
1332	1.091728e+02
1333	1.091945e+02
1334	1.093663e+02
1335	1.096803e+02
1336	1.100481e+02
1337	1.104900e+02
1338	1.110334e+02
1339	1.116168e+02
1340	1.122244e+02
1341	1.129520e+02
1342	1.137648e+02
1343	1.145600e+02
1344	1.153247e+02
1345	1.161225e+02
1346	1.168963e+02
1347	1.176558e+02
1348	1.184002e+02
1349	1.191645e+02
1350	1.198669e+02
1351	1.204043e+02
1352	1.208091e+02
1353	1.212167e+02
1354	1.215648e+02
1355	1.218904e+02
1356	1.221204e+02
1357	1.221802e+02
1358	1.221984e+02
1359	1.221560e+02
1360	1.221314e+02
1361	1.221070e+02
1362	1.220818e+02
1363	1.220330e+02
1364	1.220067e+02
1365	1.219315e+02
1366	1.219133e+02
1367	1.218524e+02
1368	1.217029e+02
1369	1.215604e+02
1370	1.213096e+02
1371	1.210583e+02
1372	1.207774e+02
1373	1.205243e+02
1374	1.202411e+02
1375	1.200092e+02
1376	1.197688e+02
1377	1.195789e+02
1378	1.194130e+02
1379	1.193398e+02
1380	1.192671e+02
1381	1.192150e+02
1382	1.191746e+02
1383	1.191266e+02
1384	1.189801e+02
1385	1.188759e+02
1386	1.187582e+02
1387	1.185412e+02
1388	1.183002e+02
1389	1.180996e+02
1390	1.179039e+02
1391	1.177147e+02
1392	1.174989e+02
1393	1.173475e+02
1394	1.171228e+02
1395	1.168964e+02
1396	1.166387e+02
1397	1.163426e+02
1398	1.159934e+02
1399	1.156912e+02
1400	1.153482e+02
1401	1.150200e+02
1402	1.146344e+02
1403	1.142434e+02
1404	1.138303e+02
1405	1.133846e+02
1406	1.128727e+02
1407	1.123822e+02
1408	1.118783e+02
1409	1.114094e+02
1410	1.109355e+02
1411	1.105118e+02
1412	1.100860e+02
1413	1.097321e+02
1414	1.094346e+02
1415	1.090714e+02
1416	1.087704e+02
1417	1.084712e+02
1418	1.082396e+02
1419	1.080894e+02
1420	1.081140e+02
1421	1.082461e+02
1422	1.085443e+02
1423	1.088915e+02
1424	1.092585e+02
1425	1.096982e+02
1426	1.102021e+02
1427	1.107256e+02
1428	1.113725e+02
1429	1.121330e+02
1430	1.129739e+02
1431	1.139572e+02
1432	1.151108e+02
1433	1.163408e+02
1434	1.175774e+02
1435	1.188802e+02
1436	1.202104e+02
1437	1.214734e+02
1438	1.227196e+02
1439	1.238467e+02
1440	1.248951e+02
1441	1.259173e+02
1442	1.268767e+02
1443	1.277965e+02
1444	1.285750e+02
1445	1.292693e+02
1446	1.298836e+02
1447	1.303773e+02
1448	1.307253e+02
1449	1.309349e+02
1450	1.309562e+02
1451	1.309128e+02
1452	1.307530e+02
1453	1.304304e+02
1454	1.300455e+02
1455	1.295112e+02
1456	1.289167e+02
1457	1.282643e+02
1458	1.275176e+02
1459	1.268378e+02
1460	1.261318e+02
1461	1.253631e+02
1462	1.245843e+02
1463	1.236875e+02
1464	1.228683e+02
1465	1.220785e+02
1466	1.212655e+02
1467	1.204504e+02
1468	1.196210e+02
1469	1.188620e+02
1470	1.181133e+02
1471	1.174653e+02
1472	1.168399e+02
1473	1.163054e+02
1474	1.157833e+02
1475	1.152921e+02
1476	1.148784e+02
1477	1.144901e+02
1478	1.140728e+02
1479	1.137292e+02
1480	1.134387e+02
1481	1.132013e+02
1482	1.129887e+02
1483	1.127941e+02
1484	1.126043e+02
1485	1.124868e+02
1486	1.124144e+02
1487	1.124187e+02
1488	1.124387e+02
1489	1.125615e+02
1490	1.127533e+02
1491	1.129178e+02
1492	1.130812e+02
1493	1.132626e+02
1494	1.134281e+02
1495	1.135861e+02
1496	1.137344e+02
1497	1.138284e+02
1498	1.138307e+02
1499	1.138242e+02
1500	1.137695e+02
1501	1.136967e+02
1502	1.135102e+02
1503	1.132895e+02
1504	1.130278e+02
1505	1.126657e+02
1506	1.122806e+02
1507	1.119083e+02
1508	1.114851e+02
1509	1.110846e+02
1510	1.106945e+02
1511	1.103367e+02
1512	1.099843e+02
1513	1.096780e+02
1514	1.094568e+02
1515	1.093175e+02
1516	1.091757e+02
1517	1.090656e+02
1518	1.090321e+02
1519	1.090954e+02
1520	1.091278e+02
1521	1.091852e+02
1522	1.092642e+02
1523	1.094019e+02
1524	1.096513e+02
1525	1.099017e+02
1526	1.102351e+02
1527	1.106530e+02
1528	1.110825e+02
1529	1.115685e+02
1530	1.120434e+02
1531	1.125782e+02
1532	1.131041e+02
1533	1.136879e+02
1534	1.143115e+02
1535	1.149464e+02
1536	1.155577e+02
1537	1.161948e+02
1538	1.168269e+02
1539	1.174028e+02
1540	1.179583e+02
1541	1.184796e+02
1542	1.190353e+02
1543	1.195246e+02
1544	1.198972e+02
1545	1.202037e+02
1546	1.204389e+02
1547	1.206181e+02
1548	1.206222e+02
1549	1.205783e+02
1550	1.203659e+02
1551	1.201166e+02
1552	1.197683e+02
1553	1.192583e+02
1554	1.186282e+02
1555	1.179919e+02
1556	1.172646e+02
1557	1.164182e+02
1558	1.154929e+02
1559	1.144734e+02
1560	1.135205e+02
1561	1.125345e+02
1562	1.116001e+02
1563	1.106856e+02
1564	1.097730e+02
1565	1.088620e+02
1566	1.079003e+02
1567	1.070105e+02
1568	1.061546e+02
1569	1.053437e+02
1570	1.045543e+02
1571	1.038439e+02
1572	1.032609e+02
1573	1.027581e+02
1574	1.023189e+02
1575	1.019991e+02
1576	1.018300e+02
1577	1.017770e+02
1578	1.018034e+02
1579	1.019319e+02
1580	1.022334e+02
1581	1.026079e+02
1582	1.031401e+02
1583	1.037811e+02
1584	1.044821e+02
1585	1.052895e+02
1586	1.061977e+02
1587	1.071952e+02
1588	1.083140e+02
1589	1.094649e+02
1590	1.105692e+02
1591	1.116870e+02
1592	1.127832e+02
1593	1.139090e+02
1594	1.150053e+02
1595	1.160845e+02
1596	1.171752e+02
1597	1.182229e+02
1598	1.192975e+02
1599	1.204312e+02
1600	1.214418e+02
1601	1.223972e+02
1602	1.233464e+02
1603	1.242142e+02
1604	1.250060e+02
1605	1.256295e+02
1606	1.261679e+02
1607	1.266078e+02
1608	1.269080e+02
1609	1.270562e+02
1610	1.271309e+02
1611	1.270841e+02
1612	1.268861e+02
1613	1.265742e+02
1614	1.261587e+02
1615	1.256037e+02
1616	1.249037e+02
1617	1.241072e+02
1618	1.233306e+02
1619	1.224342e+02
1620	1.215107e+02
1621	1.205030e+02
1622	1.194686e+02
1623	1.184534e+02
1624	1.174505e+02
1625	1.164645e+02
1626	1.155665e+02
1627	1.147613e+02
1628	1.139814e+02
1629	1.132062e+02
1630	1.124154e+02
1631	1.116967e+02
1632	1.110221e+02
1633	1.103483e+02
1634	1.097916e+02
1635	1.093954e+02
1636	1.091347e+02
1637	1.089583e+02
1638	1.088431e+02
1639	1.087869e+02
1640	1.087680e+02
1641	1.089028e+02
1642	1.091326e+02
1643	1.094838e+02
1644	1.099079e+02
1645	1.104321e+02
1646	1.110445e+02
1647	1.117629e+02
1648	1.125261e+02
1649	1.132492e+02
1650	1.138936e+02
1651	1.145740e+02
1652	1.152068e+02
1653	1.158433e+02
1654	1.164046e+02
1655	1.169167e+02
1656	1.173979e+02
1657	1.178643e+02
1658	1.182711e+02
1659	1.185416e+02
1660	1.186956e+02
1661	1.187437e+02
1662	1.187217e+02
1663	1.185844e+02
1664	1.184902e+02
1665	1.182897e+02
1666	1.180783e+02
1667	1.177277e+02
1668	1.173074e+02
1669	1.169179e+02
1670	1.166011e+02
1671	1.162725e+02
1672	1.159081e+02
1673	1.155543e+02
1674	1.152493e+02
1675	1.149916e+02
1676	1.148159e+02
1677	1.146262e+02
1678	1.144671e+02
1679	1.143119e+02
1680	1.142662e+02
1681	1.142552e+02
1682	1.142458e+02
1683	1.142929e+02
1684	1.143885e+02
1685	1.144962e+02
1686	1.145209e+02
1687	1.145790e+02
1688	1.146749e+02
1689	1.148236e+02
1690	1.150136e+02
1691	1.152063e+02
1692	1.154091e+02
1693	1.157427e+02
1694	1.161556e+02
1695	1.166580e+02
1696	1.171426e+02
1697	1.177579e+02
1698	1.185187e+02
1699	1.192868e+02
1700	1.201018e+02
1701	1.208935e+02
1702	1.216529e+02
1703	1.222974e+02
1704	1.227992e+02
1705	1.232324e+02
1706	1.235577e+02
1707	1.239070e+02
1708	1.242311e+02
1709	1.245294e+02
1710	1.247166e+02
1711	1.248929e+02
1712	1.250078e+02
1713	1.249579e+02
1714	1.248172e+02
1715	1.246605e+02
1716	1.243758e+02
1717	1.240503e+02
1718	1.236780e+02
1719	1.231852e+02
1720	1.226017e+02
1721	1.219384e+02
1722	1.211473e+02
1723	1.202999e+02
1724	1.193637e+02
1725	1.183704e+02
1726	1.173504e+02
1727	1.163531e+02
1728	1.154615e+02
1729	1.147000e+02
1730	1.140487e+02
1731	1.135054e+02
1732	1.130039e+02
1733	1.124864e+02
1734	1.120329e+02
1735	1.116025e+02
1736	1.112204e+02
1737	1.109147e+02
1738	1.105798e+02
1739	1.103155e+02
1740	1.100348e+02
1741	1.098067e+02
1742	1.096922e+02
1743	1.096057e+02
1744	1.096283e+02
1745	1.096720e+02
1746	1.097769e+02
1747	1.098881e+02
1748	1.100669e+02
1749	1.102457e+02
1750	1.105236e+02
1751	1.108323e+02
1752	1.111324e+02
1753	1.114354e+02
1754	1.117532e+02
1755	1.120851e+02
1756	1.124762e+02
1757	1.129241e+02
1758	1.134429e+02
1759	1.140319e+02
1760	1.147392e+02
1761	1.154592e+02
1762	1.162135e+02
1763	1.170051e+02
1764	1.177848e+02
1765	1.186018e+02
1766	1.194915e+02
1767	1.202889e+02
1768	1.210848e+02
1769	1.218365e+02
1770	1.224788e+02
1771	1.230480e+02
1772	1.234808e+02
1773	1.238329e+02
1774	1.240602e+02
1775	1.242568e+02
1776	1.243639e+02
1777	1.244318e+02
1778	1.243976e+02
1779	1.242892e+02
1780	1.241064e+02
1781	1.239305e+02
1782	1.236316e+02
1783	1.233392e+02
1784	1.229614e+02
1785	1.224945e+02
1786	1.219643e+02
1787	1.213847e+02
1788	1.206712e+02
1789	1.199088e+02
1790	1.190872e+02
1791	1.183325e+02
1792	1.176217e+02
1793	1.169207e+02
1794	1.162425e+02
1795	1.156264e+02
1796	1.150025e+02
1797	1.143622e+02
1798	1.136590e+02
1799	1.129122e+02
1800	1.122083e+02
1801	1.114226e+02
1802	1.106732e+02
1803	1.099059e+02
1804	1.091420e+02
1805	1.084207e+02
1806	1.077546e+02
1807	1.071281e+02
1808	1.064996e+02
1809	1.059641e+02
1810	1.055057e+02
1811	1.051437e+02
1812	1.048852e+02
1813	1.046581e+02
1814	1.044569e+02
1815	1.042478e+02
1816	1.040437e+02
1817	1.038920e+02
1818	1.038149e+02
1819	1.038838e+02
1820	1.040097e+02
1821	1.041382e+02
1822	1.044256e+02
1823	1.048235e+02
1824	1.053667e+02
1825	1.059445e+02
1826	1.065826e+02
1827	1.072779e+02
1828	1.079568e+02
1829	1.086906e+02
1830	1.093984e+02
1831	1.101061e+02
1832	1.106983e+02
1833	1.111937e+02
1834	1.115768e+02
1835	1.118778e+02
1836	1.121379e+02
1837	1.123499e+02
1838	1.125741e+02
1839	1.127391e+02
1840	1.128113e+02
1841	1.129624e+02
1842	1.131160e+02
1843	1.131569e+02
1844	1.132507e+02
1845	1.133117e+02
1846	1.133293e+02
1847	1.133588e+02
1848	1.133653e+02
1849	1.133657e+02
1850	1.133874e+02
1851	1.135364e+02
1852	1.136856e+02
1853	1.137965e+02
1854	1.139558e+02
1855	1.142355e+02
1856	1.145514e+02
1857	1.148813e+02
1858	1.153009e+02
1859	1.156490e+02
1860	1.161121e+02
1861	1.165990e+02
1862	1.170433e+02
1863	1.175293e+02
1864	1.179778e+02
1865	1.184206e+02
1866	1.189363e+02
1867	1.194070e+02
1868	1.198607e+02
1869	1.203037e+02
1870	1.207643e+02
1871	1.212839e+02
1872	1.217707e+02
1873	1.222113e+02
1874	1.226609e+02
1875	1.231229e+02
1876	1.234973e+02
1877	1.237358e+02
1878	1.238578e+02
1879	1.239275e+02
1880	1.239045e+02
1881	1.237892e+02
1882	1.236225e+02
1883	1.234102e+02
1884	1.231115e+02
1885	1.226999e+02
1886	1.223207e+02
1887	1.219527e+02
1888	1.215432e+02
1889	1.211009e+02
1890	1.205560e+02
1891	1.199805e+02
1892	1.193452e+02
1893	1.186913e+02
1894	1.179479e+02
1895	1.173233e+02
1896	1.166055e+02
1897	1.158745e+02
1898	1.152377e+02
1899	1.145972e+02
1900	1.140195e+02
1901	1.135026e+02
1902	1.130465e+02
1903	1.126396e+02
1904	1.123593e+02
1905	1.122546e+02
1906	1.121540e+02
1907	1.120015e+02
1908	1.118859e+02
1909	1.117804e+02
1910	1.117212e+02
1911	1.117518e+02
1912	1.118055e+02
1913	1.118767e+02
1914	1.120883e+02
1915	1.123563e+02
1916	1.127734e+02
1917	1.132365e+02
1918	1.137505e+02
1919	1.143211e+02
1920	1.149655e+02
1921	1.156840e+02
1922	1.164794e+02
1923	1.172924e+02
1924	1.180995e+02
1925	1.189668e+02
1926	1.198243e+02
1927	1.207376e+02
1928	1.216422e+02
1929	1.224422e+02
1930	1.231542e+02
1931	1.237999e+02
1932	1.243866e+02
1933	1.249522e+02
1934	1.254053e+02
1935	1.257095e+02
1936	1.260043e+02
1937	1.262334e+02
1938	1.263505e+02
1939	1.263940e+02
1940	1.263732e+02
1941	1.262464e+02
1942	1.259479e+02
1943	1.255717e+02
1944	1.252139e+02
1945	1.248770e+02
1946	1.244927e+02
1947	1.240403e+02
1948	1.235900e+02
1949	1.230373e+02
1950	1.224603e+02
1951	1.218790e+02
1952	1.213154e+02
1953	1.207228e+02
1954	1.201293e+02
1955	1.195592e+02
1956	1.190322e+02
1957	1.184925e+02
1958	1.179730e+02
1959	1.174982e+02
1960	1.169529e+02
1961	1.165571e+02
1962	1.161653e+02
1963	1.158074e+02
1964	1.154960e+02
1965	1.152813e+02
1966	1.151940e+02
1967	1.151582e+02
1968	1.152098e+02
1969	1.152264e+02
1970	1.152595e+02
1971	1.153180e+02
1972	1.153959e+02
1973	1.154939e+02
1974	1.156286e+02
1975	1.158166e+02
1976	1.160171e+02
1977	1.162155e+02
1978	1.164733e+02
1979	1.167230e+02
1980	1.169530e+02
1981	1.171701e+02
1982	1.173067e+02
1983	1.173940e+02
1984	1.174622e+02
1985	1.172916e+02
1986	1.170231e+02
1987	1.165744e+02
1988	1.159917e+02
1989	1.153359e+02
1990	1.146715e+02
1991	1.139940e+02
1992	1.132493e+02
1993	1.124817e+02
1994	1.117647e+02
1995	1.111435e+02
1996	1.105306e+02
1997	1.099625e+02
1998	1.093597e+02
1999	1.087583e+02
2000	1.082459e+02
2001	1.076989e+02
2002	1.071404e+02
2003	1.066449e+02
2004	1.061832e+02
2005	1.057862e+02
2006	1.054618e+02
2007	1.052322e+02
2008	1.050128e+02
2009	1.047067e+02
2010	1.044953e+02
2011	1.042759e+02
2012	1.041263e+02
2013	1.041669e+02
2014	1.042762e+02
2015	1.044833e+02
2016	1.047918e+02
2017	1.051771e+02
2018	1.056074e+02
2019	1.061047e+02
2020	1.066542e+02
2021	1.072723e+02
2022	1.080112e+02
2023	1.088286e+02
2024	1.097442e+02
2025	1.108032e+02
2026	1.119660e+02
2027	1.130816e+02
2028	1.142125e+02
2029	1.152404e+02
2030	1.162107e+02
2031	1.171751e+02
2032	1.180600e+02
2033	1.189221e+02
2034	1.196829e+02
2035	1.203928e+02
2036	1.210470e+02
2037	1.216530e+02
2038	1.221184e+02
2039	1.225155e+02
2040	1.228748e+02
2041	1.231134e+02
2042	1.232547e+02
2043	1.232803e+02
2044	1.231503e+02
2045	1.229065e+02
2046	1.225988e+02
2047	1.221939e+02
2048	1.216548e+02
2049	1.209799e+02
2050	1.202115e+02
2051	1.193188e+02
2052	1.183047e+02
2053	1.172839e+02
2054	1.162272e+02
2055	1.151725e+02
2056	1.140836e+02
2057	1.130367e+02
2058	1.120945e+02
2059	1.112440e+02
2060	1.105492e+02
2061	1.099132e+02
2062	1.093187e+02
2063	1.088685e+02
2064	1.085601e+02
2065	1.083133e+02
2066	1.081993e+02
2067	1.081175e+02
2068	1.080227e+02
2069	1.079425e+02
2070	1.078653e+02
2071	1.077208e+02
2072	1.075830e+02
2073	1.074698e+02
2074	1.073939e+02
2075	1.073244e+02
2076	1.073883e+02
2077	1.075241e+02
2078	1.076620e+02
2079	1.077954e+02
2080	1.079390e+02
2081	1.081571e+02
2082	1.083828e+02
2083	1.086669e+02
2084	1.089761e+02
2085	1.092932e+02
2086	1.096229e+02
2087	1.098658e+02
2088	1.101113e+02
2089	1.102721e+02
2090	1.104262e+02
2091	1.105105e+02
2092	1.104879e+02
2093	1.104292e+02
2094	1.103640e+02
2095	1.102928e+02
2096	1.102920e+02
2097	1.103274e+02
2098	1.103304e+02
2099	1.103618e+02
2100	1.104263e+02
2101	1.105001e+02
2102	1.105562e+02
2103	1.106113e+02
2104	1.107059e+02
2105	1.108092e+02
2106	1.109463e+02
2107	1.110799e+02
2108	1.112820e+02
2109	1.115723e+02
2110	1.119957e+02
2111	1.124736e+02
2112	1.129646e+02
2113	1.134759e+02
2114	1.139788e+02
2115	1.144769e+02
2116	1.149875e+02
2117	1.154948e+02
2118	1.159824e+02
2119	1.164647e+02
2120	1.168270e+02
2121	1.171229e+02
2122	1.174227e+02
2123	1.177162e+02
2124	1.179827e+02
2125	1.182499e+02
2126	1.184011e+02
2127	1.184925e+02
2128	1.185086e+02
2129	1.184703e+02
2130	1.183380e+02
2131	1.181394e+02
2132	1.177995e+02
2133	1.173437e+02
2134	1.167816e+02
2135	1.161728e+02
2136	1.154305e+02
2137	1.147447e+02
2138	1.140963e+02
2139	1.134253e+02
2140	1.127675e+02
2141	1.120701e+02
2142	1.113753e+02
2143	1.107422e+02
2144	1.101672e+02
2145	1.096154e+02
2146	1.091196e+02
2147	1.086681e+02
2148	1.081853e+02
2149	1.077738e+02
2150	1.072842e+02
2151	1.068717e+02
2152	1.065678e+02
2153	1.063496e+02
2154	1.062102e+02
2155	1.061049e+02
2156	1.060703e+02
2157	1.060605e+02
2158	1.060254e+02
2159	1.060220e+02
2160	1.060238e+02
2161	1.060159e+02
2162	1.060282e+02
2163	1.060975e+02
2164	1.061375e+02
2165	1.061039e+02
2166	1.061116e+02
2167	1.061068e+02
2168	1.061242e+02
2169	1.062026e+02
2170	1.062503e+02
2171	1.063242e+02
2172	1.063971e+02
2173	1.064772e+02
2174	1.066262e+02
2175	1.068193e+02
2176	1.071504e+02
2177	1.075369e+02
2178	1.079671e+02
2179	1.084534e+02
2180	1.088593e+02
2181	1.093010e+02
2182	1.097486e+02
2183	1.102151e+02
2184	1.106142e+02
2185	1.110328e+02
2186	1.114644e+02
2187	1.118823e+02
2188	1.122596e+02
2189	1.125739e+02
2190	1.128652e+02
2191	1.131860e+02
2192	1.134467e+02
2193	1.136001e+02
2194	1.137581e+02
2195	1.138874e+02
2196	1.139412e+02
2197	1.140018e+02
2198	1.140116e+02
2199	1.139704e+02
2200	1.140626e+02
2201	1.142156e+02
2202	1.143693e+02
2203	1.145626e+02
2204	1.147853e+02
2205	1.150056e+02
2206	1.151564e+02
2207	1.153225e+02
2208	1.155013e+02
2209	1.156687e+02
2210	1.158401e+02
2211	1.160968e+02
2212	1.163031e+02
2213	1.165398e+02
2214	1.167606e+02
2215	1.170221e+02
2216	1.173020e+02
2217	1.175074e+02
2218	1.177602e+02
2219	1.179602e+02
2220	1.180893e+02
2221	1.183116e+02
2222	1.185230e+02
2223	1.187364e+02
2224	1.189535e+02
2225	1.191875e+02
2226	1.193886e+02
2227	1.195517e+02
2228	1.197383e+02
2229	1.198917e+02
2230	1.200099e+02
2231	1.201324e+02
2232	1.202720e+02
2233	1.202802e+02
2234	1.202418e+02
2235	1.202636e+02
2236	1.203161e+02
2237	1.203580e+02
2238	1.203871e+02
2239	1.203998e+02
2240	1.203464e+02
2241	1.201619e+02
2242	1.199219e+02
2243	1.196227e+02
2244	1.193209e+02
2245	1.189703e+02
2246	1.186224e+02
2247	1.182402e+02
2248	1.178709e+02
2249	1.174766e+02
2250	1.169762e+02
2251	1.164092e+02
2252	1.159307e+02
2253	1.155030e+02
2254	1.150142e+02
2255	1.145021e+02
2256	1.139822e+02
2257	1.134760e+02
2258	1.130426e+02
2259	1.127338e+02
2260	1.124672e+02
2261	1.122186e+02
2262	1.120246e+02
2263	1.117888e+02
2264	1.116089e+02
2265	1.114031e+02
2266	1.111621e+02
2267	1.109618e+02
2268	1.108487e+02
2269	1.107574e+02
2270	1.107765e+02
2271	1.108889e+02
2272	1.110277e+02
2273	1.110974e+02
2274	1.112164e+02
2275	1.113072e+02
2276	1.114343e+02
2277	1.116074e+02
2278	1.117574e+02
2279	1.118986e+02
2280	1.120538e+02
2281	1.122710e+02
2282	1.125519e+02
2283	1.128018e+02
2284	1.130786e+02
2285	1.132730e+02
2286	1.134873e+02
2287	1.136366e+02
2288	1.137262e+02
2289	1.137907e+02
2290	1.138781e+02
2291	1.139273e+02
2292	1.139401e+02
2293	1.138718e+02
2294	1.137953e+02
2295	1.136779e+02
2296	1.135749e+02
2297	1.134129e+02
2298	1.132814e+02
2299	1.132145e+02
2300	1.131243e+02
2301	1.130337e+02
2302	1.129005e+02
2303	1.127843e+02
2304	1.127521e+02
2305	1.127346e+02
2306	1.127269e+02
2307	1.126929e+02
2308	1.127409e+02
2309	1.127805e+02
2310	1.128128e+02
2311	1.127670e+02
2312	1.127401e+02
2313	1.126737e+02
2314	1.126085e+02
2315	1.125274e+02
2316	1.125006e+02
2317	1.125139e+02
2318	1.125288e+02
2319	1.125526e+02
2320	1.125682e+02
2321	1.125112e+02
2322	1.124366e+02
2323	1.124187e+02
2324	1.125026e+02
2325	1.125213e+02
2326	1.125691e+02
2327	1.126156e+02
2328	1.126486e+02
2329	1.127449e+02
2330	1.129031e+02
2331	1.130770e+02
2332	1.132627e+02
2333	1.134272e+02
2334	1.135829e+02
2335	1.137093e+02
2336	1.137604e+02
2337	1.138279e+02
2338	1.138196e+02
2339	1.138344e+02
2340	1.138855e+02
2341	1.139249e+02
2342	1.140168e+02
2343	1.140684e+02
2344	1.141133e+02
2345	1.141794e+02
2346	1.141720e+02
2347	1.140745e+02
2348	1.139926e+02
2349	1.139420e+02
2350	1.138876e+02
2351	1.138384e+02
2352	1.137885e+02
2353	1.137293e+02
2354	1.136680e+02
2355	1.135400e+02
2356	1.134184e+02
2357	1.133100e+02
2358	1.131905e+02
2359	1.130774e+02
2360	1.129150e+02
2361	1.127219e+02
2362	1.125334e+02
2363	1.123652e+02
2364	1.121947e+02
2365	1.120392e+02
2366	1.119289e+02
2367	1.117972e+02
2368	1.117213e+02
2369	1.116310e+02
2370	1.115857e+02
2371	1.115207e+02
2372	1.114633e+02
2373	1.114291e+02
2374	1.114321e+02
2375	1.114784e+02
2376	1.115190e+02
2377	1.116515e+02
2378	1.118517e+02
2379	1.120668e+02
2380	1.122793e+02
2381	1.124702e+02
2382	1.125660e+02
2383	1.127562e+02
2384	1.129134e+02
2385	1.130846e+02
2386	1.132738e+02
2387	1.135249e+02
2388	1.137209e+02
2389	1.139067e+02
2390	1.140921e+02
2391	1.142972e+02
2392	1.144218e+02
2393	1.145221e+02
2394	1.146291e+02
2395	1.147376e+02
2396	1.147909e+02
2397	1.148013e+02
2398	1.148173e+02
2399	1.147789e+02
2400	1.146282e+02
2401	1.144915e+02
2402	1.143518e+02
2403	1.143147e+02
2404	1.143675e+02
2405	1.143650e+02
2406	1.143442e+02
2407	1.143657e+02
2408	1.144413e+02
2409	1.144736e+02
2410	1.145822e+02
2411	1.146963e+02
2412	1.148631e+02
2413	1.151027e+02
2414	1.153409e+02
2415	1.156218e+02
2416	1.157849e+02
2417	1.157759e+02
2418	1.156625e+02
2419	1.154163e+02
2420	1.150526e+02
2421	1.146034e+02
2422	1.141607e+02
2423	1.137018e+02
2424	1.132597e+02
2425	1.127818e+02
2426	1.123023e+02
2427	1.118662e+02
2428	1.114584e+02
2429	1.110303e+02
2430	1.106012e+02
2431	1.101712e+02
2432	1.097982e+02
2433	1.095276e+02
2434	1.092815e+02
2435	1.089463e+02
2436	1.087027e+02
2437	1.085529e+02
2438	1.083533e+02
2439	1.081237e+02
2440	1.078736e+02
2441	1.076228e+02
2442	1.073975e+02
2443	1.072230e+02
2444	1.070754e+02
2445	1.069603e+02
2446	1.068800e+02
2447	1.068991e+02
2448	1.069068e+02
2449	1.069765e+02
2450	1.070987e+02
2451	1.072805e+02
2452	1.074929e+02
2453	1.077639e+02
2454	1.080387e+02
2455	1.083910e+02
2456	1.088114e+02
2457	1.092776e+02
2458	1.097986e+02
2459	1.104573e+02
2460	1.110869e+02
2461	1.117323e+02
2462	1.123614e+02
2463	1.130539e+02
2464	1.137435e+02
2465	1.144003e+02
2466	1.149849e+02
2467	1.154260e+02
2468	1.157652e+02
2469	1.160385e+02
2470	1.163128e+02
2471	1.165910e+02
2472	1.167720e+02
2473	1.168930e+02
2474	1.169488e+02
2475	1.169825e+02
2476	1.170066e+02
2477	1.170297e+02
2478	1.170101e+02
2479	1.169918e+02
2480	1.169360e+02
2481	1.168243e+02
2482	1.165874e+02
2483	1.162934e+02
2484	1.159517e+02
2485	1.155023e+02
2486	1.149903e+02
2487	1.144656e+02
2488	1.138822e+02
2489	1.133693e+02
2490	1.127888e+02
2491	1.122670e+02
2492	1.118219e+02
2493	1.114565e+02
2494	1.110742e+02
2495	1.107812e+02
2496	1.105847e+02
2497	1.104709e+02
2498	1.104487e+02
2499	1.105344e+02
2500	1.106429e+02
2501	1.107154e+02
2502	1.108015e+02
2503	1.108620e+02
2504	1.109782e+02
2505	1.111118e+02
2506	1.113448e+02
2507	1.116909e+02
2508	1.120889e+02
2509	1.124767e+02
2510	1.128865e+02
2511	1.132676e+02
2512	1.136309e+02
2513	1.139047e+02
2514	1.141307e+02
2515	1.143795e+02
2516	1.146693e+02
2517	1.149629e+02
2518	1.151808e+02
2519	1.153970e+02
2520	1.155920e+02
2521	1.157304e+02
2522	1.158168e+02
2523	1.158549e+02
2524	1.157713e+02
2525	1.156244e+02
2526	1.153485e+02
2527	1.150089e+02
2528	1.145392e+02
2529	1.139822e+02
2530	1.133207e+02
2531	1.126201e+02
2532	1.118825e+02
2533	1.111575e+02
2534	1.103935e+02
2535	1.096055e+02
2536	1.089358e+02
2537	1.083453e+02
2538	1.078802e+02
2539	1.073793e+02
2540	1.068813e+02
2541	1.063935e+02
2542	1.059768e+02
2543	1.056128e+02
2544	1.053021e+02
2545	1.051304e+02
2546	1.050448e+02
2547	1.050579e+02
2548	1.051053e+02
2549	1.052742e+02
2550	1.056040e+02
2551	1.060692e+02
2552	1.066217e+02
2553	1.072748e+02
2554	1.079029e+02
2555	1.086047e+02
2556	1.093801e+02
2557	1.101390e+02
2558	1.109103e+02
2559	1.116748e+02
2560	1.124410e+02
2561	1.132230e+02
2562	1.140427e+02
2563	1.148653e+02
2564	1.156069e+02
2565	1.162472e+02
2566	1.167860e+02
2567	1.173285e+02
2568	1.177395e+02
2569	1.180775e+02
2570	1.183761e+02
2571	1.184722e+02
2572	1.185975e+02
2573	1.186644e+02
2574	1.186554e+02
2575	1.186073e+02
2576	1.185684e+02
2577	1.184925e+02
2578	1.183847e+02
2579	1.182493e+02
2580	1.180383e+02
2581	1.178490e+02
2582	1.177414e+02
2583	1.176791e+02
2584	1.175792e+02
2585	1.174338e+02
2586	1.172089e+02
2587	1.169811e+02
2588	1.167399e+02
2589	1.164876e+02
2590	1.161739e+02
2591	1.159248e+02
2592	1.157180e+02
2593	1.154418e+02
2594	1.151924e+02
2595	1.149407e+02
2596	1.145988e+02
2597	1.143614e+02
2598	1.142094e+02
2599	1.141069e+02
2600	1.140632e+02
2601	1.141262e+02
2602	1.141697e+02
2603	1.142866e+02
2604	1.144342e+02
2605	1.146262e+02
2606	1.148553e+02
2607	1.152060e+02
2608	1.155755e+02
2609	1.159910e+02
2610	1.164286e+02
2611	1.169050e+02
2612	1.173885e+02
2613	1.178421e+02
2614	1.182812e+02
2615	1.187130e+02
2616	1.191414e+02
2617	1.195337e+02
2618	1.198621e+02
2619	1.201146e+02
2620	1.202932e+02
2621	1.204231e+02
2622	1.205790e+02
2623	1.207573e+02
2624	1.208599e+02
2625	1.208759e+02
2626	1.209682e+02
2627	1.210503e+02
2628	1.211508e+02
2629	1.213276e+02
2630	1.214390e+02
2631	1.215314e+02
2632	1.215928e+02
2633	1.216526e+02
2634	1.216673e+02
2635	1.216957e+02
2636	1.216624e+02
2637	1.216206e+02
2638	1.215765e+02
2639	1.214697e+02
2640	1.212535e+02
2641	1.210946e+02
2642	1.209368e+02
2643	1.207020e+02
2644	1.205042e+02
2645	1.203980e+02
2646	1.203414e+02
2647	1.202966e+02
2648	1.203318e+02
2649	1.203351e+02
2650	1.204338e+02
2651	1.206007e+02
2652	1.208197e+02
2653	1.210272e+02
2654	1.211250e+02
2655	1.212688e+02
2656	1.213848e+02
2657	1.213749e+02
2658	1.212792e+02
2659	1.211626e+02
2660	1.210378e+02
2661	1.209145e+02
2662	1.207310e+02
2663	1.204472e+02
2664	1.202252e+02
2665	1.199680e+02
2666	1.197754e+02
2667	1.195799e+02
2668	1.194021e+02
2669	1.191808e+02
2670	1.189609e+02
2671	1.187447e+02
2672	1.185010e+02
2673	1.182430e+02
2674	1.179270e+02
2675	1.176430e+02
2676	1.172724e+02
2677	1.168855e+02
2678	1.164498e+02
2679	1.160117e+02
2680	1.155989e+02
2681	1.151150e+02
2682	1.146052e+02
2683	1.140878e+02
2684	1.135317e+02
2685	1.130210e+02
2686	1.125609e+02
2687	1.120337e+02
2688	1.114545e+02
2689	1.109238e+02
2690	1.104169e+02
2691	1.099290e+02
2692	1.094163e+02
2693	1.089364e+02
2694	1.084879e+02
2695	1.081234e+02
2696	1.078621e+02
2697	1.076431e+02
2698	1.074531e+02
2699	1.073323e+02
2700	1.071847e+02
2701	1.070594e+02
2702	1.069574e+02
2703	1.068912e+02
2704	1.068523e+02
2705	1.069209e+02
2706	1.070373e+02
2707	1.071381e+02
2708	1.072746e+02
2709	1.074242e+02
2710	1.076810e+02
2711	1.079986e+02
2712	1.084250e+02
2713	1.089756e+02
2714	1.095567e+02
2715	1.101478e+02
2716	1.108441e+02
2717	1.116482e+02
2718	1.124975e+02
2719	1.133635e+02
2720	1.143227e+02
2721	1.152310e+02
2722	1.161339e+02
2723	1.170784e+02
2724	1.180425e+02
2725	1.190208e+02
2726	1.200082e+02
2727	1.209367e+02
2728	1.217978e+02
2729	1.227640e+02
2730	1.237186e+02
2731	1.245056e+02
2732	1.252067e+02
2733	1.257866e+02
2734	1.262115e+02
2735	1.264807e+02
2736	1.266387e+02
2737	1.267000e+02
2738	1.266668e+02
2739	1.265619e+02
2740	1.263968e+02
2741	1.261950e+02
2742	1.259782e+02
2743	1.256939e+02
2744	1.253301e+02
2745	1.249947e+02
2746	1.246515e+02
2747	1.242521e+02
2748	1.237306e+02
2749	1.232136e+02
2750	1.227238e+02
2751	1.221920e+02
2752	1.216362e+02
2753	1.210532e+02
2754	1.204885e+02
2755	1.200035e+02
2756	1.195526e+02
2757	1.191281e+02
2758	1.187185e+02
2759	1.183025e+02
2760	1.179345e+02
2761	1.176022e+02
2762	1.172648e+02
2763	1.169382e+02
2764	1.166353e+02
2765	1.163366e+02
2766	1.160954e+02
2767	1.158745e+02
2768	1.156243e+02
2769	1.154430e+02
2770	1.152406e+02
2771	1.150296e+02
2772	1.147890e+02
2773	1.145615e+02
2774	1.143089e+02
2775	1.140620e+02
2776	1.138281e+02
2777	1.135844e+02
2778	1.134119e+02
2779	1.132728e+02
2780	1.130489e+02
2781	1.128348e+02
2782	1.126201e+02
2783	1.123732e+02
2784	1.121690e+02
2785	1.119538e+02
2786	1.116931e+02
2787	1.114722e+02
2788	1.113431e+02
2789	1.112489e+02
2790	1.112165e+02
2791	1.111663e+02
2792	1.112140e+02
2793	1.113496e+02
2794	1.115091e+02
2795	1.116853e+02
2796	1.119534e+02
2797	1.122057e+02
2798	1.124978e+02
2799	1.127735e+02
2800	1.131051e+02
2801	1.135435e+02
2802	1.140216e+02
2803	1.145671e+02
2804	1.151375e+02
2805	1.157249e+02
2806	1.163206e+02
2807	1.168858e+02
2808	1.174461e+02
2809	1.179829e+02
2810	1.185154e+02
2811	1.189793e+02
2812	1.194559e+02
2813	1.199721e+02
2814	1.204816e+02
2815	1.208816e+02
2816	1.212791e+02
2817	1.216950e+02
2818	1.220813e+02
2819	1.223754e+02
2820	1.226110e+02
2821	1.227480e+02
2822	1.227862e+02
2823	1.228034e+02
2824	1.227917e+02
2825	1.227964e+02
2826	1.226846e+02
2827	1.225792e+02
2828	1.223527e+02
2829	1.220517e+02
2830	1.216986e+02
2831	1.213123e+02
2832	1.207503e+02
2833	1.201853e+02
2834	1.195897e+02
2835	1.190113e+02
2836	1.184241e+02
2837	1.177553e+02
2838	1.170944e+02
2839	1.164792e+02
2840	1.159449e+02
2841	1.153491e+02
2842	1.147360e+02
2843	1.141703e+02
2844	1.136161e+02
2845	1.130982e+02
2846	1.126514e+02
2847	1.122908e+02
2848	1.120356e+02
2849	1.117653e+02
2850	1.115445e+02
2851	1.113430e+02
2852	1.111889e+02
2853	1.110809e+02
2854	1.109451e+02
2855	1.107552e+02
2856	1.105213e+02
2857	1.103085e+02
2858	1.101477e+02
2859	1.100013e+02
2860	1.099342e+02
2861	1.098874e+02
2862	1.099004e+02
2863	1.099735e+02
2864	1.101028e+02
2865	1.102416e+02
2866	1.103905e+02
2867	1.105972e+02
2868	1.107985e+02
2869	1.110674e+02
2870	1.113455e+02
2871	1.116108e+02
2872	1.119327e+02
2873	1.122511e+02
2874	1.125189e+02
2875	1.128316e+02
2876	1.131487e+02
2877	1.134899e+02
2878	1.138697e+02
2879	1.142183e+02
2880	1.145844e+02
2881	1.149485e+02
2882	1.153578e+02
2883	1.157952e+02
2884	1.162904e+02
2885	1.167102e+02
2886	1.171633e+02
2887	1.177042e+02
2888	1.182580e+02
2889	1.187155e+02
2890	1.191454e+02
2891	1.195596e+02
2892	1.199413e+02
2893	1.203047e+02
2894	1.205985e+02
2895	1.208653e+02
2896	1.211299e+02
2897	1.213660e+02
2898	1.216452e+02
2899	1.217862e+02
2900	1.218385e+02
2901	1.218759e+02
2902	1.218581e+02
2903	1.218052e+02
2904	1.216657e+02
2905	1.214383e+02
2906	1.210345e+02
2907	1.205884e+02
2908	1.202027e+02
2909	1.198830e+02
2910	1.194359e+02
2911	1.189853e+02
2912	1.185314e+02
2913	1.180611e+02
2914	1.175118e+02
2915	1.169357e+02
2916	1.164019e+02
2917	1.158509e+02
2918	1.153048e+02
2919	1.148049e+02
2920	1.142670e+02
2921	1.137546e+02
2922	1.132071e+02
2923	1.125941e+02
2924	1.119207e+02
2925	1.112176e+02
2926	1.105135e+02
2927	1.098005e+02
2928	1.090587e+02
2929	1.084172e+02
2930	1.078937e+02
2931	1.074576e+02
2932	1.070993e+02
2933	1.068294e+02
2934	1.066588e+02
2935	1.065668e+02
2936	1.065121e+02
2937	1.065054e+02
2938	1.066222e+02
2939	1.068237e+02
2940	1.070993e+02
2941	1.074343e+02
2942	1.078628e+02
2943	1.083574e+02
2944	1.088360e+02
2945	1.093911e+02
2946	1.100926e+02
2947	1.107554e+02
2948	1.114607e+02
2949	1.121642e+02
2950	1.128994e+02
2951	1.136635e+02
2952	1.144141e+02
2953	1.152456e+02
2954	1.160461e+02
2955	1.168500e+02
2956	1.176571e+02
2957	1.184418e+02
2958	1.191603e+02
2959	1.197410e+02
2960	1.203504e+02
2961	1.208750e+02
2962	1.213458e+02
2963	1.217123e+02
2964	1.219993e+02
2965	1.222111e+02
2966	1.223414e+02
2967	1.224902e+02
2968	1.225871e+02
2969	1.225943e+02
2970	1.225509e+02
2971	1.224990e+02
2972	1.224089e+02
2973	1.222506e+02
2974	1.221007e+02
2975	1.218940e+02
2976	1.216867e+02
2977	1.214504e+02
2978	1.212117e+02
2979	1.209433e+02
2980	1.206461e+02
2981	1.203373e+02
2982	1.200640e+02
2983	1.197660e+02
2984	1.193875e+02
2985	1.189866e+02
2986	1.186351e+02
2987	1.181427e+02
2988	1.176342e+02
2989	1.171653e+02
2990	1.166809e+02
2991	1.161456e+02
2992	1.156494e+02
2993	1.150782e+02
2994	1.144168e+02
2995	1.137416e+02
2996	1.131155e+02
2997	1.124799e+02
2998	1.118627e+02
2999	1.113002e+02
3000	1.106794e+02
3001	1.100404e+02
3002	1.093851e+02
3003	1.088008e+02
3004	1.082381e+02
3005	1.077408e+02
3006	1.072092e+02
3007	1.067225e+02
3008	1.062501e+02
3009	1.058037e+02
3010	1.054622e+02
3011	1.052329e+02
3012	1.049775e+02
3013	1.047471e+02
3014	1.045583e+02
3015	1.044262e+02
3016	1.042880e+02
3017	1.042542e+02
3018	1.042484e+02
3019	1.043637e+02
3020	1.045234e+02
3021	1.046455e+02
3022	1.047770e+02
3023	1.050468e+02
3024	1.052956e+02
3025	1.055696e+02
3026	1.057941e+02
3027	1.061083e+02
3028	1.065338e+02
3029	1.070159e+02
3030	1.075988e+02
3031	1.083080e+02
3032	1.090245e+02
3033	1.098393e+02
3034	1.107637e+02
3035	1.117139e+02
3036	1.127805e+02
3037	1.139105e+02
3038	1.150814e+02
3039	1.163310e+02
3040	1.176350e+02
3041	1.189313e+02
3042	1.202448e+02
3043	1.215713e+02
3044	1.228358e+02
3045	1.239099e+02
3046	1.249055e+02
3047	1.258279e+02
3048	1.266318e+02
3049	1.272956e+02
3050	1.278495e+02
3051	1.282934e+02
3052	1.285438e+02
3053	1.286700e+02
3054	1.287639e+02
3055	1.287797e+02
3056	1.287156e+02
3057	1.285975e+02
3058	1.283690e+02
3059	1.280550e+02
3060	1.276279e+02
3061	1.271359e+02
3062	1.265259e+02
3063	1.257953e+02
3064	1.250635e+02
3065	1.243047e+02
3066	1.235659e+02
3067	1.228732e+02
3068	1.221143e+02
3069	1.213411e+02
3070	1.206414e+02
3071	1.198503e+02
3072	1.191374e+02
3073	1.184322e+02
3074	1.177575e+02
3075	1.171059e+02
3076	1.164770e+02
3077	1.159186e+02
3078	1.154688e+02
3079	1.150777e+02
3080	1.147623e+02
3081	1.144680e+02
3082	1.141501e+02
3083	1.138991e+02
3084	1.135861e+02
3085	1.132920e+02
3086	1.130103e+02
3087	1.127712e+02
3088	1.125759e+02
3089	1.124918e+02
3090	1.124215e+02
3091	1.124382e+02
3092	1.124384e+02
3093	1.124335e+02
3094	1.124085e+02
3095	1.123829e+02
3096	1.123541e+02
3097	1.123151e+02
3098	1.123872e+02
3099	1.124985e+02
3100	1.125691e+02
3101	1.126060e+02
3102	1.125857e+02
3103	1.126216e+02
3104	1.126710e+02
3105	1.127174e+02
3106	1.126751e+02
3107	1.125612e+02
3108	1.124200e+02
3109	1.122168e+02
3110	1.120193e+02
3111	1.117230e+02
3112	1.114294e+02
3113	1.111445e+02
3114	1.108886e+02
3115	1.106621e+02
3116	1.104928e+02
3117	1.103703e+02
3118	1.103286e+02
3119	1.103657e+02
3120	1.104663e+02
3121	1.106761e+02
3122	1.109420e+02
3123	1.112828e+02
3124	1.117429e+02
3125	1.122898e+02
3126	1.127979e+02
3127	1.133782e+02
3128	1.139954e+02
3129	1.145915e+02
3130	1.152970e+02
3131	1.159971e+02
3132	1.167021e+02
3133	1.173332e+02
3134	1.179500e+02
3135	1.185307e+02
3136	1.191196e+02
3137	1.196683e+02
3138	1.202506e+02
3139	1.208911e+02
3140	1.215386e+02
3141	1.221741e+02
3142	1.227261e+02
3143	1.231871e+02
3144	1.234567e+02
3145	1.236176e+02
3146	1.235658e+02
3147	1.234548e+02
3148	1.231853e+02
3149	1.228047e+02
3150	1.223306e+02
3151	1.217725e+02
3152	1.211059e+02
3153	1.203307e+02
3154	1.194805e+02
3155	1.186178e+02
3156	1.175790e+02
3157	1.164542e+02
3158	1.152822e+02
3159	1.141253e+02
3160	1.130080e+02
3161	1.118943e+02
3162	1.108272e+02
3163	1.098161e+02
3164	1.088668e+02
3165	1.078962e+02
3166	1.069993e+02
3167	1.060959e+02
3168	1.052450e+02
3169	1.044607e+02
3170	1.037317e+02
3171	1.030620e+02
3172	1.024602e+02
3173	1.018826e+02
3174	1.013216e+02
3175	1.008208e+02
3176	1.004372e+02
3177	1.001758e+02
3178	9.998241e+01
3179	9.984684e+01
3180	9.982344e+01
3181	9.991621e+01
3182	1.001564e+02
3183	1.005344e+02
3184	1.010088e+02
3185	1.015847e+02
3186	1.023157e+02
3187	1.031732e+02
3188	1.040510e+02
3189	1.050329e+02
3190	1.060971e+02
3191	1.072007e+02
3192	1.082322e+02
3193	1.091844e+02
3194	1.101053e+02
3195	1.110372e+02
3196	1.118950e+02
3197	1.126980e+02
3198	1.134420e+02
3199	1.140869e+02
3200	1.146568e+02
3201	1.152107e+02
3202	1.156818e+02
3203	1.161495e+02
3204	1.165837e+02
3205	1.169519e+02
3206	1.172500e+02
3207	1.175042e+02
3208	1.177430e+02
3209	1.180356e+02
3210	1.183288e+02
3211	1.186704e+02
3212	1.189786e+02
3213	1.192518e+02
3214	1.194949e+02
3215	1.197156e+02
3216	1.199176e+02
3217	1.200948e+02
3218	1.202847e+02
3219	1.205398e+02
3220	1.207145e+02
3221	1.208384e+02
3222	1.208715e+02
3223	1.208475e+02
3224	1.208107e+02
3225	1.207499e+02
3226	1.207200e+02
3227	1.206881e+02
3228	1.206712e+02
3229	1.206304e+02
3230	1.205227e+02
3231	1.203887e+02
3232	1.202745e+02
3233	1.202080e+02
3234	1.201086e+02
3235	1.199157e+02
3236	1.196454e+02
3237	1.193177e+02
3238	1.189688e+02
3239	1.185813e+02
3240	1.181313e+02
3241	1.176469e+02
3242	1.170761e+02
3243	1.164729e+02
3244	1.158483e+02
3245	1.152184e+02
3246	1.145648e+02
3247	1.138243e+02
3248	1.131186e+02
3249	1.123652e+02
3250	1.116182e+02
3251	1.108103e+02
3252	1.100431e+02
3253	1.093154e+02
3254	1.085387e+02
3255	1.077390e+02
3256	1.068932e+02
3257	1.060297e+02
3258	1.051821e+02
3259	1.044275e+02
3260	1.037525e+02
3261	1.032343e+02
3262	1.027850e+02
3263	1.023475e+02
3264	1.020242e+02
3265	1.017093e+02
3266	1.014396e+02
3267	1.011927e+02
3268	1.009940e+02
3269	1.008023e+02
3270	1.007060e+02
3271	1.006467e+02
3272	1.006245e+02
3273	1.007305e+02
3274	1.009248e+02
3275	1.011775e+02
3276	1.015045e+02
3277	1.018988e+02
3278	1.024469e+02
3279	1.031341e+02
3280	1.039120e+02
3281	1.046847e+02
3282	1.055572e+02
3283	1.064036e+02
3284	1.072719e+02
3285	1.081392e+02
3286	1.089961e+02
3287	1.099055e+02
3288	1.108371e+02
3289	1.118822e+02
3290	1.128892e+02
3291	1.138398e+02
3292	1.147627e+02
3293	1.156900e+02
3294	1.166877e+02
3295	1.176171e+02
3296	1.184923e+02
3297	1.193239e+02
3298	1.201544e+02
3299	1.209250e+02
3300	1.216521e+02
3301	1.222639e+02
3302	1.227655e+02
3303	1.231986e+02
3304	1.235246e+02
3305	1.237488e+02
3306	1.239242e+02
3307	1.240057e+02
3308	1.239875e+02
3309	1.239224e+02
3310	1.237385e+02
3311	1.235140e+02
3312	1.232230e+02
3313	1.230077e+02
3314	1.226997e+02
3315	1.223594e+02
3316	1.220167e+02
3317	1.216735e+02
3318	1.213000e+02
3319	1.208730e+02
3320	1.204426e+02
3321	1.200142e+02
3322	1.195389e+02
3323	1.190363e+02
3324	1.185819e+02
3325	1.179904e+02
3326	1.173878e+02
3327	1.167931e+02
3328	1.161757e+02
3329	1.156010e+02
3330	1.149997e+02
3331	1.144428e+02
3332	1.139848e+02
3333	1.135731e+02
3334	1.131707e+02
3335	1.127807e+02
3336	1.123420e+02
3337	1.119083e+02
3338	1.114196e+02
3339	1.109157e+02
3340	1.104637e+02
3341	1.100260e+02
3342	1.096174e+02
3343	1.092399e+02
3344	1.088374e+02
3345	1.084362e+02
3346	1.081419e+02
3347	1.078390e+02
3348	1.075529e+02
3349	1.072715e+02
3350	1.070037e+02
3351	1.067229e+02
3352	1.065006e+02
3353	1.062931e+02
3354	1.061864e+02
3355	1.060718e+02
3356	1.059422e+02
3357	1.057955e+02
3358	1.056302e+02
3359	1.055112e+02
3360	1.054087e+02
3361	1.054104e+02
3362	1.054907e+02
3363	1.056729e+02
3364	1.058909e+02
3365	1.061528e+02
3366	1.064663e+02
3367	1.068360e+02
3368	1.073285e+02
3369	1.078231e+02
3370	1.083895e+02
3371	1.089091e+02
3372	1.094574e+02
3373	1.100167e+02
3374	1.106384e+02
3375	1.112168e+02
3376	1.118617e+02
3377	1.124862e+02
3378	1.130635e+02
3379	1.136989e+02
3380	1.143236e+02
3381	1.149594e+02
3382	1.155363e+02
3383	1.160722e+02
3384	1.165054e+02
3385	1.170065e+02
3386	1.175308e+02
3387	1.179987e+02
3388	1.185123e+02
3389	1.190200e+02
3390	1.195281e+02
3391	1.199837e+02
3392	1.204011e+02
3393	1.207314e+02
3394	1.209995e+02
3395	1.211953e+02
3396	1.213118e+02
3397	1.213661e+02
3398	1.213840e+02
3399	1.213187e+02
3400	1.212072e+02
3401	1.210179e+02
3402	1.207606e+02
3403	1.204826e+02
3404	1.201173e+02
3405	1.198219e+02
3406	1.194966e+02
3407	1.191678e+02
3408	1.188439e+02
3409	1.185244e+02
3410	1.182779e+02
3411	1.179869e+02
3412	1.177444e+02
3413	1.173899e+02
3414	1.169979e+02
3415	1.166371e+02
3416	1.163552e+02
3417	1.160500e+02
3418	1.157807e+02
3419	1.155159e+02
3420	1.152782e+02
3421	1.149883e+02
3422	1.147269e+02
3423	1.144266e+02
3424	1.141415e+02
3425	1.139297e+02
3426	1.137476e+02
3427	1.136108e+02
3428	1.134144e+02
3429	1.132974e+02
3430	1.131038e+02
3431	1.128941e+02
3432	1.126908e+02
3433	1.125217e+02
3434	1.123901e+02
3435	1.123475e+02
3436	1.123520e+02
3437	1.124915e+02
3438	1.125646e+02
3439	1.126430e+02
3440	1.127642e+02
3441	1.128609e+02
3442	1.128547e+02
3443	1.127865e+02
3444	1.126695e+02
3445	1.124582e+02
3446	1.121538e+02
3447	1.117834e+02
3448	1.113764e+02
3449	1.110086e+02
3450	1.106826e+02
3451	1.103225e+02
3452	1.100015e+02
3453	1.097669e+02
3454	1.095603e+02
3455	1.094462e+02
3456	1.092981e+02
3457	1.091750e+02
3458	1.091311e+02
3459	1.091974e+02
3460	1.093894e+02
3461	1.096165e+02
3462	1.099291e+02
3463	1.102822e+02
3464	1.107113e+02
3465	1.112143e+02
3466	1.117520e+02
3467	1.123319e+02
3468	1.129695e+02
3469	1.136871e+02
3470	1.143734e+02
3471	1.150458e+02
3472	1.157291e+02
3473	1.164486e+02
3474	1.171166e+02
3475	1.178302e+02
3476	1.186776e+02
3477	1.195894e+02
3478	1.205744e+02
3479	1.215587e+02
3480	1.225522e+02
3481	1.236406e+02
3482	1.247049e+02
3483	1.257791e+02
3484	1.268249e+02
3485	1.278368e+02
3486	1.287079e+02
3487	1.294266e+02
3488	1.300310e+02
3489	1.304259e+02
3490	1.307177e+02
3491	1.308643e+02
3492	1.308458e+02
3493	1.306804e+02
3494	1.304604e+02
3495	1.300810e+02
3496	1.295948e+02
3497	1.290298e+02
3498	1.284184e+02
3499	1.277437e+02
3500	1.270772e+02
3501	1.263219e+02
3502	1.255220e+02
3503	1.244937e+02
3504	1.233207e+02
3505	1.221500e+02
3506	1.209717e+02
3507	1.197304e+02
3508	1.184233e+02
3509	1.170959e+02
3510	1.157571e+02
3511	1.144984e+02
3512	1.132720e+02
3513	1.121224e+02
3514	1.109985e+02
3515	1.099116e+02
3516	1.088305e+02
3517	1.078973e+02
3518	1.070382e+02
3519	1.062664e+02
3520	1.055686e+02
3521	1.049898e+02
3522	1.044799e+02
3523	1.041076e+02
3524	1.039216e+02
3525	1.038380e+02
3526	1.038411e+02
3527	1.039730e+02
3528	1.041819e+02
3529	1.045984e+02
3530	1.051286e+02
3531	1.057132e+02
3532	1.063409e+02
3533	1.070256e+02
3534	1.077927e+02
3535	1.085581e+02
3536	1.092440e+02
3537	1.099651e+02
3538	1.106847e+02
3539	1.113336e+02
3540	1.120601e+02
3541	1.128054e+02
3542	1.135736e+02
3543	1.143869e+02
3544	1.151343e+02
3545	1.158418e+02
3546	1.165732e+02
3547	1.173421e+02
3548	1.180282e+02
3549	1.186937e+02
3550	1.193770e+02
3551	1.200650e+02
3552	1.206502e+02
3553	1.211271e+02
3554	1.215731e+02
3555	1.219338e+02
3556	1.221647e+02
3557	1.223433e+02
3558	1.223538e+02
3559	1.223722e+02
3560	1.223583e+02
3561	1.223087e+02
3562	1.222081e+02
3563	1.221205e+02
3564	1.220388e+02
3565	1.219080e+02
3566	1.217550e+02
3567	1.216100e+02
3568	1.214844e+02
3569	1.213672e+02
3570	1.211913e+02
3571	1.209134e+02
3572	1.205367e+02
3573	1.201177e+02
3574	1.196787e+02
3575	1.191938e+02
3576	1.186682e+02
3577	1.180835e+02
3578	1.175097e+02
3579	1.168866e+02
3580	1.162384e+02
3581	1.156398e+02
3582	1.149718e+02
3583	1.143383e+02
3584	1.137686e+02
3585	1.131848e+02
3586	1.126346e+02
3587	1.120830e+02
3588	1.115808e+02
3589	1.110907e+02
3590	1.106316e+02
3591	1.101256e+02
3592	1.095835e+02
3593	1.090970e+02
3594	1.085273e+02
3595	1.080062e+02
3596	1.075045e+02
3597	1.070536e+02
3598	1.065586e+02
3599	1.061129e+02
3600	1.056270e+02
3601	1.051463e+02
3602	1.046571e+02
3603	1.041695e+02
3604	1.036352e+02
3605	1.031630e+02
3606	1.027243e+02
3607	1.022978e+02
3608	1.020176e+02
3609	1.018122e+02
3610	1.016452e+02
3611	1.015114e+02
3612	1.014185e+02
3613	1.013903e+02
3614	1.014516e+02
3615	1.016054e+02
3616	1.018179e+02
3617	1.021907e+02
3618	1.025445e+02
3619	1.029789e+02
3620	1.034066e+02
3621	1.038407e+02
3622	1.043441e+02
3623	1.049233e+02
3624	1.055116e+02
3625	1.060870e+02
3626	1.067020e+02
3627	1.073130e+02
3628	1.078698e+02
3629	1.083716e+02
3630	1.088724e+02
3631	1.093141e+02
3632	1.097227e+02
3633	1.101177e+02
3634	1.104677e+02
3635	1.107949e+02
3636	1.111353e+02
3637	1.114658e+02
3638	1.117538e+02
3639	1.120151e+02
3640	1.123430e+02
3641	1.127537e+02
3642	1.132474e+02
3643	1.137870e+02
3644	1.142882e+02
3645	1.147628e+02
3646	1.153184e+02
3647	1.158661e+02
3648	1.163798e+02
3649	1.169106e+02
3650	1.173757e+02
3651	1.177721e+02
3652	1.182026e+02
3653	1.185727e+02
3654	1.189293e+02
3655	1.192558e+02
3656	1.195882e+02
3657	1.199091e+02
3658	1.201305e+02
3659	1.203900e+02
3660	1.206703e+02
3661	1.210020e+02
3662	1.213198e+02
3663	1.216625e+02
3664	1.220215e+02
3665	1.224378e+02
3666	1.228652e+02
3667	1.232871e+02
3668	1.236505e+02
3669	1.239679e+02
3670	1.242897e+02
3671	1.246276e+02
3672	1.249103e+02
3673	1.251652e+02
3674	1.255252e+02
3675	1.258683e+02
3676	1.261957e+02
3677	1.265068e+02
3678	1.268291e+02
3679	1.271454e+02
3680	1.274255e+02
3681	1.276565e+02
3682	1.277678e+02
3683	1.277772e+02
3684	1.277269e+02
3685	1.275155e+02
3686	1.271430e+02
3687	1.266457e+02
3688	1.260017e+02
3689	1.252865e+02
3690	1.245191e+02
3691	1.237498e+02
3692	1.230464e+02
3693	1.223588e+02
3694	1.216880e+02
3695	1.210581e+02
3696	1.204971e+02
3697	1.200202e+02
3698	1.196212e+02
3699	1.192187e+02
3700	1.188984e+02
3701	1.185352e+02
3702	1.182236e+02
3703	1.178873e+02
3704	1.175748e+02
3705	1.173499e+02
3706	1.171865e+02
3707	1.171315e+02
3708	1.170807e+02
3709	1.170557e+02
3710	1.170178e+02
3711	1.170391e+02
3712	1.171403e+02
3713	1.172599e+02
3714	1.174562e+02
3715	1.176624e+02
3716	1.178376e+02
3717	1.179819e+02
3718	1.181834e+02
3719	1.184470e+02
3720	1.187355e+02
3721	1.190182e+02
3722	1.193550e+02
3723	1.197453e+02
3724	1.201248e+02
3725	1.205658e+02
3726	1.209994e+02
3727	1.213409e+02
3728	1.216846e+02
3729	1.219786e+02
3730	1.222548e+02
3731	1.225332e+02
3732	1.227436e+02
3733	1.227785e+02
3734	1.227999e+02
3735	1.227589e+02
3736	1.226192e+02
3737	1.224451e+02
3738	1.222397e+02
3739	1.220371e+02
3740	1.218227e+02
3741	1.216438e+02
3742	1.214511e+02
3743	1.211992e+02
3744	1.209525e+02
3745	1.206896e+02
3746	1.204379e+02
3747	1.201518e+02
3748	1.199135e+02
3749	1.196595e+02
3750	1.193302e+02
3751	1.189915e+02
3752	1.185398e+02
3753	1.180428e+02
3754	1.175371e+02
3755	1.169741e+02
3756	1.164060e+02
3757	1.158127e+02
3758	1.151748e+02
3759	1.146010e+02
3760	1.139962e+02
3761	1.133329e+02
3762	1.127278e+02
3763	1.122303e+02
3764	1.116261e+02
3765	1.110904e+02
3766	1.105859e+02
3767	1.102061e+02
3768	1.098834e+02
3769	1.096500e+02
3770	1.095306e+02
3771	1.093747e+02
3772	1.091560e+02
3773	1.088664e+02
3774	1.085536e+02
3775	1.082959e+02
3776	1.080506e+02
3777	1.078424e+02
3778	1.076542e+02
3779	1.074718e+02
3780	1.072642e+02
3781	1.070635e+02
3782	1.068262e+02
3783	1.067270e+02
3784	1.066522e+02
3785	1.065386e+02
3786	1.064405e+02
3787	1.063195e+02
3788	1.062041e+02
3789	1.060824e+02
3790	1.060289e+02
3791	1.059332e+02
3792	1.058219e+02
3793	1.056791e+02
3794	1.054373e+02
3795	1.051764e+02
3796	1.049084e+02
3797	1.047944e+02
3798	1.047225e+02
3799	1.046968e+02
3800	1.046585e+02
3801	1.046919e+02
3802	1.047856e+02
3803	1.048174e+02
3804	1.048778e+02
3805	1.049707e+02
3806	1.051365e+02
3807	1.054634e+02
3808	1.058418e+02
3809	1.062531e+02
3810	1.066674e+02
3811	1.071709e+02
3812	1.076537e+02
3813	1.081935e+02
3814	1.087452e+02
3815	1.093009e+02
3816	1.098365e+02
3817	1.103309e+02
3818	1.108803e+02
3819	1.113847e+02
3820	1.119292e+02
3821	1.124597e+02
3822	1.130188e+02
3823	1.135831e+02
3824	1.141796e+02
3825	1.147754e+02
3826	1.154320e+02
3827	1.160283e+02
3828	1.166520e+02
3829	1.172035e+02
3830	1.176916e+02
3831	1.180888e+02
3832	1.184268e+02
3833	1.187041e+02
3834	1.189089e+02
3835	1.190777e+02
3836	1.192253e+02
3837	1.193676e+02
3838	1.194885e+02
3839	1.195072e+02
3840	1.194367e+02
3841	1.192476e+02
3842	1.190522e+02
3843	1.187546e+02
3844	1.184044e+02
3845	1.179310e+02
3846	1.174426e+02
3847	1.169533e+02
3848	1.164543e+02
3849	1.160610e+02
3850	1.157114e+02
3851	1.154082e+02
3852	1.151189e+02
3853	1.150017e+02
3854	1.148988e+02
3855	1.147471e+02
3856	1.146105e+02
3857	1.145236e+02
3858	1.143869e+02
3859	1.142233e+02
3860	1.140154e+02
3861	1.137847e+02
3862	1.134655e+02
3863	1.131580e+02
3864	1.127664e+02
3865	1.124846e+02
3866	1.121846e+02
3867	1.119697e+02
3868	1.118074e+02
3869	1.116199e+02
3870	1.113939e+02
3871	1.112372e+02
3872	1.111319e+02
3873	1.110282e+02
3874	1.109338e+02
3875	1.108769e+02
3876	1.108572e+02
3877	1.108658e+02
3878	1.107670e+02
3879	1.107240e+02
3880	1.107458e+02
3881	1.108566e+02
3882	1.109854e+02
3883	1.111085e+02
3884	1.112071e+02
3885	1.112605e+02
3886	1.114057e+02
3887	1.115720e+02
3888	1.116897e+02
3889	1.118712e+02
3890	1.120908e+02
3891	1.123384e+02
3892	1.126335e+02
3893	1.129966e+02
3894	1.133621e+02
3895	1.137762e+02
3896	1.141248e+02
3897	1.144722e+02
3898	1.148982e+02
3899	1.153578e+02
3900	1.158407e+02
3901	1.164117e+02
3902	1.170062e+02
3903	1.175953e+02
3904	1.180748e+02
3905	1.185540e+02
3906	1.189680e+02
3907	1.193437e+02
3908	1.196224e+02
3909	1.198896e+02
3910	1.201360e+02
3911	1.202099e+02
3912	1.201988e+02
3913	1.200630e+02
3914	1.198901e+02
3915	1.197676e+02
3916	1.195236e+02
3917	1.192480e+02
3918	1.189702e+02
3919	1.187664e+02
3920	1.185382e+02
3921	1.183362e+02
3922	1.181444e+02
3923	1.179694e+02
3924	1.178456e+02
3925	1.176645e+02
3926	1.174380e+02
3927	1.172306e+02
3928	1.169666e+02
3929	1.166773e+02
3930	1.163499e+02
3931	1.159922e+02
3932	1.156346e+02
3933	1.152158e+02
3934	1.148250e+02
3935	1.144312e+02
3936	1.140875e+02
3937	1.137136e+02
3938	1.134927e+02
3939	1.133927e+02
3940	1.132905e+02
3941	1.131834e+02
3942	1.131932e+02
3943	1.132007e+02
3944	1.133536e+02
3945	1.135310e+02
3946	1.137656e+02
3947	1.140521e+02
3948	1.143511e+02
3949	1.146415e+02
3950	1.149069e+02
3951	1.151220e+02
3952	1.152549e+02
3953	1.153875e+02
3954	1.154253e+02
3955	1.154786e+02
3956	1.154744e+02
3957	1.154169e+02
3958	1.153051e+02
3959	1.151485e+02
3960	1.149977e+02
3961	1.148454e+02
3962	1.146994e+02
3963	1.145752e+02
3964	1.144207e+02
3965	1.142154e+02
3966	1.140676e+02
3967	1.138879e+02
3968	1.137160e+02
3969	1.135820e+02
3970	1.134815e+02
3971	1.134300e+02
3972	1.133440e+02
3973	1.132661e+02
3974	1.132237e+02
3975	1.131286e+02
3976	1.129764e+02
3977	1.128519e+02
3978	1.127330e+02
3979	1.125792e+02
3980	1.124427e+02
3981	1.123552e+02
3982	1.122000e+02
3983	1.119853e+02
3984	1.118268e+02
3985	1.117135e+02
3986	1.115980e+02
3987	1.115407e+02
3988	1.115593e+02
3989	1.115157e+02
3990	1.115006e+02
3991	1.115775e+02
3992	1.117233e+02
3993	1.119027e+02
3994	1.120951e+02
3995	1.122230e+02
3996	1.123256e+02
3997	1.124915e+02
3998	1.126725e+02
3999	1.128488e+02
4000	1.130968e+02
4001	1.133088e+02
4002	1.135620e+02
4003	1.137338e+02
4004	1.139386e+02
4005	1.141089e+02
4006	1.143109e+02
4007	1.145318e+02
4008	1.147468e+02
4009	1.149557e+02
4010	1.151329e+02
4011	1.152899e+02
4012	1.154275e+02
4013	1.155644e+02
4014	1.157629e+02
4015	1.158727e+02
4016	1.159447e+02
4017	1.159544e+02
4018	1.159266e+02
4019	1.159004e+02
4020	1.158379e+02
4021	1.157596e+02
4022	1.156149e+02
4023	1.154216e+02
4024	1.152304e+02
4025	1.150637e+02
4026	1.148665e+02
4027	1.146712e+02
4028	1.144670e+02
4029	1.142935e+02
4030	1.140769e+02
4031	1.137693e+02
4032	1.133978e+02
4033	1.130118e+02
4034	1.126491e+02
4035	1.123805e+02
4036	1.120033e+02
4037	1.116629e+02
4038	1.113452e+02
4039	1.110186e+02
4040	1.107205e+02
4041	1.104224e+02
4042	1.101069e+02
4043	1.097470e+02
4044	1.093967e+02
4045	1.090059e+02
4046	1.085899e+02
4047	1.081340e+02
4048	1.076956e+02
4049	1.072588e+02
4050	1.068099e+02
4051	1.063610e+02
4052	1.059950e+02
4053	1.056848e+02
4054	1.054514e+02
4055	1.052495e+02
4056	1.050990e+02
4057	1.049957e+02
4058	1.048794e+02
4059	1.048506e+02
4060	1.048445e+02
4061	1.048366e+02
4062	1.048344e+02
4063	1.048917e+02
4064	1.050323e+02
4065	1.052556e+02
4066	1.054801e+02
4067	1.056867e+02
4068	1.059810e+02
4069	1.063049e+02
4070	1.066476e+02
4071	1.070437e+02
4072	1.074676e+02
4073	1.078410e+02
4074	1.081477e+02
4075	1.085332e+02
4076	1.088277e+02
4077	1.090832e+02
4078	1.092168e+02
4079	1.093271e+02
4080	1.094366e+02
4081	1.094206e+02
4082	1.094275e+02
4083	1.094538e+02
4084	1.095121e+02
4085	1.096830e+02
4086	1.098821e+02
4087	1.100276e+02
4088	1.101246e+02
4089	1.101604e+02
4090	1.101785e+02
4091	1.101770e+02
4092	1.100963e+02
4093	1.099490e+02
4094	1.098298e+02
4095	1.097005e+02
4096	1.094470e+02
4097	1.091972e+02
4098	1.090283e+02
4099	1.088930e+02
4100	1.087521e+02
4101	1.087038e+02
4102	1.086385e+02
4103	1.086241e+02
4104	1.086993e+02
4105	1.087913e+02
4106	1.089199e+02
4107	1.091806e+02
4108	1.095155e+02
4109	1.097909e+02
4110	1.100670e+02
4111	1.103336e+02
4112	1.105229e+02
4113	1.106661e+02
4114	1.108539e+02
4115	1.111000e+02
4116	1.113941e+02
4117	1.117627e+02
4118	1.121200e+02
4119	1.123600e+02
4120	1.125882e+02
4121	1.127389e+02
4122	1.128234e+02
4123	1.128960e+02
4124	1.128852e+02
4125	1.128097e+02
4126	1.126842e+02
4127	1.124606e+02
4128	1.122003e+02
4129	1.118601e+02
4130	1.114771e+02
4131	1.111609e+02
4132	1.107911e+02
4133	1.104401e+02
4134	1.100168e+02
4135	1.095165e+02
4136	1.089903e+02
4137	1.084605e+02
4138	1.079243e+02
4139	1.073252e+02
4140	1.067217e+02
4141	1.061088e+02
4142	1.055184e+02
4143	1.049150e+02
4144	1.043458e+02
4145	1.038152e+02
4146	1.033608e+02
4147	1.029296e+02
4148	1.025891e+02
4149	1.023047e+02
4150	1.021454e+02
4151	1.019414e+02
4152	1.019434e+02
4153	1.019405e+02
4154	1.019861e+02
4155	1.021118e+02
4156	1.023366e+02
4157	1.026571e+02
4158	1.030921e+02
4159	1.035933e+02
4160	1.041690e+02
4161	1.048217e+02
4162	1.055413e+02
4163	1.062357e+02
4164	1.070544e+02
4165	1.078742e+02
4166	1.087953e+02
4167	1.098148e+02
4168	1.108221e+02
4169	1.118775e+02
4170	1.129441e+02
4171	1.140024e+02
4172	1.150642e+02
4173	1.160244e+02
4174	1.168843e+02
4175	1.177134e+02
4176	1.185058e+02
4177	1.192547e+02
4178	1.199970e+02
4179	1.206758e+02
4180	1.213186e+02
4181	1.218703e+02
4182	1.224084e+02
4183	1.228312e+02
4184	1.231383e+02
4185	1.233263e+02
4186	1.234974e+02
4187	1.235434e+02
4188	1.235173e+02
4189	1.233707e+02
4190	1.230862e+02
4191	1.227565e+02
4192	1.223604e+02
4193	1.218885e+02
4194	1.213503e+02
4195	1.208460e+02
4196	1.202814e+02
4197	1.197395e+02
4198	1.191354e+02
4199	1.184957e+02
4200	1.177917e+02
4201	1.170428e+02
4202	1.163362e+02
4203	1.156510e+02
4204	1.151024e+02
4205	1.145998e+02
4206	1.140718e+02
4207	1.136703e+02
4208	1.132970e+02
4209	1.130355e+02
4210	1.127989e+02
4211	1.125258e+02
4212	1.123168e+02
4213	1.122450e+02
4214	1.122097e+02
4215	1.121937e+02
4216	1.122199e+02
4217	1.123618e+02
4218	1.126247e+02
4219	1.128646e+02
4220	1.131396e+02
4221	1.134039e+02
4222	1.136368e+02
4223	1.139027e+02
4224	1.141664e+02
4225	1.143931e+02
4226	1.146116e+02
4227	1.148169e+02
4228	1.149375e+02
4229	1.149215e+02
4230	1.149352e+02
4231	1.148814e+02
4232	1.148127e+02
4233	1.146504e+02
4234	1.144692e+02
4235	1.142197e+02
4236	1.138390e+02
4237	1.133498e+02
4238	1.129052e+02
4239	1.124459e+02
4240	1.119729e+02
4241	1.114581e+02
4242	1.108761e+02
4243	1.102761e+02
4244	1.096257e+02
4245	1.090041e+02
4246	1.083793e+02
4247	1.078539e+02
4248	1.073399e+02
4249	1.068099e+02
4250	1.063709e+02
4251	1.059778e+02
4252	1.056480e+02
4253	1.054350e+02
4254	1.053402e+02
4255	1.052241e+02
4256	1.052311e+02
4257	1.053604e+02
4258	1.056418e+02
4259	1.059655e+02
4260	1.063898e+02
4261	1.068340e+02
4262	1.073366e+02
4263	1.078840e+02
4264	1.085262e+02
4265	1.092526e+02
4266	1.099484e+02
4267	1.106728e+02
4268	1.114153e+02
4269	1.121742e+02
4270	1.129729e+02
4271	1.137123e+02
4272	1.144067e+02
4273	1.150969e+02
4274	1.158365e+02
4275	1.165657e+02
4276	1.172921e+02
4277	1.180339e+02
4278	1.187115e+02
4279	1.194174e+02
4280	1.202053e+02
4281	1.210069e+02
4282	1.217909e+02
4283	1.225984e+02
4284	1.234615e+02
4285	1.242884e+02
4286	1.251046e+02
4287	1.258333e+02
4288	1.264049e+02
4289	1.269367e+02
4290	1.273319e+02
4291	1.276229e+02
4292	1.278579e+02
4293	1.279585e+02
4294	1.279182e+02
4295	1.277937e+02
4296	1.276526e+02
4297	1.274006e+02
4298	1.271140e+02
4299	1.267535e+02
4300	1.263186e+02
4301	1.257652e+02
4302	1.250751e+02
4303	1.242589e+02
4304	1.233333e+02
4305	1.222242e+02
4306	1.209251e+02
4307	1.194436e+02
4308	1.178964e+02
4309	1.163307e+02
4310	1.147222e+02
4311	1.131111e+02
4312	1.116272e+02
4313	1.102479e+02
4314	1.089632e+02
4315	1.077140e+02
4316	1.066026e+02
4317	1.056128e+02
4318	1.047509e+02
4319	1.039104e+02
4320	1.031510e+02
4321	1.024389e+02
4322	1.019148e+02
4323	1.015051e+02
4324	1.012525e+02
4325	1.012047e+02
4326	1.013477e+02
4327	1.015677e+02
4328	1.019073e+02
4329	1.023999e+02
4330	1.029211e+02
4331	1.035645e+02
4332	1.042744e+02
4333	1.051464e+02
4334	1.059737e+02
4335	1.068987e+02
4336	1.078276e+02
4337	1.088486e+02
4338	1.098589e+02
4339	1.108780e+02
4340	1.119003e+02
4341	1.129077e+02
4342	1.138643e+02
4343	1.148777e+02
4344	1.159674e+02
4345	1.170430e+02
4346	1.180894e+02
4347	1.190833e+02
4348	1.200916e+02
4349	1.210428e+02
4350	1.220070e+02
4351	1.227858e+02
4352	1.235105e+02
4353	1.241029e+02
4354	1.245803e+02
4355	1.248382e+02
4356	1.250484e+02
4357	1.252624e+02
4358	1.253336e+02
4359	1.253711e+02
4360	1.253472e+02
4361	1.253357e+02
4362	1.252616e+02
4363	1.251778e+02
4364	1.250827e+02
4365	1.249842e+02
4366	1.248134e+02
4367	1.245876e+02
4368	1.242488e+02
4369	1.238280e+02
4370	1.233002e+02
4371	1.228182e+02
4372	1.222666e+02
4373	1.216644e+02
4374	1.210772e+02
4375	1.204417e+02
4376	1.197781e+02
4377	1.191408e+02
4378	1.184295e+02
4379	1.178273e+02
4380	1.171821e+02
4381	1.166426e+02
4382	1.162100e+02
4383	1.158355e+02
4384	1.154596e+02
4385	1.150857e+02
4386	1.147499e+02
4387	1.144951e+02
4388	1.142738e+02
4389	1.141268e+02
4390	1.139826e+02
4391	1.137799e+02
4392	1.135669e+02
4393	1.133894e+02
4394	1.131883e+02
4395	1.129349e+02
4396	1.126230e+02
4397	1.121994e+02
4398	1.117733e+02
4399	1.112944e+02
4400	1.107736e+02
4401	1.102737e+02
4402	1.097775e+02
4403	1.092825e+02
4404	1.088282e+02
4405	1.083849e+02
4406	1.079861e+02
4407	1.076448e+02
4408	1.073489e+02
4409	1.070910e+02
4410	1.068122e+02
4411	1.065541e+02
4412	1.063635e+02
4413	1.062012e+02
4414	1.060412e+02
4415	1.059092e+02
4416	1.057462e+02
4417	1.055710e+02
4418	1.054308e+02
4419	1.053237e+02
4420	1.052026e+02
4421	1.051299e+02
4422	1.050557e+02
4423	1.050348e+02
4424	1.049737e+02
4425	1.048696e+02
4426	1.048122e+02
4427	1.047716e+02
4428	1.048110e+02
4429	1.049095e+02
4430	1.049666e+02
4431	1.050351e+02
4432	1.052114e+02
4433	1.053657e+02
4434	1.056014e+02
4435	1.058888e+02
4436	1.061106e+02
4437	1.062471e+02
4438	1.063372e+02
4439	1.064122e+02
4440	1.064504e+02
4441	1.065829e+02
4442	1.066760e+02
4443	1.067534e+02
4444	1.068125e+02
4445	1.069262e+02
4446	1.071108e+02
4447	1.072809e+02
4448	1.075819e+02
4449	1.079985e+02
4450	1.085067e+02
4451	1.091020e+02
4452	1.097407e+02
4453	1.104115e+02
4454	1.111775e+02
4455	1.119899e+02
4456	1.127438e+02
4457	1.135186e+02
4458	1.143027e+02
4459	1.151465e+02
4460	1.158391e+02
4461	1.165083e+02
4462	1.171233e+02
4463	1.176440e+02
4464	1.180566e+02
4465	1.184393e+02
4466	1.187664e+02
4467	1.190725e+02
4468	1.193417e+02
4469	1.194481e+02
4470	1.194505e+02
4471	1.193637e+02
4472	1.192343e+02
4473	1.190109e+02
4474	1.187072e+02
4475	1.183488e+02
4476	1.178615e+02
4477	1.172470e+02
4478	1.165955e+02
4479	1.158769e+02
4480	1.150975e+02
4481	1.142370e+02
4482	1.133943e+02
4483	1.125377e+02
4484	1.117079e+02
4485	1.108908e+02
4486	1.100856e+02
4487	1.092474e+02
4488	1.084192e+02
4489	1.076213e+02
4490	1.068454e+02
4491	1.061467e+02
4492	1.056039e+02
4493	1.050863e+02
4494	1.046301e+02
4495	1.042364e+02
4496	1.039264e+02
4497	1.036498e+02
4498	1.034889e+02
4499	1.033782e+02
4500	1.034475e+02
4501	1.035424e+02
4502	1.036844e+02
4503	1.039747e+02
4504	1.043386e+02
4505	1.047522e+02
4506	1.052271e+02
4507	1.057181e+02
4508	1.062777e+02
4509	1.068881e+02
4510	1.075877e+02
4511	1.082796e+02
4512	1.090069e+02
4513	1.097580e+02
4514	1.105551e+02
4515	1.113461e+02
4516	1.122477e+02
4517	1.131384e+02
4518	1.140402e+02
4519	1.149079e+02
4520	1.157077e+02
4521	1.164789e+02
4522	1.172197e+02
4523	1.179016e+02
4524	1.185119e+02
4525	1.189353e+02
4526	1.192337e+02
4527	1.193708e+02
4528	1.193832e+02
4529	1.193858e+02
4530	1.193163e+02
4531	1.191601e+02
4532	1.189556e+02
4533	1.187844e+02
4534	1.185870e+02
4535	1.182574e+02
4536	1.178929e+02
4537	1.175373e+02
4538	1.170727e+02
4539	1.165595e+02
4540	1.160362e+02
4541	1.155509e+02
4542	1.150373e+02
4543	1.144857e+02
4544	1.139608e+02
4545	1.133678e+02
4546	1.128606e+02
4547	1.124353e+02
4548	1.121307e+02
4549	1.119447e+02
4550	1.118519e+02
4551	1.117451e+02
4552	1.117278e+02
4553	1.117861e+02
4554	1.119059e+02
4555	1.121109e+02
4556	1.123927e+02
4557	1.126906e+02
4558	1.130478e+02
4559	1.134950e+02
4560	1.138586e+02
4561	1.142451e+02
4562	1.147217e+02
4563	1.152171e+02
4564	1.157789e+02
4565	1.162954e+02
4566	1.167912e+02
4567	1.172753e+02
4568	1.177840e+02
4569	1.182027e+02
4570	1.185585e+02
4571	1.188646e+02
4572	1.191099e+02
4573	1.192913e+02
4574	1.194211e+02
4575	1.195108e+02
4576	1.195062e+02
4577	1.194813e+02
4578	1.194096e+02
4579	1.192402e+02
4580	1.189718e+02
4581	1.185307e+02
4582	1.179814e+02
4583	1.173149e+02
4584	1.166003e+02
4585	1.157967e+02
4586	1.149415e+02
4587	1.141050e+02
4588	1.131577e+02
4589	1.121768e+02
4590	1.111554e+02
4591	1.102068e+02
4592	1.093091e+02
4593	1.085033e+02
4594	1.078381e+02
4595	1.072127e+02
4596	1.067544e+02
4597	1.064335e+02
4598	1.062132e+02
4599	1.060810e+02
4600	1.060438e+02
4601	1.060813e+02
4602	1.062371e+02
4603	1.064625e+02
4604	1.068678e+02
4605	1.073729e+02
4606	1.080823e+02
4607	1.088917e+02
4608	1.098162e+02
4609	1.108532e+02
4610	1.120171e+02
4611	1.132012e+02
4612	1.143194e+02
4613	1.155198e+02
4614	1.166579e+02
4615	1.176732e+02
4616	1.187254e+02
4617	1.196465e+02
4618	1.204731e+02
4619	1.212434e+02
4620	1.219008e+02
4621	1.225659e+02
4622	1.230862e+02
4623	1.235412e+02
4624	1.239174e+02
4625	1.242140e+02
4626	1.243866e+02
4627	1.245678e+02
4628	1.246169e+02
4629	1.245580e+02
4630	1.242914e+02
4631	1.238832e+02
4632	1.233911e+02
4633	1.228650e+02
4634	1.221765e+02
4635	1.214322e+02
4636	1.206553e+02
4637	1.198487e+02
4638	1.190879e+02
4639	1.182693e+02
4640	1.174758e+02
4641	1.166751e+02
4642	1.158769e+02
4643	1.150304e+02
4644	1.141566e+02
4645	1.133445e+02
4646	1.124981e+02
4647	1.117264e+02
4648	1.110234e+02
4649	1.103803e+02
4650	1.098291e+02
4651	1.093711e+02
4652	1.090529e+02
4653	1.087948e+02
4654	1.086599e+02
4655	1.086864e+02
4656	1.087935e+02
4657	1.089769e+02
4658	1.091812e+02
4659	1.094043e+02
4660	1.096745e+02
4661	1.100664e+02
4662	1.104884e+02
4663	1.109208e+02
4664	1.113936e+02
4665	1.119109e+02
4666	1.124798e+02
4667	1.130120e+02
4668	1.136433e+02
4669	1.142284e+02
4670	1.147862e+02
4671	1.153427e+02
4672	1.157812e+02
4673	1.161156e+02
4674	1.163999e+02
4675	1.165705e+02
4676	1.167227e+02
4677	1.168327e+02
4678	1.168300e+02
4679	1.167076e+02
4680	1.164743e+02
4681	1.161005e+02
4682	1.156274e+02
4683	1.151513e+02
4684	1.146540e+02
4685	1.141247e+02
4686	1.135313e+02
4687	1.128948e+02
4688	1.122800e+02
4689	1.117342e+02
4690	1.111887e+02
4691	1.105483e+02
4692	1.099067e+02
4693	1.093069e+02
4694	1.086966e+02
4695	1.080722e+02
4696	1.075878e+02
4697	1.072074e+02
4698	1.068821e+02
4699	1.065794e+02
4700	1.062871e+02
4701	1.060700e+02
4702	1.058826e+02
4703	1.057531e+02
4704	1.057077e+02
4705	1.056663e+02
4706	1.056738e+02
4707	1.056528e+02
4708	1.056281e+02
4709	1.056969e+02
4710	1.058561e+02
4711	1.060655e+02
4712	1.062774e+02
4713	1.065836e+02
4714	1.069825e+02
4715	1.074195e+02
4716	1.078735e+02
4717	1.083649e+02
4718	1.087780e+02
4719	1.091199e+02
4720	1.093884e+02
4721	1.095218e+02
4722	1.096061e+02
4723	1.097034e+02
4724	1.097637e+02
4725	1.097894e+02
4726	1.098765e+02
4727	1.100044e+02
4728	1.101385e+02
4729	1.103014e+02
4730	1.105069e+02
4731	1.107889e+02
4732	1.110450e+02
4733	1.112758e+02
4734	1.114386e+02
4735	1.116004e+02
4736	1.118221e+02
4737	1.121301e+02
4738	1.123974e+02
4739	1.126373e+02
4740	1.128770e+02
4741	1.130911e+02
4742	1.132179e+02
4743	1.131874e+02
4744	1.130816e+02
4745	1.129440e+02
4746	1.127989e+02
4747	1.126774e+02
4748	1.125169e+02
4749	1.123446e+02
4750	1.121180e+02
4751	1.118462e+02
4752	1.116329e+02
4753	1.114410e+02
4754	1.112658e+02
4755	1.111432e+02
4756	1.110032e+02
4757	1.108664e+02
4758	1.107463e+02
4759	1.106196e+02
4760	1.104999e+02
4761	1.103613e+02
4762	1.102215e+02
4763	1.100290e+02
4764	1.098202e+02
4765	1.096325e+02
4766	1.094265e+02
4767	1.092630e+02
4768	1.091855e+02
4769	1.091339e+02
4770	1.091182e+02
4771	1.091656e+02
4772	1.092920e+02
4773	1.093990e+02
4774	1.095132e+02
4775	1.096488e+02
4776	1.097423e+02
4777	1.099415e+02
4778	1.100401e+02
4779	1.101094e+02
4780	1.101657e+02
4781	1.102472e+02
4782	1.104383e+02
4783	1.106827e+02
4784	1.109305e+02
4785	1.110618e+02
4786	1.112398e+02
4787	1.114656e+02
4788	1.116387e+02
4789	1.116776e+02
4790	1.116963e+02
4791	1.117376e+02
4792	1.118295e+02
4793	1.118383e+02
4794	1.118782e+02
4795	1.119128e+02
4796	1.119413e+02
4797	1.119541e+02
4798	1.119632e+02
4799	1.120080e+02
4800	1.120471e+02
4801	1.120435e+02
4802	1.120123e+02
4803	1.119169e+02
4804	1.118500e+02
4805	1.117721e+02
4806	1.116767e+02
4807	1.116100e+02
4808	1.115291e+02
4809	1.114816e+02
4810	1.113886e+02
4811	1.113950e+02
4812	1.114149e+02
4813	1.113340e+02
4814	1.112656e+02
4815	1.111382e+02
4816	1.110497e+02
4817	1.110253e+02
4818	1.111383e+02
4819	1.112868e+02
4820	1.114045e+02
4821	1.115963e+02
4822	1.117830e+02
4823	1.119951e+02
4824	1.122073e+02
4825	1.124711e+02
4826	1.128387e+02
4827	1.132458e+02
4828	1.136624e+02
4829	1.141293e+02
4830	1.146200e+02
4831	1.151013e+02
4832	1.155712e+02
4833	1.160703e+02
4834	1.164512e+02
4835	1.167878e+02
4836	1.171315e+02
4837	1.175215e+02
4838	1.179575e+02
4839	1.184405e+02
4840	1.188510e+02
4841	1.193231e+02
4842	1.197563e+02
4843	1.201743e+02
4844	1.206398e+02
4845	1.209699e+02
4846	1.214085e+02
4847	1.218451e+02
4848	1.223007e+02
4849	1.227073e+02
4850	1.231383e+02
4851	1.235530e+02
4852	1.240144e+02
4853	1.243897e+02
4854	1.247689e+02
4855	1.250570e+02
4856	1.253173e+02
4857	1.255183e+02
4858	1.256944e+02
4859	1.257822e+02
4860	1.258282e+02
4861	1.258218e+02
4862	1.257479e+02
4863	1.257212e+02
4864	1.256604e+02
4865	1.254809e+02
4866	1.252862e+02
4867	1.250149e+02
4868	1.247041e+02
4869	1.244422e+02
4870	1.242020e+02
4871	1.240422e+02
4872	1.238481e+02
4873	1.235763e+02
4874	1.233728e+02
4875	1.232148e+02
4876	1.229677e+02
4877	1.227018e+02
4878	1.222881e+02
4879	1.218828e+02
4880	1.214143e+02
4881	1.209643e+02
4882	1.204009e+02
4883	1.197842e+02
4884	1.191305e+02
4885	1.184310e+02
4886	1.177627e+02
4887	1.171193e+02
4888	1.164491e+02
4889	1.158278e+02
4890	1.152293e+02
4891	1.146572e+02
4892	1.140292e+02
4893	1.133696e+02
4894	1.127220e+02
4895	1.120602e+02
4896	1.114359e+02
4897	1.108779e+02
4898	1.103207e+02
4899	1.098802e+02
4900	1.095422e+02
4901	1.092706e+02
4902	1.091788e+02
4903	1.090665e+02
4904	1.090689e+02
4905	1.090823e+02
4906	1.091465e+02
4907	1.092300e+02
4908	1.094628e+02
4909	1.097665e+02
4910	1.102512e+02
4911	1.107478e+02
4912	1.113512e+02
4913	1.119877e+02
4914	1.126549e+02
4915	1.133865e+02
4916	1.142000e+02
4917	1.150586e+02
4918	1.159572e+02
4919	1.168164e+02
4920	1.176799e+02
4921	1.185405e+02
4922	1.194145e+02
4923	1.202171e+02
4924	1.209351e+02
4925	1.216452e+02
4926	1.222014e+02
4927	1.227824e+02
4928	1.233110e+02
4929	1.237381e+02
4930	1.241218e+02
4931	1.243739e+02
4932	1.244830e+02
4933	1.244383e+02
4934	1.243518e+02
4935	1.242513e+02
4936	1.240755e+02
4937	1.239008e+02
4938	1.235965e+02
4939	1.233059e+02
4940	1.229324e+02
4941	1.225634e+02
4942	1.222385e+02
4943	1.218591e+02
4944	1.214251e+02
4945	1.209425e+02
4946	1.203901e+02
4947	1.197304e+02
4948	1.190195e+02
4949	1.182923e+02
4950	1.176487e+02
4951	1.169884e+02
4952	1.163595e+02
4953	1.156851e+02
4954	1.149399e+02
4955	1.141914e+02
4956	1.135824e+02
4957	1.130590e+02
4958	1.125186e+02
4959	1.120300e+02
4960	1.116338e+02
4961	1.113045e+02
4962	1.110649e+02
4963	1.109889e+02
4964	1.110368e+02
4965	1.111151e+02
4966	1.111091e+02
4967	1.111701e+02
4968	1.113200e+02
4969	1.115423e+02
4970	1.117428e+02
4971	1.119640e+02
4972	1.121370e+02
4973	1.123009e+02
4974	1.124549e+02
4975	1.125782e+02
4976	1.128067e+02
4977	1.129875e+02
4978	1.132132e+02
4979	1.135067e+02
4980	1.137994e+02
4981	1.140798e+02
4982	1.142845e+02
4983	1.144421e+02
4984	1.145328e+02
4985	1.146717e+02
4986	1.147828e+02
4987	1.148341e+02
4988	1.148791e+02
4989	1.148933e+02
4990	1.149368e+02
4991	1.149051e+02
4992	1.148317e+02
4993	1.146537e+02
4994	1.144079e+02
4995	1.141237e+02
4996	1.138805e+02
4997	1.135815e+02
4998	1.132124e+02
4999	1.128737e+02
