# Step	Measurement
1	1.184040e+02
2	1.178450e+02
3	1.172746e+02
4	1.167173e+02
5	1.161713e+02
6	1.156513e+02
7	1.151434e+02
8	1.146336e+02
9	1.141362e+02
10	1.136678e+02
11	1.132375e+02
12	1.128733e+02
13	1.125915e+02
14	1.122746e+02
15	1.119578e+02
16	1.116955e+02
17	1.114744e+02
18	1.112227e+02
19	1.109695e+02
20	1.107639e+02
21	1.105715e+02
22	1.104503e+02
23	1.103764e+02
24	1.103410e+02
25	1.104045e+02
26	1.104544e+02
27	1.105950e+02
28	1.107535e+02
29	1.109568e+02
30	1.111983e+02
31	1.114743e+02
32	1.118342e+02
33	1.122812e+02
34	1.127524e+02
35	1.133615e+02
36	1.140891e+02
37	1.148268e+02
38	1.156296e+02
39	1.164657e+02
40	1.173287e+02
41	1.181743e+02
42	1.189516e+02
43	1.196568e+02
44	1.202977e+02
45	1.209594e+02
46	1.216029e+02
47	1.221576e+02
48	1.226879e+02
49	1.231571e+02
50	1.236106e+02
51	1.239878e+02
52	1.242984e+02
53	1.245039e+02
54	1.246565e+02
55	1.246764e+02
56	1.246715e+02
57	1.246163e+02
58	1.245361e+02
59	1.243969e+02
60	1.241444e+02
61	1.239094e+02
62	1.236422e+02
63	1.234400e+02
64	1.232765e+02
65	1.231241e+02
66	1.228868e+02
67	1.226783e+02
68	1.223916e+02
69	1.220370e+02
70	1.217370e+02
71	1.213957e+02
72	1.210462e+02
73	1.206923e+02
74	1.203246e+02
75	1.199706e+02
76	1.195485e+02
77	1.191192e+02
78	1.186934e+02
79	1.182290e+02
80	1.177787e+02
81	1.172980e+02
82	1.168249e+02
83	1.163661e+02
84	1.159379e+02
85	1.155219e+02
86	1.151562e+02
87	1.149264e+02
88	1.148236e+02
89	1.147158e+02
90	1.147197e+02
91	1.147176e+02
92	1.147981e+02
93	1.148951e+02
94	1.151141e+02
95	1.154191e+02
96	1.157240e+02
97	1.161026e+02
98	1.164836e+02
99	1.169511e+02
100	1.174627e+02
101	1.179689e+02
102	1.184099e+02
103	1.188314e+02
104	1.192145e+02
105	1.195250e+02
106	1.197816e+02
107	1.200737e+02
108	1.203767e+02
109	1.206924e+02
110	1.210738e+02
111	1.214026e+02
112	1.217983e+02
113	1.221929e+02
114	1.226150e+02
115	1.229956e+02
116	1.233704e+02
117	1.238437e+02
118	1.243842e+02
119	1.249302e+02
120	1.254552e+02
121	1.260275e+02
122	1.264901e+02
123	1.270091e+02
124	1.275274e+02
125	1.279081e+02
126	1.282091e+02
127	1.284926e+02
128	1.287273e+02
129	1.290022e+02
130	1.292204e+02
131	1.294168e+02
132	1.296180e+02
133	1.297187e+02
134	1.297962e+02
135	1.299057e+02
136	1.299292e+02
137	1.299200e+02
138	1.298183e+02
139	1.296493e+02
140	1.295135e+02
141	1.293383e+02
142	1.291811e+02
143	1.289913e+02
144	1.287841e+02
145	1.285493e+02
146	1.282058e+02
147	1.278264e+02
148	1.274265e+02
149	1.269247e+02
150	1.263887e+02
151	1.257837e+02
152	1.252138e+02
153	1.245972e+02
154	1.238696e+02
155	1.231366e+02
156	1.223858e+02
157	1.217292e+02
158	1.211334e+02
159	1.205813e+02
160	1.200486e+02
161	1.195451e+02
162	1.190456e+02
163	1.185855e+02
164	1.182584e+02
165	1.179279e+02
166	1.176483e+02
167	1.173309e+02
168	1.169019e+02
169	1.165297e+02
170	1.161407e+02
171	1.157596e+02
172	1.154620e+02
173	1.152207e+02
174	1.150023e+02
175	1.147189e+02
176	1.144225e+02
177	1.141891e+02
178	1.140135e+02
179	1.138630e+02
180	1.137166e+02
181	1.135529e+02
182	1.134914e+02
183	1.135037e+02
184	1.134807e+02
185	1.135661e+02
186	1.136967e+02
187	1.138205e+02
188	1.140081e+02
189	1.142908e+02
190	1.145307e+02
191	1.147009e+02
192	1.148434e+02
193	1.150606e+02
194	1.153060e+02
195	1.155313e+02
196	1.157253e+02
197	1.159999e+02
198	1.163342e+02
199	1.166721e+02
200	1.170607e+02
201	1.174962e+02
202	1.179469e+02
203	1.183505e+02
204	1.187013e+02
205	1.190857e+02
206	1.194564e+02
207	1.198840e+02
208	1.203166e+02
209	1.207652e+02
210	1.212086e+02
211	1.217164e+02
212	1.221623e+02
213	1.226687e+02
214	1.231993e+02
215	1.236924e+02
216	1.240949e+02
217	1.243732e+02
218	1.247239e+02
219	1.249773e+02
220	1.252268e+02
221	1.254054e+02
222	1.254988e+02
223	1.255868e+02
224	1.255799e+02
225	1.256101e+02
226	1.255587e+02
227	1.255093e+02
228	1.253332e+02
229	1.250783e+02
230	1.247754e+02
231	1.245784e+02
232	1.243346e+02
233	1.240664e+02
234	1.237417e+02
235	1.235398e+02
236	1.232741e+02
237	1.229694e+02
238	1.226035e+02
239	1.222756e+02
240	1.218424e+02
241	1.214300e+02
242	1.209917e+02
243	1.206084e+02
244	1.202620e+02
245	1.198093e+02
246	1.194126e+02
247	1.189371e+02
248	1.183981e+02
249	1.177711e+02
250	1.171108e+02
251	1.163755e+02
252	1.157111e+02
253	1.151790e+02
254	1.146332e+02
255	1.140801e+02
256	1.135835e+02
257	1.130026e+02
258	1.125147e+02
259	1.120255e+02
260	1.116787e+02
261	1.113608e+02
262	1.110584e+02
263	1.108029e+02
264	1.105935e+02
265	1.104032e+02
266	1.102355e+02
267	1.101001e+02
268	1.099816e+02
269	1.099789e+02
270	1.100529e+02
271	1.101501e+02
272	1.102868e+02
273	1.104740e+02
274	1.107005e+02
275	1.110637e+02
276	1.114939e+02
277	1.119617e+02
278	1.124472e+02
279	1.129565e+02
280	1.134422e+02
281	1.139527e+02
282	1.144927e+02
283	1.151264e+02
284	1.158345e+02
285	1.165526e+02
286	1.172786e+02
287	1.179811e+02
288	1.187159e+02
289	1.194900e+02
290	1.201773e+02
291	1.209114e+02
292	1.215544e+02
293	1.221512e+02
294	1.226808e+02
295	1.231726e+02
296	1.235663e+02
297	1.238513e+02
298	1.240411e+02
299	1.242170e+02
300	1.242840e+02
301	1.242890e+02
302	1.242700e+02
303	1.242064e+02
304	1.242071e+02
305	1.243034e+02
306	1.244278e+02
307	1.245383e+02
308	1.246500e+02
309	1.247139e+02
310	1.247771e+02
311	1.248395e+02
312	1.248223e+02
313	1.247596e+02
314	1.247523e+02
315	1.247391e+02
316	1.246401e+02
317	1.245333e+02
318	1.243281e+02
319	1.240592e+02
320	1.237623e+02
321	1.233476e+02
322	1.228415e+02
323	1.223181e+02
324	1.217710e+02
325	1.212453e+02
326	1.206071e+02
327	1.199909e+02
328	1.193601e+02
329	1.187441e+02
330	1.181169e+02
331	1.174939e+02
332	1.169359e+02
333	1.164533e+02
334	1.160842e+02
335	1.157305e+02
336	1.153664e+02
337	1.148716e+02
338	1.142542e+02
339	1.136730e+02
340	1.132349e+02
341	1.127351e+02
342	1.122955e+02
343	1.119164e+02
344	1.115177e+02
345	1.110775e+02
346	1.106273e+02
347	1.102216e+02
348	1.099629e+02
349	1.097287e+02
350	1.096165e+02
351	1.096203e+02
352	1.097107e+02
353	1.098295e+02
354	1.100449e+02
355	1.102544e+02
356	1.105364e+02
357	1.108825e+02
358	1.112232e+02
359	1.116857e+02
360	1.122569e+02
361	1.127622e+02
362	1.132311e+02
363	1.137710e+02
364	1.143540e+02
365	1.150043e+02
366	1.156788e+02
367	1.163428e+02
368	1.169527e+02
369	1.176478e+02
370	1.183354e+02
371	1.189801e+02
372	1.196556e+02
373	1.202899e+02
374	1.208904e+02
375	1.214014e+02
376	1.217879e+02
377	1.221280e+02
378	1.224887e+02
379	1.229214e+02
380	1.233126e+02
381	1.237119e+02
382	1.240562e+02
383	1.243964e+02
384	1.246019e+02
385	1.247367e+02
386	1.248264e+02
387	1.248559e+02
388	1.247709e+02
389	1.246943e+02
390	1.245255e+02
391	1.242986e+02
392	1.239896e+02
393	1.235818e+02
394	1.231682e+02
395	1.227739e+02
396	1.223248e+02
397	1.217868e+02
398	1.212569e+02
399	1.206464e+02
400	1.201257e+02
401	1.195842e+02
402	1.189480e+02
403	1.183095e+02
404	1.177000e+02
405	1.171156e+02
406	1.165337e+02
407	1.159716e+02
408	1.154266e+02
409	1.148979e+02
410	1.144578e+02
411	1.140812e+02
412	1.137610e+02
413	1.135448e+02
414	1.132868e+02
415	1.131026e+02
416	1.130679e+02
417	1.130857e+02
418	1.131247e+02
419	1.132719e+02
420	1.133758e+02
421	1.134734e+02
422	1.136070e+02
423	1.136754e+02
424	1.137753e+02
425	1.139242e+02
426	1.141065e+02
427	1.143100e+02
428	1.145542e+02
429	1.148056e+02
430	1.150642e+02
431	1.153213e+02
432	1.155699e+02
433	1.158529e+02
434	1.160801e+02
435	1.163955e+02
436	1.167317e+02
437	1.170866e+02
438	1.173903e+02
439	1.175712e+02
440	1.177252e+02
441	1.178265e+02
442	1.179488e+02
443	1.180405e+02
444	1.181772e+02
445	1.183006e+02
446	1.184395e+02
447	1.186125e+02
448	1.187611e+02
449	1.189445e+02
450	1.191271e+02
451	1.192646e+02
452	1.194039e+02
453	1.194981e+02
454	1.195207e+02
455	1.195835e+02
456	1.196764e+02
457	1.197803e+02
458	1.198721e+02
459	1.199914e+02
460	1.201463e+02
461	1.202633e+02
462	1.203563e+02
463	1.205588e+02
464	1.207249e+02
465	1.209127e+02
466	1.210483e+02
467	1.211270e+02
468	1.211007e+02
469	1.211431e+02
470	1.210979e+02
471	1.210710e+02
472	1.210410e+02
473	1.209841e+02
474	1.209266e+02
475	1.208421e+02
476	1.206577e+02
477	1.203720e+02
478	1.200361e+02
479	1.196750e+02
480	1.192695e+02
481	1.188632e+02
482	1.185080e+02
483	1.180907e+02
484	1.176701e+02
485	1.171208e+02
486	1.165087e+02
487	1.158766e+02
488	1.152516e+02
489	1.146505e+02
490	1.141227e+02
491	1.135987e+02
492	1.131034e+02
493	1.125581e+02
494	1.120388e+02
495	1.115861e+02
496	1.111965e+02
497	1.108641e+02
498	1.105546e+02
499	1.103098e+02
500	1.101538e+02
501	1.100180e+02
502	1.099426e+02
503	1.097986e+02
504	1.096407e+02
505	1.095723e+02
506	1.095668e+02
507	1.096540e+02
508	1.098289e+02
509	1.101645e+02
510	1.105272e+02
511	1.109945e+02
512	1.115539e+02
513	1.121817e+02
514	1.128119e+02
515	1.135109e+02
516	1.142133e+02
517	1.149194e+02
518	1.156372e+02
519	1.163101e+02
520	1.170255e+02
521	1.177866e+02
522	1.184884e+02
523	1.192277e+02
524	1.199934e+02
525	1.206563e+02
526	1.213232e+02
527	1.221076e+02
528	1.229152e+02
529	1.236711e+02
530	1.243682e+02
531	1.249334e+02
532	1.255144e+02
533	1.260665e+02
534	1.266347e+02
535	1.272193e+02
536	1.277684e+02
537	1.283209e+02
538	1.287899e+02
539	1.292095e+02
540	1.295790e+02
541	1.299296e+02
542	1.301930e+02
543	1.303030e+02
544	1.303864e+02
545	1.304633e+02
546	1.305011e+02
547	1.305147e+02
548	1.305542e+02
549	1.305948e+02
550	1.305909e+02
551	1.305966e+02
552	1.306303e+02
553	1.306247e+02
554	1.305207e+02
555	1.303981e+02
556	1.302643e+02
557	1.300760e+02
558	1.299443e+02
559	1.297968e+02
560	1.295165e+02
561	1.291533e+02
562	1.287630e+02
563	1.283333e+02
564	1.278419e+02
565	1.273094e+02
566	1.267844e+02
567	1.264008e+02
568	1.259849e+02
569	1.255615e+02
570	1.251248e+02
571	1.246503e+02
572	1.241061e+02
573	1.235126e+02
574	1.228984e+02
575	1.221729e+02
576	1.214974e+02
577	1.208462e+02
578	1.202185e+02
579	1.195880e+02
580	1.190123e+02
581	1.185381e+02
582	1.179700e+02
583	1.174692e+02
584	1.169909e+02
585	1.166323e+02
586	1.163435e+02
587	1.160467e+02
588	1.158118e+02
589	1.156575e+02
590	1.155504e+02
591	1.154384e+02
592	1.152916e+02
593	1.152479e+02
594	1.153456e+02
595	1.155493e+02
596	1.158335e+02
597	1.161439e+02
598	1.163988e+02
599	1.166877e+02
600	1.170540e+02
601	1.174836e+02
602	1.179971e+02
603	1.185146e+02
604	1.189742e+02
605	1.195217e+02
606	1.200936e+02
607	1.206692e+02
608	1.213104e+02
609	1.219938e+02
610	1.226600e+02
611	1.233673e+02
612	1.241501e+02
613	1.248437e+02
614	1.254927e+02
615	1.260720e+02
616	1.265491e+02
617	1.270339e+02
618	1.273959e+02
619	1.277789e+02
620	1.281694e+02
621	1.285090e+02
622	1.287872e+02
623	1.290384e+02
624	1.292310e+02
625	1.294320e+02
626	1.295148e+02
627	1.296420e+02
628	1.297112e+02
629	1.296627e+02
630	1.295282e+02
631	1.293734e+02
632	1.291214e+02
633	1.288783e+02
634	1.285451e+02
635	1.281581e+02
636	1.277812e+02
637	1.272815e+02
638	1.268285e+02
639	1.263495e+02
640	1.259179e+02
641	1.253728e+02
642	1.247473e+02
643	1.240662e+02
644	1.234046e+02
645	1.227056e+02
646	1.219407e+02
647	1.211683e+02
648	1.204298e+02
649	1.198045e+02
650	1.191656e+02
651	1.185189e+02
652	1.178320e+02
653	1.172138e+02
654	1.165903e+02
655	1.160008e+02
656	1.154793e+02
657	1.150435e+02
658	1.146853e+02
659	1.143820e+02
660	1.141656e+02
661	1.140325e+02
662	1.139727e+02
663	1.138559e+02
664	1.137922e+02
665	1.137993e+02
666	1.137655e+02
667	1.137108e+02
668	1.137109e+02
669	1.137662e+02
670	1.139068e+02
671	1.140845e+02
672	1.142877e+02
673	1.144892e+02
674	1.148084e+02
675	1.151416e+02
676	1.155784e+02
677	1.160952e+02
678	1.167014e+02
679	1.172991e+02
680	1.178859e+02
681	1.184920e+02
682	1.190484e+02
683	1.195807e+02
684	1.200476e+02
685	1.205456e+02
686	1.210450e+02
687	1.215461e+02
688	1.219980e+02
689	1.224297e+02
690	1.228243e+02
691	1.231552e+02
692	1.235476e+02
693	1.239066e+02
694	1.243017e+02
695	1.246362e+02
696	1.250064e+02
697	1.252636e+02
698	1.254868e+02
699	1.257745e+02
700	1.259654e+02
701	1.260274e+02
702	1.260710e+02
703	1.261627e+02
704	1.262281e+02
705	1.263201e+02
706	1.264261e+02
707	1.265413e+02
708	1.266207e+02
709	1.266845e+02
710	1.267343e+02
711	1.266413e+02
712	1.263774e+02
713	1.261048e+02
714	1.257640e+02
715	1.253331e+02
716	1.248573e+02
717	1.241820e+02
718	1.235151e+02
719	1.228287e+02
720	1.221251e+02
721	1.214360e+02
722	1.207622e+02
723	1.201242e+02
724	1.195169e+02
725	1.188848e+02
726	1.183005e+02
727	1.177469e+02
728	1.171139e+02
729	1.164341e+02
730	1.157726e+02
731	1.152020e+02
732	1.146631e+02
733	1.141732e+02
734	1.137501e+02
735	1.133673e+02
736	1.130424e+02
737	1.128176e+02
738	1.126811e+02
739	1.126410e+02
740	1.126204e+02
741	1.126852e+02
742	1.128109e+02
743	1.129847e+02
744	1.132157e+02
745	1.135259e+02
746	1.139716e+02
747	1.144505e+02
748	1.148909e+02
749	1.153852e+02
750	1.159210e+02
751	1.165266e+02
752	1.172117e+02
753	1.177770e+02
754	1.182145e+02
755	1.186792e+02
756	1.192151e+02
757	1.197529e+02
758	1.202859e+02
759	1.207899e+02
760	1.212708e+02
761	1.217283e+02
762	1.221769e+02
763	1.225960e+02
764	1.230102e+02
765	1.233719e+02
766	1.237222e+02
767	1.239997e+02
768	1.242114e+02
769	1.242965e+02
770	1.243064e+02
771	1.242744e+02
772	1.241830e+02
773	1.240984e+02
774	1.239907e+02
775	1.237584e+02
776	1.234788e+02
777	1.231638e+02
778	1.228632e+02
779	1.225350e+02
780	1.222631e+02
781	1.219534e+02
782	1.215800e+02
783	1.211861e+02
784	1.206121e+02
785	1.200027e+02
786	1.194237e+02
787	1.189156e+02
788	1.184329e+02
789	1.179887e+02
790	1.175698e+02
791	1.171415e+02
792	1.167655e+02
793	1.164508e+02
794	1.161824e+02
795	1.159310e+02
796	1.156522e+02
797	1.154544e+02
798	1.152641e+02
799	1.151258e+02
800	1.150028e+02
801	1.148739e+02
802	1.147728e+02
803	1.146720e+02
804	1.146449e+02
805	1.146856e+02
806	1.147739e+02
807	1.148699e+02
808	1.150010e+02
809	1.151029e+02
810	1.152373e+02
811	1.153798e+02
812	1.155363e+02
813	1.157130e+02
814	1.158481e+02
815	1.160154e+02
816	1.162015e+02
817	1.164296e+02
818	1.167034e+02
819	1.170378e+02
820	1.173930e+02
821	1.177995e+02
822	1.181951e+02
823	1.185812e+02
824	1.189650e+02
825	1.193385e+02
826	1.197236e+02
827	1.199850e+02
828	1.202344e+02
829	1.204523e+02
830	1.206309e+02
831	1.207219e+02
832	1.207271e+02
833	1.206756e+02
834	1.205817e+02
835	1.204716e+02
836	1.202668e+02
837	1.201657e+02
838	1.200611e+02
839	1.199011e+02
840	1.196694e+02
841	1.194452e+02
842	1.193237e+02
843	1.191552e+02
844	1.190280e+02
845	1.187783e+02
846	1.186263e+02
847	1.184384e+02
848	1.182452e+02
849	1.180641e+02
850	1.179072e+02
851	1.176810e+02
852	1.174982e+02
853	1.174158e+02
854	1.173539e+02
855	1.172558e+02
856	1.171469e+02
857	1.170032e+02
858	1.168128e+02
859	1.166339e+02
860	1.163908e+02
861	1.161839e+02
862	1.159254e+02
863	1.156653e+02
864	1.154776e+02
865	1.153391e+02
866	1.151251e+02
867	1.149177e+02
868	1.147603e+02
869	1.146189e+02
870	1.145487e+02
871	1.145003e+02
872	1.145167e+02
873	1.145788e+02
874	1.146291e+02
875	1.147584e+02
876	1.149682e+02
877	1.151655e+02
878	1.154390e+02
879	1.156942e+02
880	1.160006e+02
881	1.163540e+02
882	1.166601e+02
883	1.169942e+02
884	1.173793e+02
885	1.177534e+02
886	1.180289e+02
887	1.182602e+02
888	1.185404e+02
889	1.188661e+02
890	1.190725e+02
891	1.192092e+02
892	1.193767e+02
893	1.194729e+02
894	1.195792e+02
895	1.196483e+02
896	1.196894e+02
897	1.196796e+02
898	1.196323e+02
899	1.196234e+02
900	1.196003e+02
901	1.195460e+02
902	1.194241e+02
903	1.192945e+02
904	1.192089e+02
905	1.190221e+02
906	1.188032e+02
907	1.185811e+02
908	1.183999e+02
909	1.182072e+02
910	1.179629e+02
911	1.176943e+02
912	1.173856e+02
913	1.171457e+02
914	1.169355e+02
915	1.167632e+02
916	1.165126e+02
917	1.163119e+02
918	1.161336e+02
919	1.159832e+02
920	1.157981e+02
921	1.156240e+02
922	1.153699e+02
923	1.151039e+02
924	1.147802e+02
925	1.144704e+02
926	1.142396e+02
927	1.140720e+02
928	1.138759e+02
929	1.137859e+02
930	1.137385e+02
931	1.138274e+02
932	1.139879e+02
933	1.141931e+02
934	1.144288e+02
935	1.148086e+02
936	1.151940e+02
937	1.156930e+02
938	1.161716e+02
939	1.166719e+02
940	1.171577e+02
941	1.176319e+02
942	1.181324e+02
943	1.186521e+02
944	1.191282e+02
945	1.195609e+02
946	1.199982e+02
947	1.205049e+02
948	1.208541e+02
949	1.211604e+02
950	1.214399e+02
951	1.216728e+02
952	1.219270e+02
953	1.221015e+02
954	1.222473e+02
955	1.222781e+02
956	1.222801e+02
957	1.221877e+02
958	1.221141e+02
959	1.219650e+02
960	1.217034e+02
961	1.213794e+02
962	1.210080e+02
963	1.204983e+02
964	1.199484e+02
965	1.193765e+02
966	1.188995e+02
967	1.184175e+02
968	1.180971e+02
969	1.178354e+02
970	1.175670e+02
971	1.173502e+02
972	1.170281e+02
973	1.167717e+02
974	1.165117e+02
975	1.162816e+02
976	1.161334e+02
977	1.161395e+02
978	1.162462e+02
979	1.164656e+02
980	1.167157e+02
981	1.169851e+02
982	1.172863e+02
983	1.176631e+02
984	1.179540e+02
985	1.182528e+02
986	1.184929e+02
987	1.187392e+02
988	1.189885e+02
989	1.192082e+02
990	1.193119e+02
991	1.193934e+02
992	1.194917e+02
993	1.196571e+02
994	1.198546e+02
995	1.199311e+02
996	1.199173e+02
997	1.198556e+02
998	1.198414e+02
999	1.198425e+02
1000	1.197925e+02
1001	1.197654e+02
1002	1.197003e+02
1003	1.196840e+02
1004	1.197233e+02
1005	1.198107e+02
1006	1.199648e+02
1007	1.201451e+02
1008	1.202609e+02
1009	1.203506e+02
1010	1.205363e+02
1011	1.206927e+02
1012	1.209693e+02
1013	1.211576e+02
1014	1.214640e+02
1015	1.217133e+02
1016	1.220115e+02
1017	1.223000e+02
1018	1.225666e+02
1019	1.228402e+02
1020	1.231490e+02
1021	1.234718e+02
1022	1.237319e+02
1023	1.239822e+02
1024	1.242450e+02
1025	1.245054e+02
1026	1.247755e+02
1027	1.250169e+02
1028	1.251867e+02
1029	1.252673e+02
1030	1.252398e+02
1031	1.251612e+02
1032	1.250892e+02
1033	1.249529e+02
1034	1.248258e+02
1035	1.246408e+02
1036	1.244156e+02
1037	1.241144e+02
1038	1.238483e+02
1039	1.235868e+02
1040	1.233052e+02
1041	1.230217e+02
1042	1.227377e+02
1043	1.224770e+02
1044	1.222711e+02
1045	1.221062e+02
1046	1.219720e+02
1047	1.219666e+02
1048	1.220153e+02
1049	1.221536e+02
1050	1.222720e+02
1051	1.221821e+02
1052	1.221210e+02
1053	1.219805e+02
1054	1.217955e+02
1055	1.216581e+02
1056	1.215237e+02
1057	1.214629e+02
1058	1.214845e+02
1059	1.214909e+02
1060	1.214882e+02
1061	1.214262e+02
1062	1.213573e+02
1063	1.212982e+02
1064	1.212537e+02
1065	1.211807e+02
1066	1.211455e+02
1067	1.211498e+02
1068	1.211715e+02
1069	1.212016e+02
1070	1.213829e+02
1071	1.216396e+02
1072	1.219372e+02
1073	1.221955e+02
1074	1.224493e+02
1075	1.225885e+02
1076	1.227166e+02
1077	1.228502e+02
1078	1.230007e+02
1079	1.231655e+02
1080	1.232560e+02
1081	1.233705e+02
1082	1.234871e+02
1083	1.234902e+02
1084	1.234500e+02
1085	1.234558e+02
1086	1.234605e+02
1087	1.234990e+02
1088	1.235823e+02
1089	1.236632e+02
1090	1.237447e+02
1091	1.237665e+02
1092	1.237780e+02
1093	1.237341e+02
1094	1.236611e+02
1095	1.235810e+02
1096	1.234371e+02
1097	1.232633e+02
1098	1.230656e+02
1099	1.229186e+02
1100	1.227241e+02
1101	1.225337e+02
1102	1.223001e+02
1103	1.220750e+02
1104	1.218431e+02
1105	1.216343e+02
1106	1.214082e+02
1107	1.212331e+02
1108	1.210796e+02
1109	1.209413e+02
1110	1.207451e+02
1111	1.205206e+02
1112	1.202750e+02
1113	1.199737e+02
1114	1.196223e+02
1115	1.192480e+02
1116	1.187824e+02
1117	1.183457e+02
1118	1.179812e+02
1119	1.175839e+02
1120	1.171639e+02
1121	1.167779e+02
1122	1.164157e+02
1123	1.160956e+02
1124	1.158325e+02
1125	1.156817e+02
1126	1.157198e+02
1127	1.157844e+02
1128	1.159185e+02
1129	1.161539e+02
1130	1.164082e+02
1131	1.168550e+02
1132	1.173406e+02
1133	1.177920e+02
1134	1.183109e+02
1135	1.188520e+02
1136	1.193597e+02
1137	1.198045e+02
1138	1.202533e+02
1139	1.207294e+02
1140	1.211781e+02
1141	1.215918e+02
1142	1.219346e+02
1143	1.221791e+02
1144	1.223895e+02
1145	1.226584e+02
1146	1.229598e+02
1147	1.232941e+02
1148	1.236315e+02
1149	1.239638e+02
1150	1.242059e+02
1151	1.244731e+02
1152	1.247356e+02
1153	1.248743e+02
1154	1.249731e+02
1155	1.250220e+02
1156	1.250568e+02
1157	1.249933e+02
1158	1.248270e+02
1159	1.246357e+02
1160	1.244350e+02
1161	1.242556e+02
1162	1.240847e+02
1163	1.238878e+02
1164	1.236772e+02
1165	1.233747e+02
1166	1.230482e+02
1167	1.226899e+02
1168	1.223321e+02
1169	1.219201e+02
1170	1.214782e+02
1171	1.210909e+02
1172	1.207606e+02
1173	1.203442e+02
1174	1.199030e+02
1175	1.195735e+02
1176	1.192248e+02
1177	1.188920e+02
1178	1.185679e+02
1179	1.182729e+02
1180	1.179503e+02
1181	1.176511e+02
1182	1.173516e+02
1183	1.170015e+02
1184	1.167648e+02
1185	1.164719e+02
1186	1.161609e+02
1187	1.158814e+02
1188	1.155793e+02
1189	1.153451e+02
1190	1.151271e+02
1191	1.149117e+02
1192	1.147347e+02
1193	1.146075e+02
1194	1.145244e+02
1195	1.145420e+02
1196	1.145395e+02
1197	1.145733e+02
1198	1.146256e+02
1199	1.146929e+02
1200	1.147970e+02
1201	1.148524e+02
1202	1.149483e+02
1203	1.150836e+02
1204	1.152983e+02
1205	1.156130e+02
1206	1.159003e+02
1207	1.161139e+02
1208	1.163124e+02
1209	1.165235e+02
1210	1.166735e+02
1211	1.168315e+02
1212	1.169759e+02
1213	1.171929e+02
1214	1.174614e+02
1215	1.177145e+02
1216	1.179807e+02
1217	1.182593e+02
1218	1.185049e+02
1219	1.187517e+02
1220	1.190257e+02
1221	1.192748e+02
1222	1.195283e+02
1223	1.198213e+02
1224	1.201255e+02
1225	1.203458e+02
1226	1.204432e+02
1227	1.205353e+02
1228	1.206105e+02
1229	1.206979e+02
1230	1.207188e+02
1231	1.207265e+02
1232	1.206906e+02
1233	1.206196e+02
1234	1.204545e+02
1235	1.202746e+02
1236	1.201083e+02
1237	1.198967e+02
1238	1.197241e+02
1239	1.195887e+02
1240	1.194006e+02
1241	1.191769e+02
1242	1.189365e+02
1243	1.187635e+02
1244	1.185978e+02
1245	1.184988e+02
1246	1.183493e+02
1247	1.181858e+02
1248	1.180004e+02
1249	1.178086e+02
1250	1.175582e+02
1251	1.172953e+02
1252	1.171048e+02
1253	1.169451e+02
1254	1.168308e+02
1255	1.167281e+02
1256	1.165483e+02
1257	1.163100e+02
1258	1.161385e+02
1259	1.159091e+02
1260	1.157083e+02
1261	1.155182e+02
1262	1.154080e+02
1263	1.152790e+02
1264	1.150946e+02
1265	1.149037e+02
1266	1.147242e+02
1267	1.145931e+02
1268	1.144751e+02
1269	1.143741e+02
1270	1.143504e+02
1271	1.143143e+02
1272	1.143821e+02
1273	1.144706e+02
1274	1.145620e+02
1275	1.146877e+02
1276	1.148340e+02
1277	1.150731e+02
1278	1.153757e+02
1279	1.156503e+02
1280	1.159427e+02
1281	1.162882e+02
1282	1.167163e+02
1283	1.171190e+02
1284	1.176386e+02
1285	1.181794e+02
1286	1.188072e+02
1287	1.194968e+02
1288	1.201475e+02
1289	1.208192e+02
1290	1.214397e+02
1291	1.220297e+02
1292	1.225971e+02
1293	1.230836e+02
1294	1.235202e+02
1295	1.239112e+02
1296	1.242933e+02
1297	1.246982e+02
1298	1.250438e+02
1299	1.253940e+02
1300	1.256956e+02
1301	1.259074e+02
1302	1.260853e+02
1303	1.261412e+02
1304	1.260409e+02
1305	1.258735e+02
1306	1.256327e+02
1307	1.253730e+02
1308	1.249901e+02
1309	1.245288e+02
1310	1.239742e+02
1311	1.233458e+02
1312	1.226987e+02
1313	1.219610e+02
1314	1.212360e+02
1315	1.205050e+02
1316	1.198310e+02
1317	1.190737e+02
1318	1.182869e+02
1319	1.174097e+02
1320	1.164411e+02
1321	1.154866e+02
1322	1.144984e+02
1323	1.135171e+02
1324	1.126391e+02
1325	1.118263e+02
1326	1.111102e+02
1327	1.105200e+02
1328	1.099477e+02
1329	1.094709e+02
1330	1.090987e+02
1331	1.088755e+02
1332	1.087906e+02
1333	1.088266e+02
1334	1.088767e+02
1335	1.090583e+02
1336	1.093005e+02
1337	1.096920e+02
1338	1.101418e+02
1339	1.106494e+02
1340	1.111609e+02
1341	1.117444e+02
1342	1.122790e+02
1343	1.128091e+02
1344	1.134171e+02
1345	1.140664e+02
1346	1.147509e+02
1347	1.154350e+02
1348	1.161372e+02
1349	1.168107e+02
1350	1.175356e+02
1351	1.183146e+02
1352	1.191279e+02
1353	1.199672e+02
1354	1.208695e+02
1355	1.217242e+02
1356	1.225507e+02
1357	1.233468e+02
1358	1.241422e+02
1359	1.248612e+02
1360	1.255241e+02
1361	1.261371e+02
1362	1.266859e+02
1363	1.272652e+02
1364	1.277912e+02
1365	1.281604e+02
1366	1.284953e+02
1367	1.287980e+02
1368	1.290143e+02
1369	1.291552e+02
1370	1.292486e+02
1371	1.291861e+02
1372	1.289776e+02
1373	1.286944e+02
1374	1.283040e+02
1375	1.278534e+02
1376	1.273414e+02
1377	1.267357e+02
1378	1.261437e+02
1379	1.255325e+02
1380	1.248895e+02
1381	1.241689e+02
1382	1.234374e+02
1383	1.226670e+02
1384	1.218879e+02
1385	1.209881e+02
1386	1.200918e+02
1387	1.191763e+02
1388	1.182377e+02
1389	1.172515e+02
1390	1.164098e+02
1391	1.155443e+02
1392	1.146832e+02
1393	1.138812e+02
1394	1.131381e+02
1395	1.124463e+02
1396	1.118510e+02
1397	1.112953e+02
1398	1.108911e+02
1399	1.105852e+02
1400	1.103455e+02
1401	1.101308e+02
1402	1.100126e+02
1403	1.100067e+02
1404	1.100847e+02
1405	1.102710e+02
1406	1.105497e+02
1407	1.109074e+02
1408	1.113286e+02
1409	1.117400e+02
1410	1.122339e+02
1411	1.126872e+02
1412	1.131928e+02
1413	1.136993e+02
1414	1.141879e+02
1415	1.147300e+02
1416	1.152083e+02
1417	1.156720e+02
1418	1.162323e+02
1419	1.169063e+02
1420	1.174558e+02
1421	1.180364e+02
1422	1.186339e+02
1423	1.191714e+02
1424	1.196780e+02
1425	1.201822e+02
1426	1.206815e+02
1427	1.211011e+02
1428	1.214712e+02
1429	1.217557e+02
1430	1.219676e+02
1431	1.221964e+02
1432	1.223394e+02
1433	1.225081e+02
1434	1.226117e+02
1435	1.226946e+02
1436	1.227948e+02
1437	1.229037e+02
1438	1.228653e+02
1439	1.228353e+02
1440	1.227842e+02
1441	1.226279e+02
1442	1.224199e+02
1443	1.221049e+02
1444	1.217953e+02
1445	1.214997e+02
1446	1.213118e+02
1447	1.211177e+02
1448	1.208783e+02
1449	1.206572e+02
1450	1.203963e+02
1451	1.201779e+02
1452	1.198166e+02
1453	1.194162e+02
1454	1.190736e+02
1455	1.187157e+02
1456	1.183541e+02
1457	1.179847e+02
1458	1.176996e+02
1459	1.174091e+02
1460	1.171298e+02
1461	1.167737e+02
1462	1.165094e+02
1463	1.163331e+02
1464	1.161798e+02
1465	1.160599e+02
1466	1.160174e+02
1467	1.160573e+02
1468	1.160373e+02
1469	1.160885e+02
1470	1.160686e+02
1471	1.160718e+02
1472	1.160774e+02
1473	1.160714e+02
1474	1.161605e+02
1475	1.163603e+02
1476	1.166398e+02
1477	1.169668e+02
1478	1.173167e+02
1479	1.177102e+02
1480	1.181585e+02
1481	1.186762e+02
1482	1.192107e+02
1483	1.197256e+02
1484	1.202927e+02
1485	1.208833e+02
1486	1.214246e+02
1487	1.219269e+02
1488	1.225330e+02
1489	1.230705e+02
1490	1.236446e+02
1491	1.242212e+02
1492	1.247810e+02
1493	1.252330e+02
1494	1.255922e+02
1495	1.258954e+02
1496	1.261090e+02
1497	1.262399e+02
1498	1.263303e+02
1499	1.264052e+02
1500	1.264037e+02
1501	1.264410e+02
1502	1.264099e+02
1503	1.263193e+02
1504	1.261892e+02
1505	1.259675e+02
1506	1.256854e+02
1507	1.254127e+02
1508	1.252075e+02
1509	1.249578e+02
1510	1.247125e+02
1511	1.244266e+02
1512	1.241597e+02
1513	1.239396e+02
1514	1.237333e+02
1515	1.235091e+02
1516	1.233037e+02
1517	1.230708e+02
1518	1.227522e+02
1519	1.224561e+02
1520	1.221273e+02
1521	1.218457e+02
1522	1.214610e+02
1523	1.210216e+02
1524	1.205870e+02
1525	1.202086e+02
1526	1.197944e+02
1527	1.194002e+02
1528	1.190765e+02
1529	1.187430e+02
1530	1.185567e+02
1531	1.183146e+02
1532	1.180621e+02
1533	1.178566e+02
1534	1.177072e+02
1535	1.175861e+02
1536	1.175091e+02
1537	1.175102e+02
1538	1.176169e+02
1539	1.178000e+02
1540	1.179827e+02
1541	1.181330e+02
1542	1.183818e+02
1543	1.186248e+02
1544	1.188694e+02
1545	1.190901e+02
1546	1.193049e+02
1547	1.195295e+02
1548	1.196808e+02
1549	1.198149e+02
1550	1.199748e+02
1551	1.201377e+02
1552	1.203191e+02
1553	1.205679e+02
1554	1.207646e+02
1555	1.209316e+02
1556	1.209899e+02
1557	1.210143e+02
1558	1.210581e+02
1559	1.210650e+02
1560	1.210803e+02
1561	1.210603e+02
1562	1.210546e+02
1563	1.210846e+02
1564	1.212527e+02
1565	1.214442e+02
1566	1.216740e+02
1567	1.218324e+02
1568	1.219421e+02
1569	1.220316e+02
1570	1.222117e+02
1571	1.223875e+02
1572	1.225581e+02
1573	1.227216e+02
1574	1.229023e+02
1575	1.229986e+02
1576	1.230210e+02
1577	1.229893e+02
1578	1.228686e+02
1579	1.227254e+02
1580	1.224932e+02
1581	1.221632e+02
1582	1.218031e+02
1583	1.213272e+02
1584	1.207864e+02
1585	1.202140e+02
1586	1.197102e+02
1587	1.192374e+02
1588	1.188428e+02
1589	1.184756e+02
1590	1.180972e+02
1591	1.177246e+02
1592	1.173195e+02
1593	1.169623e+02
1594	1.166647e+02
1595	1.163498e+02
1596	1.160862e+02
1597	1.159073e+02
1598	1.159168e+02
1599	1.159068e+02
1600	1.159539e+02
1601	1.160103e+02
1602	1.160160e+02
1603	1.159550e+02
1604	1.159299e+02
1605	1.159351e+02
1606	1.160064e+02
1607	1.161113e+02
1608	1.161913e+02
1609	1.162456e+02
1610	1.163594e+02
1611	1.165359e+02
1612	1.166662e+02
1613	1.168737e+02
1614	1.170820e+02
1615	1.173768e+02
1616	1.176357e+02
1617	1.178849e+02
1618	1.181002e+02
1619	1.183767e+02
1620	1.185532e+02
1621	1.186512e+02
1622	1.187327e+02
1623	1.188223e+02
1624	1.189404e+02
1625	1.190149e+02
1626	1.189970e+02
1627	1.189469e+02
1628	1.188674e+02
1629	1.187084e+02
1630	1.184353e+02
1631	1.181809e+02
1632	1.178694e+02
1633	1.175200e+02
1634	1.171526e+02
1635	1.168724e+02
1636	1.165738e+02
1637	1.161867e+02
1638	1.158452e+02
1639	1.155371e+02
1640	1.151950e+02
1641	1.148319e+02
1642	1.144706e+02
1643	1.141266e+02
1644	1.138945e+02
1645	1.136991e+02
1646	1.134974e+02
1647	1.133586e+02
1648	1.133044e+02
1649	1.133285e+02
1650	1.133915e+02
1651	1.134461e+02
1652	1.135108e+02
1653	1.135828e+02
1654	1.136921e+02
1655	1.137952e+02
1656	1.137855e+02
1657	1.138100e+02
1658	1.139478e+02
1659	1.141032e+02
1660	1.142264e+02
1661	1.144125e+02
1662	1.146038e+02
1663	1.147967e+02
1664	1.150464e+02
1665	1.153462e+02
1666	1.156099e+02
1667	1.158436e+02
1668	1.160114e+02
1669	1.162269e+02
1670	1.164522e+02
1671	1.167021e+02
1672	1.169410e+02
1673	1.172329e+02
1674	1.175061e+02
1675	1.177117e+02
1676	1.178832e+02
1677	1.180253e+02
1678	1.181377e+02
1679	1.182661e+02
1680	1.183286e+02
1681	1.184160e+02
1682	1.185694e+02
1683	1.186494e+02
1684	1.187043e+02
1685	1.187190e+02
1686	1.186767e+02
1687	1.186084e+02
1688	1.184898e+02
1689	1.184260e+02
1690	1.183697e+02
1691	1.182269e+02
1692	1.180753e+02
1693	1.178591e+02
1694	1.176447e+02
1695	1.173636e+02
1696	1.171320e+02
1697	1.168978e+02
1698	1.165665e+02
1699	1.161877e+02
1700	1.157816e+02
1701	1.153827e+02
1702	1.150275e+02
1703	1.146686e+02
1704	1.142927e+02
1705	1.140801e+02
1706	1.139179e+02
1707	1.138248e+02
1708	1.138026e+02
1709	1.138639e+02
1710	1.139894e+02
1711	1.141902e+02
1712	1.143486e+02
1713	1.145272e+02
1714	1.147230e+02
1715	1.149899e+02
1716	1.152871e+02
1717	1.155497e+02
1718	1.158302e+02
1719	1.161862e+02
1720	1.165398e+02
1721	1.168989e+02
1722	1.172440e+02
1723	1.175089e+02
1724	1.177124e+02
1725	1.179443e+02
1726	1.181174e+02
1727	1.183069e+02
1728	1.184403e+02
1729	1.185000e+02
1730	1.185026e+02
1731	1.184067e+02
1732	1.182773e+02
1733	1.180590e+02
1734	1.178820e+02
1735	1.176822e+02
1736	1.175481e+02
1737	1.173559e+02
1738	1.171192e+02
1739	1.169178e+02
1740	1.167788e+02
1741	1.166085e+02
1742	1.164093e+02
1743	1.161722e+02
1744	1.159339e+02
1745	1.156785e+02
1746	1.154161e+02
1747	1.150276e+02
1748	1.146028e+02
1749	1.142221e+02
1750	1.138182e+02
1751	1.133986e+02
1752	1.130773e+02
1753	1.128639e+02
1754	1.127633e+02
1755	1.126548e+02
1756	1.126357e+02
1757	1.126513e+02
1758	1.126058e+02
1759	1.126653e+02
1760	1.127839e+02
1761	1.128930e+02
1762	1.130538e+02
1763	1.132014e+02
1764	1.134267e+02
1765	1.137455e+02
1766	1.141611e+02
1767	1.145879e+02
1768	1.149671e+02
1769	1.153776e+02
1770	1.156769e+02
1771	1.159205e+02
1772	1.161847e+02
1773	1.165484e+02
1774	1.169124e+02
1775	1.172009e+02
1776	1.175184e+02
1777	1.177842e+02
1778	1.180727e+02
1779	1.183400e+02
1780	1.186139e+02
1781	1.189230e+02
1782	1.192792e+02
1783	1.196047e+02
1784	1.198432e+02
1785	1.200494e+02
1786	1.202138e+02
1787	1.203591e+02
1788	1.205484e+02
1789	1.207478e+02
1790	1.208732e+02
1791	1.209788e+02
1792	1.209692e+02
1793	1.209062e+02
1794	1.207961e+02
1795	1.207007e+02
1796	1.205149e+02
1797	1.203355e+02
1798	1.200824e+02
1799	1.198137e+02
1800	1.195963e+02
1801	1.194119e+02
1802	1.192609e+02
1803	1.190475e+02
1804	1.188174e+02
1805	1.186741e+02
1806	1.184921e+02
1807	1.184289e+02
1808	1.183852e+02
1809	1.183158e+02
1810	1.182146e+02
1811	1.180767e+02
1812	1.178865e+02
1813	1.176725e+02
1814	1.174646e+02
1815	1.172442e+02
1816	1.170740e+02
1817	1.169774e+02
1818	1.168849e+02
1819	1.167357e+02
1820	1.166354e+02
1821	1.164940e+02
1822	1.163967e+02
1823	1.163137e+02
1824	1.161846e+02
1825	1.159706e+02
1826	1.158418e+02
1827	1.156832e+02
1828	1.155680e+02
1829	1.154380e+02
1830	1.152470e+02
1831	1.150255e+02
1832	1.148959e+02
1833	1.147524e+02
1834	1.146720e+02
1835	1.145216e+02
1836	1.143314e+02
1837	1.141421e+02
1838	1.139666e+02
1839	1.138074e+02
1840	1.136825e+02
1841	1.136141e+02
1842	1.136042e+02
1843	1.137140e+02
1844	1.138776e+02
1845	1.140759e+02
1846	1.142948e+02
1847	1.144890e+02
1848	1.147309e+02
1849	1.149459e+02
1850	1.151248e+02
1851	1.152951e+02
1852	1.154126e+02
1853	1.155540e+02
1854	1.157482e+02
1855	1.158922e+02
1856	1.159690e+02
1857	1.160101e+02
1858	1.159932e+02
1859	1.160149e+02
1860	1.160115e+02
1861	1.159145e+02
1862	1.157802e+02
1863	1.156112e+02
1864	1.153594e+02
1865	1.150423e+02
1866	1.146713e+02
1867	1.143090e+02
1868	1.139136e+02
1869	1.135440e+02
1870	1.131949e+02
1871	1.128100e+02
1872	1.125272e+02
1873	1.122358e+02
1874	1.120290e+02
1875	1.118819e+02
1876	1.118220e+02
1877	1.118413e+02
1878	1.119140e+02
1879	1.120065e+02
1880	1.121537e+02
1881	1.123209e+02
1882	1.125025e+02
1883	1.126698e+02
1884	1.128570e+02
1885	1.130553e+02
1886	1.133053e+02
1887	1.135438e+02
1888	1.138006e+02
1889	1.140388e+02
1890	1.142238e+02
1891	1.145744e+02
1892	1.149341e+02
1893	1.153148e+02
1894	1.156613e+02
1895	1.160067e+02
1896	1.164032e+02
1897	1.167411e+02
1898	1.170288e+02
1899	1.173133e+02
1900	1.176085e+02
1901	1.178158e+02
1902	1.179614e+02
1903	1.180447e+02
1904	1.180508e+02
1905	1.180602e+02
1906	1.180841e+02
1907	1.180090e+02
1908	1.178286e+02
1909	1.176499e+02
1910	1.174107e+02
1911	1.171615e+02
1912	1.169311e+02
1913	1.166969e+02
1914	1.164701e+02
1915	1.162774e+02
1916	1.161403e+02
1917	1.159581e+02
1918	1.158749e+02
1919	1.157625e+02
1920	1.156385e+02
1921	1.154797e+02
1922	1.154197e+02
1923	1.152426e+02
1924	1.151067e+02
1925	1.149693e+02
1926	1.148688e+02
1927	1.146239e+02
1928	1.143086e+02
1929	1.139475e+02
1930	1.135501e+02
1931	1.133048e+02
1932	1.131294e+02
1933	1.129491e+02
1934	1.127983e+02
1935	1.126227e+02
1936	1.124886e+02
1937	1.123960e+02
1938	1.122818e+02
1939	1.121850e+02
1940	1.121659e+02
1941	1.121162e+02
1942	1.121004e+02
1943	1.121598e+02
1944	1.121888e+02
1945	1.123738e+02
1946	1.125143e+02
1947	1.127148e+02
1948	1.129171e+02
1949	1.131758e+02
1950	1.134480e+02
1951	1.137192e+02
1952	1.140939e+02
1953	1.145229e+02
1954	1.149731e+02
1955	1.153913e+02
1956	1.157277e+02
1957	1.161118e+02
1958	1.164512e+02
1959	1.167920e+02
1960	1.171252e+02
1961	1.173970e+02
1962	1.177212e+02
1963	1.179861e+02
1964	1.182512e+02
1965	1.184545e+02
1966	1.186496e+02
1967	1.187947e+02
1968	1.188596e+02
1969	1.188430e+02
1970	1.187664e+02
1971	1.186916e+02
1972	1.185852e+02
1973	1.184547e+02
1974	1.185077e+02
1975	1.186102e+02
1976	1.186113e+02
1977	1.186071e+02
1978	1.185636e+02
1979	1.185278e+02
1980	1.184271e+02
1981	1.182685e+02
1982	1.180703e+02
1983	1.178782e+02
1984	1.177166e+02
1985	1.175549e+02
1986	1.174041e+02
1987	1.172088e+02
1988	1.170534e+02
1989	1.168370e+02
1990	1.165536e+02
1991	1.162958e+02
1992	1.159822e+02
1993	1.156121e+02
1994	1.152663e+02
1995	1.149915e+02
1996	1.147322e+02
1997	1.144744e+02
1998	1.143600e+02
1999	1.143108e+02
2000	1.142696e+02
2001	1.141909e+02
2002	1.141725e+02
2003	1.141768e+02
2004	1.143169e+02
2005	1.144703e+02
2006	1.146474e+02
2007	1.148836e+02
2008	1.151097e+02
2009	1.153380e+02
2010	1.156048e+02
2011	1.158632e+02
2012	1.162068e+02
2013	1.165376e+02
2014	1.168528e+02
2015	1.170524e+02
2016	1.172458e+02
2017	1.174696e+02
2018	1.177029e+02
2019	1.178673e+02
2020	1.179941e+02
2021	1.181425e+02
2022	1.182328e+02
2023	1.182812e+02
2024	1.184677e+02
2025	1.186852e+02
2026	1.189419e+02
2027	1.191024e+02
2028	1.191910e+02
2029	1.193275e+02
2030	1.195543e+02
2031	1.197789e+02
2032	1.200684e+02
2033	1.202863e+02
2034	1.205616e+02
2035	1.207163e+02
2036	1.209161e+02
2037	1.211977e+02
2038	1.215544e+02
2039	1.218935e+02
2040	1.222804e+02
2041	1.226818e+02
2042	1.230367e+02
2043	1.233324e+02
2044	1.235275e+02
2045	1.236679e+02
2046	1.237419e+02
2047	1.237138e+02
2048	1.237677e+02
2049	1.238174e+02
2050	1.239038e+02
2051	1.239713e+02
2052	1.239166e+02
2053	1.238208e+02
2054	1.235597e+02
2055	1.232851e+02
2056	1.229691e+02
2057	1.225404e+02
2058	1.220599e+02
2059	1.216089e+02
2060	1.210849e+02
2061	1.205328e+02
2062	1.198891e+02
2063	1.193059e+02
2064	1.187379e+02
2065	1.181061e+02
2066	1.174528e+02
2067	1.168116e+02
2068	1.161610e+02
2069	1.154994e+02
2070	1.147395e+02
2071	1.140524e+02
2072	1.133709e+02
2073	1.126878e+02
2074	1.120779e+02
2075	1.114695e+02
2076	1.109741e+02
2077	1.105494e+02
2078	1.102217e+02
2079	1.100639e+02
2080	1.100741e+02
2081	1.101874e+02
2082	1.103537e+02
2083	1.105261e+02
2084	1.108482e+02
2085	1.112736e+02
2086	1.116937e+02
2087	1.121599e+02
2088	1.127493e+02
2089	1.133584e+02
2090	1.141366e+02
2091	1.150909e+02
2092	1.160869e+02
2093	1.170476e+02
2094	1.180155e+02
2095	1.189754e+02
2096	1.199416e+02
2097	1.208648e+02
2098	1.217533e+02
2099	1.226495e+02
2100	1.234555e+02
2101	1.242925e+02
2102	1.251499e+02
2103	1.259735e+02
2104	1.267479e+02
2105	1.275643e+02
2106	1.284428e+02
2107	1.293607e+02
2108	1.302281e+02
2109	1.310744e+02
2110	1.318701e+02
2111	1.325546e+02
2112	1.331542e+02
2113	1.337161e+02
2114	1.341931e+02
2115	1.345404e+02
2116	1.348541e+02
2117	1.351280e+02
2118	1.353247e+02
2119	1.355071e+02
2120	1.355860e+02
2121	1.355836e+02
2122	1.354531e+02
2123	1.352921e+02
2124	1.350166e+02
2125	1.346121e+02
2126	1.342413e+02
2127	1.338261e+02
2128	1.333341e+02
2129	1.329138e+02
2130	1.324484e+02
2131	1.318850e+02
2132	1.312894e+02
2133	1.306939e+02
2134	1.300699e+02
2135	1.294608e+02
2136	1.288369e+02
2137	1.282457e+02
2138	1.275971e+02
2139	1.268656e+02
2140	1.261252e+02
2141	1.253744e+02
2142	1.246017e+02
2143	1.237246e+02
2144	1.227651e+02
2145	1.217572e+02
2146	1.206672e+02
2147	1.195192e+02
2148	1.183774e+02
2149	1.173173e+02
2150	1.161811e+02
2151	1.151100e+02
2152	1.140984e+02
2153	1.130996e+02
2154	1.121562e+02
2155	1.112107e+02
2156	1.102649e+02
2157	1.093918e+02
2158	1.086083e+02
2159	1.079646e+02
2160	1.074717e+02
2161	1.070082e+02
2162	1.065972e+02
2163	1.063889e+02
2164	1.062761e+02
2165	1.061831e+02
2166	1.061941e+02
2167	1.062759e+02
2168	1.064380e+02
2169	1.066507e+02
2170	1.070326e+02
2171	1.074903e+02
2172	1.080843e+02
2173	1.086428e+02
2174	1.093131e+02
2175	1.099736e+02
2176	1.106923e+02
2177	1.115609e+02
2178	1.125001e+02
2179	1.135498e+02
2180	1.146047e+02
2181	1.156737e+02
2182	1.167380e+02
2183	1.177467e+02
2184	1.187895e+02
2185	1.198088e+02
2186	1.207640e+02
2187	1.216739e+02
2188	1.225938e+02
2189	1.236147e+02
2190	1.245310e+02
2191	1.254109e+02
2192	1.262231e+02
2193	1.269494e+02
2194	1.276372e+02
2195	1.283013e+02
2196	1.288300e+02
2197	1.292624e+02
2198	1.297852e+02
2199	1.302588e+02
2200	1.307466e+02
2201	1.312126e+02
2202	1.316068e+02
2203	1.319369e+02
2204	1.322263e+02
2205	1.324760e+02
2206	1.326808e+02
2207	1.329136e+02
2208	1.331530e+02
2209	1.333260e+02
2210	1.334576e+02
2211	1.335867e+02
2212	1.336500e+02
2213	1.337229e+02
2214	1.337353e+02
2215	1.337195e+02
2216	1.335910e+02
2217	1.333616e+02
2218	1.331326e+02
2219	1.329174e+02
2220	1.326132e+02
2221	1.322508e+02
2222	1.318375e+02
2223	1.312932e+02
2224	1.307195e+02
2225	1.300628e+02
2226	1.293316e+02
2227	1.285670e+02
2228	1.277617e+02
2229	1.270206e+02
2230	1.262841e+02
2231	1.255867e+02
2232	1.248986e+02
2233	1.241942e+02
2234	1.234714e+02
2235	1.227888e+02
2236	1.221541e+02
2237	1.215149e+02
2238	1.208758e+02
2239	1.202244e+02
2240	1.196002e+02
2241	1.188783e+02
2242	1.181106e+02
2243	1.172234e+02
2244	1.162672e+02
2245	1.153061e+02
2246	1.144291e+02
2247	1.136284e+02
2248	1.129265e+02
2249	1.122994e+02
2250	1.118099e+02
2251	1.114467e+02
2252	1.111842e+02
2253	1.110132e+02
2254	1.108113e+02
2255	1.106401e+02
2256	1.105135e+02
2257	1.104202e+02
2258	1.103412e+02
2259	1.104031e+02
2260	1.105341e+02
2261	1.107526e+02
2262	1.110946e+02
2263	1.115402e+02
2264	1.120543e+02
2265	1.126869e+02
2266	1.134020e+02
2267	1.139573e+02
2268	1.145551e+02
2269	1.151756e+02
2270	1.158217e+02
2271	1.164675e+02
2272	1.171191e+02
2273	1.177632e+02
2274	1.184220e+02
2275	1.190006e+02
2276	1.195164e+02
2277	1.200201e+02
2278	1.204216e+02
2279	1.209026e+02
2280	1.213434e+02
2281	1.217073e+02
2282	1.220008e+02
2283	1.222347e+02
2284	1.223910e+02
2285	1.224769e+02
2286	1.225619e+02
2287	1.226723e+02
2288	1.228364e+02
2289	1.229164e+02
2290	1.229600e+02
2291	1.229970e+02
2292	1.229306e+02
2293	1.227891e+02
2294	1.226199e+02
2295	1.223513e+02
2296	1.219999e+02
2297	1.216034e+02
2298	1.211716e+02
2299	1.206986e+02
2300	1.202276e+02
2301	1.198269e+02
2302	1.193843e+02
2303	1.189343e+02
2304	1.185140e+02
2305	1.180829e+02
2306	1.176380e+02
2307	1.172360e+02
2308	1.167516e+02
2309	1.162700e+02
2310	1.158136e+02
2311	1.153533e+02
2312	1.150027e+02
2313	1.147295e+02
2314	1.146258e+02
2315	1.145431e+02
2316	1.144927e+02
2317	1.144672e+02
2318	1.144596e+02
2319	1.145090e+02
2320	1.146273e+02
2321	1.147690e+02
2322	1.149159e+02
2323	1.151591e+02
2324	1.154724e+02
2325	1.158385e+02
2326	1.162488e+02
2327	1.166199e+02
2328	1.169965e+02
2329	1.174693e+02
2330	1.179733e+02
2331	1.185696e+02
2332	1.191549e+02
2333	1.196733e+02
2334	1.201825e+02
2335	1.206627e+02
2336	1.211051e+02
2337	1.215327e+02
2338	1.220257e+02
2339	1.225249e+02
2340	1.230961e+02
2341	1.236843e+02
2342	1.243044e+02
2343	1.250065e+02
2344	1.256271e+02
2345	1.262344e+02
2346	1.267858e+02
2347	1.273726e+02
2348	1.279698e+02
2349	1.285178e+02
2350	1.289668e+02
2351	1.295431e+02
2352	1.300871e+02
2353	1.306108e+02
2354	1.310968e+02
2355	1.314989e+02
2356	1.317820e+02
2357	1.319739e+02
2358	1.320965e+02
2359	1.321692e+02
2360	1.321086e+02
2361	1.320490e+02
2362	1.318574e+02
2363	1.316060e+02
2364	1.314104e+02
2365	1.311542e+02
2366	1.307764e+02
2367	1.303908e+02
2368	1.299689e+02
2369	1.294867e+02
2370	1.289725e+02
2371	1.283947e+02
2372	1.276669e+02
2373	1.269098e+02
2374	1.260622e+02
2375	1.252025e+02
2376	1.242553e+02
2377	1.232353e+02
2378	1.221642e+02
2379	1.210839e+02
2380	1.200213e+02
2381	1.189977e+02
2382	1.179653e+02
2383	1.169699e+02
2384	1.159270e+02
2385	1.149301e+02
2386	1.139723e+02
2387	1.131115e+02
2388	1.122338e+02
2389	1.113639e+02
2390	1.105869e+02
2391	1.097792e+02
2392	1.090490e+02
2393	1.084122e+02
2394	1.079157e+02
2395	1.075824e+02
2396	1.072815e+02
2397	1.072020e+02
2398	1.071614e+02
2399	1.072987e+02
2400	1.074548e+02
2401	1.077001e+02
2402	1.079892e+02
2403	1.083164e+02
2404	1.086734e+02
2405	1.090980e+02
2406	1.094821e+02
2407	1.099078e+02
2408	1.103184e+02
2409	1.107328e+02
2410	1.112042e+02
2411	1.116444e+02
2412	1.120778e+02
2413	1.125476e+02
2414	1.130334e+02
2415	1.135307e+02
2416	1.140301e+02
2417	1.145316e+02
2418	1.149947e+02
2419	1.154277e+02
2420	1.158403e+02
2421	1.161788e+02
2422	1.164172e+02
2423	1.166945e+02
2424	1.169608e+02
2425	1.172311e+02
2426	1.174924e+02
2427	1.178288e+02
2428	1.182055e+02
2429	1.185272e+02
2430	1.188248e+02
2431	1.190095e+02
2432	1.191515e+02
2433	1.192340e+02
2434	1.193361e+02
2435	1.194954e+02
2436	1.196821e+02
2437	1.197990e+02
2438	1.197413e+02
2439	1.195492e+02
2440	1.192872e+02
2441	1.190406e+02
2442	1.187638e+02
2443	1.184784e+02
2444	1.181862e+02
2445	1.178829e+02
2446	1.175639e+02
2447	1.172969e+02
2448	1.170325e+02
2449	1.167929e+02
2450	1.166677e+02
2451	1.164394e+02
2452	1.163384e+02
2453	1.161978e+02
2454	1.160431e+02
2455	1.159747e+02
2456	1.158926e+02
2457	1.158153e+02
2458	1.157662e+02
2459	1.157757e+02
2460	1.157830e+02
2461	1.157982e+02
2462	1.158005e+02
2463	1.157518e+02
2464	1.157219e+02
2465	1.157030e+02
2466	1.157263e+02
2467	1.158998e+02
2468	1.160517e+02
2469	1.161989e+02
2470	1.163268e+02
2471	1.164531e+02
2472	1.165766e+02
2473	1.167710e+02
2474	1.169712e+02
2475	1.172638e+02
2476	1.176490e+02
2477	1.180543e+02
2478	1.183583e+02
2479	1.187150e+02
2480	1.190505e+02
2481	1.193335e+02
2482	1.196044e+02
2483	1.199093e+02
2484	1.201722e+02
2485	1.204492e+02
2486	1.206924e+02
2487	1.208931e+02
2488	1.210648e+02
2489	1.211826e+02
2490	1.211834e+02
2491	1.210933e+02
2492	1.209945e+02
2493	1.209546e+02
2494	1.208633e+02
2495	1.208036e+02
2496	1.207301e+02
2497	1.206180e+02
2498	1.204801e+02
2499	1.203629e+02
2500	1.202048e+02
2501	1.200810e+02
2502	1.200000e+02
2503	1.198783e+02
2504	1.196966e+02
2505	1.194833e+02
2506	1.192174e+02
2507	1.190456e+02
2508	1.188402e+02
2509	1.186324e+02
2510	1.184424e+02
2511	1.182064e+02
2512	1.179022e+02
2513	1.176286e+02
2514	1.173514e+02
2515	1.170516e+02
2516	1.167632e+02
2517	1.165222e+02
2518	1.163799e+02
2519	1.163359e+02
2520	1.163059e+02
2521	1.162088e+02
2522	1.162002e+02
2523	1.162387e+02
2524	1.162602e+02
2525	1.163197e+02
2526	1.164140e+02
2527	1.166155e+02
2528	1.167517e+02
2529	1.169223e+02
2530	1.170707e+02
2531	1.172029e+02
2532	1.173399e+02
2533	1.175212e+02
2534	1.177480e+02
2535	1.180191e+02
2536	1.182838e+02
2537	1.185921e+02
2538	1.188189e+02
2539	1.190640e+02
2540	1.192037e+02
2541	1.193026e+02
2542	1.193117e+02
2543	1.193602e+02
2544	1.194203e+02
2545	1.195048e+02
2546	1.195574e+02
2547	1.196017e+02
2548	1.195868e+02
2549	1.195102e+02
2550	1.194286e+02
2551	1.193343e+02
2552	1.192902e+02
2553	1.192061e+02
2554	1.191049e+02
2555	1.189876e+02
2556	1.188610e+02
2557	1.187960e+02
2558	1.186779e+02
2559	1.185995e+02
2560	1.185540e+02
2561	1.185026e+02
2562	1.184703e+02
2563	1.185501e+02
2564	1.185973e+02
2565	1.185796e+02
2566	1.186025e+02
2567	1.186698e+02
2568	1.187310e+02
2569	1.187197e+02
2570	1.188389e+02
2571	1.189788e+02
2572	1.192051e+02
2573	1.193756e+02
2574	1.195175e+02
2575	1.197114e+02
2576	1.199282e+02
2577	1.201087e+02
2578	1.202179e+02
2579	1.203984e+02
2580	1.206054e+02
2581	1.208153e+02
2582	1.210539e+02
2583	1.213296e+02
2584	1.216096e+02
2585	1.218326e+02
2586	1.220126e+02
2587	1.222668e+02
2588	1.225232e+02
2589	1.226788e+02
2590	1.228177e+02
2591	1.229408e+02
2592	1.230780e+02
2593	1.231731e+02
2594	1.232186e+02
2595	1.232585e+02
2596	1.232828e+02
2597	1.232393e+02
2598	1.231709e+02
2599	1.231504e+02
2600	1.231024e+02
2601	1.230289e+02
2602	1.228398e+02
2603	1.225698e+02
2604	1.222767e+02
2605	1.219497e+02
2606	1.215511e+02
2607	1.212419e+02
2608	1.209708e+02
2609	1.207591e+02
2610	1.205667e+02
2611	1.204140e+02
2612	1.202751e+02
2613	1.200286e+02
2614	1.199740e+02
2615	1.199098e+02
2616	1.198893e+02
2617	1.198745e+02
2618	1.198763e+02
2619	1.200394e+02
2620	1.202015e+02
2621	1.204007e+02
2622	1.206359e+02
2623	1.208293e+02
2624	1.209631e+02
2625	1.210580e+02
2626	1.212276e+02
2627	1.214450e+02
2628	1.217654e+02
2629	1.221630e+02
2630	1.224921e+02
2631	1.227423e+02
2632	1.229700e+02
2633	1.232948e+02
2634	1.236455e+02
2635	1.239798e+02
2636	1.242679e+02
2637	1.245191e+02
2638	1.246195e+02
2639	1.247302e+02
2640	1.249146e+02
2641	1.250873e+02
2642	1.252592e+02
2643	1.254747e+02
2644	1.256895e+02
2645	1.258963e+02
2646	1.260552e+02
2647	1.261215e+02
2648	1.262772e+02
2649	1.264658e+02
2650	1.265158e+02
2651	1.265633e+02
2652	1.265727e+02
2653	1.265991e+02
2654	1.266374e+02
2655	1.266500e+02
2656	1.266951e+02
2657	1.267330e+02
2658	1.268053e+02
2659	1.267027e+02
2660	1.265678e+02
2661	1.264040e+02
2662	1.263542e+02
2663	1.262307e+02
2664	1.260085e+02
2665	1.258451e+02
2666	1.255797e+02
2667	1.252937e+02
2668	1.250178e+02
2669	1.247437e+02
2670	1.244383e+02
2671	1.240749e+02
2672	1.235864e+02
2673	1.230823e+02
2674	1.226377e+02
2675	1.222406e+02
2676	1.218386e+02
2677	1.214438e+02
2678	1.210299e+02
2679	1.205879e+02
2680	1.201016e+02
2681	1.195568e+02
2682	1.190309e+02
2683	1.185789e+02
2684	1.180755e+02
2685	1.175548e+02
2686	1.170915e+02
2687	1.166117e+02
2688	1.161607e+02
2689	1.157546e+02
2690	1.154662e+02
2691	1.152163e+02
2692	1.149731e+02
2693	1.146607e+02
2694	1.143634e+02
2695	1.140460e+02
2696	1.137437e+02
2697	1.135759e+02
2698	1.134404e+02
2699	1.133558e+02
2700	1.133723e+02
2701	1.134605e+02
2702	1.135250e+02
2703	1.135754e+02
2704	1.136459e+02
2705	1.137612e+02
2706	1.138602e+02
2707	1.139855e+02
2708	1.141602e+02
2709	1.143547e+02
2710	1.145215e+02
2711	1.147031e+02
2712	1.148945e+02
2713	1.150498e+02
2714	1.152989e+02
2715	1.154472e+02
2716	1.155747e+02
2717	1.156969e+02
2718	1.158630e+02
2719	1.161115e+02
2720	1.163830e+02
2721	1.165883e+02
2722	1.167534e+02
2723	1.169536e+02
2724	1.170601e+02
2725	1.171313e+02
2726	1.171811e+02
2727	1.172543e+02
2728	1.171823e+02
2729	1.171400e+02
2730	1.170544e+02
2731	1.169137e+02
2732	1.167476e+02
2733	1.166455e+02
2734	1.165937e+02
2735	1.165042e+02
2736	1.163463e+02
2737	1.161228e+02
2738	1.159316e+02
2739	1.158282e+02
2740	1.157836e+02
2741	1.157842e+02
2742	1.157761e+02
2743	1.157223e+02
2744	1.157429e+02
2745	1.157902e+02
2746	1.158125e+02
2747	1.158399e+02
2748	1.157894e+02
2749	1.157657e+02
2750	1.157716e+02
2751	1.157832e+02
2752	1.158392e+02
2753	1.158792e+02
2754	1.158677e+02
2755	1.158555e+02
2756	1.157705e+02
2757	1.156957e+02
2758	1.155689e+02
2759	1.155534e+02
2760	1.156121e+02
2761	1.156798e+02
2762	1.157648e+02
2763	1.158674e+02
2764	1.159875e+02
2765	1.162261e+02
2766	1.164447e+02
2767	1.166287e+02
2768	1.168998e+02
2769	1.171640e+02
2770	1.174579e+02
2771	1.177619e+02
2772	1.180844e+02
2773	1.183230e+02
2774	1.185993e+02
2775	1.188819e+02
2776	1.191141e+02
2777	1.193712e+02
2778	1.196771e+02
2779	1.199555e+02
2780	1.201244e+02
2781	1.202644e+02
2782	1.203475e+02
2783	1.204762e+02
2784	1.206043e+02
2785	1.206776e+02
2786	1.206679e+02
2787	1.206539e+02
2788	1.207237e+02
2789	1.207667e+02
2790	1.207521e+02
2791	1.207918e+02
2792	1.209164e+02
2793	1.209318e+02
2794	1.208892e+02
2795	1.208639e+02
2796	1.207139e+02
2797	1.204821e+02
2798	1.202156e+02
2799	1.199838e+02
2800	1.197196e+02
2801	1.194402e+02
2802	1.190546e+02
2803	1.187377e+02
2804	1.184083e+02
2805	1.180710e+02
2806	1.176940e+02
2807	1.172738e+02
2808	1.169418e+02
2809	1.166757e+02
2810	1.164872e+02
2811	1.163321e+02
2812	1.162113e+02
2813	1.161117e+02
2814	1.160175e+02
2815	1.160187e+02
2816	1.160370e+02
2817	1.160960e+02
2818	1.162245e+02
2819	1.163817e+02
2820	1.165528e+02
2821	1.167410e+02
2822	1.168962e+02
2823	1.171043e+02
2824	1.173242e+02
2825	1.175619e+02
2826	1.177146e+02
2827	1.179157e+02
2828	1.181212e+02
2829	1.183009e+02
2830	1.184671e+02
2831	1.186060e+02
2832	1.188137e+02
2833	1.190207e+02
2834	1.192179e+02
2835	1.193913e+02
2836	1.195179e+02
2837	1.195447e+02
2838	1.196264e+02
2839	1.197152e+02
2840	1.198012e+02
2841	1.199057e+02
2842	1.199379e+02
2843	1.200160e+02
2844	1.200540e+02
2845	1.199415e+02
2846	1.197359e+02
2847	1.195347e+02
2848	1.193007e+02
2849	1.190786e+02
2850	1.188215e+02
2851	1.185061e+02
2852	1.181393e+02
2853	1.177428e+02
2854	1.173518e+02
2855	1.169686e+02
2856	1.166142e+02
2857	1.162467e+02
2858	1.159399e+02
2859	1.156905e+02
2860	1.154412e+02
2861	1.152502e+02
2862	1.150467e+02
2863	1.150057e+02
2864	1.149391e+02
2865	1.149343e+02
2866	1.149290e+02
2867	1.149195e+02
2868	1.149570e+02
2869	1.149970e+02
2870	1.150992e+02
2871	1.151052e+02
2872	1.151999e+02
2873	1.153120e+02
2874	1.152869e+02
2875	1.153200e+02
2876	1.153710e+02
2877	1.154662e+02
2878	1.154092e+02
2879	1.152625e+02
2880	1.150460e+02
2881	1.148429e+02
2882	1.145499e+02
2883	1.143781e+02
2884	1.141983e+02
2885	1.139824e+02
2886	1.138062e+02
2887	1.136397e+02
2888	1.134450e+02
2889	1.132523e+02
2890	1.131690e+02
2891	1.130662e+02
2892	1.129769e+02
2893	1.129283e+02
2894	1.129365e+02
2895	1.130289e+02
2896	1.131508e+02
2897	1.133191e+02
2898	1.134638e+02
2899	1.136222e+02
2900	1.137246e+02
2901	1.138212e+02
2902	1.139986e+02
2903	1.142299e+02
2904	1.144407e+02
2905	1.146996e+02
2906	1.151092e+02
2907	1.154240e+02
2908	1.158178e+02
2909	1.161973e+02
2910	1.166279e+02
2911	1.170438e+02
2912	1.174034e+02
2913	1.177289e+02
2914	1.180645e+02
2915	1.183782e+02
2916	1.186846e+02
2917	1.189204e+02
2918	1.190971e+02
2919	1.192741e+02
2920	1.193089e+02
2921	1.193394e+02
2922	1.193732e+02
2923	1.193240e+02
2924	1.192214e+02
2925	1.191060e+02
2926	1.189767e+02
2927	1.187803e+02
2928	1.185128e+02
2929	1.183448e+02
2930	1.182316e+02
2931	1.182214e+02
2932	1.182536e+02
2933	1.182917e+02
2934	1.183459e+02
2935	1.184710e+02
2936	1.186400e+02
2937	1.187821e+02
2938	1.188732e+02
2939	1.188919e+02
2940	1.188500e+02
2941	1.187225e+02
2942	1.185599e+02
2943	1.183751e+02
2944	1.182439e+02
2945	1.181577e+02
2946	1.180664e+02
2947	1.179704e+02
2948	1.177705e+02
2949	1.175049e+02
2950	1.172414e+02
2951	1.169371e+02
2952	1.165106e+02
2953	1.161139e+02
2954	1.157231e+02
2955	1.153320e+02
2956	1.149450e+02
2957	1.145916e+02
2958	1.142707e+02
2959	1.139610e+02
2960	1.136235e+02
2961	1.133684e+02
2962	1.131613e+02
2963	1.129866e+02
2964	1.128953e+02
2965	1.129271e+02
2966	1.130776e+02
2967	1.132574e+02
2968	1.134448e+02
2969	1.135911e+02
2970	1.137678e+02
2971	1.139571e+02
2972	1.142317e+02
2973	1.144759e+02
2974	1.147053e+02
2975	1.148945e+02
2976	1.151388e+02
2977	1.154318e+02
2978	1.158203e+02
2979	1.162206e+02
2980	1.166066e+02
2981	1.170361e+02
2982	1.175025e+02
2983	1.180193e+02
2984	1.183976e+02
2985	1.188463e+02
2986	1.192788e+02
2987	1.196284e+02
2988	1.199202e+02
2989	1.201680e+02
2990	1.203894e+02
2991	1.205897e+02
2992	1.206420e+02
2993	1.206539e+02
2994	1.206895e+02
2995	1.207773e+02
2996	1.208812e+02
2997	1.209883e+02
2998	1.209861e+02
2999	1.209947e+02
3000	1.209961e+02
3001	1.210024e+02
3002	1.209680e+02
3003	1.209389e+02
3004	1.209314e+02
3005	1.208120e+02
3006	1.206210e+02
3007	1.203896e+02
3008	1.200351e+02
3009	1.196708e+02
3010	1.193230e+02
3011	1.190023e+02
3012	1.187088e+02
3013	1.183407e+02
3014	1.179984e+02
3015	1.175898e+02
3016	1.171852e+02
3017	1.168104e+02
3018	1.165670e+02
3019	1.163359e+02
3020	1.160171e+02
3021	1.158026e+02
3022	1.156071e+02
3023	1.155099e+02
3024	1.154520e+02
3025	1.153925e+02
3026	1.152911e+02
3027	1.151506e+02
3028	1.150465e+02
3029	1.150349e+02
3030	1.150351e+02
3031	1.151232e+02
3032	1.152443e+02
3033	1.153679e+02
3034	1.154957e+02
3035	1.155852e+02
3036	1.156706e+02
3037	1.157873e+02
3038	1.160074e+02
3039	1.162325e+02
3040	1.164731e+02
3041	1.167290e+02
3042	1.169992e+02
3043	1.173018e+02
3044	1.175720e+02
3045	1.178424e+02
3046	1.179661e+02
3047	1.179852e+02
3048	1.180385e+02
3049	1.180546e+02
3050	1.180848e+02
3051	1.181378e+02
3052	1.181946e+02
3053	1.181982e+02
3054	1.181683e+02
3055	1.181487e+02
3056	1.180369e+02
3057	1.178949e+02
3058	1.177676e+02
3059	1.177385e+02
3060	1.177229e+02
3061	1.177900e+02
3062	1.177205e+02
3063	1.176851e+02
3064	1.176278e+02
3065	1.174708e+02
3066	1.172717e+02
3067	1.170794e+02
3068	1.169348e+02
3069	1.167361e+02
3070	1.165658e+02
3071	1.163540e+02
3072	1.161862e+02
3073	1.160295e+02
3074	1.159906e+02
3075	1.159840e+02
3076	1.160484e+02
3077	1.162366e+02
3078	1.164660e+02
3079	1.166961e+02
3080	1.169652e+02
3081	1.172634e+02
3082	1.175552e+02
3083	1.178785e+02
3084	1.182806e+02
3085	1.187302e+02
3086	1.191195e+02
3087	1.195758e+02
3088	1.199740e+02
3089	1.204170e+02
3090	1.208789e+02
3091	1.212788e+02
3092	1.215489e+02
3093	1.218124e+02
3094	1.220309e+02
3095	1.222390e+02
3096	1.223465e+02
3097	1.224033e+02
3098	1.223658e+02
3099	1.222926e+02
3100	1.221941e+02
3101	1.220524e+02
3102	1.218048e+02
3103	1.215501e+02
3104	1.213244e+02
3105	1.210867e+02
3106	1.207892e+02
3107	1.204722e+02
3108	1.201930e+02
3109	1.198515e+02
3110	1.194957e+02
3111	1.192436e+02
3112	1.189771e+02
3113	1.185970e+02
3114	1.180872e+02
3115	1.175262e+02
3116	1.168709e+02
3117	1.161872e+02
3118	1.156457e+02
3119	1.150815e+02
3120	1.144695e+02
3121	1.138381e+02
3122	1.132514e+02
3123	1.128752e+02
3124	1.126391e+02
3125	1.124187e+02
3126	1.122761e+02
3127	1.121752e+02
3128	1.121485e+02
3129	1.120985e+02
3130	1.120301e+02
3131	1.121444e+02
3132	1.122000e+02
3133	1.122897e+02
3134	1.124589e+02
3135	1.126165e+02
3136	1.127966e+02
3137	1.129884e+02
3138	1.132361e+02
3139	1.135138e+02
3140	1.138494e+02
3141	1.141427e+02
3142	1.143889e+02
3143	1.145776e+02
3144	1.147480e+02
3145	1.149047e+02
3146	1.150980e+02
3147	1.152583e+02
3148	1.154750e+02
3149	1.156868e+02
3150	1.159263e+02
3151	1.162059e+02
3152	1.165333e+02
3153	1.167742e+02
3154	1.169815e+02
3155	1.171075e+02
3156	1.172433e+02
3157	1.173085e+02
3158	1.173059e+02
3159	1.173800e+02
3160	1.174518e+02
3161	1.175219e+02
3162	1.176435e+02
3163	1.177425e+02
3164	1.179205e+02
3165	1.181226e+02
3166	1.183127e+02
3167	1.185071e+02
3168	1.187264e+02
3169	1.189403e+02
3170	1.190923e+02
3171	1.193006e+02
3172	1.194648e+02
3173	1.196422e+02
3174	1.198193e+02
3175	1.198940e+02
3176	1.200193e+02
3177	1.201289e+02
3178	1.202501e+02
3179	1.203581e+02
3180	1.203888e+02
3181	1.204675e+02
3182	1.205197e+02
3183	1.205012e+02
3184	1.204114e+02
3185	1.202860e+02
3186	1.201465e+02
3187	1.199500e+02
3188	1.197331e+02
3189	1.195378e+02
3190	1.193472e+02
3191	1.192014e+02
3192	1.190386e+02
3193	1.188898e+02
3194	1.186403e+02
3195	1.183153e+02
3196	1.179369e+02
3197	1.175296e+02
3198	1.171368e+02
3199	1.167010e+02
3200	1.163196e+02
3201	1.159048e+02
3202	1.154905e+02
3203	1.150253e+02
3204	1.145815e+02
3205	1.141037e+02
3206	1.136137e+02
3207	1.131167e+02
3208	1.127361e+02
3209	1.123942e+02
3210	1.120517e+02
3211	1.118025e+02
3212	1.116251e+02
3213	1.114341e+02
3214	1.112644e+02
3215	1.110685e+02
3216	1.109279e+02
3217	1.107757e+02
3218	1.106006e+02
3219	1.103989e+02
3220	1.101476e+02
3221	1.098601e+02
3222	1.095688e+02
3223	1.092275e+02
3224	1.088998e+02
3225	1.086432e+02
3226	1.083275e+02
3227	1.079951e+02
3228	1.077104e+02
3229	1.075169e+02
3230	1.073343e+02
3231	1.071458e+02
3232	1.070097e+02
3233	1.069170e+02
3234	1.067928e+02
3235	1.066525e+02
3236	1.066403e+02
3237	1.066694e+02
3238	1.068330e+02
3239	1.070947e+02
3240	1.074290e+02
3241	1.077629e+02
3242	1.080526e+02
3243	1.084562e+02
3244	1.088457e+02
3245	1.092717e+02
3246	1.097108e+02
3247	1.102329e+02
3248	1.107836e+02
3249	1.113572e+02
3250	1.119104e+02
3251	1.124150e+02
3252	1.130243e+02
3253	1.136076e+02
3254	1.141224e+02
3255	1.146182e+02
3256	1.150840e+02
3257	1.154261e+02
3258	1.158024e+02
3259	1.161005e+02
3260	1.163876e+02
3261	1.165627e+02
3262	1.167148e+02
3263	1.169562e+02
3264	1.171638e+02
3265	1.172704e+02
3266	1.173179e+02
3267	1.173757e+02
3268	1.173908e+02
3269	1.173813e+02
3270	1.172858e+02
3271	1.170674e+02
3272	1.167637e+02
3273	1.164401e+02
3274	1.160156e+02
3275	1.155623e+02
3276	1.150918e+02
3277	1.145719e+02
3278	1.139950e+02
3279	1.133579e+02
3280	1.127956e+02
3281	1.122764e+02
3282	1.117071e+02
3283	1.111048e+02
3284	1.106609e+02
3285	1.102115e+02
3286	1.098204e+02
3287	1.094515e+02
3288	1.091287e+02
3289	1.086793e+02
3290	1.081806e+02
3291	1.077132e+02
3292	1.072596e+02
3293	1.068186e+02
3294	1.063685e+02
3295	1.059784e+02
3296	1.056571e+02
3297	1.054364e+02
3298	1.053066e+02
3299	1.052280e+02
3300	1.053687e+02
3301	1.055379e+02
3302	1.058558e+02
3303	1.063095e+02
3304	1.068198e+02
3305	1.074083e+02
3306	1.081715e+02
3307	1.090392e+02
3308	1.099774e+02
3309	1.109676e+02
3310	1.118995e+02
3311	1.128095e+02
3312	1.137618e+02
3313	1.146886e+02
3314	1.156570e+02
3315	1.165765e+02
3316	1.175643e+02
3317	1.185476e+02
3318	1.195155e+02
3319	1.203868e+02
3320	1.211030e+02
3321	1.217404e+02
3322	1.223633e+02
3323	1.228008e+02
3324	1.230761e+02
3325	1.233051e+02
3326	1.234266e+02
3327	1.234626e+02
3328	1.234811e+02
3329	1.234858e+02
3330	1.234454e+02
3331	1.234224e+02
3332	1.232569e+02
3333	1.229472e+02
3334	1.224956e+02
3335	1.219421e+02
3336	1.213551e+02
3337	1.206072e+02
3338	1.198821e+02
3339	1.191441e+02
3340	1.183794e+02
3341	1.175624e+02
3342	1.167442e+02
3343	1.159152e+02
3344	1.151200e+02
3345	1.143814e+02
3346	1.136404e+02
3347	1.128727e+02
3348	1.121643e+02
3349	1.115210e+02
3350	1.109008e+02
3351	1.103237e+02
3352	1.098403e+02
3353	1.094348e+02
3354	1.091406e+02
3355	1.088765e+02
3356	1.085906e+02
3357	1.083637e+02
3358	1.082582e+02
3359	1.082705e+02
3360	1.083590e+02
3361	1.084957e+02
3362	1.087421e+02
3363	1.090506e+02
3364	1.093918e+02
3365	1.097758e+02
3366	1.102513e+02
3367	1.107769e+02
3368	1.114736e+02
3369	1.122670e+02
3370	1.130778e+02
3371	1.139476e+02
3372	1.148768e+02
3373	1.158474e+02
3374	1.168181e+02
3375	1.178511e+02
3376	1.187758e+02
3377	1.196898e+02
3378	1.206110e+02
3379	1.214457e+02
3380	1.222718e+02
3381	1.230207e+02
3382	1.236530e+02
3383	1.241744e+02
3384	1.246649e+02
3385	1.250041e+02
3386	1.253541e+02
3387	1.256012e+02
3388	1.257536e+02
3389	1.258011e+02
3390	1.257533e+02
3391	1.255124e+02
3392	1.251847e+02
3393	1.247924e+02
3394	1.243343e+02
3395	1.238216e+02
3396	1.232456e+02
3397	1.225725e+02
3398	1.218381e+02
3399	1.210013e+02
3400	1.201332e+02
3401	1.192523e+02
3402	1.183519e+02
3403	1.174186e+02
3404	1.165601e+02
3405	1.157464e+02
3406	1.149272e+02
3407	1.142143e+02
3408	1.134979e+02
3409	1.129013e+02
3410	1.123203e+02
3411	1.117709e+02
3412	1.112689e+02
3413	1.108212e+02
3414	1.104622e+02
3415	1.101573e+02
3416	1.098932e+02
3417	1.096859e+02
3418	1.095266e+02
3419	1.094158e+02
3420	1.092398e+02
3421	1.090683e+02
3422	1.089511e+02
3423	1.088325e+02
3424	1.088072e+02
3425	1.088400e+02
3426	1.089492e+02
3427	1.091081e+02
3428	1.093643e+02
3429	1.096303e+02
3430	1.099796e+02
3431	1.103949e+02
3432	1.108130e+02
3433	1.113388e+02
3434	1.119345e+02
3435	1.125927e+02
3436	1.132910e+02
3437	1.139587e+02
3438	1.146952e+02
3439	1.154934e+02
3440	1.163737e+02
3441	1.172220e+02
3442	1.181181e+02
3443	1.190382e+02
3444	1.198954e+02
3445	1.208239e+02
3446	1.216877e+02
3447	1.225913e+02
3448	1.234679e+02
3449	1.242421e+02
3450	1.250034e+02
3451	1.256298e+02
3452	1.261607e+02
3453	1.265527e+02
3454	1.269684e+02
3455	1.272364e+02
3456	1.274666e+02
3457	1.276650e+02
3458	1.277579e+02
3459	1.277462e+02
3460	1.277587e+02
3461	1.276483e+02
3462	1.274226e+02
3463	1.270958e+02
3464	1.267225e+02
3465	1.262952e+02
3466	1.258032e+02
3467	1.252488e+02
3468	1.245996e+02
3469	1.239006e+02
3470	1.232007e+02
3471	1.225743e+02
3472	1.220344e+02
3473	1.215762e+02
3474	1.210639e+02
3475	1.206253e+02
3476	1.201943e+02
3477	1.196797e+02
3478	1.191005e+02
3479	1.184709e+02
3480	1.178447e+02
3481	1.173133e+02
3482	1.167911e+02
3483	1.163131e+02
3484	1.158202e+02
3485	1.153823e+02
3486	1.149891e+02
3487	1.145219e+02
3488	1.140488e+02
3489	1.136442e+02
3490	1.133169e+02
3491	1.130134e+02
3492	1.127170e+02
3493	1.125241e+02
3494	1.123787e+02
3495	1.123863e+02
3496	1.124766e+02
3497	1.125436e+02
3498	1.124986e+02
3499	1.125331e+02
3500	1.126216e+02
3501	1.127709e+02
3502	1.128934e+02
3503	1.130682e+02
3504	1.132679e+02
3505	1.134342e+02
3506	1.136147e+02
3507	1.137122e+02
3508	1.137686e+02
3509	1.138712e+02
3510	1.139570e+02
3511	1.141436e+02
3512	1.143360e+02
3513	1.144684e+02
3514	1.146165e+02
3515	1.147175e+02
3516	1.147623e+02
3517	1.148844e+02
3518	1.150081e+02
3519	1.152059e+02
3520	1.154233e+02
3521	1.156520e+02
3522	1.159651e+02
3523	1.162435e+02
3524	1.165194e+02
3525	1.168232e+02
3526	1.172033e+02
3527	1.176167e+02
3528	1.180392e+02
3529	1.184593e+02
3530	1.188728e+02
3531	1.192571e+02
3532	1.196485e+02
3533	1.200089e+02
3534	1.203362e+02
3535	1.206607e+02
3536	1.209462e+02
3537	1.213173e+02
3538	1.216757e+02
3539	1.220497e+02
3540	1.224259e+02
3541	1.227768e+02
3542	1.231011e+02
3543	1.234339e+02
3544	1.237317e+02
3545	1.241061e+02
3546	1.244374e+02
3547	1.247781e+02
3548	1.251679e+02
3549	1.254864e+02
3550	1.257626e+02
3551	1.260568e+02
3552	1.263260e+02
3553	1.265645e+02
3554	1.267572e+02
3555	1.269584e+02
3556	1.270919e+02
3557	1.272088e+02
3558	1.273487e+02
3559	1.274732e+02
3560	1.275135e+02
3561	1.274605e+02
3562	1.273647e+02
3563	1.273214e+02
3564	1.272558e+02
3565	1.271985e+02
3566	1.270470e+02
3567	1.269425e+02
3568	1.268680e+02
3569	1.267459e+02
3570	1.265419e+02
3571	1.262543e+02
3572	1.259172e+02
3573	1.255307e+02
3574	1.250860e+02
3575	1.246222e+02
3576	1.240571e+02
3577	1.233801e+02
3578	1.226468e+02
3579	1.219313e+02
3580	1.211811e+02
3581	1.204777e+02
3582	1.198148e+02
3583	1.191950e+02
3584	1.185233e+02
3585	1.178747e+02
3586	1.171809e+02
3587	1.164461e+02
3588	1.157498e+02
3589	1.150963e+02
3590	1.144588e+02
3591	1.138107e+02
3592	1.131022e+02
3593	1.124599e+02
3594	1.119462e+02
3595	1.115099e+02
3596	1.111322e+02
3597	1.108548e+02
3598	1.105523e+02
3599	1.103115e+02
3600	1.102165e+02
3601	1.100957e+02
3602	1.099426e+02
3603	1.098242e+02
3604	1.097830e+02
3605	1.097796e+02
3606	1.097997e+02
3607	1.098715e+02
3608	1.100678e+02
3609	1.103933e+02
3610	1.107938e+02
3611	1.111551e+02
3612	1.114935e+02
3613	1.119529e+02
3614	1.124796e+02
3615	1.131163e+02
3616	1.137618e+02
3617	1.144055e+02
3618	1.150043e+02
3619	1.155785e+02
3620	1.161464e+02
3621	1.167391e+02
3622	1.174319e+02
3623	1.181740e+02
3624	1.189026e+02
3625	1.196325e+02
3626	1.203394e+02
3627	1.210102e+02
3628	1.216326e+02
3629	1.221600e+02
3630	1.226307e+02
3631	1.231297e+02
3632	1.235719e+02
3633	1.239592e+02
3634	1.242930e+02
3635	1.245762e+02
3636	1.247803e+02
3637	1.249503e+02
3638	1.250460e+02
3639	1.250794e+02
3640	1.250253e+02
3641	1.249417e+02
3642	1.247769e+02
3643	1.245616e+02
3644	1.243223e+02
3645	1.240947e+02
3646	1.237546e+02
3647	1.233767e+02
3648	1.229735e+02
3649	1.225440e+02
3650	1.221582e+02
3651	1.216722e+02
3652	1.212181e+02
3653	1.207975e+02
3654	1.202926e+02
3655	1.196987e+02
3656	1.190754e+02
3657	1.185985e+02
3658	1.181480e+02
3659	1.176206e+02
3660	1.169790e+02
3661	1.162782e+02
3662	1.156271e+02
3663	1.150103e+02
3664	1.144214e+02
3665	1.138348e+02
3666	1.132931e+02
3667	1.127435e+02
3668	1.121579e+02
3669	1.115737e+02
3670	1.110737e+02
3671	1.105778e+02
3672	1.101881e+02
3673	1.098892e+02
3674	1.096171e+02
3675	1.094003e+02
3676	1.092668e+02
3677	1.092180e+02
3678	1.092885e+02
3679	1.094641e+02
3680	1.096281e+02
3681	1.098249e+02
3682	1.100257e+02
3683	1.102757e+02
3684	1.106656e+02
3685	1.110950e+02
3686	1.114848e+02
3687	1.119615e+02
3688	1.124770e+02
3689	1.129565e+02
3690	1.134727e+02
3691	1.140473e+02
3692	1.146471e+02
3693	1.152168e+02
3694	1.157980e+02
3695	1.164343e+02
3696	1.171457e+02
3697	1.178179e+02
3698	1.183732e+02
3699	1.189216e+02
3700	1.195182e+02
3701	1.201592e+02
3702	1.208818e+02
3703	1.216033e+02
3704	1.223086e+02
3705	1.229795e+02
3706	1.236387e+02
3707	1.242839e+02
3708	1.249167e+02
3709	1.255245e+02
3710	1.261378e+02
3711	1.267075e+02
3712	1.272719e+02
3713	1.277510e+02
3714	1.280414e+02
3715	1.282186e+02
3716	1.283341e+02
3717	1.284123e+02
3718	1.285065e+02
3719	1.285593e+02
3720	1.284923e+02
3721	1.283977e+02
3722	1.283254e+02
3723	1.281532e+02
3724	1.278633e+02
3725	1.275330e+02
3726	1.272469e+02
3727	1.269217e+02
3728	1.266070e+02
3729	1.262796e+02
3730	1.259736e+02
3731	1.256717e+02
3732	1.253669e+02
3733	1.251521e+02
3734	1.248082e+02
3735	1.244603e+02
3736	1.241028e+02
3737	1.236989e+02
3738	1.232328e+02
3739	1.226636e+02
3740	1.219912e+02
3741	1.212619e+02
3742	1.205304e+02
3743	1.198057e+02
3744	1.191312e+02
3745	1.183916e+02
3746	1.176771e+02
3747	1.170057e+02
3748	1.163603e+02
3749	1.158434e+02
3750	1.152978e+02
3751	1.148589e+02
3752	1.145492e+02
3753	1.142535e+02
3754	1.140269e+02
3755	1.138498e+02
3756	1.136751e+02
3757	1.135361e+02
3758	1.133952e+02
3759	1.132809e+02
3760	1.131698e+02
3761	1.130391e+02
3762	1.130323e+02
3763	1.129844e+02
3764	1.130152e+02
3765	1.130696e+02
3766	1.131749e+02
3767	1.133977e+02
3768	1.137067e+02
3769	1.140261e+02
3770	1.143922e+02
3771	1.147628e+02
3772	1.151807e+02
3773	1.156322e+02
3774	1.161217e+02
3775	1.166354e+02
3776	1.170761e+02
3777	1.174811e+02
3778	1.179071e+02
3779	1.183300e+02
3780	1.187514e+02
3781	1.190006e+02
3782	1.192018e+02
3783	1.193542e+02
3784	1.194405e+02
3785	1.194824e+02
3786	1.194195e+02
3787	1.192930e+02
3788	1.190663e+02
3789	1.188214e+02
3790	1.184897e+02
3791	1.181402e+02
3792	1.177704e+02
3793	1.173856e+02
3794	1.170329e+02
3795	1.166879e+02
3796	1.163274e+02
3797	1.159905e+02
3798	1.156837e+02
3799	1.154138e+02
3800	1.151814e+02
3801	1.149691e+02
3802	1.147869e+02
3803	1.146271e+02
3804	1.144956e+02
3805	1.144471e+02
3806	1.144131e+02
3807	1.143782e+02
3808	1.143869e+02
3809	1.143592e+02
3810	1.143286e+02
3811	1.143233e+02
3812	1.143525e+02
3813	1.143312e+02
3814	1.142984e+02
3815	1.143015e+02
3816	1.142974e+02
3817	1.142923e+02
3818	1.143391e+02
3819	1.143882e+02
3820	1.144131e+02
3821	1.143743e+02
3822	1.143218e+02
3823	1.143553e+02
3824	1.144542e+02
3825	1.144603e+02
3826	1.145007e+02
3827	1.145912e+02
3828	1.147528e+02
3829	1.149162e+02
3830	1.150050e+02
3831	1.150645e+02
3832	1.151681e+02
3833	1.152715e+02
3834	1.154213e+02
3835	1.155252e+02
3836	1.156291e+02
3837	1.158226e+02
3838	1.159099e+02
3839	1.158937e+02
3840	1.158814e+02
3841	1.159141e+02
3842	1.159239e+02
3843	1.159473e+02
3844	1.158960e+02
3845	1.157919e+02
3846	1.157173e+02
3847	1.155680e+02
3848	1.153485e+02
3849	1.150210e+02
3850	1.147162e+02
3851	1.143592e+02
3852	1.139505e+02
3853	1.135180e+02
3854	1.131384e+02
3855	1.128125e+02
3856	1.125925e+02
3857	1.122972e+02
3858	1.120324e+02
3859	1.117905e+02
3860	1.115333e+02
3861	1.112450e+02
3862	1.110046e+02
3863	1.108807e+02
3864	1.108724e+02
3865	1.109665e+02
3866	1.111218e+02
3867	1.112593e+02
3868	1.114930e+02
3869	1.116287e+02
3870	1.117548e+02
3871	1.119477e+02
3872	1.122224e+02
3873	1.125576e+02
3874	1.129346e+02
3875	1.133861e+02
3876	1.138284e+02
3877	1.142887e+02
3878	1.147924e+02
3879	1.152100e+02
3880	1.156109e+02
3881	1.159792e+02
3882	1.163070e+02
3883	1.166265e+02
3884	1.169062e+02
3885	1.171852e+02
3886	1.174900e+02
3887	1.177228e+02
3888	1.178986e+02
3889	1.180050e+02
3890	1.181856e+02
3891	1.183824e+02
3892	1.184942e+02
3893	1.186920e+02
3894	1.188497e+02
3895	1.188824e+02
3896	1.188757e+02
3897	1.188019e+02
3898	1.187707e+02
3899	1.189124e+02
3900	1.190318e+02
3901	1.191102e+02
3902	1.191994e+02
3903	1.192885e+02
3904	1.194273e+02
3905	1.196511e+02
3906	1.198420e+02
3907	1.200292e+02
3908	1.202140e+02
3909	1.203766e+02
3910	1.205829e+02
3911	1.206971e+02
3912	1.207812e+02
3913	1.209114e+02
3914	1.210744e+02
3915	1.212659e+02
3916	1.214941e+02
3917	1.217073e+02
3918	1.218558e+02
3919	1.219681e+02
3920	1.219574e+02
3921	1.219421e+02
3922	1.219176e+02
3923	1.218215e+02
3924	1.217797e+02
3925	1.217088e+02
3926	1.216545e+02
3927	1.215584e+02
3928	1.213961e+02
3929	1.212601e+02
3930	1.210245e+02
3931	1.207917e+02
3932	1.205664e+02
3933	1.203987e+02
3934	1.202292e+02
3935	1.199950e+02
3936	1.198113e+02
3937	1.196320e+02
3938	1.193951e+02
3939	1.191430e+02
3940	1.187926e+02
3941	1.184426e+02
3942	1.181672e+02
3943	1.179479e+02
3944	1.176828e+02
3945	1.173625e+02
3946	1.170205e+02
3947	1.166786e+02
3948	1.162548e+02
3949	1.158391e+02
3950	1.154931e+02
3951	1.151586e+02
3952	1.148879e+02
3953	1.146856e+02
3954	1.143838e+02
3955	1.140058e+02
3956	1.137486e+02
3957	1.134838e+02
3958	1.132158e+02
3959	1.130222e+02
3960	1.128487e+02
3961	1.127379e+02
3962	1.127619e+02
3963	1.127740e+02
3964	1.128790e+02
3965	1.130679e+02
3966	1.132360e+02
3967	1.134472e+02
3968	1.137156e+02
3969	1.139480e+02
3970	1.141423e+02
3971	1.144077e+02
3972	1.147170e+02
3973	1.149742e+02
3974	1.152564e+02
3975	1.156371e+02
3976	1.160417e+02
3977	1.163903e+02
3978	1.166339e+02
3979	1.167885e+02
3980	1.169617e+02
3981	1.171438e+02
3982	1.172465e+02
3983	1.172923e+02
3984	1.173690e+02
3985	1.173275e+02
3986	1.172857e+02
3987	1.172526e+02
3988	1.172227e+02
3989	1.171508e+02
3990	1.170543e+02
3991	1.170287e+02
3992	1.170242e+02
3993	1.170113e+02
3994	1.170234e+02
3995	1.169998e+02
3996	1.169213e+02
3997	1.168027e+02
3998	1.167422e+02
3999	1.167095e+02
4000	1.166066e+02
4001	1.164700e+02
4002	1.163844e+02
4003	1.163234e+02
4004	1.163121e+02
4005	1.163231e+02
4006	1.163598e+02
4007	1.164514e+02
4008	1.165071e+02
4009	1.165878e+02
4010	1.166364e+02
4011	1.165878e+02
4012	1.164411e+02
4013	1.163470e+02
4014	1.162504e+02
4015	1.162988e+02
4016	1.163109e+02
4017	1.162746e+02
4018	1.162927e+02
4019	1.162966e+02
4020	1.162717e+02
4021	1.161501e+02
4022	1.160413e+02
4023	1.159369e+02
4024	1.157954e+02
4025	1.156902e+02
4026	1.155557e+02
4027	1.154454e+02
4028	1.153622e+02
4029	1.152837e+02
4030	1.152180e+02
4031	1.151283e+02
4032	1.150423e+02
4033	1.150107e+02
4034	1.150371e+02
4035	1.151314e+02
4036	1.151450e+02
4037	1.150899e+02
4038	1.150657e+02
4039	1.151065e+02
4040	1.150972e+02
4041	1.150519e+02
4042	1.150761e+02
4043	1.150920e+02
4044	1.151621e+02
4045	1.153428e+02
4046	1.155731e+02
4047	1.158676e+02
4048	1.161427e+02
4049	1.164327e+02
4050	1.166674e+02
4051	1.168941e+02
4052	1.170314e+02
4053	1.172987e+02
4054	1.176171e+02
4055	1.179656e+02
4056	1.183540e+02
4057	1.186908e+02
4058	1.190331e+02
4059	1.192543e+02
4060	1.194274e+02
4061	1.194573e+02
4062	1.193835e+02
4063	1.192046e+02
4064	1.190498e+02
4065	1.188475e+02
4066	1.186285e+02
4067	1.182968e+02
4068	1.179073e+02
4069	1.175424e+02
4070	1.171795e+02
4071	1.168038e+02
4072	1.164031e+02
4073	1.159522e+02
4074	1.153797e+02
4075	1.147827e+02
4076	1.142079e+02
4077	1.135845e+02
4078	1.129062e+02
4079	1.122122e+02
4080	1.115314e+02
4081	1.108333e+02
4082	1.102620e+02
4083	1.097267e+02
4084	1.092272e+02
4085	1.087701e+02
4086	1.083776e+02
4087	1.080269e+02
4088	1.077929e+02
4089	1.076763e+02
4090	1.076395e+02
4091	1.076583e+02
4092	1.078122e+02
4093	1.080629e+02
4094	1.082994e+02
4095	1.086221e+02
4096	1.089106e+02
4097	1.092633e+02
4098	1.097356e+02
4099	1.102820e+02
4100	1.108350e+02
4101	1.115184e+02
4102	1.122772e+02
4103	1.131105e+02
4104	1.139922e+02
4105	1.148622e+02
4106	1.157302e+02
4107	1.166376e+02
4108	1.175999e+02
4109	1.185218e+02
4110	1.194154e+02
4111	1.203162e+02
4112	1.210988e+02
4113	1.218156e+02
4114	1.224245e+02
4115	1.229742e+02
4116	1.234407e+02
4117	1.238852e+02
4118	1.241845e+02
4119	1.244974e+02
4120	1.247980e+02
4121	1.249601e+02
4122	1.250431e+02
4123	1.249761e+02
4124	1.247917e+02
4125	1.245923e+02
4126	1.242693e+02
4127	1.238043e+02
4128	1.232647e+02
4129	1.226243e+02
4130	1.219070e+02
4131	1.211141e+02
4132	1.202242e+02
4133	1.193405e+02
4134	1.183234e+02
4135	1.171392e+02
4136	1.158979e+02
4137	1.146902e+02
4138	1.134242e+02
4139	1.121502e+02
4140	1.108543e+02
4141	1.095692e+02
4142	1.084380e+02
4143	1.074402e+02
4144	1.064818e+02
4145	1.056556e+02
4146	1.049843e+02
4147	1.045140e+02
4148	1.041283e+02
4149	1.038094e+02
4150	1.035708e+02
4151	1.034076e+02
4152	1.033076e+02
4153	1.032458e+02
4154	1.033214e+02
4155	1.035100e+02
4156	1.038621e+02
4157	1.044166e+02
4158	1.051574e+02
4159	1.058807e+02
4160	1.066849e+02
4161	1.074562e+02
4162	1.082126e+02
4163	1.090486e+02
4164	1.099092e+02
4165	1.107798e+02
4166	1.117410e+02
4167	1.127291e+02
4168	1.136443e+02
4169	1.145018e+02
4170	1.153615e+02
4171	1.161631e+02
4172	1.169007e+02
4173	1.176299e+02
4174	1.182938e+02
4175	1.187362e+02
4176	1.191133e+02
4177	1.193388e+02
4178	1.194794e+02
4179	1.195464e+02
4180	1.195534e+02
4181	1.194256e+02
4182	1.191069e+02
4183	1.187045e+02
4184	1.183249e+02
4185	1.178852e+02
4186	1.173347e+02
4187	1.166758e+02
4188	1.160304e+02
4189	1.154071e+02
4190	1.147107e+02
4191	1.140047e+02
4192	1.133123e+02
4193	1.126402e+02
4194	1.119070e+02
4195	1.112559e+02
4196	1.107017e+02
4197	1.101092e+02
4198	1.095093e+02
4199	1.089523e+02
4200	1.083039e+02
4201	1.076483e+02
4202	1.070940e+02
4203	1.065637e+02
4204	1.060710e+02
4205	1.056242e+02
4206	1.051952e+02
4207	1.048744e+02
4208	1.046538e+02
4209	1.044562e+02
4210	1.044353e+02
4211	1.044755e+02
4212	1.045834e+02
4213	1.048510e+02
4214	1.051608e+02
4215	1.055278e+02
4216	1.058868e+02
4217	1.062250e+02
4218	1.065884e+02
4219	1.070166e+02
4220	1.074518e+02
4221	1.079065e+02
4222	1.084929e+02
4223	1.090955e+02
4224	1.096687e+02
4225	1.101403e+02
4226	1.106746e+02
4227	1.110988e+02
4228	1.115710e+02
4229	1.120516e+02
4230	1.125600e+02
4231	1.130393e+02
4232	1.135667e+02
4233	1.140558e+02
4234	1.144535e+02
4235	1.148675e+02
4236	1.152572e+02
4237	1.157352e+02
4238	1.162135e+02
4239	1.166617e+02
4240	1.171054e+02
4241	1.174810e+02
4242	1.178696e+02
4243	1.181988e+02
4244	1.184728e+02
4245	1.187141e+02
4246	1.189764e+02
4247	1.191312e+02
4248	1.192072e+02
4249	1.193203e+02
4250	1.194073e+02
4251	1.195210e+02
4252	1.196114e+02
4253	1.196540e+02
4254	1.197477e+02
4255	1.197885e+02
4256	1.198169e+02
4257	1.198312e+02
4258	1.198107e+02
4259	1.197208e+02
4260	1.195635e+02
4261	1.194118e+02
4262	1.192938e+02
4263	1.192010e+02
4264	1.191161e+02
4265	1.189801e+02
4266	1.189295e+02
4267	1.188402e+02
4268	1.186573e+02
4269	1.184802e+02
4270	1.181871e+02
4271	1.177991e+02
4272	1.173791e+02
4273	1.170134e+02
4274	1.166930e+02
4275	1.163693e+02
4276	1.159906e+02
4277	1.155757e+02
4278	1.152743e+02
4279	1.149207e+02
4280	1.144961e+02
4281	1.141758e+02
4282	1.138571e+02
4283	1.134635e+02
4284	1.131271e+02
4285	1.126865e+02
4286	1.122402e+02
4287	1.117520e+02
4288	1.112190e+02
4289	1.107418e+02
4290	1.102956e+02
4291	1.099200e+02
4292	1.095374e+02
4293	1.090414e+02
4294	1.085911e+02
4295	1.080992e+02
4296	1.076001e+02
4297	1.070651e+02
4298	1.066354e+02
4299	1.063455e+02
4300	1.061343e+02
4301	1.061146e+02
4302	1.061831e+02
4303	1.062752e+02
4304	1.063276e+02
4305	1.064570e+02
4306	1.066366e+02
4307	1.068448e+02
4308	1.070598e+02
4309	1.073516e+02
4310	1.076192e+02
4311	1.079148e+02
4312	1.082642e+02
4313	1.086522e+02
4314	1.090646e+02
4315	1.095464e+02
4316	1.101157e+02
4317	1.107063e+02
4318	1.113091e+02
4319	1.119306e+02
4320	1.125217e+02
4321	1.131412e+02
4322	1.137812e+02
4323	1.144212e+02
4324	1.149682e+02
4325	1.154617e+02
4326	1.159201e+02
4327	1.163696e+02
4328	1.168291e+02
4329	1.173381e+02
4330	1.178341e+02
4331	1.183892e+02
4332	1.188797e+02
4333	1.193361e+02
4334	1.197500e+02
4335	1.201594e+02
4336	1.205444e+02
4337	1.209210e+02
4338	1.211926e+02
4339	1.213556e+02
4340	1.215276e+02
4341	1.217147e+02
4342	1.218582e+02
4343	1.219555e+02
4344	1.219655e+02
4345	1.219256e+02
4346	1.217493e+02
4347	1.214673e+02
4348	1.210843e+02
4349	1.206530e+02
4350	1.201738e+02
4351	1.196441e+02
4352	1.190059e+02
4353	1.183650e+02
4354	1.177629e+02
4355	1.171875e+02
4356	1.166799e+02
4357	1.161058e+02
4358	1.156103e+02
4359	1.150535e+02
4360	1.145584e+02
4361	1.140827e+02
4362	1.136067e+02
4363	1.131352e+02
4364	1.126871e+02
4365	1.123038e+02
4366	1.119398e+02
4367	1.115724e+02
4368	1.112805e+02
4369	1.110087e+02
4370	1.107811e+02
4371	1.105913e+02
4372	1.105046e+02
4373	1.105303e+02
4374	1.105468e+02
4375	1.106469e+02
4376	1.107054e+02
4377	1.109358e+02
4378	1.112203e+02
4379	1.115753e+02
4380	1.118896e+02
4381	1.122412e+02
4382	1.125373e+02
4383	1.128234e+02
4384	1.130764e+02
4385	1.132661e+02
4386	1.134752e+02
4387	1.136804e+02
4388	1.138433e+02
4389	1.140579e+02
4390	1.142549e+02
4391	1.144922e+02
4392	1.146428e+02
4393	1.147660e+02
4394	1.148899e+02
4395	1.150704e+02
4396	1.153038e+02
4397	1.155765e+02
4398	1.156834e+02
4399	1.157772e+02
4400	1.158796e+02
4401	1.159732e+02
4402	1.160474e+02
4403	1.161011e+02
4404	1.162234e+02
4405	1.163418e+02
4406	1.164962e+02
4407	1.166173e+02
4408	1.167052e+02
4409	1.168243e+02
4410	1.168461e+02
4411	1.168309e+02
4412	1.168011e+02
4413	1.167867e+02
4414	1.167761e+02
4415	1.166776e+02
4416	1.164732e+02
4417	1.162670e+02
4418	1.160780e+02
4419	1.159440e+02
4420	1.157508e+02
4421	1.156278e+02
4422	1.155400e+02
4423	1.154715e+02
4424	1.154847e+02
4425	1.155101e+02
4426	1.155937e+02
4427	1.156649e+02
4428	1.157086e+02
4429	1.156833e+02
4430	1.157137e+02
4431	1.157956e+02
4432	1.158084e+02
4433	1.158267e+02
4434	1.159163e+02
4435	1.159843e+02
4436	1.161320e+02
4437	1.162964e+02
4438	1.164518e+02
4439	1.165414e+02
4440	1.166212e+02
4441	1.167191e+02
4442	1.167761e+02
4443	1.168272e+02
4444	1.169106e+02
4445	1.169538e+02
4446	1.170286e+02
4447	1.171180e+02
4448	1.171807e+02
4449	1.172751e+02
4450	1.173382e+02
4451	1.173515e+02
4452	1.173133e+02
4453	1.172378e+02
4454	1.171754e+02
4455	1.170432e+02
4456	1.169377e+02
4457	1.167259e+02
4458	1.164962e+02
4459	1.162356e+02
4460	1.159971e+02
4461	1.158002e+02
4462	1.156238e+02
4463	1.154157e+02
4464	1.152190e+02
4465	1.149712e+02
4466	1.147473e+02
4467	1.144868e+02
4468	1.142322e+02
4469	1.139226e+02
4470	1.136257e+02
4471	1.132678e+02
4472	1.128425e+02
4473	1.124410e+02
4474	1.120795e+02
4475	1.117375e+02
4476	1.113056e+02
4477	1.109203e+02
4478	1.106445e+02
4479	1.104372e+02
4480	1.103335e+02
4481	1.102385e+02
4482	1.101433e+02
4483	1.099863e+02
4484	1.098631e+02
4485	1.097222e+02
4486	1.095745e+02
4487	1.094388e+02
4488	1.094360e+02
4489	1.093949e+02
4490	1.093402e+02
4491	1.093746e+02
4492	1.094930e+02
4493	1.096800e+02
4494	1.097836e+02
4495	1.099493e+02
4496	1.100761e+02
4497	1.102432e+02
4498	1.104374e+02
4499	1.106536e+02
4500	1.108502e+02
4501	1.111407e+02
4502	1.114729e+02
4503	1.117042e+02
4504	1.118737e+02
4505	1.121001e+02
4506	1.123013e+02
4507	1.125193e+02
4508	1.126833e+02
4509	1.128191e+02
4510	1.130264e+02
4511	1.132211e+02
4512	1.133828e+02
4513	1.134750e+02
4514	1.136296e+02
4515	1.137310e+02
4516	1.138625e+02
4517	1.139941e+02
4518	1.141708e+02
4519	1.143368e+02
4520	1.145450e+02
4521	1.147077e+02
4522	1.148826e+02
4523	1.150037e+02
4524	1.150312e+02
4525	1.150246e+02
4526	1.150728e+02
4527	1.151050e+02
4528	1.150972e+02
4529	1.150376e+02
4530	1.149984e+02
4531	1.149409e+02
4532	1.148567e+02
4533	1.148182e+02
4534	1.148147e+02
4535	1.147950e+02
4536	1.148093e+02
4537	1.146835e+02
4538	1.146200e+02
4539	1.145637e+02
4540	1.143693e+02
4541	1.141565e+02
4542	1.139168e+02
4543	1.136430e+02
4544	1.132972e+02
4545	1.129385e+02
4546	1.125212e+02
4547	1.121292e+02
4548	1.117042e+02
4549	1.112930e+02
4550	1.109838e+02
4551	1.106757e+02
4552	1.103355e+02
4553	1.100284e+02
4554	1.097337e+02
4555	1.094671e+02
4556	1.091916e+02
4557	1.089787e+02
4558	1.088829e+02
4559	1.089235e+02
4560	1.090128e+02
4561	1.091990e+02
4562	1.094188e+02
4563	1.096680e+02
4564	1.100272e+02
4565	1.104900e+02
4566	1.110188e+02
4567	1.115258e+02
4568	1.120698e+02
4569	1.126214e+02
4570	1.130976e+02
4571	1.134823e+02
4572	1.138568e+02
4573	1.141639e+02
4574	1.144384e+02
4575	1.146781e+02
4576	1.148407e+02
4577	1.149049e+02
4578	1.149513e+02
4579	1.149807e+02
4580	1.150224e+02
4581	1.150525e+02
4582	1.150763e+02
4583	1.150479e+02
4584	1.150166e+02
4585	1.151080e+02
4586	1.151709e+02
4587	1.152595e+02
4588	1.153176e+02
4589	1.153374e+02
4590	1.152712e+02
4591	1.152162e+02
4592	1.151310e+02
4593	1.149743e+02
4594	1.148240e+02
4595	1.145904e+02
4596	1.144189e+02
4597	1.142560e+02
4598	1.140949e+02
4599	1.139645e+02
4600	1.137988e+02
4601	1.135917e+02
4602	1.133060e+02
4603	1.130126e+02
4604	1.126991e+02
4605	1.124232e+02
4606	1.121185e+02
4607	1.118384e+02
4608	1.115973e+02
4609	1.113038e+02
4610	1.110054e+02
4611	1.107327e+02
4612	1.104900e+02
4613	1.102777e+02
4614	1.100774e+02
4615	1.098665e+02
4616	1.096768e+02
4617	1.095452e+02
4618	1.094080e+02
4619	1.092759e+02
4620	1.091393e+02
4621	1.090744e+02
4622	1.091213e+02
4623	1.091375e+02
4624	1.091904e+02
4625	1.092971e+02
4626	1.094201e+02
4627	1.095888e+02
4628	1.097884e+02
4629	1.099546e+02
4630	1.101521e+02
4631	1.104607e+02
4632	1.108229e+02
4633	1.112994e+02
4634	1.117592e+02
4635	1.122239e+02
4636	1.127245e+02
4637	1.132311e+02
4638	1.137074e+02
4639	1.141462e+02
4640	1.146583e+02
4641	1.152445e+02
4642	1.158170e+02
4643	1.163934e+02
4644	1.169806e+02
4645	1.175475e+02
4646	1.180137e+02
4647	1.184709e+02
4648	1.188964e+02
4649	1.193240e+02
4650	1.197256e+02
4651	1.200260e+02
4652	1.203107e+02
4653	1.205310e+02
4654	1.206855e+02
4655	1.208215e+02
4656	1.209387e+02
4657	1.210262e+02
4658	1.211650e+02
4659	1.212939e+02
4660	1.214143e+02
4661	1.214455e+02
4662	1.215029e+02
4663	1.215263e+02
4664	1.215109e+02
4665	1.215419e+02
4666	1.216373e+02
4667	1.217374e+02
4668	1.218542e+02
4669	1.219587e+02
4670	1.220236e+02
4671	1.221205e+02
4672	1.222361e+02
4673	1.223292e+02
4674	1.223335e+02
4675	1.222875e+02
4676	1.221607e+02
4677	1.220139e+02
4678	1.219415e+02
4679	1.218626e+02
4680	1.217320e+02
4681	1.215398e+02
4682	1.212639e+02
4683	1.209929e+02
4684	1.206511e+02
4685	1.202932e+02
4686	1.199613e+02
4687	1.196400e+02
4688	1.192761e+02
4689	1.189233e+02
4690	1.186531e+02
4691	1.183930e+02
4692	1.180954e+02
4693	1.177889e+02
4694	1.174166e+02
4695	1.170116e+02
4696	1.166649e+02
4697	1.163626e+02
4698	1.161031e+02
4699	1.158118e+02
4700	1.154776e+02
4701	1.151041e+02
4702	1.147811e+02
4703	1.143535e+02
4704	1.139426e+02
4705	1.134904e+02
4706	1.130296e+02
4707	1.125502e+02
4708	1.120498e+02
4709	1.115703e+02
4710	1.111408e+02
4711	1.108149e+02
4712	1.105764e+02
4713	1.103304e+02
4714	1.100905e+02
4715	1.098808e+02
4716	1.097147e+02
4717	1.096093e+02
4718	1.094720e+02
4719	1.093226e+02
4720	1.091894e+02
4721	1.090495e+02
4722	1.090640e+02
4723	1.090730e+02
4724	1.090950e+02
4725	1.092029e+02
4726	1.093858e+02
4727	1.096257e+02
4728	1.099516e+02
4729	1.103092e+02
4730	1.106909e+02
4731	1.110687e+02
4732	1.115864e+02
4733	1.120864e+02
4734	1.126954e+02
4735	1.132440e+02
4736	1.138602e+02
4737	1.145732e+02
4738	1.152589e+02
4739	1.159823e+02
4740	1.166784e+02
4741	1.174035e+02
4742	1.180796e+02
4743	1.186575e+02
4744	1.191896e+02
4745	1.196844e+02
4746	1.201331e+02
4747	1.205407e+02
4748	1.208823e+02
4749	1.211655e+02
4750	1.215319e+02
4751	1.218012e+02
4752	1.220522e+02
4753	1.222614e+02
4754	1.224070e+02
4755	1.224971e+02
4756	1.225149e+02
4757	1.224968e+02
4758	1.224204e+02
4759	1.222679e+02
4760	1.221089e+02
4761	1.218748e+02
4762	1.216000e+02
4763	1.212948e+02
4764	1.208681e+02
4765	1.202998e+02
4766	1.197115e+02
4767	1.190074e+02
4768	1.182570e+02
4769	1.175241e+02
4770	1.168269e+02
4771	1.161518e+02
4772	1.154920e+02
4773	1.148860e+02
4774	1.143866e+02
4775	1.138894e+02
4776	1.133837e+02
4777	1.129810e+02
4778	1.126679e+02
4779	1.123419e+02
4780	1.120753e+02
4781	1.117780e+02
4782	1.115412e+02
4783	1.112310e+02
4784	1.110211e+02
4785	1.108414e+02
4786	1.106956e+02
4787	1.105688e+02
4788	1.104409e+02
4789	1.104472e+02
4790	1.104551e+02
4791	1.104710e+02
4792	1.105400e+02
4793	1.106534e+02
4794	1.108241e+02
4795	1.109757e+02
4796	1.111058e+02
4797	1.113414e+02
4798	1.116080e+02
4799	1.119054e+02
4800	1.122065e+02
4801	1.125383e+02
4802	1.128110e+02
4803	1.130671e+02
4804	1.133335e+02
4805	1.135754e+02
4806	1.138779e+02
4807	1.141667e+02
4808	1.144605e+02
4809	1.147892e+02
4810	1.150700e+02
4811	1.153683e+02
4812	1.156363e+02
4813	1.158863e+02
4814	1.161372e+02
4815	1.163917e+02
4816	1.166862e+02
4817	1.169952e+02
4818	1.172888e+02
4819	1.176924e+02
4820	1.180790e+02
4821	1.185014e+02
4822	1.188624e+02
4823	1.191668e+02
4824	1.193874e+02
4825	1.196129e+02
4826	1.197931e+02
4827	1.199541e+02
4828	1.200557e+02
4829	1.200739e+02
4830	1.200633e+02
4831	1.199560e+02
4832	1.197854e+02
4833	1.195805e+02
4834	1.192938e+02
4835	1.189780e+02
4836	1.186183e+02
4837	1.182469e+02
4838	1.179031e+02
4839	1.175896e+02
4840	1.173506e+02
4841	1.171438e+02
4842	1.170255e+02
4843	1.169723e+02
4844	1.169413e+02
4845	1.169769e+02
4846	1.169757e+02
4847	1.169898e+02
4848	1.169817e+02
4849	1.169433e+02
4850	1.170031e+02
4851	1.170867e+02
4852	1.171591e+02
4853	1.172394e+02
4854	1.172889e+02
4855	1.173068e+02
4856	1.172444e+02
4857	1.171856e+02
4858	1.171105e+02
4859	1.169902e+02
4860	1.169245e+02
4861	1.169836e+02
4862	1.170696e+02
4863	1.171155e+02
4864	1.171480e+02
4865	1.171806e+02
4866	1.171301e+02
4867	1.170624e+02
4868	1.169422e+02
4869	1.168824e+02
4870	1.168414e+02
4871	1.166949e+02
4872	1.165411e+02
4873	1.163552e+02
4874	1.161560e+02
4875	1.159699e+02
4876	1.157965e+02
4877	1.157098e+02
4878	1.156641e+02
4879	1.155729e+02
4880	1.153812e+02
4881	1.151242e+02
4882	1.148993e+02
4883	1.146442e+02
4884	1.144500e+02
4885	1.142725e+02
4886	1.140336e+02
4887	1.137822e+02
4888	1.135497e+02
4889	1.134612e+02
4890	1.133676e+02
4891	1.133335e+02
4892	1.132596e+02
4893	1.131385e+02
4894	1.131040e+02
4895	1.131147e+02
4896	1.131631e+02
4897	1.132691e+02
4898	1.133711e+02
4899	1.135458e+02
4900	1.137629e+02
4901	1.140159e+02
4902	1.142671e+02
4903	1.145219e+02
4904	1.148103e+02
4905	1.151173e+02
4906	1.154096e+02
4907	1.157409e+02
4908	1.160224e+02
4909	1.163494e+02
4910	1.166428e+02
4911	1.168911e+02
4912	1.172041e+02
4913	1.175120e+02
4914	1.178839e+02
4915	1.182822e+02
4916	1.187945e+02
4917	1.192887e+02
4918	1.197858e+02
4919	1.202835e+02
4920	1.207767e+02
4921	1.212658e+02
4922	1.216851e+02
4923	1.220126e+02
4924	1.223044e+02
4925	1.225532e+02
4926	1.227408e+02
4927	1.228735e+02
4928	1.230017e+02
4929	1.230288e+02
4930	1.230475e+02
4931	1.229914e+02
4932	1.228795e+02
4933	1.227114e+02
4934	1.225157e+02
4935	1.222742e+02
4936	1.220481e+02
4937	1.217740e+02
4938	1.215346e+02
4939	1.212311e+02
4940	1.208306e+02
4941	1.204413e+02
4942	1.200411e+02
4943	1.196139e+02
4944	1.192491e+02
4945	1.189441e+02
4946	1.186697e+02
4947	1.183798e+02
4948	1.180514e+02
4949	1.176913e+02
4950	1.173427e+02
4951	1.170523e+02
4952	1.167124e+02
4953	1.164733e+02
4954	1.162000e+02
4955	1.160566e+02
4956	1.159823e+02
4957	1.159305e+02
4958	1.159294e+02
4959	1.159810e+02
4960	1.159818e+02
4961	1.160385e+02
4962	1.160933e+02
4963	1.161309e+02
4964	1.162153e+02
4965	1.162190e+02
4966	1.162380e+02
4967	1.163215e+02
4968	1.164578e+02
4969	1.167518e+02
4970	1.170601e+02
4971	1.173879e+02
4972	1.177316e+02
4973	1.180448e+02
4974	1.184042e+02
4975	1.187848e+02
4976	1.190864e+02
4977	1.194420e+02
4978	1.197608e+02
4979	1.200968e+02
4980	1.203843e+02
4981	1.206665e+02
4982	1.209267e+02
4983	1.212067e+02
4984	1.214648e+02
4985	1.217754e+02
4986	1.219926e+02
4987	1.221017e+02
4988	1.222235e+02
4989	1.223639e+02
4990	1.223920e+02
4991	1.224053e+02
4992	1.223796e+02
4993	1.223536e+02
4994	1.222523e+02
4995	1.221394e+02
4996	1.219183e+02
4997	1.216916e+02
4998	1.214404e+02
4999	1.211420e+02
