# Step	Measurement
1	1.103276e+00
2	1.109163e+00
3	1.112043e+00
4	1.114271e+00
5	1.114143e+00
6	1.113011e+00
7	1.111031e+00
8	1.109197e+00
9	1.106335e+00
10	1.102337e+00
11	1.097380e+00
12	1.094272e+00
13	1.090408e+00
14	1.088435e+00
15	1.087844e+00
16	1.089348e+00
17	1.092026e+00
18	1.094069e+00
19	1.095308e+00
20	1.098237e+00
21	1.101977e+00
22	1.104418e+00
23	1.107750e+00
24	1.111020e+00
25	1.112362e+00
26	1.112630e+00
27	1.112793e+00
28	1.112500e+00
29	1.112124e+00
30	1.110829e+00
31	1.109589e+00
32	1.107909e+00
33	1.106181e+00
34	1.103682e+00
35	1.100760e+00
36	1.097961e+00
37	1.093481e+00
38	1.088623e+00
39	1.085128e+00
40	1.081367e+00
41	1.079186e+00
42	1.076877e+00
43	1.077638e+00
44	1.079292e+00
45	1.082522e+00
46	1.086524e+00
47	1.090886e+00
48	1.097828e+00
49	1.104507e+00
50	1.109740e+00
51	1.114662e+00
52	1.118028e+00
53	1.119740e+00
54	1.119772e+00
55	1.118017e+00
56	1.114926e+00
57	1.111053e+00
58	1.106491e+00
59	1.102108e+00
60	1.096759e+00
61	1.090934e+00
62	1.085085e+00
63	1.081334e+00
64	1.080461e+00
65	1.081650e+00
66	1.083882e+00
67	1.086987e+00
68	1.090738e+00
69	1.095295e+00
70	1.100655e+00
71	1.106713e+00
72	1.114246e+00
73	1.120655e+00
74	1.125623e+00
75	1.128426e+00
76	1.128473e+00
77	1.127006e+00
78	1.123425e+00
79	1.118288e+00
80	1.110371e+00
81	1.101529e+00
82	1.092443e+00
83	1.083679e+00
84	1.075676e+00
85	1.071297e+00
86	1.069945e+00
87	1.072787e+00
88	1.078106e+00
89	1.085418e+00
90	1.093776e+00
91	1.103035e+00
92	1.110398e+00
93	1.116074e+00
94	1.120365e+00
95	1.120964e+00
96	1.119301e+00
97	1.115289e+00
98	1.110813e+00
99	1.105576e+00
100	1.100262e+00
101	1.095033e+00
102	1.089025e+00
103	1.083741e+00
104	1.080233e+00
105	1.078044e+00
106	1.076229e+00
107	1.075457e+00
108	1.076883e+00
109	1.080226e+00
110	1.084841e+00
111	1.090200e+00
112	1.097634e+00
113	1.104541e+00
114	1.111421e+00
115	1.117676e+00
116	1.122517e+00
117	1.125101e+00
118	1.125217e+00
119	1.123472e+00
120	1.119706e+00
121	1.113540e+00
122	1.105556e+00
123	1.096817e+00
124	1.088301e+00
125	1.080994e+00
126	1.073776e+00
127	1.071257e+00
128	1.070032e+00
129	1.071210e+00
130	1.075000e+00
131	1.081297e+00
132	1.088585e+00
133	1.096750e+00
134	1.105555e+00
135	1.114007e+00
136	1.122145e+00
137	1.126574e+00
138	1.129717e+00
139	1.130291e+00
140	1.127283e+00
141	1.121764e+00
142	1.113427e+00
143	1.102857e+00
144	1.091714e+00
145	1.081131e+00
146	1.071798e+00
147	1.064468e+00
148	1.058738e+00
149	1.056649e+00
150	1.058224e+00
151	1.063840e+00
152	1.071523e+00
153	1.082564e+00
154	1.093785e+00
155	1.103988e+00
156	1.114106e+00
157	1.123941e+00
158	1.132958e+00
159	1.138638e+00
160	1.139984e+00
161	1.138286e+00
162	1.134813e+00
163	1.128550e+00
164	1.120612e+00
165	1.111052e+00
166	1.098721e+00
167	1.086706e+00
168	1.075455e+00
169	1.065751e+00
170	1.058539e+00
171	1.054988e+00
172	1.055335e+00
173	1.059546e+00
174	1.069265e+00
175	1.081281e+00
176	1.096065e+00
177	1.110106e+00
178	1.124479e+00
179	1.137953e+00
180	1.147693e+00
181	1.153675e+00
182	1.155031e+00
183	1.152423e+00
184	1.146475e+00
185	1.134976e+00
186	1.119578e+00
187	1.104858e+00
188	1.087864e+00
189	1.072301e+00
190	1.058340e+00
191	1.047470e+00
192	1.040839e+00
193	1.038453e+00
194	1.041379e+00
195	1.049101e+00
196	1.060626e+00
197	1.076208e+00
198	1.093570e+00
199	1.111979e+00
200	1.129964e+00
201	1.146210e+00
202	1.159605e+00
203	1.168509e+00
204	1.173815e+00
205	1.175188e+00
206	1.171413e+00
207	1.163348e+00
208	1.150033e+00
209	1.132342e+00
210	1.112509e+00
211	1.091041e+00
212	1.071646e+00
213	1.052968e+00
214	1.038487e+00
215	1.030437e+00
216	1.029485e+00
217	1.034750e+00
218	1.046825e+00
219	1.062718e+00
220	1.080921e+00
221	1.101365e+00
222	1.122787e+00
223	1.143583e+00
224	1.160025e+00
225	1.171641e+00
226	1.178996e+00
227	1.179932e+00
228	1.174026e+00
229	1.163172e+00
230	1.147776e+00
231	1.129098e+00
232	1.108140e+00
233	1.086232e+00
234	1.065111e+00
235	1.047769e+00
236	1.035959e+00
237	1.032167e+00
238	1.034761e+00
239	1.046160e+00
240	1.061975e+00
241	1.081635e+00
242	1.103103e+00
243	1.124454e+00
244	1.142391e+00
245	1.154794e+00
246	1.162557e+00
247	1.165305e+00
248	1.163526e+00
249	1.155781e+00
250	1.143824e+00
251	1.128071e+00
252	1.108247e+00
253	1.088091e+00
254	1.068859e+00
255	1.051238e+00
256	1.036821e+00
257	1.028403e+00
258	1.026089e+00
259	1.030957e+00
260	1.043138e+00
261	1.060465e+00
262	1.080942e+00
263	1.101165e+00
264	1.120024e+00
265	1.137748e+00
266	1.152431e+00
267	1.164095e+00
268	1.171513e+00
269	1.174458e+00
270	1.172776e+00
271	1.165817e+00
272	1.155283e+00
273	1.140835e+00
274	1.123990e+00
275	1.104765e+00
276	1.086998e+00
277	1.073346e+00
278	1.062509e+00
279	1.053509e+00
280	1.049992e+00
281	1.051295e+00
282	1.059109e+00
283	1.072270e+00
284	1.087322e+00
285	1.103380e+00
286	1.119923e+00
287	1.135835e+00
288	1.149301e+00
289	1.159279e+00
290	1.165497e+00
291	1.166708e+00
292	1.163411e+00
293	1.156279e+00
294	1.145015e+00
295	1.129332e+00
296	1.111480e+00
297	1.093431e+00
298	1.075380e+00
299	1.059908e+00
300	1.048705e+00
301	1.041083e+00
302	1.038558e+00
303	1.041889e+00
304	1.049277e+00
305	1.060970e+00
306	1.076226e+00
307	1.093522e+00
308	1.111655e+00
309	1.129275e+00
310	1.144700e+00
311	1.156905e+00
312	1.165409e+00
313	1.168746e+00
314	1.168157e+00
315	1.161395e+00
316	1.151063e+00
317	1.136840e+00
318	1.120172e+00
319	1.102585e+00
320	1.084160e+00
321	1.066204e+00
322	1.051304e+00
323	1.040872e+00
324	1.035372e+00
325	1.036238e+00
326	1.043671e+00
327	1.055898e+00
328	1.071959e+00
329	1.088616e+00
330	1.105210e+00
331	1.120564e+00
332	1.132858e+00
333	1.141776e+00
334	1.146708e+00
335	1.146110e+00
336	1.140306e+00
337	1.130952e+00
338	1.119553e+00
339	1.105226e+00
340	1.089714e+00
341	1.074426e+00
342	1.061164e+00
343	1.050651e+00
344	1.044280e+00
345	1.043585e+00
346	1.048339e+00
347	1.057707e+00
348	1.071425e+00
349	1.085964e+00
350	1.101669e+00
351	1.116315e+00
352	1.130669e+00
353	1.143398e+00
354	1.150707e+00
355	1.153914e+00
356	1.152968e+00
357	1.147436e+00
358	1.138722e+00
359	1.129583e+00
360	1.118603e+00
361	1.105552e+00
362	1.092407e+00
363	1.081155e+00
364	1.071485e+00
365	1.064585e+00
366	1.061859e+00
367	1.063234e+00
368	1.069415e+00
369	1.078834e+00
370	1.089612e+00
371	1.103054e+00
372	1.116286e+00
373	1.128300e+00
374	1.137859e+00
375	1.144320e+00
376	1.146095e+00
377	1.144955e+00
378	1.140323e+00
379	1.132568e+00
380	1.122445e+00
381	1.111939e+00
382	1.101262e+00
383	1.089855e+00
384	1.079911e+00
385	1.072100e+00
386	1.066478e+00
387	1.064297e+00
388	1.065958e+00
389	1.070378e+00
390	1.078036e+00
391	1.087842e+00
392	1.100338e+00
393	1.111941e+00
394	1.121856e+00
395	1.129181e+00
396	1.134332e+00
397	1.136771e+00
398	1.136515e+00
399	1.132451e+00
400	1.125794e+00
401	1.115998e+00
402	1.103976e+00
403	1.092264e+00
404	1.080549e+00
405	1.068875e+00
406	1.058424e+00
407	1.051780e+00
408	1.048971e+00
409	1.050830e+00
410	1.056852e+00
411	1.066889e+00
412	1.078625e+00
413	1.091476e+00
414	1.104251e+00
415	1.115347e+00
416	1.127250e+00
417	1.136389e+00
418	1.142584e+00
419	1.143182e+00
420	1.138721e+00
421	1.130397e+00
422	1.120073e+00
423	1.108752e+00
424	1.094824e+00
425	1.081037e+00
426	1.068353e+00
427	1.058096e+00
428	1.049968e+00
429	1.044243e+00
430	1.042988e+00
431	1.046170e+00
432	1.053725e+00
433	1.065398e+00
434	1.079396e+00
435	1.094852e+00
436	1.108718e+00
437	1.121464e+00
438	1.131109e+00
439	1.136833e+00
440	1.138499e+00
441	1.135688e+00
442	1.128308e+00
443	1.118342e+00
444	1.105774e+00
445	1.091793e+00
446	1.076506e+00
447	1.063392e+00
448	1.053977e+00
449	1.049464e+00
450	1.052036e+00
451	1.058924e+00
452	1.070435e+00
453	1.083355e+00
454	1.096742e+00
455	1.111152e+00
456	1.124326e+00
457	1.136551e+00
458	1.145692e+00
459	1.151944e+00
460	1.154624e+00
461	1.153660e+00
462	1.149643e+00
463	1.142024e+00
464	1.130963e+00
465	1.118919e+00
466	1.106199e+00
467	1.094157e+00
468	1.082715e+00
469	1.073654e+00
470	1.067742e+00
471	1.064995e+00
472	1.065496e+00
473	1.068808e+00
474	1.075036e+00
475	1.082997e+00
476	1.093253e+00
477	1.104376e+00
478	1.115565e+00
479	1.126537e+00
480	1.135613e+00
481	1.143150e+00
482	1.147030e+00
483	1.148107e+00
484	1.146123e+00
485	1.141986e+00
486	1.133190e+00
487	1.121156e+00
488	1.107849e+00
489	1.095044e+00
490	1.083884e+00
491	1.075483e+00
492	1.070343e+00
493	1.067415e+00
494	1.068031e+00
495	1.071721e+00
496	1.079322e+00
497	1.087148e+00
498	1.095346e+00
499	1.104199e+00
500	1.113396e+00
501	1.120982e+00
502	1.128007e+00
503	1.133342e+00
504	1.135977e+00
505	1.137285e+00
506	1.137470e+00
507	1.133350e+00
508	1.126549e+00
509	1.116692e+00
510	1.106140e+00
511	1.094890e+00
512	1.082398e+00
513	1.072376e+00
514	1.064705e+00
515	1.058998e+00
516	1.056775e+00
517	1.056709e+00
518	1.061362e+00
519	1.069812e+00
520	1.080371e+00
521	1.091238e+00
522	1.100173e+00
523	1.108932e+00
524	1.116349e+00
525	1.122610e+00
526	1.126768e+00
527	1.128076e+00
528	1.127388e+00
529	1.124933e+00
530	1.120421e+00
531	1.112889e+00
532	1.103879e+00
533	1.094050e+00
534	1.083102e+00
535	1.072251e+00
536	1.063198e+00
537	1.055293e+00
538	1.051561e+00
539	1.053719e+00
540	1.059044e+00
541	1.068527e+00
542	1.080276e+00
543	1.093471e+00
544	1.107330e+00
545	1.121365e+00
546	1.134293e+00
547	1.144345e+00
548	1.149806e+00
549	1.152400e+00
550	1.152490e+00
551	1.148915e+00
552	1.140332e+00
553	1.128474e+00
554	1.115249e+00
555	1.100719e+00
556	1.086314e+00
557	1.073536e+00
558	1.062944e+00
559	1.056109e+00
560	1.053687e+00
561	1.056416e+00
562	1.064736e+00
563	1.076191e+00
564	1.092142e+00
565	1.110419e+00
566	1.128317e+00
567	1.144825e+00
568	1.157805e+00
569	1.166580e+00
570	1.170985e+00
571	1.171707e+00
572	1.167734e+00
573	1.158991e+00
574	1.148110e+00
575	1.132815e+00
576	1.116978e+00
577	1.099262e+00
578	1.082419e+00
579	1.067474e+00
580	1.056394e+00
581	1.047936e+00
582	1.044684e+00
583	1.046631e+00
584	1.053720e+00
585	1.064415e+00
586	1.077284e+00
587	1.090603e+00
588	1.103975e+00
589	1.116097e+00
590	1.126511e+00
591	1.135354e+00
592	1.141710e+00
593	1.144986e+00
594	1.144128e+00
595	1.140789e+00
596	1.134167e+00
597	1.125584e+00
598	1.113445e+00
599	1.100722e+00
600	1.088277e+00
601	1.075907e+00
602	1.065921e+00
603	1.058110e+00
604	1.054153e+00
605	1.052806e+00
606	1.056200e+00
607	1.063472e+00
608	1.074110e+00
609	1.086465e+00
610	1.098714e+00
611	1.109293e+00
612	1.118269e+00
613	1.126736e+00
614	1.131964e+00
615	1.132320e+00
616	1.130709e+00
617	1.126078e+00
618	1.118048e+00
619	1.108147e+00
620	1.097355e+00
621	1.086650e+00
622	1.077013e+00
623	1.070984e+00
624	1.066983e+00
625	1.065814e+00
626	1.068579e+00
627	1.075838e+00
628	1.086860e+00
629	1.100024e+00
630	1.113355e+00
631	1.125925e+00
632	1.137243e+00
633	1.147857e+00
634	1.154423e+00
635	1.157091e+00
636	1.154491e+00
637	1.147740e+00
638	1.137132e+00
639	1.124047e+00
640	1.108125e+00
641	1.090704e+00
642	1.074665e+00
643	1.061034e+00
644	1.049941e+00
645	1.043390e+00
646	1.042634e+00
647	1.047974e+00
648	1.057998e+00
649	1.072207e+00
650	1.089215e+00
651	1.107273e+00
652	1.124445e+00
653	1.141125e+00
654	1.155501e+00
655	1.166675e+00
656	1.173112e+00
657	1.175654e+00
658	1.174480e+00
659	1.169963e+00
660	1.160137e+00
661	1.147108e+00
662	1.130030e+00
663	1.111267e+00
664	1.092590e+00
665	1.075644e+00
666	1.062720e+00
667	1.053987e+00
668	1.050379e+00
669	1.053344e+00
670	1.063454e+00
671	1.077320e+00
672	1.093241e+00
673	1.109319e+00
674	1.125142e+00
675	1.137372e+00
676	1.147446e+00
677	1.154459e+00
678	1.156398e+00
679	1.154412e+00
680	1.148485e+00
681	1.138708e+00
682	1.124320e+00
683	1.107456e+00
684	1.089699e+00
685	1.072378e+00
686	1.058853e+00
687	1.047530e+00
688	1.039630e+00
689	1.036877e+00
690	1.037653e+00
691	1.044889e+00
692	1.056353e+00
693	1.070882e+00
694	1.087835e+00
695	1.104578e+00
696	1.120008e+00
697	1.134612e+00
698	1.144757e+00
699	1.152128e+00
700	1.156375e+00
701	1.158278e+00
702	1.156543e+00
703	1.151484e+00
704	1.142906e+00
705	1.130726e+00
706	1.116223e+00
707	1.099591e+00
708	1.084394e+00
709	1.070979e+00
710	1.060315e+00
711	1.053622e+00
712	1.051340e+00
713	1.053276e+00
714	1.059886e+00
715	1.070833e+00
716	1.085393e+00
717	1.101796e+00
718	1.118300e+00
719	1.133625e+00
720	1.145760e+00
721	1.154593e+00
722	1.158593e+00
723	1.158337e+00
724	1.153933e+00
725	1.144111e+00
726	1.133346e+00
727	1.120888e+00
728	1.108206e+00
729	1.095721e+00
730	1.084025e+00
731	1.073709e+00
732	1.066432e+00
733	1.060901e+00
734	1.058358e+00
735	1.059845e+00
736	1.063661e+00
737	1.070538e+00
738	1.079867e+00
739	1.090440e+00
740	1.100574e+00
741	1.110279e+00
742	1.118772e+00
743	1.125340e+00
744	1.129173e+00
745	1.130000e+00
746	1.127976e+00
747	1.123674e+00
748	1.117049e+00
749	1.109023e+00
750	1.100109e+00
751	1.090418e+00
752	1.081352e+00
753	1.073689e+00
754	1.067299e+00
755	1.065086e+00
756	1.064992e+00
757	1.069303e+00
758	1.076144e+00
759	1.084535e+00
760	1.093954e+00
761	1.102897e+00
762	1.111673e+00
763	1.118156e+00
764	1.124150e+00
765	1.127225e+00
766	1.127530e+00
767	1.124548e+00
768	1.118756e+00
769	1.109327e+00
770	1.099655e+00
771	1.090028e+00
772	1.080090e+00
773	1.070441e+00
774	1.062474e+00
775	1.056277e+00
776	1.054678e+00
777	1.057946e+00
778	1.065890e+00
779	1.075264e+00
780	1.085310e+00
781	1.096192e+00
782	1.109239e+00
783	1.121305e+00
784	1.131602e+00
785	1.137576e+00
786	1.139448e+00
787	1.139076e+00
788	1.135886e+00
789	1.128746e+00
790	1.119649e+00
791	1.108396e+00
792	1.097762e+00
793	1.089188e+00
794	1.080449e+00
795	1.073534e+00
796	1.069245e+00
797	1.067405e+00
798	1.067032e+00
799	1.069461e+00
800	1.075216e+00
801	1.082644e+00
802	1.091363e+00
803	1.102133e+00
804	1.113527e+00
805	1.123635e+00
806	1.132385e+00
807	1.138791e+00
808	1.141525e+00
809	1.141440e+00
810	1.139270e+00
811	1.134155e+00
812	1.128376e+00
813	1.120229e+00
814	1.110218e+00
815	1.099121e+00
816	1.088183e+00
817	1.076593e+00
818	1.067906e+00
819	1.062176e+00
820	1.058408e+00
821	1.059861e+00
822	1.065436e+00
823	1.074055e+00
824	1.085029e+00
825	1.097236e+00
826	1.109353e+00
827	1.119265e+00
828	1.126741e+00
829	1.130711e+00
830	1.132995e+00
831	1.133112e+00
832	1.129024e+00
833	1.122196e+00
834	1.113619e+00
835	1.104310e+00
836	1.093424e+00
837	1.083235e+00
838	1.074156e+00
839	1.067642e+00
840	1.063812e+00
841	1.062267e+00
842	1.063884e+00
843	1.069773e+00
844	1.078633e+00
845	1.089274e+00
846	1.099516e+00
847	1.110255e+00
848	1.118190e+00
849	1.125087e+00
850	1.130308e+00
851	1.133351e+00
852	1.134197e+00
853	1.131228e+00
854	1.125867e+00
855	1.118431e+00
856	1.108610e+00
857	1.098008e+00
858	1.087306e+00
859	1.078930e+00
860	1.074367e+00
861	1.071473e+00
862	1.070039e+00
863	1.071262e+00
864	1.075084e+00
865	1.080821e+00
866	1.088339e+00
867	1.097130e+00
868	1.106469e+00
869	1.115812e+00
870	1.123117e+00
871	1.128409e+00
872	1.132243e+00
873	1.134645e+00
874	1.135478e+00
875	1.134683e+00
876	1.132276e+00
877	1.128351e+00
878	1.122052e+00
879	1.114129e+00
880	1.105418e+00
881	1.095407e+00
882	1.086026e+00
883	1.077604e+00
884	1.071118e+00
885	1.065907e+00
886	1.062758e+00
887	1.061955e+00
888	1.062984e+00
889	1.065968e+00
890	1.071034e+00
891	1.079354e+00
892	1.088208e+00
893	1.096690e+00
894	1.105706e+00
895	1.114879e+00
896	1.124594e+00
897	1.131099e+00
898	1.133961e+00
899	1.133719e+00
900	1.129634e+00
901	1.121953e+00
902	1.112985e+00
903	1.102069e+00
904	1.090725e+00
905	1.078718e+00
906	1.068425e+00
907	1.061853e+00
908	1.057752e+00
909	1.058246e+00
910	1.061643e+00
911	1.068137e+00
912	1.078758e+00
913	1.090885e+00
914	1.104337e+00
915	1.118330e+00
916	1.129088e+00
917	1.137908e+00
918	1.144659e+00
919	1.148031e+00
920	1.147882e+00
921	1.142526e+00
922	1.133975e+00
923	1.124031e+00
924	1.111427e+00
925	1.098383e+00
926	1.085804e+00
927	1.075231e+00
928	1.065835e+00
929	1.058968e+00
930	1.056999e+00
931	1.059079e+00
932	1.064656e+00
933	1.073058e+00
934	1.083081e+00
935	1.093520e+00
936	1.105479e+00
937	1.117234e+00
938	1.128804e+00
939	1.138136e+00
940	1.144221e+00
941	1.145564e+00
942	1.144069e+00
943	1.140671e+00
944	1.133998e+00
945	1.123260e+00
946	1.111448e+00
947	1.097504e+00
948	1.084134e+00
949	1.072337e+00
950	1.061468e+00
951	1.054575e+00
952	1.051926e+00
953	1.053434e+00
954	1.057433e+00
955	1.064365e+00
956	1.072963e+00
957	1.083476e+00
958	1.094111e+00
959	1.102817e+00
960	1.110201e+00
961	1.115539e+00
962	1.120497e+00
963	1.124304e+00
964	1.124612e+00
965	1.122639e+00
966	1.118620e+00
967	1.110997e+00
968	1.102084e+00
969	1.093985e+00
970	1.086238e+00
971	1.079431e+00
972	1.073269e+00
973	1.068972e+00
974	1.066874e+00
975	1.066358e+00
976	1.068737e+00
977	1.073881e+00
978	1.081029e+00
979	1.088557e+00
980	1.097241e+00
981	1.105992e+00
982	1.115269e+00
983	1.123137e+00
984	1.129866e+00
985	1.133802e+00
986	1.136451e+00
987	1.137148e+00
988	1.133977e+00
989	1.128342e+00
990	1.121534e+00
991	1.114228e+00
992	1.106508e+00
993	1.099853e+00
994	1.092472e+00
995	1.086065e+00
996	1.080503e+00
997	1.077072e+00
998	1.076397e+00
999	1.079108e+00
1000	1.083203e+00
1001	1.088904e+00
1002	1.094554e+00
1003	1.100164e+00
1004	1.105416e+00
1005	1.111577e+00
1006	1.116030e+00
1007	1.117990e+00
1008	1.118568e+00
1009	1.118573e+00
1010	1.117456e+00
1011	1.116111e+00
1012	1.114564e+00
1013	1.111327e+00
1014	1.107575e+00
1015	1.103952e+00
1016	1.100279e+00
1017	1.098178e+00
1018	1.096779e+00
1019	1.096174e+00
1020	1.095111e+00
1021	1.095815e+00
1022	1.096978e+00
1023	1.097331e+00
1024	1.098990e+00
1025	1.101040e+00
1026	1.102011e+00
1027	1.101704e+00
1028	1.100848e+00
1029	1.099644e+00
1030	1.097626e+00
1031	1.095446e+00
1032	1.093346e+00
1033	1.091532e+00
1034	1.090881e+00
1035	1.090322e+00
1036	1.089946e+00
1037	1.088580e+00
1038	1.089135e+00
1039	1.090832e+00
1040	1.093227e+00
1041	1.095017e+00
1042	1.097366e+00
1043	1.099421e+00
1044	1.101365e+00
1045	1.101636e+00
1046	1.101438e+00
1047	1.100872e+00
1048	1.100489e+00
1049	1.100802e+00
1050	1.100487e+00
1051	1.099753e+00
1052	1.098882e+00
1053	1.097712e+00
1054	1.096232e+00
1055	1.094859e+00
1056	1.093300e+00
1057	1.092156e+00
1058	1.091828e+00
1059	1.091402e+00
1060	1.089767e+00
1061	1.091358e+00
1062	1.093862e+00
1063	1.095664e+00
1064	1.098253e+00
1065	1.101025e+00
1066	1.101428e+00
1067	1.101109e+00
1068	1.100229e+00
1069	1.099199e+00
1070	1.099346e+00
1071	1.101370e+00
1072	1.103295e+00
1073	1.104380e+00
1074	1.105789e+00
1075	1.106559e+00
1076	1.107651e+00
1077	1.109822e+00
1078	1.110664e+00
1079	1.109624e+00
1080	1.108536e+00
1081	1.106548e+00
1082	1.104188e+00
1083	1.101054e+00
1084	1.097476e+00
1085	1.091248e+00
1086	1.085058e+00
1087	1.079250e+00
1088	1.074792e+00
1089	1.072617e+00
1090	1.072900e+00
1091	1.075463e+00
1092	1.081083e+00
1093	1.088208e+00
1094	1.096261e+00
1095	1.103728e+00
1096	1.109742e+00
1097	1.113827e+00
1098	1.117126e+00
1099	1.117486e+00
1100	1.115193e+00
1101	1.109752e+00
1102	1.104166e+00
1103	1.099571e+00
1104	1.094035e+00
1105	1.089246e+00
1106	1.085282e+00
1107	1.081994e+00
1108	1.079133e+00
1109	1.079639e+00
1110	1.080590e+00
1111	1.082865e+00
1112	1.087495e+00
1113	1.091310e+00
1114	1.095918e+00
1115	1.101185e+00
1116	1.105792e+00
1117	1.110413e+00
1118	1.113937e+00
1119	1.117420e+00
1120	1.116495e+00
1121	1.113691e+00
1122	1.108691e+00
1123	1.101570e+00
1124	1.094105e+00
1125	1.086793e+00
1126	1.079717e+00
1127	1.075420e+00
1128	1.071691e+00
1129	1.070380e+00
1130	1.072269e+00
1131	1.075952e+00
1132	1.081974e+00
1133	1.088044e+00
1134	1.094151e+00
1135	1.100897e+00
1136	1.106667e+00
1137	1.112533e+00
1138	1.118262e+00
1139	1.123016e+00
1140	1.126777e+00
1141	1.129160e+00
1142	1.130596e+00
1143	1.130414e+00
1144	1.126659e+00
1145	1.120571e+00
1146	1.113729e+00
1147	1.105312e+00
1148	1.097463e+00
1149	1.090073e+00
1150	1.084045e+00
1151	1.080867e+00
1152	1.078991e+00
1153	1.080715e+00
1154	1.084187e+00
1155	1.088804e+00
1156	1.094423e+00
1157	1.100917e+00
1158	1.107510e+00
1159	1.112135e+00
1160	1.115951e+00
1161	1.119707e+00
1162	1.122638e+00
1163	1.124584e+00
1164	1.126406e+00
1165	1.127329e+00
1166	1.128055e+00
1167	1.128609e+00
1168	1.128327e+00
1169	1.129294e+00
1170	1.129659e+00
1171	1.127589e+00
1172	1.124243e+00
1173	1.118394e+00
1174	1.112091e+00
1175	1.104974e+00
1176	1.099980e+00
1177	1.095518e+00
1178	1.091976e+00
1179	1.089311e+00
1180	1.088052e+00
1181	1.088420e+00
1182	1.089310e+00
1183	1.091437e+00
1184	1.093626e+00
1185	1.097132e+00
1186	1.101737e+00
1187	1.107317e+00
1188	1.112049e+00
1189	1.116267e+00
1190	1.119731e+00
1191	1.121683e+00
1192	1.122045e+00
1193	1.121062e+00
1194	1.118299e+00
1195	1.116263e+00
1196	1.113731e+00
1197	1.109172e+00
1198	1.103466e+00
1199	1.097102e+00
1200	1.090626e+00
1201	1.085891e+00
1202	1.081728e+00
1203	1.079314e+00
1204	1.080045e+00
1205	1.083318e+00
1206	1.088527e+00
1207	1.095063e+00
1208	1.101909e+00
1209	1.108020e+00
1210	1.112774e+00
1211	1.115489e+00
1212	1.116550e+00
1213	1.115825e+00
1214	1.114681e+00
1215	1.109055e+00
1216	1.101907e+00
1217	1.093987e+00
1218	1.084073e+00
1219	1.073851e+00
1220	1.064714e+00
1221	1.057788e+00
1222	1.055227e+00
1223	1.055574e+00
1224	1.060554e+00
1225	1.068709e+00
1226	1.078283e+00
1227	1.088182e+00
1228	1.099300e+00
1229	1.110374e+00
1230	1.120709e+00
1231	1.128354e+00
1232	1.133315e+00
1233	1.136393e+00
1234	1.136033e+00
1235	1.131114e+00
1236	1.123773e+00
1237	1.114341e+00
1238	1.102392e+00
1239	1.089246e+00
1240	1.075847e+00
1241	1.064432e+00
1242	1.055516e+00
1243	1.051364e+00
1244	1.050497e+00
1245	1.054430e+00
1246	1.061009e+00
1247	1.069929e+00
1248	1.080015e+00
1249	1.091661e+00
1250	1.104235e+00
1251	1.115564e+00
1252	1.123974e+00
1253	1.129801e+00
1254	1.133705e+00
1255	1.134937e+00
1256	1.132798e+00
1257	1.127784e+00
1258	1.120541e+00
1259	1.112491e+00
1260	1.103155e+00
1261	1.093647e+00
1262	1.085111e+00
1263	1.078524e+00
1264	1.075191e+00
1265	1.073657e+00
1266	1.073897e+00
1267	1.077089e+00
1268	1.082470e+00
1269	1.088227e+00
1270	1.096498e+00
1271	1.105947e+00
1272	1.113136e+00
1273	1.116727e+00
1274	1.118815e+00
1275	1.119394e+00
1276	1.117983e+00
1277	1.117620e+00
1278	1.116025e+00
1279	1.113141e+00
1280	1.110097e+00
1281	1.108306e+00
1282	1.107095e+00
1283	1.104823e+00
1284	1.102568e+00
1285	1.099977e+00
1286	1.097873e+00
1287	1.095299e+00
1288	1.092005e+00
1289	1.089715e+00
1290	1.088888e+00
1291	1.089549e+00
1292	1.091201e+00
1293	1.093738e+00
1294	1.098249e+00
1295	1.103695e+00
1296	1.107970e+00
1297	1.112791e+00
1298	1.116874e+00
1299	1.120913e+00
1300	1.124381e+00
1301	1.126897e+00
1302	1.129384e+00
1303	1.129883e+00
1304	1.129771e+00
1305	1.127718e+00
1306	1.125006e+00
1307	1.121479e+00
1308	1.116814e+00
1309	1.111686e+00
1310	1.105400e+00
1311	1.099084e+00
1312	1.092014e+00
1313	1.086141e+00
1314	1.080007e+00
1315	1.074688e+00
1316	1.071760e+00
1317	1.070590e+00
1318	1.071626e+00
1319	1.076517e+00
1320	1.083347e+00
1321	1.090977e+00
1322	1.097751e+00
1323	1.105297e+00
1324	1.112003e+00
1325	1.116288e+00
1326	1.118992e+00
1327	1.121323e+00
1328	1.121368e+00
1329	1.119029e+00
1330	1.114069e+00
1331	1.107866e+00
1332	1.100543e+00
1333	1.092419e+00
1334	1.085259e+00
1335	1.078491e+00
1336	1.073742e+00
1337	1.071732e+00
1338	1.073488e+00
1339	1.078266e+00
1340	1.083614e+00
1341	1.089436e+00
1342	1.097057e+00
1343	1.104281e+00
1344	1.110942e+00
1345	1.116254e+00
1346	1.119402e+00
1347	1.122276e+00
1348	1.124469e+00
1349	1.125486e+00
1350	1.125100e+00
1351	1.122444e+00
1352	1.118486e+00
1353	1.112341e+00
1354	1.105621e+00
1355	1.097759e+00
1356	1.089866e+00
1357	1.083251e+00
1358	1.078799e+00
1359	1.075289e+00
1360	1.073176e+00
1361	1.072883e+00
1362	1.075066e+00
1363	1.077981e+00
1364	1.081193e+00
1365	1.085766e+00
1366	1.091165e+00
1367	1.098001e+00
1368	1.105685e+00
1369	1.111804e+00
1370	1.115319e+00
1371	1.116118e+00
1372	1.115009e+00
1373	1.110882e+00
1374	1.104621e+00
1375	1.097202e+00
1376	1.088986e+00
1377	1.078930e+00
1378	1.068401e+00
1379	1.059897e+00
1380	1.052528e+00
1381	1.048992e+00
1382	1.049493e+00
1383	1.052526e+00
1384	1.059051e+00
1385	1.067542e+00
1386	1.078497e+00
1387	1.090400e+00
1388	1.103539e+00
1389	1.115847e+00
1390	1.127004e+00
1391	1.134344e+00
1392	1.137712e+00
1393	1.137617e+00
1394	1.135239e+00
1395	1.131323e+00
1396	1.124399e+00
1397	1.116502e+00
1398	1.107679e+00
1399	1.100404e+00
1400	1.093455e+00
1401	1.086814e+00
1402	1.080862e+00
1403	1.076818e+00
1404	1.074063e+00
1405	1.075583e+00
1406	1.078271e+00
1407	1.081934e+00
1408	1.087949e+00
1409	1.093808e+00
1410	1.101110e+00
1411	1.109131e+00
1412	1.116076e+00
1413	1.121896e+00
1414	1.127593e+00
1415	1.129357e+00
1416	1.128660e+00
1417	1.126340e+00
1418	1.121895e+00
1419	1.117659e+00
1420	1.112209e+00
1421	1.107718e+00
1422	1.102268e+00
1423	1.096320e+00
1424	1.090367e+00
1425	1.084374e+00
1426	1.079578e+00
1427	1.075179e+00
1428	1.073277e+00
1429	1.073124e+00
1430	1.074567e+00
1431	1.076617e+00
1432	1.080932e+00
1433	1.086330e+00
1434	1.091544e+00
1435	1.097702e+00
1436	1.105811e+00
1437	1.112615e+00
1438	1.119020e+00
1439	1.122369e+00
1440	1.123635e+00
1441	1.122783e+00
1442	1.120258e+00
1443	1.115695e+00
1444	1.109532e+00
1445	1.102489e+00
1446	1.095771e+00
1447	1.088836e+00
1448	1.082686e+00
1449	1.076374e+00
1450	1.071307e+00
1451	1.068450e+00
1452	1.068143e+00
1453	1.071254e+00
1454	1.077044e+00
1455	1.082545e+00
1456	1.088580e+00
1457	1.094043e+00
1458	1.099406e+00
1459	1.104332e+00
1460	1.108863e+00
1461	1.111743e+00
1462	1.111272e+00
1463	1.110565e+00
1464	1.109755e+00
1465	1.108184e+00
1466	1.103658e+00
1467	1.099631e+00
1468	1.096861e+00
1469	1.095070e+00
1470	1.093447e+00
1471	1.091461e+00
1472	1.089191e+00
1473	1.087406e+00
1474	1.086361e+00
1475	1.087951e+00
1476	1.091257e+00
1477	1.095582e+00
1478	1.100756e+00
1479	1.105794e+00
1480	1.110618e+00
1481	1.115285e+00
1482	1.119422e+00
1483	1.123798e+00
1484	1.125059e+00
1485	1.124795e+00
1486	1.123490e+00
1487	1.120959e+00
1488	1.116227e+00
1489	1.110184e+00
1490	1.104276e+00
1491	1.099494e+00
1492	1.094159e+00
1493	1.089096e+00
1494	1.083481e+00
1495	1.078391e+00
1496	1.073745e+00
1497	1.070557e+00
1498	1.069259e+00
1499	1.072609e+00
1500	1.078721e+00
1501	1.085701e+00
1502	1.093127e+00
1503	1.100684e+00
1504	1.107475e+00
1505	1.113159e+00
1506	1.115171e+00
1507	1.115119e+00
1508	1.114056e+00
1509	1.111231e+00
1510	1.108940e+00
1511	1.105417e+00
1512	1.101262e+00
1513	1.097801e+00
1514	1.094769e+00
1515	1.092571e+00
1516	1.090165e+00
1517	1.087418e+00
1518	1.085665e+00
1519	1.083914e+00
1520	1.083197e+00
1521	1.082715e+00
1522	1.082781e+00
1523	1.083699e+00
1524	1.085564e+00
1525	1.088523e+00
1526	1.090959e+00
1527	1.093050e+00
1528	1.093921e+00
1529	1.094709e+00
1530	1.094477e+00
1531	1.093275e+00
1532	1.092084e+00
1533	1.088750e+00
1534	1.085675e+00
1535	1.083872e+00
1536	1.081644e+00
1537	1.080626e+00
1538	1.080742e+00
1539	1.080640e+00
1540	1.080676e+00
1541	1.080043e+00
1542	1.078739e+00
1543	1.077086e+00
1544	1.077338e+00
1545	1.076527e+00
1546	1.076674e+00
1547	1.077192e+00
1548	1.078843e+00
1549	1.081813e+00
1550	1.085275e+00
1551	1.089746e+00
1552	1.095542e+00
1553	1.100556e+00
1554	1.104985e+00
1555	1.108587e+00
1556	1.110633e+00
1557	1.112488e+00
1558	1.113686e+00
1559	1.112832e+00
1560	1.112398e+00
1561	1.110432e+00
1562	1.107616e+00
1563	1.102588e+00
1564	1.096871e+00
1565	1.091882e+00
1566	1.087204e+00
1567	1.083297e+00
1568	1.078627e+00
1569	1.076806e+00
1570	1.076712e+00
1571	1.077773e+00
1572	1.080854e+00
1573	1.085663e+00
1574	1.092156e+00
1575	1.098590e+00
1576	1.105173e+00
1577	1.109932e+00
1578	1.113064e+00
1579	1.114694e+00
1580	1.115947e+00
1581	1.114680e+00
1582	1.112334e+00
1583	1.107713e+00
1584	1.103222e+00
1585	1.097337e+00
1586	1.090794e+00
1587	1.086654e+00
1588	1.082003e+00
1589	1.078987e+00
1590	1.075882e+00
1591	1.074743e+00
1592	1.074779e+00
1593	1.075964e+00
1594	1.078027e+00
1595	1.081247e+00
1596	1.085427e+00
1597	1.088821e+00
1598	1.094146e+00
1599	1.099027e+00
1600	1.102709e+00
1601	1.105474e+00
1602	1.108861e+00
1603	1.112127e+00
1604	1.114873e+00
1605	1.115182e+00
1606	1.113803e+00
1607	1.110921e+00
1608	1.106878e+00
1609	1.100319e+00
1610	1.094675e+00
1611	1.088044e+00
1612	1.082786e+00
1613	1.079694e+00
1614	1.081413e+00
1615	1.085659e+00
1616	1.091881e+00
1617	1.098393e+00
1618	1.103917e+00
1619	1.107199e+00
1620	1.109524e+00
1621	1.110820e+00
1622	1.110993e+00
1623	1.109217e+00
1624	1.106210e+00
1625	1.105689e+00
1626	1.102938e+00
1627	1.100186e+00
1628	1.096517e+00
1629	1.093071e+00
1630	1.088547e+00
1631	1.084557e+00
1632	1.080049e+00
1633	1.077460e+00
1634	1.076807e+00
1635	1.077540e+00
1636	1.079090e+00
1637	1.083956e+00
1638	1.089972e+00
1639	1.096558e+00
1640	1.104044e+00
1641	1.110858e+00
1642	1.116033e+00
1643	1.119646e+00
1644	1.121159e+00
1645	1.122109e+00
1646	1.120424e+00
1647	1.116923e+00
1648	1.112873e+00
1649	1.107764e+00
1650	1.102438e+00
1651	1.096071e+00
1652	1.088735e+00
1653	1.082753e+00
1654	1.079334e+00
1655	1.077656e+00
1656	1.077731e+00
1657	1.078911e+00
1658	1.082745e+00
1659	1.088741e+00
1660	1.095868e+00
1661	1.104016e+00
1662	1.111399e+00
1663	1.119443e+00
1664	1.126318e+00
1665	1.130888e+00
1666	1.134145e+00
1667	1.135761e+00
1668	1.135186e+00
1669	1.131870e+00
1670	1.127785e+00
1671	1.121314e+00
1672	1.114511e+00
1673	1.108084e+00
1674	1.100576e+00
1675	1.093209e+00
1676	1.087114e+00
1677	1.083083e+00
1678	1.081539e+00
1679	1.082785e+00
1680	1.086823e+00
1681	1.092494e+00
1682	1.100219e+00
1683	1.108490e+00
1684	1.116563e+00
1685	1.121976e+00
1686	1.127384e+00
1687	1.131608e+00
1688	1.133004e+00
1689	1.132515e+00
1690	1.128669e+00
1691	1.122466e+00
1692	1.113777e+00
1693	1.102222e+00
1694	1.089307e+00
1695	1.078287e+00
1696	1.067861e+00
1697	1.060186e+00
1698	1.055449e+00
1699	1.053549e+00
1700	1.053934e+00
1701	1.059669e+00
1702	1.069078e+00
1703	1.079873e+00
1704	1.092260e+00
1705	1.104076e+00
1706	1.116397e+00
1707	1.127265e+00
1708	1.135208e+00
1709	1.139594e+00
1710	1.142244e+00
1711	1.140969e+00
1712	1.136302e+00
1713	1.128936e+00
1714	1.119691e+00
1715	1.107993e+00
1716	1.095532e+00
1717	1.084426e+00
1718	1.073148e+00
1719	1.064820e+00
1720	1.059996e+00
1721	1.057148e+00
1722	1.058527e+00
1723	1.062425e+00
1724	1.069045e+00
1725	1.078247e+00
1726	1.087967e+00
1727	1.099300e+00
1728	1.109390e+00
1729	1.120630e+00
1730	1.129751e+00
1731	1.138163e+00
1732	1.143216e+00
1733	1.144557e+00
1734	1.142757e+00
1735	1.136868e+00
1736	1.128832e+00
1737	1.119963e+00
1738	1.108936e+00
1739	1.096467e+00
1740	1.083755e+00
1741	1.072762e+00
1742	1.065061e+00
1743	1.059637e+00
1744	1.057966e+00
1745	1.061564e+00
1746	1.068555e+00
1747	1.079847e+00
1748	1.094366e+00
1749	1.109378e+00
1750	1.122226e+00
1751	1.134820e+00
1752	1.145428e+00
1753	1.154185e+00
1754	1.157751e+00
1755	1.156254e+00
1756	1.150701e+00
1757	1.140650e+00
1758	1.126410e+00
1759	1.110350e+00
1760	1.092517e+00
1761	1.075113e+00
1762	1.059596e+00
1763	1.047398e+00
1764	1.039117e+00
1765	1.036987e+00
1766	1.040508e+00
1767	1.048683e+00
1768	1.059590e+00
1769	1.074237e+00
1770	1.090871e+00
1771	1.108636e+00
1772	1.125403e+00
1773	1.139418e+00
1774	1.150050e+00
1775	1.157310e+00
1776	1.161051e+00
1777	1.158780e+00
1778	1.152383e+00
1779	1.141955e+00
1780	1.126913e+00
1781	1.108355e+00
1782	1.089415e+00
1783	1.070582e+00
1784	1.054180e+00
1785	1.041679e+00
1786	1.035098e+00
1787	1.035092e+00
1788	1.039803e+00
1789	1.050417e+00
1790	1.066486e+00
1791	1.085428e+00
1792	1.105969e+00
1793	1.126446e+00
1794	1.143629e+00
1795	1.155948e+00
1796	1.163829e+00
1797	1.166128e+00
1798	1.160255e+00
1799	1.149023e+00
1800	1.134062e+00
1801	1.117814e+00
1802	1.101533e+00
1803	1.085202e+00
1804	1.069805e+00
1805	1.057311e+00
1806	1.048473e+00
1807	1.046563e+00
1808	1.049282e+00
1809	1.056262e+00
1810	1.066228e+00
1811	1.078662e+00
1812	1.093101e+00
1813	1.106850e+00
1814	1.118943e+00
1815	1.129190e+00
1816	1.138207e+00
1817	1.145374e+00
1818	1.148716e+00
1819	1.148810e+00
1820	1.144191e+00
1821	1.136196e+00
1822	1.125358e+00
1823	1.112363e+00
1824	1.098949e+00
1825	1.083890e+00
1826	1.071464e+00
1827	1.062418e+00
1828	1.056394e+00
1829	1.054564e+00
1830	1.056209e+00
1831	1.061643e+00
1832	1.068888e+00
1833	1.078416e+00
1834	1.089393e+00
1835	1.101315e+00
1836	1.111599e+00
1837	1.122634e+00
1838	1.131425e+00
1839	1.140515e+00
1840	1.146583e+00
1841	1.149201e+00
1842	1.147887e+00
1843	1.143505e+00
1844	1.136359e+00
1845	1.127988e+00
1846	1.118902e+00
1847	1.107583e+00
1848	1.098438e+00
1849	1.090243e+00
1850	1.083796e+00
1851	1.078193e+00
1852	1.075582e+00
1853	1.075283e+00
1854	1.077859e+00
1855	1.083908e+00
1856	1.091249e+00
1857	1.097725e+00
1858	1.103315e+00
1859	1.108066e+00
1860	1.112090e+00
1861	1.116062e+00
1862	1.117894e+00
1863	1.119610e+00
1864	1.119396e+00
1865	1.117778e+00
1866	1.113560e+00
1867	1.108006e+00
1868	1.102274e+00
1869	1.096016e+00
1870	1.091478e+00
1871	1.088358e+00
1872	1.087164e+00
1873	1.088296e+00
1874	1.091035e+00
1875	1.094351e+00
1876	1.097916e+00
1877	1.101575e+00
1878	1.105398e+00
1879	1.108381e+00
1880	1.110251e+00
1881	1.112003e+00
1882	1.112161e+00
1883	1.109831e+00
1884	1.106683e+00
1885	1.102669e+00
1886	1.099643e+00
1887	1.098025e+00
1888	1.097114e+00
1889	1.096715e+00
1890	1.096227e+00
1891	1.095111e+00
1892	1.094179e+00
1893	1.093961e+00
1894	1.094431e+00
1895	1.096241e+00
1896	1.099071e+00
1897	1.101503e+00
1898	1.104181e+00
1899	1.106321e+00
1900	1.109875e+00
1901	1.112519e+00
1902	1.114263e+00
1903	1.115065e+00
1904	1.114650e+00
1905	1.114341e+00
1906	1.112639e+00
1907	1.110597e+00
1908	1.108564e+00
1909	1.106010e+00
1910	1.102912e+00
1911	1.100644e+00
1912	1.098304e+00
1913	1.095652e+00
1914	1.093678e+00
1915	1.092808e+00
1916	1.091294e+00
1917	1.089204e+00
1918	1.090535e+00
1919	1.093139e+00
1920	1.097478e+00
1921	1.101295e+00
1922	1.105529e+00
1923	1.109733e+00
1924	1.113116e+00
1925	1.116145e+00
1926	1.117714e+00
1927	1.118509e+00
1928	1.118037e+00
1929	1.114844e+00
1930	1.109080e+00
1931	1.101549e+00
1932	1.094166e+00
1933	1.089118e+00
1934	1.085036e+00
1935	1.080548e+00
1936	1.076543e+00
1937	1.073699e+00
1938	1.073813e+00
1939	1.075587e+00
1940	1.078092e+00
1941	1.082840e+00
1942	1.089134e+00
1943	1.096320e+00
1944	1.102717e+00
1945	1.108840e+00
1946	1.114556e+00
1947	1.120549e+00
1948	1.124534e+00
1949	1.126578e+00
1950	1.127307e+00
1951	1.124955e+00
1952	1.120207e+00
1953	1.112741e+00
1954	1.105410e+00
1955	1.098234e+00
1956	1.092076e+00
1957	1.087345e+00
1958	1.082730e+00
1959	1.080547e+00
1960	1.081714e+00
1961	1.085275e+00
1962	1.089600e+00
1963	1.095719e+00
1964	1.103373e+00
1965	1.111094e+00
1966	1.118143e+00
1967	1.124303e+00
1968	1.129444e+00
1969	1.132362e+00
1970	1.133662e+00
1971	1.133089e+00
1972	1.129382e+00
1973	1.123488e+00
1974	1.114888e+00
1975	1.106194e+00
1976	1.098199e+00
1977	1.088601e+00
1978	1.080806e+00
1979	1.074380e+00
1980	1.070627e+00
1981	1.069776e+00
1982	1.072266e+00
1983	1.076627e+00
1984	1.081764e+00
1985	1.088199e+00
1986	1.094651e+00
1987	1.101569e+00
1988	1.107217e+00
1989	1.111496e+00
1990	1.115165e+00
1991	1.117750e+00
1992	1.118618e+00
1993	1.119461e+00
1994	1.116936e+00
1995	1.113326e+00
1996	1.110642e+00
1997	1.108455e+00
1998	1.106724e+00
1999	1.105287e+00
2000	1.102816e+00
2001	1.099555e+00
2002	1.097397e+00
2003	1.097506e+00
2004	1.098764e+00
2005	1.101614e+00
2006	1.105006e+00
2007	1.108304e+00
2008	1.111901e+00
2009	1.115100e+00
2010	1.117866e+00
2011	1.118916e+00
2012	1.118265e+00
2013	1.116056e+00
2014	1.112658e+00
2015	1.108105e+00
2016	1.102943e+00
2017	1.097860e+00
2018	1.092153e+00
2019	1.088887e+00
2020	1.087429e+00
2021	1.086099e+00
2022	1.086538e+00
2023	1.087581e+00
2024	1.090861e+00
2025	1.095055e+00
2026	1.099444e+00
2027	1.104639e+00
2028	1.109958e+00
2029	1.114647e+00
2030	1.118034e+00
2031	1.118904e+00
2032	1.119238e+00
2033	1.116151e+00
2034	1.112957e+00
2035	1.109955e+00
2036	1.104950e+00
2037	1.100936e+00
2038	1.096099e+00
2039	1.091159e+00
2040	1.086017e+00
2041	1.082090e+00
2042	1.080280e+00
2043	1.079894e+00
2044	1.080422e+00
2045	1.081439e+00
2046	1.082601e+00
2047	1.084085e+00
2048	1.085805e+00
2049	1.089794e+00
2050	1.095249e+00
2051	1.100718e+00
2052	1.105794e+00
2053	1.110306e+00
2054	1.114120e+00
2055	1.118088e+00
2056	1.119927e+00
2057	1.119441e+00
2058	1.117445e+00
2059	1.115032e+00
2060	1.112142e+00
2061	1.107448e+00
2062	1.101579e+00
2063	1.094951e+00
2064	1.089665e+00
2065	1.085954e+00
2066	1.082945e+00
2067	1.082275e+00
2068	1.082741e+00
2069	1.085677e+00
2070	1.089837e+00
2071	1.096146e+00
2072	1.101972e+00
2073	1.107147e+00
2074	1.111910e+00
2075	1.117535e+00
2076	1.121247e+00
2077	1.123297e+00
2078	1.123721e+00
2079	1.121882e+00
2080	1.118644e+00
2081	1.115097e+00
2082	1.111071e+00
2083	1.106592e+00
2084	1.102158e+00
2085	1.097427e+00
2086	1.092470e+00
2087	1.087626e+00
2088	1.083262e+00
2089	1.081110e+00
2090	1.080199e+00
2091	1.081670e+00
2092	1.083955e+00
2093	1.087520e+00
2094	1.091835e+00
2095	1.097470e+00
2096	1.104023e+00
2097	1.109991e+00
2098	1.112822e+00
2099	1.115078e+00
2100	1.114890e+00
2101	1.112167e+00
2102	1.107169e+00
2103	1.099904e+00
2104	1.091969e+00
2105	1.084252e+00
2106	1.078093e+00
2107	1.073119e+00
2108	1.069518e+00
2109	1.068986e+00
2110	1.071444e+00
2111	1.076140e+00
2112	1.081919e+00
2113	1.090159e+00
2114	1.098267e+00
2115	1.106837e+00
2116	1.113162e+00
2117	1.118607e+00
2118	1.121241e+00
2119	1.122418e+00
2120	1.122146e+00
2121	1.119499e+00
2122	1.115232e+00
2123	1.110313e+00
2124	1.104052e+00
2125	1.097557e+00
2126	1.092213e+00
2127	1.087048e+00
2128	1.082856e+00
2129	1.080181e+00
2130	1.081491e+00
2131	1.085542e+00
2132	1.090535e+00
2133	1.096348e+00
2134	1.102863e+00
2135	1.110187e+00
2136	1.115750e+00
2137	1.119667e+00
2138	1.123721e+00
2139	1.125706e+00
2140	1.127317e+00
2141	1.126741e+00
2142	1.122878e+00
2143	1.116845e+00
2144	1.109757e+00
2145	1.102438e+00
2146	1.094304e+00
2147	1.087645e+00
2148	1.082680e+00
2149	1.077667e+00
2150	1.073111e+00
2151	1.071052e+00
2152	1.070869e+00
2153	1.073438e+00
2154	1.079031e+00
2155	1.086485e+00
2156	1.093623e+00
2157	1.100926e+00
2158	1.107738e+00
2159	1.113040e+00
2160	1.114427e+00
2161	1.114744e+00
2162	1.112163e+00
2163	1.107403e+00
2164	1.102456e+00
2165	1.096540e+00
2166	1.090907e+00
2167	1.084765e+00
2168	1.077640e+00
2169	1.072347e+00
2170	1.069143e+00
2171	1.065776e+00
2172	1.064956e+00
2173	1.066543e+00
2174	1.069244e+00
2175	1.071375e+00
2176	1.073543e+00
2177	1.077144e+00
2178	1.080812e+00
2179	1.084981e+00
2180	1.088323e+00
2181	1.091862e+00
2182	1.094893e+00
2183	1.098475e+00
2184	1.101214e+00
2185	1.102052e+00
2186	1.099863e+00
2187	1.096677e+00
2188	1.093288e+00
2189	1.090789e+00
2190	1.090838e+00
2191	1.090947e+00
2192	1.093377e+00
2193	1.096641e+00
2194	1.101119e+00
2195	1.105027e+00
2196	1.108808e+00
2197	1.114412e+00
2198	1.119330e+00
2199	1.122841e+00
2200	1.124896e+00
2201	1.125931e+00
2202	1.123438e+00
2203	1.119136e+00
2204	1.112184e+00
2205	1.104033e+00
2206	1.094394e+00
2207	1.084150e+00
2208	1.075279e+00
2209	1.067574e+00
2210	1.063422e+00
2211	1.061877e+00
2212	1.063173e+00
2213	1.066564e+00
2214	1.071538e+00
2215	1.077472e+00
2216	1.084007e+00
2217	1.091868e+00
2218	1.100004e+00
2219	1.107131e+00
2220	1.112613e+00
2221	1.117485e+00
2222	1.119429e+00
2223	1.120965e+00
2224	1.120400e+00
2225	1.119585e+00
2226	1.118237e+00
2227	1.116271e+00
2228	1.113906e+00
2229	1.112105e+00
2230	1.110104e+00
2231	1.108236e+00
2232	1.107043e+00
2233	1.105901e+00
2234	1.105477e+00
2235	1.105412e+00
2236	1.106224e+00
2237	1.104406e+00
2238	1.104592e+00
2239	1.104718e+00
2240	1.104438e+00
2241	1.104446e+00
2242	1.103074e+00
2243	1.101984e+00
2244	1.098867e+00
2245	1.097677e+00
2246	1.096728e+00
2247	1.094687e+00
2248	1.093999e+00
2249	1.094595e+00
2250	1.094521e+00
2251	1.094213e+00
2252	1.093718e+00
2253	1.093119e+00
2254	1.092841e+00
2255	1.094871e+00
2256	1.098399e+00
2257	1.102069e+00
2258	1.104639e+00
2259	1.107835e+00
2260	1.108701e+00
2261	1.109869e+00
2262	1.111309e+00
2263	1.111190e+00
2264	1.111262e+00
2265	1.110773e+00
2266	1.110648e+00
2267	1.110246e+00
2268	1.110260e+00
2269	1.108230e+00
2270	1.105541e+00
2271	1.103720e+00
2272	1.101170e+00
2273	1.099381e+00
2274	1.097635e+00
2275	1.096128e+00
2276	1.094558e+00
2277	1.094530e+00
2278	1.093724e+00
2279	1.093198e+00
2280	1.091897e+00
2281	1.090517e+00
2282	1.090545e+00
2283	1.090560e+00
2284	1.091908e+00
2285	1.093428e+00
2286	1.096741e+00
2287	1.101376e+00
2288	1.107152e+00
2289	1.112160e+00
2290	1.115743e+00
2291	1.118840e+00
2292	1.120195e+00
2293	1.120832e+00
2294	1.119328e+00
2295	1.118071e+00
2296	1.115905e+00
2297	1.112207e+00
2298	1.109415e+00
2299	1.105463e+00
2300	1.100910e+00
2301	1.098023e+00
2302	1.096959e+00
2303	1.096839e+00
2304	1.097759e+00
2305	1.096898e+00
2306	1.095918e+00
2307	1.093712e+00
2308	1.092322e+00
2309	1.092216e+00
2310	1.092709e+00
2311	1.095062e+00
2312	1.096319e+00
2313	1.098210e+00
2314	1.100541e+00
2315	1.101523e+00
2316	1.102806e+00
2317	1.105604e+00
2318	1.106559e+00
2319	1.107348e+00
2320	1.106805e+00
2321	1.105476e+00
2322	1.103023e+00
2323	1.099760e+00
2324	1.094923e+00
2325	1.089058e+00
2326	1.083756e+00
2327	1.080509e+00
2328	1.077363e+00
2329	1.074853e+00
2330	1.073098e+00
2331	1.072789e+00
2332	1.073289e+00
2333	1.074510e+00
2334	1.076765e+00
2335	1.080133e+00
2336	1.084304e+00
2337	1.089265e+00
2338	1.095049e+00
2339	1.100685e+00
2340	1.104895e+00
2341	1.107833e+00
2342	1.109406e+00
2343	1.108600e+00
2344	1.106249e+00
2345	1.101771e+00
2346	1.096524e+00
2347	1.090950e+00
2348	1.085311e+00
2349	1.079331e+00
2350	1.076129e+00
2351	1.074636e+00
2352	1.075755e+00
2353	1.079579e+00
2354	1.084946e+00
2355	1.091695e+00
2356	1.098618e+00
2357	1.104232e+00
2358	1.108974e+00
2359	1.112520e+00
2360	1.116344e+00
2361	1.118856e+00
2362	1.118916e+00
2363	1.118580e+00
2364	1.115838e+00
2365	1.110845e+00
2366	1.105139e+00
2367	1.098950e+00
2368	1.093081e+00
2369	1.088194e+00
2370	1.084657e+00
2371	1.082932e+00
2372	1.083260e+00
2373	1.083241e+00
2374	1.085620e+00
2375	1.089573e+00
2376	1.094225e+00
2377	1.098938e+00
2378	1.103534e+00
2379	1.108133e+00
2380	1.112953e+00
2381	1.117899e+00
2382	1.120722e+00
2383	1.122780e+00
2384	1.122078e+00
2385	1.122566e+00
2386	1.122980e+00
2387	1.121507e+00
2388	1.119704e+00
2389	1.115888e+00
2390	1.109189e+00
2391	1.101530e+00
2392	1.093526e+00
2393	1.086412e+00
2394	1.080030e+00
2395	1.075681e+00
2396	1.072987e+00
2397	1.072469e+00
2398	1.073533e+00
2399	1.076256e+00
2400	1.079645e+00
2401	1.085422e+00
2402	1.093197e+00
2403	1.100485e+00
2404	1.107459e+00
2405	1.114033e+00
2406	1.122326e+00
2407	1.127413e+00
2408	1.130229e+00
2409	1.130854e+00
2410	1.128969e+00
2411	1.125904e+00
2412	1.121617e+00
2413	1.115642e+00
2414	1.109544e+00
2415	1.103143e+00
2416	1.095591e+00
2417	1.089268e+00
2418	1.084602e+00
2419	1.081377e+00
2420	1.079830e+00
2421	1.081002e+00
2422	1.083548e+00
2423	1.087352e+00
2424	1.091842e+00
2425	1.097675e+00
2426	1.103737e+00
2427	1.110060e+00
2428	1.114200e+00
2429	1.117175e+00
2430	1.118093e+00
2431	1.118158e+00
2432	1.116824e+00
2433	1.115356e+00
2434	1.113808e+00
2435	1.112452e+00
2436	1.111054e+00
2437	1.109691e+00
2438	1.107960e+00
2439	1.106906e+00
2440	1.107188e+00
2441	1.106936e+00
2442	1.105759e+00
2443	1.104024e+00
2444	1.101700e+00
2445	1.100384e+00
2446	1.099646e+00
2447	1.100632e+00
2448	1.101860e+00
2449	1.104272e+00
2450	1.105291e+00
2451	1.105503e+00
2452	1.106550e+00
2453	1.107121e+00
2454	1.108316e+00
2455	1.107904e+00
2456	1.107450e+00
2457	1.107260e+00
2458	1.105667e+00
2459	1.104615e+00
2460	1.103564e+00
2461	1.102020e+00
2462	1.099578e+00
2463	1.098239e+00
2464	1.097736e+00
2465	1.098187e+00
2466	1.098770e+00
2467	1.099979e+00
2468	1.101668e+00
2469	1.105570e+00
2470	1.108973e+00
2471	1.113615e+00
2472	1.116349e+00
2473	1.118254e+00
2474	1.119585e+00
2475	1.121192e+00
2476	1.121722e+00
2477	1.119975e+00
2478	1.116080e+00
2479	1.112436e+00
2480	1.109133e+00
2481	1.105168e+00
2482	1.100347e+00
2483	1.095135e+00
2484	1.089844e+00
2485	1.085257e+00
2486	1.084479e+00
2487	1.086091e+00
2488	1.088643e+00
2489	1.092081e+00
2490	1.096985e+00
2491	1.102221e+00
2492	1.106813e+00
2493	1.109506e+00
2494	1.111879e+00
2495	1.113431e+00
2496	1.112720e+00
2497	1.110868e+00
2498	1.107499e+00
2499	1.104470e+00
2500	1.100926e+00
2501	1.097994e+00
2502	1.093943e+00
2503	1.092528e+00
2504	1.090496e+00
2505	1.088100e+00
2506	1.086110e+00
2507	1.085506e+00
2508	1.086083e+00
2509	1.086370e+00
2510	1.087696e+00
2511	1.089561e+00
2512	1.092400e+00
2513	1.096097e+00
2514	1.098423e+00
2515	1.101083e+00
2516	1.104863e+00
2517	1.109449e+00
2518	1.112938e+00
2519	1.115561e+00
2520	1.116214e+00
2521	1.116101e+00
2522	1.116555e+00
2523	1.115501e+00
2524	1.112127e+00
2525	1.106844e+00
2526	1.102871e+00
2527	1.098823e+00
2528	1.095189e+00
2529	1.092566e+00
2530	1.092766e+00
2531	1.095360e+00
2532	1.099336e+00
2533	1.105820e+00
2534	1.112879e+00
2535	1.119370e+00
2536	1.124324e+00
2537	1.128032e+00
2538	1.130532e+00
2539	1.131023e+00
2540	1.128769e+00
2541	1.123844e+00
2542	1.116086e+00
2543	1.107560e+00
2544	1.097094e+00
2545	1.086061e+00
2546	1.076455e+00
2547	1.070534e+00
2548	1.068774e+00
2549	1.069555e+00
2550	1.072690e+00
2551	1.078443e+00
2552	1.086242e+00
2553	1.096011e+00
2554	1.105861e+00
2555	1.114894e+00
2556	1.120981e+00
2557	1.125417e+00
2558	1.126774e+00
2559	1.126502e+00
2560	1.123573e+00
2561	1.117178e+00
2562	1.108327e+00
2563	1.098470e+00
2564	1.088847e+00
2565	1.081153e+00
2566	1.074821e+00
2567	1.069379e+00
2568	1.068019e+00
2569	1.069658e+00
2570	1.073284e+00
2571	1.078849e+00
2572	1.086008e+00
2573	1.095059e+00
2574	1.103520e+00
2575	1.112446e+00
2576	1.120071e+00
2577	1.126277e+00
2578	1.130247e+00
2579	1.132898e+00
2580	1.133833e+00
2581	1.131360e+00
2582	1.128628e+00
2583	1.126324e+00
2584	1.123428e+00
2585	1.117359e+00
2586	1.111089e+00
2587	1.103269e+00
2588	1.095841e+00
2589	1.090085e+00
2590	1.086173e+00
2591	1.083176e+00
2592	1.080770e+00
2593	1.081676e+00
2594	1.085275e+00
2595	1.091479e+00
2596	1.101091e+00
2597	1.110098e+00
2598	1.119229e+00
2599	1.126299e+00
2600	1.130414e+00
2601	1.132123e+00
2602	1.132997e+00
2603	1.131741e+00
2604	1.127679e+00
2605	1.121880e+00
2606	1.115524e+00
2607	1.107345e+00
2608	1.098920e+00
2609	1.091209e+00
2610	1.083882e+00
2611	1.079410e+00
2612	1.077481e+00
2613	1.078834e+00
2614	1.082595e+00
2615	1.087633e+00
2616	1.094455e+00
2617	1.101679e+00
2618	1.108327e+00
2619	1.113410e+00
2620	1.117948e+00
2621	1.118677e+00
2622	1.117223e+00
2623	1.115761e+00
2624	1.114743e+00
2625	1.112343e+00
2626	1.109645e+00
2627	1.105939e+00
2628	1.101185e+00
2629	1.096069e+00
2630	1.088961e+00
2631	1.083665e+00
2632	1.081149e+00
2633	1.080593e+00
2634	1.082814e+00
2635	1.086241e+00
2636	1.091313e+00
2637	1.097217e+00
2638	1.104387e+00
2639	1.110798e+00
2640	1.114608e+00
2641	1.115981e+00
2642	1.116350e+00
2643	1.115661e+00
2644	1.114712e+00
2645	1.111830e+00
2646	1.107186e+00
2647	1.100764e+00
2648	1.095066e+00
2649	1.089452e+00
2650	1.084726e+00
2651	1.080880e+00
2652	1.080084e+00
2653	1.080353e+00
2654	1.083875e+00
2655	1.089310e+00
2656	1.096431e+00
2657	1.104302e+00
2658	1.110741e+00
2659	1.116473e+00
2660	1.119703e+00
2661	1.121005e+00
2662	1.119039e+00
2663	1.115183e+00
2664	1.109514e+00
2665	1.104182e+00
2666	1.099708e+00
2667	1.095071e+00
2668	1.091116e+00
2669	1.087373e+00
2670	1.084724e+00
2671	1.084258e+00
2672	1.084411e+00
2673	1.085114e+00
2674	1.087671e+00
2675	1.090809e+00
2676	1.094666e+00
2677	1.098395e+00
2678	1.102700e+00
2679	1.107339e+00
2680	1.109165e+00
2681	1.110433e+00
2682	1.110448e+00
2683	1.108550e+00
2684	1.106296e+00
2685	1.104981e+00
2686	1.103859e+00
2687	1.102360e+00
2688	1.100840e+00
2689	1.098368e+00
2690	1.097156e+00
2691	1.095694e+00
2692	1.094363e+00
2693	1.093578e+00
2694	1.093868e+00
2695	1.094549e+00
2696	1.094907e+00
2697	1.095475e+00
2698	1.095504e+00
2699	1.096263e+00
2700	1.095647e+00
2701	1.094789e+00
2702	1.094086e+00
2703	1.093538e+00
2704	1.093779e+00
2705	1.094463e+00
2706	1.093983e+00
2707	1.094787e+00
2708	1.097422e+00
2709	1.099732e+00
2710	1.100783e+00
2711	1.101553e+00
2712	1.100941e+00
2713	1.098098e+00
2714	1.093629e+00
2715	1.089656e+00
2716	1.086034e+00
2717	1.084180e+00
2718	1.082906e+00
2719	1.082833e+00
2720	1.084103e+00
2721	1.084512e+00
2722	1.086025e+00
2723	1.087593e+00
2724	1.089337e+00
2725	1.090116e+00
2726	1.090252e+00
2727	1.092164e+00
2728	1.094609e+00
2729	1.096492e+00
2730	1.097736e+00
2731	1.097413e+00
2732	1.097058e+00
2733	1.098099e+00
2734	1.098681e+00
2735	1.099756e+00
2736	1.099719e+00
2737	1.098297e+00
2738	1.096647e+00
2739	1.094863e+00
2740	1.094341e+00
2741	1.093647e+00
2742	1.091728e+00
2743	1.089608e+00
2744	1.087199e+00
2745	1.085852e+00
2746	1.084889e+00
2747	1.085150e+00
2748	1.086153e+00
2749	1.088367e+00
2750	1.091034e+00
2751	1.094073e+00
2752	1.096589e+00
2753	1.098832e+00
2754	1.100252e+00
2755	1.101772e+00
2756	1.102885e+00
2757	1.103910e+00
2758	1.106072e+00
2759	1.108946e+00
2760	1.110154e+00
2761	1.110074e+00
2762	1.110122e+00
2763	1.109576e+00
2764	1.108241e+00
2765	1.107916e+00
2766	1.107753e+00
2767	1.109099e+00
2768	1.109085e+00
2769	1.108153e+00
2770	1.106824e+00
2771	1.105665e+00
2772	1.105054e+00
2773	1.106370e+00
2774	1.108183e+00
2775	1.111103e+00
2776	1.114090e+00
2777	1.114866e+00
2778	1.114076e+00
2779	1.112188e+00
2780	1.109973e+00
2781	1.106821e+00
2782	1.103085e+00
2783	1.100161e+00
2784	1.098162e+00
2785	1.095956e+00
2786	1.093873e+00
2787	1.091587e+00
2788	1.090015e+00
2789	1.089155e+00
2790	1.089159e+00
2791	1.091149e+00
2792	1.093985e+00
2793	1.096038e+00
2794	1.098905e+00
2795	1.102655e+00
2796	1.107662e+00
2797	1.112935e+00
2798	1.115413e+00
2799	1.116382e+00
2800	1.117695e+00
2801	1.117479e+00
2802	1.115244e+00
2803	1.111109e+00
2804	1.104770e+00
2805	1.097952e+00
2806	1.089679e+00
2807	1.081826e+00
2808	1.073522e+00
2809	1.067837e+00
2810	1.064026e+00
2811	1.062519e+00
2812	1.064252e+00
2813	1.069768e+00
2814	1.076989e+00
2815	1.086571e+00
2816	1.097113e+00
2817	1.106180e+00
2818	1.114360e+00
2819	1.120832e+00
2820	1.126515e+00
2821	1.129899e+00
2822	1.130006e+00
2823	1.127224e+00
2824	1.122489e+00
2825	1.114992e+00
2826	1.106517e+00
2827	1.096933e+00
2828	1.088252e+00
2829	1.079438e+00
2830	1.072747e+00
2831	1.069315e+00
2832	1.067912e+00
2833	1.067602e+00
2834	1.072199e+00
2835	1.080759e+00
2836	1.090351e+00
2837	1.101268e+00
2838	1.111837e+00
2839	1.121977e+00
2840	1.130830e+00
2841	1.137116e+00
2842	1.139458e+00
2843	1.136609e+00
2844	1.130652e+00
2845	1.120067e+00
2846	1.108004e+00
2847	1.095364e+00
2848	1.082038e+00
2849	1.071239e+00
2850	1.062048e+00
2851	1.055691e+00
2852	1.053648e+00
2853	1.055982e+00
2854	1.062343e+00
2855	1.072383e+00
2856	1.084604e+00
2857	1.098506e+00
2858	1.112534e+00
2859	1.125742e+00
2860	1.136352e+00
2861	1.143545e+00
2862	1.146655e+00
2863	1.146203e+00
2864	1.142016e+00
2865	1.135019e+00
2866	1.124153e+00
2867	1.112054e+00
2868	1.098960e+00
2869	1.085950e+00
2870	1.073982e+00
2871	1.065519e+00
2872	1.058363e+00
2873	1.054847e+00
2874	1.055088e+00
2875	1.059019e+00
2876	1.065475e+00
2877	1.071898e+00
2878	1.081937e+00
2879	1.092687e+00
2880	1.102735e+00
2881	1.112175e+00
2882	1.119760e+00
2883	1.126168e+00
2884	1.130483e+00
2885	1.132118e+00
2886	1.130851e+00
2887	1.127056e+00
2888	1.120166e+00
2889	1.110636e+00
2890	1.100307e+00
2891	1.089058e+00
2892	1.077966e+00
2893	1.069129e+00
2894	1.060945e+00
2895	1.056180e+00
2896	1.053931e+00
2897	1.055558e+00
2898	1.060573e+00
2899	1.068527e+00
2900	1.079044e+00
2901	1.089552e+00
2902	1.100686e+00
2903	1.111349e+00
2904	1.120890e+00
2905	1.129262e+00
2906	1.134793e+00
2907	1.137167e+00
2908	1.137207e+00
2909	1.133846e+00
2910	1.127620e+00
2911	1.117199e+00
2912	1.106027e+00
2913	1.092754e+00
2914	1.079841e+00
2915	1.069299e+00
2916	1.059709e+00
2917	1.053985e+00
2918	1.052327e+00
2919	1.053753e+00
2920	1.058995e+00
2921	1.066158e+00
2922	1.075811e+00
2923	1.088104e+00
2924	1.102261e+00
2925	1.115526e+00
2926	1.126409e+00
2927	1.135989e+00
2928	1.140658e+00
2929	1.142169e+00
2930	1.140310e+00
2931	1.133412e+00
2932	1.122725e+00
2933	1.109248e+00
2934	1.093621e+00
2935	1.077140e+00
2936	1.063546e+00
2937	1.051843e+00
2938	1.043316e+00
2939	1.039514e+00
2940	1.041691e+00
2941	1.047985e+00
2942	1.058808e+00
2943	1.073537e+00
2944	1.090131e+00
2945	1.106590e+00
2946	1.123879e+00
2947	1.138608e+00
2948	1.149495e+00
2949	1.156107e+00
2950	1.158008e+00
2951	1.154290e+00
2952	1.145945e+00
2953	1.132147e+00
2954	1.115390e+00
2955	1.097557e+00
2956	1.080165e+00
2957	1.064012e+00
2958	1.050750e+00
2959	1.042962e+00
2960	1.038929e+00
2961	1.040111e+00
2962	1.045756e+00
2963	1.056225e+00
2964	1.070575e+00
2965	1.087862e+00
2966	1.105781e+00
2967	1.123898e+00
2968	1.142370e+00
2969	1.156760e+00
2970	1.166349e+00
2971	1.170329e+00
2972	1.168958e+00
2973	1.161603e+00
2974	1.150377e+00
2975	1.134822e+00
2976	1.115926e+00
2977	1.096026e+00
2978	1.075654e+00
2979	1.056574e+00
2980	1.041899e+00
2981	1.030784e+00
2982	1.026808e+00
2983	1.029412e+00
2984	1.037535e+00
2985	1.052248e+00
2986	1.070720e+00
2987	1.091099e+00
2988	1.112848e+00
2989	1.132135e+00
2990	1.149248e+00
2991	1.163327e+00
2992	1.171288e+00
2993	1.172950e+00
2994	1.169130e+00
2995	1.160381e+00
2996	1.147126e+00
2997	1.129831e+00
2998	1.110723e+00
2999	1.090555e+00
3000	1.070601e+00
3001	1.053502e+00
3002	1.041531e+00
3003	1.034879e+00
3004	1.034528e+00
3005	1.039217e+00
3006	1.049352e+00
3007	1.063244e+00
3008	1.080177e+00
3009	1.098477e+00
3010	1.118021e+00
3011	1.136492e+00
3012	1.152529e+00
3013	1.164392e+00
3014	1.171237e+00
3015	1.173509e+00
3016	1.170798e+00
3017	1.161322e+00
3018	1.146688e+00
3019	1.128928e+00
3020	1.108127e+00
3021	1.086479e+00
3022	1.065740e+00
3023	1.048450e+00
3024	1.036698e+00
3025	1.028805e+00
3026	1.027669e+00
3027	1.033660e+00
3028	1.044022e+00
3029	1.059845e+00
3030	1.079860e+00
3031	1.101236e+00
3032	1.120973e+00
3033	1.138687e+00
3034	1.153269e+00
3035	1.163769e+00
3036	1.168963e+00
3037	1.169454e+00
3038	1.162504e+00
3039	1.152349e+00
3040	1.137076e+00
3041	1.117341e+00
3042	1.096593e+00
3043	1.075266e+00
3044	1.055987e+00
3045	1.040198e+00
3046	1.029648e+00
3047	1.025586e+00
3048	1.027636e+00
3049	1.035942e+00
3050	1.050397e+00
3051	1.068937e+00
3052	1.088951e+00
3053	1.108591e+00
3054	1.128633e+00
3055	1.147932e+00
3056	1.162165e+00
3057	1.171029e+00
3058	1.175369e+00
3059	1.173326e+00
3060	1.166715e+00
3061	1.156466e+00
3062	1.142203e+00
3063	1.126130e+00
3064	1.108181e+00
3065	1.089592e+00
3066	1.073065e+00
3067	1.061945e+00
3068	1.054888e+00
3069	1.052134e+00
3070	1.055240e+00
3071	1.061987e+00
3072	1.073707e+00
3073	1.088387e+00
3074	1.103925e+00
3075	1.120454e+00
3076	1.135449e+00
3077	1.146722e+00
3078	1.154689e+00
3079	1.159429e+00
3080	1.160953e+00
3081	1.159898e+00
3082	1.155411e+00
3083	1.145811e+00
3084	1.134813e+00
3085	1.120845e+00
3086	1.105421e+00
3087	1.088565e+00
3088	1.070971e+00
3089	1.056115e+00
3090	1.044680e+00
3091	1.038894e+00
3092	1.039545e+00
3093	1.045390e+00
3094	1.054269e+00
3095	1.067581e+00
3096	1.084896e+00
3097	1.102588e+00
3098	1.117869e+00
3099	1.130147e+00
3100	1.138431e+00
3101	1.143102e+00
3102	1.143178e+00
3103	1.138004e+00
3104	1.127806e+00
3105	1.113525e+00
3106	1.097086e+00
3107	1.079499e+00
3108	1.062673e+00
3109	1.048233e+00
3110	1.036876e+00
3111	1.029773e+00
3112	1.028880e+00
3113	1.033529e+00
3114	1.042481e+00
3115	1.055880e+00
3116	1.072040e+00
3117	1.089599e+00
3118	1.106436e+00
3119	1.121960e+00
3120	1.134366e+00
3121	1.142231e+00
3122	1.145373e+00
3123	1.144103e+00
3124	1.138970e+00
3125	1.131057e+00
3126	1.121035e+00
3127	1.110038e+00
3128	1.098637e+00
3129	1.086203e+00
3130	1.075579e+00
3131	1.069393e+00
3132	1.067124e+00
3133	1.067294e+00
3134	1.071719e+00
3135	1.081258e+00
3136	1.092913e+00
3137	1.104918e+00
3138	1.116483e+00
3139	1.126708e+00
3140	1.136684e+00
3141	1.143806e+00
3142	1.149676e+00
3143	1.153010e+00
3144	1.152066e+00
3145	1.148554e+00
3146	1.142235e+00
3147	1.134246e+00
3148	1.124547e+00
3149	1.110817e+00
3150	1.095964e+00
3151	1.082347e+00
3152	1.070749e+00
3153	1.061856e+00
3154	1.055220e+00
3155	1.052016e+00
3156	1.052968e+00
3157	1.058572e+00
3158	1.067923e+00
3159	1.081872e+00
3160	1.098610e+00
3161	1.116521e+00
3162	1.133791e+00
3163	1.148948e+00
3164	1.160364e+00
3165	1.166551e+00
3166	1.168065e+00
3167	1.165733e+00
3168	1.160299e+00
3169	1.150914e+00
3170	1.138736e+00
3171	1.124847e+00
3172	1.109483e+00
3173	1.092538e+00
3174	1.075959e+00
3175	1.061049e+00
3176	1.050576e+00
3177	1.043406e+00
3178	1.040161e+00
3179	1.042828e+00
3180	1.052612e+00
3181	1.064828e+00
3182	1.079552e+00
3183	1.093606e+00
3184	1.107897e+00
3185	1.121017e+00
3186	1.131454e+00
3187	1.138447e+00
3188	1.141524e+00
3189	1.140878e+00
3190	1.136285e+00
3191	1.129497e+00
3192	1.118781e+00
3193	1.105471e+00
3194	1.092863e+00
3195	1.079149e+00
3196	1.067023e+00
3197	1.057258e+00
3198	1.049613e+00
3199	1.047086e+00
3200	1.050525e+00
3201	1.058077e+00
3202	1.068784e+00
3203	1.081358e+00
3204	1.095815e+00
3205	1.110024e+00
3206	1.121651e+00
3207	1.131612e+00
3208	1.138534e+00
3209	1.140248e+00
3210	1.138312e+00
3211	1.133236e+00
3212	1.125422e+00
3213	1.116144e+00
3214	1.107282e+00
3215	1.098575e+00
3216	1.091195e+00
3217	1.086326e+00
3218	1.082979e+00
3219	1.082022e+00
3220	1.082372e+00
3221	1.084777e+00
3222	1.087482e+00
3223	1.090715e+00
3224	1.096095e+00
3225	1.102469e+00
3226	1.110279e+00
3227	1.117196e+00
3228	1.120779e+00
3229	1.122613e+00
3230	1.122457e+00
3231	1.119543e+00
3232	1.114806e+00
3233	1.107625e+00
3234	1.099852e+00
3235	1.091957e+00
3236	1.084180e+00
3237	1.077620e+00
3238	1.072618e+00
3239	1.069371e+00
3240	1.067438e+00
3241	1.068431e+00
3242	1.072093e+00
3243	1.078181e+00
3244	1.084629e+00
3245	1.093398e+00
3246	1.102514e+00
3247	1.111581e+00
3248	1.120286e+00
3249	1.128511e+00
3250	1.133578e+00
3251	1.137621e+00
3252	1.139847e+00
3253	1.139271e+00
3254	1.135852e+00
3255	1.130807e+00
3256	1.123228e+00
3257	1.114140e+00
3258	1.103761e+00
3259	1.092520e+00
3260	1.081727e+00
3261	1.072131e+00
3262	1.064309e+00
3263	1.060970e+00
3264	1.059944e+00
3265	1.061804e+00
3266	1.066401e+00
3267	1.074361e+00
3268	1.085052e+00
3269	1.095540e+00
3270	1.106152e+00
3271	1.115634e+00
3272	1.123007e+00
3273	1.129003e+00
3274	1.131200e+00
3275	1.130749e+00
3276	1.127127e+00
3277	1.120736e+00
3278	1.112965e+00
3279	1.105579e+00
3280	1.097657e+00
3281	1.089372e+00
3282	1.083033e+00
3283	1.077162e+00
3284	1.071394e+00
3285	1.067529e+00
3286	1.067011e+00
3287	1.070877e+00
3288	1.077308e+00
3289	1.085112e+00
3290	1.092679e+00
3291	1.099783e+00
3292	1.106702e+00
3293	1.113509e+00
3294	1.120368e+00
3295	1.126410e+00
3296	1.130697e+00
3297	1.131552e+00
3298	1.129376e+00
3299	1.125642e+00
3300	1.120196e+00
3301	1.112552e+00
3302	1.105254e+00
3303	1.096984e+00
3304	1.088350e+00
3305	1.082651e+00
3306	1.079350e+00
3307	1.077565e+00
3308	1.076679e+00
3309	1.077666e+00
3310	1.080979e+00
3311	1.085661e+00
3312	1.093233e+00
3313	1.103642e+00
3314	1.112439e+00
3315	1.120212e+00
3316	1.125398e+00
3317	1.129375e+00
3318	1.131015e+00
3319	1.129227e+00
3320	1.125743e+00
3321	1.119864e+00
3322	1.113690e+00
3323	1.106573e+00
3324	1.099082e+00
3325	1.090407e+00
3326	1.082130e+00
3327	1.075450e+00
3328	1.071375e+00
3329	1.069753e+00
3330	1.070716e+00
3331	1.073280e+00
3332	1.076693e+00
3333	1.081084e+00
3334	1.086118e+00
3335	1.092114e+00
3336	1.097313e+00
3337	1.100529e+00
3338	1.104464e+00
3339	1.105701e+00
3340	1.106278e+00
3341	1.105987e+00
3342	1.104880e+00
3343	1.102890e+00
3344	1.101493e+00
3345	1.098699e+00
3346	1.094917e+00
3347	1.090567e+00
3348	1.086147e+00
3349	1.082366e+00
3350	1.079605e+00
3351	1.075048e+00
3352	1.071481e+00
3353	1.070472e+00
3354	1.072004e+00
3355	1.075506e+00
3356	1.081050e+00
3357	1.086982e+00
3358	1.094867e+00
3359	1.103043e+00
3360	1.109957e+00
3361	1.115248e+00
3362	1.119263e+00
3363	1.121168e+00
3364	1.120123e+00
3365	1.116455e+00
3366	1.111038e+00
3367	1.103631e+00
3368	1.095696e+00
3369	1.088165e+00
3370	1.081924e+00
3371	1.077129e+00
3372	1.073460e+00
3373	1.071822e+00
3374	1.072447e+00
3375	1.075522e+00
3376	1.080781e+00
3377	1.088666e+00
3378	1.099873e+00
3379	1.111817e+00
3380	1.123362e+00
3381	1.133325e+00
3382	1.140263e+00
3383	1.144473e+00
3384	1.145698e+00
3385	1.144021e+00
3386	1.138889e+00
3387	1.130615e+00
3388	1.120706e+00
3389	1.110365e+00
3390	1.099787e+00
3391	1.088068e+00
3392	1.077293e+00
3393	1.070486e+00
3394	1.065832e+00
3395	1.063312e+00
3396	1.063842e+00
3397	1.067989e+00
3398	1.074595e+00
3399	1.082689e+00
3400	1.093136e+00
3401	1.104529e+00
3402	1.116219e+00
3403	1.127489e+00
3404	1.137434e+00
3405	1.145325e+00
3406	1.148728e+00
3407	1.148556e+00
3408	1.142599e+00
3409	1.132294e+00
3410	1.118945e+00
3411	1.102866e+00
3412	1.085742e+00
3413	1.069544e+00
3414	1.056008e+00
3415	1.046447e+00
3416	1.042204e+00
3417	1.045771e+00
3418	1.054776e+00
3419	1.067212e+00
3420	1.082561e+00
3421	1.099421e+00
3422	1.114876e+00
3423	1.130241e+00
3424	1.142683e+00
3425	1.152142e+00
3426	1.156885e+00
3427	1.155915e+00
3428	1.150058e+00
3429	1.140473e+00
3430	1.127846e+00
3431	1.112848e+00
3432	1.095187e+00
3433	1.078955e+00
3434	1.064996e+00
3435	1.053792e+00
3436	1.047474e+00
3437	1.046386e+00
3438	1.049779e+00
3439	1.057698e+00
3440	1.068350e+00
3441	1.082078e+00
3442	1.096271e+00
3443	1.110202e+00
3444	1.123160e+00
3445	1.134236e+00
3446	1.143907e+00
3447	1.150561e+00
3448	1.154886e+00
3449	1.155026e+00
3450	1.152158e+00
3451	1.146533e+00
3452	1.138209e+00
3453	1.126871e+00
3454	1.113164e+00
3455	1.099770e+00
3456	1.087619e+00
3457	1.075790e+00
3458	1.066996e+00
3459	1.060813e+00
3460	1.059737e+00
3461	1.061416e+00
3462	1.066918e+00
3463	1.076377e+00
3464	1.087229e+00
3465	1.098616e+00
3466	1.109049e+00
3467	1.118775e+00
3468	1.125893e+00
3469	1.130684e+00
3470	1.132875e+00
3471	1.132447e+00
3472	1.129479e+00
3473	1.123293e+00
3474	1.115575e+00
3475	1.106724e+00
3476	1.097469e+00
3477	1.089081e+00
3478	1.081749e+00
3479	1.076950e+00
3480	1.073491e+00
3481	1.073519e+00
3482	1.075878e+00
3483	1.080564e+00
3484	1.088240e+00
3485	1.097012e+00
3486	1.105731e+00
3487	1.115770e+00
3488	1.123569e+00
3489	1.131151e+00
3490	1.135863e+00
3491	1.138693e+00
3492	1.137849e+00
3493	1.134009e+00
3494	1.128125e+00
3495	1.120188e+00
3496	1.109801e+00
3497	1.097263e+00
3498	1.084418e+00
3499	1.072756e+00
3500	1.065595e+00
3501	1.059755e+00
3502	1.055836e+00
3503	1.054882e+00
3504	1.058651e+00
3505	1.065547e+00
3506	1.075444e+00
3507	1.088721e+00
3508	1.100905e+00
3509	1.113659e+00
3510	1.125138e+00
3511	1.133906e+00
3512	1.139576e+00
3513	1.141139e+00
3514	1.138606e+00
3515	1.133144e+00
3516	1.122754e+00
3517	1.111317e+00
3518	1.098183e+00
3519	1.082724e+00
3520	1.067353e+00
3521	1.054543e+00
3522	1.046761e+00
3523	1.043171e+00
3524	1.042438e+00
3525	1.047203e+00
3526	1.057346e+00
3527	1.070025e+00
3528	1.086099e+00
3529	1.103394e+00
3530	1.119457e+00
3531	1.134171e+00
3532	1.147176e+00
3533	1.157248e+00
3534	1.161740e+00
3535	1.161296e+00
3536	1.155724e+00
3537	1.145332e+00
3538	1.129746e+00
3539	1.112480e+00
3540	1.093434e+00
3541	1.075605e+00
3542	1.060060e+00
3543	1.049149e+00
3544	1.044188e+00
3545	1.044601e+00
3546	1.050495e+00
3547	1.060145e+00
3548	1.072576e+00
3549	1.086523e+00
3550	1.100097e+00
3551	1.113513e+00
3552	1.123730e+00
3553	1.130961e+00
3554	1.134549e+00
3555	1.134137e+00
3556	1.129906e+00
3557	1.123269e+00
3558	1.114300e+00
3559	1.105397e+00
3560	1.095383e+00
3561	1.086155e+00
3562	1.078133e+00
3563	1.073039e+00
3564	1.069918e+00
3565	1.068958e+00
3566	1.072019e+00
3567	1.076112e+00
3568	1.081944e+00
3569	1.089354e+00
3570	1.097926e+00
3571	1.105852e+00
3572	1.111998e+00
3573	1.117254e+00
3574	1.122882e+00
3575	1.127108e+00
3576	1.128811e+00
3577	1.128466e+00
3578	1.125934e+00
3579	1.121376e+00
3580	1.115874e+00
3581	1.110257e+00
3582	1.104888e+00
3583	1.098744e+00
3584	1.093934e+00
3585	1.088993e+00
3586	1.084092e+00
3587	1.079651e+00
3588	1.076568e+00
3589	1.076761e+00
3590	1.076684e+00
3591	1.079136e+00
3592	1.083511e+00
3593	1.089236e+00
3594	1.095434e+00
3595	1.101216e+00
3596	1.106693e+00
3597	1.109767e+00
3598	1.110921e+00
3599	1.111662e+00
3600	1.110064e+00
3601	1.107097e+00
3602	1.104162e+00
3603	1.102040e+00
3604	1.098646e+00
3605	1.095049e+00
3606	1.091466e+00
3607	1.087461e+00
3608	1.084137e+00
3609	1.081132e+00
3610	1.080416e+00
3611	1.079654e+00
3612	1.079328e+00
3613	1.079292e+00
3614	1.080777e+00
3615	1.084985e+00
3616	1.090759e+00
3617	1.097551e+00
3618	1.105039e+00
3619	1.112551e+00
3620	1.118339e+00
3621	1.123585e+00
3622	1.127068e+00
3623	1.128469e+00
3624	1.126939e+00
3625	1.123126e+00
3626	1.118462e+00
3627	1.112479e+00
3628	1.106044e+00
3629	1.099666e+00
3630	1.096217e+00
3631	1.092529e+00
3632	1.088323e+00
3633	1.083940e+00
3634	1.079858e+00
3635	1.077839e+00
3636	1.077448e+00
3637	1.080201e+00
3638	1.083906e+00
3639	1.090387e+00
3640	1.098761e+00
3641	1.107935e+00
3642	1.116388e+00
3643	1.124824e+00
3644	1.129506e+00
3645	1.131235e+00
3646	1.130153e+00
3647	1.127197e+00
3648	1.122211e+00
3649	1.114167e+00
3650	1.104655e+00
3651	1.094589e+00
3652	1.085571e+00
3653	1.078107e+00
3654	1.072767e+00
3655	1.069709e+00
3656	1.069262e+00
3657	1.071012e+00
3658	1.074585e+00
3659	1.079196e+00
3660	1.085629e+00
3661	1.092681e+00
3662	1.098981e+00
3663	1.105813e+00
3664	1.111356e+00
3665	1.118077e+00
3666	1.122358e+00
3667	1.124558e+00
3668	1.124789e+00
3669	1.122985e+00
3670	1.119223e+00
3671	1.113610e+00
3672	1.106282e+00
3673	1.097972e+00
3674	1.089819e+00
3675	1.082159e+00
3676	1.073382e+00
3677	1.065290e+00
3678	1.060945e+00
3679	1.059360e+00
3680	1.061385e+00
3681	1.068180e+00
3682	1.076568e+00
3683	1.087651e+00
3684	1.099954e+00
3685	1.112202e+00
3686	1.123071e+00
3687	1.131328e+00
3688	1.136860e+00
3689	1.138183e+00
3690	1.135519e+00
3691	1.129853e+00
3692	1.121799e+00
3693	1.111379e+00
3694	1.099652e+00
3695	1.089400e+00
3696	1.079154e+00
3697	1.068887e+00
3698	1.061221e+00
3699	1.057917e+00
3700	1.058664e+00
3701	1.062718e+00
3702	1.069980e+00
3703	1.078972e+00
3704	1.089088e+00
3705	1.099738e+00
3706	1.109828e+00
3707	1.118569e+00
3708	1.125008e+00
3709	1.129895e+00
3710	1.131910e+00
3711	1.130812e+00
3712	1.126704e+00
3713	1.120521e+00
3714	1.111701e+00
3715	1.101412e+00
3716	1.090238e+00
3717	1.080100e+00
3718	1.071774e+00
3719	1.065989e+00
3720	1.063445e+00
3721	1.064471e+00
3722	1.070280e+00
3723	1.078443e+00
3724	1.090669e+00
3725	1.103724e+00
3726	1.114843e+00
3727	1.123843e+00
3728	1.130406e+00
3729	1.135287e+00
3730	1.137741e+00
3731	1.136817e+00
3732	1.132539e+00
3733	1.126420e+00
3734	1.118006e+00
3735	1.107982e+00
3736	1.097601e+00
3737	1.089091e+00
3738	1.081783e+00
3739	1.075367e+00
3740	1.071207e+00
3741	1.068754e+00
3742	1.069930e+00
3743	1.072902e+00
3744	1.079215e+00
3745	1.087449e+00
3746	1.096125e+00
3747	1.104747e+00
3748	1.114034e+00
3749	1.122224e+00
3750	1.128790e+00
3751	1.132510e+00
3752	1.133719e+00
3753	1.133967e+00
3754	1.131596e+00
3755	1.128256e+00
3756	1.123633e+00
3757	1.117969e+00
3758	1.110370e+00
3759	1.101988e+00
3760	1.093677e+00
3761	1.086262e+00
3762	1.079041e+00
3763	1.075053e+00
3764	1.070924e+00
3765	1.069810e+00
3766	1.072671e+00
3767	1.078127e+00
3768	1.084798e+00
3769	1.093508e+00
3770	1.102308e+00
3771	1.110745e+00
3772	1.118838e+00
3773	1.126139e+00
3774	1.130676e+00
3775	1.131070e+00
3776	1.129654e+00
3777	1.126206e+00
3778	1.121007e+00
3779	1.113962e+00
3780	1.105021e+00
3781	1.095250e+00
3782	1.085549e+00
3783	1.076677e+00
3784	1.070987e+00
3785	1.068312e+00
3786	1.068235e+00
3787	1.070887e+00
3788	1.075574e+00
3789	1.081714e+00
3790	1.089623e+00
3791	1.097072e+00
3792	1.103815e+00
3793	1.109163e+00
3794	1.114651e+00
3795	1.119243e+00
3796	1.122115e+00
3797	1.123463e+00
3798	1.122345e+00
3799	1.120150e+00
3800	1.115871e+00
3801	1.110855e+00
3802	1.105648e+00
3803	1.098894e+00
3804	1.093193e+00
3805	1.087344e+00
3806	1.081399e+00
3807	1.077868e+00
3808	1.075990e+00
3809	1.077082e+00
3810	1.079678e+00
3811	1.083249e+00
3812	1.087277e+00
3813	1.093524e+00
3814	1.098879e+00
3815	1.104592e+00
3816	1.110966e+00
3817	1.116248e+00
3818	1.121553e+00
3819	1.125223e+00
3820	1.124554e+00
3821	1.122035e+00
3822	1.117813e+00
3823	1.112573e+00
3824	1.105547e+00
3825	1.096585e+00
3826	1.088977e+00
3827	1.083098e+00
3828	1.078398e+00
3829	1.074927e+00
3830	1.071755e+00
3831	1.070779e+00
3832	1.071553e+00
3833	1.074907e+00
3834	1.081409e+00
3835	1.090204e+00
3836	1.098943e+00
3837	1.109249e+00
3838	1.118436e+00
3839	1.127458e+00
3840	1.133677e+00
3841	1.136279e+00
3842	1.135413e+00
3843	1.132155e+00
3844	1.126794e+00
3845	1.118849e+00
3846	1.108822e+00
3847	1.098776e+00
3848	1.089942e+00
3849	1.083837e+00
3850	1.078707e+00
3851	1.076366e+00
3852	1.077113e+00
3853	1.081183e+00
3854	1.087457e+00
3855	1.095992e+00
3856	1.105010e+00
3857	1.115412e+00
3858	1.123494e+00
3859	1.128836e+00
3860	1.131591e+00
3861	1.132941e+00
3862	1.130869e+00
3863	1.127617e+00
3864	1.124080e+00
3865	1.117722e+00
3866	1.109226e+00
3867	1.101326e+00
3868	1.093910e+00
3869	1.085949e+00
3870	1.080401e+00
3871	1.077190e+00
3872	1.077139e+00
3873	1.080784e+00
3874	1.086630e+00
3875	1.093082e+00
3876	1.100319e+00
3877	1.108446e+00
3878	1.116544e+00
3879	1.123647e+00
3880	1.128588e+00
3881	1.131432e+00
3882	1.132810e+00
3883	1.132213e+00
3884	1.129220e+00
3885	1.123904e+00
3886	1.115189e+00
3887	1.105399e+00
3888	1.095683e+00
3889	1.087186e+00
3890	1.077156e+00
3891	1.068088e+00
3892	1.060764e+00
3893	1.058050e+00
3894	1.058816e+00
3895	1.063565e+00
3896	1.071171e+00
3897	1.079658e+00
3898	1.090050e+00
3899	1.101297e+00
3900	1.112495e+00
3901	1.124182e+00
3902	1.134575e+00
3903	1.141756e+00
3904	1.145407e+00
3905	1.145308e+00
3906	1.141771e+00
3907	1.135288e+00
3908	1.126898e+00
3909	1.117237e+00
3910	1.105909e+00
3911	1.093787e+00
3912	1.082249e+00
3913	1.071315e+00
3914	1.062938e+00
3915	1.059104e+00
3916	1.058842e+00
3917	1.063375e+00
3918	1.069920e+00
3919	1.078686e+00
3920	1.090216e+00
3921	1.102318e+00
3922	1.113887e+00
3923	1.124545e+00
3924	1.134149e+00
3925	1.141982e+00
3926	1.148140e+00
3927	1.151364e+00
3928	1.150341e+00
3929	1.143952e+00
3930	1.134068e+00
3931	1.119800e+00
3932	1.102874e+00
3933	1.085947e+00
3934	1.070424e+00
3935	1.056979e+00
3936	1.046729e+00
3937	1.041292e+00
3938	1.041365e+00
3939	1.047838e+00
3940	1.060000e+00
3941	1.075077e+00
3942	1.091527e+00
3943	1.108925e+00
3944	1.124994e+00
3945	1.139542e+00
3946	1.151595e+00
3947	1.159481e+00
3948	1.165085e+00
3949	1.165385e+00
3950	1.159203e+00
3951	1.148833e+00
3952	1.135721e+00
3953	1.120051e+00
3954	1.102415e+00
3955	1.085119e+00
3956	1.069469e+00
3957	1.057107e+00
3958	1.050236e+00
3959	1.047307e+00
3960	1.050375e+00
3961	1.059642e+00
3962	1.072300e+00
3963	1.088350e+00
3964	1.106586e+00
3965	1.124242e+00
3966	1.140622e+00
3967	1.154066e+00
3968	1.163969e+00
3969	1.168876e+00
3970	1.168592e+00
3971	1.162889e+00
3972	1.152355e+00
3973	1.136863e+00
3974	1.118331e+00
3975	1.098658e+00
3976	1.078688e+00
3977	1.060430e+00
3978	1.045878e+00
3979	1.036741e+00
3980	1.033690e+00
3981	1.036165e+00
3982	1.046399e+00
3983	1.061855e+00
3984	1.079919e+00
3985	1.100136e+00
3986	1.121988e+00
3987	1.144185e+00
3988	1.163755e+00
3989	1.178546e+00
3990	1.188027e+00
3991	1.190582e+00
3992	1.187214e+00
3993	1.178641e+00
3994	1.165514e+00
3995	1.148649e+00
3996	1.128178e+00
3997	1.106544e+00
3998	1.085724e+00
3999	1.066818e+00
4000	1.052840e+00
4001	1.043665e+00
4002	1.040079e+00
4003	1.044729e+00
4004	1.052706e+00
4005	1.065469e+00
4006	1.081997e+00
4007	1.099894e+00
4008	1.119044e+00
4009	1.136438e+00
4010	1.151517e+00
4011	1.163458e+00
4012	1.170255e+00
4013	1.171737e+00
4014	1.168330e+00
4015	1.162531e+00
4016	1.151412e+00
4017	1.136636e+00
4018	1.119149e+00
4019	1.100334e+00
4020	1.081126e+00
4021	1.062935e+00
4022	1.048560e+00
4023	1.040686e+00
4024	1.037755e+00
4025	1.041160e+00
4026	1.051717e+00
4027	1.066850e+00
4028	1.086118e+00
4029	1.107920e+00
4030	1.129120e+00
4031	1.145901e+00
4032	1.159347e+00
4033	1.167540e+00
4034	1.172131e+00
4035	1.169950e+00
4036	1.162242e+00
4037	1.151408e+00
4038	1.136796e+00
4039	1.119432e+00
4040	1.102283e+00
4041	1.085947e+00
4042	1.071175e+00
4043	1.060239e+00
4044	1.051852e+00
4045	1.047779e+00
4046	1.047454e+00
4047	1.050865e+00
4048	1.058882e+00
4049	1.071239e+00
4050	1.085998e+00
4051	1.101664e+00
4052	1.118441e+00
4053	1.134704e+00
4054	1.149208e+00
4055	1.158838e+00
4056	1.163292e+00
4057	1.162789e+00
4058	1.157118e+00
4059	1.148680e+00
4060	1.136274e+00
4061	1.121852e+00
4062	1.106815e+00
4063	1.090545e+00
4064	1.076832e+00
4065	1.064557e+00
4066	1.056258e+00
4067	1.052345e+00
4068	1.054205e+00
4069	1.060801e+00
4070	1.071685e+00
4071	1.084660e+00
4072	1.098737e+00
4073	1.113076e+00
4074	1.126794e+00
4075	1.138148e+00
4076	1.146297e+00
4077	1.152534e+00
4078	1.155404e+00
4079	1.153594e+00
4080	1.146392e+00
4081	1.135502e+00
4082	1.122812e+00
4083	1.108240e+00
4084	1.092588e+00
4085	1.079119e+00
4086	1.067893e+00
4087	1.060798e+00
4088	1.057585e+00
4089	1.059147e+00
4090	1.062920e+00
4091	1.069458e+00
4092	1.077888e+00
4093	1.088663e+00
4094	1.100160e+00
4095	1.110952e+00
4096	1.120860e+00
4097	1.128985e+00
4098	1.134650e+00
4099	1.136590e+00
4100	1.134700e+00
4101	1.130946e+00
4102	1.125139e+00
4103	1.117716e+00
4104	1.108770e+00
4105	1.098940e+00
4106	1.090311e+00
4107	1.082640e+00
4108	1.077583e+00
4109	1.074634e+00
4110	1.074391e+00
4111	1.075713e+00
4112	1.077072e+00
4113	1.080934e+00
4114	1.087320e+00
4115	1.096095e+00
4116	1.103862e+00
4117	1.111081e+00
4118	1.116655e+00
4119	1.120631e+00
4120	1.122196e+00
4121	1.122829e+00
4122	1.122859e+00
4123	1.122258e+00
4124	1.121486e+00
4125	1.121139e+00
4126	1.121164e+00
4127	1.119735e+00
4128	1.117190e+00
4129	1.112012e+00
4130	1.106356e+00
4131	1.101105e+00
4132	1.096172e+00
4133	1.093039e+00
4134	1.092113e+00
4135	1.092961e+00
4136	1.096639e+00
4137	1.100401e+00
4138	1.104757e+00
4139	1.108980e+00
4140	1.113530e+00
4141	1.117960e+00
4142	1.120143e+00
4143	1.121934e+00
4144	1.122986e+00
4145	1.122022e+00
4146	1.120079e+00
4147	1.116103e+00
4148	1.110623e+00
4149	1.105162e+00
4150	1.099262e+00
4151	1.094693e+00
4152	1.090496e+00
4153	1.086738e+00
4154	1.085325e+00
4155	1.085094e+00
4156	1.087283e+00
4157	1.091782e+00
4158	1.096066e+00
4159	1.100847e+00
4160	1.102620e+00
4161	1.104294e+00
4162	1.105434e+00
4163	1.105950e+00
4164	1.107067e+00
4165	1.109280e+00
4166	1.110028e+00
4167	1.110755e+00
4168	1.111568e+00
4169	1.109831e+00
4170	1.106819e+00
4171	1.102783e+00
4172	1.098443e+00
4173	1.094212e+00
4174	1.091584e+00
4175	1.092105e+00
4176	1.094216e+00
4177	1.096694e+00
4178	1.100177e+00
4179	1.104448e+00
4180	1.110858e+00
4181	1.117346e+00
4182	1.123193e+00
4183	1.128878e+00
4184	1.133123e+00
4185	1.137274e+00
4186	1.139569e+00
4187	1.140528e+00
4188	1.139088e+00
4189	1.134970e+00
4190	1.129550e+00
4191	1.123617e+00
4192	1.116899e+00
4193	1.110133e+00
4194	1.104309e+00
4195	1.101079e+00
4196	1.099794e+00
4197	1.100283e+00
4198	1.103338e+00
4199	1.107322e+00
4200	1.111285e+00
4201	1.116225e+00
4202	1.121270e+00
4203	1.124941e+00
4204	1.126939e+00
4205	1.127504e+00
4206	1.126431e+00
4207	1.123386e+00
4208	1.119668e+00
4209	1.115119e+00
4210	1.110546e+00
4211	1.105276e+00
4212	1.099457e+00
4213	1.093759e+00
4214	1.089121e+00
4215	1.085600e+00
4216	1.083814e+00
4217	1.084455e+00
4218	1.087573e+00
4219	1.091506e+00
4220	1.096482e+00
4221	1.101769e+00
4222	1.107754e+00
4223	1.115288e+00
4224	1.122566e+00
4225	1.130127e+00
4226	1.135444e+00
4227	1.139015e+00
4228	1.139122e+00
4229	1.135506e+00
4230	1.128886e+00
4231	1.119659e+00
4232	1.109613e+00
4233	1.099047e+00
4234	1.089642e+00
4235	1.079441e+00
4236	1.071422e+00
4237	1.066234e+00
4238	1.065784e+00
4239	1.069455e+00
4240	1.076911e+00
4241	1.085907e+00
4242	1.096496e+00
4243	1.108221e+00
4244	1.119721e+00
4245	1.128482e+00
4246	1.135394e+00
4247	1.138031e+00
4248	1.136741e+00
4249	1.134119e+00
4250	1.128276e+00
4251	1.119946e+00
4252	1.110489e+00
4253	1.100113e+00
4254	1.089846e+00
4255	1.081126e+00
4256	1.074862e+00
4257	1.069848e+00
4258	1.067432e+00
4259	1.068908e+00
4260	1.072671e+00
4261	1.079783e+00
4262	1.089130e+00
4263	1.100143e+00
4264	1.112692e+00
4265	1.124193e+00
4266	1.134595e+00
4267	1.141565e+00
4268	1.145328e+00
4269	1.145785e+00
4270	1.144276e+00
4271	1.138255e+00
4272	1.129152e+00
4273	1.118792e+00
4274	1.107090e+00
4275	1.093714e+00
4276	1.080437e+00
4277	1.069933e+00
4278	1.062770e+00
4279	1.057855e+00
4280	1.054527e+00
4281	1.054561e+00
4282	1.057922e+00
4283	1.064500e+00
4284	1.074404e+00
4285	1.087071e+00
4286	1.099748e+00
4287	1.114543e+00
4288	1.127310e+00
4289	1.137945e+00
4290	1.145331e+00
4291	1.148401e+00
4292	1.147618e+00
4293	1.142572e+00
4294	1.134968e+00
4295	1.123528e+00
4296	1.111581e+00
4297	1.099594e+00
4298	1.085731e+00
4299	1.072372e+00
4300	1.060364e+00
4301	1.050567e+00
4302	1.043530e+00
4303	1.040446e+00
4304	1.041368e+00
4305	1.046820e+00
4306	1.057779e+00
4307	1.073263e+00
4308	1.090377e+00
4309	1.108963e+00
4310	1.126468e+00
4311	1.141703e+00
4312	1.152872e+00
4313	1.160612e+00
4314	1.163666e+00
4315	1.160628e+00
4316	1.152673e+00
4317	1.140413e+00
4318	1.126729e+00
4319	1.110641e+00
4320	1.092917e+00
4321	1.074658e+00
4322	1.059034e+00
4323	1.047523e+00
4324	1.040875e+00
4325	1.040736e+00
4326	1.042927e+00
4327	1.050439e+00
4328	1.061535e+00
4329	1.075249e+00
4330	1.090157e+00
4331	1.105620e+00
4332	1.120162e+00
4333	1.132903e+00
4334	1.141364e+00
4335	1.145317e+00
4336	1.145460e+00
4337	1.139910e+00
4338	1.130814e+00
4339	1.118699e+00
4340	1.104971e+00
4341	1.091773e+00
4342	1.079739e+00
4343	1.067966e+00
4344	1.057418e+00
4345	1.050379e+00
4346	1.047746e+00
4347	1.049812e+00
4348	1.055937e+00
4349	1.064860e+00
4350	1.075726e+00
4351	1.088285e+00
4352	1.101493e+00
4353	1.113774e+00
4354	1.124126e+00
4355	1.131743e+00
4356	1.136838e+00
4357	1.137997e+00
4358	1.137476e+00
4359	1.133490e+00
4360	1.126666e+00
4361	1.119212e+00
4362	1.109133e+00
4363	1.099171e+00
4364	1.089063e+00
4365	1.079930e+00
4366	1.072106e+00
4367	1.066200e+00
4368	1.063624e+00
4369	1.063552e+00
4370	1.066099e+00
4371	1.072254e+00
4372	1.082565e+00
4373	1.094066e+00
4374	1.107507e+00
4375	1.119781e+00
4376	1.130414e+00
4377	1.138471e+00
4378	1.143366e+00
4379	1.144378e+00
4380	1.142839e+00
4381	1.138528e+00
4382	1.130884e+00
4383	1.121643e+00
4384	1.110763e+00
4385	1.098270e+00
4386	1.085115e+00
4387	1.073299e+00
4388	1.064629e+00
4389	1.058069e+00
4390	1.054978e+00
4391	1.055216e+00
4392	1.059685e+00
4393	1.068509e+00
4394	1.081357e+00
4395	1.095286e+00
4396	1.110997e+00
4397	1.126204e+00
4398	1.139647e+00
4399	1.148877e+00
4400	1.155063e+00
4401	1.158160e+00
4402	1.156059e+00
4403	1.150815e+00
4404	1.141664e+00
4405	1.131082e+00
4406	1.118371e+00
4407	1.104389e+00
4408	1.090926e+00
4409	1.078529e+00
4410	1.069353e+00
4411	1.064357e+00
4412	1.062938e+00
4413	1.065823e+00
4414	1.070973e+00
4415	1.079158e+00
4416	1.088503e+00
4417	1.100533e+00
4418	1.112210e+00
4419	1.124951e+00
4420	1.136210e+00
4421	1.144323e+00
4422	1.150860e+00
4423	1.153310e+00
4424	1.152769e+00
4425	1.149470e+00
4426	1.143883e+00
4427	1.134808e+00
4428	1.123860e+00
4429	1.110423e+00
4430	1.095892e+00
4431	1.081193e+00
4432	1.068346e+00
4433	1.058362e+00
4434	1.052124e+00
4435	1.049826e+00
4436	1.051051e+00
4437	1.057136e+00
4438	1.067118e+00
4439	1.079249e+00
4440	1.092750e+00
4441	1.106414e+00
4442	1.119614e+00
4443	1.130583e+00
4444	1.138369e+00
4445	1.145240e+00
4446	1.148320e+00
4447	1.147830e+00
4448	1.144914e+00
4449	1.138730e+00
4450	1.130907e+00
4451	1.119748e+00
4452	1.105413e+00
4453	1.089817e+00
4454	1.075584e+00
4455	1.063659e+00
4456	1.053966e+00
4457	1.046132e+00
4458	1.042353e+00
4459	1.044583e+00
4460	1.051394e+00
4461	1.061814e+00
4462	1.075758e+00
4463	1.090278e+00
4464	1.106249e+00
4465	1.120983e+00
4466	1.134811e+00
4467	1.145942e+00
4468	1.153368e+00
4469	1.155460e+00
4470	1.153334e+00
4471	1.146153e+00
4472	1.133552e+00
4473	1.119339e+00
4474	1.102518e+00
4475	1.084991e+00
4476	1.067073e+00
4477	1.049609e+00
4478	1.035290e+00
4479	1.026577e+00
4480	1.024296e+00
4481	1.028025e+00
4482	1.038532e+00
4483	1.054701e+00
4484	1.075915e+00
4485	1.099250e+00
4486	1.121647e+00
4487	1.142294e+00
4488	1.159093e+00
4489	1.172679e+00
4490	1.179860e+00
4491	1.182558e+00
4492	1.180066e+00
4493	1.172619e+00
4494	1.159808e+00
4495	1.142380e+00
4496	1.123573e+00
4497	1.102843e+00
4498	1.080239e+00
4499	1.059487e+00
4500	1.042099e+00
4501	1.030201e+00
4502	1.022686e+00
4503	1.022209e+00
4504	1.027515e+00
4505	1.040490e+00
4506	1.059786e+00
4507	1.081355e+00
4508	1.104303e+00
4509	1.125069e+00
4510	1.142202e+00
4511	1.155229e+00
4512	1.162392e+00
4513	1.163665e+00
4514	1.159321e+00
4515	1.151036e+00
4516	1.139341e+00
4517	1.125172e+00
4518	1.108447e+00
4519	1.091958e+00
4520	1.075959e+00
4521	1.062195e+00
4522	1.050909e+00
4523	1.044748e+00
4524	1.043475e+00
4525	1.044923e+00
4526	1.050874e+00
4527	1.059805e+00
4528	1.072661e+00
4529	1.089444e+00
4530	1.107044e+00
4531	1.123598e+00
4532	1.135917e+00
4533	1.145596e+00
4534	1.152406e+00
4535	1.153934e+00
4536	1.151041e+00
4537	1.145856e+00
4538	1.136936e+00
4539	1.125426e+00
4540	1.111742e+00
4541	1.096696e+00
4542	1.081723e+00
4543	1.067646e+00
4544	1.056683e+00
4545	1.052089e+00
4546	1.051796e+00
4547	1.054698e+00
4548	1.061327e+00
4549	1.070940e+00
4550	1.082374e+00
4551	1.095141e+00
4552	1.106942e+00
4553	1.118293e+00
4554	1.128237e+00
4555	1.135495e+00
4556	1.138333e+00
4557	1.138676e+00
4558	1.136457e+00
4559	1.132551e+00
4560	1.124829e+00
4561	1.114388e+00
4562	1.102326e+00
4563	1.091552e+00
4564	1.080371e+00
4565	1.071933e+00
4566	1.065141e+00
4567	1.062675e+00
4568	1.064793e+00
4569	1.070062e+00
4570	1.079113e+00
4571	1.090890e+00
4572	1.102380e+00
4573	1.113463e+00
4574	1.123196e+00
4575	1.131945e+00
4576	1.137586e+00
4577	1.140126e+00
4578	1.140517e+00
4579	1.137066e+00
4580	1.130930e+00
4581	1.123315e+00
4582	1.113720e+00
4583	1.103006e+00
4584	1.092947e+00
4585	1.082567e+00
4586	1.073725e+00
4587	1.066597e+00
4588	1.062750e+00
4589	1.062780e+00
4590	1.064689e+00
4591	1.069911e+00
4592	1.076265e+00
4593	1.085511e+00
4594	1.096627e+00
4595	1.108618e+00
4596	1.119507e+00
4597	1.128612e+00
4598	1.135433e+00
4599	1.138517e+00
4600	1.139095e+00
4601	1.137120e+00
4602	1.131171e+00
4603	1.122209e+00
4604	1.113208e+00
4605	1.102539e+00
4606	1.091903e+00
4607	1.081305e+00
4608	1.073483e+00
4609	1.068643e+00
4610	1.066169e+00
4611	1.066491e+00
4612	1.070196e+00
4613	1.076245e+00
4614	1.083499e+00
4615	1.091730e+00
4616	1.100708e+00
4617	1.109852e+00
4618	1.116217e+00
4619	1.121784e+00
4620	1.123407e+00
4621	1.122824e+00
4622	1.119134e+00
4623	1.112355e+00
4624	1.105044e+00
4625	1.098690e+00
4626	1.093951e+00
4627	1.089668e+00
4628	1.085483e+00
4629	1.082181e+00
4630	1.079269e+00
4631	1.079258e+00
4632	1.079530e+00
4633	1.080210e+00
4634	1.083058e+00
4635	1.088685e+00
4636	1.095058e+00
4637	1.102046e+00
4638	1.108196e+00
4639	1.113814e+00
4640	1.117132e+00
4641	1.119794e+00
4642	1.121569e+00
4643	1.122205e+00
4644	1.121076e+00
4645	1.118436e+00
4646	1.113829e+00
4647	1.106675e+00
4648	1.099709e+00
4649	1.092621e+00
4650	1.086547e+00
4651	1.080568e+00
4652	1.076839e+00
4653	1.076221e+00
4654	1.076998e+00
4655	1.079721e+00
4656	1.083779e+00
4657	1.089928e+00
4658	1.096392e+00
4659	1.103345e+00
4660	1.110242e+00
4661	1.116845e+00
4662	1.120825e+00
4663	1.121290e+00
4664	1.118031e+00
4665	1.113104e+00
4666	1.107711e+00
4667	1.101281e+00
4668	1.092407e+00
4669	1.084830e+00
4670	1.078118e+00
4671	1.073496e+00
4672	1.071485e+00
4673	1.071879e+00
4674	1.072707e+00
4675	1.076352e+00
4676	1.082189e+00
4677	1.089071e+00
4678	1.096830e+00
4679	1.103476e+00
4680	1.110769e+00
4681	1.116828e+00
4682	1.122207e+00
4683	1.125050e+00
4684	1.124622e+00
4685	1.121189e+00
4686	1.114921e+00
4687	1.106206e+00
4688	1.097534e+00
4689	1.087727e+00
4690	1.078731e+00
4691	1.071851e+00
4692	1.068314e+00
4693	1.068165e+00
4694	1.070758e+00
4695	1.075599e+00
4696	1.084835e+00
4697	1.093821e+00
4698	1.103404e+00
4699	1.113156e+00
4700	1.123671e+00
4701	1.132758e+00
4702	1.140220e+00
4703	1.146653e+00
4704	1.150108e+00
4705	1.150628e+00
4706	1.148093e+00
4707	1.143299e+00
4708	1.134750e+00
4709	1.124336e+00
4710	1.112540e+00
4711	1.099516e+00
4712	1.085343e+00
4713	1.071741e+00
4714	1.060794e+00
4715	1.054768e+00
4716	1.052204e+00
4717	1.055304e+00
4718	1.063179e+00
4719	1.074928e+00
4720	1.089363e+00
4721	1.104618e+00
4722	1.120627e+00
4723	1.135286e+00
4724	1.146919e+00
4725	1.154270e+00
4726	1.156469e+00
4727	1.152748e+00
4728	1.145607e+00
4729	1.134198e+00
4730	1.119638e+00
4731	1.105459e+00
4732	1.093207e+00
4733	1.084534e+00
4734	1.076996e+00
4735	1.072812e+00
4736	1.070969e+00
4737	1.070711e+00
4738	1.074580e+00
4739	1.080893e+00
4740	1.090602e+00
4741	1.101189e+00
4742	1.110149e+00
4743	1.118547e+00
4744	1.125298e+00
4745	1.130757e+00
4746	1.133335e+00
4747	1.133455e+00
4748	1.130719e+00
4749	1.124228e+00
4750	1.116479e+00
4751	1.106977e+00
4752	1.097041e+00
4753	1.085875e+00
4754	1.074242e+00
4755	1.064713e+00
4756	1.058047e+00
4757	1.056160e+00
4758	1.057423e+00
4759	1.062688e+00
4760	1.072685e+00
4761	1.085127e+00
4762	1.099424e+00
4763	1.111008e+00
4764	1.122405e+00
4765	1.131781e+00
4766	1.138750e+00
4767	1.144211e+00
4768	1.146858e+00
4769	1.146388e+00
4770	1.142587e+00
4771	1.135025e+00
4772	1.124333e+00
4773	1.110811e+00
4774	1.097893e+00
4775	1.085534e+00
4776	1.072931e+00
4777	1.062522e+00
4778	1.055446e+00
4779	1.052691e+00
4780	1.053909e+00
4781	1.058696e+00
4782	1.065881e+00
4783	1.076082e+00
4784	1.088907e+00
4785	1.104816e+00
4786	1.120574e+00
4787	1.134059e+00
4788	1.146299e+00
4789	1.155166e+00
4790	1.160093e+00
4791	1.161465e+00
4792	1.158508e+00
4793	1.150240e+00
4794	1.139428e+00
4795	1.125333e+00
4796	1.109389e+00
4797	1.092661e+00
4798	1.077198e+00
4799	1.064397e+00
4800	1.055122e+00
4801	1.050331e+00
4802	1.051580e+00
4803	1.057567e+00
4804	1.067559e+00
4805	1.080598e+00
4806	1.095761e+00
4807	1.110668e+00
4808	1.125470e+00
4809	1.140210e+00
4810	1.152170e+00
4811	1.160546e+00
4812	1.164196e+00
4813	1.163655e+00
4814	1.157998e+00
4815	1.148915e+00
4816	1.137452e+00
4817	1.123087e+00
4818	1.106492e+00
4819	1.090449e+00
4820	1.075766e+00
4821	1.062160e+00
4822	1.051060e+00
4823	1.044162e+00
4824	1.043715e+00
4825	1.049367e+00
4826	1.060129e+00
4827	1.072942e+00
4828	1.090488e+00
4829	1.109982e+00
4830	1.128222e+00
4831	1.144553e+00
4832	1.157568e+00
4833	1.166654e+00
4834	1.171874e+00
4835	1.172873e+00
4836	1.169335e+00
4837	1.159968e+00
4838	1.147507e+00
4839	1.132362e+00
4840	1.114245e+00
4841	1.093226e+00
4842	1.072769e+00
4843	1.055054e+00
4844	1.040763e+00
4845	1.030930e+00
4846	1.028582e+00
4847	1.032391e+00
4848	1.043274e+00
4849	1.060816e+00
4850	1.082892e+00
4851	1.105153e+00
4852	1.127953e+00
4853	1.148102e+00
4854	1.164834e+00
4855	1.177294e+00
4856	1.183846e+00
4857	1.185819e+00
4858	1.181448e+00
4859	1.171247e+00
4860	1.154137e+00
4861	1.132156e+00
4862	1.109665e+00
4863	1.086764e+00
4864	1.064814e+00
4865	1.045957e+00
4866	1.031565e+00
4867	1.023378e+00
4868	1.022428e+00
4869	1.029121e+00
4870	1.042660e+00
4871	1.061138e+00
4872	1.083489e+00
4873	1.105494e+00
4874	1.125167e+00
4875	1.143211e+00
4876	1.158043e+00
4877	1.168534e+00
4878	1.173313e+00
4879	1.172357e+00
4880	1.166836e+00
4881	1.157386e+00
4882	1.143825e+00
4883	1.127146e+00
4884	1.107257e+00
4885	1.087416e+00
4886	1.067267e+00
4887	1.051354e+00
4888	1.039712e+00
4889	1.032240e+00
4890	1.030557e+00
4891	1.035279e+00
4892	1.046534e+00
4893	1.063337e+00
4894	1.082169e+00
4895	1.103248e+00
4896	1.125110e+00
4897	1.144950e+00
4898	1.162141e+00
4899	1.176083e+00
4900	1.185388e+00
4901	1.190384e+00
4902	1.189999e+00
4903	1.183782e+00
4904	1.172647e+00
4905	1.157098e+00
4906	1.138315e+00
4907	1.116568e+00
4908	1.093257e+00
4909	1.070973e+00
4910	1.051424e+00
4911	1.037791e+00
4912	1.030711e+00
4913	1.030120e+00
4914	1.037524e+00
4915	1.051007e+00
4916	1.068292e+00
4917	1.086443e+00
4918	1.105643e+00
4919	1.124170e+00
4920	1.141683e+00
4921	1.156402e+00
4922	1.165331e+00
4923	1.170691e+00
4924	1.171031e+00
4925	1.166748e+00
4926	1.158622e+00
4927	1.146273e+00
4928	1.130144e+00
4929	1.112786e+00
4930	1.093960e+00
4931	1.076323e+00
4932	1.059695e+00
4933	1.046676e+00
4934	1.038620e+00
4935	1.037198e+00
4936	1.040923e+00
4937	1.050066e+00
4938	1.063402e+00
4939	1.079269e+00
4940	1.098253e+00
4941	1.117207e+00
4942	1.134965e+00
4943	1.148263e+00
4944	1.159104e+00
4945	1.164854e+00
4946	1.165022e+00
4947	1.159877e+00
4948	1.150764e+00
4949	1.137468e+00
4950	1.120346e+00
4951	1.102518e+00
4952	1.083626e+00
4953	1.066576e+00
4954	1.053256e+00
4955	1.044631e+00
4956	1.040367e+00
4957	1.041302e+00
4958	1.046505e+00
4959	1.055761e+00
4960	1.067746e+00
4961	1.083622e+00
4962	1.100693e+00
4963	1.118020e+00
4964	1.133387e+00
4965	1.145814e+00
4966	1.153641e+00
4967	1.158724e+00
4968	1.157832e+00
4969	1.152520e+00
4970	1.143438e+00
4971	1.130883e+00
4972	1.115888e+00
4973	1.100530e+00
4974	1.083981e+00
4975	1.068776e+00
4976	1.057330e+00
4977	1.049607e+00
4978	1.047535e+00
4979	1.051313e+00
4980	1.059620e+00
4981	1.071607e+00
4982	1.086333e+00
4983	1.101544e+00
4984	1.116972e+00
4985	1.130622e+00
4986	1.140111e+00
4987	1.146143e+00
4988	1.150652e+00
4989	1.150852e+00
4990	1.149668e+00
4991	1.146496e+00
4992	1.139480e+00
4993	1.130174e+00
4994	1.118547e+00
4995	1.105474e+00
4996	1.092010e+00
4997	1.079163e+00
4998	1.068363e+00
4999	1.059712e+00
