# Step	Measurement
1	1.082983e+00
2	1.074172e+00
3	1.068641e+00
4	1.065355e+00
5	1.064621e+00
6	1.065365e+00
7	1.068821e+00
8	1.072907e+00
9	1.078748e+00
10	1.086563e+00
11	1.094984e+00
12	1.103543e+00
13	1.111514e+00
14	1.118611e+00
15	1.123423e+00
16	1.126433e+00
17	1.126780e+00
18	1.125379e+00
19	1.122853e+00
20	1.118744e+00
21	1.113282e+00
22	1.105841e+00
23	1.097644e+00
24	1.091006e+00
25	1.085483e+00
26	1.080019e+00
27	1.075889e+00
28	1.072713e+00
29	1.071264e+00
30	1.071858e+00
31	1.074356e+00
32	1.076736e+00
33	1.081350e+00
34	1.087666e+00
35	1.095928e+00
36	1.104816e+00
37	1.112922e+00
38	1.119900e+00
39	1.124480e+00
40	1.126270e+00
41	1.124656e+00
42	1.121342e+00
43	1.116390e+00
44	1.109465e+00
45	1.101716e+00
46	1.093850e+00
47	1.087571e+00
48	1.084154e+00
49	1.081113e+00
50	1.080653e+00
51	1.082092e+00
52	1.083419e+00
53	1.086967e+00
54	1.090702e+00
55	1.093866e+00
56	1.097043e+00
57	1.099566e+00
58	1.102958e+00
59	1.106083e+00
60	1.108926e+00
61	1.111078e+00
62	1.112456e+00
63	1.112322e+00
64	1.110823e+00
65	1.110042e+00
66	1.107301e+00
67	1.103240e+00
68	1.100953e+00
69	1.099715e+00
70	1.100379e+00
71	1.100639e+00
72	1.101977e+00
73	1.103560e+00
74	1.105913e+00
75	1.108293e+00
76	1.111272e+00
77	1.113496e+00
78	1.115394e+00
79	1.116984e+00
80	1.116743e+00
81	1.115850e+00
82	1.114110e+00
83	1.110068e+00
84	1.106165e+00
85	1.102718e+00
86	1.098349e+00
87	1.092649e+00
88	1.086596e+00
89	1.081040e+00
90	1.076420e+00
91	1.073327e+00
92	1.072651e+00
93	1.074513e+00
94	1.076764e+00
95	1.080411e+00
96	1.085846e+00
97	1.091720e+00
98	1.096605e+00
99	1.100046e+00
100	1.102552e+00
101	1.105349e+00
102	1.105277e+00
103	1.104490e+00
104	1.102151e+00
105	1.098567e+00
106	1.095234e+00
107	1.092688e+00
108	1.091075e+00
109	1.090278e+00
110	1.089461e+00
111	1.088775e+00
112	1.087096e+00
113	1.086261e+00
114	1.087041e+00
115	1.088496e+00
116	1.092071e+00
117	1.095620e+00
118	1.098703e+00
119	1.102336e+00
120	1.105209e+00
121	1.107254e+00
122	1.107833e+00
123	1.108416e+00
124	1.108658e+00
125	1.107193e+00
126	1.104803e+00
127	1.101693e+00
128	1.097461e+00
129	1.093066e+00
130	1.088192e+00
131	1.083594e+00
132	1.080133e+00
133	1.077567e+00
134	1.076676e+00
135	1.079900e+00
136	1.083709e+00
137	1.089679e+00
138	1.095387e+00
139	1.100544e+00
140	1.105218e+00
141	1.106189e+00
142	1.105713e+00
143	1.102947e+00
144	1.100922e+00
145	1.096611e+00
146	1.093361e+00
147	1.089678e+00
148	1.087320e+00
149	1.085595e+00
150	1.085232e+00
151	1.086539e+00
152	1.088315e+00
153	1.092138e+00
154	1.096785e+00
155	1.102175e+00
156	1.107752e+00
157	1.113564e+00
158	1.117105e+00
159	1.118547e+00
160	1.117094e+00
161	1.115491e+00
162	1.112850e+00
163	1.108962e+00
164	1.105009e+00
165	1.103078e+00
166	1.100451e+00
167	1.097376e+00
168	1.093524e+00
169	1.090019e+00
170	1.086692e+00
171	1.084883e+00
172	1.083938e+00
173	1.084089e+00
174	1.084869e+00
175	1.086986e+00
176	1.089904e+00
177	1.093598e+00
178	1.097986e+00
179	1.101820e+00
180	1.105676e+00
181	1.108027e+00
182	1.109315e+00
183	1.107123e+00
184	1.104002e+00
185	1.100957e+00
186	1.097767e+00
187	1.095654e+00
188	1.093169e+00
189	1.092341e+00
190	1.091221e+00
191	1.089250e+00
192	1.086698e+00
193	1.086564e+00
194	1.088482e+00
195	1.091218e+00
196	1.094461e+00
197	1.098439e+00
198	1.102135e+00
199	1.107185e+00
200	1.111121e+00
201	1.114148e+00
202	1.117659e+00
203	1.121104e+00
204	1.122585e+00
205	1.122968e+00
206	1.120869e+00
207	1.117399e+00
208	1.114833e+00
209	1.111593e+00
210	1.108042e+00
211	1.103926e+00
212	1.100646e+00
213	1.096983e+00
214	1.093279e+00
215	1.091273e+00
216	1.089994e+00
217	1.089707e+00
218	1.091004e+00
219	1.093970e+00
220	1.099282e+00
221	1.105673e+00
222	1.112961e+00
223	1.120953e+00
224	1.128424e+00
225	1.134058e+00
226	1.136295e+00
227	1.135967e+00
228	1.132261e+00
229	1.125899e+00
230	1.116303e+00
231	1.106592e+00
232	1.095489e+00
233	1.084884e+00
234	1.077670e+00
235	1.073508e+00
236	1.071373e+00
237	1.070449e+00
238	1.072375e+00
239	1.075946e+00
240	1.081622e+00
241	1.088832e+00
242	1.097197e+00
243	1.107230e+00
244	1.116951e+00
245	1.126143e+00
246	1.132210e+00
247	1.136741e+00
248	1.140427e+00
249	1.142675e+00
250	1.141660e+00
251	1.137284e+00
252	1.129066e+00
253	1.117432e+00
254	1.104395e+00
255	1.091845e+00
256	1.078267e+00
257	1.066778e+00
258	1.059234e+00
259	1.055011e+00
260	1.053960e+00
261	1.056234e+00
262	1.062795e+00
263	1.071428e+00
264	1.082443e+00
265	1.093571e+00
266	1.105150e+00
267	1.116417e+00
268	1.126246e+00
269	1.132559e+00
270	1.137468e+00
271	1.139320e+00
272	1.137851e+00
273	1.132150e+00
274	1.124039e+00
275	1.114160e+00
276	1.103443e+00
277	1.092537e+00
278	1.081603e+00
279	1.070870e+00
280	1.063216e+00
281	1.056997e+00
282	1.053455e+00
283	1.054339e+00
284	1.058672e+00
285	1.065672e+00
286	1.076934e+00
287	1.091557e+00
288	1.105872e+00
289	1.118706e+00
290	1.128716e+00
291	1.136656e+00
292	1.141584e+00
293	1.143483e+00
294	1.141568e+00
295	1.134545e+00
296	1.124964e+00
297	1.113483e+00
298	1.100131e+00
299	1.087394e+00
300	1.074504e+00
301	1.063719e+00
302	1.055785e+00
303	1.054319e+00
304	1.056632e+00
305	1.063472e+00
306	1.073386e+00
307	1.085777e+00
308	1.100484e+00
309	1.114644e+00
310	1.127542e+00
311	1.136711e+00
312	1.144182e+00
313	1.148239e+00
314	1.148162e+00
315	1.143508e+00
316	1.134006e+00
317	1.123029e+00
318	1.108171e+00
319	1.092415e+00
320	1.077234e+00
321	1.064891e+00
322	1.056156e+00
323	1.052792e+00
324	1.053830e+00
325	1.058049e+00
326	1.067190e+00
327	1.079086e+00
328	1.092044e+00
329	1.105102e+00
330	1.116436e+00
331	1.125810e+00
332	1.134434e+00
333	1.139862e+00
334	1.143399e+00
335	1.143293e+00
336	1.139725e+00
337	1.132756e+00
338	1.124279e+00
339	1.113564e+00
340	1.100713e+00
341	1.085494e+00
342	1.071486e+00
343	1.059365e+00
344	1.049162e+00
345	1.042798e+00
346	1.040877e+00
347	1.043454e+00
348	1.051725e+00
349	1.065468e+00
350	1.082854e+00
351	1.102633e+00
352	1.120946e+00
353	1.136670e+00
354	1.149702e+00
355	1.160457e+00
356	1.166718e+00
357	1.167053e+00
358	1.161728e+00
359	1.152917e+00
360	1.140363e+00
361	1.124348e+00
362	1.105991e+00
363	1.087281e+00
364	1.069141e+00
365	1.052752e+00
366	1.039829e+00
367	1.030588e+00
368	1.027611e+00
369	1.030410e+00
370	1.040186e+00
371	1.055281e+00
372	1.074252e+00
373	1.092836e+00
374	1.111967e+00
375	1.129411e+00
376	1.143239e+00
377	1.152410e+00
378	1.157745e+00
379	1.157571e+00
380	1.152664e+00
381	1.143827e+00
382	1.130638e+00
383	1.114138e+00
384	1.095811e+00
385	1.079958e+00
386	1.065608e+00
387	1.054280e+00
388	1.047956e+00
389	1.044913e+00
390	1.047404e+00
391	1.052881e+00
392	1.063123e+00
393	1.077004e+00
394	1.092674e+00
395	1.107115e+00
396	1.121659e+00
397	1.132093e+00
398	1.140834e+00
399	1.146215e+00
400	1.148221e+00
401	1.146151e+00
402	1.137745e+00
403	1.124126e+00
404	1.106679e+00
405	1.089922e+00
406	1.074108e+00
407	1.061113e+00
408	1.050742e+00
409	1.044761e+00
410	1.043721e+00
411	1.045480e+00
412	1.050141e+00
413	1.058325e+00
414	1.069582e+00
415	1.082255e+00
416	1.095075e+00
417	1.106889e+00
418	1.116709e+00
419	1.126360e+00
420	1.133413e+00
421	1.137230e+00
422	1.137244e+00
423	1.131590e+00
424	1.124702e+00
425	1.114851e+00
426	1.102072e+00
427	1.087666e+00
428	1.073292e+00
429	1.061458e+00
430	1.052989e+00
431	1.049715e+00
432	1.051205e+00
433	1.057572e+00
434	1.064862e+00
435	1.075115e+00
436	1.086323e+00
437	1.097884e+00
438	1.108819e+00
439	1.118668e+00
440	1.126143e+00
441	1.132501e+00
442	1.137095e+00
443	1.139346e+00
444	1.138064e+00
445	1.132879e+00
446	1.125370e+00
447	1.115828e+00
448	1.104143e+00
449	1.090818e+00
450	1.077885e+00
451	1.066417e+00
452	1.058600e+00
453	1.054111e+00
454	1.055525e+00
455	1.062141e+00
456	1.072868e+00
457	1.086621e+00
458	1.101823e+00
459	1.115975e+00
460	1.130667e+00
461	1.144151e+00
462	1.155093e+00
463	1.162013e+00
464	1.165031e+00
465	1.164582e+00
466	1.158791e+00
467	1.147923e+00
468	1.131761e+00
469	1.114426e+00
470	1.095127e+00
471	1.075129e+00
472	1.057514e+00
473	1.044721e+00
474	1.036973e+00
475	1.036080e+00
476	1.041414e+00
477	1.053008e+00
478	1.066870e+00
479	1.084579e+00
480	1.104330e+00
481	1.123121e+00
482	1.139648e+00
483	1.151746e+00
484	1.159391e+00
485	1.161832e+00
486	1.159356e+00
487	1.153233e+00
488	1.142439e+00
489	1.128692e+00
490	1.112305e+00
491	1.092617e+00
492	1.071782e+00
493	1.053228e+00
494	1.038592e+00
495	1.028904e+00
496	1.026140e+00
497	1.029891e+00
498	1.040336e+00
499	1.055879e+00
500	1.076488e+00
501	1.098391e+00
502	1.119639e+00
503	1.138675e+00
504	1.154002e+00
505	1.164019e+00
506	1.168594e+00
507	1.167958e+00
508	1.160437e+00
509	1.148762e+00
510	1.132801e+00
511	1.113427e+00
512	1.092553e+00
513	1.072087e+00
514	1.052655e+00
515	1.037920e+00
516	1.028911e+00
517	1.026681e+00
518	1.030287e+00
519	1.039442e+00
520	1.054544e+00
521	1.074468e+00
522	1.096325e+00
523	1.118172e+00
524	1.138428e+00
525	1.157368e+00
526	1.172725e+00
527	1.182869e+00
528	1.185398e+00
529	1.182841e+00
530	1.174515e+00
531	1.161510e+00
532	1.143019e+00
533	1.120770e+00
534	1.096161e+00
535	1.070926e+00
536	1.048573e+00
537	1.030397e+00
538	1.016633e+00
539	1.009710e+00
540	1.010376e+00
541	1.018542e+00
542	1.032638e+00
543	1.050458e+00
544	1.072814e+00
545	1.096945e+00
546	1.118850e+00
547	1.137841e+00
548	1.154876e+00
549	1.165904e+00
550	1.172424e+00
551	1.174435e+00
552	1.170091e+00
553	1.160898e+00
554	1.146756e+00
555	1.129773e+00
556	1.110247e+00
557	1.092058e+00
558	1.074225e+00
559	1.059572e+00
560	1.049169e+00
561	1.042032e+00
562	1.040354e+00
563	1.043663e+00
564	1.052493e+00
565	1.065916e+00
566	1.081558e+00
567	1.098347e+00
568	1.114895e+00
569	1.130451e+00
570	1.144270e+00
571	1.155188e+00
572	1.162533e+00
573	1.165937e+00
574	1.162689e+00
575	1.154053e+00
576	1.141615e+00
577	1.127225e+00
578	1.110980e+00
579	1.094198e+00
580	1.076508e+00
581	1.060648e+00
582	1.049045e+00
583	1.043041e+00
584	1.041241e+00
585	1.044135e+00
586	1.051852e+00
587	1.063666e+00
588	1.077700e+00
589	1.091338e+00
590	1.105136e+00
591	1.118447e+00
592	1.129073e+00
593	1.137850e+00
594	1.143603e+00
595	1.145364e+00
596	1.143806e+00
597	1.138520e+00
598	1.129541e+00
599	1.118559e+00
600	1.107426e+00
601	1.095503e+00
602	1.083685e+00
603	1.072507e+00
604	1.063895e+00
605	1.060092e+00
606	1.060680e+00
607	1.064635e+00
608	1.071083e+00
609	1.080265e+00
610	1.092119e+00
611	1.102978e+00
612	1.112351e+00
613	1.120482e+00
614	1.125689e+00
615	1.129583e+00
616	1.131427e+00
617	1.130960e+00
618	1.126133e+00
619	1.117925e+00
620	1.108510e+00
621	1.099243e+00
622	1.089413e+00
623	1.079641e+00
624	1.072670e+00
625	1.068490e+00
626	1.067664e+00
627	1.070287e+00
628	1.074350e+00
629	1.081302e+00
630	1.089144e+00
631	1.098178e+00
632	1.106785e+00
633	1.114823e+00
634	1.122114e+00
635	1.127590e+00
636	1.129694e+00
637	1.128864e+00
638	1.125592e+00
639	1.120963e+00
640	1.114313e+00
641	1.106417e+00
642	1.096185e+00
643	1.085380e+00
644	1.074062e+00
645	1.064239e+00
646	1.056237e+00
647	1.051125e+00
648	1.051089e+00
649	1.055298e+00
650	1.064309e+00
651	1.076637e+00
652	1.089762e+00
653	1.102264e+00
654	1.114247e+00
655	1.124030e+00
656	1.131573e+00
657	1.136384e+00
658	1.138956e+00
659	1.137958e+00
660	1.133796e+00
661	1.125238e+00
662	1.114000e+00
663	1.102242e+00
664	1.089421e+00
665	1.077240e+00
666	1.066472e+00
667	1.057364e+00
668	1.051773e+00
669	1.049636e+00
670	1.051945e+00
671	1.058393e+00
672	1.067213e+00
673	1.078746e+00
674	1.089651e+00
675	1.099510e+00
676	1.107316e+00
677	1.114059e+00
678	1.119105e+00
679	1.123317e+00
680	1.124696e+00
681	1.122690e+00
682	1.117310e+00
683	1.109225e+00
684	1.098924e+00
685	1.088266e+00
686	1.078675e+00
687	1.069439e+00
688	1.061758e+00
689	1.056485e+00
690	1.053449e+00
691	1.053114e+00
692	1.055853e+00
693	1.061012e+00
694	1.068392e+00
695	1.077303e+00
696	1.087696e+00
697	1.099610e+00
698	1.109356e+00
699	1.117985e+00
700	1.125383e+00
701	1.128653e+00
702	1.129234e+00
703	1.126107e+00
704	1.119954e+00
705	1.109957e+00
706	1.099204e+00
707	1.088904e+00
708	1.077963e+00
709	1.068475e+00
710	1.061629e+00
711	1.057716e+00
712	1.056181e+00
713	1.057442e+00
714	1.060496e+00
715	1.067504e+00
716	1.076606e+00
717	1.088775e+00
718	1.099701e+00
719	1.108803e+00
720	1.117103e+00
721	1.123976e+00
722	1.127635e+00
723	1.129363e+00
724	1.127455e+00
725	1.123435e+00
726	1.117462e+00
727	1.109114e+00
728	1.098975e+00
729	1.089036e+00
730	1.078108e+00
731	1.070723e+00
732	1.066058e+00
733	1.063290e+00
734	1.062880e+00
735	1.065009e+00
736	1.069739e+00
737	1.075549e+00
738	1.082364e+00
739	1.090345e+00
740	1.097131e+00
741	1.103760e+00
742	1.108822e+00
743	1.110129e+00
744	1.108078e+00
745	1.104015e+00
746	1.100310e+00
747	1.096940e+00
748	1.092976e+00
749	1.089582e+00
750	1.088231e+00
751	1.087395e+00
752	1.087105e+00
753	1.087043e+00
754	1.085580e+00
755	1.084686e+00
756	1.085475e+00
757	1.087487e+00
758	1.089773e+00
759	1.093586e+00
760	1.096919e+00
761	1.099345e+00
762	1.101393e+00
763	1.102943e+00
764	1.102466e+00
765	1.099371e+00
766	1.093400e+00
767	1.088576e+00
768	1.083850e+00
769	1.079626e+00
770	1.077038e+00
771	1.076791e+00
772	1.078323e+00
773	1.082082e+00
774	1.087047e+00
775	1.093787e+00
776	1.102072e+00
777	1.109867e+00
778	1.115528e+00
779	1.119900e+00
780	1.123054e+00
781	1.125978e+00
782	1.126422e+00
783	1.123532e+00
784	1.116873e+00
785	1.110130e+00
786	1.102094e+00
787	1.092840e+00
788	1.081833e+00
789	1.071913e+00
790	1.062802e+00
791	1.055656e+00
792	1.052682e+00
793	1.052438e+00
794	1.055958e+00
795	1.063601e+00
796	1.072616e+00
797	1.083321e+00
798	1.095000e+00
799	1.105657e+00
800	1.115702e+00
801	1.125497e+00
802	1.133325e+00
803	1.138882e+00
804	1.140486e+00
805	1.137862e+00
806	1.131224e+00
807	1.123197e+00
808	1.112664e+00
809	1.101025e+00
810	1.088322e+00
811	1.077446e+00
812	1.067066e+00
813	1.059170e+00
814	1.054404e+00
815	1.053029e+00
816	1.056634e+00
817	1.064015e+00
818	1.072788e+00
819	1.083740e+00
820	1.095361e+00
821	1.106661e+00
822	1.117384e+00
823	1.126278e+00
824	1.133932e+00
825	1.137436e+00
826	1.136953e+00
827	1.132298e+00
828	1.124590e+00
829	1.115521e+00
830	1.104510e+00
831	1.091804e+00
832	1.079618e+00
833	1.068194e+00
834	1.058510e+00
835	1.050720e+00
836	1.046553e+00
837	1.047810e+00
838	1.052930e+00
839	1.062167e+00
840	1.071063e+00
841	1.080256e+00
842	1.090195e+00
843	1.100068e+00
844	1.108794e+00
845	1.117553e+00
846	1.124314e+00
847	1.127357e+00
848	1.128237e+00
849	1.127835e+00
850	1.126181e+00
851	1.121175e+00
852	1.115957e+00
853	1.108392e+00
854	1.099876e+00
855	1.090683e+00
856	1.081249e+00
857	1.074112e+00
858	1.069818e+00
859	1.066765e+00
860	1.066742e+00
861	1.069869e+00
862	1.075500e+00
863	1.084452e+00
864	1.094894e+00
865	1.104372e+00
866	1.113189e+00
867	1.120246e+00
868	1.124652e+00
869	1.126227e+00
870	1.125245e+00
871	1.121204e+00
872	1.115031e+00
873	1.108812e+00
874	1.102127e+00
875	1.094536e+00
876	1.088430e+00
877	1.083156e+00
878	1.078995e+00
879	1.077620e+00
880	1.077501e+00
881	1.079186e+00
882	1.082760e+00
883	1.089169e+00
884	1.095927e+00
885	1.103414e+00
886	1.110240e+00
887	1.115124e+00
888	1.118972e+00
889	1.121701e+00
890	1.124067e+00
891	1.124510e+00
892	1.123240e+00
893	1.120309e+00
894	1.117103e+00
895	1.112981e+00
896	1.108312e+00
897	1.104192e+00
898	1.101496e+00
899	1.101105e+00
900	1.100916e+00
901	1.100655e+00
902	1.100040e+00
903	1.098601e+00
904	1.096460e+00
905	1.094292e+00
906	1.092588e+00
907	1.091929e+00
908	1.091873e+00
909	1.093987e+00
910	1.096576e+00
911	1.098918e+00
912	1.101580e+00
913	1.105744e+00
914	1.109079e+00
915	1.111936e+00
916	1.113073e+00
917	1.112308e+00
918	1.111324e+00
919	1.109189e+00
920	1.105980e+00
921	1.103484e+00
922	1.100188e+00
923	1.098230e+00
924	1.095978e+00
925	1.092975e+00
926	1.089659e+00
927	1.086517e+00
928	1.084291e+00
929	1.083171e+00
930	1.081788e+00
931	1.080402e+00
932	1.081131e+00
933	1.080820e+00
934	1.083240e+00
935	1.087875e+00
936	1.093719e+00
937	1.098536e+00
938	1.102134e+00
939	1.104623e+00
940	1.106809e+00
941	1.106134e+00
942	1.105320e+00
943	1.103559e+00
944	1.102334e+00
945	1.099038e+00
946	1.095784e+00
947	1.091271e+00
948	1.086819e+00
949	1.083786e+00
950	1.082346e+00
951	1.084634e+00
952	1.087094e+00
953	1.089989e+00
954	1.094490e+00
955	1.098867e+00
956	1.102778e+00
957	1.105468e+00
958	1.108088e+00
959	1.110779e+00
960	1.112401e+00
961	1.113252e+00
962	1.112057e+00
963	1.108535e+00
964	1.103605e+00
965	1.098220e+00
966	1.093102e+00
967	1.089585e+00
968	1.085027e+00
969	1.081038e+00
970	1.078394e+00
971	1.077578e+00
972	1.078193e+00
973	1.081422e+00
974	1.084971e+00
975	1.088957e+00
976	1.094727e+00
977	1.099904e+00
978	1.105909e+00
979	1.112366e+00
980	1.118725e+00
981	1.121749e+00
982	1.123633e+00
983	1.124357e+00
984	1.122073e+00
985	1.117196e+00
986	1.111938e+00
987	1.105993e+00
988	1.099300e+00
989	1.093154e+00
990	1.087022e+00
991	1.083077e+00
992	1.081028e+00
993	1.080087e+00
994	1.079632e+00
995	1.081279e+00
996	1.084086e+00
997	1.088576e+00
998	1.095776e+00
999	1.103069e+00
1000	1.109808e+00
1001	1.113595e+00
1002	1.116122e+00
1003	1.118228e+00
1004	1.118887e+00
1005	1.116468e+00
1006	1.112390e+00
1007	1.107829e+00
1008	1.101815e+00
1009	1.095876e+00
1010	1.089607e+00
1011	1.084156e+00
1012	1.077733e+00
1013	1.071944e+00
1014	1.068554e+00
1015	1.065568e+00
1016	1.065484e+00
1017	1.067610e+00
1018	1.070264e+00
1019	1.073268e+00
1020	1.078260e+00
1021	1.083880e+00
1022	1.089449e+00
1023	1.093774e+00
1024	1.095950e+00
1025	1.096773e+00
1026	1.097581e+00
1027	1.098127e+00
1028	1.097476e+00
1029	1.097247e+00
1030	1.096123e+00
1031	1.093904e+00
1032	1.091489e+00
1033	1.088007e+00
1034	1.085841e+00
1035	1.084313e+00
1036	1.083765e+00
1037	1.084060e+00
1038	1.083947e+00
1039	1.084679e+00
1040	1.086611e+00
1041	1.089009e+00
1042	1.091963e+00
1043	1.094456e+00
1044	1.097579e+00
1045	1.100490e+00
1046	1.102007e+00
1047	1.101530e+00
1048	1.099892e+00
1049	1.097240e+00
1050	1.094443e+00
1051	1.091923e+00
1052	1.089024e+00
1053	1.086287e+00
1054	1.085179e+00
1055	1.083514e+00
1056	1.083320e+00
1057	1.081862e+00
1058	1.081277e+00
1059	1.082909e+00
1060	1.085141e+00
1061	1.089227e+00
1062	1.095091e+00
1063	1.099944e+00
1064	1.105805e+00
1065	1.111490e+00
1066	1.114223e+00
1067	1.114592e+00
1068	1.112925e+00
1069	1.111241e+00
1070	1.108714e+00
1071	1.105405e+00
1072	1.100192e+00
1073	1.092593e+00
1074	1.084882e+00
1075	1.078014e+00
1076	1.070595e+00
1077	1.065871e+00
1078	1.064479e+00
1079	1.066019e+00
1080	1.069155e+00
1081	1.074257e+00
1082	1.080829e+00
1083	1.087665e+00
1084	1.093209e+00
1085	1.098853e+00
1086	1.103150e+00
1087	1.106573e+00
1088	1.108167e+00
1089	1.109236e+00
1090	1.107859e+00
1091	1.104439e+00
1092	1.100876e+00
1093	1.097624e+00
1094	1.094963e+00
1095	1.092138e+00
1096	1.089123e+00
1097	1.086843e+00
1098	1.085552e+00
1099	1.085137e+00
1100	1.084979e+00
1101	1.084766e+00
1102	1.084526e+00
1103	1.085205e+00
1104	1.086124e+00
1105	1.088163e+00
1106	1.090981e+00
1107	1.095511e+00
1108	1.100824e+00
1109	1.106625e+00
1110	1.112188e+00
1111	1.117143e+00
1112	1.120458e+00
1113	1.120351e+00
1114	1.118637e+00
1115	1.116320e+00
1116	1.112282e+00
1117	1.107789e+00
1118	1.102796e+00
1119	1.097312e+00
1120	1.090576e+00
1121	1.084589e+00
1122	1.080540e+00
1123	1.078927e+00
1124	1.078788e+00
1125	1.078991e+00
1126	1.079641e+00
1127	1.081245e+00
1128	1.085298e+00
1129	1.090763e+00
1130	1.096589e+00
1131	1.101991e+00
1132	1.106743e+00
1133	1.110835e+00
1134	1.115115e+00
1135	1.118845e+00
1136	1.119680e+00
1137	1.119311e+00
1138	1.117763e+00
1139	1.114901e+00
1140	1.110319e+00
1141	1.105747e+00
1142	1.099709e+00
1143	1.094715e+00
1144	1.089725e+00
1145	1.086313e+00
1146	1.085072e+00
1147	1.084887e+00
1148	1.086374e+00
1149	1.090420e+00
1150	1.095341e+00
1151	1.099754e+00
1152	1.105710e+00
1153	1.112285e+00
1154	1.117666e+00
1155	1.121798e+00
1156	1.123642e+00
1157	1.123595e+00
1158	1.120406e+00
1159	1.114736e+00
1160	1.108781e+00
1161	1.101332e+00
1162	1.093948e+00
1163	1.087035e+00
1164	1.080728e+00
1165	1.076716e+00
1166	1.074856e+00
1167	1.073829e+00
1168	1.074867e+00
1169	1.077487e+00
1170	1.082112e+00
1171	1.088106e+00
1172	1.093731e+00
1173	1.099702e+00
1174	1.105695e+00
1175	1.109093e+00
1176	1.110055e+00
1177	1.109537e+00
1178	1.109166e+00
1179	1.107187e+00
1180	1.105449e+00
1181	1.103435e+00
1182	1.099040e+00
1183	1.095587e+00
1184	1.092370e+00
1185	1.089834e+00
1186	1.088038e+00
1187	1.086784e+00
1188	1.085869e+00
1189	1.084641e+00
1190	1.083448e+00
1191	1.082630e+00
1192	1.083311e+00
1193	1.085705e+00
1194	1.090613e+00
1195	1.095614e+00
1196	1.100271e+00
1197	1.104531e+00
1198	1.109192e+00
1199	1.112715e+00
1200	1.114333e+00
1201	1.114796e+00
1202	1.114176e+00
1203	1.111902e+00
1204	1.108856e+00
1205	1.105027e+00
1206	1.100033e+00
1207	1.094396e+00
1208	1.089664e+00
1209	1.084411e+00
1210	1.080390e+00
1211	1.078154e+00
1212	1.075505e+00
1213	1.075068e+00
1214	1.076622e+00
1215	1.080364e+00
1216	1.084973e+00
1217	1.090801e+00
1218	1.098014e+00
1219	1.104659e+00
1220	1.111885e+00
1221	1.117562e+00
1222	1.121956e+00
1223	1.125975e+00
1224	1.127736e+00
1225	1.126530e+00
1226	1.123002e+00
1227	1.117053e+00
1228	1.108787e+00
1229	1.099916e+00
1230	1.091980e+00
1231	1.084745e+00
1232	1.077986e+00
1233	1.073156e+00
1234	1.070529e+00
1235	1.069776e+00
1236	1.073873e+00
1237	1.080118e+00
1238	1.086636e+00
1239	1.094156e+00
1240	1.100944e+00
1241	1.107388e+00
1242	1.113804e+00
1243	1.117972e+00
1244	1.121146e+00
1245	1.122716e+00
1246	1.122226e+00
1247	1.119678e+00
1248	1.115237e+00
1249	1.108561e+00
1250	1.101857e+00
1251	1.092984e+00
1252	1.084006e+00
1253	1.075434e+00
1254	1.068554e+00
1255	1.064496e+00
1256	1.064636e+00
1257	1.066559e+00
1258	1.071291e+00
1259	1.077841e+00
1260	1.085792e+00
1261	1.096111e+00
1262	1.106549e+00
1263	1.114302e+00
1264	1.119725e+00
1265	1.123497e+00
1266	1.125383e+00
1267	1.125347e+00
1268	1.122979e+00
1269	1.118717e+00
1270	1.112944e+00
1271	1.104881e+00
1272	1.095681e+00
1273	1.086752e+00
1274	1.078142e+00
1275	1.070344e+00
1276	1.065199e+00
1277	1.062092e+00
1278	1.061818e+00
1279	1.063717e+00
1280	1.067073e+00
1281	1.073654e+00
1282	1.081370e+00
1283	1.090175e+00
1284	1.099802e+00
1285	1.108241e+00
1286	1.117606e+00
1287	1.124340e+00
1288	1.128635e+00
1289	1.130847e+00
1290	1.130299e+00
1291	1.128036e+00
1292	1.124098e+00
1293	1.116280e+00
1294	1.106964e+00
1295	1.096705e+00
1296	1.086833e+00
1297	1.077175e+00
1298	1.070317e+00
1299	1.065672e+00
1300	1.065107e+00
1301	1.068465e+00
1302	1.074022e+00
1303	1.081109e+00
1304	1.089877e+00
1305	1.099580e+00
1306	1.110613e+00
1307	1.120530e+00
1308	1.128480e+00
1309	1.134558e+00
1310	1.137331e+00
1311	1.137247e+00
1312	1.135790e+00
1313	1.131950e+00
1314	1.125074e+00
1315	1.116505e+00
1316	1.106470e+00
1317	1.096623e+00
1318	1.086929e+00
1319	1.078548e+00
1320	1.073415e+00
1321	1.069578e+00
1322	1.066397e+00
1323	1.066282e+00
1324	1.069427e+00
1325	1.075230e+00
1326	1.080945e+00
1327	1.087227e+00
1328	1.094617e+00
1329	1.101700e+00
1330	1.108214e+00
1331	1.113582e+00
1332	1.117660e+00
1333	1.121313e+00
1334	1.123288e+00
1335	1.123133e+00
1336	1.121450e+00
1337	1.117439e+00
1338	1.109584e+00
1339	1.098672e+00
1340	1.088825e+00
1341	1.079144e+00
1342	1.069028e+00
1343	1.060736e+00
1344	1.056307e+00
1345	1.056343e+00
1346	1.061778e+00
1347	1.071011e+00
1348	1.081603e+00
1349	1.092674e+00
1350	1.104925e+00
1351	1.116425e+00
1352	1.126437e+00
1353	1.133157e+00
1354	1.137495e+00
1355	1.139663e+00
1356	1.139245e+00
1357	1.136245e+00
1358	1.128641e+00
1359	1.117402e+00
1360	1.105850e+00
1361	1.093669e+00
1362	1.082930e+00
1363	1.072857e+00
1364	1.065105e+00
1365	1.060350e+00
1366	1.058520e+00
1367	1.061618e+00
1368	1.069001e+00
1369	1.081690e+00
1370	1.095886e+00
1371	1.109617e+00
1372	1.122221e+00
1373	1.130695e+00
1374	1.136003e+00
1375	1.137755e+00
1376	1.136065e+00
1377	1.130907e+00
1378	1.122946e+00
1379	1.112170e+00
1380	1.100846e+00
1381	1.090636e+00
1382	1.081503e+00
1383	1.074700e+00
1384	1.069336e+00
1385	1.065608e+00
1386	1.067662e+00
1387	1.071524e+00
1388	1.077599e+00
1389	1.084877e+00
1390	1.093055e+00
1391	1.100538e+00
1392	1.106891e+00
1393	1.111900e+00
1394	1.116302e+00
1395	1.118336e+00
1396	1.117472e+00
1397	1.115108e+00
1398	1.110316e+00
1399	1.105529e+00
1400	1.099227e+00
1401	1.092328e+00
1402	1.086237e+00
1403	1.078608e+00
1404	1.072869e+00
1405	1.068423e+00
1406	1.066336e+00
1407	1.066363e+00
1408	1.068741e+00
1409	1.073258e+00
1410	1.078399e+00
1411	1.084338e+00
1412	1.090852e+00
1413	1.097526e+00
1414	1.104658e+00
1415	1.111398e+00
1416	1.115485e+00
1417	1.117847e+00
1418	1.118770e+00
1419	1.117842e+00
1420	1.114619e+00
1421	1.110251e+00
1422	1.104708e+00
1423	1.098369e+00
1424	1.092995e+00
1425	1.087890e+00
1426	1.083314e+00
1427	1.080427e+00
1428	1.080094e+00
1429	1.080890e+00
1430	1.084001e+00
1431	1.088716e+00
1432	1.094113e+00
1433	1.099585e+00
1434	1.105907e+00
1435	1.112374e+00
1436	1.117244e+00
1437	1.119930e+00
1438	1.120155e+00
1439	1.118095e+00
1440	1.114177e+00
1441	1.108482e+00
1442	1.101451e+00
1443	1.095337e+00
1444	1.088119e+00
1445	1.080715e+00
1446	1.074006e+00
1447	1.069207e+00
1448	1.066479e+00
1449	1.067189e+00
1450	1.068359e+00
1451	1.069182e+00
1452	1.071050e+00
1453	1.075790e+00
1454	1.083727e+00
1455	1.092653e+00
1456	1.101957e+00
1457	1.110570e+00
1458	1.117525e+00
1459	1.123100e+00
1460	1.125605e+00
1461	1.125804e+00
1462	1.122757e+00
1463	1.118236e+00
1464	1.111502e+00
1465	1.102256e+00
1466	1.092012e+00
1467	1.082670e+00
1468	1.074609e+00
1469	1.067591e+00
1470	1.062494e+00
1471	1.059295e+00
1472	1.060062e+00
1473	1.063325e+00
1474	1.070820e+00
1475	1.080306e+00
1476	1.091318e+00
1477	1.102437e+00
1478	1.112605e+00
1479	1.123141e+00
1480	1.131210e+00
1481	1.135557e+00
1482	1.137194e+00
1483	1.136348e+00
1484	1.133178e+00
1485	1.126928e+00
1486	1.119698e+00
1487	1.111285e+00
1488	1.103780e+00
1489	1.096171e+00
1490	1.088725e+00
1491	1.082671e+00
1492	1.076747e+00
1493	1.072625e+00
1494	1.070157e+00
1495	1.071488e+00
1496	1.075657e+00
1497	1.082521e+00
1498	1.089671e+00
1499	1.095668e+00
1500	1.101651e+00
1501	1.106630e+00
1502	1.110495e+00
1503	1.112984e+00
1504	1.114409e+00
1505	1.114247e+00
1506	1.112463e+00
1507	1.108059e+00
1508	1.102600e+00
1509	1.097188e+00
1510	1.090505e+00
1511	1.084087e+00
1512	1.077797e+00
1513	1.071391e+00
1514	1.067467e+00
1515	1.065752e+00
1516	1.066382e+00
1517	1.069927e+00
1518	1.075966e+00
1519	1.083826e+00
1520	1.091554e+00
1521	1.099849e+00
1522	1.108353e+00
1523	1.114650e+00
1524	1.119368e+00
1525	1.123000e+00
1526	1.122340e+00
1527	1.117898e+00
1528	1.109811e+00
1529	1.099170e+00
1530	1.090862e+00
1531	1.082761e+00
1532	1.074347e+00
1533	1.067520e+00
1534	1.062394e+00
1535	1.059891e+00
1536	1.059385e+00
1537	1.061246e+00
1538	1.066511e+00
1539	1.074242e+00
1540	1.082618e+00
1541	1.091021e+00
1542	1.098708e+00
1543	1.104612e+00
1544	1.110979e+00
1545	1.114777e+00
1546	1.115273e+00
1547	1.112842e+00
1548	1.107404e+00
1549	1.098706e+00
1550	1.089078e+00
1551	1.081140e+00
1552	1.074419e+00
1553	1.070167e+00
1554	1.066774e+00
1555	1.063878e+00
1556	1.062117e+00
1557	1.063799e+00
1558	1.067908e+00
1559	1.074181e+00
1560	1.082320e+00
1561	1.089962e+00
1562	1.098311e+00
1563	1.106237e+00
1564	1.114350e+00
1565	1.120148e+00
1566	1.123642e+00
1567	1.124689e+00
1568	1.120530e+00
1569	1.113115e+00
1570	1.103778e+00
1571	1.092393e+00
1572	1.079752e+00
1573	1.067229e+00
1574	1.057050e+00
1575	1.049598e+00
1576	1.045808e+00
1577	1.044744e+00
1578	1.048508e+00
1579	1.054752e+00
1580	1.063820e+00
1581	1.074809e+00
1582	1.087607e+00
1583	1.100919e+00
1584	1.112671e+00
1585	1.122019e+00
1586	1.127522e+00
1587	1.128650e+00
1588	1.126613e+00
1589	1.121637e+00
1590	1.114318e+00
1591	1.103610e+00
1592	1.092040e+00
1593	1.080521e+00
1594	1.069058e+00
1595	1.059725e+00
1596	1.052093e+00
1597	1.048189e+00
1598	1.046804e+00
1599	1.049924e+00
1600	1.057410e+00
1601	1.068014e+00
1602	1.081835e+00
1603	1.096490e+00
1604	1.111310e+00
1605	1.124898e+00
1606	1.135322e+00
1607	1.143616e+00
1608	1.147750e+00
1609	1.146958e+00
1610	1.142434e+00
1611	1.134075e+00
1612	1.121473e+00
1613	1.105746e+00
1614	1.088102e+00
1615	1.070552e+00
1616	1.056174e+00
1617	1.045073e+00
1618	1.037899e+00
1619	1.035439e+00
1620	1.038356e+00
1621	1.045894e+00
1622	1.057776e+00
1623	1.071449e+00
1624	1.087480e+00
1625	1.103239e+00
1626	1.117603e+00
1627	1.129345e+00
1628	1.138001e+00
1629	1.143817e+00
1630	1.147085e+00
1631	1.145334e+00
1632	1.139284e+00
1633	1.129277e+00
1634	1.117837e+00
1635	1.104305e+00
1636	1.090932e+00
1637	1.077319e+00
1638	1.066338e+00
1639	1.058696e+00
1640	1.053193e+00
1641	1.050876e+00
1642	1.052995e+00
1643	1.058734e+00
1644	1.068344e+00
1645	1.080530e+00
1646	1.094160e+00
1647	1.108286e+00
1648	1.121402e+00
1649	1.131776e+00
1650	1.139106e+00
1651	1.143611e+00
1652	1.142930e+00
1653	1.138701e+00
1654	1.130368e+00
1655	1.118333e+00
1656	1.104519e+00
1657	1.089168e+00
1658	1.074141e+00
1659	1.060913e+00
1660	1.049132e+00
1661	1.039882e+00
1662	1.036700e+00
1663	1.038726e+00
1664	1.045635e+00
1665	1.057662e+00
1666	1.072094e+00
1667	1.089115e+00
1668	1.105656e+00
1669	1.120417e+00
1670	1.133222e+00
1671	1.141957e+00
1672	1.147471e+00
1673	1.148436e+00
1674	1.145041e+00
1675	1.136034e+00
1676	1.123424e+00
1677	1.107931e+00
1678	1.090984e+00
1679	1.073735e+00
1680	1.057608e+00
1681	1.044803e+00
1682	1.036914e+00
1683	1.033814e+00
1684	1.035320e+00
1685	1.042069e+00
1686	1.054213e+00
1687	1.070695e+00
1688	1.089044e+00
1689	1.107538e+00
1690	1.124895e+00
1691	1.140363e+00
1692	1.153310e+00
1693	1.162174e+00
1694	1.165527e+00
1695	1.162944e+00
1696	1.154257e+00
1697	1.141446e+00
1698	1.125405e+00
1699	1.106024e+00
1700	1.084340e+00
1701	1.062610e+00
1702	1.042608e+00
1703	1.029076e+00
1704	1.019941e+00
1705	1.017951e+00
1706	1.021976e+00
1707	1.032194e+00
1708	1.048119e+00
1709	1.068011e+00
1710	1.090078e+00
1711	1.111420e+00
1712	1.132313e+00
1713	1.150849e+00
1714	1.165194e+00
1715	1.174716e+00
1716	1.179078e+00
1717	1.177762e+00
1718	1.169795e+00
1719	1.156458e+00
1720	1.138505e+00
1721	1.117641e+00
1722	1.094848e+00
1723	1.073334e+00
1724	1.052854e+00
1725	1.035837e+00
1726	1.025158e+00
1727	1.020642e+00
1728	1.022722e+00
1729	1.032115e+00
1730	1.047445e+00
1731	1.068442e+00
1732	1.090663e+00
1733	1.111642e+00
1734	1.130900e+00
1735	1.148080e+00
1736	1.161186e+00
1737	1.168822e+00
1738	1.171484e+00
1739	1.167712e+00
1740	1.158468e+00
1741	1.145917e+00
1742	1.130671e+00
1743	1.113108e+00
1744	1.096181e+00
1745	1.080216e+00
1746	1.066330e+00
1747	1.055538e+00
1748	1.048563e+00
1749	1.044847e+00
1750	1.044781e+00
1751	1.050653e+00
1752	1.061138e+00
1753	1.073386e+00
1754	1.086579e+00
1755	1.101274e+00
1756	1.115924e+00
1757	1.128094e+00
1758	1.137027e+00
1759	1.143028e+00
1760	1.145848e+00
1761	1.144472e+00
1762	1.140225e+00
1763	1.132332e+00
1764	1.122192e+00
1765	1.110395e+00
1766	1.097911e+00
1767	1.085798e+00
1768	1.076121e+00
1769	1.068843e+00
1770	1.063630e+00
1771	1.060585e+00
1772	1.061156e+00
1773	1.065116e+00
1774	1.073244e+00
1775	1.084055e+00
1776	1.092937e+00
1777	1.103233e+00
1778	1.111856e+00
1779	1.119397e+00
1780	1.126040e+00
1781	1.130566e+00
1782	1.132552e+00
1783	1.132159e+00
1784	1.128532e+00
1785	1.120960e+00
1786	1.110604e+00
1787	1.098777e+00
1788	1.086479e+00
1789	1.075143e+00
1790	1.065145e+00
1791	1.058952e+00
1792	1.056591e+00
1793	1.057648e+00
1794	1.062791e+00
1795	1.072265e+00
1796	1.085691e+00
1797	1.099819e+00
1798	1.112843e+00
1799	1.125527e+00
1800	1.138526e+00
1801	1.147109e+00
1802	1.151836e+00
1803	1.152485e+00
1804	1.147850e+00
1805	1.139831e+00
1806	1.129118e+00
1807	1.117022e+00
1808	1.104288e+00
1809	1.091529e+00
1810	1.081159e+00
1811	1.073210e+00
1812	1.067261e+00
1813	1.061700e+00
1814	1.060158e+00
1815	1.060523e+00
1816	1.064513e+00
1817	1.072383e+00
1818	1.083242e+00
1819	1.096085e+00
1820	1.107723e+00
1821	1.117408e+00
1822	1.125789e+00
1823	1.130724e+00
1824	1.131658e+00
1825	1.129107e+00
1826	1.124400e+00
1827	1.116405e+00
1828	1.107501e+00
1829	1.097838e+00
1830	1.086698e+00
1831	1.077947e+00
1832	1.070611e+00
1833	1.065377e+00
1834	1.063332e+00
1835	1.065651e+00
1836	1.070917e+00
1837	1.078478e+00
1838	1.086243e+00
1839	1.094850e+00
1840	1.104618e+00
1841	1.113620e+00
1842	1.120667e+00
1843	1.125570e+00
1844	1.128113e+00
1845	1.127193e+00
1846	1.124191e+00
1847	1.118593e+00
1848	1.111274e+00
1849	1.101433e+00
1850	1.091464e+00
1851	1.081000e+00
1852	1.070770e+00
1853	1.064831e+00
1854	1.061448e+00
1855	1.060389e+00
1856	1.063190e+00
1857	1.069042e+00
1858	1.076296e+00
1859	1.085159e+00
1860	1.092539e+00
1861	1.100114e+00
1862	1.107119e+00
1863	1.112883e+00
1864	1.116189e+00
1865	1.117025e+00
1866	1.117047e+00
1867	1.114856e+00
1868	1.111055e+00
1869	1.105269e+00
1870	1.100725e+00
1871	1.096865e+00
1872	1.090967e+00
1873	1.083795e+00
1874	1.077991e+00
1875	1.073769e+00
1876	1.071621e+00
1877	1.071798e+00
1878	1.073274e+00
1879	1.077018e+00
1880	1.081651e+00
1881	1.085165e+00
1882	1.088337e+00
1883	1.092078e+00
1884	1.094821e+00
1885	1.097711e+00
1886	1.101533e+00
1887	1.102193e+00
1888	1.102724e+00
1889	1.101891e+00
1890	1.100412e+00
1891	1.097333e+00
1892	1.094572e+00
1893	1.091912e+00
1894	1.089202e+00
1895	1.088030e+00
1896	1.087502e+00
1897	1.089393e+00
1898	1.093111e+00
1899	1.096568e+00
1900	1.099812e+00
1901	1.102189e+00
1902	1.101897e+00
1903	1.098930e+00
1904	1.095846e+00
1905	1.091515e+00
1906	1.087762e+00
1907	1.084950e+00
1908	1.083615e+00
1909	1.084051e+00
1910	1.085327e+00
1911	1.086240e+00
1912	1.087737e+00
1913	1.090513e+00
1914	1.094217e+00
1915	1.098158e+00
1916	1.101892e+00
1917	1.104745e+00
1918	1.107248e+00
1919	1.107830e+00
1920	1.108153e+00
1921	1.106053e+00
1922	1.102588e+00
1923	1.099750e+00
1924	1.095935e+00
1925	1.091353e+00
1926	1.088888e+00
1927	1.087039e+00
1928	1.084637e+00
1929	1.082919e+00
1930	1.081949e+00
1931	1.081372e+00
1932	1.080863e+00
1933	1.080269e+00
1934	1.078462e+00
1935	1.077768e+00
1936	1.077548e+00
1937	1.079714e+00
1938	1.081265e+00
1939	1.084431e+00
1940	1.087542e+00
1941	1.090731e+00
1942	1.091939e+00
1943	1.092523e+00
1944	1.091783e+00
1945	1.089866e+00
1946	1.086792e+00
1947	1.084781e+00
1948	1.083778e+00
1949	1.083040e+00
1950	1.082908e+00
1951	1.084608e+00
1952	1.084974e+00
1953	1.084611e+00
1954	1.085537e+00
1955	1.086654e+00
1956	1.085776e+00
1957	1.085957e+00
1958	1.085748e+00
1959	1.085669e+00
1960	1.085424e+00
1961	1.085300e+00
1962	1.085723e+00
1963	1.086647e+00
1964	1.089226e+00
1965	1.091111e+00
1966	1.093733e+00
1967	1.096296e+00
1968	1.097781e+00
1969	1.097449e+00
1970	1.096661e+00
1971	1.094354e+00
1972	1.091219e+00
1973	1.088400e+00
1974	1.083771e+00
1975	1.079565e+00
1976	1.075283e+00
1977	1.073099e+00
1978	1.072405e+00
1979	1.071798e+00
1980	1.072953e+00
1981	1.075278e+00
1982	1.078604e+00
1983	1.084606e+00
1984	1.091145e+00
1985	1.099091e+00
1986	1.105302e+00
1987	1.111641e+00
1988	1.115079e+00
1989	1.117330e+00
1990	1.116720e+00
1991	1.112896e+00
1992	1.106704e+00
1993	1.100302e+00
1994	1.094629e+00
1995	1.088754e+00
1996	1.082148e+00
1997	1.077103e+00
1998	1.074668e+00
1999	1.074133e+00
2000	1.075232e+00
2001	1.077361e+00
2002	1.080298e+00
2003	1.082912e+00
2004	1.087673e+00
2005	1.093518e+00
2006	1.099843e+00
2007	1.105789e+00
2008	1.108458e+00
2009	1.110766e+00
2010	1.111819e+00
2011	1.111096e+00
2012	1.108330e+00
2013	1.106363e+00
2014	1.103919e+00
2015	1.100136e+00
2016	1.094913e+00
2017	1.088872e+00
2018	1.083128e+00
2019	1.077430e+00
2020	1.072999e+00
2021	1.068664e+00
2022	1.067097e+00
2023	1.066785e+00
2024	1.068152e+00
2025	1.071694e+00
2026	1.077314e+00
2027	1.083230e+00
2028	1.089552e+00
2029	1.096500e+00
2030	1.101762e+00
2031	1.106236e+00
2032	1.108894e+00
2033	1.109069e+00
2034	1.108288e+00
2035	1.107558e+00
2036	1.106445e+00
2037	1.103765e+00
2038	1.100127e+00
2039	1.096036e+00
2040	1.091903e+00
2041	1.085925e+00
2042	1.080197e+00
2043	1.075508e+00
2044	1.073312e+00
2045	1.072597e+00
2046	1.074286e+00
2047	1.077104e+00
2048	1.082602e+00
2049	1.090555e+00
2050	1.099392e+00
2051	1.107851e+00
2052	1.115117e+00
2053	1.121299e+00
2054	1.125937e+00
2055	1.129135e+00
2056	1.130024e+00
2057	1.129155e+00
2058	1.124718e+00
2059	1.116970e+00
2060	1.107349e+00
2061	1.095912e+00
2062	1.085172e+00
2063	1.076596e+00
2064	1.069618e+00
2065	1.064277e+00
2066	1.062280e+00
2067	1.062555e+00
2068	1.065213e+00
2069	1.071295e+00
2070	1.080360e+00
2071	1.090954e+00
2072	1.100744e+00
2073	1.110160e+00
2074	1.117705e+00
2075	1.121425e+00
2076	1.123034e+00
2077	1.122537e+00
2078	1.118691e+00
2079	1.111358e+00
2080	1.102806e+00
2081	1.092948e+00
2082	1.082700e+00
2083	1.071504e+00
2084	1.061430e+00
2085	1.053112e+00
2086	1.047510e+00
2087	1.045283e+00
2088	1.047174e+00
2089	1.052985e+00
2090	1.060715e+00
2091	1.070916e+00
2092	1.082764e+00
2093	1.095827e+00
2094	1.108064e+00
2095	1.118762e+00
2096	1.126402e+00
2097	1.132330e+00
2098	1.135562e+00
2099	1.135339e+00
2100	1.129920e+00
2101	1.121697e+00
2102	1.111309e+00
2103	1.099626e+00
2104	1.086178e+00
2105	1.074577e+00
2106	1.063748e+00
2107	1.056239e+00
2108	1.052662e+00
2109	1.053099e+00
2110	1.058138e+00
2111	1.065171e+00
2112	1.075610e+00
2113	1.087520e+00
2114	1.100270e+00
2115	1.113150e+00
2116	1.123448e+00
2117	1.132538e+00
2118	1.137081e+00
2119	1.137018e+00
2120	1.132341e+00
2121	1.123629e+00
2122	1.112967e+00
2123	1.099885e+00
2124	1.086587e+00
2125	1.073693e+00
2126	1.063120e+00
2127	1.054254e+00
2128	1.049752e+00
2129	1.048237e+00
2130	1.052118e+00
2131	1.059715e+00
2132	1.071490e+00
2133	1.085157e+00
2134	1.099820e+00
2135	1.113677e+00
2136	1.125891e+00
2137	1.136177e+00
2138	1.142803e+00
2139	1.146788e+00
2140	1.145103e+00
2141	1.137361e+00
2142	1.126177e+00
2143	1.112516e+00
2144	1.096331e+00
2145	1.080276e+00
2146	1.066193e+00
2147	1.053843e+00
2148	1.044380e+00
2149	1.040531e+00
2150	1.040707e+00
2151	1.044349e+00
2152	1.053295e+00
2153	1.067010e+00
2154	1.082034e+00
2155	1.096651e+00
2156	1.111844e+00
2157	1.124698e+00
2158	1.136736e+00
2159	1.145158e+00
2160	1.149214e+00
2161	1.150407e+00
2162	1.147304e+00
2163	1.138699e+00
2164	1.124619e+00
2165	1.109345e+00
2166	1.094113e+00
2167	1.080234e+00
2168	1.066510e+00
2169	1.054479e+00
2170	1.045995e+00
2171	1.041792e+00
2172	1.043302e+00
2173	1.048919e+00
2174	1.059280e+00
2175	1.073049e+00
2176	1.088380e+00
2177	1.102963e+00
2178	1.115692e+00
2179	1.126808e+00
2180	1.134125e+00
2181	1.137936e+00
2182	1.136402e+00
2183	1.130982e+00
2184	1.123929e+00
2185	1.115556e+00
2186	1.104176e+00
2187	1.092201e+00
2188	1.081113e+00
2189	1.070290e+00
2190	1.060847e+00
2191	1.055016e+00
2192	1.053130e+00
2193	1.055136e+00
2194	1.061241e+00
2195	1.070118e+00
2196	1.081541e+00
2197	1.094099e+00
2198	1.105897e+00
2199	1.115838e+00
2200	1.123744e+00
2201	1.129606e+00
2202	1.131661e+00
2203	1.129179e+00
2204	1.124026e+00
2205	1.114114e+00
2206	1.102775e+00
2207	1.089529e+00
2208	1.075526e+00
2209	1.063186e+00
2210	1.053266e+00
2211	1.047773e+00
2212	1.047400e+00
2213	1.051553e+00
2214	1.058334e+00
2215	1.068175e+00
2216	1.080540e+00
2217	1.093749e+00
2218	1.105996e+00
2219	1.115288e+00
2220	1.122793e+00
2221	1.128610e+00
2222	1.132120e+00
2223	1.132928e+00
2224	1.130353e+00
2225	1.124653e+00
2226	1.117429e+00
2227	1.108626e+00
2228	1.098814e+00
2229	1.088383e+00
2230	1.078187e+00
2231	1.069015e+00
2232	1.063577e+00
2233	1.061469e+00
2234	1.063372e+00
2235	1.069143e+00
2236	1.074448e+00
2237	1.081411e+00
2238	1.088690e+00
2239	1.096251e+00
2240	1.102678e+00
2241	1.107845e+00
2242	1.111734e+00
2243	1.113127e+00
2244	1.112463e+00
2245	1.110650e+00
2246	1.107032e+00
2247	1.102671e+00
2248	1.097557e+00
2249	1.092337e+00
2250	1.087456e+00
2251	1.083751e+00
2252	1.081593e+00
2253	1.081054e+00
2254	1.081148e+00
2255	1.082239e+00
2256	1.082920e+00
2257	1.084553e+00
2258	1.085317e+00
2259	1.087282e+00
2260	1.092405e+00
2261	1.097117e+00
2262	1.101892e+00
2263	1.105905e+00
2264	1.108690e+00
2265	1.109166e+00
2266	1.109064e+00
2267	1.106443e+00
2268	1.102492e+00
2269	1.097462e+00
2270	1.093586e+00
2271	1.088670e+00
2272	1.084021e+00
2273	1.080623e+00
2274	1.077353e+00
2275	1.073925e+00
2276	1.071445e+00
2277	1.071856e+00
2278	1.073560e+00
2279	1.076468e+00
2280	1.081538e+00
2281	1.086248e+00
2282	1.090996e+00
2283	1.095214e+00
2284	1.099081e+00
2285	1.101857e+00
2286	1.105324e+00
2287	1.106324e+00
2288	1.106019e+00
2289	1.106280e+00
2290	1.106114e+00
2291	1.103870e+00
2292	1.101776e+00
2293	1.098645e+00
2294	1.094770e+00
2295	1.090557e+00
2296	1.086580e+00
2297	1.083209e+00
2298	1.080628e+00
2299	1.080813e+00
2300	1.080912e+00
2301	1.081744e+00
2302	1.084562e+00
2303	1.088225e+00
2304	1.094145e+00
2305	1.100244e+00
2306	1.105218e+00
2307	1.109312e+00
2308	1.113142e+00
2309	1.115738e+00
2310	1.116559e+00
2311	1.115479e+00
2312	1.111562e+00
2313	1.106030e+00
2314	1.099130e+00
2315	1.091153e+00
2316	1.082546e+00
2317	1.074587e+00
2318	1.068929e+00
2319	1.063847e+00
2320	1.061062e+00
2321	1.060285e+00
2322	1.061997e+00
2323	1.067025e+00
2324	1.074488e+00
2325	1.082732e+00
2326	1.092584e+00
2327	1.102260e+00
2328	1.110261e+00
2329	1.116695e+00
2330	1.120486e+00
2331	1.122553e+00
2332	1.121073e+00
2333	1.116376e+00
2334	1.109138e+00
2335	1.101134e+00
2336	1.092829e+00
2337	1.084194e+00
2338	1.075901e+00
2339	1.069238e+00
2340	1.066047e+00
2341	1.066319e+00
2342	1.071632e+00
2343	1.079475e+00
2344	1.088567e+00
2345	1.099655e+00
2346	1.109543e+00
2347	1.118846e+00
2348	1.126160e+00
2349	1.130482e+00
2350	1.133599e+00
2351	1.135363e+00
2352	1.133951e+00
2353	1.129463e+00
2354	1.121602e+00
2355	1.113708e+00
2356	1.104610e+00
2357	1.094202e+00
2358	1.084320e+00
2359	1.074099e+00
2360	1.065586e+00
2361	1.058668e+00
2362	1.056104e+00
2363	1.057959e+00
2364	1.063726e+00
2365	1.072214e+00
2366	1.083802e+00
2367	1.098367e+00
2368	1.112776e+00
2369	1.124987e+00
2370	1.136683e+00
2371	1.144982e+00
2372	1.151092e+00
2373	1.153145e+00
2374	1.153672e+00
2375	1.150187e+00
2376	1.142971e+00
2377	1.131585e+00
2378	1.118358e+00
2379	1.102986e+00
2380	1.086156e+00
2381	1.069224e+00
2382	1.053707e+00
2383	1.041711e+00
2384	1.035913e+00
2385	1.036309e+00
2386	1.042572e+00
2387	1.054606e+00
2388	1.070820e+00
2389	1.089936e+00
2390	1.111200e+00
2391	1.131630e+00
2392	1.149930e+00
2393	1.164009e+00
2394	1.172764e+00
2395	1.175847e+00
2396	1.172911e+00
2397	1.164698e+00
2398	1.150621e+00
2399	1.133749e+00
2400	1.113827e+00
2401	1.094249e+00
2402	1.074679e+00
2403	1.057734e+00
2404	1.044804e+00
2405	1.036725e+00
2406	1.035042e+00
2407	1.040116e+00
2408	1.051951e+00
2409	1.068398e+00
2410	1.087806e+00
2411	1.107383e+00
2412	1.127707e+00
2413	1.146269e+00
2414	1.160495e+00
2415	1.168398e+00
2416	1.171437e+00
2417	1.167696e+00
2418	1.158264e+00
2419	1.142673e+00
2420	1.123397e+00
2421	1.101002e+00
2422	1.077925e+00
2423	1.056368e+00
2424	1.037576e+00
2425	1.022616e+00
2426	1.014566e+00
2427	1.013629e+00
2428	1.021924e+00
2429	1.037287e+00
2430	1.056201e+00
2431	1.078850e+00
2432	1.102430e+00
2433	1.125405e+00
2434	1.145515e+00
2435	1.161473e+00
2436	1.173088e+00
2437	1.178939e+00
2438	1.178517e+00
2439	1.171730e+00
2440	1.160338e+00
2441	1.144909e+00
2442	1.126247e+00
2443	1.104273e+00
2444	1.080978e+00
2445	1.061165e+00
2446	1.044772e+00
2447	1.033049e+00
2448	1.027525e+00
2449	1.028850e+00
2450	1.035845e+00
2451	1.049908e+00
2452	1.069145e+00
2453	1.090137e+00
2454	1.111760e+00
2455	1.133167e+00
2456	1.151013e+00
2457	1.165212e+00
2458	1.174364e+00
2459	1.178653e+00
2460	1.175128e+00
2461	1.166208e+00
2462	1.151650e+00
2463	1.133030e+00
2464	1.110663e+00
2465	1.087093e+00
2466	1.063318e+00
2467	1.042036e+00
2468	1.025294e+00
2469	1.015230e+00
2470	1.012958e+00
2471	1.018496e+00
2472	1.029380e+00
2473	1.045235e+00
2474	1.064535e+00
2475	1.086166e+00
2476	1.109208e+00
2477	1.131047e+00
2478	1.149356e+00
2479	1.162814e+00
2480	1.171577e+00
2481	1.174626e+00
2482	1.172460e+00
2483	1.165788e+00
2484	1.154685e+00
2485	1.140552e+00
2486	1.123170e+00
2487	1.104407e+00
2488	1.084373e+00
2489	1.065841e+00
2490	1.050086e+00
2491	1.037220e+00
2492	1.029086e+00
2493	1.027843e+00
2494	1.032554e+00
2495	1.044532e+00
2496	1.061501e+00
2497	1.081146e+00
2498	1.101158e+00
2499	1.119320e+00
2500	1.135127e+00
2501	1.148061e+00
2502	1.156970e+00
2503	1.161244e+00
2504	1.161807e+00
2505	1.158299e+00
2506	1.148749e+00
2507	1.136028e+00
2508	1.120225e+00
2509	1.102455e+00
2510	1.083475e+00
2511	1.065610e+00
2512	1.050338e+00
2513	1.040041e+00
2514	1.036181e+00
2515	1.037212e+00
2516	1.043506e+00
2517	1.053663e+00
2518	1.067723e+00
2519	1.084135e+00
2520	1.101549e+00
2521	1.117175e+00
2522	1.132129e+00
2523	1.144135e+00
2524	1.152307e+00
2525	1.156964e+00
2526	1.157963e+00
2527	1.153740e+00
2528	1.145602e+00
2529	1.133301e+00
2530	1.119641e+00
2531	1.104408e+00
2532	1.087720e+00
2533	1.071661e+00
2534	1.056435e+00
2535	1.044958e+00
2536	1.039789e+00
2537	1.039938e+00
2538	1.044935e+00
2539	1.056346e+00
2540	1.071865e+00
2541	1.090009e+00
2542	1.109017e+00
2543	1.126404e+00
2544	1.142654e+00
2545	1.155958e+00
2546	1.164688e+00
2547	1.169090e+00
2548	1.169390e+00
2549	1.164070e+00
2550	1.153901e+00
2551	1.139168e+00
2552	1.120193e+00
2553	1.100343e+00
2554	1.080280e+00
2555	1.061982e+00
2556	1.047059e+00
2557	1.037426e+00
2558	1.034927e+00
2559	1.038075e+00
2560	1.047024e+00
2561	1.060532e+00
2562	1.077022e+00
2563	1.093765e+00
2564	1.111081e+00
2565	1.127015e+00
2566	1.139740e+00
2567	1.150128e+00
2568	1.156016e+00
2569	1.156631e+00
2570	1.152114e+00
2571	1.143144e+00
2572	1.129608e+00
2573	1.112615e+00
2574	1.092726e+00
2575	1.072192e+00
2576	1.053677e+00
2577	1.038703e+00
2578	1.028854e+00
2579	1.024437e+00
2580	1.026939e+00
2581	1.036728e+00
2582	1.050169e+00
2583	1.066567e+00
2584	1.084182e+00
2585	1.101263e+00
2586	1.117623e+00
2587	1.132158e+00
2588	1.143847e+00
2589	1.152662e+00
2590	1.158738e+00
2591	1.160234e+00
2592	1.156583e+00
2593	1.149059e+00
2594	1.138527e+00
2595	1.124556e+00
2596	1.106519e+00
2597	1.087111e+00
2598	1.069770e+00
2599	1.054501e+00
2600	1.044650e+00
2601	1.038461e+00
2602	1.037523e+00
2603	1.043898e+00
2604	1.056144e+00
2605	1.073788e+00
2606	1.093767e+00
2607	1.113693e+00
2608	1.132064e+00
2609	1.147727e+00
2610	1.158400e+00
2611	1.164020e+00
2612	1.162048e+00
2613	1.157022e+00
2614	1.146582e+00
2615	1.132699e+00
2616	1.115937e+00
2617	1.098494e+00
2618	1.080723e+00
2619	1.064084e+00
2620	1.051482e+00
2621	1.043182e+00
2622	1.040559e+00
2623	1.041553e+00
2624	1.047019e+00
2625	1.055914e+00
2626	1.068452e+00
2627	1.084179e+00
2628	1.100510e+00
2629	1.118562e+00
2630	1.134067e+00
2631	1.146514e+00
2632	1.154128e+00
2633	1.154957e+00
2634	1.151854e+00
2635	1.145836e+00
2636	1.136799e+00
2637	1.125679e+00
2638	1.112985e+00
2639	1.099699e+00
2640	1.086191e+00
2641	1.072779e+00
2642	1.062059e+00
2643	1.053474e+00
2644	1.049908e+00
2645	1.050695e+00
2646	1.055884e+00
2647	1.064549e+00
2648	1.074981e+00
2649	1.087304e+00
2650	1.099134e+00
2651	1.111166e+00
2652	1.122384e+00
2653	1.133036e+00
2654	1.139217e+00
2655	1.141621e+00
2656	1.140833e+00
2657	1.136938e+00
2658	1.128720e+00
2659	1.118846e+00
2660	1.108208e+00
2661	1.098137e+00
2662	1.087410e+00
2663	1.076123e+00
2664	1.066588e+00
2665	1.061584e+00
2666	1.059479e+00
2667	1.060258e+00
2668	1.063194e+00
2669	1.068896e+00
2670	1.076821e+00
2671	1.083438e+00
2672	1.091503e+00
2673	1.100291e+00
2674	1.107432e+00
2675	1.115258e+00
2676	1.120569e+00
2677	1.123050e+00
2678	1.122332e+00
2679	1.120190e+00
2680	1.115957e+00
2681	1.109336e+00
2682	1.101072e+00
2683	1.094569e+00
2684	1.086470e+00
2685	1.079847e+00
2686	1.073494e+00
2687	1.069737e+00
2688	1.069043e+00
2689	1.069811e+00
2690	1.072134e+00
2691	1.075792e+00
2692	1.081021e+00
2693	1.088105e+00
2694	1.096648e+00
2695	1.105959e+00
2696	1.115994e+00
2697	1.123562e+00
2698	1.130035e+00
2699	1.134040e+00
2700	1.136389e+00
2701	1.134064e+00
2702	1.128257e+00
2703	1.119314e+00
2704	1.109047e+00
2705	1.097741e+00
2706	1.087511e+00
2707	1.078894e+00
2708	1.071551e+00
2709	1.067517e+00
2710	1.065117e+00
2711	1.066567e+00
2712	1.071079e+00
2713	1.079759e+00
2714	1.089760e+00
2715	1.100433e+00
2716	1.110790e+00
2717	1.118879e+00
2718	1.125098e+00
2719	1.129430e+00
2720	1.131766e+00
2721	1.132087e+00
2722	1.131104e+00
2723	1.128238e+00
2724	1.124536e+00
2725	1.120069e+00
2726	1.114732e+00
2727	1.110166e+00
2728	1.104720e+00
2729	1.098148e+00
2730	1.089927e+00
2731	1.082386e+00
2732	1.077523e+00
2733	1.074866e+00
2734	1.074824e+00
2735	1.077014e+00
2736	1.082165e+00
2737	1.088589e+00
2738	1.094934e+00
2739	1.101028e+00
2740	1.107533e+00
2741	1.112631e+00
2742	1.116365e+00
2743	1.117480e+00
2744	1.115729e+00
2745	1.112659e+00
2746	1.107415e+00
2747	1.100836e+00
2748	1.093364e+00
2749	1.086034e+00
2750	1.077025e+00
2751	1.067730e+00
2752	1.062189e+00
2753	1.058177e+00
2754	1.057812e+00
2755	1.061440e+00
2756	1.068738e+00
2757	1.077984e+00
2758	1.089101e+00
2759	1.101498e+00
2760	1.112555e+00
2761	1.121503e+00
2762	1.127836e+00
2763	1.129651e+00
2764	1.131873e+00
2765	1.132401e+00
2766	1.129491e+00
2767	1.124297e+00
2768	1.116550e+00
2769	1.108921e+00
2770	1.101647e+00
2771	1.093580e+00
2772	1.086007e+00
2773	1.079036e+00
2774	1.073386e+00
2775	1.071152e+00
2776	1.072105e+00
2777	1.075947e+00
2778	1.081313e+00
2779	1.087879e+00
2780	1.095297e+00
2781	1.104706e+00
2782	1.113377e+00
2783	1.120960e+00
2784	1.126531e+00
2785	1.129822e+00
2786	1.129879e+00
2787	1.129253e+00
2788	1.125398e+00
2789	1.119686e+00
2790	1.112855e+00
2791	1.104964e+00
2792	1.095627e+00
2793	1.088341e+00
2794	1.084029e+00
2795	1.080647e+00
2796	1.076930e+00
2797	1.074297e+00
2798	1.073256e+00
2799	1.073640e+00
2800	1.076383e+00
2801	1.082066e+00
2802	1.088760e+00
2803	1.095455e+00
2804	1.102331e+00
2805	1.109346e+00
2806	1.115721e+00
2807	1.119456e+00
2808	1.120699e+00
2809	1.120265e+00
2810	1.119145e+00
2811	1.116000e+00
2812	1.110840e+00
2813	1.106282e+00
2814	1.100935e+00
2815	1.094939e+00
2816	1.090985e+00
2817	1.087091e+00
2818	1.082910e+00
2819	1.080203e+00
2820	1.078293e+00
2821	1.078648e+00
2822	1.080235e+00
2823	1.081639e+00
2824	1.084909e+00
2825	1.088365e+00
2826	1.093314e+00
2827	1.097983e+00
2828	1.103173e+00
2829	1.107778e+00
2830	1.110158e+00
2831	1.109391e+00
2832	1.107307e+00
2833	1.103422e+00
2834	1.097889e+00
2835	1.093135e+00
2836	1.088851e+00
2837	1.085022e+00
2838	1.082367e+00
2839	1.081293e+00
2840	1.080806e+00
2841	1.082403e+00
2842	1.085681e+00
2843	1.091160e+00
2844	1.097979e+00
2845	1.105352e+00
2846	1.111463e+00
2847	1.116939e+00
2848	1.120509e+00
2849	1.122993e+00
2850	1.122918e+00
2851	1.120826e+00
2852	1.116640e+00
2853	1.110813e+00
2854	1.103170e+00
2855	1.094689e+00
2856	1.086116e+00
2857	1.079142e+00
2858	1.072668e+00
2859	1.068189e+00
2860	1.064723e+00
2861	1.063293e+00
2862	1.065208e+00
2863	1.069795e+00
2864	1.076386e+00
2865	1.083666e+00
2866	1.092120e+00
2867	1.100399e+00
2868	1.109144e+00
2869	1.117366e+00
2870	1.124286e+00
2871	1.128760e+00
2872	1.129974e+00
2873	1.130986e+00
2874	1.129286e+00
2875	1.125327e+00
2876	1.119573e+00
2877	1.110292e+00
2878	1.099875e+00
2879	1.090442e+00
2880	1.082319e+00
2881	1.073978e+00
2882	1.066924e+00
2883	1.060939e+00
2884	1.058295e+00
2885	1.059366e+00
2886	1.063866e+00
2887	1.068490e+00
2888	1.075035e+00
2889	1.082362e+00
2890	1.089872e+00
2891	1.096941e+00
2892	1.104481e+00
2893	1.110226e+00
2894	1.113845e+00
2895	1.116591e+00
2896	1.117240e+00
2897	1.116390e+00
2898	1.113020e+00
2899	1.109264e+00
2900	1.103238e+00
2901	1.095723e+00
2902	1.088881e+00
2903	1.081102e+00
2904	1.073987e+00
2905	1.068305e+00
2906	1.063778e+00
2907	1.062015e+00
2908	1.063316e+00
2909	1.067565e+00
2910	1.073331e+00
2911	1.081844e+00
2912	1.090350e+00
2913	1.098669e+00
2914	1.105982e+00
2915	1.111146e+00
2916	1.115520e+00
2917	1.117793e+00
2918	1.116421e+00
2919	1.113675e+00
2920	1.109492e+00
2921	1.105363e+00
2922	1.099865e+00
2923	1.095021e+00
2924	1.090319e+00
2925	1.085540e+00
2926	1.081810e+00
2927	1.079746e+00
2928	1.079605e+00
2929	1.079452e+00
2930	1.081779e+00
2931	1.084814e+00
2932	1.087592e+00
2933	1.090125e+00
2934	1.091601e+00
2935	1.092926e+00
2936	1.093972e+00
2937	1.094164e+00
2938	1.092910e+00
2939	1.091430e+00
2940	1.088903e+00
2941	1.086230e+00
2942	1.086499e+00
2943	1.089430e+00
2944	1.093461e+00
2945	1.096571e+00
2946	1.098259e+00
2947	1.098746e+00
2948	1.098329e+00
2949	1.096646e+00
2950	1.094446e+00
2951	1.092074e+00
2952	1.090223e+00
2953	1.088020e+00
2954	1.086095e+00
2955	1.084985e+00
2956	1.084618e+00
2957	1.085631e+00
2958	1.087359e+00
2959	1.087534e+00
2960	1.088749e+00
2961	1.090693e+00
2962	1.092431e+00
2963	1.093328e+00
2964	1.094621e+00
2965	1.094458e+00
2966	1.093574e+00
2967	1.092423e+00
2968	1.091063e+00
2969	1.089495e+00
2970	1.087992e+00
2971	1.086722e+00
2972	1.084768e+00
2973	1.084463e+00
2974	1.083982e+00
2975	1.084344e+00
2976	1.086287e+00
2977	1.088977e+00
2978	1.092273e+00
2979	1.096131e+00
2980	1.099087e+00
2981	1.101059e+00
2982	1.101692e+00
2983	1.102622e+00
2984	1.102602e+00
2985	1.101557e+00
2986	1.100237e+00
2987	1.098171e+00
2988	1.095019e+00
2989	1.091104e+00
2990	1.086058e+00
2991	1.081440e+00
2992	1.078991e+00
2993	1.078243e+00
2994	1.079061e+00
2995	1.080455e+00
2996	1.082951e+00
2997	1.085429e+00
2998	1.089022e+00
2999	1.093150e+00
3000	1.098116e+00
3001	1.102094e+00
3002	1.104972e+00
3003	1.107623e+00
3004	1.109226e+00
3005	1.109172e+00
3006	1.106893e+00
3007	1.104193e+00
3008	1.099550e+00
3009	1.092826e+00
3010	1.085872e+00
3011	1.080014e+00
3012	1.075839e+00
3013	1.071582e+00
3014	1.069951e+00
3015	1.072398e+00
3016	1.078230e+00
3017	1.084203e+00
3018	1.090972e+00
3019	1.099399e+00
3020	1.107363e+00
3021	1.115768e+00
3022	1.122395e+00
3023	1.127030e+00
3024	1.130390e+00
3025	1.131165e+00
3026	1.129161e+00
3027	1.125184e+00
3028	1.119349e+00
3029	1.111122e+00
3030	1.101807e+00
3031	1.092150e+00
3032	1.082694e+00
3033	1.072093e+00
3034	1.062559e+00
3035	1.055275e+00
3036	1.049375e+00
3037	1.045942e+00
3038	1.046667e+00
3039	1.052448e+00
3040	1.063715e+00
3041	1.076165e+00
3042	1.090006e+00
3043	1.102993e+00
3044	1.115745e+00
3045	1.126224e+00
3046	1.132582e+00
3047	1.135536e+00
3048	1.135458e+00
3049	1.130777e+00
3050	1.122205e+00
3051	1.110389e+00
3052	1.095466e+00
3053	1.081004e+00
3054	1.068475e+00
3055	1.057761e+00
3056	1.051294e+00
3057	1.048266e+00
3058	1.048197e+00
3059	1.053712e+00
3060	1.062884e+00
3061	1.073931e+00
3062	1.086156e+00
3063	1.098208e+00
3064	1.111224e+00
3065	1.121601e+00
3066	1.131422e+00
3067	1.138400e+00
3068	1.142453e+00
3069	1.143473e+00
3070	1.140521e+00
3071	1.134246e+00
3072	1.126630e+00
3073	1.118118e+00
3074	1.106938e+00
3075	1.094630e+00
3076	1.083136e+00
3077	1.073129e+00
3078	1.065787e+00
3079	1.060797e+00
3080	1.058472e+00
3081	1.060143e+00
3082	1.065061e+00
3083	1.072080e+00
3084	1.080933e+00
3085	1.090861e+00
3086	1.100771e+00
3087	1.111128e+00
3088	1.121242e+00
3089	1.129224e+00
3090	1.135932e+00
3091	1.138249e+00
3092	1.137981e+00
3093	1.134874e+00
3094	1.128477e+00
3095	1.117905e+00
3096	1.106559e+00
3097	1.094673e+00
3098	1.080792e+00
3099	1.068480e+00
3100	1.058582e+00
3101	1.052015e+00
3102	1.049364e+00
3103	1.051364e+00
3104	1.057192e+00
3105	1.067173e+00
3106	1.078545e+00
3107	1.092895e+00
3108	1.105020e+00
3109	1.116823e+00
3110	1.127425e+00
3111	1.135201e+00
3112	1.139364e+00
3113	1.138819e+00
3114	1.135956e+00
3115	1.130053e+00
3116	1.121657e+00
3117	1.111048e+00
3118	1.099755e+00
3119	1.088224e+00
3120	1.078031e+00
3121	1.071547e+00
3122	1.067304e+00
3123	1.066571e+00
3124	1.069813e+00
3125	1.075434e+00
3126	1.081905e+00
3127	1.090286e+00
3128	1.099744e+00
3129	1.109040e+00
3130	1.115215e+00
3131	1.119218e+00
3132	1.120540e+00
3133	1.120328e+00
3134	1.118421e+00
3135	1.113914e+00
3136	1.107929e+00
3137	1.100465e+00
3138	1.092669e+00
3139	1.085727e+00
3140	1.079580e+00
3141	1.075835e+00
3142	1.075152e+00
3143	1.074811e+00
3144	1.076936e+00
3145	1.081400e+00
3146	1.087408e+00
3147	1.094540e+00
3148	1.101691e+00
3149	1.107755e+00
3150	1.114430e+00
3151	1.119432e+00
3152	1.122622e+00
3153	1.123276e+00
3154	1.120360e+00
3155	1.115225e+00
3156	1.106432e+00
3157	1.097681e+00
3158	1.088139e+00
3159	1.079221e+00
3160	1.071175e+00
3161	1.064016e+00
3162	1.059794e+00
3163	1.057858e+00
3164	1.060457e+00
3165	1.066034e+00
3166	1.074590e+00
3167	1.084868e+00
3168	1.095810e+00
3169	1.106251e+00
3170	1.115546e+00
3171	1.122660e+00
3172	1.127305e+00
3173	1.129467e+00
3174	1.128983e+00
3175	1.124584e+00
3176	1.118393e+00
3177	1.110288e+00
3178	1.100843e+00
3179	1.089539e+00
3180	1.078279e+00
3181	1.067329e+00
3182	1.058725e+00
3183	1.052658e+00
3184	1.048577e+00
3185	1.048560e+00
3186	1.052823e+00
3187	1.059278e+00
3188	1.069425e+00
3189	1.082924e+00
3190	1.097373e+00
3191	1.112677e+00
3192	1.127664e+00
3193	1.139237e+00
3194	1.147128e+00
3195	1.149871e+00
3196	1.148943e+00
3197	1.143399e+00
3198	1.134356e+00
3199	1.122369e+00
3200	1.106806e+00
3201	1.090525e+00
3202	1.074340e+00
3203	1.057880e+00
3204	1.043224e+00
3205	1.032527e+00
3206	1.027914e+00
3207	1.029432e+00
3208	1.035324e+00
3209	1.046559e+00
3210	1.061746e+00
3211	1.078610e+00
3212	1.097231e+00
3213	1.114343e+00
3214	1.129751e+00
3215	1.140037e+00
3216	1.146600e+00
3217	1.148475e+00
3218	1.144864e+00
3219	1.136547e+00
3220	1.124543e+00
3221	1.110268e+00
3222	1.095245e+00
3223	1.081237e+00
3224	1.068783e+00
3225	1.057951e+00
3226	1.051526e+00
3227	1.047852e+00
3228	1.050959e+00
3229	1.059612e+00
3230	1.071540e+00
3231	1.086246e+00
3232	1.101650e+00
3233	1.116579e+00
3234	1.130886e+00
3235	1.143386e+00
3236	1.155098e+00
3237	1.164048e+00
3238	1.168133e+00
3239	1.167893e+00
3240	1.163146e+00
3241	1.154358e+00
3242	1.140980e+00
3243	1.125617e+00
3244	1.108899e+00
3245	1.091485e+00
3246	1.075565e+00
3247	1.062181e+00
3248	1.052537e+00
3249	1.047807e+00
3250	1.047085e+00
3251	1.051549e+00
3252	1.061810e+00
3253	1.075207e+00
3254	1.090661e+00
3255	1.107133e+00
3256	1.124363e+00
3257	1.139093e+00
3258	1.151490e+00
3259	1.158341e+00
3260	1.160615e+00
3261	1.157529e+00
3262	1.149149e+00
3263	1.135858e+00
3264	1.120306e+00
3265	1.102743e+00
3266	1.084790e+00
3267	1.067773e+00
3268	1.053319e+00
3269	1.043676e+00
3270	1.038443e+00
3271	1.039129e+00
3272	1.045446e+00
3273	1.055507e+00
3274	1.067905e+00
3275	1.083217e+00
3276	1.099294e+00
3277	1.114481e+00
3278	1.127714e+00
3279	1.138133e+00
3280	1.145258e+00
3281	1.150381e+00
3282	1.150419e+00
3283	1.147200e+00
3284	1.139214e+00
3285	1.128019e+00
3286	1.115163e+00
3287	1.100981e+00
3288	1.086164e+00
3289	1.071820e+00
3290	1.058593e+00
3291	1.049198e+00
3292	1.042601e+00
3293	1.040881e+00
3294	1.044869e+00
3295	1.052672e+00
3296	1.064212e+00
3297	1.077834e+00
3298	1.091558e+00
3299	1.104272e+00
3300	1.114517e+00
3301	1.124078e+00
3302	1.131851e+00
3303	1.136552e+00
3304	1.138191e+00
3305	1.136958e+00
3306	1.132337e+00
3307	1.123894e+00
3308	1.113306e+00
3309	1.101995e+00
3310	1.089352e+00
3311	1.077167e+00
3312	1.065983e+00
3313	1.055760e+00
3314	1.049929e+00
3315	1.047993e+00
3316	1.047523e+00
3317	1.049372e+00
3318	1.055742e+00
3319	1.066259e+00
3320	1.079578e+00
3321	1.095395e+00
3322	1.110727e+00
3323	1.123800e+00
3324	1.133785e+00
3325	1.141434e+00
3326	1.145786e+00
3327	1.146351e+00
3328	1.142574e+00
3329	1.134160e+00
3330	1.123708e+00
3331	1.112892e+00
3332	1.101300e+00
3333	1.090371e+00
3334	1.081596e+00
3335	1.074802e+00
3336	1.072568e+00
3337	1.072086e+00
3338	1.073902e+00
3339	1.076528e+00
3340	1.080240e+00
3341	1.084521e+00
3342	1.090486e+00
3343	1.097123e+00
3344	1.102471e+00
3345	1.106364e+00
3346	1.109244e+00
3347	1.110964e+00
3348	1.111748e+00
3349	1.112076e+00
3350	1.111852e+00
3351	1.110627e+00
3352	1.107353e+00
3353	1.103302e+00
3354	1.100241e+00
3355	1.097554e+00
3356	1.096283e+00
3357	1.095075e+00
3358	1.095246e+00
3359	1.095880e+00
3360	1.097165e+00
3361	1.097187e+00
3362	1.098677e+00
3363	1.099461e+00
3364	1.100908e+00
3365	1.101716e+00
3366	1.101039e+00
3367	1.099006e+00
3368	1.095558e+00
3369	1.091441e+00
3370	1.085820e+00
3371	1.080578e+00
3372	1.076594e+00
3373	1.074196e+00
3374	1.073292e+00
3375	1.073156e+00
3376	1.075677e+00
3377	1.080526e+00
3378	1.085855e+00
3379	1.093181e+00
3380	1.101422e+00
3381	1.110112e+00
3382	1.118447e+00
3383	1.124848e+00
3384	1.128811e+00
3385	1.129041e+00
3386	1.126346e+00
3387	1.121361e+00
3388	1.115239e+00
3389	1.106894e+00
3390	1.097045e+00
3391	1.085744e+00
3392	1.076420e+00
3393	1.068109e+00
3394	1.062378e+00
3395	1.060091e+00
3396	1.062068e+00
3397	1.067247e+00
3398	1.075082e+00
3399	1.085303e+00
3400	1.096708e+00
3401	1.106443e+00
3402	1.114369e+00
3403	1.120488e+00
3404	1.123874e+00
3405	1.124446e+00
3406	1.123618e+00
3407	1.122080e+00
3408	1.117110e+00
3409	1.111251e+00
3410	1.103566e+00
3411	1.096347e+00
3412	1.087643e+00
3413	1.080155e+00
3414	1.074409e+00
3415	1.070374e+00
3416	1.069414e+00
3417	1.071539e+00
3418	1.075308e+00
3419	1.081738e+00
3420	1.089291e+00
3421	1.097973e+00
3422	1.107190e+00
3423	1.115434e+00
3424	1.122375e+00
3425	1.126872e+00
3426	1.128751e+00
3427	1.126963e+00
3428	1.123412e+00
3429	1.117977e+00
3430	1.111259e+00
3431	1.103650e+00
3432	1.096630e+00
3433	1.089885e+00
3434	1.085687e+00
3435	1.082604e+00
3436	1.080569e+00
3437	1.080715e+00
3438	1.082884e+00
3439	1.085863e+00
3440	1.088376e+00
3441	1.092038e+00
3442	1.096577e+00
3443	1.102088e+00
3444	1.107444e+00
3445	1.111169e+00
3446	1.113893e+00
3447	1.115560e+00
3448	1.115978e+00
3449	1.113382e+00
3450	1.107907e+00
3451	1.100821e+00
3452	1.092844e+00
3453	1.084848e+00
3454	1.079584e+00
3455	1.075267e+00
3456	1.072228e+00
3457	1.070424e+00
3458	1.069388e+00
3459	1.070817e+00
3460	1.074789e+00
3461	1.079895e+00
3462	1.085512e+00
3463	1.089692e+00
3464	1.093631e+00
3465	1.097544e+00
3466	1.101158e+00
3467	1.104409e+00
3468	1.106196e+00
3469	1.107438e+00
3470	1.106316e+00
3471	1.104866e+00
3472	1.103939e+00
3473	1.103049e+00
3474	1.103662e+00
3475	1.102529e+00
3476	1.101277e+00
3477	1.099985e+00
3478	1.097776e+00
3479	1.093050e+00
3480	1.087039e+00
3481	1.081021e+00
3482	1.077381e+00
3483	1.075211e+00
3484	1.074816e+00
3485	1.076938e+00
3486	1.081751e+00
3487	1.087677e+00
3488	1.092233e+00
3489	1.097534e+00
3490	1.104412e+00
3491	1.110944e+00
3492	1.116695e+00
3493	1.121624e+00
3494	1.125339e+00
3495	1.126962e+00
3496	1.125407e+00
3497	1.121419e+00
3498	1.115132e+00
3499	1.107724e+00
3500	1.099480e+00
3501	1.089405e+00
3502	1.080011e+00
3503	1.073996e+00
3504	1.071980e+00
3505	1.071734e+00
3506	1.076044e+00
3507	1.081990e+00
3508	1.088497e+00
3509	1.095321e+00
3510	1.102944e+00
3511	1.108775e+00
3512	1.112517e+00
3513	1.114907e+00
3514	1.115523e+00
3515	1.115547e+00
3516	1.115410e+00
3517	1.114564e+00
3518	1.111744e+00
3519	1.109672e+00
3520	1.105439e+00
3521	1.099615e+00
3522	1.093624e+00
3523	1.087347e+00
3524	1.081910e+00
3525	1.076863e+00
3526	1.073858e+00
3527	1.073228e+00
3528	1.075658e+00
3529	1.080457e+00
3530	1.086365e+00
3531	1.093519e+00
3532	1.101864e+00
3533	1.111464e+00
3534	1.120349e+00
3535	1.127213e+00
3536	1.133240e+00
3537	1.137004e+00
3538	1.138112e+00
3539	1.135530e+00
3540	1.128993e+00
3541	1.120899e+00
3542	1.111237e+00
3543	1.100927e+00
3544	1.089248e+00
3545	1.077433e+00
3546	1.067625e+00
3547	1.059573e+00
3548	1.054906e+00
3549	1.053413e+00
3550	1.057249e+00
3551	1.064776e+00
3552	1.074523e+00
3553	1.085780e+00
3554	1.096904e+00
3555	1.108269e+00
3556	1.118849e+00
3557	1.126286e+00
3558	1.129684e+00
3559	1.131511e+00
3560	1.130030e+00
3561	1.126070e+00
3562	1.118003e+00
3563	1.108686e+00
3564	1.097992e+00
3565	1.088220e+00
3566	1.078899e+00
3567	1.070978e+00
3568	1.064954e+00
3569	1.063169e+00
3570	1.064498e+00
3571	1.069851e+00
3572	1.078104e+00
3573	1.089976e+00
3574	1.102691e+00
3575	1.113781e+00
3576	1.123132e+00
3577	1.130950e+00
3578	1.136218e+00
3579	1.140408e+00
3580	1.139303e+00
3581	1.135924e+00
3582	1.129845e+00
3583	1.121345e+00
3584	1.111518e+00
3585	1.100266e+00
3586	1.090322e+00
3587	1.081257e+00
3588	1.073639e+00
3589	1.069547e+00
3590	1.069592e+00
3591	1.072431e+00
3592	1.080013e+00
3593	1.089591e+00
3594	1.101469e+00
3595	1.112771e+00
3596	1.122584e+00
3597	1.130013e+00
3598	1.135348e+00
3599	1.136915e+00
3600	1.138663e+00
3601	1.137016e+00
3602	1.132699e+00
3603	1.124886e+00
3604	1.114796e+00
3605	1.103943e+00
3606	1.091176e+00
3607	1.079571e+00
3608	1.071311e+00
3609	1.065389e+00
3610	1.062454e+00
3611	1.064984e+00
3612	1.069727e+00
3613	1.077773e+00
3614	1.089229e+00
3615	1.103021e+00
3616	1.115571e+00
3617	1.126789e+00
3618	1.135457e+00
3619	1.141394e+00
3620	1.143122e+00
3621	1.140458e+00
3622	1.133598e+00
3623	1.124321e+00
3624	1.114244e+00
3625	1.102019e+00
3626	1.089645e+00
3627	1.078924e+00
3628	1.069438e+00
3629	1.062642e+00
3630	1.058924e+00
3631	1.060247e+00
3632	1.065280e+00
3633	1.075268e+00
3634	1.087925e+00
3635	1.101354e+00
3636	1.114921e+00
3637	1.126778e+00
3638	1.136608e+00
3639	1.143808e+00
3640	1.147407e+00
3641	1.149837e+00
3642	1.147959e+00
3643	1.142650e+00
3644	1.135308e+00
3645	1.125605e+00
3646	1.115817e+00
3647	1.104353e+00
3648	1.092740e+00
3649	1.081687e+00
3650	1.072992e+00
3651	1.066361e+00
3652	1.061752e+00
3653	1.059913e+00
3654	1.062974e+00
3655	1.067669e+00
3656	1.073933e+00
3657	1.082745e+00
3658	1.093073e+00
3659	1.104030e+00
3660	1.115335e+00
3661	1.125885e+00
3662	1.133712e+00
3663	1.140351e+00
3664	1.143434e+00
3665	1.143534e+00
3666	1.140249e+00
3667	1.135975e+00
3668	1.128570e+00
3669	1.118728e+00
3670	1.107559e+00
3671	1.096003e+00
3672	1.084681e+00
3673	1.074233e+00
3674	1.065004e+00
3675	1.059216e+00
3676	1.057784e+00
3677	1.059995e+00
3678	1.066157e+00
3679	1.076712e+00
3680	1.088214e+00
3681	1.101837e+00
3682	1.114473e+00
3683	1.125660e+00
3684	1.135648e+00
3685	1.143816e+00
3686	1.150113e+00
3687	1.152711e+00
3688	1.151302e+00
3689	1.145185e+00
3690	1.135068e+00
3691	1.123213e+00
3692	1.108790e+00
3693	1.092517e+00
3694	1.076160e+00
3695	1.061604e+00
3696	1.048730e+00
3697	1.040213e+00
3698	1.037797e+00
3699	1.042398e+00
3700	1.052234e+00
3701	1.066461e+00
3702	1.083314e+00
3703	1.100289e+00
3704	1.116858e+00
3705	1.130595e+00
3706	1.141252e+00
3707	1.149534e+00
3708	1.153586e+00
3709	1.152704e+00
3710	1.147517e+00
3711	1.138768e+00
3712	1.127249e+00
3713	1.115158e+00
3714	1.101985e+00
3715	1.087972e+00
3716	1.074339e+00
3717	1.062613e+00
3718	1.054186e+00
3719	1.048592e+00
3720	1.047144e+00
3721	1.051999e+00
3722	1.060480e+00
3723	1.073663e+00
3724	1.088581e+00
3725	1.104797e+00
3726	1.119918e+00
3727	1.133388e+00
3728	1.144511e+00
3729	1.151987e+00
3730	1.155246e+00
3731	1.153162e+00
3732	1.147206e+00
3733	1.138049e+00
3734	1.124312e+00
3735	1.107181e+00
3736	1.090165e+00
3737	1.073965e+00
3738	1.060738e+00
3739	1.050825e+00
3740	1.045106e+00
3741	1.044706e+00
3742	1.049702e+00
3743	1.057853e+00
3744	1.070698e+00
3745	1.085852e+00
3746	1.103987e+00
3747	1.121919e+00
3748	1.138216e+00
3749	1.151108e+00
3750	1.159863e+00
3751	1.166305e+00
3752	1.168075e+00
3753	1.163953e+00
3754	1.155856e+00
3755	1.143622e+00
3756	1.127363e+00
3757	1.108425e+00
3758	1.088833e+00
3759	1.070914e+00
3760	1.055983e+00
3761	1.045916e+00
3762	1.040730e+00
3763	1.041263e+00
3764	1.045463e+00
3765	1.055392e+00
3766	1.069134e+00
3767	1.085202e+00
3768	1.102591e+00
3769	1.117885e+00
3770	1.130608e+00
3771	1.141094e+00
3772	1.148354e+00
3773	1.152611e+00
3774	1.153472e+00
3775	1.149323e+00
3776	1.140172e+00
3777	1.127988e+00
3778	1.114485e+00
3779	1.100317e+00
3780	1.083747e+00
3781	1.069170e+00
3782	1.058152e+00
3783	1.050320e+00
3784	1.047762e+00
3785	1.049121e+00
3786	1.053319e+00
3787	1.062936e+00
3788	1.075395e+00
3789	1.089625e+00
3790	1.106748e+00
3791	1.122043e+00
3792	1.135793e+00
3793	1.146643e+00
3794	1.154250e+00
3795	1.158494e+00
3796	1.157520e+00
3797	1.151083e+00
3798	1.140942e+00
3799	1.127093e+00
3800	1.111343e+00
3801	1.094398e+00
3802	1.077929e+00
3803	1.063117e+00
3804	1.051632e+00
3805	1.045765e+00
3806	1.046102e+00
3807	1.053569e+00
3808	1.065262e+00
3809	1.079532e+00
3810	1.097549e+00
3811	1.114120e+00
3812	1.128324e+00
3813	1.140882e+00
3814	1.149783e+00
3815	1.154493e+00
3816	1.154604e+00
3817	1.149538e+00
3818	1.138819e+00
3819	1.124591e+00
3820	1.109163e+00
3821	1.092933e+00
3822	1.077206e+00
3823	1.064420e+00
3824	1.055069e+00
3825	1.049729e+00
3826	1.048627e+00
3827	1.051906e+00
3828	1.058267e+00
3829	1.066991e+00
3830	1.077753e+00
3831	1.090151e+00
3832	1.102404e+00
3833	1.111740e+00
3834	1.118634e+00
3835	1.122850e+00
3836	1.122514e+00
3837	1.118741e+00
3838	1.112382e+00
3839	1.103797e+00
3840	1.095230e+00
3841	1.086255e+00
3842	1.079197e+00
3843	1.072246e+00
3844	1.068457e+00
3845	1.066060e+00
3846	1.067282e+00
3847	1.071639e+00
3848	1.078594e+00
3849	1.085456e+00
3850	1.094034e+00
3851	1.103848e+00
3852	1.112445e+00
3853	1.119976e+00
3854	1.124323e+00
3855	1.127524e+00
3856	1.128884e+00
3857	1.128568e+00
3858	1.125450e+00
3859	1.118166e+00
3860	1.108639e+00
3861	1.097909e+00
3862	1.086673e+00
3863	1.075251e+00
3864	1.065940e+00
3865	1.057664e+00
3866	1.053958e+00
3867	1.054836e+00
3868	1.060004e+00
3869	1.067839e+00
3870	1.077347e+00
3871	1.089189e+00
3872	1.102006e+00
3873	1.113214e+00
3874	1.122768e+00
3875	1.129907e+00
3876	1.133869e+00
3877	1.136420e+00
3878	1.135255e+00
3879	1.130450e+00
3880	1.123196e+00
3881	1.115195e+00
3882	1.103680e+00
3883	1.092410e+00
3884	1.082021e+00
3885	1.072925e+00
3886	1.065342e+00
3887	1.059691e+00
3888	1.057307e+00
3889	1.058737e+00
3890	1.063889e+00
3891	1.069575e+00
3892	1.076878e+00
3893	1.085685e+00
3894	1.094828e+00
3895	1.103307e+00
3896	1.110486e+00
3897	1.114907e+00
3898	1.115533e+00
3899	1.115246e+00
3900	1.112978e+00
3901	1.110370e+00
3902	1.105997e+00
3903	1.098289e+00
3904	1.090061e+00
3905	1.080962e+00
3906	1.072987e+00
3907	1.067154e+00
3908	1.064548e+00
3909	1.064521e+00
3910	1.067278e+00
3911	1.072801e+00
3912	1.083004e+00
3913	1.093596e+00
3914	1.103788e+00
3915	1.113553e+00
3916	1.121425e+00
3917	1.127967e+00
3918	1.132435e+00
3919	1.132085e+00
3920	1.128062e+00
3921	1.121988e+00
3922	1.113568e+00
3923	1.101949e+00
3924	1.089127e+00
3925	1.076777e+00
3926	1.066502e+00
3927	1.057811e+00
3928	1.052100e+00
3929	1.050083e+00
3930	1.052204e+00
3931	1.059130e+00
3932	1.069341e+00
3933	1.081465e+00
3934	1.094857e+00
3935	1.108051e+00
3936	1.119103e+00
3937	1.126945e+00
3938	1.131274e+00
3939	1.132659e+00
3940	1.130982e+00
3941	1.125421e+00
3942	1.115829e+00
3943	1.105146e+00
3944	1.092721e+00
3945	1.078358e+00
3946	1.066326e+00
3947	1.055736e+00
3948	1.047987e+00
3949	1.042863e+00
3950	1.042987e+00
3951	1.047185e+00
3952	1.057150e+00
3953	1.070673e+00
3954	1.086443e+00
3955	1.103112e+00
3956	1.119732e+00
3957	1.134540e+00
3958	1.145409e+00
3959	1.151835e+00
3960	1.155020e+00
3961	1.154028e+00
3962	1.148520e+00
3963	1.139391e+00
3964	1.126158e+00
3965	1.110094e+00
3966	1.092641e+00
3967	1.075397e+00
3968	1.062126e+00
3969	1.052416e+00
3970	1.048263e+00
3971	1.050708e+00
3972	1.058162e+00
3973	1.069090e+00
3974	1.082136e+00
3975	1.095084e+00
3976	1.108610e+00
3977	1.121273e+00
3978	1.133035e+00
3979	1.143365e+00
3980	1.150151e+00
3981	1.152038e+00
3982	1.151072e+00
3983	1.145672e+00
3984	1.137069e+00
3985	1.125195e+00
3986	1.110248e+00
3987	1.092705e+00
3988	1.075216e+00
3989	1.060186e+00
3990	1.050789e+00
3991	1.044512e+00
3992	1.043398e+00
3993	1.047575e+00
3994	1.055773e+00
3995	1.066930e+00
3996	1.081858e+00
3997	1.095584e+00
3998	1.109914e+00
3999	1.122663e+00
4000	1.133857e+00
4001	1.141174e+00
4002	1.143818e+00
4003	1.141787e+00
4004	1.136729e+00
4005	1.128736e+00
4006	1.118030e+00
4007	1.106254e+00
4008	1.092790e+00
4009	1.081300e+00
4010	1.070460e+00
4011	1.060046e+00
4012	1.052532e+00
4013	1.048046e+00
4014	1.047089e+00
4015	1.050003e+00
4016	1.056348e+00
4017	1.067987e+00
4018	1.082558e+00
4019	1.098918e+00
4020	1.115592e+00
4021	1.130649e+00
4022	1.141651e+00
4023	1.150146e+00
4024	1.155402e+00
4025	1.156369e+00
4026	1.152151e+00
4027	1.142822e+00
4028	1.129794e+00
4029	1.113084e+00
4030	1.094481e+00
4031	1.075003e+00
4032	1.057139e+00
4033	1.042461e+00
4034	1.033342e+00
4035	1.029236e+00
4036	1.032179e+00
4037	1.042148e+00
4038	1.056770e+00
4039	1.076275e+00
4040	1.096181e+00
4041	1.116248e+00
4042	1.135557e+00
4043	1.151686e+00
4044	1.164609e+00
4045	1.172941e+00
4046	1.174978e+00
4047	1.171164e+00
4048	1.163090e+00
4049	1.147184e+00
4050	1.129011e+00
4051	1.110159e+00
4052	1.089651e+00
4053	1.069628e+00
4054	1.051939e+00
4055	1.037112e+00
4056	1.027785e+00
4057	1.025631e+00
4058	1.030076e+00
4059	1.040670e+00
4060	1.057441e+00
4061	1.077876e+00
4062	1.099830e+00
4063	1.120827e+00
4064	1.139765e+00
4065	1.154336e+00
4066	1.164736e+00
4067	1.170945e+00
4068	1.168512e+00
4069	1.160528e+00
4070	1.147279e+00
4071	1.130077e+00
4072	1.109066e+00
4073	1.087219e+00
4074	1.067262e+00
4075	1.051503e+00
4076	1.039802e+00
4077	1.033049e+00
4078	1.031203e+00
4079	1.035125e+00
4080	1.045620e+00
4081	1.061114e+00
4082	1.079837e+00
4083	1.100626e+00
4084	1.121310e+00
4085	1.140430e+00
4086	1.157400e+00
4087	1.170232e+00
4088	1.178134e+00
4089	1.181157e+00
4090	1.179501e+00
4091	1.172882e+00
4092	1.161469e+00
4093	1.146560e+00
4094	1.127940e+00
4095	1.108703e+00
4096	1.089742e+00
4097	1.073561e+00
4098	1.059310e+00
4099	1.047907e+00
4100	1.042887e+00
4101	1.042239e+00
4102	1.045974e+00
4103	1.054123e+00
4104	1.065058e+00
4105	1.079330e+00
4106	1.096269e+00
4107	1.113250e+00
4108	1.127414e+00
4109	1.138890e+00
4110	1.146296e+00
4111	1.150237e+00
4112	1.150224e+00
4113	1.147364e+00
4114	1.141803e+00
4115	1.133787e+00
4116	1.124376e+00
4117	1.113732e+00
4118	1.102172e+00
4119	1.090964e+00
4120	1.082127e+00
4121	1.075807e+00
4122	1.072296e+00
4123	1.073450e+00
4124	1.077538e+00
4125	1.083112e+00
4126	1.091189e+00
4127	1.101336e+00
4128	1.111252e+00
4129	1.121181e+00
4130	1.129514e+00
4131	1.134637e+00
4132	1.138406e+00
4133	1.139707e+00
4134	1.138168e+00
4135	1.134228e+00
4136	1.127572e+00
4137	1.119961e+00
4138	1.111254e+00
4139	1.103094e+00
4140	1.095875e+00
4141	1.089196e+00
4142	1.084335e+00
4143	1.081483e+00
4144	1.081040e+00
4145	1.082684e+00
4146	1.085521e+00
4147	1.089330e+00
4148	1.095282e+00
4149	1.101442e+00
4150	1.109174e+00
4151	1.117920e+00
4152	1.125206e+00
4153	1.130413e+00
4154	1.132412e+00
4155	1.131841e+00
4156	1.129083e+00
4157	1.123945e+00
4158	1.117112e+00
4159	1.109908e+00
4160	1.102152e+00
4161	1.094310e+00
4162	1.085956e+00
4163	1.077642e+00
4164	1.071686e+00
4165	1.067965e+00
4166	1.067201e+00
4167	1.068989e+00
4168	1.074108e+00
4169	1.081528e+00
4170	1.090082e+00
4171	1.100245e+00
4172	1.111605e+00
4173	1.123333e+00
4174	1.135082e+00
4175	1.142283e+00
4176	1.146576e+00
4177	1.147044e+00
4178	1.143618e+00
4179	1.135678e+00
4180	1.124871e+00
4181	1.111942e+00
4182	1.098665e+00
4183	1.084378e+00
4184	1.071466e+00
4185	1.059604e+00
4186	1.052545e+00
4187	1.049944e+00
4188	1.051853e+00
4189	1.058035e+00
4190	1.067943e+00
4191	1.079283e+00
4192	1.092129e+00
4193	1.104476e+00
4194	1.115739e+00
4195	1.124519e+00
4196	1.131880e+00
4197	1.135671e+00
4198	1.135904e+00
4199	1.133953e+00
4200	1.128917e+00
4201	1.122289e+00
4202	1.115075e+00
4203	1.107176e+00
4204	1.099551e+00
4205	1.092855e+00
4206	1.085864e+00
4207	1.080325e+00
4208	1.077108e+00
4209	1.075341e+00
4210	1.075767e+00
4211	1.078533e+00
4212	1.082567e+00
4213	1.088734e+00
4214	1.096798e+00
4215	1.104075e+00
4216	1.111275e+00
4217	1.116517e+00
4218	1.121425e+00
4219	1.124045e+00
4220	1.126652e+00
4221	1.126874e+00
4222	1.126222e+00
4223	1.123343e+00
4224	1.118336e+00
4225	1.110852e+00
4226	1.102223e+00
4227	1.094509e+00
4228	1.086817e+00
4229	1.081141e+00
4230	1.077249e+00
4231	1.075431e+00
4232	1.075542e+00
4233	1.078241e+00
4234	1.082998e+00
4235	1.089393e+00
4236	1.094647e+00
4237	1.101513e+00
4238	1.108728e+00
4239	1.115813e+00
4240	1.119929e+00
4241	1.121646e+00
4242	1.120560e+00
4243	1.118471e+00
4244	1.114268e+00
4245	1.107441e+00
4246	1.099415e+00
4247	1.089963e+00
4248	1.081199e+00
4249	1.074287e+00
4250	1.070840e+00
4251	1.071224e+00
4252	1.075133e+00
4253	1.081842e+00
4254	1.089923e+00
4255	1.098520e+00
4256	1.107841e+00
4257	1.117055e+00
4258	1.123808e+00
4259	1.129732e+00
4260	1.132588e+00
4261	1.134280e+00
4262	1.132707e+00
4263	1.129182e+00
4264	1.122888e+00
4265	1.115650e+00
4266	1.108246e+00
4267	1.101303e+00
4268	1.094945e+00
4269	1.089493e+00
4270	1.084243e+00
4271	1.079840e+00
4272	1.078235e+00
4273	1.078816e+00
4274	1.082176e+00
4275	1.087964e+00
4276	1.094520e+00
4277	1.101683e+00
4278	1.108737e+00
4279	1.114478e+00
4280	1.119012e+00
4281	1.122884e+00
4282	1.125198e+00
4283	1.125330e+00
4284	1.124038e+00
4285	1.122415e+00
4286	1.119197e+00
4287	1.113938e+00
4288	1.107943e+00
4289	1.101634e+00
4290	1.094939e+00
4291	1.088138e+00
4292	1.083282e+00
4293	1.079394e+00
4294	1.078693e+00
4295	1.078430e+00
4296	1.079674e+00
4297	1.082963e+00
4298	1.088750e+00
4299	1.096074e+00
4300	1.104271e+00
4301	1.111370e+00
4302	1.118465e+00
4303	1.122246e+00
4304	1.124434e+00
4305	1.123154e+00
4306	1.120792e+00
4307	1.115877e+00
4308	1.110220e+00
4309	1.102665e+00
4310	1.094170e+00
4311	1.088234e+00
4312	1.083471e+00
4313	1.080314e+00
4314	1.080141e+00
4315	1.082477e+00
4316	1.085924e+00
4317	1.091239e+00
4318	1.097304e+00
4319	1.103448e+00
4320	1.108865e+00
4321	1.114796e+00
4322	1.119430e+00
4323	1.122280e+00
4324	1.122947e+00
4325	1.122049e+00
4326	1.118930e+00
4327	1.115277e+00
4328	1.109924e+00
4329	1.103335e+00
4330	1.094652e+00
4331	1.087125e+00
4332	1.081205e+00
4333	1.078830e+00
4334	1.078494e+00
4335	1.077397e+00
4336	1.076565e+00
4337	1.077436e+00
4338	1.079169e+00
4339	1.082953e+00
4340	1.086752e+00
4341	1.091329e+00
4342	1.095750e+00
4343	1.101233e+00
4344	1.107051e+00
4345	1.111179e+00
4346	1.113398e+00
4347	1.113382e+00
4348	1.112736e+00
4349	1.111980e+00
4350	1.108793e+00
4351	1.105993e+00
4352	1.101458e+00
4353	1.096854e+00
4354	1.092943e+00
4355	1.087857e+00
4356	1.082995e+00
4357	1.080270e+00
4358	1.077968e+00
4359	1.077453e+00
4360	1.079408e+00
4361	1.083927e+00
4362	1.089835e+00
4363	1.096538e+00
4364	1.103009e+00
4365	1.109250e+00
4366	1.114073e+00
4367	1.117702e+00
4368	1.117949e+00
4369	1.116761e+00
4370	1.113224e+00
4371	1.108961e+00
4372	1.104900e+00
4373	1.100056e+00
4374	1.094830e+00
4375	1.089224e+00
4376	1.085032e+00
4377	1.082944e+00
4378	1.082020e+00
4379	1.082062e+00
4380	1.083095e+00
4381	1.083827e+00
4382	1.085864e+00
4383	1.087146e+00
4384	1.089359e+00
4385	1.092367e+00
4386	1.097016e+00
4387	1.101528e+00
4388	1.105786e+00
4389	1.108750e+00
4390	1.110507e+00
4391	1.112086e+00
4392	1.112749e+00
4393	1.113092e+00
4394	1.113869e+00
4395	1.113824e+00
4396	1.112223e+00
4397	1.109684e+00
4398	1.106750e+00
4399	1.104123e+00
4400	1.100741e+00
4401	1.095319e+00
4402	1.089601e+00
4403	1.084225e+00
4404	1.079978e+00
4405	1.078541e+00
4406	1.079653e+00
4407	1.081525e+00
4408	1.085992e+00
4409	1.093368e+00
4410	1.102486e+00
4411	1.113125e+00
4412	1.123498e+00
4413	1.132118e+00
4414	1.138022e+00
4415	1.141820e+00
4416	1.143148e+00
4417	1.140765e+00
4418	1.134122e+00
4419	1.123498e+00
4420	1.110679e+00
4421	1.097410e+00
4422	1.083285e+00
4423	1.068338e+00
4424	1.055951e+00
4425	1.048514e+00
4426	1.045063e+00
4427	1.046737e+00
4428	1.053300e+00
4429	1.062565e+00
4430	1.073676e+00
4431	1.086265e+00
4432	1.098488e+00
4433	1.110258e+00
4434	1.120110e+00
4435	1.127537e+00
4436	1.131688e+00
4437	1.133313e+00
4438	1.131342e+00
4439	1.126528e+00
4440	1.119667e+00
4441	1.111373e+00
4442	1.102778e+00
4443	1.092589e+00
4444	1.082428e+00
4445	1.075025e+00
4446	1.069024e+00
4447	1.064652e+00
4448	1.064584e+00
4449	1.067577e+00
4450	1.073489e+00
4451	1.082520e+00
4452	1.093111e+00
4453	1.106065e+00
4454	1.118102e+00
4455	1.128291e+00
4456	1.138095e+00
4457	1.145128e+00
4458	1.147620e+00
4459	1.145836e+00
4460	1.138980e+00
4461	1.128547e+00
4462	1.115857e+00
4463	1.102702e+00
4464	1.090827e+00
4465	1.079989e+00
4466	1.069919e+00
4467	1.062692e+00
4468	1.060729e+00
4469	1.062592e+00
4470	1.068158e+00
4471	1.075461e+00
4472	1.085850e+00
4473	1.098409e+00
4474	1.112364e+00
4475	1.125907e+00
4476	1.137767e+00
4477	1.145665e+00
4478	1.149310e+00
4479	1.148541e+00
4480	1.144399e+00
4481	1.136918e+00
4482	1.127304e+00
4483	1.114999e+00
4484	1.101323e+00
4485	1.087614e+00
4486	1.073234e+00
4487	1.061495e+00
4488	1.054707e+00
4489	1.051836e+00
4490	1.051539e+00
4491	1.056094e+00
4492	1.065206e+00
4493	1.078595e+00
4494	1.092646e+00
4495	1.108797e+00
4496	1.125432e+00
4497	1.140386e+00
4498	1.151231e+00
4499	1.158440e+00
4500	1.161303e+00
4501	1.159309e+00
4502	1.154560e+00
4503	1.146521e+00
4504	1.135104e+00
4505	1.121688e+00
4506	1.108005e+00
4507	1.094771e+00
4508	1.081478e+00
4509	1.069957e+00
4510	1.061939e+00
4511	1.057858e+00
4512	1.059416e+00
4513	1.065877e+00
4514	1.075980e+00
4515	1.087534e+00
4516	1.100353e+00
4517	1.113421e+00
4518	1.125830e+00
4519	1.136628e+00
4520	1.145679e+00
4521	1.152263e+00
4522	1.155434e+00
4523	1.154065e+00
4524	1.150717e+00
4525	1.144225e+00
4526	1.135999e+00
4527	1.124217e+00
4528	1.110915e+00
4529	1.096031e+00
4530	1.079227e+00
4531	1.064885e+00
4532	1.052126e+00
4533	1.044585e+00
4534	1.042672e+00
4535	1.044400e+00
4536	1.049916e+00
4537	1.059389e+00
4538	1.071552e+00
4539	1.085805e+00
4540	1.101992e+00
4541	1.116258e+00
4542	1.128764e+00
4543	1.139987e+00
4544	1.148947e+00
4545	1.154223e+00
4546	1.155643e+00
4547	1.152696e+00
4548	1.146050e+00
4549	1.135940e+00
4550	1.123862e+00
4551	1.110213e+00
4552	1.096465e+00
4553	1.083285e+00
4554	1.071180e+00
4555	1.060822e+00
4556	1.053696e+00
4557	1.051229e+00
4558	1.053358e+00
4559	1.060886e+00
4560	1.072094e+00
4561	1.084694e+00
4562	1.098727e+00
4563	1.113051e+00
4564	1.125849e+00
4565	1.136577e+00
4566	1.144808e+00
4567	1.149774e+00
4568	1.150653e+00
4569	1.149950e+00
4570	1.144418e+00
4571	1.135907e+00
4572	1.126044e+00
4573	1.115185e+00
4574	1.103194e+00
4575	1.091379e+00
4576	1.080177e+00
4577	1.070581e+00
4578	1.062646e+00
4579	1.058419e+00
4580	1.058593e+00
4581	1.060232e+00
4582	1.064085e+00
4583	1.071943e+00
4584	1.080002e+00
4585	1.088410e+00
4586	1.098647e+00
4587	1.107775e+00
4588	1.115844e+00
4589	1.122873e+00
4590	1.127214e+00
4591	1.128892e+00
4592	1.126296e+00
4593	1.121242e+00
4594	1.114667e+00
4595	1.107200e+00
4596	1.098431e+00
4597	1.089234e+00
4598	1.080285e+00
4599	1.073037e+00
4600	1.068912e+00
4601	1.065786e+00
4602	1.065382e+00
4603	1.067810e+00
4604	1.072966e+00
4605	1.080183e+00
4606	1.089133e+00
4607	1.099214e+00
4608	1.110577e+00
4609	1.120622e+00
4610	1.129499e+00
4611	1.135245e+00
4612	1.138243e+00
4613	1.137811e+00
4614	1.133993e+00
4615	1.128023e+00
4616	1.119086e+00
4617	1.111133e+00
4618	1.100554e+00
4619	1.090063e+00
4620	1.080677e+00
4621	1.072654e+00
4622	1.068398e+00
4623	1.067576e+00
4624	1.070673e+00
4625	1.077114e+00
4626	1.085240e+00
4627	1.096133e+00
4628	1.109133e+00
4629	1.119941e+00
4630	1.128971e+00
4631	1.135086e+00
4632	1.138592e+00
4633	1.139333e+00
4634	1.136303e+00
4635	1.130492e+00
4636	1.121596e+00
4637	1.110501e+00
4638	1.096696e+00
4639	1.082368e+00
4640	1.068849e+00
4641	1.057409e+00
4642	1.048831e+00
4643	1.045940e+00
4644	1.047986e+00
4645	1.054778e+00
4646	1.065002e+00
4647	1.077823e+00
4648	1.091483e+00
4649	1.105788e+00
4650	1.118906e+00
4651	1.129694e+00
4652	1.137033e+00
4653	1.140382e+00
4654	1.138987e+00
4655	1.134646e+00
4656	1.128062e+00
4657	1.119093e+00
4658	1.108275e+00
4659	1.096869e+00
4660	1.085020e+00
4661	1.072223e+00
4662	1.062748e+00
4663	1.055653e+00
4664	1.050975e+00
4665	1.050308e+00
4666	1.052080e+00
4667	1.058868e+00
4668	1.068526e+00
4669	1.080182e+00
4670	1.092528e+00
4671	1.104163e+00
4672	1.112663e+00
4673	1.118004e+00
4674	1.121803e+00
4675	1.122821e+00
4676	1.121196e+00
4677	1.117364e+00
4678	1.110454e+00
4679	1.101950e+00
4680	1.093339e+00
4681	1.084919e+00
4682	1.076210e+00
4683	1.069584e+00
4684	1.065576e+00
4685	1.063964e+00
4686	1.065506e+00
4687	1.069677e+00
4688	1.076046e+00
4689	1.086113e+00
4690	1.096793e+00
4691	1.107863e+00
4692	1.116220e+00
4693	1.122574e+00
4694	1.126816e+00
4695	1.127976e+00
4696	1.127052e+00
4697	1.124817e+00
4698	1.120419e+00
4699	1.113868e+00
4700	1.106685e+00
4701	1.099740e+00
4702	1.092227e+00
4703	1.085086e+00
4704	1.078544e+00
4705	1.074395e+00
4706	1.073407e+00
4707	1.073963e+00
4708	1.077287e+00
4709	1.080412e+00
4710	1.084416e+00
4711	1.088395e+00
4712	1.092305e+00
4713	1.096230e+00
4714	1.098344e+00
4715	1.099932e+00
4716	1.100128e+00
4717	1.100131e+00
4718	1.098989e+00
4719	1.096726e+00
4720	1.093294e+00
4721	1.089452e+00
4722	1.087192e+00
4723	1.085134e+00
4724	1.083001e+00
4725	1.082004e+00
4726	1.081696e+00
4727	1.080502e+00
4728	1.082421e+00
4729	1.086288e+00
4730	1.089193e+00
4731	1.091762e+00
4732	1.094375e+00
4733	1.095493e+00
4734	1.096445e+00
4735	1.095860e+00
4736	1.094697e+00
4737	1.092100e+00
4738	1.090289e+00
4739	1.088733e+00
4740	1.087473e+00
4741	1.085568e+00
4742	1.084305e+00
4743	1.083667e+00
4744	1.083771e+00
4745	1.085028e+00
4746	1.086030e+00
4747	1.086757e+00
4748	1.088758e+00
4749	1.092744e+00
4750	1.095876e+00
4751	1.097970e+00
4752	1.099644e+00
4753	1.099545e+00
4754	1.097672e+00
4755	1.094826e+00
4756	1.091222e+00
4757	1.088471e+00
4758	1.085848e+00
4759	1.083389e+00
4760	1.081719e+00
4761	1.081308e+00
4762	1.083100e+00
4763	1.086380e+00
4764	1.089197e+00
4765	1.092171e+00
4766	1.094764e+00
4767	1.096586e+00
4768	1.098487e+00
4769	1.099884e+00
4770	1.101022e+00
4771	1.101859e+00
4772	1.101958e+00
4773	1.100266e+00
4774	1.097684e+00
4775	1.095785e+00
4776	1.094665e+00
4777	1.093779e+00
4778	1.093001e+00
4779	1.091504e+00
4780	1.090512e+00
4781	1.089741e+00
4782	1.087954e+00
4783	1.087354e+00
4784	1.087522e+00
4785	1.088933e+00
4786	1.090225e+00
4787	1.093416e+00
4788	1.098593e+00
4789	1.105483e+00
4790	1.113205e+00
4791	1.119091e+00
4792	1.124196e+00
4793	1.126605e+00
4794	1.128247e+00
4795	1.128103e+00
4796	1.126742e+00
4797	1.124707e+00
4798	1.120718e+00
4799	1.115239e+00
4800	1.110321e+00
4801	1.106079e+00
4802	1.102696e+00
4803	1.098598e+00
4804	1.094235e+00
4805	1.090207e+00
4806	1.087448e+00
4807	1.086454e+00
4808	1.086603e+00
4809	1.087220e+00
4810	1.088924e+00
4811	1.089835e+00
4812	1.090661e+00
4813	1.093074e+00
4814	1.094577e+00
4815	1.097167e+00
4816	1.100077e+00
4817	1.102785e+00
4818	1.104555e+00
4819	1.105290e+00
4820	1.105944e+00
4821	1.106254e+00
4822	1.105026e+00
4823	1.102878e+00
4824	1.100562e+00
4825	1.098186e+00
4826	1.094466e+00
4827	1.089715e+00
4828	1.086219e+00
4829	1.082955e+00
4830	1.081181e+00
4831	1.078577e+00
4832	1.076210e+00
4833	1.074019e+00
4834	1.073188e+00
4835	1.074252e+00
4836	1.076939e+00
4837	1.081269e+00
4838	1.085480e+00
4839	1.089729e+00
4840	1.095448e+00
4841	1.100848e+00
4842	1.105439e+00
4843	1.108006e+00
4844	1.109512e+00
4845	1.108489e+00
4846	1.105036e+00
4847	1.100275e+00
4848	1.094842e+00
4849	1.088659e+00
4850	1.082934e+00
4851	1.075710e+00
4852	1.070847e+00
4853	1.067710e+00
4854	1.066616e+00
4855	1.068563e+00
4856	1.073272e+00
4857	1.078552e+00
4858	1.085899e+00
4859	1.095533e+00
4860	1.105077e+00
4861	1.113793e+00
4862	1.121675e+00
4863	1.126775e+00
4864	1.130111e+00
4865	1.130904e+00
4866	1.129136e+00
4867	1.126401e+00
4868	1.120189e+00
4869	1.112723e+00
4870	1.103232e+00
4871	1.094901e+00
4872	1.085678e+00
4873	1.077445e+00
4874	1.070976e+00
4875	1.067631e+00
4876	1.068017e+00
4877	1.072333e+00
4878	1.078097e+00
4879	1.086003e+00
4880	1.094925e+00
4881	1.106200e+00
4882	1.117262e+00
4883	1.125382e+00
4884	1.131915e+00
4885	1.135998e+00
4886	1.137522e+00
4887	1.136638e+00
4888	1.132316e+00
4889	1.126183e+00
4890	1.117904e+00
4891	1.109326e+00
4892	1.100224e+00
4893	1.091153e+00
4894	1.083604e+00
4895	1.074572e+00
4896	1.067816e+00
4897	1.064943e+00
4898	1.065980e+00
4899	1.070780e+00
4900	1.078938e+00
4901	1.088894e+00
4902	1.100300e+00
4903	1.112758e+00
4904	1.123031e+00
4905	1.129985e+00
4906	1.134357e+00
4907	1.136712e+00
4908	1.138103e+00
4909	1.137803e+00
4910	1.133281e+00
4911	1.126767e+00
4912	1.117990e+00
4913	1.106627e+00
4914	1.094376e+00
4915	1.083505e+00
4916	1.073718e+00
4917	1.065790e+00
4918	1.059205e+00
4919	1.056098e+00
4920	1.057129e+00
4921	1.060664e+00
4922	1.067051e+00
4923	1.076583e+00
4924	1.087275e+00
4925	1.097622e+00
4926	1.108397e+00
4927	1.119277e+00
4928	1.127791e+00
4929	1.135047e+00
4930	1.138663e+00
4931	1.136549e+00
4932	1.129016e+00
4933	1.119187e+00
4934	1.106973e+00
4935	1.092403e+00
4936	1.078597e+00
4937	1.066947e+00
4938	1.058404e+00
4939	1.054125e+00
4940	1.053985e+00
4941	1.057941e+00
4942	1.065736e+00
4943	1.076184e+00
4944	1.087821e+00
4945	1.100591e+00
4946	1.112240e+00
4947	1.122481e+00
4948	1.130920e+00
4949	1.135934e+00
4950	1.138736e+00
4951	1.138261e+00
4952	1.135563e+00
4953	1.131703e+00
4954	1.126510e+00
4955	1.120731e+00
4956	1.113738e+00
4957	1.106173e+00
4958	1.098271e+00
4959	1.090451e+00
4960	1.082764e+00
4961	1.077779e+00
4962	1.074403e+00
4963	1.074479e+00
4964	1.075015e+00
4965	1.076627e+00
4966	1.079671e+00
4967	1.084963e+00
4968	1.091893e+00
4969	1.100248e+00
4970	1.108478e+00
4971	1.115874e+00
4972	1.121889e+00
4973	1.124496e+00
4974	1.125647e+00
4975	1.123606e+00
4976	1.119931e+00
4977	1.114883e+00
4978	1.107803e+00
4979	1.100489e+00
4980	1.093200e+00
4981	1.086458e+00
4982	1.080745e+00
4983	1.076113e+00
4984	1.073809e+00
4985	1.074932e+00
4986	1.077340e+00
4987	1.080521e+00
4988	1.084588e+00
4989	1.090089e+00
4990	1.096948e+00
4991	1.103925e+00
4992	1.110837e+00
4993	1.117136e+00
4994	1.122294e+00
4995	1.126708e+00
4996	1.129201e+00
4997	1.127747e+00
4998	1.123333e+00
4999	1.116954e+00
