# Step	Measurement
1	1.090691e+02
2	1.085605e+02
3	1.079999e+02
4	1.074909e+02
5	1.070320e+02
6	1.067118e+02
7	1.064444e+02
8	1.061923e+02
9	1.059627e+02
10	1.058416e+02
11	1.057978e+02
12	1.058579e+02
13	1.060192e+02
14	1.062691e+02
15	1.065395e+02
16	1.068604e+02
17	1.071359e+02
18	1.074409e+02
19	1.077203e+02
20	1.079819e+02
21	1.082156e+02
22	1.084080e+02
23	1.086522e+02
24	1.089915e+02
25	1.093060e+02
26	1.096207e+02
27	1.099314e+02
28	1.101952e+02
29	1.103397e+02
30	1.103827e+02
31	1.104346e+02
32	1.103915e+02
33	1.103625e+02
34	1.102421e+02
35	1.100119e+02
36	1.097114e+02
37	1.093908e+02
38	1.089855e+02
39	1.085217e+02
40	1.081384e+02
41	1.077021e+02
42	1.073086e+02
43	1.070203e+02
44	1.067454e+02
45	1.064786e+02
46	1.062289e+02
47	1.059810e+02
48	1.056940e+02
49	1.054587e+02
50	1.051654e+02
51	1.049387e+02
52	1.048578e+02
53	1.048017e+02
54	1.047823e+02
55	1.047837e+02
56	1.048221e+02
57	1.048485e+02
58	1.050479e+02
59	1.052213e+02
60	1.055083e+02
61	1.058829e+02
62	1.062332e+02
63	1.066046e+02
64	1.069408e+02
65	1.072876e+02
66	1.076365e+02
67	1.080910e+02
68	1.085208e+02
69	1.088900e+02
70	1.093117e+02
71	1.098077e+02
72	1.103749e+02
73	1.109685e+02
74	1.115680e+02
75	1.121214e+02
76	1.125849e+02
77	1.129028e+02
78	1.131002e+02
79	1.131447e+02
80	1.131844e+02
81	1.131811e+02
82	1.131751e+02
83	1.130841e+02
84	1.129662e+02
85	1.127549e+02
86	1.125231e+02
87	1.123829e+02
88	1.121804e+02
89	1.119182e+02
90	1.116176e+02
91	1.112620e+02
92	1.107709e+02
93	1.102204e+02
94	1.097875e+02
95	1.092409e+02
96	1.087609e+02
97	1.082986e+02
98	1.077723e+02
99	1.072467e+02
100	1.069337e+02
101	1.066428e+02
102	1.065644e+02
103	1.065925e+02
104	1.067210e+02
105	1.068296e+02
106	1.069358e+02
107	1.070990e+02
108	1.073812e+02
109	1.078458e+02
110	1.083554e+02
111	1.088214e+02
112	1.094271e+02
113	1.099730e+02
114	1.105274e+02
115	1.110075e+02
116	1.114130e+02
117	1.117460e+02
118	1.121360e+02
119	1.126019e+02
120	1.130396e+02
121	1.134390e+02
122	1.138463e+02
123	1.141990e+02
124	1.144674e+02
125	1.146938e+02
126	1.148550e+02
127	1.149181e+02
128	1.147678e+02
129	1.144573e+02
130	1.141002e+02
131	1.136481e+02
132	1.132596e+02
133	1.127735e+02
134	1.124519e+02
135	1.122466e+02
136	1.121199e+02
137	1.119396e+02
138	1.117274e+02
139	1.115205e+02
140	1.113568e+02
141	1.111930e+02
142	1.110601e+02
143	1.109288e+02
144	1.108478e+02
145	1.106381e+02
146	1.104361e+02
147	1.101175e+02
148	1.097729e+02
149	1.094129e+02
150	1.090653e+02
151	1.087391e+02
152	1.084486e+02
153	1.081878e+02
154	1.078624e+02
155	1.076873e+02
156	1.076699e+02
157	1.076340e+02
158	1.076899e+02
159	1.077610e+02
160	1.079397e+02
161	1.080462e+02
162	1.083205e+02
163	1.086560e+02
164	1.089280e+02
165	1.092459e+02
166	1.095816e+02
167	1.098873e+02
168	1.102775e+02
169	1.106466e+02
170	1.110396e+02
171	1.114767e+02
172	1.118301e+02
173	1.120783e+02
174	1.122075e+02
175	1.122194e+02
176	1.120558e+02
177	1.118260e+02
178	1.115706e+02
179	1.112146e+02
180	1.108818e+02
181	1.104723e+02
182	1.100393e+02
183	1.095532e+02
184	1.090362e+02
185	1.085906e+02
186	1.081313e+02
187	1.076540e+02
188	1.071923e+02
189	1.068637e+02
190	1.065840e+02
191	1.063014e+02
192	1.059989e+02
193	1.059171e+02
194	1.058836e+02
195	1.058797e+02
196	1.058573e+02
197	1.059600e+02
198	1.062066e+02
199	1.064892e+02
200	1.068410e+02
201	1.073688e+02
202	1.079634e+02
203	1.085667e+02
204	1.091969e+02
205	1.098824e+02
206	1.105153e+02
207	1.111644e+02
208	1.118217e+02
209	1.124227e+02
210	1.130275e+02
211	1.135496e+02
212	1.139887e+02
213	1.143670e+02
214	1.147512e+02
215	1.152074e+02
216	1.156354e+02
217	1.160025e+02
218	1.162745e+02
219	1.164974e+02
220	1.165951e+02
221	1.164467e+02
222	1.162595e+02
223	1.159589e+02
224	1.154641e+02
225	1.149479e+02
226	1.143429e+02
227	1.136106e+02
228	1.129027e+02
229	1.122710e+02
230	1.114998e+02
231	1.107378e+02
232	1.101059e+02
233	1.095114e+02
234	1.088492e+02
235	1.083416e+02
236	1.077390e+02
237	1.072314e+02
238	1.068375e+02
239	1.063824e+02
240	1.059996e+02
241	1.056916e+02
242	1.054694e+02
243	1.054195e+02
244	1.054856e+02
245	1.056802e+02
246	1.060247e+02
247	1.064262e+02
248	1.068179e+02
249	1.072602e+02
250	1.078548e+02
251	1.084677e+02
252	1.089997e+02
253	1.095385e+02
254	1.099758e+02
255	1.104282e+02
256	1.108311e+02
257	1.112227e+02
258	1.115289e+02
259	1.118260e+02
260	1.122613e+02
261	1.126954e+02
262	1.131701e+02
263	1.135922e+02
264	1.140032e+02
265	1.143623e+02
266	1.145227e+02
267	1.145996e+02
268	1.146945e+02
269	1.146906e+02
270	1.146396e+02
271	1.145138e+02
272	1.142519e+02
273	1.140195e+02
274	1.136936e+02
275	1.133423e+02
276	1.130021e+02
277	1.126198e+02
278	1.122217e+02
279	1.118078e+02
280	1.113542e+02
281	1.107917e+02
282	1.102118e+02
283	1.096103e+02
284	1.090033e+02
285	1.083552e+02
286	1.077966e+02
287	1.071877e+02
288	1.064778e+02
289	1.057805e+02
290	1.050305e+02
291	1.044087e+02
292	1.038898e+02
293	1.034807e+02
294	1.031074e+02
295	1.027662e+02
296	1.025314e+02
297	1.024998e+02
298	1.027338e+02
299	1.029793e+02
300	1.033775e+02
301	1.038758e+02
302	1.045667e+02
303	1.054737e+02
304	1.065876e+02
305	1.077888e+02
306	1.090001e+02
307	1.102775e+02
308	1.114082e+02
309	1.124031e+02
310	1.133312e+02
311	1.142572e+02
312	1.150659e+02
313	1.156404e+02
314	1.160688e+02
315	1.164407e+02
316	1.167888e+02
317	1.170320e+02
318	1.171686e+02
319	1.172336e+02
320	1.171239e+02
321	1.169148e+02
322	1.165754e+02
323	1.160677e+02
324	1.155307e+02
325	1.149578e+02
326	1.143127e+02
327	1.136261e+02
328	1.128992e+02
329	1.121881e+02
330	1.114384e+02
331	1.108127e+02
332	1.101997e+02
333	1.094089e+02
334	1.086644e+02
335	1.077219e+02
336	1.067816e+02
337	1.058863e+02
338	1.051181e+02
339	1.044517e+02
340	1.037928e+02
341	1.032448e+02
342	1.028907e+02
343	1.026747e+02
344	1.024952e+02
345	1.024783e+02
346	1.025262e+02
347	1.026498e+02
348	1.029034e+02
349	1.032541e+02
350	1.036200e+02
351	1.040260e+02
352	1.043816e+02
353	1.048080e+02
354	1.052266e+02
355	1.056261e+02
356	1.060320e+02
357	1.063834e+02
358	1.067757e+02
359	1.070840e+02
360	1.074534e+02
361	1.079182e+02
362	1.084159e+02
363	1.089251e+02
364	1.093851e+02
365	1.099735e+02
366	1.106091e+02
367	1.111389e+02
368	1.116346e+02
369	1.121604e+02
370	1.125807e+02
371	1.129317e+02
372	1.131885e+02
373	1.133140e+02
374	1.133814e+02
375	1.133496e+02
376	1.131406e+02
377	1.128185e+02
378	1.123892e+02
379	1.117732e+02
380	1.112048e+02
381	1.105381e+02
382	1.098921e+02
383	1.091393e+02
384	1.083776e+02
385	1.076816e+02
386	1.071092e+02
387	1.065530e+02
388	1.060114e+02
389	1.055944e+02
390	1.051855e+02
391	1.048848e+02
392	1.046979e+02
393	1.045059e+02
394	1.044155e+02
395	1.043891e+02
396	1.045839e+02
397	1.048917e+02
398	1.052587e+02
399	1.058123e+02
400	1.063038e+02
401	1.067939e+02
402	1.072317e+02
403	1.076925e+02
404	1.082070e+02
405	1.087835e+02
406	1.092560e+02
407	1.098630e+02
408	1.105334e+02
409	1.112463e+02
410	1.118399e+02
411	1.123329e+02
412	1.127840e+02
413	1.132624e+02
414	1.137595e+02
415	1.141052e+02
416	1.144068e+02
417	1.146141e+02
418	1.146302e+02
419	1.145761e+02
420	1.145001e+02
421	1.142449e+02
422	1.138381e+02
423	1.133158e+02
424	1.127524e+02
425	1.121129e+02
426	1.115412e+02
427	1.111096e+02
428	1.107318e+02
429	1.104629e+02
430	1.102390e+02
431	1.099704e+02
432	1.097937e+02
433	1.095768e+02
434	1.094382e+02
435	1.093144e+02
436	1.091652e+02
437	1.089723e+02
438	1.088131e+02
439	1.084285e+02
440	1.081974e+02
441	1.081181e+02
442	1.079690e+02
443	1.078809e+02
444	1.078365e+02
445	1.078106e+02
446	1.078509e+02
447	1.079859e+02
448	1.079776e+02
449	1.079645e+02
450	1.079821e+02
451	1.080597e+02
452	1.081829e+02
453	1.084140e+02
454	1.087450e+02
455	1.091172e+02
456	1.094354e+02
457	1.097709e+02
458	1.100043e+02
459	1.101876e+02
460	1.102628e+02
461	1.103713e+02
462	1.103238e+02
463	1.101307e+02
464	1.098837e+02
465	1.096123e+02
466	1.091563e+02
467	1.087179e+02
468	1.081850e+02
469	1.076876e+02
470	1.071524e+02
471	1.066285e+02
472	1.061247e+02
473	1.057485e+02
474	1.054635e+02
475	1.052268e+02
476	1.049686e+02
477	1.047486e+02
478	1.045429e+02
479	1.043897e+02
480	1.043550e+02
481	1.042992e+02
482	1.042580e+02
483	1.041920e+02
484	1.041457e+02
485	1.041601e+02
486	1.042345e+02
487	1.044092e+02
488	1.048028e+02
489	1.051962e+02
490	1.056032e+02
491	1.060125e+02
492	1.063648e+02
493	1.067868e+02
494	1.071510e+02
495	1.074264e+02
496	1.075961e+02
497	1.076691e+02
498	1.077244e+02
499	1.077542e+02
500	1.076567e+02
501	1.074756e+02
502	1.071881e+02
503	1.069015e+02
504	1.066934e+02
505	1.064397e+02
506	1.061872e+02
507	1.059416e+02
508	1.058220e+02
509	1.056999e+02
510	1.055981e+02
511	1.054959e+02
512	1.053869e+02
513	1.053742e+02
514	1.054318e+02
515	1.055027e+02
516	1.056187e+02
517	1.057164e+02
518	1.059382e+02
519	1.061716e+02
520	1.063656e+02
521	1.065186e+02
522	1.067369e+02
523	1.068957e+02
524	1.070962e+02
525	1.073119e+02
526	1.075242e+02
527	1.078592e+02
528	1.081475e+02
529	1.085470e+02
530	1.089149e+02
531	1.092704e+02
532	1.095583e+02
533	1.099012e+02
534	1.102647e+02
535	1.106091e+02
536	1.109811e+02
537	1.114320e+02
538	1.118092e+02
539	1.121286e+02
540	1.123862e+02
541	1.126709e+02
542	1.129104e+02
543	1.130632e+02
544	1.130742e+02
545	1.129810e+02
546	1.128327e+02
547	1.126569e+02
548	1.124558e+02
549	1.122835e+02
550	1.121644e+02
551	1.119458e+02
552	1.116489e+02
553	1.114635e+02
554	1.113511e+02
555	1.111993e+02
556	1.111833e+02
557	1.110681e+02
558	1.110237e+02
559	1.110157e+02
560	1.110544e+02
561	1.111523e+02
562	1.112444e+02
563	1.113728e+02
564	1.116063e+02
565	1.119949e+02
566	1.124181e+02
567	1.127769e+02
568	1.130776e+02
569	1.133122e+02
570	1.134306e+02
571	1.135113e+02
572	1.135436e+02
573	1.134643e+02
574	1.132802e+02
575	1.130596e+02
576	1.128128e+02
577	1.124750e+02
578	1.121027e+02
579	1.117160e+02
580	1.113564e+02
581	1.109346e+02
582	1.105015e+02
583	1.100763e+02
584	1.096798e+02
585	1.093772e+02
586	1.090788e+02
587	1.086694e+02
588	1.082226e+02
589	1.078591e+02
590	1.075152e+02
591	1.070437e+02
592	1.066031e+02
593	1.060695e+02
594	1.055291e+02
595	1.048342e+02
596	1.040460e+02
597	1.034283e+02
598	1.029719e+02
599	1.025260e+02
600	1.021308e+02
601	1.019195e+02
602	1.017623e+02
603	1.016492e+02
604	1.016941e+02
605	1.018210e+02
606	1.019088e+02
607	1.020186e+02
608	1.021377e+02
609	1.022650e+02
610	1.024084e+02
611	1.025447e+02
612	1.028430e+02
613	1.031949e+02
614	1.035011e+02
615	1.038356e+02
616	1.041743e+02
617	1.045724e+02
618	1.050685e+02
619	1.057056e+02
620	1.063840e+02
621	1.070555e+02
622	1.077651e+02
623	1.084444e+02
624	1.090653e+02
625	1.096585e+02
626	1.103201e+02
627	1.110223e+02
628	1.117164e+02
629	1.122679e+02
630	1.127196e+02
631	1.132586e+02
632	1.137348e+02
633	1.142204e+02
634	1.145404e+02
635	1.149169e+02
636	1.152514e+02
637	1.154322e+02
638	1.154706e+02
639	1.153652e+02
640	1.150816e+02
641	1.146773e+02
642	1.142133e+02
643	1.135890e+02
644	1.131113e+02
645	1.125720e+02
646	1.120160e+02
647	1.114727e+02
648	1.109773e+02
649	1.106346e+02
650	1.103492e+02
651	1.101041e+02
652	1.098539e+02
653	1.096333e+02
654	1.093688e+02
655	1.091542e+02
656	1.089640e+02
657	1.087707e+02
658	1.085650e+02
659	1.082891e+02
660	1.079061e+02
661	1.075047e+02
662	1.070825e+02
663	1.066399e+02
664	1.061869e+02
665	1.058193e+02
666	1.055098e+02
667	1.051812e+02
668	1.049088e+02
669	1.046992e+02
670	1.044825e+02
671	1.043272e+02
672	1.043000e+02
673	1.043178e+02
674	1.044080e+02
675	1.045263e+02
676	1.046858e+02
677	1.049926e+02
678	1.052017e+02
679	1.054775e+02
680	1.057906e+02
681	1.061028e+02
682	1.063990e+02
683	1.066449e+02
684	1.069042e+02
685	1.071992e+02
686	1.075275e+02
687	1.078621e+02
688	1.082278e+02
689	1.085442e+02
690	1.089170e+02
691	1.093785e+02
692	1.098505e+02
693	1.103480e+02
694	1.108172e+02
695	1.112396e+02
696	1.115755e+02
697	1.119013e+02
698	1.122576e+02
699	1.125436e+02
700	1.126257e+02
701	1.127808e+02
702	1.128408e+02
703	1.127565e+02
704	1.126443e+02
705	1.124094e+02
706	1.120909e+02
707	1.117914e+02
708	1.114043e+02
709	1.109309e+02
710	1.105147e+02
711	1.100958e+02
712	1.097887e+02
713	1.094913e+02
714	1.091471e+02
715	1.087622e+02
716	1.085061e+02
717	1.082588e+02
718	1.080335e+02
719	1.077859e+02
720	1.076425e+02
721	1.076174e+02
722	1.076666e+02
723	1.076809e+02
724	1.076959e+02
725	1.075937e+02
726	1.074940e+02
727	1.074833e+02
728	1.075586e+02
729	1.075602e+02
730	1.077170e+02
731	1.078491e+02
732	1.080807e+02
733	1.082521e+02
734	1.084738e+02
735	1.087310e+02
736	1.089002e+02
737	1.092082e+02
738	1.094988e+02
739	1.098084e+02
740	1.101692e+02
741	1.104577e+02
742	1.106555e+02
743	1.108119e+02
744	1.108767e+02
745	1.108482e+02
746	1.106965e+02
747	1.103391e+02
748	1.099847e+02
749	1.095073e+02
750	1.090182e+02
751	1.084856e+02
752	1.080334e+02
753	1.077069e+02
754	1.073318e+02
755	1.070386e+02
756	1.068038e+02
757	1.066633e+02
758	1.065633e+02
759	1.064689e+02
760	1.065085e+02
761	1.066046e+02
762	1.066714e+02
763	1.067992e+02
764	1.069067e+02
765	1.069891e+02
766	1.070710e+02
767	1.071672e+02
768	1.073687e+02
769	1.075807e+02
770	1.076763e+02
771	1.078044e+02
772	1.079927e+02
773	1.081400e+02
774	1.083924e+02
775	1.086481e+02
776	1.089409e+02
777	1.092788e+02
778	1.097379e+02
779	1.102067e+02
780	1.107160e+02
781	1.113406e+02
782	1.119839e+02
783	1.126126e+02
784	1.132017e+02
785	1.136535e+02
786	1.139997e+02
787	1.142644e+02
788	1.145290e+02
789	1.147023e+02
790	1.147851e+02
791	1.148789e+02
792	1.149168e+02
793	1.149238e+02
794	1.148986e+02
795	1.147235e+02
796	1.144815e+02
797	1.142258e+02
798	1.138900e+02
799	1.135529e+02
800	1.132280e+02
801	1.128278e+02
802	1.124227e+02
803	1.120261e+02
804	1.116345e+02
805	1.111176e+02
806	1.106840e+02
807	1.102636e+02
808	1.098407e+02
809	1.093856e+02
810	1.089158e+02
811	1.084277e+02
812	1.079716e+02
813	1.075158e+02
814	1.070495e+02
815	1.066016e+02
816	1.061938e+02
817	1.059723e+02
818	1.058117e+02
819	1.057793e+02
820	1.058752e+02
821	1.059729e+02
822	1.061859e+02
823	1.064852e+02
824	1.067974e+02
825	1.071278e+02
826	1.074436e+02
827	1.078054e+02
828	1.081552e+02
829	1.084829e+02
830	1.088548e+02
831	1.092724e+02
832	1.096950e+02
833	1.100333e+02
834	1.103642e+02
835	1.106736e+02
836	1.110286e+02
837	1.112232e+02
838	1.113453e+02
839	1.113293e+02
840	1.112564e+02
841	1.111354e+02
842	1.109182e+02
843	1.106974e+02
844	1.105575e+02
845	1.103092e+02
846	1.099899e+02
847	1.096632e+02
848	1.093151e+02
849	1.089895e+02
850	1.085980e+02
851	1.081371e+02
852	1.077381e+02
853	1.073415e+02
854	1.069703e+02
855	1.064901e+02
856	1.059962e+02
857	1.055733e+02
858	1.051752e+02
859	1.048343e+02
860	1.045977e+02
861	1.044124e+02
862	1.043855e+02
863	1.043517e+02
864	1.043729e+02
865	1.044533e+02
866	1.046750e+02
867	1.049989e+02
868	1.054079e+02
869	1.059189e+02
870	1.064909e+02
871	1.070657e+02
872	1.077050e+02
873	1.083381e+02
874	1.089203e+02
875	1.094581e+02
876	1.099489e+02
877	1.105024e+02
878	1.110474e+02
879	1.113173e+02
880	1.116337e+02
881	1.119504e+02
882	1.122399e+02
883	1.125207e+02
884	1.127512e+02
885	1.129554e+02
886	1.130930e+02
887	1.131450e+02
888	1.130816e+02
889	1.128608e+02
890	1.125859e+02
891	1.122357e+02
892	1.118100e+02
893	1.114061e+02
894	1.110292e+02
895	1.105267e+02
896	1.100508e+02
897	1.095292e+02
898	1.090166e+02
899	1.084695e+02
900	1.079220e+02
901	1.072648e+02
902	1.065550e+02
903	1.058551e+02
904	1.050663e+02
905	1.043149e+02
906	1.036845e+02
907	1.031359e+02
908	1.026069e+02
909	1.022232e+02
910	1.019150e+02
911	1.018176e+02
912	1.017530e+02
913	1.019298e+02
914	1.022011e+02
915	1.025448e+02
916	1.029570e+02
917	1.035665e+02
918	1.042838e+02
919	1.051205e+02
920	1.060377e+02
921	1.069458e+02
922	1.078528e+02
923	1.086953e+02
924	1.096089e+02
925	1.104479e+02
926	1.111941e+02
927	1.120144e+02
928	1.127784e+02
929	1.135450e+02
930	1.142179e+02
931	1.148408e+02
932	1.152831e+02
933	1.155284e+02
934	1.156061e+02
935	1.156174e+02
936	1.157191e+02
937	1.158216e+02
938	1.157741e+02
939	1.156941e+02
940	1.155708e+02
941	1.152976e+02
942	1.148639e+02
943	1.142935e+02
944	1.135799e+02
945	1.128892e+02
946	1.122586e+02
947	1.115432e+02
948	1.109001e+02
949	1.102315e+02
950	1.094943e+02
951	1.086628e+02
952	1.078409e+02
953	1.070382e+02
954	1.063610e+02
955	1.058250e+02
956	1.053266e+02
957	1.049799e+02
958	1.046283e+02
959	1.044540e+02
960	1.043640e+02
961	1.044313e+02
962	1.046028e+02
963	1.049078e+02
964	1.052923e+02
965	1.058285e+02
966	1.064801e+02
967	1.071821e+02
968	1.079335e+02
969	1.086695e+02
970	1.094140e+02
971	1.101426e+02
972	1.109480e+02
973	1.118384e+02
974	1.126905e+02
975	1.135630e+02
976	1.142884e+02
977	1.149863e+02
978	1.155019e+02
979	1.159065e+02
980	1.162584e+02
981	1.165321e+02
982	1.166463e+02
983	1.166209e+02
984	1.165174e+02
985	1.162417e+02
986	1.157504e+02
987	1.151089e+02
988	1.142551e+02
989	1.133267e+02
990	1.123638e+02
991	1.114419e+02
992	1.104808e+02
993	1.094538e+02
994	1.083486e+02
995	1.071372e+02
996	1.059390e+02
997	1.046975e+02
998	1.035156e+02
999	1.023738e+02
1000	1.012821e+02
1001	1.003573e+02
1002	9.970689e+01
1003	9.921016e+01
1004	9.884294e+01
1005	9.851375e+01
1006	9.837084e+01
1007	9.840626e+01
1008	9.862243e+01
1009	9.898203e+01
1010	9.942077e+01
1011	1.000147e+02
1012	1.007993e+02
1013	1.016696e+02
1014	1.026079e+02
1015	1.035604e+02
1016	1.046288e+02
1017	1.058934e+02
1018	1.071183e+02
1019	1.083296e+02
1020	1.095913e+02
1021	1.109013e+02
1022	1.122389e+02
1023	1.136474e+02
1024	1.149938e+02
1025	1.162352e+02
1026	1.173201e+02
1027	1.183946e+02
1028	1.193053e+02
1029	1.200618e+02
1030	1.206543e+02
1031	1.209670e+02
1032	1.210904e+02
1033	1.209666e+02
1034	1.206414e+02
1035	1.201481e+02
1036	1.194889e+02
1037	1.187183e+02
1038	1.178719e+02
1039	1.169565e+02
1040	1.159721e+02
1041	1.150452e+02
1042	1.141574e+02
1043	1.131291e+02
1044	1.121225e+02
1045	1.110989e+02
1046	1.101288e+02
1047	1.092221e+02
1048	1.083047e+02
1049	1.073637e+02
1050	1.064430e+02
1051	1.055107e+02
1052	1.047026e+02
1053	1.039717e+02
1054	1.033497e+02
1055	1.028164e+02
1056	1.024170e+02
1057	1.022311e+02
1058	1.022695e+02
1059	1.024323e+02
1060	1.026900e+02
1061	1.029937e+02
1062	1.034102e+02
1063	1.038339e+02
1064	1.043022e+02
1065	1.047560e+02
1066	1.052776e+02
1067	1.059366e+02
1068	1.065903e+02
1069	1.072490e+02
1070	1.079169e+02
1071	1.086066e+02
1072	1.093349e+02
1073	1.101811e+02
1074	1.110275e+02
1075	1.116838e+02
1076	1.122613e+02
1077	1.127800e+02
1078	1.131979e+02
1079	1.134932e+02
1080	1.136877e+02
1081	1.136946e+02
1082	1.135930e+02
1083	1.133955e+02
1084	1.131483e+02
1085	1.127929e+02
1086	1.123824e+02
1087	1.119727e+02
1088	1.115498e+02
1089	1.111055e+02
1090	1.106347e+02
1091	1.102102e+02
1092	1.097921e+02
1093	1.093791e+02
1094	1.089356e+02
1095	1.084284e+02
1096	1.079347e+02
1097	1.074988e+02
1098	1.070639e+02
1099	1.066300e+02
1100	1.063700e+02
1101	1.061186e+02
1102	1.059289e+02
1103	1.057919e+02
1104	1.056523e+02
1105	1.055715e+02
1106	1.055304e+02
1107	1.055305e+02
1108	1.055256e+02
1109	1.055268e+02
1110	1.055680e+02
1111	1.055191e+02
1112	1.054755e+02
1113	1.055757e+02
1114	1.058147e+02
1115	1.062393e+02
1116	1.066964e+02
1117	1.072808e+02
1118	1.080596e+02
1119	1.089171e+02
1120	1.098187e+02
1121	1.108110e+02
1122	1.116578e+02
1123	1.124740e+02
1124	1.131598e+02
1125	1.137799e+02
1126	1.143051e+02
1127	1.146391e+02
1128	1.148940e+02
1129	1.150256e+02
1130	1.151346e+02
1131	1.151781e+02
1132	1.152247e+02
1133	1.152122e+02
1134	1.151986e+02
1135	1.150595e+02
1136	1.148965e+02
1137	1.146013e+02
1138	1.142737e+02
1139	1.139150e+02
1140	1.134597e+02
1141	1.130550e+02
1142	1.126543e+02
1143	1.122303e+02
1144	1.118061e+02
1145	1.114494e+02
1146	1.110638e+02
1147	1.106919e+02
1148	1.103375e+02
1149	1.100060e+02
1150	1.095318e+02
1151	1.089513e+02
1152	1.082929e+02
1153	1.076631e+02
1154	1.071124e+02
1155	1.065014e+02
1156	1.059644e+02
1157	1.054226e+02
1158	1.050364e+02
1159	1.046054e+02
1160	1.041827e+02
1161	1.038349e+02
1162	1.035765e+02
1163	1.034401e+02
1164	1.034128e+02
1165	1.035083e+02
1166	1.036227e+02
1167	1.037552e+02
1168	1.039549e+02
1169	1.041797e+02
1170	1.043519e+02
1171	1.045577e+02
1172	1.047840e+02
1173	1.050835e+02
1174	1.053954e+02
1175	1.056756e+02
1176	1.060325e+02
1177	1.063598e+02
1178	1.067829e+02
1179	1.072064e+02
1180	1.076695e+02
1181	1.079422e+02
1182	1.082372e+02
1183	1.083521e+02
1184	1.083384e+02
1185	1.082182e+02
1186	1.079494e+02
1187	1.077206e+02
1188	1.075564e+02
1189	1.072773e+02
1190	1.069767e+02
1191	1.064739e+02
1192	1.059579e+02
1193	1.054306e+02
1194	1.049203e+02
1195	1.045526e+02
1196	1.042804e+02
1197	1.040615e+02
1198	1.038933e+02
1199	1.037687e+02
1200	1.036718e+02
1201	1.036141e+02
1202	1.035614e+02
1203	1.035555e+02
1204	1.036336e+02
1205	1.037487e+02
1206	1.039478e+02
1207	1.042410e+02
1208	1.045581e+02
1209	1.048634e+02
1210	1.052326e+02
1211	1.056621e+02
1212	1.060527e+02
1213	1.065277e+02
1214	1.071345e+02
1215	1.076803e+02
1216	1.082352e+02
1217	1.088026e+02
1218	1.093546e+02
1219	1.099248e+02
1220	1.104604e+02
1221	1.110874e+02
1222	1.117029e+02
1223	1.123289e+02
1224	1.128314e+02
1225	1.132011e+02
1226	1.134300e+02
1227	1.135706e+02
1228	1.137270e+02
1229	1.138619e+02
1230	1.138534e+02
1231	1.137220e+02
1232	1.134540e+02
1233	1.131520e+02
1234	1.128809e+02
1235	1.125687e+02
1236	1.120677e+02
1237	1.115076e+02
1238	1.108470e+02
1239	1.102919e+02
1240	1.096988e+02
1241	1.091260e+02
1242	1.085501e+02
1243	1.080889e+02
1244	1.075926e+02
1245	1.069876e+02
1246	1.064935e+02
1247	1.059320e+02
1248	1.054232e+02
1249	1.048755e+02
1250	1.044393e+02
1251	1.039608e+02
1252	1.035638e+02
1253	1.032487e+02
1254	1.029813e+02
1255	1.028490e+02
1256	1.029594e+02
1257	1.032349e+02
1258	1.036923e+02
1259	1.043540e+02
1260	1.049993e+02
1261	1.057341e+02
1262	1.064057e+02
1263	1.071538e+02
1264	1.078873e+02
1265	1.086052e+02
1266	1.092693e+02
1267	1.099102e+02
1268	1.106028e+02
1269	1.111558e+02
1270	1.115787e+02
1271	1.119873e+02
1272	1.123424e+02
1273	1.127154e+02
1274	1.129652e+02
1275	1.129890e+02
1276	1.129573e+02
1277	1.129427e+02
1278	1.129211e+02
1279	1.129188e+02
1280	1.128851e+02
1281	1.127740e+02
1282	1.126187e+02
1283	1.125389e+02
1284	1.122769e+02
1285	1.119665e+02
1286	1.115217e+02
1287	1.111291e+02
1288	1.106807e+02
1289	1.101603e+02
1290	1.095938e+02
1291	1.090294e+02
1292	1.084288e+02
1293	1.077833e+02
1294	1.071386e+02
1295	1.065032e+02
1296	1.060903e+02
1297	1.058106e+02
1298	1.056080e+02
1299	1.054629e+02
1300	1.054200e+02
1301	1.054324e+02
1302	1.055251e+02
1303	1.057578e+02
1304	1.060214e+02
1305	1.064330e+02
1306	1.068436e+02
1307	1.072248e+02
1308	1.077782e+02
1309	1.083443e+02
1310	1.088726e+02
1311	1.094422e+02
1312	1.100326e+02
1313	1.106252e+02
1314	1.110373e+02
1315	1.113382e+02
1316	1.116662e+02
1317	1.120349e+02
1318	1.124493e+02
1319	1.128233e+02
1320	1.131084e+02
1321	1.132850e+02
1322	1.134359e+02
1323	1.135027e+02
1324	1.134189e+02
1325	1.133149e+02
1326	1.132062e+02
1327	1.129485e+02
1328	1.126431e+02
1329	1.122873e+02
1330	1.118956e+02
1331	1.114668e+02
1332	1.108985e+02
1333	1.102734e+02
1334	1.096635e+02
1335	1.089302e+02
1336	1.082653e+02
1337	1.076230e+02
1338	1.069528e+02
1339	1.063407e+02
1340	1.058035e+02
1341	1.052642e+02
1342	1.047709e+02
1343	1.043094e+02
1344	1.038897e+02
1345	1.035380e+02
1346	1.032192e+02
1347	1.030592e+02
1348	1.029702e+02
1349	1.029581e+02
1350	1.029626e+02
1351	1.030034e+02
1352	1.030455e+02
1353	1.030354e+02
1354	1.031287e+02
1355	1.032099e+02
1356	1.033971e+02
1357	1.035846e+02
1358	1.037058e+02
1359	1.037705e+02
1360	1.038762e+02
1361	1.039953e+02
1362	1.041140e+02
1363	1.044225e+02
1364	1.048466e+02
1365	1.053264e+02
1366	1.057736e+02
1367	1.063011e+02
1368	1.068166e+02
1369	1.073933e+02
1370	1.079180e+02
1371	1.084798e+02
1372	1.089090e+02
1373	1.093374e+02
1374	1.096309e+02
1375	1.098527e+02
1376	1.101300e+02
1377	1.103729e+02
1378	1.105811e+02
1379	1.107875e+02
1380	1.109799e+02
1381	1.112021e+02
1382	1.113223e+02
1383	1.114257e+02
1384	1.114976e+02
1385	1.116161e+02
1386	1.116025e+02
1387	1.114820e+02
1388	1.111646e+02
1389	1.107652e+02
1390	1.102786e+02
1391	1.098523e+02
1392	1.094504e+02
1393	1.091403e+02
1394	1.089429e+02
1395	1.087504e+02
1396	1.085760e+02
1397	1.083969e+02
1398	1.082705e+02
1399	1.081629e+02
1400	1.079795e+02
1401	1.078021e+02
1402	1.075777e+02
1403	1.072998e+02
1404	1.070053e+02
1405	1.066826e+02
1406	1.064457e+02
1407	1.062198e+02
1408	1.060758e+02
1409	1.059956e+02
1410	1.060187e+02
1411	1.061494e+02
1412	1.061800e+02
1413	1.063058e+02
1414	1.064168e+02
1415	1.065916e+02
1416	1.068139e+02
1417	1.071309e+02
1418	1.075044e+02
1419	1.078607e+02
1420	1.082358e+02
1421	1.086063e+02
1422	1.089459e+02
1423	1.092768e+02
1424	1.096489e+02
1425	1.100230e+02
1426	1.103628e+02
1427	1.107017e+02
1428	1.109369e+02
1429	1.110028e+02
1430	1.110171e+02
1431	1.109272e+02
1432	1.107683e+02
1433	1.105350e+02
1434	1.101941e+02
1435	1.098195e+02
1436	1.093700e+02
1437	1.087293e+02
1438	1.080547e+02
1439	1.072315e+02
1440	1.065478e+02
1441	1.059353e+02
1442	1.054766e+02
1443	1.051330e+02
1444	1.047801e+02
1445	1.044111e+02
1446	1.040920e+02
1447	1.039399e+02
1448	1.038004e+02
1449	1.037619e+02
1450	1.037884e+02
1451	1.038906e+02
1452	1.040786e+02
1453	1.043507e+02
1454	1.047295e+02
1455	1.052053e+02
1456	1.056697e+02
1457	1.060955e+02
1458	1.064720e+02
1459	1.068530e+02
1460	1.071982e+02
1461	1.074281e+02
1462	1.076433e+02
1463	1.078021e+02
1464	1.080170e+02
1465	1.082582e+02
1466	1.085005e+02
1467	1.087133e+02
1468	1.088566e+02
1469	1.090001e+02
1470	1.092163e+02
1471	1.094317e+02
1472	1.095971e+02
1473	1.096983e+02
1474	1.097975e+02
1475	1.098436e+02
1476	1.097506e+02
1477	1.095864e+02
1478	1.094143e+02
1479	1.092002e+02
1480	1.090085e+02
1481	1.088236e+02
1482	1.086606e+02
1483	1.085933e+02
1484	1.085792e+02
1485	1.086418e+02
1486	1.087663e+02
1487	1.089773e+02
1488	1.092620e+02
1489	1.095850e+02
1490	1.097948e+02
1491	1.100090e+02
1492	1.102435e+02
1493	1.104472e+02
1494	1.105258e+02
1495	1.105751e+02
1496	1.105846e+02
1497	1.105253e+02
1498	1.104361e+02
1499	1.104856e+02
1500	1.105830e+02
1501	1.106803e+02
1502	1.107043e+02
1503	1.106681e+02
1504	1.104860e+02
1505	1.102149e+02
1506	1.099459e+02
1507	1.096951e+02
1508	1.096154e+02
1509	1.096238e+02
1510	1.095571e+02
1511	1.094393e+02
1512	1.092996e+02
1513	1.092187e+02
1514	1.091199e+02
1515	1.089531e+02
1516	1.086983e+02
1517	1.083625e+02
1518	1.080533e+02
1519	1.076642e+02
1520	1.071523e+02
1521	1.067399e+02
1522	1.063469e+02
1523	1.059724e+02
1524	1.056837e+02
1525	1.056277e+02
1526	1.056534e+02
1527	1.056890e+02
1528	1.059311e+02
1529	1.063351e+02
1530	1.068141e+02
1531	1.073766e+02
1532	1.080277e+02
1533	1.086866e+02
1534	1.093282e+02
1535	1.100740e+02
1536	1.107772e+02
1537	1.115175e+02
1538	1.122349e+02
1539	1.128864e+02
1540	1.135699e+02
1541	1.141403e+02
1542	1.145977e+02
1543	1.149506e+02
1544	1.151787e+02
1545	1.152143e+02
1546	1.151344e+02
1547	1.149084e+02
1548	1.146017e+02
1549	1.141647e+02
1550	1.136314e+02
1551	1.128868e+02
1552	1.120934e+02
1553	1.112262e+02
1554	1.103143e+02
1555	1.094841e+02
1556	1.087086e+02
1557	1.079817e+02
1558	1.072604e+02
1559	1.066427e+02
1560	1.060930e+02
1561	1.055707e+02
1562	1.051516e+02
1563	1.046157e+02
1564	1.041062e+02
1565	1.037057e+02
1566	1.034017e+02
1567	1.032033e+02
1568	1.031149e+02
1569	1.030572e+02
1570	1.030021e+02
1571	1.030653e+02
1572	1.032289e+02
1573	1.034873e+02
1574	1.037134e+02
1575	1.041116e+02
1576	1.045763e+02
1577	1.050095e+02
1578	1.054814e+02
1579	1.059248e+02
1580	1.063299e+02
1581	1.067231e+02
1582	1.072126e+02
1583	1.076820e+02
1584	1.080917e+02
1585	1.084285e+02
1586	1.089715e+02
1587	1.094812e+02
1588	1.098712e+02
1589	1.102923e+02
1590	1.106475e+02
1591	1.109834e+02
1592	1.113550e+02
1593	1.117078e+02
1594	1.120549e+02
1595	1.123878e+02
1596	1.126640e+02
1597	1.128732e+02
1598	1.131169e+02
1599	1.131951e+02
1600	1.132646e+02
1601	1.132130e+02
1602	1.129955e+02
1603	1.126942e+02
1604	1.122727e+02
1605	1.118608e+02
1606	1.114435e+02
1607	1.110314e+02
1608	1.105832e+02
1609	1.100630e+02
1610	1.096160e+02
1611	1.091827e+02
1612	1.088023e+02
1613	1.084196e+02
1614	1.080437e+02
1615	1.077634e+02
1616	1.074662e+02
1617	1.073327e+02
1618	1.073126e+02
1619	1.073856e+02
1620	1.075230e+02
1621	1.077351e+02
1622	1.079387e+02
1623	1.079676e+02
1624	1.081000e+02
1625	1.081894e+02
1626	1.083293e+02
1627	1.085309e+02
1628	1.086625e+02
1629	1.088818e+02
1630	1.090844e+02
1631	1.092476e+02
1632	1.092470e+02
1633	1.093355e+02
1634	1.094713e+02
1635	1.095343e+02
1636	1.096296e+02
1637	1.098922e+02
1638	1.100301e+02
1639	1.101942e+02
1640	1.103705e+02
1641	1.105477e+02
1642	1.106931e+02
1643	1.107420e+02
1644	1.107403e+02
1645	1.106881e+02
1646	1.106811e+02
1647	1.107545e+02
1648	1.108207e+02
1649	1.108542e+02
1650	1.108927e+02
1651	1.109423e+02
1652	1.110245e+02
1653	1.111466e+02
1654	1.111270e+02
1655	1.112416e+02
1656	1.112668e+02
1657	1.112168e+02
1658	1.111676e+02
1659	1.110839e+02
1660	1.110601e+02
1661	1.109658e+02
1662	1.109276e+02
1663	1.108517e+02
1664	1.106753e+02
1665	1.104580e+02
1666	1.101210e+02
1667	1.097557e+02
1668	1.092950e+02
1669	1.088189e+02
1670	1.084252e+02
1671	1.080714e+02
1672	1.078757e+02
1673	1.077577e+02
1674	1.077305e+02
1675	1.077010e+02
1676	1.075803e+02
1677	1.074683e+02
1678	1.074841e+02
1679	1.075083e+02
1680	1.076416e+02
1681	1.077719e+02
1682	1.078700e+02
1683	1.079370e+02
1684	1.081332e+02
1685	1.083106e+02
1686	1.084900e+02
1687	1.086763e+02
1688	1.087868e+02
1689	1.088013e+02
1690	1.088005e+02
1691	1.087958e+02
1692	1.087517e+02
1693	1.086664e+02
1694	1.085946e+02
1695	1.083786e+02
1696	1.080988e+02
1697	1.078258e+02
1698	1.075694e+02
1699	1.073412e+02
1700	1.071125e+02
1701	1.069027e+02
1702	1.066935e+02
1703	1.064695e+02
1704	1.062039e+02
1705	1.058694e+02
1706	1.055987e+02
1707	1.052130e+02
1708	1.048507e+02
1709	1.045765e+02
1710	1.043118e+02
1711	1.040802e+02
1712	1.038765e+02
1713	1.036473e+02
1714	1.036202e+02
1715	1.035914e+02
1716	1.035585e+02
1717	1.035416e+02
1718	1.036216e+02
1719	1.038440e+02
1720	1.042314e+02
1721	1.046547e+02
1722	1.051028e+02
1723	1.056462e+02
1724	1.061854e+02
1725	1.067109e+02
1726	1.072413e+02
1727	1.077753e+02
1728	1.083075e+02
1729	1.088077e+02
1730	1.094266e+02
1731	1.099862e+02
1732	1.105593e+02
1733	1.109667e+02
1734	1.113311e+02
1735	1.116347e+02
1736	1.119030e+02
1737	1.121026e+02
1738	1.122148e+02
1739	1.122352e+02
1740	1.122541e+02
1741	1.124001e+02
1742	1.125822e+02
1743	1.126956e+02
1744	1.127536e+02
1745	1.127174e+02
1746	1.125973e+02
1747	1.123631e+02
1748	1.120373e+02
1749	1.117341e+02
1750	1.113348e+02
1751	1.108653e+02
1752	1.104590e+02
1753	1.099107e+02
1754	1.092925e+02
1755	1.089493e+02
1756	1.086310e+02
1757	1.083389e+02
1758	1.079945e+02
1759	1.077559e+02
1760	1.074846e+02
1761	1.073230e+02
1762	1.071741e+02
1763	1.071459e+02
1764	1.071751e+02
1765	1.073429e+02
1766	1.076583e+02
1767	1.080493e+02
1768	1.084939e+02
1769	1.090224e+02
1770	1.097087e+02
1771	1.104082e+02
1772	1.111410e+02
1773	1.118882e+02
1774	1.125462e+02
1775	1.132435e+02
1776	1.137271e+02
1777	1.141607e+02
1778	1.144693e+02
1779	1.147339e+02
1780	1.148960e+02
1781	1.149871e+02
1782	1.149461e+02
1783	1.148745e+02
1784	1.148091e+02
1785	1.147230e+02
1786	1.146803e+02
1787	1.146297e+02
1788	1.145208e+02
1789	1.143389e+02
1790	1.141107e+02
1791	1.138764e+02
1792	1.135283e+02
1793	1.130672e+02
1794	1.124575e+02
1795	1.118477e+02
1796	1.112278e+02
1797	1.106200e+02
1798	1.099470e+02
1799	1.092085e+02
1800	1.083819e+02
1801	1.075443e+02
1802	1.067592e+02
1803	1.061253e+02
1804	1.056671e+02
1805	1.053562e+02
1806	1.051980e+02
1807	1.051329e+02
1808	1.051972e+02
1809	1.054621e+02
1810	1.057801e+02
1811	1.062456e+02
1812	1.068955e+02
1813	1.075824e+02
1814	1.083230e+02
1815	1.090986e+02
1816	1.098310e+02
1817	1.105001e+02
1818	1.110845e+02
1819	1.116580e+02
1820	1.122149e+02
1821	1.127279e+02
1822	1.130351e+02
1823	1.133905e+02
1824	1.137941e+02
1825	1.139463e+02
1826	1.139566e+02
1827	1.139310e+02
1828	1.137736e+02
1829	1.135715e+02
1830	1.133298e+02
1831	1.129567e+02
1832	1.125322e+02
1833	1.120589e+02
1834	1.115090e+02
1835	1.108922e+02
1836	1.101775e+02
1837	1.094695e+02
1838	1.086577e+02
1839	1.077462e+02
1840	1.068552e+02
1841	1.058949e+02
1842	1.049303e+02
1843	1.040513e+02
1844	1.032177e+02
1845	1.024625e+02
1846	1.018264e+02
1847	1.013133e+02
1848	1.008693e+02
1849	1.004458e+02
1850	1.001183e+02
1851	1.000502e+02
1852	1.002436e+02
1853	1.006388e+02
1854	1.012074e+02
1855	1.019551e+02
1856	1.027570e+02
1857	1.035686e+02
1858	1.044589e+02
1859	1.053975e+02
1860	1.062274e+02
1861	1.070255e+02
1862	1.077150e+02
1863	1.082534e+02
1864	1.087135e+02
1865	1.090977e+02
1866	1.094029e+02
1867	1.096370e+02
1868	1.098472e+02
1869	1.100186e+02
1870	1.101678e+02
1871	1.100797e+02
1872	1.099288e+02
1873	1.096417e+02
1874	1.093037e+02
1875	1.089228e+02
1876	1.085193e+02
1877	1.081404e+02
1878	1.077449e+02
1879	1.073036e+02
1880	1.069386e+02
1881	1.065533e+02
1882	1.061917e+02
1883	1.057883e+02
1884	1.054096e+02
1885	1.050308e+02
1886	1.047530e+02
1887	1.045687e+02
1888	1.043660e+02
1889	1.041457e+02
1890	1.040575e+02
1891	1.040813e+02
1892	1.041636e+02
1893	1.043014e+02
1894	1.044451e+02
1895	1.047288e+02
1896	1.049422e+02
1897	1.052356e+02
1898	1.054540e+02
1899	1.057701e+02
1900	1.060540e+02
1901	1.064183e+02
1902	1.068045e+02
1903	1.072942e+02
1904	1.078513e+02
1905	1.084247e+02
1906	1.089923e+02
1907	1.096009e+02
1908	1.101747e+02
1909	1.106672e+02
1910	1.112128e+02
1911	1.118286e+02
1912	1.124166e+02
1913	1.129456e+02
1914	1.133953e+02
1915	1.137189e+02
1916	1.139621e+02
1917	1.140946e+02
1918	1.141383e+02
1919	1.140941e+02
1920	1.138814e+02
1921	1.135464e+02
1922	1.130274e+02
1923	1.123830e+02
1924	1.116243e+02
1925	1.108314e+02
1926	1.099862e+02
1927	1.091717e+02
1928	1.082845e+02
1929	1.074007e+02
1930	1.065054e+02
1931	1.056669e+02
1932	1.048716e+02
1933	1.041292e+02
1934	1.035143e+02
1935	1.030434e+02
1936	1.026526e+02
1937	1.023395e+02
1938	1.021798e+02
1939	1.021673e+02
1940	1.023273e+02
1941	1.026353e+02
1942	1.028892e+02
1943	1.033045e+02
1944	1.037221e+02
1945	1.041736e+02
1946	1.045793e+02
1947	1.050532e+02
1948	1.055731e+02
1949	1.061295e+02
1950	1.067314e+02
1951	1.073256e+02
1952	1.079576e+02
1953	1.085472e+02
1954	1.090534e+02
1955	1.094144e+02
1956	1.096737e+02
1957	1.098469e+02
1958	1.099725e+02
1959	1.101418e+02
1960	1.101912e+02
1961	1.101381e+02
1962	1.100383e+02
1963	1.099630e+02
1964	1.098790e+02
1965	1.097289e+02
1966	1.096302e+02
1967	1.095617e+02
1968	1.094764e+02
1969	1.094681e+02
1970	1.094414e+02
1971	1.094230e+02
1972	1.095349e+02
1973	1.095653e+02
1974	1.096300e+02
1975	1.096991e+02
1976	1.098694e+02
1977	1.101072e+02
1978	1.103472e+02
1979	1.105302e+02
1980	1.107454e+02
1981	1.109433e+02
1982	1.111147e+02
1983	1.113264e+02
1984	1.115505e+02
1985	1.117765e+02
1986	1.120657e+02
1987	1.122990e+02
1988	1.124533e+02
1989	1.125903e+02
1990	1.127329e+02
1991	1.127525e+02
1992	1.126485e+02
1993	1.124613e+02
1994	1.123600e+02
1995	1.122525e+02
1996	1.120798e+02
1997	1.118503e+02
1998	1.114911e+02
1999	1.110988e+02
2000	1.107107e+02
2001	1.102902e+02
2002	1.098706e+02
2003	1.093459e+02
2004	1.088624e+02
2005	1.083235e+02
2006	1.077780e+02
2007	1.072425e+02
2008	1.067498e+02
2009	1.064111e+02
2010	1.060948e+02
2011	1.058137e+02
2012	1.055994e+02
2013	1.053674e+02
2014	1.051800e+02
2015	1.050868e+02
2016	1.050687e+02
2017	1.051601e+02
2018	1.054002e+02
2019	1.058247e+02
2020	1.062441e+02
2021	1.066792e+02
2022	1.071582e+02
2023	1.077028e+02
2024	1.081835e+02
2025	1.086424e+02
2026	1.091283e+02
2027	1.096701e+02
2028	1.101004e+02
2029	1.104055e+02
2030	1.107086e+02
2031	1.109558e+02
2032	1.111321e+02
2033	1.111870e+02
2034	1.111541e+02
2035	1.111040e+02
2036	1.110617e+02
2037	1.109330e+02
2038	1.107074e+02
2039	1.104601e+02
2040	1.101778e+02
2041	1.099132e+02
2042	1.096695e+02
2043	1.093273e+02
2044	1.090724e+02
2045	1.087380e+02
2046	1.083743e+02
2047	1.080319e+02
2048	1.077248e+02
2049	1.075924e+02
2050	1.074262e+02
2051	1.072148e+02
2052	1.069997e+02
2053	1.068142e+02
2054	1.066245e+02
2055	1.064910e+02
2056	1.063600e+02
2057	1.062671e+02
2058	1.061822e+02
2059	1.061658e+02
2060	1.061321e+02
2061	1.061243e+02
2062	1.061683e+02
2063	1.062439e+02
2064	1.063493e+02
2065	1.064253e+02
2066	1.066081e+02
2067	1.067501e+02
2068	1.069149e+02
2069	1.070662e+02
2070	1.072308e+02
2071	1.074286e+02
2072	1.075871e+02
2073	1.077725e+02
2074	1.079924e+02
2075	1.081821e+02
2076	1.083636e+02
2077	1.085428e+02
2078	1.086897e+02
2079	1.088458e+02
2080	1.090134e+02
2081	1.092314e+02
2082	1.092915e+02
2083	1.093611e+02
2084	1.093528e+02
2085	1.092686e+02
2086	1.091177e+02
2087	1.088993e+02
2088	1.086830e+02
2089	1.084829e+02
2090	1.082813e+02
2091	1.081180e+02
2092	1.078843e+02
2093	1.075771e+02
2094	1.071750e+02
2095	1.067429e+02
2096	1.062056e+02
2097	1.057821e+02
2098	1.053512e+02
2099	1.050228e+02
2100	1.047874e+02
2101	1.045383e+02
2102	1.044325e+02
2103	1.043950e+02
2104	1.044299e+02
2105	1.044292e+02
2106	1.045545e+02
2107	1.047580e+02
2108	1.051064e+02
2109	1.055171e+02
2110	1.058733e+02
2111	1.063612e+02
2112	1.070199e+02
2113	1.077444e+02
2114	1.084457e+02
2115	1.091343e+02
2116	1.098346e+02
2117	1.104804e+02
2118	1.110792e+02
2119	1.116149e+02
2120	1.121539e+02
2121	1.126196e+02
2122	1.130257e+02
2123	1.132457e+02
2124	1.133721e+02
2125	1.134334e+02
2126	1.134586e+02
2127	1.134060e+02
2128	1.133062e+02
2129	1.131233e+02
2130	1.129732e+02
2131	1.127469e+02
2132	1.125040e+02
2133	1.121884e+02
2134	1.118412e+02
2135	1.115782e+02
2136	1.113334e+02
2137	1.109648e+02
2138	1.105651e+02
2139	1.101595e+02
2140	1.097354e+02
2141	1.091810e+02
2142	1.086311e+02
2143	1.080930e+02
2144	1.075459e+02
2145	1.069555e+02
2146	1.063763e+02
2147	1.057912e+02
2148	1.053257e+02
2149	1.048346e+02
2150	1.045481e+02
2151	1.044164e+02
2152	1.042966e+02
2153	1.042582e+02
2154	1.044330e+02
2155	1.045731e+02
2156	1.047909e+02
2157	1.050403e+02
2158	1.054508e+02
2159	1.059308e+02
2160	1.063737e+02
2161	1.067655e+02
2162	1.072187e+02
2163	1.077419e+02
2164	1.081445e+02
2165	1.086256e+02
2166	1.091160e+02
2167	1.096804e+02
2168	1.102268e+02
2169	1.107531e+02
2170	1.113043e+02
2171	1.118842e+02
2172	1.124082e+02
2173	1.128028e+02
2174	1.132099e+02
2175	1.133659e+02
2176	1.133659e+02
2177	1.132636e+02
2178	1.131922e+02
2179	1.132115e+02
2180	1.131067e+02
2181	1.127807e+02
2182	1.123750e+02
2183	1.119412e+02
2184	1.113983e+02
2185	1.107529e+02
2186	1.100732e+02
2187	1.093793e+02
2188	1.088068e+02
2189	1.081821e+02
2190	1.075844e+02
2191	1.070664e+02
2192	1.066125e+02
2193	1.061268e+02
2194	1.057212e+02
2195	1.054622e+02
2196	1.053233e+02
2197	1.052536e+02
2198	1.052710e+02
2199	1.054298e+02
2200	1.055853e+02
2201	1.056595e+02
2202	1.057391e+02
2203	1.059376e+02
2204	1.061339e+02
2205	1.063855e+02
2206	1.065872e+02
2207	1.067999e+02
2208	1.070782e+02
2209	1.073877e+02
2210	1.077162e+02
2211	1.080942e+02
2212	1.085495e+02
2213	1.090007e+02
2214	1.095749e+02
2215	1.101935e+02
2216	1.108859e+02
2217	1.114524e+02
2218	1.119389e+02
2219	1.123815e+02
2220	1.126778e+02
2221	1.129173e+02
2222	1.130566e+02
2223	1.131736e+02
2224	1.132071e+02
2225	1.131477e+02
2226	1.130830e+02
2227	1.130371e+02
2228	1.127686e+02
2229	1.124320e+02
2230	1.120771e+02
2231	1.117958e+02
2232	1.114177e+02
2233	1.110966e+02
2234	1.107118e+02
2235	1.103327e+02
2236	1.100699e+02
2237	1.098172e+02
2238	1.095161e+02
2239	1.092150e+02
2240	1.089050e+02
2241	1.086413e+02
2242	1.085079e+02
2243	1.084876e+02
2244	1.084845e+02
2245	1.086689e+02
2246	1.089347e+02
2247	1.091960e+02
2248	1.094519e+02
2249	1.097551e+02
2250	1.099656e+02
2251	1.102517e+02
2252	1.105729e+02
2253	1.109707e+02
2254	1.114151e+02
2255	1.118848e+02
2256	1.123406e+02
2257	1.128218e+02
2258	1.132074e+02
2259	1.136843e+02
2260	1.141620e+02
2261	1.145581e+02
2262	1.149699e+02
2263	1.152523e+02
2264	1.153809e+02
2265	1.154073e+02
2266	1.153552e+02
2267	1.152171e+02
2268	1.151199e+02
2269	1.149346e+02
2270	1.146454e+02
2271	1.143210e+02
2272	1.138957e+02
2273	1.134370e+02
2274	1.130522e+02
2275	1.125136e+02
2276	1.119062e+02
2277	1.112101e+02
2278	1.105395e+02
2279	1.098189e+02
2280	1.092109e+02
2281	1.085915e+02
2282	1.080050e+02
2283	1.074423e+02
2284	1.069215e+02
2285	1.064860e+02
2286	1.061300e+02
2287	1.057853e+02
2288	1.054795e+02
2289	1.054123e+02
2290	1.053598e+02
2291	1.054462e+02
2292	1.055621e+02
2293	1.056694e+02
2294	1.057951e+02
2295	1.060459e+02
2296	1.063033e+02
2297	1.067269e+02
2298	1.071619e+02
2299	1.077299e+02
2300	1.082034e+02
2301	1.088251e+02
2302	1.093465e+02
2303	1.098575e+02
2304	1.102753e+02
2305	1.106152e+02
2306	1.109803e+02
2307	1.113386e+02
2308	1.115992e+02
2309	1.118179e+02
2310	1.118745e+02
2311	1.119256e+02
2312	1.119386e+02
2313	1.118210e+02
2314	1.117993e+02
2315	1.117598e+02
2316	1.116770e+02
2317	1.114901e+02
2318	1.113368e+02
2319	1.111378e+02
2320	1.109803e+02
2321	1.108808e+02
2322	1.107533e+02
2323	1.106556e+02
2324	1.105036e+02
2325	1.102728e+02
2326	1.100139e+02
2327	1.097644e+02
2328	1.094945e+02
2329	1.091114e+02
2330	1.087125e+02
2331	1.083579e+02
2332	1.077808e+02
2333	1.072632e+02
2334	1.067744e+02
2335	1.063897e+02
2336	1.060792e+02
2337	1.058736e+02
2338	1.056854e+02
2339	1.056542e+02
2340	1.056638e+02
2341	1.057016e+02
2342	1.058414e+02
2343	1.059964e+02
2344	1.063621e+02
2345	1.067390e+02
2346	1.071228e+02
2347	1.075446e+02
2348	1.079556e+02
2349	1.082637e+02
2350	1.085828e+02
2351	1.089042e+02
2352	1.092120e+02
2353	1.094885e+02
2354	1.096586e+02
2355	1.098646e+02
2356	1.098807e+02
2357	1.097213e+02
2358	1.096183e+02
2359	1.094589e+02
2360	1.092965e+02
2361	1.091393e+02
2362	1.089912e+02
2363	1.088884e+02
2364	1.088948e+02
2365	1.088410e+02
2366	1.088085e+02
2367	1.087780e+02
2368	1.086378e+02
2369	1.085620e+02
2370	1.085358e+02
2371	1.084874e+02
2372	1.084160e+02
2373	1.082101e+02
2374	1.080349e+02
2375	1.077457e+02
2376	1.073240e+02
2377	1.067274e+02
2378	1.062320e+02
2379	1.057057e+02
2380	1.050567e+02
2381	1.044867e+02
2382	1.040044e+02
2383	1.036079e+02
2384	1.031943e+02
2385	1.027056e+02
2386	1.022503e+02
2387	1.019988e+02
2388	1.016658e+02
2389	1.014008e+02
2390	1.012145e+02
2391	1.011092e+02
2392	1.010480e+02
2393	1.010375e+02
2394	1.010012e+02
2395	1.010895e+02
2396	1.012409e+02
2397	1.013299e+02
2398	1.015236e+02
2399	1.019501e+02
2400	1.023931e+02
2401	1.027988e+02
2402	1.033353e+02
2403	1.040668e+02
2404	1.048675e+02
2405	1.057637e+02
2406	1.067675e+02
2407	1.077473e+02
2408	1.088285e+02
2409	1.099747e+02
2410	1.111391e+02
2411	1.122272e+02
2412	1.131093e+02
2413	1.138839e+02
2414	1.144641e+02
2415	1.149270e+02
2416	1.151971e+02
2417	1.153773e+02
2418	1.154621e+02
2419	1.154309e+02
2420	1.151751e+02
2421	1.147794e+02
2422	1.142091e+02
2423	1.136147e+02
2424	1.130030e+02
2425	1.122951e+02
2426	1.115973e+02
2427	1.108145e+02
2428	1.099947e+02
2429	1.091255e+02
2430	1.082415e+02
2431	1.073119e+02
2432	1.063750e+02
2433	1.053404e+02
2434	1.043031e+02
2435	1.032402e+02
2436	1.022046e+02
2437	1.011682e+02
2438	1.000777e+02
2439	9.914629e+01
2440	9.833974e+01
2441	9.773442e+01
2442	9.724215e+01
2443	9.691773e+01
2444	9.673806e+01
2445	9.684483e+01
2446	9.714290e+01
2447	9.758749e+01
2448	9.809187e+01
2449	9.868826e+01
2450	9.944009e+01
2451	1.002691e+02
2452	1.012265e+02
2453	1.022682e+02
2454	1.032900e+02
2455	1.043402e+02
2456	1.053482e+02
2457	1.063464e+02
2458	1.074457e+02
2459	1.085985e+02
2460	1.097286e+02
2461	1.107709e+02
2462	1.117187e+02
2463	1.126221e+02
2464	1.135369e+02
2465	1.142791e+02
2466	1.148976e+02
2467	1.155145e+02
2468	1.160792e+02
2469	1.167059e+02
2470	1.171596e+02
2471	1.175621e+02
2472	1.179502e+02
2473	1.182410e+02
2474	1.183524e+02
2475	1.183264e+02
2476	1.180323e+02
2477	1.176175e+02
2478	1.170167e+02
2479	1.162582e+02
2480	1.154206e+02
2481	1.144149e+02
2482	1.133288e+02
2483	1.121680e+02
2484	1.109972e+02
2485	1.098590e+02
2486	1.085969e+02
2487	1.075245e+02
2488	1.064820e+02
2489	1.054145e+02
2490	1.043122e+02
2491	1.033679e+02
2492	1.025156e+02
2493	1.017939e+02
2494	1.012105e+02
2495	1.007831e+02
2496	1.004654e+02
2497	1.001961e+02
2498	1.000337e+02
2499	1.000778e+02
2500	1.003369e+02
2501	1.007368e+02
2502	1.013203e+02
2503	1.019936e+02
2504	1.027510e+02
2505	1.036165e+02
2506	1.045720e+02
2507	1.055111e+02
2508	1.063965e+02
2509	1.072227e+02
2510	1.078933e+02
2511	1.086069e+02
2512	1.092725e+02
2513	1.099764e+02
2514	1.106905e+02
2515	1.113152e+02
2516	1.119875e+02
2517	1.125889e+02
2518	1.131061e+02
2519	1.135744e+02
2520	1.140163e+02
2521	1.143147e+02
2522	1.143965e+02
2523	1.141668e+02
2524	1.137583e+02
2525	1.132459e+02
2526	1.126946e+02
2527	1.119825e+02
2528	1.112513e+02
2529	1.104590e+02
2530	1.095593e+02
2531	1.086283e+02
2532	1.076498e+02
2533	1.066973e+02
2534	1.057284e+02
2535	1.048048e+02
2536	1.039949e+02
2537	1.032744e+02
2538	1.025676e+02
2539	1.018608e+02
2540	1.012554e+02
2541	1.008171e+02
2542	1.004307e+02
2543	1.000530e+02
2544	9.990698e+01
2545	9.985247e+01
2546	9.982644e+01
2547	9.994491e+01
2548	1.001746e+02
2549	1.005526e+02
2550	1.009628e+02
2551	1.014988e+02
2552	1.021610e+02
2553	1.028140e+02
2554	1.034483e+02
2555	1.042476e+02
2556	1.051562e+02
2557	1.060998e+02
2558	1.071167e+02
2559	1.081965e+02
2560	1.091994e+02
2561	1.100803e+02
2562	1.109908e+02
2563	1.119863e+02
2564	1.129519e+02
2565	1.138547e+02
2566	1.146616e+02
2567	1.154515e+02
2568	1.161039e+02
2569	1.166424e+02
2570	1.169834e+02
2571	1.171559e+02
2572	1.171796e+02
2573	1.171061e+02
2574	1.168940e+02
2575	1.165391e+02
2576	1.160407e+02
2577	1.152876e+02
2578	1.145542e+02
2579	1.137115e+02
2580	1.128371e+02
2581	1.119747e+02
2582	1.110471e+02
2583	1.100977e+02
2584	1.090880e+02
2585	1.081566e+02
2586	1.072925e+02
2587	1.064266e+02
2588	1.055337e+02
2589	1.047445e+02
2590	1.040477e+02
2591	1.033472e+02
2592	1.026729e+02
2593	1.019521e+02
2594	1.013768e+02
2595	1.009706e+02
2596	1.007177e+02
2597	1.005271e+02
2598	1.004461e+02
2599	1.004556e+02
2600	1.005978e+02
2601	1.009291e+02
2602	1.013345e+02
2603	1.017894e+02
2604	1.023519e+02
2605	1.029785e+02
2606	1.035956e+02
2607	1.042139e+02
2608	1.049198e+02
2609	1.056380e+02
2610	1.063276e+02
2611	1.070495e+02
2612	1.077775e+02
2613	1.085208e+02
2614	1.092801e+02
2615	1.099714e+02
2616	1.105768e+02
2617	1.112598e+02
2618	1.117954e+02
2619	1.121605e+02
2620	1.124999e+02
2621	1.129042e+02
2622	1.132778e+02
2623	1.135800e+02
2624	1.138772e+02
2625	1.140188e+02
2626	1.140865e+02
2627	1.140017e+02
2628	1.136808e+02
2629	1.132454e+02
2630	1.127365e+02
2631	1.121862e+02
2632	1.116101e+02
2633	1.109199e+02
2634	1.101894e+02
2635	1.093711e+02
2636	1.086241e+02
2637	1.078818e+02
2638	1.071251e+02
2639	1.062918e+02
2640	1.054650e+02
2641	1.047308e+02
2642	1.041305e+02
2643	1.037153e+02
2644	1.034503e+02
2645	1.030754e+02
2646	1.028259e+02
2647	1.026023e+02
2648	1.023278e+02
2649	1.021025e+02
2650	1.019371e+02
2651	1.018882e+02
2652	1.019042e+02
2653	1.021559e+02
2654	1.024365e+02
2655	1.028427e+02
2656	1.032566e+02
2657	1.037540e+02
2658	1.042543e+02
2659	1.048917e+02
2660	1.056043e+02
2661	1.063719e+02
2662	1.072757e+02
2663	1.081740e+02
2664	1.090251e+02
2665	1.097704e+02
2666	1.103147e+02
2667	1.107360e+02
2668	1.110781e+02
2669	1.113021e+02
2670	1.115558e+02
2671	1.117143e+02
2672	1.119042e+02
2673	1.119018e+02
2674	1.118717e+02
2675	1.117038e+02
2676	1.114607e+02
2677	1.110402e+02
2678	1.105617e+02
2679	1.101116e+02
2680	1.095638e+02
2681	1.090516e+02
2682	1.085145e+02
2683	1.080077e+02
2684	1.076202e+02
2685	1.072501e+02
2686	1.068804e+02
2687	1.065137e+02
2688	1.061543e+02
2689	1.057614e+02
2690	1.053412e+02
2691	1.049322e+02
2692	1.047057e+02
2693	1.044885e+02
2694	1.043125e+02
2695	1.041017e+02
2696	1.039602e+02
2697	1.038489e+02
2698	1.036383e+02
2699	1.034275e+02
2700	1.031951e+02
2701	1.030427e+02
2702	1.028945e+02
2703	1.028371e+02
2704	1.027985e+02
2705	1.027761e+02
2706	1.027430e+02
2707	1.027544e+02
2708	1.027323e+02
2709	1.027910e+02
2710	1.029844e+02
2711	1.033052e+02
2712	1.037052e+02
2713	1.041461e+02
2714	1.045592e+02
2715	1.050234e+02
2716	1.054961e+02
2717	1.058487e+02
2718	1.063088e+02
2719	1.066939e+02
2720	1.070858e+02
2721	1.074312e+02
2722	1.077600e+02
2723	1.079785e+02
2724	1.081128e+02
2725	1.080580e+02
2726	1.079477e+02
2727	1.077684e+02
2728	1.076097e+02
2729	1.073754e+02
2730	1.071326e+02
2731	1.068377e+02
2732	1.065467e+02
2733	1.062723e+02
2734	1.059958e+02
2735	1.056476e+02
2736	1.053875e+02
2737	1.052659e+02
2738	1.051099e+02
2739	1.049314e+02
2740	1.047099e+02
2741	1.044508e+02
2742	1.042880e+02
2743	1.041895e+02
2744	1.040525e+02
2745	1.039236e+02
2746	1.039761e+02
2747	1.041458e+02
2748	1.042106e+02
2749	1.043708e+02
2750	1.046471e+02
2751	1.050346e+02
2752	1.054354e+02
2753	1.058119e+02
2754	1.062389e+02
2755	1.065492e+02
2756	1.069188e+02
2757	1.074236e+02
2758	1.079543e+02
2759	1.083476e+02
2760	1.086923e+02
2761	1.090385e+02
2762	1.094085e+02
2763	1.096499e+02
2764	1.098438e+02
2765	1.101027e+02
2766	1.102031e+02
2767	1.103607e+02
2768	1.105693e+02
2769	1.107956e+02
2770	1.110284e+02
2771	1.111914e+02
2772	1.112391e+02
2773	1.112898e+02
2774	1.113094e+02
2775	1.112855e+02
2776	1.111281e+02
2777	1.108954e+02
2778	1.106165e+02
2779	1.103168e+02
2780	1.100516e+02
2781	1.097759e+02
2782	1.094810e+02
2783	1.091355e+02
2784	1.087715e+02
2785	1.084038e+02
2786	1.080844e+02
2787	1.077176e+02
2788	1.074635e+02
2789	1.072646e+02
2790	1.071351e+02
2791	1.070625e+02
2792	1.070333e+02
2793	1.070157e+02
2794	1.069708e+02
2795	1.069607e+02
2796	1.069229e+02
2797	1.069307e+02
2798	1.068857e+02
2799	1.068104e+02
2800	1.067323e+02
2801	1.067588e+02
2802	1.068493e+02
2803	1.070062e+02
2804	1.072404e+02
2805	1.075158e+02
2806	1.077759e+02
2807	1.080017e+02
2808	1.081930e+02
2809	1.082675e+02
2810	1.083471e+02
2811	1.083945e+02
2812	1.085196e+02
2813	1.087447e+02
2814	1.089498e+02
2815	1.091253e+02
2816	1.094387e+02
2817	1.097112e+02
2818	1.098283e+02
2819	1.098302e+02
2820	1.099160e+02
2821	1.099851e+02
2822	1.100411e+02
2823	1.099479e+02
2824	1.098543e+02
2825	1.097032e+02
2826	1.095408e+02
2827	1.093439e+02
2828	1.092072e+02
2829	1.091161e+02
2830	1.089947e+02
2831	1.088826e+02
2832	1.087088e+02
2833	1.085865e+02
2834	1.084382e+02
2835	1.083361e+02
2836	1.082654e+02
2837	1.082257e+02
2838	1.082956e+02
2839	1.083180e+02
2840	1.083546e+02
2841	1.083879e+02
2842	1.083207e+02
2843	1.081482e+02
2844	1.079199e+02
2845	1.076693e+02
2846	1.072903e+02
2847	1.069665e+02
2848	1.066980e+02
2849	1.063974e+02
2850	1.061285e+02
2851	1.059337e+02
2852	1.057538e+02
2853	1.055973e+02
2854	1.055401e+02
2855	1.055196e+02
2856	1.056003e+02
2857	1.056996e+02
2858	1.057710e+02
2859	1.059562e+02
2860	1.061510e+02
2861	1.062860e+02
2862	1.064526e+02
2863	1.066691e+02
2864	1.068780e+02
2865	1.070536e+02
2866	1.073205e+02
2867	1.075462e+02
2868	1.077480e+02
2869	1.081023e+02
2870	1.084375e+02
2871	1.088439e+02
2872	1.091867e+02
2873	1.096284e+02
2874	1.100643e+02
2875	1.104882e+02
2876	1.107880e+02
2877	1.111114e+02
2878	1.114218e+02
2879	1.117302e+02
2880	1.120921e+02
2881	1.124618e+02
2882	1.128081e+02
2883	1.130638e+02
2884	1.132862e+02
2885	1.134653e+02
2886	1.136910e+02
2887	1.138374e+02
2888	1.139005e+02
2889	1.138831e+02
2890	1.137442e+02
2891	1.135750e+02
2892	1.133197e+02
2893	1.129676e+02
2894	1.126260e+02
2895	1.122311e+02
2896	1.117480e+02
2897	1.112573e+02
2898	1.106146e+02
2899	1.100431e+02
2900	1.094721e+02
2901	1.089991e+02
2902	1.085682e+02
2903	1.082066e+02
2904	1.076965e+02
2905	1.072880e+02
2906	1.068316e+02
2907	1.064070e+02
2908	1.060654e+02
2909	1.057325e+02
2910	1.054473e+02
2911	1.051912e+02
2912	1.050682e+02
2913	1.050376e+02
2914	1.051851e+02
2915	1.054369e+02
2916	1.057400e+02
2917	1.061064e+02
2918	1.065908e+02
2919	1.071076e+02
2920	1.076250e+02
2921	1.081490e+02
2922	1.088124e+02
2923	1.094834e+02
2924	1.101135e+02
2925	1.106678e+02
2926	1.111452e+02
2927	1.116503e+02
2928	1.120795e+02
2929	1.123823e+02
2930	1.125282e+02
2931	1.125956e+02
2932	1.125707e+02
2933	1.124970e+02
2934	1.123901e+02
2935	1.122007e+02
2936	1.119435e+02
2937	1.116941e+02
2938	1.113667e+02
2939	1.109365e+02
2940	1.104121e+02
2941	1.098530e+02
2942	1.093029e+02
2943	1.088091e+02
2944	1.083364e+02
2945	1.078540e+02
2946	1.072740e+02
2947	1.067385e+02
2948	1.062173e+02
2949	1.058103e+02
2950	1.054744e+02
2951	1.052091e+02
2952	1.049419e+02
2953	1.047071e+02
2954	1.045247e+02
2955	1.043236e+02
2956	1.041783e+02
2957	1.041428e+02
2958	1.041475e+02
2959	1.040610e+02
2960	1.040276e+02
2961	1.040266e+02
2962	1.040314e+02
2963	1.039625e+02
2964	1.039060e+02
2965	1.040035e+02
2966	1.041770e+02
2967	1.044403e+02
2968	1.047042e+02
2969	1.050054e+02
2970	1.053230e+02
2971	1.056475e+02
2972	1.059353e+02
2973	1.062385e+02
2974	1.066597e+02
2975	1.071198e+02
2976	1.075754e+02
2977	1.079344e+02
2978	1.082174e+02
2979	1.084601e+02
2980	1.087330e+02
2981	1.090743e+02
2982	1.094360e+02
2983	1.096724e+02
2984	1.099308e+02
2985	1.100590e+02
2986	1.101959e+02
2987	1.103331e+02
2988	1.104857e+02
2989	1.106423e+02
2990	1.107577e+02
2991	1.108422e+02
2992	1.109064e+02
2993	1.108810e+02
2994	1.108858e+02
2995	1.108562e+02
2996	1.107098e+02
2997	1.105479e+02
2998	1.103466e+02
2999	1.101045e+02
3000	1.099031e+02
3001	1.097348e+02
3002	1.095628e+02
3003	1.093745e+02
3004	1.091434e+02
3005	1.088209e+02
3006	1.084559e+02
3007	1.081869e+02
3008	1.079832e+02
3009	1.077437e+02
3010	1.074483e+02
3011	1.071169e+02
3012	1.068407e+02
3013	1.065858e+02
3014	1.062755e+02
3015	1.060857e+02
3016	1.059208e+02
3017	1.057845e+02
3018	1.056551e+02
3019	1.056434e+02
3020	1.057351e+02
3021	1.058489e+02
3022	1.059467e+02
3023	1.061498e+02
3024	1.063245e+02
3025	1.065773e+02
3026	1.067380e+02
3027	1.068717e+02
3028	1.069318e+02
3029	1.069052e+02
3030	1.068552e+02
3031	1.068629e+02
3032	1.070333e+02
3033	1.073792e+02
3034	1.079233e+02
3035	1.085627e+02
3036	1.093248e+02
3037	1.101598e+02
3038	1.111170e+02
3039	1.120390e+02
3040	1.129603e+02
3041	1.137092e+02
3042	1.143982e+02
3043	1.149815e+02
3044	1.154428e+02
3045	1.156873e+02
3046	1.157680e+02
3047	1.156638e+02
3048	1.153777e+02
3049	1.150573e+02
3050	1.146158e+02
3051	1.140578e+02
3052	1.135487e+02
3053	1.128915e+02
3054	1.121786e+02
3055	1.113656e+02
3056	1.105205e+02
3057	1.096422e+02
3058	1.088231e+02
3059	1.080625e+02
3060	1.072767e+02
3061	1.064621e+02
3062	1.057241e+02
3063	1.048962e+02
3064	1.041988e+02
3065	1.036098e+02
3066	1.030966e+02
3067	1.027114e+02
3068	1.023834e+02
3069	1.021096e+02
3070	1.019695e+02
3071	1.018544e+02
3072	1.018364e+02
3073	1.020071e+02
3074	1.022905e+02
3075	1.026301e+02
3076	1.032139e+02
3077	1.039600e+02
3078	1.047659e+02
3079	1.055659e+02
3080	1.064562e+02
3081	1.073542e+02
3082	1.081422e+02
3083	1.089105e+02
3084	1.096250e+02
3085	1.101850e+02
3086	1.106855e+02
3087	1.110714e+02
3088	1.114130e+02
3089	1.116593e+02
3090	1.119233e+02
3091	1.120078e+02
3092	1.120422e+02
3093	1.119577e+02
3094	1.117790e+02
3095	1.115432e+02
3096	1.113169e+02
3097	1.110898e+02
3098	1.106477e+02
3099	1.101241e+02
3100	1.094813e+02
3101	1.088217e+02
3102	1.079836e+02
3103	1.070630e+02
3104	1.061726e+02
3105	1.053422e+02
3106	1.045336e+02
3107	1.037581e+02
3108	1.031122e+02
3109	1.025026e+02
3110	1.019633e+02
3111	1.014947e+02
3112	1.010747e+02
3113	1.007606e+02
3114	1.005897e+02
3115	1.004977e+02
3116	1.004369e+02
3117	1.004315e+02
3118	1.005720e+02
3119	1.007549e+02
3120	1.010584e+02
3121	1.015110e+02
3122	1.019775e+02
3123	1.025514e+02
3124	1.031660e+02
3125	1.037953e+02
3126	1.043316e+02
3127	1.048886e+02
3128	1.055090e+02
3129	1.061256e+02
3130	1.068633e+02
3131	1.076235e+02
3132	1.083860e+02
3133	1.090953e+02
3134	1.098308e+02
3135	1.106203e+02
3136	1.113278e+02
3137	1.120562e+02
3138	1.126592e+02
3139	1.133731e+02
3140	1.140194e+02
3141	1.146028e+02
3142	1.149957e+02
3143	1.151983e+02
3144	1.153175e+02
3145	1.152713e+02
3146	1.150487e+02
3147	1.147040e+02
3148	1.142403e+02
3149	1.135881e+02
3150	1.127908e+02
3151	1.119407e+02
3152	1.111031e+02
3153	1.103020e+02
3154	1.093705e+02
3155	1.083490e+02
3156	1.073274e+02
3157	1.063514e+02
3158	1.054494e+02
3159	1.045470e+02
3160	1.037742e+02
3161	1.030935e+02
3162	1.023971e+02
3163	1.018562e+02
3164	1.014352e+02
3165	1.011436e+02
3166	1.008642e+02
3167	1.007499e+02
3168	1.007113e+02
3169	1.008912e+02
3170	1.011322e+02
3171	1.014410e+02
3172	1.019621e+02
3173	1.026712e+02
3174	1.035121e+02
3175	1.044791e+02
3176	1.054164e+02
3177	1.065231e+02
3178	1.076947e+02
3179	1.088605e+02
3180	1.099687e+02
3181	1.111278e+02
3182	1.121545e+02
3183	1.130718e+02
3184	1.139942e+02
3185	1.148604e+02
3186	1.156452e+02
3187	1.164076e+02
3188	1.170577e+02
3189	1.176377e+02
3190	1.180294e+02
3191	1.183412e+02
3192	1.184962e+02
3193	1.184996e+02
3194	1.182359e+02
3195	1.178125e+02
3196	1.171612e+02
3197	1.164174e+02
3198	1.154508e+02
3199	1.143575e+02
3200	1.131271e+02
3201	1.117544e+02
3202	1.102575e+02
3203	1.087574e+02
3204	1.073595e+02
3205	1.060091e+02
3206	1.046368e+02
3207	1.033901e+02
3208	1.022348e+02
3209	1.011726e+02
3210	1.002238e+02
3211	9.947779e+01
3212	9.893103e+01
3213	9.857408e+01
3214	9.839612e+01
3215	9.843613e+01
3216	9.861666e+01
3217	9.890748e+01
3218	9.938738e+01
3219	1.000295e+02
3220	1.007729e+02
3221	1.016253e+02
3222	1.025064e+02
3223	1.033597e+02
3224	1.043551e+02
3225	1.053674e+02
3226	1.064483e+02
3227	1.075879e+02
3228	1.088323e+02
3229	1.101506e+02
3230	1.114524e+02
3231	1.126613e+02
3232	1.137461e+02
3233	1.147455e+02
3234	1.156970e+02
3235	1.165470e+02
3236	1.173227e+02
3237	1.179307e+02
3238	1.184545e+02
3239	1.189194e+02
3240	1.191629e+02
3241	1.191362e+02
3242	1.189519e+02
3243	1.186156e+02
3244	1.181080e+02
3245	1.175270e+02
3246	1.168089e+02
3247	1.159342e+02
3248	1.148972e+02
3249	1.136119e+02
3250	1.123172e+02
3251	1.110502e+02
3252	1.098471e+02
3253	1.087197e+02
3254	1.076766e+02
3255	1.066904e+02
3256	1.057902e+02
3257	1.049512e+02
3258	1.041805e+02
3259	1.034544e+02
3260	1.028060e+02
3261	1.022606e+02
3262	1.017519e+02
3263	1.014530e+02
3264	1.011878e+02
3265	1.010824e+02
3266	1.011619e+02
3267	1.014846e+02
3268	1.018316e+02
3269	1.022796e+02
3270	1.027676e+02
3271	1.033483e+02
3272	1.040728e+02
3273	1.049381e+02
3274	1.058827e+02
3275	1.068617e+02
3276	1.079363e+02
3277	1.089699e+02
3278	1.101010e+02
3279	1.112464e+02
3280	1.123134e+02
3281	1.134274e+02
3282	1.144361e+02
3283	1.152807e+02
3284	1.159890e+02
3285	1.165250e+02
3286	1.169690e+02
3287	1.173014e+02
3288	1.174864e+02
3289	1.174899e+02
3290	1.172991e+02
3291	1.169039e+02
3292	1.162621e+02
3293	1.154381e+02
3294	1.143826e+02
3295	1.131901e+02
3296	1.118768e+02
3297	1.104841e+02
3298	1.090845e+02
3299	1.077188e+02
3300	1.063226e+02
3301	1.049242e+02
3302	1.035719e+02
3303	1.023392e+02
3304	1.011921e+02
3305	1.001203e+02
3306	9.914559e+01
3307	9.836945e+01
3308	9.779964e+01
3309	9.739463e+01
3310	9.720101e+01
3311	9.722366e+01
3312	9.754328e+01
3313	9.805110e+01
3314	9.870008e+01
3315	9.952633e+01
3316	1.004142e+02
3317	1.014202e+02
3318	1.026170e+02
3319	1.038457e+02
3320	1.050934e+02
3321	1.063799e+02
3322	1.076858e+02
3323	1.090208e+02
3324	1.102973e+02
3325	1.116284e+02
3326	1.128602e+02
3327	1.140153e+02
3328	1.149322e+02
3329	1.157483e+02
3330	1.163846e+02
3331	1.169618e+02
3332	1.175147e+02
3333	1.178840e+02
3334	1.181311e+02
3335	1.183206e+02
3336	1.184815e+02
3337	1.184889e+02
3338	1.184037e+02
3339	1.183716e+02
3340	1.181799e+02
3341	1.178220e+02
3342	1.173446e+02
3343	1.168200e+02
3344	1.162188e+02
3345	1.155809e+02
3346	1.147879e+02
3347	1.139904e+02
3348	1.131175e+02
3349	1.121748e+02
3350	1.111415e+02
3351	1.101759e+02
3352	1.091408e+02
3353	1.081289e+02
3354	1.070916e+02
3355	1.062423e+02
3356	1.055267e+02
3357	1.048950e+02
3358	1.045172e+02
3359	1.042601e+02
3360	1.041397e+02
3361	1.041767e+02
3362	1.042639e+02
3363	1.044772e+02
3364	1.049359e+02
3365	1.054242e+02
3366	1.059800e+02
3367	1.065729e+02
3368	1.072205e+02
3369	1.078784e+02
3370	1.085163e+02
3371	1.091352e+02
3372	1.097141e+02
3373	1.103522e+02
3374	1.111123e+02
3375	1.117804e+02
3376	1.123218e+02
3377	1.127787e+02
3378	1.131597e+02
3379	1.134119e+02
3380	1.135633e+02
3381	1.135938e+02
3382	1.134152e+02
3383	1.130548e+02
3384	1.125448e+02
3385	1.119571e+02
3386	1.112297e+02
3387	1.103257e+02
3388	1.093100e+02
3389	1.081707e+02
3390	1.069574e+02
3391	1.057139e+02
3392	1.044457e+02
3393	1.031717e+02
3394	1.018728e+02
3395	1.006212e+02
3396	9.943922e+01
3397	9.834038e+01
3398	9.751328e+01
3399	9.684450e+01
3400	9.631411e+01
3401	9.590349e+01
3402	9.569677e+01
3403	9.567354e+01
3404	9.585359e+01
3405	9.603408e+01
3406	9.641788e+01
3407	9.704670e+01
3408	9.797074e+01
3409	9.911154e+01
3410	1.003629e+02
3411	1.017641e+02
3412	1.032010e+02
3413	1.045990e+02
3414	1.060015e+02
3415	1.074215e+02
3416	1.087132e+02
3417	1.100002e+02
3418	1.112376e+02
3419	1.123644e+02
3420	1.133433e+02
3421	1.142271e+02
3422	1.149346e+02
3423	1.155418e+02
3424	1.161201e+02
3425	1.166305e+02
3426	1.169840e+02
3427	1.170572e+02
3428	1.170252e+02
3429	1.168854e+02
3430	1.167461e+02
3431	1.164115e+02
3432	1.158492e+02
3433	1.151255e+02
3434	1.143120e+02
3435	1.134750e+02
3436	1.125733e+02
3437	1.116924e+02
3438	1.108645e+02
3439	1.099711e+02
3440	1.090045e+02
3441	1.082406e+02
3442	1.075353e+02
3443	1.068102e+02
3444	1.060004e+02
3445	1.053407e+02
3446	1.047617e+02
3447	1.043205e+02
3448	1.039531e+02
3449	1.037793e+02
3450	1.037928e+02
3451	1.038186e+02
3452	1.038892e+02
3453	1.040633e+02
3454	1.042669e+02
3455	1.045370e+02
3456	1.049046e+02
3457	1.052947e+02
3458	1.057338e+02
3459	1.061848e+02
3460	1.066501e+02
3461	1.071714e+02
3462	1.077720e+02
3463	1.084027e+02
3464	1.090972e+02
3465	1.097646e+02
3466	1.104063e+02
3467	1.110516e+02
3468	1.115637e+02
3469	1.120134e+02
3470	1.123474e+02
3471	1.125438e+02
3472	1.125070e+02
3473	1.123709e+02
3474	1.120957e+02
3475	1.116290e+02
3476	1.110051e+02
3477	1.102481e+02
3478	1.094767e+02
3479	1.086570e+02
3480	1.078027e+02
3481	1.068774e+02
3482	1.058928e+02
3483	1.049296e+02
3484	1.041420e+02
3485	1.033350e+02
3486	1.025558e+02
3487	1.017765e+02
3488	1.011624e+02
3489	1.006262e+02
3490	1.001726e+02
3491	9.985169e+01
3492	9.972172e+01
3493	9.976772e+01
3494	9.992123e+01
3495	1.001946e+02
3496	1.005553e+02
3497	1.010552e+02
3498	1.016786e+02
3499	1.023096e+02
3500	1.030366e+02
3501	1.038411e+02
3502	1.046908e+02
3503	1.055271e+02
3504	1.063502e+02
3505	1.071666e+02
3506	1.079626e+02
3507	1.087470e+02
3508	1.095187e+02
3509	1.102224e+02
3510	1.109088e+02
3511	1.114903e+02
3512	1.119909e+02
3513	1.124929e+02
3514	1.129571e+02
3515	1.132447e+02
3516	1.134681e+02
3517	1.136211e+02
3518	1.135812e+02
3519	1.135289e+02
3520	1.132417e+02
3521	1.129153e+02
3522	1.123952e+02
3523	1.118267e+02
3524	1.112046e+02
3525	1.105252e+02
3526	1.097774e+02
3527	1.090482e+02
3528	1.083718e+02
3529	1.077020e+02
3530	1.071275e+02
3531	1.066427e+02
3532	1.061551e+02
3533	1.057125e+02
3534	1.052241e+02
3535	1.047502e+02
3536	1.042804e+02
3537	1.039974e+02
3538	1.037285e+02
3539	1.034700e+02
3540	1.033686e+02
3541	1.034460e+02
3542	1.036531e+02
3543	1.039674e+02
3544	1.042964e+02
3545	1.046053e+02
3546	1.049667e+02
3547	1.053412e+02
3548	1.056939e+02
3549	1.060430e+02
3550	1.064634e+02
3551	1.069372e+02
3552	1.073837e+02
3553	1.078134e+02
3554	1.082604e+02
3555	1.086483e+02
3556	1.089187e+02
3557	1.091164e+02
3558	1.092794e+02
3559	1.094062e+02
3560	1.094352e+02
3561	1.094450e+02
3562	1.093316e+02
3563	1.091851e+02
3564	1.089765e+02
3565	1.086800e+02
3566	1.083529e+02
3567	1.079115e+02
3568	1.074324e+02
3569	1.070333e+02
3570	1.067274e+02
3571	1.063475e+02
3572	1.059490e+02
3573	1.055745e+02
3574	1.052458e+02
3575	1.050207e+02
3576	1.048654e+02
3577	1.047909e+02
3578	1.047662e+02
3579	1.047012e+02
3580	1.046291e+02
3581	1.045366e+02
3582	1.044971e+02
3583	1.044359e+02
3584	1.043397e+02
3585	1.043773e+02
3586	1.045207e+02
3587	1.046148e+02
3588	1.047794e+02
3589	1.050127e+02
3590	1.053554e+02
3591	1.057821e+02
3592	1.062681e+02
3593	1.068379e+02
3594	1.073455e+02
3595	1.078779e+02
3596	1.085033e+02
3597	1.089403e+02
3598	1.094527e+02
3599	1.100546e+02
3600	1.106543e+02
3601	1.112431e+02
3602	1.116991e+02
3603	1.120716e+02
3604	1.124028e+02
3605	1.126967e+02
3606	1.128063e+02
3607	1.128863e+02
3608	1.128075e+02
3609	1.126682e+02
3610	1.124868e+02
3611	1.121963e+02
3612	1.117773e+02
3613	1.113452e+02
3614	1.108382e+02
3615	1.103009e+02
3616	1.096172e+02
3617	1.089772e+02
3618	1.083153e+02
3619	1.076448e+02
3620	1.069093e+02
3621	1.061494e+02
3622	1.054154e+02
3623	1.046436e+02
3624	1.038946e+02
3625	1.032062e+02
3626	1.025141e+02
3627	1.018135e+02
3628	1.012172e+02
3629	1.006480e+02
3630	1.001148e+02
3631	9.961974e+01
3632	9.924550e+01
3633	9.897938e+01
3634	9.889425e+01
3635	9.902673e+01
3636	9.921821e+01
3637	9.955385e+01
3638	1.000396e+02
3639	1.006344e+02
3640	1.012877e+02
3641	1.020940e+02
3642	1.030213e+02
3643	1.040613e+02
3644	1.052387e+02
3645	1.065142e+02
3646	1.078320e+02
3647	1.091951e+02
3648	1.104483e+02
3649	1.116635e+02
3650	1.127491e+02
3651	1.136626e+02
3652	1.145864e+02
3653	1.153217e+02
3654	1.157856e+02
3655	1.161823e+02
3656	1.165346e+02
3657	1.168331e+02
3658	1.169638e+02
3659	1.169827e+02
3660	1.167592e+02
3661	1.164573e+02
3662	1.160900e+02
3663	1.154965e+02
3664	1.147962e+02
3665	1.140507e+02
3666	1.132941e+02
3667	1.125827e+02
3668	1.118290e+02
3669	1.111162e+02
3670	1.103443e+02
3671	1.094770e+02
3672	1.085945e+02
3673	1.076769e+02
3674	1.067871e+02
3675	1.058037e+02
3676	1.048280e+02
3677	1.038728e+02
3678	1.029632e+02
3679	1.022112e+02
3680	1.015481e+02
3681	1.010368e+02
3682	1.006472e+02
3683	1.002994e+02
3684	1.000435e+02
3685	9.988843e+01
3686	9.989416e+01
3687	1.000906e+02
3688	1.003147e+02
3689	1.006955e+02
3690	1.012486e+02
3691	1.019112e+02
3692	1.025568e+02
3693	1.033199e+02
3694	1.040669e+02
3695	1.048994e+02
3696	1.056798e+02
3697	1.064123e+02
3698	1.071476e+02
3699	1.079501e+02
3700	1.087558e+02
3701	1.095518e+02
3702	1.102970e+02
3703	1.110156e+02
3704	1.115507e+02
3705	1.121309e+02
3706	1.125479e+02
3707	1.128905e+02
3708	1.131269e+02
3709	1.132268e+02
3710	1.132046e+02
3711	1.132004e+02
3712	1.131606e+02
3713	1.130935e+02
3714	1.129249e+02
3715	1.126180e+02
3716	1.122697e+02
3717	1.118022e+02
3718	1.112645e+02
3719	1.106617e+02
3720	1.100454e+02
3721	1.095205e+02
3722	1.089901e+02
3723	1.084538e+02
3724	1.079558e+02
3725	1.075368e+02
3726	1.070828e+02
3727	1.066977e+02
3728	1.063659e+02
3729	1.060574e+02
3730	1.058007e+02
3731	1.056790e+02
3732	1.056211e+02
3733	1.056251e+02
3734	1.055852e+02
3735	1.056496e+02
3736	1.056693e+02
3737	1.056658e+02
3738	1.056256e+02
3739	1.055857e+02
3740	1.056088e+02
3741	1.057107e+02
3742	1.058884e+02
3743	1.062231e+02
3744	1.065465e+02
3745	1.069042e+02
3746	1.072257e+02
3747	1.074832e+02
3748	1.078032e+02
3749	1.081085e+02
3750	1.084516e+02
3751	1.088028e+02
3752	1.091962e+02
3753	1.094123e+02
3754	1.096246e+02
3755	1.097000e+02
3756	1.097321e+02
3757	1.096952e+02
3758	1.095984e+02
3759	1.093782e+02
3760	1.090197e+02
3761	1.086465e+02
3762	1.083435e+02
3763	1.080186e+02
3764	1.078018e+02
3765	1.075908e+02
3766	1.072934e+02
3767	1.070566e+02
3768	1.068519e+02
3769	1.066482e+02
3770	1.065170e+02
3771	1.063921e+02
3772	1.062833e+02
3773	1.062021e+02
3774	1.062083e+02
3775	1.062951e+02
3776	1.064476e+02
3777	1.066215e+02
3778	1.068982e+02
3779	1.072781e+02
3780	1.076311e+02
3781	1.078518e+02
3782	1.079749e+02
3783	1.080749e+02
3784	1.080961e+02
3785	1.080187e+02
3786	1.078630e+02
3787	1.076564e+02
3788	1.074383e+02
3789	1.071779e+02
3790	1.069191e+02
3791	1.065654e+02
3792	1.061890e+02
3793	1.058623e+02
3794	1.053531e+02
3795	1.049197e+02
3796	1.044843e+02
3797	1.042087e+02
3798	1.040467e+02
3799	1.038659e+02
3800	1.036982e+02
3801	1.035267e+02
3802	1.034353e+02
3803	1.034283e+02
3804	1.034024e+02
3805	1.034228e+02
3806	1.035040e+02
3807	1.035624e+02
3808	1.037067e+02
3809	1.038973e+02
3810	1.041024e+02
3811	1.043890e+02
3812	1.046954e+02
3813	1.050543e+02
3814	1.054112e+02
3815	1.057622e+02
3816	1.060624e+02
3817	1.063631e+02
3818	1.067503e+02
3819	1.071672e+02
3820	1.076448e+02
3821	1.080914e+02
3822	1.084677e+02
3823	1.088653e+02
3824	1.092485e+02
3825	1.095613e+02
3826	1.098055e+02
3827	1.099616e+02
3828	1.100330e+02
3829	1.099839e+02
3830	1.099512e+02
3831	1.097741e+02
3832	1.095438e+02
3833	1.092781e+02
3834	1.090685e+02
3835	1.088378e+02
3836	1.087057e+02
3837	1.084852e+02
3838	1.083077e+02
3839	1.082383e+02
3840	1.081138e+02
3841	1.078949e+02
3842	1.076342e+02
3843	1.073421e+02
3844	1.070759e+02
3845	1.067687e+02
3846	1.065426e+02
3847	1.063683e+02
3848	1.062467e+02
3849	1.061320e+02
3850	1.060836e+02
3851	1.060216e+02
3852	1.061912e+02
3853	1.063675e+02
3854	1.065205e+02
3855	1.067357e+02
3856	1.069014e+02
3857	1.071490e+02
3858	1.075035e+02
3859	1.078488e+02
3860	1.081374e+02
3861	1.084626e+02
3862	1.089143e+02
3863	1.093150e+02
3864	1.096511e+02
3865	1.099093e+02
3866	1.100893e+02
3867	1.103000e+02
3868	1.104819e+02
3869	1.107429e+02
3870	1.109024e+02
3871	1.109785e+02
3872	1.109831e+02
3873	1.110939e+02
3874	1.110578e+02
3875	1.109683e+02
3876	1.109454e+02
3877	1.108386e+02
3878	1.106947e+02
3879	1.104579e+02
3880	1.101666e+02
3881	1.098532e+02
3882	1.093897e+02
3883	1.088770e+02
3884	1.083358e+02
3885	1.078286e+02
3886	1.073000e+02
3887	1.068378e+02
3888	1.063315e+02
3889	1.058931e+02
3890	1.054897e+02
3891	1.052043e+02
3892	1.049257e+02
3893	1.045984e+02
3894	1.042767e+02
3895	1.039790e+02
3896	1.038043e+02
3897	1.037300e+02
3898	1.036924e+02
3899	1.037187e+02
3900	1.038194e+02
3901	1.039129e+02
3902	1.038928e+02
3903	1.038576e+02
3904	1.040122e+02
3905	1.042234e+02
3906	1.046526e+02
3907	1.050917e+02
3908	1.055945e+02
3909	1.061670e+02
3910	1.067895e+02
3911	1.074774e+02
3912	1.081445e+02
3913	1.088318e+02
3914	1.094423e+02
3915	1.100219e+02
3916	1.105460e+02
3917	1.109245e+02
3918	1.112885e+02
3919	1.116004e+02
3920	1.118085e+02
3921	1.119432e+02
3922	1.120448e+02
3923	1.121944e+02
3924	1.122498e+02
3925	1.122973e+02
3926	1.122135e+02
3927	1.122157e+02
3928	1.122599e+02
3929	1.122496e+02
3930	1.122101e+02
3931	1.120392e+02
3932	1.118376e+02
3933	1.117133e+02
3934	1.115687e+02
3935	1.113800e+02
3936	1.111424e+02
3937	1.108341e+02
3938	1.104024e+02
3939	1.098844e+02
3940	1.094210e+02
3941	1.089830e+02
3942	1.085983e+02
3943	1.082927e+02
3944	1.079382e+02
3945	1.076304e+02
3946	1.072679e+02
3947	1.070256e+02
3948	1.068213e+02
3949	1.066623e+02
3950	1.065272e+02
3951	1.064100e+02
3952	1.062686e+02
3953	1.061405e+02
3954	1.060553e+02
3955	1.059939e+02
3956	1.058489e+02
3957	1.057378e+02
3958	1.056746e+02
3959	1.056578e+02
3960	1.056641e+02
3961	1.057413e+02
3962	1.057670e+02
3963	1.057918e+02
3964	1.058217e+02
3965	1.058264e+02
3966	1.058674e+02
3967	1.057790e+02
3968	1.058023e+02
3969	1.059760e+02
3970	1.063136e+02
3971	1.066996e+02
3972	1.071130e+02
3973	1.075021e+02
3974	1.079388e+02
3975	1.084638e+02
3976	1.089362e+02
3977	1.093813e+02
3978	1.097572e+02
3979	1.101135e+02
3980	1.104237e+02
3981	1.106936e+02
3982	1.109310e+02
3983	1.110583e+02
3984	1.111572e+02
3985	1.112341e+02
3986	1.112854e+02
3987	1.111936e+02
3988	1.111183e+02
3989	1.110594e+02
3990	1.110422e+02
3991	1.109375e+02
3992	1.108555e+02
3993	1.107486e+02
3994	1.107389e+02
3995	1.106287e+02
3996	1.104383e+02
3997	1.101465e+02
3998	1.097382e+02
3999	1.092665e+02
4000	1.088003e+02
4001	1.082658e+02
4002	1.076735e+02
4003	1.071325e+02
4004	1.065863e+02
4005	1.061368e+02
4006	1.056148e+02
4007	1.052532e+02
4008	1.049692e+02
4009	1.047531e+02
4010	1.046097e+02
4011	1.045810e+02
4012	1.045702e+02
4013	1.047529e+02
4014	1.049971e+02
4015	1.052453e+02
4016	1.056173e+02
4017	1.060680e+02
4018	1.065097e+02
4019	1.069717e+02
4020	1.074147e+02
4021	1.078025e+02
4022	1.081489e+02
4023	1.085308e+02
4024	1.088258e+02
4025	1.091786e+02
4026	1.096180e+02
4027	1.099722e+02
4028	1.103836e+02
4029	1.107206e+02
4030	1.111236e+02
4031	1.115202e+02
4032	1.118940e+02
4033	1.122283e+02
4034	1.126980e+02
4035	1.132132e+02
4036	1.138114e+02
4037	1.143980e+02
4038	1.150359e+02
4039	1.156048e+02
4040	1.162147e+02
4041	1.168015e+02
4042	1.171977e+02
4043	1.174327e+02
4044	1.174678e+02
4045	1.173837e+02
4046	1.171943e+02
4047	1.167445e+02
4048	1.160506e+02
4049	1.151433e+02
4050	1.141450e+02
4051	1.130438e+02
4052	1.119199e+02
4053	1.107291e+02
4054	1.096353e+02
4055	1.085018e+02
4056	1.073110e+02
4057	1.061975e+02
4058	1.050295e+02
4059	1.039333e+02
4060	1.028543e+02
4061	1.018939e+02
4062	1.010063e+02
4063	1.003626e+02
4064	9.973717e+01
4065	9.913847e+01
4066	9.870564e+01
4067	9.844053e+01
4068	9.818834e+01
4069	9.800091e+01
4070	9.791190e+01
4071	9.786136e+01
4072	9.799942e+01
4073	9.833954e+01
4074	9.868543e+01
4075	9.918016e+01
4076	9.984719e+01
4077	1.005763e+02
4078	1.013639e+02
4079	1.022949e+02
4080	1.032704e+02
4081	1.041931e+02
4082	1.051685e+02
4083	1.061544e+02
4084	1.071989e+02
4085	1.083362e+02
4086	1.095265e+02
4087	1.106323e+02
4088	1.116771e+02
4089	1.127106e+02
4090	1.138019e+02
4091	1.147991e+02
4092	1.157480e+02
4093	1.164448e+02
4094	1.170105e+02
4095	1.174208e+02
4096	1.176438e+02
4097	1.176587e+02
4098	1.176079e+02
4099	1.173897e+02
4100	1.171172e+02
4101	1.166979e+02
4102	1.160997e+02
4103	1.154212e+02
4104	1.146431e+02
4105	1.136642e+02
4106	1.125496e+02
4107	1.114477e+02
4108	1.103254e+02
4109	1.090733e+02
4110	1.075663e+02
4111	1.060443e+02
4112	1.046236e+02
4113	1.032761e+02
4114	1.019952e+02
4115	1.008097e+02
4116	9.967002e+01
4117	9.864967e+01
4118	9.788459e+01
4119	9.726076e+01
4120	9.679602e+01
4121	9.650323e+01
4122	9.640768e+01
4123	9.645896e+01
4124	9.665603e+01
4125	9.695407e+01
4126	9.744246e+01
4127	9.810991e+01
4128	9.890763e+01
4129	9.986045e+01
4130	1.009511e+02
4131	1.021746e+02
4132	1.034750e+02
4133	1.048646e+02
4134	1.063056e+02
4135	1.077105e+02
4136	1.091416e+02
4137	1.104845e+02
4138	1.117244e+02
4139	1.128957e+02
4140	1.140709e+02
4141	1.151134e+02
4142	1.160422e+02
4143	1.169313e+02
4144	1.177190e+02
4145	1.183589e+02
4146	1.187122e+02
4147	1.189561e+02
4148	1.189876e+02
4149	1.188044e+02
4150	1.183767e+02
4151	1.176411e+02
4152	1.165371e+02
4153	1.152974e+02
4154	1.138928e+02
4155	1.124202e+02
4156	1.108198e+02
4157	1.092135e+02
4158	1.076067e+02
4159	1.059255e+02
4160	1.042555e+02
4161	1.026971e+02
4162	1.013238e+02
4163	1.000546e+02
4164	9.886158e+01
4165	9.777148e+01
4166	9.683477e+01
4167	9.613213e+01
4168	9.560562e+01
4169	9.528228e+01
4170	9.526598e+01
4171	9.540989e+01
4172	9.573418e+01
4173	9.632876e+01
4174	9.713510e+01
4175	9.818163e+01
4176	9.928610e+01
4177	1.005477e+02
4178	1.019439e+02
4179	1.033789e+02
4180	1.048879e+02
4181	1.062920e+02
4182	1.075702e+02
4183	1.088086e+02
4184	1.100031e+02
4185	1.111524e+02
4186	1.122233e+02
4187	1.131852e+02
4188	1.141238e+02
4189	1.150597e+02
4190	1.159533e+02
4191	1.167911e+02
4192	1.174050e+02
4193	1.179730e+02
4194	1.184243e+02
4195	1.186525e+02
4196	1.187096e+02
4197	1.185281e+02
4198	1.180514e+02
4199	1.174234e+02
4200	1.166020e+02
4201	1.156984e+02
4202	1.146103e+02
4203	1.134614e+02
4204	1.121435e+02
4205	1.107698e+02
4206	1.093032e+02
4207	1.077887e+02
4208	1.062773e+02
4209	1.047660e+02
4210	1.032847e+02
4211	1.017987e+02
4212	1.004241e+02
4213	9.915420e+01
4214	9.790524e+01
4215	9.675730e+01
4216	9.573998e+01
4217	9.485245e+01
4218	9.414284e+01
4219	9.359522e+01
4220	9.332205e+01
4221	9.329679e+01
4222	9.357992e+01
4223	9.405189e+01
4224	9.464812e+01
4225	9.537516e+01
4226	9.619962e+01
4227	9.716753e+01
4228	9.832130e+01
4229	9.966672e+01
4230	1.010529e+02
4231	1.025911e+02
4232	1.043203e+02
4233	1.062110e+02
4234	1.081812e+02
4235	1.101071e+02
4236	1.120522e+02
4237	1.139937e+02
4238	1.158827e+02
4239	1.176478e+02
4240	1.191757e+02
4241	1.205493e+02
4242	1.216107e+02
4243	1.222920e+02
4244	1.228378e+02
4245	1.230057e+02
4246	1.228664e+02
4247	1.224270e+02
4248	1.217475e+02
4249	1.208179e+02
4250	1.197192e+02
4251	1.184202e+02
4252	1.170086e+02
4253	1.154707e+02
4254	1.138868e+02
4255	1.121474e+02
4256	1.103892e+02
4257	1.085837e+02
4258	1.066713e+02
4259	1.047133e+02
4260	1.029047e+02
4261	1.011779e+02
4262	9.962872e+01
4263	9.812001e+01
4264	9.673274e+01
4265	9.545769e+01
4266	9.430931e+01
4267	9.343412e+01
4268	9.279814e+01
4269	9.238825e+01
4270	9.217667e+01
4271	9.220941e+01
4272	9.254497e+01
4273	9.299296e+01
4274	9.369707e+01
4275	9.464663e+01
4276	9.576360e+01
4277	9.705695e+01
4278	9.857943e+01
4279	1.002267e+02
4280	1.019740e+02
4281	1.037827e+02
4282	1.056605e+02
4283	1.075571e+02
4284	1.094488e+02
4285	1.112777e+02
4286	1.130744e+02
4287	1.147398e+02
4288	1.162896e+02
4289	1.176128e+02
4290	1.185940e+02
4291	1.194110e+02
4292	1.199443e+02
4293	1.202488e+02
4294	1.203465e+02
4295	1.202308e+02
4296	1.198935e+02
4297	1.193394e+02
4298	1.186692e+02
4299	1.178418e+02
4300	1.168063e+02
4301	1.155445e+02
4302	1.142066e+02
4303	1.126787e+02
4304	1.110819e+02
4305	1.094358e+02
4306	1.076673e+02
4307	1.058556e+02
4308	1.041408e+02
4309	1.024221e+02
4310	1.007862e+02
4311	9.929291e+01
4312	9.799683e+01
4313	9.695566e+01
4314	9.603350e+01
4315	9.536203e+01
4316	9.487827e+01
4317	9.472622e+01
4318	9.475239e+01
4319	9.494544e+01
4320	9.524617e+01
4321	9.567168e+01
4322	9.624200e+01
4323	9.692855e+01
4324	9.781545e+01
4325	9.883234e+01
4326	9.994073e+01
4327	1.010903e+02
4328	1.022958e+02
4329	1.036798e+02
4330	1.051045e+02
4331	1.065526e+02
4332	1.080768e+02
4333	1.095791e+02
4334	1.109559e+02
4335	1.121215e+02
4336	1.132718e+02
4337	1.143512e+02
4338	1.152815e+02
4339	1.160901e+02
4340	1.167759e+02
4341	1.173268e+02
4342	1.178068e+02
4343	1.181212e+02
4344	1.183183e+02
4345	1.183811e+02
4346	1.182434e+02
4347	1.179953e+02
4348	1.175837e+02
4349	1.169702e+02
4350	1.161462e+02
4351	1.151405e+02
4352	1.139407e+02
4353	1.126280e+02
4354	1.111882e+02
4355	1.096709e+02
4356	1.080780e+02
4357	1.065193e+02
4358	1.049522e+02
4359	1.034538e+02
4360	1.021356e+02
4361	1.009453e+02
4362	9.977983e+01
4363	9.870766e+01
4364	9.773033e+01
4365	9.695336e+01
4366	9.633429e+01
4367	9.583082e+01
4368	9.546483e+01
4369	9.520115e+01
4370	9.512368e+01
4371	9.521982e+01
4372	9.542663e+01
4373	9.571099e+01
4374	9.605950e+01
4375	9.661700e+01
4376	9.715160e+01
4377	9.776359e+01
4378	9.846881e+01
4379	9.922705e+01
4380	9.997496e+01
4381	1.006651e+02
4382	1.014729e+02
4383	1.023118e+02
4384	1.032181e+02
4385	1.039860e+02
4386	1.047327e+02
4387	1.055593e+02
4388	1.063347e+02
4389	1.071116e+02
4390	1.078707e+02
4391	1.085594e+02
4392	1.092414e+02
4393	1.098697e+02
4394	1.106214e+02
4395	1.113909e+02
4396	1.120163e+02
4397	1.126561e+02
4398	1.132035e+02
4399	1.137745e+02
4400	1.142293e+02
4401	1.144808e+02
4402	1.145704e+02
4403	1.144081e+02
4404	1.142035e+02
4405	1.138318e+02
4406	1.134064e+02
4407	1.128899e+02
4408	1.122956e+02
4409	1.115898e+02
4410	1.107694e+02
4411	1.098125e+02
4412	1.087814e+02
4413	1.076906e+02
4414	1.066581e+02
4415	1.055654e+02
4416	1.045575e+02
4417	1.035583e+02
4418	1.025999e+02
4419	1.016787e+02
4420	1.006995e+02
4421	9.975640e+01
4422	9.886546e+01
4423	9.812971e+01
4424	9.755273e+01
4425	9.711224e+01
4426	9.672894e+01
4427	9.665633e+01
4428	9.672955e+01
4429	9.694636e+01
4430	9.730769e+01
4431	9.793226e+01
4432	9.868455e+01
4433	9.958863e+01
4434	1.006515e+02
4435	1.018305e+02
4436	1.031381e+02
4437	1.044735e+02
4438	1.058273e+02
4439	1.072626e+02
4440	1.086883e+02
4441	1.101034e+02
4442	1.115927e+02
4443	1.130722e+02
4444	1.145230e+02
4445	1.157573e+02
4446	1.169612e+02
4447	1.178117e+02
4448	1.184389e+02
4449	1.188724e+02
4450	1.190393e+02
4451	1.189923e+02
4452	1.186860e+02
4453	1.182800e+02
4454	1.176265e+02
4455	1.167977e+02
4456	1.158533e+02
4457	1.147802e+02
4458	1.136104e+02
4459	1.123286e+02
4460	1.110954e+02
4461	1.097542e+02
4462	1.083851e+02
4463	1.071101e+02
4464	1.057653e+02
4465	1.043963e+02
4466	1.030846e+02
4467	1.019488e+02
4468	1.009718e+02
4469	1.000290e+02
4470	9.928339e+01
4471	9.869564e+01
4472	9.819919e+01
4473	9.782900e+01
4474	9.764762e+01
4475	9.751402e+01
4476	9.739518e+01
4477	9.742027e+01
4478	9.758757e+01
4479	9.788768e+01
4480	9.830259e+01
4481	9.882824e+01
4482	9.956452e+01
4483	1.003523e+02
4484	1.012255e+02
4485	1.019991e+02
4486	1.028013e+02
4487	1.037908e+02
4488	1.047712e+02
4489	1.056951e+02
4490	1.066944e+02
4491	1.076429e+02
4492	1.085805e+02
4493	1.094330e+02
4494	1.103102e+02
4495	1.110511e+02
4496	1.117140e+02
4497	1.124284e+02
4498	1.131174e+02
4499	1.137472e+02
4500	1.143137e+02
4501	1.147175e+02
4502	1.150571e+02
4503	1.152223e+02
4504	1.151954e+02
4505	1.150614e+02
4506	1.147778e+02
4507	1.144001e+02
4508	1.139695e+02
4509	1.135001e+02
4510	1.130606e+02
4511	1.126199e+02
4512	1.121217e+02
4513	1.116383e+02
4514	1.110899e+02
4515	1.104100e+02
4516	1.097211e+02
4517	1.091110e+02
4518	1.084622e+02
4519	1.078971e+02
4520	1.074129e+02
4521	1.068396e+02
4522	1.062399e+02
4523	1.056739e+02
4524	1.051170e+02
4525	1.046489e+02
4526	1.042025e+02
4527	1.039017e+02
4528	1.037468e+02
4529	1.036661e+02
4530	1.037333e+02
4531	1.038002e+02
4532	1.039494e+02
4533	1.041786e+02
4534	1.046768e+02
4535	1.051712e+02
4536	1.056407e+02
4537	1.061758e+02
4538	1.068141e+02
4539	1.073899e+02
4540	1.079948e+02
4541	1.085713e+02
4542	1.091410e+02
4543	1.096259e+02
4544	1.101234e+02
4545	1.107187e+02
4546	1.112958e+02
4547	1.118791e+02
4548	1.124810e+02
4549	1.129530e+02
4550	1.132464e+02
4551	1.134751e+02
4552	1.135799e+02
4553	1.135828e+02
4554	1.133940e+02
4555	1.130405e+02
4556	1.126132e+02
4557	1.119928e+02
4558	1.113555e+02
4559	1.107312e+02
4560	1.100547e+02
4561	1.094530e+02
4562	1.088740e+02
4563	1.083710e+02
4564	1.079483e+02
4565	1.076021e+02
4566	1.072357e+02
4567	1.069136e+02
4568	1.066171e+02
4569	1.063566e+02
4570	1.061101e+02
4571	1.059915e+02
4572	1.059076e+02
4573	1.058421e+02
4574	1.057017e+02
4575	1.056287e+02
4576	1.055424e+02
4577	1.054504e+02
4578	1.052901e+02
4579	1.050711e+02
4580	1.048623e+02
4581	1.046389e+02
4582	1.043373e+02
4583	1.042076e+02
4584	1.042583e+02
4585	1.044632e+02
4586	1.047018e+02
4587	1.049623e+02
4588	1.053722e+02
4589	1.059210e+02
4590	1.064695e+02
4591	1.071768e+02
4592	1.078266e+02
4593	1.086589e+02
4594	1.095083e+02
4595	1.103604e+02
4596	1.112700e+02
4597	1.121966e+02
4598	1.130594e+02
4599	1.137702e+02
4600	1.143639e+02
4601	1.149777e+02
4602	1.155740e+02
4603	1.159961e+02
4604	1.162426e+02
4605	1.164714e+02
4606	1.164354e+02
4607	1.162599e+02
4608	1.159716e+02
4609	1.156802e+02
4610	1.153563e+02
4611	1.149326e+02
4612	1.143261e+02
4613	1.135823e+02
4614	1.128513e+02
4615	1.120720e+02
4616	1.112982e+02
4617	1.105391e+02
4618	1.097066e+02
4619	1.089037e+02
4620	1.080598e+02
4621	1.071527e+02
4622	1.063603e+02
4623	1.056268e+02
4624	1.049912e+02
4625	1.043523e+02
4626	1.037170e+02
4627	1.031619e+02
4628	1.027903e+02
4629	1.025694e+02
4630	1.024369e+02
4631	1.022289e+02
4632	1.021399e+02
4633	1.022066e+02
4634	1.023621e+02
4635	1.025494e+02
4636	1.027791e+02
4637	1.031683e+02
4638	1.036292e+02
4639	1.041679e+02
4640	1.047147e+02
4641	1.053473e+02
4642	1.059203e+02
4643	1.064920e+02
4644	1.070779e+02
4645	1.077019e+02
4646	1.083385e+02
4647	1.089162e+02
4648	1.094738e+02
4649	1.100678e+02
4650	1.107695e+02
4651	1.113634e+02
4652	1.119357e+02
4653	1.124740e+02
4654	1.129131e+02
4655	1.132695e+02
4656	1.135189e+02
4657	1.136939e+02
4658	1.136771e+02
4659	1.135757e+02
4660	1.133336e+02
4661	1.130620e+02
4662	1.127254e+02
4663	1.123421e+02
4664	1.118655e+02
4665	1.113235e+02
4666	1.107932e+02
4667	1.102091e+02
4668	1.096053e+02
4669	1.089719e+02
4670	1.083277e+02
4671	1.076872e+02
4672	1.070336e+02
4673	1.064821e+02
4674	1.060532e+02
4675	1.057840e+02
4676	1.054758e+02
4677	1.053631e+02
4678	1.053318e+02
4679	1.055186e+02
4680	1.058217e+02
4681	1.063085e+02
4682	1.068227e+02
4683	1.074437e+02
4684	1.081004e+02
4685	1.087130e+02
4686	1.094197e+02
4687	1.101838e+02
4688	1.107696e+02
4689	1.113458e+02
4690	1.118239e+02
4691	1.122994e+02
4692	1.127420e+02
4693	1.130910e+02
4694	1.134163e+02
4695	1.136667e+02
4696	1.137363e+02
4697	1.138593e+02
4698	1.139298e+02
4699	1.139187e+02
4700	1.137799e+02
4701	1.136397e+02
4702	1.133514e+02
4703	1.128963e+02
4704	1.123407e+02
4705	1.117169e+02
4706	1.110299e+02
4707	1.102270e+02
4708	1.092333e+02
4709	1.080666e+02
4710	1.068384e+02
4711	1.055763e+02
4712	1.044280e+02
4713	1.032822e+02
4714	1.022515e+02
4715	1.012273e+02
4716	1.002639e+02
4717	9.943658e+01
4718	9.875703e+01
4719	9.822587e+01
4720	9.778991e+01
4721	9.759396e+01
4722	9.756467e+01
4723	9.766510e+01
4724	9.792892e+01
4725	9.833857e+01
4726	9.879802e+01
4727	9.938740e+01
4728	1.002036e+02
4729	1.011122e+02
4730	1.022036e+02
4731	1.033490e+02
4732	1.045402e+02
4733	1.057448e+02
4734	1.070804e+02
4735	1.083213e+02
4736	1.096305e+02
4737	1.108354e+02
4738	1.120119e+02
4739	1.131732e+02
4740	1.142018e+02
4741	1.151848e+02
4742	1.160604e+02
4743	1.169104e+02
4744	1.177136e+02
4745	1.183712e+02
4746	1.188446e+02
4747	1.192054e+02
4748	1.193625e+02
4749	1.193607e+02
4750	1.192158e+02
4751	1.190522e+02
4752	1.187162e+02
4753	1.182569e+02
4754	1.176772e+02
4755	1.170588e+02
4756	1.162009e+02
4757	1.152851e+02
4758	1.143947e+02
4759	1.134196e+02
4760	1.123060e+02
4761	1.111197e+02
4762	1.100025e+02
4763	1.089330e+02
4764	1.078358e+02
4765	1.067006e+02
4766	1.056724e+02
4767	1.046794e+02
4768	1.036823e+02
4769	1.027435e+02
4770	1.018130e+02
4771	1.010610e+02
4772	1.003849e+02
4773	9.982432e+01
4774	9.943553e+01
4775	9.930264e+01
4776	9.946333e+01
4777	9.970367e+01
4778	1.000529e+02
4779	1.005979e+02
4780	1.012019e+02
4781	1.019336e+02
4782	1.027907e+02
4783	1.037224e+02
4784	1.047477e+02
4785	1.057866e+02
4786	1.069290e+02
4787	1.080490e+02
4788	1.091985e+02
4789	1.104029e+02
4790	1.116221e+02
4791	1.127347e+02
4792	1.137794e+02
4793	1.147054e+02
4794	1.154011e+02
4795	1.158935e+02
4796	1.162992e+02
4797	1.166279e+02
4798	1.167751e+02
4799	1.168280e+02
4800	1.167614e+02
4801	1.167556e+02
4802	1.165840e+02
4803	1.164386e+02
4804	1.161281e+02
4805	1.155694e+02
4806	1.149488e+02
4807	1.141998e+02
4808	1.134171e+02
4809	1.126426e+02
4810	1.118899e+02
4811	1.110495e+02
4812	1.101676e+02
4813	1.091975e+02
4814	1.083680e+02
4815	1.075607e+02
4816	1.067441e+02
4817	1.059530e+02
4818	1.052721e+02
4819	1.046025e+02
4820	1.040290e+02
4821	1.035041e+02
4822	1.030105e+02
4823	1.027656e+02
4824	1.026901e+02
4825	1.027739e+02
4826	1.029757e+02
4827	1.033527e+02
4828	1.037859e+02
4829	1.043379e+02
4830	1.048631e+02
4831	1.055211e+02
4832	1.062211e+02
4833	1.070483e+02
4834	1.079644e+02
4835	1.088353e+02
4836	1.096120e+02
4837	1.104251e+02
4838	1.111914e+02
4839	1.119300e+02
4840	1.126326e+02
4841	1.132953e+02
4842	1.139178e+02
4843	1.145207e+02
4844	1.149892e+02
4845	1.153716e+02
4846	1.158249e+02
4847	1.161823e+02
4848	1.165474e+02
4849	1.168698e+02
4850	1.171165e+02
4851	1.172646e+02
4852	1.173662e+02
4853	1.172162e+02
4854	1.169864e+02
4855	1.166052e+02
4856	1.161871e+02
4857	1.158116e+02
4858	1.153838e+02
4859	1.148906e+02
4860	1.142145e+02
4861	1.135188e+02
4862	1.129429e+02
4863	1.123803e+02
4864	1.118772e+02
4865	1.114341e+02
4866	1.108530e+02
4867	1.101989e+02
4868	1.095433e+02
4869	1.090237e+02
4870	1.085599e+02
4871	1.079537e+02
4872	1.074332e+02
4873	1.069668e+02
4874	1.065746e+02
4875	1.062016e+02
4876	1.059427e+02
4877	1.058589e+02
4878	1.059507e+02
4879	1.060941e+02
4880	1.062019e+02
4881	1.062341e+02
4882	1.063241e+02
4883	1.065072e+02
4884	1.067602e+02
4885	1.071193e+02
4886	1.073851e+02
4887	1.076869e+02
4888	1.079545e+02
4889	1.081859e+02
4890	1.083497e+02
4891	1.086551e+02
4892	1.089398e+02
4893	1.091924e+02
4894	1.093059e+02
4895	1.093508e+02
4896	1.094230e+02
4897	1.095281e+02
4898	1.095339e+02
4899	1.094582e+02
4900	1.093080e+02
4901	1.092436e+02
4902	1.091069e+02
4903	1.089711e+02
4904	1.088528e+02
4905	1.087716e+02
4906	1.088835e+02
4907	1.090828e+02
4908	1.092920e+02
4909	1.095181e+02
4910	1.096538e+02
4911	1.098276e+02
4912	1.100408e+02
4913	1.102472e+02
4914	1.104063e+02
4915	1.105534e+02
4916	1.105645e+02
4917	1.106350e+02
4918	1.105943e+02
4919	1.103911e+02
4920	1.101477e+02
4921	1.099202e+02
4922	1.096770e+02
4923	1.094699e+02
4924	1.092597e+02
4925	1.091311e+02
4926	1.091278e+02
4927	1.091824e+02
4928	1.092421e+02
4929	1.092267e+02
4930	1.092313e+02
4931	1.092186e+02
4932	1.091445e+02
4933	1.091778e+02
4934	1.092410e+02
4935	1.093693e+02
4936	1.093774e+02
4937	1.094687e+02
4938	1.096871e+02
4939	1.098997e+02
4940	1.101201e+02
4941	1.103757e+02
4942	1.106646e+02
4943	1.110057e+02
4944	1.111917e+02
4945	1.113693e+02
4946	1.115598e+02
4947	1.117529e+02
4948	1.118829e+02
4949	1.120767e+02
4950	1.122219e+02
4951	1.124130e+02
4952	1.126445e+02
4953	1.127640e+02
4954	1.127613e+02
4955	1.126728e+02
4956	1.125400e+02
4957	1.123390e+02
4958	1.120948e+02
4959	1.117971e+02
4960	1.114130e+02
4961	1.110563e+02
4962	1.108051e+02
4963	1.104991e+02
4964	1.102511e+02
4965	1.099009e+02
4966	1.095555e+02
4967	1.092816e+02
4968	1.090125e+02
4969	1.088217e+02
4970	1.086574e+02
4971	1.086013e+02
4972	1.085855e+02
4973	1.086802e+02
4974	1.088844e+02
4975	1.090498e+02
4976	1.093144e+02
4977	1.096541e+02
4978	1.100640e+02
4979	1.104871e+02
4980	1.108789e+02
4981	1.112892e+02
4982	1.117813e+02
4983	1.122234e+02
4984	1.125430e+02
4985	1.127248e+02
4986	1.129637e+02
4987	1.131713e+02
4988	1.133919e+02
4989	1.135064e+02
4990	1.134922e+02
4991	1.135396e+02
4992	1.135607e+02
4993	1.136549e+02
4994	1.137269e+02
4995	1.137450e+02
4996	1.137576e+02
4997	1.136823e+02
4998	1.136129e+02
4999	1.134549e+02
