# Step	Measurement
1	1.098951e+00
2	1.102218e+00
3	1.106201e+00
4	1.109468e+00
5	1.111960e+00
6	1.113226e+00
7	1.111856e+00
8	1.108442e+00
9	1.103518e+00
10	1.097819e+00
11	1.094036e+00
12	1.091340e+00
13	1.088350e+00
14	1.084532e+00
15	1.081191e+00
16	1.078756e+00
17	1.077966e+00
18	1.079494e+00
19	1.083695e+00
20	1.088988e+00
21	1.095285e+00
22	1.103192e+00
23	1.110241e+00
24	1.115961e+00
25	1.119755e+00
26	1.121733e+00
27	1.120605e+00
28	1.118384e+00
29	1.114746e+00
30	1.108852e+00
31	1.101702e+00
32	1.093839e+00
33	1.086111e+00
34	1.080553e+00
35	1.076536e+00
36	1.075519e+00
37	1.077380e+00
38	1.081840e+00
39	1.088194e+00
40	1.096276e+00
41	1.103894e+00
42	1.111424e+00
43	1.117830e+00
44	1.122526e+00
45	1.126029e+00
46	1.128619e+00
47	1.128913e+00
48	1.124961e+00
49	1.119612e+00
50	1.114243e+00
51	1.109636e+00
52	1.104372e+00
53	1.099808e+00
54	1.093946e+00
55	1.088433e+00
56	1.083450e+00
57	1.080515e+00
58	1.080135e+00
59	1.080591e+00
60	1.082103e+00
61	1.085482e+00
62	1.089323e+00
63	1.094358e+00
64	1.099494e+00
65	1.104684e+00
66	1.109988e+00
67	1.113410e+00
68	1.116380e+00
69	1.117941e+00
70	1.116977e+00
71	1.114080e+00
72	1.109037e+00
73	1.101751e+00
74	1.091979e+00
75	1.082982e+00
76	1.074910e+00
77	1.067491e+00
78	1.060887e+00
79	1.056412e+00
80	1.055935e+00
81	1.059425e+00
82	1.065988e+00
83	1.074509e+00
84	1.083727e+00
85	1.093052e+00
86	1.101683e+00
87	1.109552e+00
88	1.115087e+00
89	1.118278e+00
90	1.121101e+00
91	1.120212e+00
92	1.116586e+00
93	1.110718e+00
94	1.104805e+00
95	1.099371e+00
96	1.094063e+00
97	1.089376e+00
98	1.084674e+00
99	1.082446e+00
100	1.082170e+00
101	1.080346e+00
102	1.079879e+00
103	1.081272e+00
104	1.084444e+00
105	1.087806e+00
106	1.090293e+00
107	1.093202e+00
108	1.096708e+00
109	1.100158e+00
110	1.103341e+00
111	1.105901e+00
112	1.106033e+00
113	1.104946e+00
114	1.102880e+00
115	1.099849e+00
116	1.095946e+00
117	1.091340e+00
118	1.086493e+00
119	1.082494e+00
120	1.079361e+00
121	1.075236e+00
122	1.072108e+00
123	1.071642e+00
124	1.072442e+00
125	1.073999e+00
126	1.078530e+00
127	1.082132e+00
128	1.086820e+00
129	1.090909e+00
130	1.094819e+00
131	1.099365e+00
132	1.102353e+00
133	1.102362e+00
134	1.099588e+00
135	1.096777e+00
136	1.094552e+00
137	1.090751e+00
138	1.086222e+00
139	1.080621e+00
140	1.076247e+00
141	1.071167e+00
142	1.066825e+00
143	1.064531e+00
144	1.065457e+00
145	1.068041e+00
146	1.072607e+00
147	1.079485e+00
148	1.087009e+00
149	1.094127e+00
150	1.102470e+00
151	1.110771e+00
152	1.116318e+00
153	1.118290e+00
154	1.117373e+00
155	1.113738e+00
156	1.108824e+00
157	1.102088e+00
158	1.094422e+00
159	1.086526e+00
160	1.079997e+00
161	1.073728e+00
162	1.067888e+00
163	1.063577e+00
164	1.061911e+00
165	1.063007e+00
166	1.067172e+00
167	1.073931e+00
168	1.083238e+00
169	1.092651e+00
170	1.104463e+00
171	1.115932e+00
172	1.125104e+00
173	1.132990e+00
174	1.138568e+00
175	1.141660e+00
176	1.141849e+00
177	1.140451e+00
178	1.136021e+00
179	1.129011e+00
180	1.120121e+00
181	1.108239e+00
182	1.094955e+00
183	1.081917e+00
184	1.069951e+00
185	1.059929e+00
186	1.053073e+00
187	1.050105e+00
188	1.050266e+00
189	1.055749e+00
190	1.063825e+00
191	1.074575e+00
192	1.087182e+00
193	1.101432e+00
194	1.114236e+00
195	1.125310e+00
196	1.135871e+00
197	1.144188e+00
198	1.149095e+00
199	1.151034e+00
200	1.149364e+00
201	1.144354e+00
202	1.134533e+00
203	1.121958e+00
204	1.107058e+00
205	1.090916e+00
206	1.076413e+00
207	1.063331e+00
208	1.051887e+00
209	1.044407e+00
210	1.040729e+00
211	1.042257e+00
212	1.048682e+00
213	1.060268e+00
214	1.075808e+00
215	1.093467e+00
216	1.111140e+00
217	1.129645e+00
218	1.148538e+00
219	1.164482e+00
220	1.176529e+00
221	1.183035e+00
222	1.185304e+00
223	1.182737e+00
224	1.174974e+00
225	1.163157e+00
226	1.146987e+00
227	1.127312e+00
228	1.105655e+00
229	1.085715e+00
230	1.065245e+00
231	1.047669e+00
232	1.036365e+00
233	1.030511e+00
234	1.032036e+00
235	1.039224e+00
236	1.051463e+00
237	1.067603e+00
238	1.086288e+00
239	1.104910e+00
240	1.124102e+00
241	1.141614e+00
242	1.154713e+00
243	1.163649e+00
244	1.168032e+00
245	1.168641e+00
246	1.165187e+00
247	1.157241e+00
248	1.145053e+00
249	1.129547e+00
250	1.112390e+00
251	1.093024e+00
252	1.074414e+00
253	1.058440e+00
254	1.046300e+00
255	1.037861e+00
256	1.033740e+00
257	1.032957e+00
258	1.038017e+00
259	1.048935e+00
260	1.065166e+00
261	1.083319e+00
262	1.102485e+00
263	1.120815e+00
264	1.137335e+00
265	1.150037e+00
266	1.158598e+00
267	1.164725e+00
268	1.165725e+00
269	1.160873e+00
270	1.152018e+00
271	1.138983e+00
272	1.123591e+00
273	1.106179e+00
274	1.089420e+00
275	1.073772e+00
276	1.060583e+00
277	1.051790e+00
278	1.048366e+00
279	1.049613e+00
280	1.055980e+00
281	1.066139e+00
282	1.079060e+00
283	1.093659e+00
284	1.109833e+00
285	1.125559e+00
286	1.138853e+00
287	1.149440e+00
288	1.156111e+00
289	1.159832e+00
290	1.159996e+00
291	1.157006e+00
292	1.149424e+00
293	1.140735e+00
294	1.129902e+00
295	1.117191e+00
296	1.102547e+00
297	1.087478e+00
298	1.073141e+00
299	1.062325e+00
300	1.054127e+00
301	1.048176e+00
302	1.047208e+00
303	1.051164e+00
304	1.061076e+00
305	1.075727e+00
306	1.091349e+00
307	1.106840e+00
308	1.119909e+00
309	1.130702e+00
310	1.138967e+00
311	1.144418e+00
312	1.146507e+00
313	1.146302e+00
314	1.142526e+00
315	1.135682e+00
316	1.126676e+00
317	1.114952e+00
318	1.103630e+00
319	1.091949e+00
320	1.079426e+00
321	1.069257e+00
322	1.062239e+00
323	1.059732e+00
324	1.061586e+00
325	1.067119e+00
326	1.074186e+00
327	1.081923e+00
328	1.090698e+00
329	1.100075e+00
330	1.108122e+00
331	1.114759e+00
332	1.118952e+00
333	1.120488e+00
334	1.119714e+00
335	1.116542e+00
336	1.111109e+00
337	1.104490e+00
338	1.097117e+00
339	1.089248e+00
340	1.083822e+00
341	1.080203e+00
342	1.077968e+00
343	1.078192e+00
344	1.079094e+00
345	1.081909e+00
346	1.086583e+00
347	1.091356e+00
348	1.096125e+00
349	1.099942e+00
350	1.102635e+00
351	1.105184e+00
352	1.105225e+00
353	1.104634e+00
354	1.103788e+00
355	1.102485e+00
356	1.101616e+00
357	1.099314e+00
358	1.095151e+00
359	1.090971e+00
360	1.087842e+00
361	1.085318e+00
362	1.084383e+00
363	1.085248e+00
364	1.087287e+00
365	1.089048e+00
366	1.092270e+00
367	1.095716e+00
368	1.099810e+00
369	1.103355e+00
370	1.108838e+00
371	1.113489e+00
372	1.115767e+00
373	1.114788e+00
374	1.112386e+00
375	1.109445e+00
376	1.106578e+00
377	1.102263e+00
378	1.098478e+00
379	1.095316e+00
380	1.093917e+00
381	1.092252e+00
382	1.091285e+00
383	1.090641e+00
384	1.089976e+00
385	1.090314e+00
386	1.091325e+00
387	1.092933e+00
388	1.094358e+00
389	1.095810e+00
390	1.099441e+00
391	1.103915e+00
392	1.107363e+00
393	1.110428e+00
394	1.112809e+00
395	1.115546e+00
396	1.116877e+00
397	1.117696e+00
398	1.117592e+00
399	1.117238e+00
400	1.115431e+00
401	1.112308e+00
402	1.107170e+00
403	1.101744e+00
404	1.095209e+00
405	1.090456e+00
406	1.086793e+00
407	1.083362e+00
408	1.081624e+00
409	1.082366e+00
410	1.084580e+00
411	1.088454e+00
412	1.094586e+00
413	1.099101e+00
414	1.102734e+00
415	1.106966e+00
416	1.111242e+00
417	1.114345e+00
418	1.115031e+00
419	1.114611e+00
420	1.113260e+00
421	1.109388e+00
422	1.104624e+00
423	1.099386e+00
424	1.092983e+00
425	1.087048e+00
426	1.081862e+00
427	1.076982e+00
428	1.074131e+00
429	1.073963e+00
430	1.076509e+00
431	1.080545e+00
432	1.085929e+00
433	1.092629e+00
434	1.101169e+00
435	1.109422e+00
436	1.115134e+00
437	1.118412e+00
438	1.120224e+00
439	1.120442e+00
440	1.117425e+00
441	1.112821e+00
442	1.104422e+00
443	1.094601e+00
444	1.084441e+00
445	1.075079e+00
446	1.067812e+00
447	1.062889e+00
448	1.061151e+00
449	1.061776e+00
450	1.064932e+00
451	1.069793e+00
452	1.076963e+00
453	1.086451e+00
454	1.096692e+00
455	1.106312e+00
456	1.113700e+00
457	1.119768e+00
458	1.124144e+00
459	1.127574e+00
460	1.127982e+00
461	1.126973e+00
462	1.124151e+00
463	1.118108e+00
464	1.112182e+00
465	1.103991e+00
466	1.095295e+00
467	1.087079e+00
468	1.079594e+00
469	1.072233e+00
470	1.067862e+00
471	1.066183e+00
472	1.068250e+00
473	1.072198e+00
474	1.079438e+00
475	1.089509e+00
476	1.101950e+00
477	1.114355e+00
478	1.126948e+00
479	1.138205e+00
480	1.148850e+00
481	1.156587e+00
482	1.158782e+00
483	1.157601e+00
484	1.152253e+00
485	1.140994e+00
486	1.127028e+00
487	1.109897e+00
488	1.091179e+00
489	1.073711e+00
490	1.058541e+00
491	1.047706e+00
492	1.042633e+00
493	1.042660e+00
494	1.047932e+00
495	1.058639e+00
496	1.071152e+00
497	1.085233e+00
498	1.100423e+00
499	1.114164e+00
500	1.126764e+00
501	1.137137e+00
502	1.146046e+00
503	1.153399e+00
504	1.155910e+00
505	1.151823e+00
506	1.143803e+00
507	1.132424e+00
508	1.117438e+00
509	1.099947e+00
510	1.082070e+00
511	1.064006e+00
512	1.048529e+00
513	1.036945e+00
514	1.031240e+00
515	1.030587e+00
516	1.034779e+00
517	1.043076e+00
518	1.057079e+00
519	1.074889e+00
520	1.093812e+00
521	1.112108e+00
522	1.128644e+00
523	1.141370e+00
524	1.149543e+00
525	1.150839e+00
526	1.147200e+00
527	1.140511e+00
528	1.129281e+00
529	1.115476e+00
530	1.100065e+00
531	1.083285e+00
532	1.067811e+00
533	1.053048e+00
534	1.041315e+00
535	1.035003e+00
536	1.033718e+00
537	1.038765e+00
538	1.048976e+00
539	1.063345e+00
540	1.080341e+00
541	1.098288e+00
542	1.116347e+00
543	1.132527e+00
544	1.146049e+00
545	1.155484e+00
546	1.161367e+00
547	1.162732e+00
548	1.160480e+00
549	1.153582e+00
550	1.143407e+00
551	1.128540e+00
552	1.110978e+00
553	1.094576e+00
554	1.077528e+00
555	1.061974e+00
556	1.050460e+00
557	1.044235e+00
558	1.043598e+00
559	1.048217e+00
560	1.057358e+00
561	1.070610e+00
562	1.086641e+00
563	1.103702e+00
564	1.119678e+00
565	1.135867e+00
566	1.149338e+00
567	1.159317e+00
568	1.165476e+00
569	1.168665e+00
570	1.168799e+00
571	1.165758e+00
572	1.157738e+00
573	1.145518e+00
574	1.131236e+00
575	1.116404e+00
576	1.099364e+00
577	1.082838e+00
578	1.067331e+00
579	1.054621e+00
580	1.046017e+00
581	1.042756e+00
582	1.046214e+00
583	1.055767e+00
584	1.069402e+00
585	1.086211e+00
586	1.105498e+00
587	1.125875e+00
588	1.145858e+00
589	1.163846e+00
590	1.176165e+00
591	1.185199e+00
592	1.188535e+00
593	1.186614e+00
594	1.177603e+00
595	1.162215e+00
596	1.142997e+00
597	1.120967e+00
598	1.099153e+00
599	1.076966e+00
600	1.057712e+00
601	1.042902e+00
602	1.033202e+00
603	1.031671e+00
604	1.037441e+00
605	1.049629e+00
606	1.067027e+00
607	1.089535e+00
608	1.111653e+00
609	1.133557e+00
610	1.153333e+00
611	1.170536e+00
612	1.183655e+00
613	1.189656e+00
614	1.190146e+00
615	1.185232e+00
616	1.173699e+00
617	1.157442e+00
618	1.138509e+00
619	1.117835e+00
620	1.096611e+00
621	1.076839e+00
622	1.061735e+00
623	1.049851e+00
624	1.042928e+00
625	1.041323e+00
626	1.044760e+00
627	1.054212e+00
628	1.069211e+00
629	1.083995e+00
630	1.100606e+00
631	1.116240e+00
632	1.130607e+00
633	1.144205e+00
634	1.154959e+00
635	1.161168e+00
636	1.163173e+00
637	1.160146e+00
638	1.154216e+00
639	1.145400e+00
640	1.133580e+00
641	1.118337e+00
642	1.103087e+00
643	1.088460e+00
644	1.073425e+00
645	1.061932e+00
646	1.053291e+00
647	1.048595e+00
648	1.048812e+00
649	1.053511e+00
650	1.062121e+00
651	1.074945e+00
652	1.089809e+00
653	1.105619e+00
654	1.121950e+00
655	1.135228e+00
656	1.145594e+00
657	1.152547e+00
658	1.155935e+00
659	1.157420e+00
660	1.154204e+00
661	1.148876e+00
662	1.139374e+00
663	1.126431e+00
664	1.111471e+00
665	1.095738e+00
666	1.082062e+00
667	1.070024e+00
668	1.059688e+00
669	1.053283e+00
670	1.051447e+00
671	1.053462e+00
672	1.058448e+00
673	1.066792e+00
674	1.077909e+00
675	1.091358e+00
676	1.105723e+00
677	1.120955e+00
678	1.133512e+00
679	1.142951e+00
680	1.149234e+00
681	1.151596e+00
682	1.149112e+00
683	1.141526e+00
684	1.129927e+00
685	1.116465e+00
686	1.101583e+00
687	1.085849e+00
688	1.072800e+00
689	1.061631e+00
690	1.052806e+00
691	1.047485e+00
692	1.047084e+00
693	1.052231e+00
694	1.061524e+00
695	1.074304e+00
696	1.088725e+00
697	1.104047e+00
698	1.117290e+00
699	1.128208e+00
700	1.137385e+00
701	1.142822e+00
702	1.144409e+00
703	1.143813e+00
704	1.140600e+00
705	1.135485e+00
706	1.128480e+00
707	1.120299e+00
708	1.112391e+00
709	1.103404e+00
710	1.095110e+00
711	1.086351e+00
712	1.078556e+00
713	1.072430e+00
714	1.067921e+00
715	1.067095e+00
716	1.069357e+00
717	1.074395e+00
718	1.081984e+00
719	1.094284e+00
720	1.106363e+00
721	1.119501e+00
722	1.128911e+00
723	1.138342e+00
724	1.144488e+00
725	1.148193e+00
726	1.148714e+00
727	1.144402e+00
728	1.136998e+00
729	1.127118e+00
730	1.114434e+00
731	1.099439e+00
732	1.083957e+00
733	1.068272e+00
734	1.055085e+00
735	1.045519e+00
736	1.041508e+00
737	1.041465e+00
738	1.048402e+00
739	1.060574e+00
740	1.074422e+00
741	1.090057e+00
742	1.106843e+00
743	1.122286e+00
744	1.135203e+00
745	1.144829e+00
746	1.151611e+00
747	1.154855e+00
748	1.153773e+00
749	1.148846e+00
750	1.141144e+00
751	1.129339e+00
752	1.114833e+00
753	1.098930e+00
754	1.083667e+00
755	1.069124e+00
756	1.055867e+00
757	1.046142e+00
758	1.041379e+00
759	1.041682e+00
760	1.048851e+00
761	1.060480e+00
762	1.077312e+00
763	1.097022e+00
764	1.116949e+00
765	1.135904e+00
766	1.152532e+00
767	1.165637e+00
768	1.173982e+00
769	1.177101e+00
770	1.176538e+00
771	1.170441e+00
772	1.159665e+00
773	1.145569e+00
774	1.129106e+00
775	1.111189e+00
776	1.093375e+00
777	1.075506e+00
778	1.059854e+00
779	1.047893e+00
780	1.041708e+00
781	1.040812e+00
782	1.045220e+00
783	1.053524e+00
784	1.065946e+00
785	1.081518e+00
786	1.097836e+00
787	1.115241e+00
788	1.130112e+00
789	1.143123e+00
790	1.151875e+00
791	1.156262e+00
792	1.156618e+00
793	1.152652e+00
794	1.145244e+00
795	1.134352e+00
796	1.120093e+00
797	1.104703e+00
798	1.087232e+00
799	1.071203e+00
800	1.057261e+00
801	1.047767e+00
802	1.042122e+00
803	1.041960e+00
804	1.047398e+00
805	1.057350e+00
806	1.070925e+00
807	1.086743e+00
808	1.104027e+00
809	1.120924e+00
810	1.136265e+00
811	1.149659e+00
812	1.157900e+00
813	1.160159e+00
814	1.158052e+00
815	1.152336e+00
816	1.143182e+00
817	1.130559e+00
818	1.115537e+00
819	1.099955e+00
820	1.086028e+00
821	1.073258e+00
822	1.062430e+00
823	1.055672e+00
824	1.053029e+00
825	1.055717e+00
826	1.061830e+00
827	1.070107e+00
828	1.081832e+00
829	1.094610e+00
830	1.108448e+00
831	1.121198e+00
832	1.132203e+00
833	1.140260e+00
834	1.145201e+00
835	1.147337e+00
836	1.145816e+00
837	1.140300e+00
838	1.133465e+00
839	1.123362e+00
840	1.111058e+00
841	1.098739e+00
842	1.087312e+00
843	1.078490e+00
844	1.072219e+00
845	1.068137e+00
846	1.067423e+00
847	1.070050e+00
848	1.074969e+00
849	1.084250e+00
850	1.095069e+00
851	1.105242e+00
852	1.115404e+00
853	1.124318e+00
854	1.131057e+00
855	1.135000e+00
856	1.135738e+00
857	1.132873e+00
858	1.125510e+00
859	1.113199e+00
860	1.098816e+00
861	1.084231e+00
862	1.069604e+00
863	1.059542e+00
864	1.053394e+00
865	1.051419e+00
866	1.055186e+00
867	1.063936e+00
868	1.075899e+00
869	1.089739e+00
870	1.103701e+00
871	1.116268e+00
872	1.126525e+00
873	1.134146e+00
874	1.137848e+00
875	1.137562e+00
876	1.134137e+00
877	1.127014e+00
878	1.117107e+00
879	1.105437e+00
880	1.092980e+00
881	1.080513e+00
882	1.069815e+00
883	1.061622e+00
884	1.057717e+00
885	1.059083e+00
886	1.063662e+00
887	1.071410e+00
888	1.080962e+00
889	1.092097e+00
890	1.104297e+00
891	1.115891e+00
892	1.126046e+00
893	1.135058e+00
894	1.141337e+00
895	1.143807e+00
896	1.142947e+00
897	1.139112e+00
898	1.131698e+00
899	1.122111e+00
900	1.108919e+00
901	1.093497e+00
902	1.079622e+00
903	1.067923e+00
904	1.058441e+00
905	1.053053e+00
906	1.052721e+00
907	1.057358e+00
908	1.066402e+00
909	1.077661e+00
910	1.091979e+00
911	1.108312e+00
912	1.123651e+00
913	1.135545e+00
914	1.144195e+00
915	1.151009e+00
916	1.153953e+00
917	1.152628e+00
918	1.146652e+00
919	1.135835e+00
920	1.121486e+00
921	1.105783e+00
922	1.088471e+00
923	1.071209e+00
924	1.056810e+00
925	1.047609e+00
926	1.042919e+00
927	1.042799e+00
928	1.047514e+00
929	1.058308e+00
930	1.072536e+00
931	1.089359e+00
932	1.106155e+00
933	1.122086e+00
934	1.135696e+00
935	1.145842e+00
936	1.151981e+00
937	1.154644e+00
938	1.154208e+00
939	1.148684e+00
940	1.139266e+00
941	1.126814e+00
942	1.112726e+00
943	1.096354e+00
944	1.079310e+00
945	1.062415e+00
946	1.048192e+00
947	1.038627e+00
948	1.034694e+00
949	1.036935e+00
950	1.043659e+00
951	1.055294e+00
952	1.072241e+00
953	1.091837e+00
954	1.111274e+00
955	1.129406e+00
956	1.143605e+00
957	1.153816e+00
958	1.159631e+00
959	1.161425e+00
960	1.158938e+00
961	1.151911e+00
962	1.139649e+00
963	1.123952e+00
964	1.104504e+00
965	1.083092e+00
966	1.062362e+00
967	1.043946e+00
968	1.029756e+00
969	1.021065e+00
970	1.020291e+00
971	1.027762e+00
972	1.041783e+00
973	1.061675e+00
974	1.084805e+00
975	1.106086e+00
976	1.126493e+00
977	1.142600e+00
978	1.155959e+00
979	1.164402e+00
980	1.166905e+00
981	1.165319e+00
982	1.159132e+00
983	1.148901e+00
984	1.135505e+00
985	1.119131e+00
986	1.102810e+00
987	1.085348e+00
988	1.069941e+00
989	1.056407e+00
990	1.046352e+00
991	1.040559e+00
992	1.041316e+00
993	1.048216e+00
994	1.061192e+00
995	1.078485e+00
996	1.097076e+00
997	1.115102e+00
998	1.131277e+00
999	1.145559e+00
1000	1.156375e+00
1001	1.163333e+00
1002	1.165922e+00
1003	1.162192e+00
1004	1.154226e+00
1005	1.141459e+00
1006	1.124267e+00
1007	1.104772e+00
1008	1.085658e+00
1009	1.068648e+00
1010	1.054827e+00
1011	1.045239e+00
1012	1.040845e+00
1013	1.040857e+00
1014	1.047041e+00
1015	1.057364e+00
1016	1.072400e+00
1017	1.089567e+00
1018	1.107256e+00
1019	1.125000e+00
1020	1.141812e+00
1021	1.156744e+00
1022	1.168002e+00
1023	1.175451e+00
1024	1.177669e+00
1025	1.172789e+00
1026	1.162976e+00
1027	1.148516e+00
1028	1.128764e+00
1029	1.105282e+00
1030	1.083221e+00
1031	1.060683e+00
1032	1.041148e+00
1033	1.027816e+00
1034	1.021882e+00
1035	1.026086e+00
1036	1.036949e+00
1037	1.054133e+00
1038	1.075486e+00
1039	1.098160e+00
1040	1.119916e+00
1041	1.141067e+00
1042	1.159358e+00
1043	1.171178e+00
1044	1.177823e+00
1045	1.178829e+00
1046	1.174977e+00
1047	1.166307e+00
1048	1.152217e+00
1049	1.133653e+00
1050	1.111228e+00
1051	1.088582e+00
1052	1.064573e+00
1053	1.043945e+00
1054	1.026693e+00
1055	1.016883e+00
1056	1.015022e+00
1057	1.020939e+00
1058	1.034114e+00
1059	1.054297e+00
1060	1.078925e+00
1061	1.104945e+00
1062	1.131168e+00
1063	1.155066e+00
1064	1.175065e+00
1065	1.190141e+00
1066	1.198341e+00
1067	1.201095e+00
1068	1.198151e+00
1069	1.190548e+00
1070	1.177716e+00
1071	1.161286e+00
1072	1.139678e+00
1073	1.114162e+00
1074	1.087452e+00
1075	1.062657e+00
1076	1.040555e+00
1077	1.024079e+00
1078	1.014713e+00
1079	1.014423e+00
1080	1.025054e+00
1081	1.041229e+00
1082	1.063185e+00
1083	1.088179e+00
1084	1.114624e+00
1085	1.139755e+00
1086	1.161070e+00
1087	1.177883e+00
1088	1.188679e+00
1089	1.194823e+00
1090	1.195822e+00
1091	1.190203e+00
1092	1.178320e+00
1093	1.160759e+00
1094	1.137790e+00
1095	1.113496e+00
1096	1.087640e+00
1097	1.064701e+00
1098	1.044902e+00
1099	1.029959e+00
1100	1.023383e+00
1101	1.024601e+00
1102	1.032369e+00
1103	1.045529e+00
1104	1.064624e+00
1105	1.086226e+00
1106	1.109284e+00
1107	1.130258e+00
1108	1.147964e+00
1109	1.164656e+00
1110	1.177161e+00
1111	1.185001e+00
1112	1.186466e+00
1113	1.181990e+00
1114	1.173272e+00
1115	1.160459e+00
1116	1.143230e+00
1117	1.121965e+00
1118	1.098466e+00
1119	1.074165e+00
1120	1.051583e+00
1121	1.033839e+00
1122	1.023198e+00
1123	1.019288e+00
1124	1.022838e+00
1125	1.034463e+00
1126	1.051960e+00
1127	1.073369e+00
1128	1.097125e+00
1129	1.121141e+00
1130	1.141110e+00
1131	1.158068e+00
1132	1.171562e+00
1133	1.179810e+00
1134	1.184264e+00
1135	1.180815e+00
1136	1.172118e+00
1137	1.158327e+00
1138	1.140650e+00
1139	1.119675e+00
1140	1.096364e+00
1141	1.072685e+00
1142	1.050732e+00
1143	1.033847e+00
1144	1.023192e+00
1145	1.020243e+00
1146	1.023302e+00
1147	1.033274e+00
1148	1.050089e+00
1149	1.070752e+00
1150	1.093990e+00
1151	1.115152e+00
1152	1.134306e+00
1153	1.152222e+00
1154	1.165355e+00
1155	1.174910e+00
1156	1.179320e+00
1157	1.178293e+00
1158	1.170929e+00
1159	1.157722e+00
1160	1.140687e+00
1161	1.119854e+00
1162	1.095915e+00
1163	1.073810e+00
1164	1.054033e+00
1165	1.039061e+00
1166	1.029292e+00
1167	1.026998e+00
1168	1.032771e+00
1169	1.045402e+00
1170	1.064791e+00
1171	1.087247e+00
1172	1.110968e+00
1173	1.134235e+00
1174	1.155504e+00
1175	1.173584e+00
1176	1.185804e+00
1177	1.193196e+00
1178	1.195331e+00
1179	1.193065e+00
1180	1.184372e+00
1181	1.170485e+00
1182	1.150245e+00
1183	1.126299e+00
1184	1.099743e+00
1185	1.072841e+00
1186	1.046793e+00
1187	1.026878e+00
1188	1.014221e+00
1189	1.011479e+00
1190	1.016232e+00
1191	1.029602e+00
1192	1.050042e+00
1193	1.076527e+00
1194	1.105517e+00
1195	1.133745e+00
1196	1.159039e+00
1197	1.178857e+00
1198	1.193409e+00
1199	1.203095e+00
1200	1.206509e+00
1201	1.205008e+00
1202	1.196542e+00
1203	1.181312e+00
1204	1.159435e+00
1205	1.131541e+00
1206	1.103274e+00
1207	1.074547e+00
1208	1.048118e+00
1209	1.027868e+00
1210	1.014730e+00
1211	1.009185e+00
1212	1.012064e+00
1213	1.024005e+00
1214	1.041309e+00
1215	1.063499e+00
1216	1.087984e+00
1217	1.112813e+00
1218	1.135741e+00
1219	1.154891e+00
1220	1.168957e+00
1221	1.177957e+00
1222	1.181043e+00
1223	1.176796e+00
1224	1.167794e+00
1225	1.153136e+00
1226	1.134276e+00
1227	1.112037e+00
1228	1.088640e+00
1229	1.065195e+00
1230	1.045943e+00
1231	1.031757e+00
1232	1.021832e+00
1233	1.018341e+00
1234	1.021728e+00
1235	1.032411e+00
1236	1.049529e+00
1237	1.071258e+00
1238	1.093506e+00
1239	1.116425e+00
1240	1.137143e+00
1241	1.154594e+00
1242	1.169773e+00
1243	1.180584e+00
1244	1.186717e+00
1245	1.188019e+00
1246	1.185267e+00
1247	1.177095e+00
1248	1.165976e+00
1249	1.151253e+00
1250	1.133502e+00
1251	1.113644e+00
1252	1.094331e+00
1253	1.075421e+00
1254	1.058006e+00
1255	1.046531e+00
1256	1.041580e+00
1257	1.042879e+00
1258	1.049857e+00
1259	1.063506e+00
1260	1.081826e+00
1261	1.102019e+00
1262	1.122940e+00
1263	1.141324e+00
1264	1.157001e+00
1265	1.167860e+00
1266	1.173636e+00
1267	1.173803e+00
1268	1.171036e+00
1269	1.162183e+00
1270	1.148513e+00
1271	1.130770e+00
1272	1.111404e+00
1273	1.090435e+00
1274	1.070364e+00
1275	1.054467e+00
1276	1.043609e+00
1277	1.039001e+00
1278	1.042950e+00
1279	1.054248e+00
1280	1.071691e+00
1281	1.091495e+00
1282	1.113641e+00
1283	1.134808e+00
1284	1.154226e+00
1285	1.169519e+00
1286	1.181401e+00
1287	1.186155e+00
1288	1.185779e+00
1289	1.180111e+00
1290	1.168655e+00
1291	1.153051e+00
1292	1.134176e+00
1293	1.112952e+00
1294	1.091660e+00
1295	1.071922e+00
1296	1.054198e+00
1297	1.042051e+00
1298	1.032828e+00
1299	1.028662e+00
1300	1.031082e+00
1301	1.040046e+00
1302	1.054222e+00
1303	1.072138e+00
1304	1.090677e+00
1305	1.109325e+00
1306	1.126196e+00
1307	1.141081e+00
1308	1.151064e+00
1309	1.156678e+00
1310	1.157259e+00
1311	1.154239e+00
1312	1.148368e+00
1313	1.138744e+00
1314	1.125844e+00
1315	1.112014e+00
1316	1.099115e+00
1317	1.085176e+00
1318	1.072645e+00
1319	1.063204e+00
1320	1.056464e+00
1321	1.054225e+00
1322	1.056402e+00
1323	1.064531e+00
1324	1.074793e+00
1325	1.087556e+00
1326	1.100325e+00
1327	1.113909e+00
1328	1.125315e+00
1329	1.135840e+00
1330	1.143057e+00
1331	1.148411e+00
1332	1.150205e+00
1333	1.147653e+00
1334	1.141734e+00
1335	1.133744e+00
1336	1.124650e+00
1337	1.114434e+00
1338	1.103966e+00
1339	1.092652e+00
1340	1.083547e+00
1341	1.076136e+00
1342	1.071578e+00
1343	1.068787e+00
1344	1.068979e+00
1345	1.072171e+00
1346	1.077697e+00
1347	1.087315e+00
1348	1.098305e+00
1349	1.109947e+00
1350	1.120210e+00
1351	1.129913e+00
1352	1.137340e+00
1353	1.142595e+00
1354	1.146034e+00
1355	1.145119e+00
1356	1.141269e+00
1357	1.136574e+00
1358	1.128138e+00
1359	1.117417e+00
1360	1.106026e+00
1361	1.095413e+00
1362	1.084224e+00
1363	1.073808e+00
1364	1.066840e+00
1365	1.061846e+00
1366	1.059146e+00
1367	1.060613e+00
1368	1.065406e+00
1369	1.073847e+00
1370	1.084371e+00
1371	1.095608e+00
1372	1.107148e+00
1373	1.117930e+00
1374	1.128146e+00
1375	1.137053e+00
1376	1.143570e+00
1377	1.146363e+00
1378	1.147338e+00
1379	1.145326e+00
1380	1.138733e+00
1381	1.130193e+00
1382	1.118278e+00
1383	1.104863e+00
1384	1.091050e+00
1385	1.078103e+00
1386	1.067117e+00
1387	1.057352e+00
1388	1.051073e+00
1389	1.049287e+00
1390	1.051584e+00
1391	1.057897e+00
1392	1.067008e+00
1393	1.077740e+00
1394	1.089914e+00
1395	1.101275e+00
1396	1.110954e+00
1397	1.120760e+00
1398	1.129056e+00
1399	1.134752e+00
1400	1.137168e+00
1401	1.135758e+00
1402	1.131614e+00
1403	1.126048e+00
1404	1.117775e+00
1405	1.106849e+00
1406	1.095348e+00
1407	1.084991e+00
1408	1.076466e+00
1409	1.070847e+00
1410	1.067491e+00
1411	1.067540e+00
1412	1.068923e+00
1413	1.070680e+00
1414	1.073907e+00
1415	1.079173e+00
1416	1.085190e+00
1417	1.092144e+00
1418	1.097051e+00
1419	1.103033e+00
1420	1.107560e+00
1421	1.109954e+00
1422	1.111067e+00
1423	1.111199e+00
1424	1.110689e+00
1425	1.108453e+00
1426	1.104989e+00
1427	1.099439e+00
1428	1.094510e+00
1429	1.089860e+00
1430	1.086177e+00
1431	1.084824e+00
1432	1.084710e+00
1433	1.085988e+00
1434	1.088850e+00
1435	1.092406e+00
1436	1.096935e+00
1437	1.102349e+00
1438	1.106954e+00
1439	1.111801e+00
1440	1.115045e+00
1441	1.117709e+00
1442	1.118928e+00
1443	1.119362e+00
1444	1.119324e+00
1445	1.117660e+00
1446	1.115585e+00
1447	1.113769e+00
1448	1.111914e+00
1449	1.109898e+00
1450	1.105923e+00
1451	1.101283e+00
1452	1.096543e+00
1453	1.092417e+00
1454	1.089945e+00
1455	1.087089e+00
1456	1.086097e+00
1457	1.084820e+00
1458	1.084628e+00
1459	1.085357e+00
1460	1.086462e+00
1461	1.089106e+00
1462	1.091967e+00
1463	1.094820e+00
1464	1.099142e+00
1465	1.102798e+00
1466	1.106247e+00
1467	1.109007e+00
1468	1.110560e+00
1469	1.111010e+00
1470	1.111621e+00
1471	1.111101e+00
1472	1.108787e+00
1473	1.106663e+00
1474	1.103978e+00
1475	1.099827e+00
1476	1.096485e+00
1477	1.094135e+00
1478	1.092181e+00
1479	1.089763e+00
1480	1.087372e+00
1481	1.086069e+00
1482	1.086445e+00
1483	1.086415e+00
1484	1.086144e+00
1485	1.086500e+00
1486	1.088855e+00
1487	1.091204e+00
1488	1.093678e+00
1489	1.095919e+00
1490	1.096892e+00
1491	1.098285e+00
1492	1.099380e+00
1493	1.100410e+00
1494	1.102498e+00
1495	1.105874e+00
1496	1.110012e+00
1497	1.111643e+00
1498	1.111847e+00
1499	1.111914e+00
1500	1.112284e+00
1501	1.111469e+00
1502	1.108637e+00
1503	1.105596e+00
1504	1.101412e+00
1505	1.098339e+00
1506	1.096278e+00
1507	1.094456e+00
1508	1.093375e+00
1509	1.094361e+00
1510	1.097118e+00
1511	1.100614e+00
1512	1.103731e+00
1513	1.105963e+00
1514	1.109115e+00
1515	1.112178e+00
1516	1.112436e+00
1517	1.112484e+00
1518	1.112073e+00
1519	1.110505e+00
1520	1.108153e+00
1521	1.105298e+00
1522	1.101206e+00
1523	1.097385e+00
1524	1.094566e+00
1525	1.092903e+00
1526	1.093772e+00
1527	1.094056e+00
1528	1.095763e+00
1529	1.099042e+00
1530	1.103026e+00
1531	1.108007e+00
1532	1.112824e+00
1533	1.116797e+00
1534	1.119757e+00
1535	1.120249e+00
1536	1.119592e+00
1537	1.118560e+00
1538	1.116076e+00
1539	1.111555e+00
1540	1.106419e+00
1541	1.100273e+00
1542	1.093212e+00
1543	1.086772e+00
1544	1.080439e+00
1545	1.074192e+00
1546	1.071896e+00
1547	1.073339e+00
1548	1.076618e+00
1549	1.081438e+00
1550	1.086156e+00
1551	1.092075e+00
1552	1.098142e+00
1553	1.103911e+00
1554	1.107575e+00
1555	1.109006e+00
1556	1.112446e+00
1557	1.114763e+00
1558	1.116214e+00
1559	1.115539e+00
1560	1.112459e+00
1561	1.107924e+00
1562	1.101648e+00
1563	1.095715e+00
1564	1.091462e+00
1565	1.086668e+00
1566	1.081674e+00
1567	1.077647e+00
1568	1.074733e+00
1569	1.071909e+00
1570	1.072253e+00
1571	1.075923e+00
1572	1.080751e+00
1573	1.086477e+00
1574	1.092493e+00
1575	1.099200e+00
1576	1.105757e+00
1577	1.109987e+00
1578	1.113502e+00
1579	1.114593e+00
1580	1.115797e+00
1581	1.115125e+00
1582	1.113600e+00
1583	1.111794e+00
1584	1.110590e+00
1585	1.109208e+00
1586	1.106816e+00
1587	1.104041e+00
1588	1.100090e+00
1589	1.096339e+00
1590	1.094067e+00
1591	1.092793e+00
1592	1.093045e+00
1593	1.093652e+00
1594	1.094350e+00
1595	1.095904e+00
1596	1.097314e+00
1597	1.099466e+00
1598	1.101311e+00
1599	1.102384e+00
1600	1.102557e+00
1601	1.102630e+00
1602	1.101279e+00
1603	1.099610e+00
1604	1.097124e+00
1605	1.096311e+00
1606	1.095384e+00
1607	1.095117e+00
1608	1.094686e+00
1609	1.094855e+00
1610	1.094431e+00
1611	1.094898e+00
1612	1.096938e+00
1613	1.098433e+00
1614	1.099574e+00
1615	1.100551e+00
1616	1.101770e+00
1617	1.102363e+00
1618	1.100939e+00
1619	1.096744e+00
1620	1.092168e+00
1621	1.088528e+00
1622	1.085043e+00
1623	1.082069e+00
1624	1.079788e+00
1625	1.079510e+00
1626	1.079413e+00
1627	1.080028e+00
1628	1.080859e+00
1629	1.082417e+00
1630	1.085639e+00
1631	1.088836e+00
1632	1.092301e+00
1633	1.094614e+00
1634	1.097592e+00
1635	1.098936e+00
1636	1.100199e+00
1637	1.100209e+00
1638	1.099542e+00
1639	1.099691e+00
1640	1.097804e+00
1641	1.094483e+00
1642	1.091045e+00
1643	1.088652e+00
1644	1.085551e+00
1645	1.082388e+00
1646	1.079528e+00
1647	1.078724e+00
1648	1.078860e+00
1649	1.079740e+00
1650	1.081600e+00
1651	1.086020e+00
1652	1.090937e+00
1653	1.097563e+00
1654	1.102129e+00
1655	1.106775e+00
1656	1.108304e+00
1657	1.110881e+00
1658	1.110905e+00
1659	1.110452e+00
1660	1.107913e+00
1661	1.103537e+00
1662	1.096866e+00
1663	1.090378e+00
1664	1.084833e+00
1665	1.079123e+00
1666	1.075636e+00
1667	1.073723e+00
1668	1.075325e+00
1669	1.079904e+00
1670	1.086207e+00
1671	1.094118e+00
1672	1.102684e+00
1673	1.111229e+00
1674	1.118843e+00
1675	1.123856e+00
1676	1.127444e+00
1677	1.129022e+00
1678	1.128414e+00
1679	1.124938e+00
1680	1.120959e+00
1681	1.115362e+00
1682	1.107859e+00
1683	1.099642e+00
1684	1.090766e+00
1685	1.082379e+00
1686	1.075276e+00
1687	1.071921e+00
1688	1.070781e+00
1689	1.070830e+00
1690	1.072602e+00
1691	1.076120e+00
1692	1.081313e+00
1693	1.086898e+00
1694	1.093776e+00
1695	1.101823e+00
1696	1.107854e+00
1697	1.113999e+00
1698	1.119556e+00
1699	1.123314e+00
1700	1.125795e+00
1701	1.126789e+00
1702	1.127705e+00
1703	1.126688e+00
1704	1.123036e+00
1705	1.115867e+00
1706	1.107200e+00
1707	1.098695e+00
1708	1.090167e+00
1709	1.083584e+00
1710	1.080164e+00
1711	1.079810e+00
1712	1.080666e+00
1713	1.083091e+00
1714	1.087695e+00
1715	1.092511e+00
1716	1.097853e+00
1717	1.103696e+00
1718	1.108970e+00
1719	1.113903e+00
1720	1.116821e+00
1721	1.118250e+00
1722	1.117772e+00
1723	1.115862e+00
1724	1.110725e+00
1725	1.104285e+00
1726	1.097189e+00
1727	1.091174e+00
1728	1.087211e+00
1729	1.086377e+00
1730	1.087044e+00
1731	1.088113e+00
1732	1.090145e+00
1733	1.093391e+00
1734	1.096831e+00
1735	1.100913e+00
1736	1.105269e+00
1737	1.108254e+00
1738	1.111559e+00
1739	1.114123e+00
1740	1.116425e+00
1741	1.116142e+00
1742	1.114798e+00
1743	1.111771e+00
1744	1.109217e+00
1745	1.106671e+00
1746	1.104180e+00
1747	1.101800e+00
1748	1.098794e+00
1749	1.094922e+00
1750	1.091075e+00
1751	1.087932e+00
1752	1.086138e+00
1753	1.086505e+00
1754	1.087920e+00
1755	1.091457e+00
1756	1.097054e+00
1757	1.103659e+00
1758	1.110863e+00
1759	1.117716e+00
1760	1.123764e+00
1761	1.127136e+00
1762	1.129820e+00
1763	1.131287e+00
1764	1.130694e+00
1765	1.126560e+00
1766	1.119922e+00
1767	1.111880e+00
1768	1.102404e+00
1769	1.091636e+00
1770	1.081434e+00
1771	1.075572e+00
1772	1.072396e+00
1773	1.072743e+00
1774	1.073536e+00
1775	1.076989e+00
1776	1.081571e+00
1777	1.087616e+00
1778	1.093275e+00
1779	1.097946e+00
1780	1.102528e+00
1781	1.107445e+00
1782	1.111590e+00
1783	1.116144e+00
1784	1.118981e+00
1785	1.119843e+00
1786	1.117788e+00
1787	1.113749e+00
1788	1.107531e+00
1789	1.100155e+00
1790	1.093980e+00
1791	1.086594e+00
1792	1.080264e+00
1793	1.074566e+00
1794	1.070071e+00
1795	1.067831e+00
1796	1.067997e+00
1797	1.069554e+00
1798	1.073146e+00
1799	1.079093e+00
1800	1.085329e+00
1801	1.093302e+00
1802	1.100441e+00
1803	1.106720e+00
1804	1.111633e+00
1805	1.112218e+00
1806	1.112304e+00
1807	1.112148e+00
1808	1.110717e+00
1809	1.109056e+00
1810	1.107250e+00
1811	1.105923e+00
1812	1.103425e+00
1813	1.099827e+00
1814	1.096622e+00
1815	1.094133e+00
1816	1.092486e+00
1817	1.092520e+00
1818	1.093902e+00
1819	1.095965e+00
1820	1.099675e+00
1821	1.104114e+00
1822	1.107497e+00
1823	1.110482e+00
1824	1.113507e+00
1825	1.117780e+00
1826	1.120943e+00
1827	1.123211e+00
1828	1.124266e+00
1829	1.124726e+00
1830	1.122257e+00
1831	1.117045e+00
1832	1.111029e+00
1833	1.104434e+00
1834	1.097789e+00
1835	1.091036e+00
1836	1.086303e+00
1837	1.083324e+00
1838	1.083170e+00
1839	1.083565e+00
1840	1.086136e+00
1841	1.089309e+00
1842	1.092465e+00
1843	1.095193e+00
1844	1.097545e+00
1845	1.099946e+00
1846	1.100696e+00
1847	1.102196e+00
1848	1.102286e+00
1849	1.103288e+00
1850	1.104663e+00
1851	1.105715e+00
1852	1.105864e+00
1853	1.106110e+00
1854	1.106255e+00
1855	1.105684e+00
1856	1.104479e+00
1857	1.102720e+00
1858	1.101994e+00
1859	1.102072e+00
1860	1.103868e+00
1861	1.106095e+00
1862	1.107878e+00
1863	1.109635e+00
1864	1.110913e+00
1865	1.112862e+00
1866	1.113954e+00
1867	1.113736e+00
1868	1.114304e+00
1869	1.113253e+00
1870	1.111006e+00
1871	1.108323e+00
1872	1.104745e+00
1873	1.100434e+00
1874	1.095551e+00
1875	1.092296e+00
1876	1.089311e+00
1877	1.086578e+00
1878	1.085129e+00
1879	1.084462e+00
1880	1.085780e+00
1881	1.087593e+00
1882	1.090729e+00
1883	1.094595e+00
1884	1.098625e+00
1885	1.102733e+00
1886	1.106369e+00
1887	1.109177e+00
1888	1.111236e+00
1889	1.112833e+00
1890	1.113169e+00
1891	1.112546e+00
1892	1.110761e+00
1893	1.107274e+00
1894	1.101005e+00
1895	1.095865e+00
1896	1.092252e+00
1897	1.089417e+00
1898	1.086590e+00
1899	1.084160e+00
1900	1.082953e+00
1901	1.083385e+00
1902	1.085141e+00
1903	1.088984e+00
1904	1.092936e+00
1905	1.096485e+00
1906	1.101217e+00
1907	1.107060e+00
1908	1.112326e+00
1909	1.117438e+00
1910	1.122512e+00
1911	1.126439e+00
1912	1.128766e+00
1913	1.129660e+00
1914	1.128193e+00
1915	1.125022e+00
1916	1.120178e+00
1917	1.114889e+00
1918	1.107214e+00
1919	1.100743e+00
1920	1.094964e+00
1921	1.090326e+00
1922	1.087010e+00
1923	1.085496e+00
1924	1.084022e+00
1925	1.084203e+00
1926	1.085211e+00
1927	1.088129e+00
1928	1.092181e+00
1929	1.098395e+00
1930	1.105126e+00
1931	1.112655e+00
1932	1.117480e+00
1933	1.121466e+00
1934	1.123831e+00
1935	1.122964e+00
1936	1.119862e+00
1937	1.115541e+00
1938	1.110300e+00
1939	1.105483e+00
1940	1.100432e+00
1941	1.095955e+00
1942	1.092505e+00
1943	1.088298e+00
1944	1.086380e+00
1945	1.086806e+00
1946	1.086294e+00
1947	1.087367e+00
1948	1.090094e+00
1949	1.095055e+00
1950	1.100274e+00
1951	1.104762e+00
1952	1.108909e+00
1953	1.113065e+00
1954	1.116071e+00
1955	1.116403e+00
1956	1.115141e+00
1957	1.114533e+00
1958	1.111883e+00
1959	1.107720e+00
1960	1.106158e+00
1961	1.104669e+00
1962	1.102185e+00
1963	1.099920e+00
1964	1.098378e+00
1965	1.097854e+00
1966	1.099377e+00
1967	1.102076e+00
1968	1.103399e+00
1969	1.104349e+00
1970	1.105095e+00
1971	1.106449e+00
1972	1.106031e+00
1973	1.106118e+00
1974	1.106539e+00
1975	1.106905e+00
1976	1.107785e+00
1977	1.107698e+00
1978	1.107068e+00
1979	1.104652e+00
1980	1.102277e+00
1981	1.100034e+00
1982	1.098731e+00
1983	1.098305e+00
1984	1.098469e+00
1985	1.100009e+00
1986	1.102438e+00
1987	1.105024e+00
1988	1.109172e+00
1989	1.112597e+00
1990	1.116569e+00
1991	1.117886e+00
1992	1.118725e+00
1993	1.118069e+00
1994	1.116899e+00
1995	1.114113e+00
1996	1.110037e+00
1997	1.105568e+00
1998	1.102912e+00
1999	1.101623e+00
2000	1.100528e+00
2001	1.098150e+00
2002	1.096281e+00
2003	1.096273e+00
2004	1.098460e+00
2005	1.102764e+00
2006	1.107830e+00
2007	1.114459e+00
2008	1.120011e+00
2009	1.124553e+00
2010	1.128408e+00
2011	1.131883e+00
2012	1.133281e+00
2013	1.131306e+00
2014	1.126549e+00
2015	1.117978e+00
2016	1.108625e+00
2017	1.100637e+00
2018	1.093300e+00
2019	1.086401e+00
2020	1.080265e+00
2021	1.074589e+00
2022	1.071043e+00
2023	1.070561e+00
2024	1.072136e+00
2025	1.076942e+00
2026	1.084002e+00
2027	1.092925e+00
2028	1.103484e+00
2029	1.112360e+00
2030	1.120722e+00
2031	1.127960e+00
2032	1.132912e+00
2033	1.136789e+00
2034	1.137518e+00
2035	1.135484e+00
2036	1.131403e+00
2037	1.124400e+00
2038	1.115533e+00
2039	1.106127e+00
2040	1.095152e+00
2041	1.084581e+00
2042	1.074752e+00
2043	1.067968e+00
2044	1.062637e+00
2045	1.059607e+00
2046	1.059624e+00
2047	1.062825e+00
2048	1.068771e+00
2049	1.078236e+00
2050	1.089702e+00
2051	1.101564e+00
2052	1.113348e+00
2053	1.125285e+00
2054	1.134594e+00
2055	1.142770e+00
2056	1.146665e+00
2057	1.147709e+00
2058	1.145892e+00
2059	1.141150e+00
2060	1.132693e+00
2061	1.121359e+00
2062	1.107562e+00
2063	1.092453e+00
2064	1.077870e+00
2065	1.066822e+00
2066	1.057866e+00
2067	1.051528e+00
2068	1.050501e+00
2069	1.054809e+00
2070	1.062092e+00
2071	1.073995e+00
2072	1.087732e+00
2073	1.102214e+00
2074	1.117862e+00
2075	1.131902e+00
2076	1.142937e+00
2077	1.151963e+00
2078	1.157465e+00
2079	1.158942e+00
2080	1.155874e+00
2081	1.148950e+00
2082	1.140116e+00
2083	1.128165e+00
2084	1.114752e+00
2085	1.100452e+00
2086	1.088133e+00
2087	1.075765e+00
2088	1.067417e+00
2089	1.059764e+00
2090	1.056175e+00
2091	1.055995e+00
2092	1.059962e+00
2093	1.065387e+00
2094	1.073144e+00
2095	1.082284e+00
2096	1.094109e+00
2097	1.107718e+00
2098	1.121482e+00
2099	1.132815e+00
2100	1.142201e+00
2101	1.148103e+00
2102	1.149887e+00
2103	1.148645e+00
2104	1.143252e+00
2105	1.135757e+00
2106	1.127178e+00
2107	1.118397e+00
2108	1.107121e+00
2109	1.096049e+00
2110	1.084349e+00
2111	1.075214e+00
2112	1.069841e+00
2113	1.068121e+00
2114	1.071016e+00
2115	1.076632e+00
2116	1.084117e+00
2117	1.092814e+00
2118	1.103323e+00
2119	1.112420e+00
2120	1.119768e+00
2121	1.124565e+00
2122	1.128496e+00
2123	1.131485e+00
2124	1.132323e+00
2125	1.130073e+00
2126	1.127204e+00
2127	1.123010e+00
2128	1.118406e+00
2129	1.112342e+00
2130	1.104755e+00
2131	1.097231e+00
2132	1.090433e+00
2133	1.084585e+00
2134	1.079342e+00
2135	1.076358e+00
2136	1.074262e+00
2137	1.073741e+00
2138	1.077019e+00
2139	1.082123e+00
2140	1.089015e+00
2141	1.095523e+00
2142	1.104416e+00
2143	1.111295e+00
2144	1.117099e+00
2145	1.121951e+00
2146	1.125551e+00
2147	1.127897e+00
2148	1.128329e+00
2149	1.127303e+00
2150	1.122590e+00
2151	1.115866e+00
2152	1.108715e+00
2153	1.102184e+00
2154	1.095228e+00
2155	1.088344e+00
2156	1.081594e+00
2157	1.076178e+00
2158	1.072489e+00
2159	1.072242e+00
2160	1.074706e+00
2161	1.080092e+00
2162	1.087630e+00
2163	1.095578e+00
2164	1.103956e+00
2165	1.111811e+00
2166	1.120251e+00
2167	1.128486e+00
2168	1.134653e+00
2169	1.137700e+00
2170	1.138666e+00
2171	1.136981e+00
2172	1.133506e+00
2173	1.128486e+00
2174	1.122236e+00
2175	1.114210e+00
2176	1.105330e+00
2177	1.093466e+00
2178	1.081194e+00
2179	1.070187e+00
2180	1.060910e+00
2181	1.053483e+00
2182	1.049473e+00
2183	1.048407e+00
2184	1.051298e+00
2185	1.057846e+00
2186	1.068130e+00
2187	1.079916e+00
2188	1.093598e+00
2189	1.108323e+00
2190	1.122793e+00
2191	1.134581e+00
2192	1.143929e+00
2193	1.149460e+00
2194	1.151352e+00
2195	1.148610e+00
2196	1.141437e+00
2197	1.131001e+00
2198	1.118082e+00
2199	1.105315e+00
2200	1.092730e+00
2201	1.081399e+00
2202	1.072289e+00
2203	1.065363e+00
2204	1.060642e+00
2205	1.059539e+00
2206	1.062272e+00
2207	1.067499e+00
2208	1.074717e+00
2209	1.085422e+00
2210	1.097166e+00
2211	1.108959e+00
2212	1.121001e+00
2213	1.131774e+00
2214	1.140049e+00
2215	1.145688e+00
2216	1.149179e+00
2217	1.149461e+00
2218	1.146971e+00
2219	1.139780e+00
2220	1.130239e+00
2221	1.116958e+00
2222	1.104213e+00
2223	1.091540e+00
2224	1.078980e+00
2225	1.068203e+00
2226	1.060896e+00
2227	1.056280e+00
2228	1.054242e+00
2229	1.056119e+00
2230	1.061407e+00
2231	1.068329e+00
2232	1.078065e+00
2233	1.089515e+00
2234	1.100482e+00
2235	1.111850e+00
2236	1.122007e+00
2237	1.130654e+00
2238	1.136866e+00
2239	1.138496e+00
2240	1.136927e+00
2241	1.131461e+00
2242	1.123194e+00
2243	1.112703e+00
2244	1.101064e+00
2245	1.087305e+00
2246	1.073927e+00
2247	1.063858e+00
2248	1.056096e+00
2249	1.051681e+00
2250	1.052212e+00
2251	1.057688e+00
2252	1.067102e+00
2253	1.079827e+00
2254	1.093458e+00
2255	1.107768e+00
2256	1.121616e+00
2257	1.133857e+00
2258	1.143775e+00
2259	1.149583e+00
2260	1.153587e+00
2261	1.153087e+00
2262	1.148806e+00
2263	1.141854e+00
2264	1.131505e+00
2265	1.118489e+00
2266	1.102677e+00
2267	1.088052e+00
2268	1.075424e+00
2269	1.065060e+00
2270	1.057653e+00
2271	1.054282e+00
2272	1.054958e+00
2273	1.059292e+00
2274	1.068037e+00
2275	1.080259e+00
2276	1.095044e+00
2277	1.111185e+00
2278	1.125498e+00
2279	1.138263e+00
2280	1.147892e+00
2281	1.153911e+00
2282	1.155312e+00
2283	1.150074e+00
2284	1.141234e+00
2285	1.129425e+00
2286	1.114107e+00
2287	1.097156e+00
2288	1.080299e+00
2289	1.065024e+00
2290	1.052442e+00
2291	1.045114e+00
2292	1.041419e+00
2293	1.044867e+00
2294	1.051769e+00
2295	1.062083e+00
2296	1.075235e+00
2297	1.090260e+00
2298	1.106019e+00
2299	1.119978e+00
2300	1.132487e+00
2301	1.142373e+00
2302	1.148882e+00
2303	1.152622e+00
2304	1.151532e+00
2305	1.147115e+00
2306	1.139631e+00
2307	1.128452e+00
2308	1.114608e+00
2309	1.100223e+00
2310	1.085226e+00
2311	1.072008e+00
2312	1.060546e+00
2313	1.051254e+00
2314	1.045536e+00
2315	1.044013e+00
2316	1.048542e+00
2317	1.059357e+00
2318	1.073376e+00
2319	1.089161e+00
2320	1.105444e+00
2321	1.120606e+00
2322	1.132924e+00
2323	1.142326e+00
2324	1.148041e+00
2325	1.150748e+00
2326	1.147747e+00
2327	1.142160e+00
2328	1.134084e+00
2329	1.123430e+00
2330	1.111621e+00
2331	1.099503e+00
2332	1.086056e+00
2333	1.072481e+00
2334	1.061320e+00
2335	1.053535e+00
2336	1.050026e+00
2337	1.051941e+00
2338	1.058575e+00
2339	1.068708e+00
2340	1.082554e+00
2341	1.096567e+00
2342	1.109832e+00
2343	1.121054e+00
2344	1.130997e+00
2345	1.137932e+00
2346	1.143062e+00
2347	1.143984e+00
2348	1.141781e+00
2349	1.138550e+00
2350	1.131062e+00
2351	1.123598e+00
2352	1.114841e+00
2353	1.104881e+00
2354	1.094001e+00
2355	1.084238e+00
2356	1.076159e+00
2357	1.069825e+00
2358	1.066949e+00
2359	1.067788e+00
2360	1.072312e+00
2361	1.080336e+00
2362	1.090441e+00
2363	1.102935e+00
2364	1.116603e+00
2365	1.128261e+00
2366	1.138681e+00
2367	1.147866e+00
2368	1.152583e+00
2369	1.154140e+00
2370	1.152171e+00
2371	1.147466e+00
2372	1.139860e+00
2373	1.129387e+00
2374	1.117157e+00
2375	1.103839e+00
2376	1.090207e+00
2377	1.077328e+00
2378	1.065795e+00
2379	1.057311e+00
2380	1.052683e+00
2381	1.051518e+00
2382	1.053664e+00
2383	1.059645e+00
2384	1.068249e+00
2385	1.079567e+00
2386	1.092253e+00
2387	1.104431e+00
2388	1.115636e+00
2389	1.124649e+00
2390	1.129381e+00
2391	1.131470e+00
2392	1.131024e+00
2393	1.126493e+00
2394	1.121512e+00
2395	1.114142e+00
2396	1.106182e+00
2397	1.096338e+00
2398	1.085924e+00
2399	1.077866e+00
2400	1.072486e+00
2401	1.069159e+00
2402	1.068116e+00
2403	1.069203e+00
2404	1.072000e+00
2405	1.076054e+00
2406	1.081343e+00
2407	1.088914e+00
2408	1.097040e+00
2409	1.105012e+00
2410	1.112792e+00
2411	1.118794e+00
2412	1.124098e+00
2413	1.127808e+00
2414	1.129456e+00
2415	1.128866e+00
2416	1.127340e+00
2417	1.124896e+00
2418	1.119859e+00
2419	1.113372e+00
2420	1.106209e+00
2421	1.098830e+00
2422	1.092739e+00
2423	1.087187e+00
2424	1.084201e+00
2425	1.083415e+00
2426	1.083270e+00
2427	1.086250e+00
2428	1.092610e+00
2429	1.101140e+00
2430	1.111762e+00
2431	1.120914e+00
2432	1.127696e+00
2433	1.131288e+00
2434	1.131968e+00
2435	1.128942e+00
2436	1.123096e+00
2437	1.116083e+00
2438	1.107900e+00
2439	1.098320e+00
2440	1.088224e+00
2441	1.078758e+00
2442	1.071881e+00
2443	1.069135e+00
2444	1.069479e+00
2445	1.071276e+00
2446	1.076419e+00
2447	1.083693e+00
2448	1.092226e+00
2449	1.101965e+00
2450	1.111268e+00
2451	1.120393e+00
2452	1.128588e+00
2453	1.133966e+00
2454	1.137021e+00
2455	1.136651e+00
2456	1.133121e+00
2457	1.128125e+00
2458	1.121447e+00
2459	1.113604e+00
2460	1.105564e+00
2461	1.096597e+00
2462	1.088072e+00
2463	1.081679e+00
2464	1.077685e+00
2465	1.075878e+00
2466	1.075210e+00
2467	1.076194e+00
2468	1.078881e+00
2469	1.083612e+00
2470	1.088918e+00
2471	1.096022e+00
2472	1.102735e+00
2473	1.109999e+00
2474	1.117705e+00
2475	1.122898e+00
2476	1.124718e+00
2477	1.125681e+00
2478	1.126801e+00
2479	1.127130e+00
2480	1.125570e+00
2481	1.122748e+00
2482	1.118696e+00
2483	1.113196e+00
2484	1.107795e+00
2485	1.103106e+00
2486	1.097648e+00
2487	1.093091e+00
2488	1.089297e+00
2489	1.087563e+00
2490	1.087203e+00
2491	1.089750e+00
2492	1.093996e+00
2493	1.099814e+00
2494	1.106152e+00
2495	1.112684e+00
2496	1.119624e+00
2497	1.127690e+00
2498	1.133577e+00
2499	1.137163e+00
2500	1.139186e+00
2501	1.138506e+00
2502	1.136248e+00
2503	1.132990e+00
2504	1.127446e+00
2505	1.119438e+00
2506	1.108324e+00
2507	1.096627e+00
2508	1.086467e+00
2509	1.077301e+00
2510	1.070617e+00
2511	1.067649e+00
2512	1.067862e+00
2513	1.072834e+00
2514	1.080973e+00
2515	1.090478e+00
2516	1.100264e+00
2517	1.110931e+00
2518	1.122495e+00
2519	1.133481e+00
2520	1.143105e+00
2521	1.149986e+00
2522	1.153451e+00
2523	1.152648e+00
2524	1.147990e+00
2525	1.139709e+00
2526	1.130355e+00
2527	1.118189e+00
2528	1.105019e+00
2529	1.094141e+00
2530	1.084029e+00
2531	1.075479e+00
2532	1.069794e+00
2533	1.066041e+00
2534	1.065471e+00
2535	1.067798e+00
2536	1.073093e+00
2537	1.081281e+00
2538	1.090114e+00
2539	1.100050e+00
2540	1.109261e+00
2541	1.118894e+00
2542	1.126544e+00
2543	1.132502e+00
2544	1.137893e+00
2545	1.140489e+00
2546	1.140736e+00
2547	1.138916e+00
2548	1.133542e+00
2549	1.126240e+00
2550	1.117860e+00
2551	1.109003e+00
2552	1.100410e+00
2553	1.092940e+00
2554	1.087537e+00
2555	1.084699e+00
2556	1.082044e+00
2557	1.082767e+00
2558	1.085598e+00
2559	1.090269e+00
2560	1.095515e+00
2561	1.101193e+00
2562	1.106780e+00
2563	1.113092e+00
2564	1.118159e+00
2565	1.122158e+00
2566	1.123030e+00
2567	1.121078e+00
2568	1.116736e+00
2569	1.110630e+00
2570	1.102295e+00
2571	1.094656e+00
2572	1.086200e+00
2573	1.080053e+00
2574	1.076646e+00
2575	1.075434e+00
2576	1.075842e+00
2577	1.077711e+00
2578	1.081086e+00
2579	1.086434e+00
2580	1.092700e+00
2581	1.098727e+00
2582	1.104259e+00
2583	1.110289e+00
2584	1.116996e+00
2585	1.122015e+00
2586	1.127842e+00
2587	1.131640e+00
2588	1.133058e+00
2589	1.130394e+00
2590	1.126727e+00
2591	1.121770e+00
2592	1.115304e+00
2593	1.108691e+00
2594	1.102076e+00
2595	1.093799e+00
2596	1.086192e+00
2597	1.080757e+00
2598	1.075996e+00
2599	1.072550e+00
2600	1.072251e+00
2601	1.074650e+00
2602	1.078196e+00
2603	1.083588e+00
2604	1.090553e+00
2605	1.098076e+00
2606	1.104762e+00
2607	1.110755e+00
2608	1.115136e+00
2609	1.118254e+00
2610	1.120513e+00
2611	1.120960e+00
2612	1.122070e+00
2613	1.121766e+00
2614	1.120750e+00
2615	1.117883e+00
2616	1.113831e+00
2617	1.108213e+00
2618	1.102787e+00
2619	1.097486e+00
2620	1.093853e+00
2621	1.090351e+00
2622	1.086817e+00
2623	1.085007e+00
2624	1.084420e+00
2625	1.087010e+00
2626	1.090832e+00
2627	1.097813e+00
2628	1.103762e+00
2629	1.109108e+00
2630	1.113634e+00
2631	1.118005e+00
2632	1.120515e+00
2633	1.120596e+00
2634	1.119940e+00
2635	1.116397e+00
2636	1.111870e+00
2637	1.107771e+00
2638	1.103066e+00
2639	1.097526e+00
2640	1.092740e+00
2641	1.089998e+00
2642	1.088524e+00
2643	1.088312e+00
2644	1.088669e+00
2645	1.091345e+00
2646	1.093229e+00
2647	1.095998e+00
2648	1.099092e+00
2649	1.101597e+00
2650	1.103739e+00
2651	1.107137e+00
2652	1.111217e+00
2653	1.114916e+00
2654	1.116662e+00
2655	1.116975e+00
2656	1.116546e+00
2657	1.116170e+00
2658	1.114462e+00
2659	1.112289e+00
2660	1.107833e+00
2661	1.103098e+00
2662	1.097980e+00
2663	1.092352e+00
2664	1.087364e+00
2665	1.083004e+00
2666	1.081681e+00
2667	1.082553e+00
2668	1.085668e+00
2669	1.089745e+00
2670	1.094177e+00
2671	1.100322e+00
2672	1.106193e+00
2673	1.112215e+00
2674	1.116970e+00
2675	1.120500e+00
2676	1.122900e+00
2677	1.126577e+00
2678	1.127175e+00
2679	1.126728e+00
2680	1.126034e+00
2681	1.124430e+00
2682	1.121878e+00
2683	1.117787e+00
2684	1.114784e+00
2685	1.111250e+00
2686	1.106697e+00
2687	1.100271e+00
2688	1.094181e+00
2689	1.088623e+00
2690	1.083533e+00
2691	1.079839e+00
2692	1.078129e+00
2693	1.078123e+00
2694	1.080831e+00
2695	1.084843e+00
2696	1.090991e+00
2697	1.096815e+00
2698	1.102889e+00
2699	1.107839e+00
2700	1.113078e+00
2701	1.117064e+00
2702	1.120281e+00
2703	1.122176e+00
2704	1.122799e+00
2705	1.121112e+00
2706	1.117262e+00
2707	1.113094e+00
2708	1.108299e+00
2709	1.101816e+00
2710	1.096196e+00
2711	1.090530e+00
2712	1.084465e+00
2713	1.079376e+00
2714	1.075906e+00
2715	1.073810e+00
2716	1.073201e+00
2717	1.073458e+00
2718	1.075623e+00
2719	1.077977e+00
2720	1.082093e+00
2721	1.087994e+00
2722	1.093847e+00
2723	1.100240e+00
2724	1.105903e+00
2725	1.109806e+00
2726	1.112260e+00
2727	1.112774e+00
2728	1.109211e+00
2729	1.105093e+00
2730	1.100370e+00
2731	1.097433e+00
2732	1.094098e+00
2733	1.090443e+00
2734	1.087467e+00
2735	1.085077e+00
2736	1.084286e+00
2737	1.084318e+00
2738	1.085615e+00
2739	1.087870e+00
2740	1.090744e+00
2741	1.093170e+00
2742	1.097649e+00
2743	1.101604e+00
2744	1.106050e+00
2745	1.109798e+00
2746	1.112477e+00
2747	1.113239e+00
2748	1.111717e+00
2749	1.109814e+00
2750	1.107370e+00
2751	1.103943e+00
2752	1.100307e+00
2753	1.096920e+00
2754	1.094180e+00
2755	1.092779e+00
2756	1.092000e+00
2757	1.091931e+00
2758	1.093106e+00
2759	1.093269e+00
2760	1.095616e+00
2761	1.097122e+00
2762	1.100008e+00
2763	1.103544e+00
2764	1.106989e+00
2765	1.109451e+00
2766	1.110857e+00
2767	1.111046e+00
2768	1.109381e+00
2769	1.106292e+00
2770	1.100446e+00
2771	1.095287e+00
2772	1.089817e+00
2773	1.085706e+00
2774	1.082791e+00
2775	1.081675e+00
2776	1.082138e+00
2777	1.084798e+00
2778	1.088968e+00
2779	1.094369e+00
2780	1.099418e+00
2781	1.103931e+00
2782	1.109073e+00
2783	1.114556e+00
2784	1.118662e+00
2785	1.121387e+00
2786	1.121375e+00
2787	1.120315e+00
2788	1.117667e+00
2789	1.113691e+00
2790	1.107918e+00
2791	1.103123e+00
2792	1.097340e+00
2793	1.092301e+00
2794	1.087367e+00
2795	1.084613e+00
2796	1.085826e+00
2797	1.088920e+00
2798	1.093155e+00
2799	1.098209e+00
2800	1.102331e+00
2801	1.106984e+00
2802	1.111425e+00
2803	1.116761e+00
2804	1.120388e+00
2805	1.121266e+00
2806	1.120646e+00
2807	1.119849e+00
2808	1.117599e+00
2809	1.114922e+00
2810	1.112919e+00
2811	1.110059e+00
2812	1.105313e+00
2813	1.100338e+00
2814	1.095509e+00
2815	1.091731e+00
2816	1.089428e+00
2817	1.088716e+00
2818	1.088954e+00
2819	1.090244e+00
2820	1.093387e+00
2821	1.096320e+00
2822	1.099528e+00
2823	1.103242e+00
2824	1.109770e+00
2825	1.116024e+00
2826	1.122434e+00
2827	1.128121e+00
2828	1.132446e+00
2829	1.134886e+00
2830	1.134078e+00
2831	1.131768e+00
2832	1.127852e+00
2833	1.122080e+00
2834	1.115695e+00
2835	1.109355e+00
2836	1.104602e+00
2837	1.100381e+00
2838	1.097512e+00
2839	1.095788e+00
2840	1.094403e+00
2841	1.093313e+00
2842	1.092644e+00
2843	1.092428e+00
2844	1.094570e+00
2845	1.099161e+00
2846	1.105365e+00
2847	1.114425e+00
2848	1.122579e+00
2849	1.129643e+00
2850	1.135348e+00
2851	1.139266e+00
2852	1.141255e+00
2853	1.139339e+00
2854	1.136504e+00
2855	1.129373e+00
2856	1.120029e+00
2857	1.109048e+00
2858	1.096663e+00
2859	1.083993e+00
2860	1.073286e+00
2861	1.065771e+00
2862	1.061538e+00
2863	1.059852e+00
2864	1.061225e+00
2865	1.067017e+00
2866	1.075046e+00
2867	1.086005e+00
2868	1.098823e+00
2869	1.111290e+00
2870	1.123204e+00
2871	1.132054e+00
2872	1.137243e+00
2873	1.140414e+00
2874	1.142345e+00
2875	1.140174e+00
2876	1.132772e+00
2877	1.122096e+00
2878	1.110064e+00
2879	1.096819e+00
2880	1.083372e+00
2881	1.071703e+00
2882	1.063088e+00
2883	1.057960e+00
2884	1.058595e+00
2885	1.062165e+00
2886	1.069138e+00
2887	1.078993e+00
2888	1.090508e+00
2889	1.102271e+00
2890	1.113369e+00
2891	1.123421e+00
2892	1.132917e+00
2893	1.138920e+00
2894	1.142719e+00
2895	1.143797e+00
2896	1.142170e+00
2897	1.138380e+00
2898	1.132055e+00
2899	1.123847e+00
2900	1.114223e+00
2901	1.104341e+00
2902	1.094940e+00
2903	1.086263e+00
2904	1.079173e+00
2905	1.074061e+00
2906	1.072270e+00
2907	1.070249e+00
2908	1.069571e+00
2909	1.072154e+00
2910	1.077460e+00
2911	1.085240e+00
2912	1.093826e+00
2913	1.103249e+00
2914	1.113907e+00
2915	1.124550e+00
2916	1.132536e+00
2917	1.139241e+00
2918	1.143606e+00
2919	1.144882e+00
2920	1.142756e+00
2921	1.137060e+00
2922	1.130067e+00
2923	1.120739e+00
2924	1.112063e+00
2925	1.102824e+00
2926	1.093112e+00
2927	1.083554e+00
2928	1.076337e+00
2929	1.069369e+00
2930	1.064228e+00
2931	1.060515e+00
2932	1.060430e+00
2933	1.063759e+00
2934	1.069066e+00
2935	1.077573e+00
2936	1.087626e+00
2937	1.098355e+00
2938	1.108443e+00
2939	1.118071e+00
2940	1.127137e+00
2941	1.134369e+00
2942	1.138894e+00
2943	1.140613e+00
2944	1.139920e+00
2945	1.136550e+00
2946	1.127905e+00
2947	1.117022e+00
2948	1.103557e+00
2949	1.089110e+00
2950	1.075182e+00
2951	1.063961e+00
2952	1.056095e+00
2953	1.053434e+00
2954	1.054592e+00
2955	1.060372e+00
2956	1.069750e+00
2957	1.081166e+00
2958	1.092328e+00
2959	1.104139e+00
2960	1.113390e+00
2961	1.121583e+00
2962	1.128815e+00
2963	1.134375e+00
2964	1.137066e+00
2965	1.136220e+00
2966	1.130554e+00
2967	1.123301e+00
2968	1.115483e+00
2969	1.105721e+00
2970	1.094979e+00
2971	1.084696e+00
2972	1.076361e+00
2973	1.069726e+00
2974	1.066350e+00
2975	1.065769e+00
2976	1.068222e+00
2977	1.072728e+00
2978	1.079192e+00
2979	1.087175e+00
2980	1.095503e+00
2981	1.105383e+00
2982	1.114991e+00
2983	1.123917e+00
2984	1.131808e+00
2985	1.138141e+00
2986	1.143302e+00
2987	1.144279e+00
2988	1.142918e+00
2989	1.139830e+00
2990	1.133952e+00
2991	1.124006e+00
2992	1.110284e+00
2993	1.094799e+00
2994	1.079161e+00
2995	1.066545e+00
2996	1.055259e+00
2997	1.048402e+00
2998	1.045738e+00
2999	1.047201e+00
3000	1.052553e+00
3001	1.061382e+00
3002	1.074428e+00
3003	1.088880e+00
3004	1.103505e+00
3005	1.118352e+00
3006	1.130732e+00
3007	1.141044e+00
3008	1.148594e+00
3009	1.151593e+00
3010	1.149513e+00
3011	1.141230e+00
3012	1.129676e+00
3013	1.115476e+00
3014	1.099047e+00
3015	1.081306e+00
3016	1.064676e+00
3017	1.050697e+00
3018	1.040800e+00
3019	1.036875e+00
3020	1.039764e+00
3021	1.047840e+00
3022	1.060250e+00
3023	1.076953e+00
3024	1.095072e+00
3025	1.113329e+00
3026	1.130921e+00
3027	1.145491e+00
3028	1.155736e+00
3029	1.161111e+00
3030	1.160882e+00
3031	1.155545e+00
3032	1.146127e+00
3033	1.132406e+00
3034	1.116862e+00
3035	1.098764e+00
3036	1.080566e+00
3037	1.063301e+00
3038	1.047897e+00
3039	1.038675e+00
3040	1.034857e+00
3041	1.036860e+00
3042	1.044453e+00
3043	1.057129e+00
3044	1.073697e+00
3045	1.092192e+00
3046	1.109397e+00
3047	1.126174e+00
3048	1.139472e+00
3049	1.149623e+00
3050	1.155014e+00
3051	1.154862e+00
3052	1.150667e+00
3053	1.142283e+00
3054	1.129995e+00
3055	1.115494e+00
3056	1.099203e+00
3057	1.083395e+00
3058	1.069874e+00
3059	1.058577e+00
3060	1.049744e+00
3061	1.045790e+00
3062	1.046016e+00
3063	1.051094e+00
3064	1.062547e+00
3065	1.076622e+00
3066	1.093153e+00
3067	1.110968e+00
3068	1.127936e+00
3069	1.142663e+00
3070	1.152834e+00
3071	1.158800e+00
3072	1.161703e+00
3073	1.158094e+00
3074	1.149343e+00
3075	1.137683e+00
3076	1.122322e+00
3077	1.104618e+00
3078	1.086577e+00
3079	1.069299e+00
3080	1.056362e+00
3081	1.047616e+00
3082	1.042339e+00
3083	1.041133e+00
3084	1.043328e+00
3085	1.051659e+00
3086	1.065032e+00
3087	1.080628e+00
3088	1.098814e+00
3089	1.116565e+00
3090	1.133862e+00
3091	1.149110e+00
3092	1.160698e+00
3093	1.169922e+00
3094	1.174128e+00
3095	1.172234e+00
3096	1.164621e+00
3097	1.152264e+00
3098	1.136171e+00
3099	1.117816e+00
3100	1.098959e+00
3101	1.080204e+00
3102	1.063703e+00
3103	1.048500e+00
3104	1.039496e+00
3105	1.036887e+00
3106	1.040722e+00
3107	1.049707e+00
3108	1.061972e+00
3109	1.077687e+00
3110	1.095540e+00
3111	1.113086e+00
3112	1.130566e+00
3113	1.145611e+00
3114	1.157577e+00
3115	1.166067e+00
3116	1.171554e+00
3117	1.171455e+00
3118	1.165175e+00
3119	1.156103e+00
3120	1.142203e+00
3121	1.126693e+00
3122	1.109334e+00
3123	1.090783e+00
3124	1.071496e+00
3125	1.055181e+00
3126	1.041821e+00
3127	1.033263e+00
3128	1.031084e+00
3129	1.034613e+00
3130	1.042864e+00
3131	1.055220e+00
3132	1.070917e+00
3133	1.087752e+00
3134	1.105181e+00
3135	1.122741e+00
3136	1.138401e+00
3137	1.152109e+00
3138	1.162432e+00
3139	1.168532e+00
3140	1.169379e+00
3141	1.165936e+00
3142	1.159276e+00
3143	1.148270e+00
3144	1.134057e+00
3145	1.117490e+00
3146	1.099983e+00
3147	1.083727e+00
3148	1.069695e+00
3149	1.059759e+00
3150	1.053528e+00
3151	1.050807e+00
3152	1.052507e+00
3153	1.058985e+00
3154	1.067992e+00
3155	1.080124e+00
3156	1.093626e+00
3157	1.108054e+00
3158	1.121845e+00
3159	1.132320e+00
3160	1.140424e+00
3161	1.146170e+00
3162	1.148083e+00
3163	1.145159e+00
3164	1.138159e+00
3165	1.127622e+00
3166	1.116623e+00
3167	1.105650e+00
3168	1.095250e+00
3169	1.086061e+00
3170	1.078820e+00
3171	1.072650e+00
3172	1.067938e+00
3173	1.065457e+00
3174	1.065064e+00
3175	1.069785e+00
3176	1.077267e+00
3177	1.087575e+00
3178	1.098579e+00
3179	1.111420e+00
3180	1.122908e+00
3181	1.133293e+00
3182	1.140840e+00
3183	1.145245e+00
3184	1.147275e+00
3185	1.146531e+00
3186	1.144087e+00
3187	1.137863e+00
3188	1.127593e+00
3189	1.115260e+00
3190	1.103721e+00
3191	1.092673e+00
3192	1.084220e+00
3193	1.078192e+00
3194	1.073493e+00
3195	1.072383e+00
3196	1.074115e+00
3197	1.077767e+00
3198	1.083165e+00
3199	1.088281e+00
3200	1.096833e+00
3201	1.104895e+00
3202	1.112542e+00
3203	1.119617e+00
3204	1.126361e+00
3205	1.130438e+00
3206	1.132557e+00
3207	1.131124e+00
3208	1.128598e+00
3209	1.124375e+00
3210	1.117740e+00
3211	1.108917e+00
3212	1.098775e+00
3213	1.089602e+00
3214	1.082625e+00
3215	1.076411e+00
3216	1.072445e+00
3217	1.070457e+00
3218	1.070765e+00
3219	1.071858e+00
3220	1.075325e+00
3221	1.079293e+00
3222	1.084403e+00
3223	1.090700e+00
3224	1.097074e+00
3225	1.103084e+00
3226	1.109639e+00
3227	1.116994e+00
3228	1.123636e+00
3229	1.127692e+00
3230	1.129970e+00
3231	1.129184e+00
3232	1.125214e+00
3233	1.118870e+00
3234	1.111595e+00
3235	1.104469e+00
3236	1.095600e+00
3237	1.088560e+00
3238	1.082294e+00
3239	1.078694e+00
3240	1.076698e+00
3241	1.076314e+00
3242	1.078118e+00
3243	1.081497e+00
3244	1.087981e+00
3245	1.095625e+00
3246	1.103028e+00
3247	1.109076e+00
3248	1.113318e+00
3249	1.116812e+00
3250	1.117642e+00
3251	1.115925e+00
3252	1.114090e+00
3253	1.110321e+00
3254	1.106011e+00
3255	1.101592e+00
3256	1.096801e+00
3257	1.091049e+00
3258	1.085154e+00
3259	1.081140e+00
3260	1.081019e+00
3261	1.082950e+00
3262	1.086073e+00
3263	1.090370e+00
3264	1.095375e+00
3265	1.101303e+00
3266	1.108000e+00
3267	1.114669e+00
3268	1.120595e+00
3269	1.124434e+00
3270	1.127404e+00
3271	1.127934e+00
3272	1.125454e+00
3273	1.122808e+00
3274	1.119398e+00
3275	1.114974e+00
3276	1.111240e+00
3277	1.107597e+00
3278	1.103398e+00
3279	1.102058e+00
3280	1.101878e+00
3281	1.101819e+00
3282	1.102396e+00
3283	1.103381e+00
3284	1.103916e+00
3285	1.104767e+00
3286	1.104081e+00
3287	1.104117e+00
3288	1.105070e+00
3289	1.103959e+00
3290	1.103486e+00
3291	1.104393e+00
3292	1.106906e+00
3293	1.109078e+00
3294	1.109538e+00
3295	1.109053e+00
3296	1.108277e+00
3297	1.108869e+00
3298	1.110468e+00
3299	1.111377e+00
3300	1.111433e+00
3301	1.110087e+00
3302	1.108469e+00
3303	1.106693e+00
3304	1.103455e+00
3305	1.100134e+00
3306	1.097283e+00
3307	1.095572e+00
3308	1.092152e+00
3309	1.088529e+00
3310	1.085173e+00
3311	1.081949e+00
3312	1.080734e+00
3313	1.080079e+00
3314	1.079205e+00
3315	1.079237e+00
3316	1.081601e+00
3317	1.085148e+00
3318	1.088542e+00
3319	1.092350e+00
3320	1.095858e+00
3321	1.098241e+00
3322	1.099682e+00
3323	1.102034e+00
3324	1.105599e+00
3325	1.109093e+00
3326	1.110699e+00
3327	1.112096e+00
3328	1.111764e+00
3329	1.110264e+00
3330	1.107850e+00
3331	1.104154e+00
3332	1.100505e+00
3333	1.097167e+00
3334	1.094074e+00
3335	1.092611e+00
3336	1.091381e+00
3337	1.091237e+00
3338	1.093475e+00
3339	1.097125e+00
3340	1.101176e+00
3341	1.105041e+00
3342	1.109837e+00
3343	1.112906e+00
3344	1.115017e+00
3345	1.116947e+00
3346	1.117807e+00
3347	1.119287e+00
3348	1.119693e+00
3349	1.120319e+00
3350	1.119900e+00
3351	1.117883e+00
3352	1.116441e+00
3353	1.114567e+00
3354	1.112960e+00
3355	1.109323e+00
3356	1.103124e+00
3357	1.096167e+00
3358	1.089525e+00
3359	1.083569e+00
3360	1.080007e+00
3361	1.078967e+00
3362	1.080134e+00
3363	1.082625e+00
3364	1.085300e+00
3365	1.088202e+00
3366	1.091128e+00
3367	1.094101e+00
3368	1.098924e+00
3369	1.103436e+00
3370	1.108112e+00
3371	1.111965e+00
3372	1.114451e+00
3373	1.115870e+00
3374	1.115217e+00
3375	1.113208e+00
3376	1.109499e+00
3377	1.104165e+00
3378	1.098868e+00
3379	1.093311e+00
3380	1.087372e+00
3381	1.082553e+00
3382	1.078175e+00
3383	1.075955e+00
3384	1.075758e+00
3385	1.077976e+00
3386	1.081909e+00
3387	1.087802e+00
3388	1.094496e+00
3389	1.102142e+00
3390	1.108004e+00
3391	1.114632e+00
3392	1.121071e+00
3393	1.124515e+00
3394	1.126808e+00
3395	1.126774e+00
3396	1.125627e+00
3397	1.122835e+00
3398	1.118665e+00
3399	1.113313e+00
3400	1.108788e+00
3401	1.105247e+00
3402	1.101208e+00
3403	1.096856e+00
3404	1.092677e+00
3405	1.089020e+00
3406	1.087458e+00
3407	1.086089e+00
3408	1.085007e+00
3409	1.084658e+00
3410	1.086269e+00
3411	1.088466e+00
3412	1.091753e+00
3413	1.095256e+00
3414	1.100064e+00
3415	1.104354e+00
3416	1.109910e+00
3417	1.114966e+00
3418	1.118023e+00
3419	1.119693e+00
3420	1.120167e+00
3421	1.118781e+00
3422	1.116096e+00
3423	1.113015e+00
3424	1.108671e+00
3425	1.103238e+00
3426	1.097593e+00
3427	1.093022e+00
3428	1.088869e+00
3429	1.086172e+00
3430	1.086509e+00
3431	1.086618e+00
3432	1.088894e+00
3433	1.091362e+00
3434	1.094435e+00
3435	1.097750e+00
3436	1.101952e+00
3437	1.108873e+00
3438	1.114471e+00
3439	1.119327e+00
3440	1.124414e+00
3441	1.127825e+00
3442	1.128766e+00
3443	1.128294e+00
3444	1.125407e+00
3445	1.120978e+00
3446	1.114643e+00
3447	1.105512e+00
3448	1.096000e+00
3449	1.085642e+00
3450	1.076232e+00
3451	1.068878e+00
3452	1.063967e+00
3453	1.062405e+00
3454	1.065140e+00
3455	1.069994e+00
3456	1.076395e+00
3457	1.084028e+00
3458	1.092541e+00
3459	1.101177e+00
3460	1.109302e+00
3461	1.116530e+00
3462	1.120690e+00
3463	1.121719e+00
3464	1.119613e+00
3465	1.115933e+00
3466	1.110845e+00
3467	1.103374e+00
3468	1.094631e+00
3469	1.084743e+00
3470	1.076271e+00
3471	1.070812e+00
3472	1.067365e+00
3473	1.066345e+00
3474	1.067760e+00
3475	1.071058e+00
3476	1.076936e+00
3477	1.085546e+00
3478	1.094263e+00
3479	1.103187e+00
3480	1.111456e+00
3481	1.117733e+00
3482	1.123916e+00
3483	1.128969e+00
3484	1.130195e+00
3485	1.128445e+00
3486	1.122613e+00
3487	1.115371e+00
3488	1.105703e+00
3489	1.096213e+00
3490	1.088524e+00
3491	1.080673e+00
3492	1.075258e+00
3493	1.072391e+00
3494	1.071170e+00
3495	1.071773e+00
3496	1.075391e+00
3497	1.080689e+00
3498	1.087566e+00
3499	1.095424e+00
3500	1.104093e+00
3501	1.113376e+00
3502	1.122065e+00
3503	1.129391e+00
3504	1.134451e+00
3505	1.136711e+00
3506	1.137374e+00
3507	1.137351e+00
3508	1.136013e+00
3509	1.131986e+00
3510	1.125745e+00
3511	1.118839e+00
3512	1.111077e+00
3513	1.103801e+00
3514	1.095067e+00
3515	1.086896e+00
3516	1.081042e+00
3517	1.077446e+00
3518	1.076012e+00
3519	1.076475e+00
3520	1.077096e+00
3521	1.078471e+00
3522	1.082114e+00
3523	1.086026e+00
3524	1.091085e+00
3525	1.097071e+00
3526	1.103316e+00
3527	1.108696e+00
3528	1.113031e+00
3529	1.116036e+00
3530	1.117135e+00
3531	1.117634e+00
3532	1.116798e+00
3533	1.114076e+00
3534	1.111227e+00
3535	1.106739e+00
3536	1.102960e+00
3537	1.099244e+00
3538	1.094381e+00
3539	1.089018e+00
3540	1.083303e+00
3541	1.078864e+00
3542	1.075105e+00
3543	1.073675e+00
3544	1.074659e+00
3545	1.079751e+00
3546	1.086660e+00
3547	1.094599e+00
3548	1.103602e+00
3549	1.112178e+00
3550	1.119351e+00
3551	1.122994e+00
3552	1.125521e+00
3553	1.125319e+00
3554	1.122589e+00
3555	1.117017e+00
3556	1.109665e+00
3557	1.101879e+00
3558	1.093248e+00
3559	1.085226e+00
3560	1.077900e+00
3561	1.071788e+00
3562	1.068315e+00
3563	1.066926e+00
3564	1.068443e+00
3565	1.073122e+00
3566	1.079192e+00
3567	1.086526e+00
3568	1.094388e+00
3569	1.103376e+00
3570	1.111468e+00
3571	1.118306e+00
3572	1.123920e+00
3573	1.126228e+00
3574	1.127507e+00
3575	1.126547e+00
3576	1.124392e+00
3577	1.119677e+00
3578	1.114158e+00
3579	1.108964e+00
3580	1.104155e+00
3581	1.097736e+00
3582	1.092815e+00
3583	1.088271e+00
3584	1.084166e+00
3585	1.080944e+00
3586	1.080383e+00
3587	1.081039e+00
3588	1.082742e+00
3589	1.083720e+00
3590	1.085695e+00
3591	1.088994e+00
3592	1.091986e+00
3593	1.096676e+00
3594	1.102330e+00
3595	1.107718e+00
3596	1.112709e+00
3597	1.116407e+00
3598	1.118848e+00
3599	1.119572e+00
3600	1.118005e+00
3601	1.115787e+00
3602	1.110547e+00
3603	1.105339e+00
3604	1.098764e+00
3605	1.093416e+00
3606	1.088045e+00
3607	1.084063e+00
3608	1.083013e+00
3609	1.082952e+00
3610	1.084280e+00
3611	1.087486e+00
3612	1.091269e+00
3613	1.096380e+00
3614	1.102522e+00
3615	1.109245e+00
3616	1.114859e+00
3617	1.120247e+00
3618	1.124754e+00
3619	1.126847e+00
3620	1.128373e+00
3621	1.127207e+00
3622	1.125717e+00
3623	1.122258e+00
3624	1.117173e+00
3625	1.109484e+00
3626	1.101328e+00
3627	1.093386e+00
3628	1.086756e+00
3629	1.083136e+00
3630	1.080459e+00
3631	1.078256e+00
3632	1.076855e+00
3633	1.077342e+00
3634	1.079018e+00
3635	1.082229e+00
3636	1.085444e+00
3637	1.088741e+00
3638	1.092346e+00
3639	1.096621e+00
3640	1.101139e+00
3641	1.104097e+00
3642	1.107045e+00
3643	1.110056e+00
3644	1.112810e+00
3645	1.114091e+00
3646	1.115466e+00
3647	1.115557e+00
3648	1.113616e+00
3649	1.109318e+00
3650	1.103633e+00
3651	1.097818e+00
3652	1.092360e+00
3653	1.088380e+00
3654	1.087005e+00
3655	1.086511e+00
3656	1.087485e+00
3657	1.088869e+00
3658	1.090923e+00
3659	1.093573e+00
3660	1.098668e+00
3661	1.105272e+00
3662	1.110705e+00
3663	1.115723e+00
3664	1.120940e+00
3665	1.124665e+00
3666	1.127442e+00
3667	1.127264e+00
3668	1.126725e+00
3669	1.125784e+00
3670	1.124084e+00
3671	1.120753e+00
3672	1.115503e+00
3673	1.110182e+00
3674	1.103895e+00
3675	1.098166e+00
3676	1.093043e+00
3677	1.089526e+00
3678	1.087002e+00
3679	1.086120e+00
3680	1.087002e+00
3681	1.088718e+00
3682	1.089682e+00
3683	1.089974e+00
3684	1.091180e+00
3685	1.093960e+00
3686	1.098682e+00
3687	1.103298e+00
3688	1.108158e+00
3689	1.112203e+00
3690	1.114749e+00
3691	1.116781e+00
3692	1.117940e+00
3693	1.117530e+00
3694	1.114354e+00
3695	1.110487e+00
3696	1.105949e+00
3697	1.101378e+00
3698	1.098206e+00
3699	1.095745e+00
3700	1.093371e+00
3701	1.092752e+00
3702	1.094354e+00
3703	1.097141e+00
3704	1.099973e+00
3705	1.102872e+00
3706	1.106463e+00
3707	1.110453e+00
3708	1.113955e+00
3709	1.117593e+00
3710	1.120699e+00
3711	1.121901e+00
3712	1.121754e+00
3713	1.120061e+00
3714	1.117334e+00
3715	1.114926e+00
3716	1.112450e+00
3717	1.109686e+00
3718	1.106145e+00
3719	1.101063e+00
3720	1.097271e+00
3721	1.095658e+00
3722	1.093802e+00
3723	1.091955e+00
3724	1.091370e+00
3725	1.092841e+00
3726	1.095885e+00
3727	1.099085e+00
3728	1.101565e+00
3729	1.104266e+00
3730	1.108107e+00
3731	1.111894e+00
3732	1.115466e+00
3733	1.118050e+00
3734	1.119089e+00
3735	1.118566e+00
3736	1.116134e+00
3737	1.113156e+00
3738	1.110391e+00
3739	1.107934e+00
3740	1.104230e+00
3741	1.101224e+00
3742	1.098996e+00
3743	1.096770e+00
3744	1.096633e+00
3745	1.097463e+00
3746	1.100627e+00
3747	1.103052e+00
3748	1.105026e+00
3749	1.106243e+00
3750	1.106307e+00
3751	1.105622e+00
3752	1.104763e+00
3753	1.103292e+00
3754	1.100983e+00
3755	1.099273e+00
3756	1.099235e+00
3757	1.099673e+00
3758	1.100046e+00
3759	1.100417e+00
3760	1.100174e+00
3761	1.100756e+00
3762	1.100735e+00
3763	1.099877e+00
3764	1.100866e+00
3765	1.102649e+00
3766	1.103000e+00
3767	1.106137e+00
3768	1.108792e+00
3769	1.111695e+00
3770	1.114826e+00
3771	1.117350e+00
3772	1.119054e+00
3773	1.119130e+00
3774	1.117278e+00
3775	1.114442e+00
3776	1.108864e+00
3777	1.103359e+00
3778	1.097902e+00
3779	1.092249e+00
3780	1.088512e+00
3781	1.086182e+00
3782	1.085390e+00
3783	1.084600e+00
3784	1.086361e+00
3785	1.088639e+00
3786	1.093484e+00
3787	1.099639e+00
3788	1.104007e+00
3789	1.110341e+00
3790	1.116301e+00
3791	1.120903e+00
3792	1.124123e+00
3793	1.125691e+00
3794	1.124805e+00
3795	1.122182e+00
3796	1.117717e+00
3797	1.111276e+00
3798	1.104067e+00
3799	1.096210e+00
3800	1.089072e+00
3801	1.084593e+00
3802	1.082376e+00
3803	1.082813e+00
3804	1.085189e+00
3805	1.089177e+00
3806	1.093628e+00
3807	1.100024e+00
3808	1.107695e+00
3809	1.113957e+00
3810	1.121023e+00
3811	1.128067e+00
3812	1.133963e+00
3813	1.138262e+00
3814	1.140176e+00
3815	1.140550e+00
3816	1.139598e+00
3817	1.135401e+00
3818	1.129292e+00
3819	1.123012e+00
3820	1.114845e+00
3821	1.105229e+00
3822	1.097176e+00
3823	1.088542e+00
3824	1.080317e+00
3825	1.074452e+00
3826	1.071252e+00
3827	1.070435e+00
3828	1.070523e+00
3829	1.074471e+00
3830	1.081352e+00
3831	1.087651e+00
3832	1.094818e+00
3833	1.101343e+00
3834	1.109189e+00
3835	1.116594e+00
3836	1.123260e+00
3837	1.127576e+00
3838	1.130722e+00
3839	1.131315e+00
3840	1.129530e+00
3841	1.125483e+00
3842	1.119293e+00
3843	1.114044e+00
3844	1.107093e+00
3845	1.099393e+00
3846	1.091058e+00
3847	1.082214e+00
3848	1.075533e+00
3849	1.071913e+00
3850	1.071078e+00
3851	1.074518e+00
3852	1.080371e+00
3853	1.088678e+00
3854	1.098048e+00
3855	1.108885e+00
3856	1.119598e+00
3857	1.129254e+00
3858	1.138316e+00
3859	1.144403e+00
3860	1.148012e+00
3861	1.150039e+00
3862	1.147274e+00
3863	1.140966e+00
3864	1.131220e+00
3865	1.119747e+00
3866	1.105826e+00
3867	1.090989e+00
3868	1.076928e+00
3869	1.064330e+00
3870	1.055131e+00
3871	1.049516e+00
3872	1.048528e+00
3873	1.052039e+00
3874	1.059254e+00
3875	1.069351e+00
3876	1.082266e+00
3877	1.095094e+00
3878	1.106593e+00
3879	1.118416e+00
3880	1.129568e+00
3881	1.138160e+00
3882	1.141892e+00
3883	1.142136e+00
3884	1.139909e+00
3885	1.135350e+00
3886	1.127066e+00
3887	1.116816e+00
3888	1.105428e+00
3889	1.094165e+00
3890	1.082818e+00
3891	1.073932e+00
3892	1.067882e+00
3893	1.063885e+00
3894	1.063397e+00
3895	1.065963e+00
3896	1.072751e+00
3897	1.082188e+00
3898	1.093896e+00
3899	1.106866e+00
3900	1.118896e+00
3901	1.128666e+00
3902	1.135637e+00
3903	1.139860e+00
3904	1.142062e+00
3905	1.141155e+00
3906	1.138678e+00
3907	1.132868e+00
3908	1.125094e+00
3909	1.116117e+00
3910	1.106419e+00
3911	1.094717e+00
3912	1.083096e+00
3913	1.073058e+00
3914	1.064584e+00
3915	1.058938e+00
3916	1.055850e+00
3917	1.054039e+00
3918	1.056685e+00
3919	1.062864e+00
3920	1.072647e+00
3921	1.085673e+00
3922	1.099092e+00
3923	1.112737e+00
3924	1.125547e+00
3925	1.135929e+00
3926	1.143159e+00
3927	1.147207e+00
3928	1.148698e+00
3929	1.145353e+00
3930	1.137660e+00
3931	1.127076e+00
3932	1.113152e+00
3933	1.098166e+00
3934	1.083540e+00
3935	1.071110e+00
3936	1.062154e+00
3937	1.056875e+00
3938	1.055559e+00
3939	1.057953e+00
3940	1.064266e+00
3941	1.073342e+00
3942	1.086308e+00
3943	1.099811e+00
3944	1.114031e+00
3945	1.126485e+00
3946	1.137122e+00
3947	1.144814e+00
3948	1.148233e+00
3949	1.148037e+00
3950	1.143619e+00
3951	1.136471e+00
3952	1.125626e+00
3953	1.112814e+00
3954	1.099476e+00
3955	1.086819e+00
3956	1.076352e+00
3957	1.069127e+00
3958	1.065879e+00
3959	1.066120e+00
3960	1.070175e+00
3961	1.077979e+00
3962	1.088607e+00
3963	1.099044e+00
3964	1.110248e+00
3965	1.121272e+00
3966	1.130719e+00
3967	1.137617e+00
3968	1.138900e+00
3969	1.135985e+00
3970	1.131116e+00
3971	1.124611e+00
3972	1.115521e+00
3973	1.105309e+00
3974	1.094060e+00
3975	1.083214e+00
3976	1.073257e+00
3977	1.065527e+00
3978	1.062116e+00
3979	1.062029e+00
3980	1.065945e+00
3981	1.073553e+00
3982	1.082992e+00
3983	1.093616e+00
3984	1.102924e+00
3985	1.110949e+00
3986	1.117238e+00
3987	1.122595e+00
3988	1.126087e+00
3989	1.128194e+00
3990	1.128339e+00
3991	1.125005e+00
3992	1.121988e+00
3993	1.117662e+00
3994	1.113104e+00
3995	1.106053e+00
3996	1.098631e+00
3997	1.091392e+00
3998	1.084985e+00
3999	1.080050e+00
4000	1.077299e+00
4001	1.075039e+00
4002	1.074705e+00
4003	1.075479e+00
4004	1.079992e+00
4005	1.086297e+00
4006	1.093585e+00
4007	1.101647e+00
4008	1.109551e+00
4009	1.116341e+00
4010	1.122333e+00
4011	1.127698e+00
4012	1.131412e+00
4013	1.132197e+00
4014	1.128931e+00
4015	1.123606e+00
4016	1.117037e+00
4017	1.108574e+00
4018	1.099837e+00
4019	1.090635e+00
4020	1.081806e+00
4021	1.074668e+00
4022	1.070449e+00
4023	1.069560e+00
4024	1.070542e+00
4025	1.073711e+00
4026	1.079447e+00
4027	1.087876e+00
4028	1.097788e+00
4029	1.108011e+00
4030	1.117044e+00
4031	1.126741e+00
4032	1.134668e+00
4033	1.139732e+00
4034	1.140610e+00
4035	1.137488e+00
4036	1.131265e+00
4037	1.122076e+00
4038	1.110905e+00
4039	1.097722e+00
4040	1.085658e+00
4041	1.074241e+00
4042	1.066044e+00
4043	1.060459e+00
4044	1.059357e+00
4045	1.062820e+00
4046	1.069154e+00
4047	1.077753e+00
4048	1.088678e+00
4049	1.100865e+00
4050	1.112912e+00
4051	1.123893e+00
4052	1.132204e+00
4053	1.137191e+00
4054	1.138772e+00
4055	1.136089e+00
4056	1.129544e+00
4057	1.120390e+00
4058	1.109382e+00
4059	1.097617e+00
4060	1.085336e+00
4061	1.073966e+00
4062	1.063745e+00
4063	1.055471e+00
4064	1.049283e+00
4065	1.047608e+00
4066	1.050173e+00
4067	1.055339e+00
4068	1.062473e+00
4069	1.072932e+00
4070	1.084230e+00
4071	1.096471e+00
4072	1.109319e+00
4073	1.122511e+00
4074	1.132937e+00
4075	1.140699e+00
4076	1.143936e+00
4077	1.143778e+00
4078	1.141503e+00
4079	1.134799e+00
4080	1.127079e+00
4081	1.117058e+00
4082	1.105539e+00
4083	1.094153e+00
4084	1.083055e+00
4085	1.072967e+00
4086	1.064448e+00
4087	1.060018e+00
4088	1.059909e+00
4089	1.063370e+00
4090	1.070539e+00
4091	1.080179e+00
4092	1.090696e+00
4093	1.102878e+00
4094	1.114785e+00
4095	1.125453e+00
4096	1.132771e+00
4097	1.137556e+00
4098	1.140353e+00
4099	1.140790e+00
4100	1.139608e+00
4101	1.135341e+00
4102	1.128134e+00
4103	1.119695e+00
4104	1.110856e+00
4105	1.100210e+00
4106	1.089654e+00
4107	1.080319e+00
4108	1.073376e+00
4109	1.070238e+00
4110	1.069762e+00
4111	1.071598e+00
4112	1.073887e+00
4113	1.078043e+00
4114	1.083716e+00
4115	1.089274e+00
4116	1.095834e+00
4117	1.102744e+00
4118	1.108538e+00
4119	1.112677e+00
4120	1.114930e+00
4121	1.115974e+00
4122	1.114876e+00
4123	1.111604e+00
4124	1.106737e+00
4125	1.100664e+00
4126	1.094096e+00
4127	1.086096e+00
4128	1.079547e+00
4129	1.074366e+00
4130	1.071947e+00
4131	1.072055e+00
4132	1.074478e+00
4133	1.079699e+00
4134	1.086737e+00
4135	1.094788e+00
4136	1.103391e+00
4137	1.111467e+00
4138	1.118625e+00
4139	1.124936e+00
4140	1.129595e+00
4141	1.132097e+00
4142	1.132322e+00
4143	1.129776e+00
4144	1.124572e+00
4145	1.117310e+00
4146	1.109910e+00
4147	1.102182e+00
4148	1.096706e+00
4149	1.090639e+00
4150	1.086997e+00
4151	1.084996e+00
4152	1.085619e+00
4153	1.088215e+00
4154	1.092119e+00
4155	1.097967e+00
4156	1.104418e+00
4157	1.111002e+00
4158	1.117809e+00
4159	1.122275e+00
4160	1.124520e+00
4161	1.124432e+00
4162	1.122938e+00
4163	1.119380e+00
4164	1.114617e+00
4165	1.108148e+00
4166	1.098261e+00
4167	1.087213e+00
4168	1.077727e+00
4169	1.069489e+00
4170	1.063012e+00
4171	1.059410e+00
4172	1.060853e+00
4173	1.064883e+00
4174	1.073132e+00
4175	1.083687e+00
4176	1.095893e+00
4177	1.108566e+00
4178	1.120185e+00
4179	1.130438e+00
4180	1.138086e+00
4181	1.142648e+00
4182	1.144967e+00
4183	1.142553e+00
4184	1.136899e+00
4185	1.129953e+00
4186	1.121173e+00
4187	1.110229e+00
4188	1.098656e+00
4189	1.087181e+00
4190	1.077674e+00
4191	1.070544e+00
4192	1.068806e+00
4193	1.070032e+00
4194	1.076009e+00
4195	1.085212e+00
4196	1.095564e+00
4197	1.106811e+00
4198	1.116662e+00
4199	1.125617e+00
4200	1.131981e+00
4201	1.137130e+00
4202	1.138631e+00
4203	1.136506e+00
4204	1.131049e+00
4205	1.123954e+00
4206	1.114484e+00
4207	1.103059e+00
4208	1.094013e+00
4209	1.086521e+00
4210	1.081499e+00
4211	1.077005e+00
4212	1.074735e+00
4213	1.075148e+00
4214	1.078003e+00
4215	1.083801e+00
4216	1.091362e+00
4217	1.098439e+00
4218	1.106320e+00
4219	1.114949e+00
4220	1.122643e+00
4221	1.129789e+00
4222	1.134608e+00
4223	1.135651e+00
4224	1.134915e+00
4225	1.132366e+00
4226	1.128739e+00
4227	1.122069e+00
4228	1.114068e+00
4229	1.105664e+00
4230	1.097618e+00
4231	1.091240e+00
4232	1.085226e+00
4233	1.081123e+00
4234	1.080030e+00
4235	1.080205e+00
4236	1.081500e+00
4237	1.083842e+00
4238	1.088145e+00
4239	1.092624e+00
4240	1.098307e+00
4241	1.104629e+00
4242	1.111716e+00
4243	1.117628e+00
4244	1.122026e+00
4245	1.123534e+00
4246	1.124881e+00
4247	1.125286e+00
4248	1.123035e+00
4249	1.119393e+00
4250	1.113770e+00
4251	1.108209e+00
4252	1.101280e+00
4253	1.094590e+00
4254	1.088548e+00
4255	1.080093e+00
4256	1.073866e+00
4257	1.069744e+00
4258	1.067382e+00
4259	1.066159e+00
4260	1.068328e+00
4261	1.072955e+00
4262	1.080478e+00
4263	1.089561e+00
4264	1.099001e+00
4265	1.108328e+00
4266	1.116487e+00
4267	1.123179e+00
4268	1.127886e+00
4269	1.130321e+00
4270	1.129850e+00
4271	1.125979e+00
4272	1.119197e+00
4273	1.110245e+00
4274	1.099944e+00
4275	1.090738e+00
4276	1.084527e+00
4277	1.079602e+00
4278	1.075192e+00
4279	1.071351e+00
4280	1.069334e+00
4281	1.070296e+00
4282	1.073836e+00
4283	1.079356e+00
4284	1.086463e+00
4285	1.093568e+00
4286	1.100642e+00
4287	1.105800e+00
4288	1.109177e+00
4289	1.112574e+00
4290	1.116498e+00
4291	1.118706e+00
4292	1.120844e+00
4293	1.122067e+00
4294	1.122494e+00
4295	1.122471e+00
4296	1.121327e+00
4297	1.118570e+00
4298	1.113514e+00
4299	1.105997e+00
4300	1.098223e+00
4301	1.091674e+00
4302	1.086741e+00
4303	1.083131e+00
4304	1.080082e+00
4305	1.078247e+00
4306	1.079733e+00
4307	1.082572e+00
4308	1.084932e+00
4309	1.086842e+00
4310	1.091088e+00
4311	1.097934e+00
4312	1.104493e+00
4313	1.113560e+00
4314	1.122742e+00
4315	1.129967e+00
4316	1.133569e+00
4317	1.134016e+00
4318	1.131963e+00
4319	1.125859e+00
4320	1.118764e+00
4321	1.112002e+00
4322	1.103601e+00
4323	1.095185e+00
4324	1.085569e+00
4325	1.078713e+00
4326	1.073620e+00
4327	1.070189e+00
4328	1.068496e+00
4329	1.070767e+00
4330	1.076136e+00
4331	1.082844e+00
4332	1.090774e+00
4333	1.098344e+00
4334	1.107098e+00
4335	1.116143e+00
4336	1.124509e+00
4337	1.131474e+00
4338	1.137788e+00
4339	1.140036e+00
4340	1.141948e+00
4341	1.139808e+00
4342	1.136549e+00
4343	1.130734e+00
4344	1.123139e+00
4345	1.115390e+00
4346	1.106830e+00
4347	1.099756e+00
4348	1.093372e+00
4349	1.087121e+00
4350	1.081261e+00
4351	1.077645e+00
4352	1.075194e+00
4353	1.075197e+00
4354	1.078186e+00
4355	1.083529e+00
4356	1.088191e+00
4357	1.094557e+00
4358	1.101930e+00
4359	1.108416e+00
4360	1.115206e+00
4361	1.120247e+00
4362	1.123988e+00
4363	1.125370e+00
4364	1.124236e+00
4365	1.120836e+00
4366	1.114613e+00
4367	1.106124e+00
4368	1.096756e+00
4369	1.087112e+00
4370	1.078041e+00
4371	1.071101e+00
4372	1.067882e+00
4373	1.067038e+00
4374	1.068500e+00
4375	1.072370e+00
4376	1.076759e+00
4377	1.083251e+00
4378	1.091182e+00
4379	1.098934e+00
4380	1.106868e+00
4381	1.114201e+00
4382	1.120464e+00
4383	1.125604e+00
4384	1.128270e+00
4385	1.129014e+00
4386	1.128337e+00
4387	1.126288e+00
4388	1.121904e+00
4389	1.117050e+00
4390	1.112227e+00
4391	1.106002e+00
4392	1.098958e+00
4393	1.091579e+00
4394	1.085437e+00
4395	1.081068e+00
4396	1.077842e+00
4397	1.076886e+00
4398	1.076426e+00
4399	1.077849e+00
4400	1.081892e+00
4401	1.085899e+00
4402	1.091660e+00
4403	1.097837e+00
4404	1.102180e+00
4405	1.106073e+00
4406	1.107698e+00
4407	1.109775e+00
4408	1.107734e+00
4409	1.102778e+00
4410	1.096793e+00
4411	1.091235e+00
4412	1.084812e+00
4413	1.078770e+00
4414	1.074017e+00
4415	1.070314e+00
4416	1.069069e+00
4417	1.071487e+00
4418	1.075229e+00
4419	1.081436e+00
4420	1.089102e+00
4421	1.097508e+00
4422	1.106263e+00
4423	1.114038e+00
4424	1.120100e+00
4425	1.123273e+00
4426	1.123488e+00
4427	1.121617e+00
4428	1.116305e+00
4429	1.108638e+00
4430	1.100355e+00
4431	1.088681e+00
4432	1.076777e+00
4433	1.066444e+00
4434	1.056939e+00
4435	1.049660e+00
4436	1.045756e+00
4437	1.046232e+00
4438	1.052011e+00
4439	1.062041e+00
4440	1.074985e+00
4441	1.089801e+00
4442	1.104182e+00
4443	1.117453e+00
4444	1.127223e+00
4445	1.134724e+00
4446	1.139509e+00
4447	1.140649e+00
4448	1.138410e+00
4449	1.132505e+00
4450	1.121806e+00
4451	1.108281e+00
4452	1.092388e+00
4453	1.077138e+00
4454	1.064128e+00
4455	1.053605e+00
4456	1.046480e+00
4457	1.044904e+00
4458	1.047669e+00
4459	1.055929e+00
4460	1.066726e+00
4461	1.080576e+00
4462	1.095315e+00
4463	1.109067e+00
4464	1.121998e+00
4465	1.133409e+00
4466	1.141700e+00
4467	1.145426e+00
4468	1.145094e+00
4469	1.141393e+00
4470	1.134828e+00
4471	1.125062e+00
4472	1.113382e+00
4473	1.100295e+00
4474	1.086581e+00
4475	1.074612e+00
4476	1.064969e+00
4477	1.058584e+00
4478	1.053406e+00
4479	1.052358e+00
4480	1.055372e+00
4481	1.062614e+00
4482	1.074032e+00
4483	1.089286e+00
4484	1.106013e+00
4485	1.122468e+00
4486	1.137812e+00
4487	1.150542e+00
4488	1.159369e+00
4489	1.162466e+00
4490	1.161491e+00
4491	1.156135e+00
4492	1.146006e+00
4493	1.131232e+00
4494	1.112757e+00
4495	1.093143e+00
4496	1.075216e+00
4497	1.058633e+00
4498	1.046642e+00
4499	1.038751e+00
4500	1.035829e+00
4501	1.038064e+00
4502	1.045971e+00
4503	1.058176e+00
4504	1.071575e+00
4505	1.086472e+00
4506	1.103152e+00
4507	1.117922e+00
4508	1.133021e+00
4509	1.145545e+00
4510	1.155357e+00
4511	1.160962e+00
4512	1.160172e+00
4513	1.155292e+00
4514	1.147002e+00
4515	1.134866e+00
4516	1.120686e+00
4517	1.104709e+00
4518	1.088608e+00
4519	1.073589e+00
4520	1.061419e+00
4521	1.053938e+00
4522	1.051202e+00
4523	1.055147e+00
4524	1.064237e+00
4525	1.076620e+00
4526	1.089958e+00
4527	1.105062e+00
4528	1.119059e+00
4529	1.131446e+00
4530	1.140992e+00
4531	1.147005e+00
4532	1.149381e+00
4533	1.148212e+00
4534	1.143985e+00
4535	1.136007e+00
4536	1.125923e+00
4537	1.114271e+00
4538	1.099736e+00
4539	1.083391e+00
4540	1.068179e+00
4541	1.055139e+00
4542	1.048161e+00
4543	1.046916e+00
4544	1.051626e+00
4545	1.060206e+00
4546	1.072371e+00
4547	1.086300e+00
4548	1.100043e+00
4549	1.114686e+00
4550	1.128574e+00
4551	1.141046e+00
4552	1.152030e+00
4553	1.159449e+00
4554	1.162132e+00
4555	1.161228e+00
4556	1.157999e+00
4557	1.151972e+00
4558	1.143353e+00
4559	1.131516e+00
4560	1.116768e+00
4561	1.099855e+00
4562	1.083354e+00
4563	1.069810e+00
4564	1.058702e+00
4565	1.052528e+00
4566	1.050901e+00
4567	1.055434e+00
4568	1.064357e+00
4569	1.076332e+00
4570	1.090727e+00
4571	1.107198e+00
4572	1.123108e+00
4573	1.136192e+00
4574	1.146222e+00
4575	1.152117e+00
4576	1.155954e+00
4577	1.156417e+00
4578	1.153662e+00
4579	1.146728e+00
4580	1.136282e+00
4581	1.124656e+00
4582	1.112436e+00
4583	1.098760e+00
4584	1.085688e+00
4585	1.074384e+00
4586	1.063075e+00
4587	1.054968e+00
4588	1.051172e+00
4589	1.051766e+00
4590	1.056602e+00
4591	1.065777e+00
4592	1.079756e+00
4593	1.095918e+00
4594	1.112000e+00
4595	1.127320e+00
4596	1.139802e+00
4597	1.149264e+00
4598	1.153762e+00
4599	1.154315e+00
4600	1.150640e+00
4601	1.141925e+00
4602	1.131190e+00
4603	1.117434e+00
4604	1.102121e+00
4605	1.086185e+00
4606	1.072000e+00
4607	1.061509e+00
4608	1.054030e+00
4609	1.050640e+00
4610	1.052108e+00
4611	1.059371e+00
4612	1.070871e+00
4613	1.084376e+00
4614	1.099751e+00
4615	1.114090e+00
4616	1.128260e+00
4617	1.140605e+00
4618	1.149119e+00
4619	1.155162e+00
4620	1.158375e+00
4621	1.159664e+00
4622	1.155274e+00
4623	1.146282e+00
4624	1.135250e+00
4625	1.122008e+00
4626	1.108268e+00
4627	1.094007e+00
4628	1.079332e+00
4629	1.066954e+00
4630	1.056956e+00
4631	1.051937e+00
4632	1.051268e+00
4633	1.055062e+00
4634	1.062152e+00
4635	1.072497e+00
4636	1.086375e+00
4637	1.102082e+00
4638	1.116880e+00
4639	1.131234e+00
4640	1.142744e+00
4641	1.149349e+00
4642	1.151558e+00
4643	1.149668e+00
4644	1.144130e+00
4645	1.133220e+00
4646	1.120134e+00
4647	1.106459e+00
4648	1.092750e+00
4649	1.080026e+00
4650	1.070162e+00
4651	1.063715e+00
4652	1.059698e+00
4653	1.059171e+00
4654	1.062706e+00
4655	1.068245e+00
4656	1.077341e+00
4657	1.087469e+00
4658	1.097869e+00
4659	1.108045e+00
4660	1.117596e+00
4661	1.127112e+00
4662	1.135634e+00
4663	1.141492e+00
4664	1.144242e+00
4665	1.143976e+00
4666	1.141552e+00
4667	1.136115e+00
4668	1.127842e+00
4669	1.117109e+00
4670	1.105034e+00
4671	1.091431e+00
4672	1.078293e+00
4673	1.067920e+00
4674	1.062571e+00
4675	1.060907e+00
4676	1.063699e+00
4677	1.068513e+00
4678	1.076574e+00
4679	1.087169e+00
4680	1.100229e+00
4681	1.113583e+00
4682	1.126577e+00
4683	1.138868e+00
4684	1.148225e+00
4685	1.154879e+00
4686	1.156655e+00
4687	1.153938e+00
4688	1.147170e+00
4689	1.138101e+00
4690	1.126001e+00
4691	1.113877e+00
4692	1.102997e+00
4693	1.091209e+00
4694	1.081853e+00
4695	1.075228e+00
4696	1.070139e+00
4697	1.067436e+00
4698	1.066990e+00
4699	1.069014e+00
4700	1.074076e+00
4701	1.081705e+00
4702	1.090172e+00
4703	1.099693e+00
4704	1.109161e+00
4705	1.118563e+00
4706	1.125717e+00
4707	1.131340e+00
4708	1.133750e+00
4709	1.132644e+00
4710	1.128746e+00
4711	1.122897e+00
4712	1.115414e+00
4713	1.108341e+00
4714	1.100273e+00
4715	1.092704e+00
4716	1.086309e+00
4717	1.081076e+00
4718	1.078485e+00
4719	1.077503e+00
4720	1.078818e+00
4721	1.082122e+00
4722	1.087460e+00
4723	1.094862e+00
4724	1.103113e+00
4725	1.110929e+00
4726	1.119917e+00
4727	1.126278e+00
4728	1.131450e+00
4729	1.135357e+00
4730	1.136195e+00
4731	1.134886e+00
4732	1.132123e+00
4733	1.127013e+00
4734	1.119654e+00
4735	1.111881e+00
4736	1.102886e+00
4737	1.093401e+00
4738	1.084670e+00
4739	1.077213e+00
4740	1.072328e+00
4741	1.069973e+00
4742	1.070055e+00
4743	1.073190e+00
4744	1.079902e+00
4745	1.087575e+00
4746	1.095391e+00
4747	1.103489e+00
4748	1.112248e+00
4749	1.120444e+00
4750	1.126559e+00
4751	1.130458e+00
4752	1.133247e+00
4753	1.134011e+00
4754	1.132777e+00
4755	1.129509e+00
4756	1.124004e+00
4757	1.116189e+00
4758	1.108160e+00
4759	1.098842e+00
4760	1.089246e+00
4761	1.081235e+00
4762	1.074863e+00
4763	1.071322e+00
4764	1.068851e+00
4765	1.070648e+00
4766	1.075401e+00
4767	1.081438e+00
4768	1.088972e+00
4769	1.098576e+00
4770	1.108802e+00
4771	1.118769e+00
4772	1.127766e+00
4773	1.135038e+00
4774	1.139757e+00
4775	1.140462e+00
4776	1.137355e+00
4777	1.130599e+00
4778	1.121893e+00
4779	1.111652e+00
4780	1.102109e+00
4781	1.091387e+00
4782	1.081404e+00
4783	1.072657e+00
4784	1.065548e+00
4785	1.060513e+00
4786	1.059723e+00
4787	1.063948e+00
4788	1.071011e+00
4789	1.081616e+00
4790	1.094258e+00
4791	1.107731e+00
4792	1.121004e+00
4793	1.132568e+00
4794	1.140752e+00
4795	1.146884e+00
4796	1.148569e+00
4797	1.146997e+00
4798	1.143831e+00
4799	1.138206e+00
4800	1.129583e+00
4801	1.117950e+00
4802	1.104887e+00
4803	1.090668e+00
4804	1.078277e+00
4805	1.067104e+00
4806	1.061073e+00
4807	1.058244e+00
4808	1.060832e+00
4809	1.068562e+00
4810	1.079610e+00
4811	1.093743e+00
4812	1.107522e+00
4813	1.120702e+00
4814	1.133222e+00
4815	1.144831e+00
4816	1.154133e+00
4817	1.158824e+00
4818	1.159229e+00
4819	1.156774e+00
4820	1.150499e+00
4821	1.140450e+00
4822	1.126752e+00
4823	1.111605e+00
4824	1.096252e+00
4825	1.081111e+00
4826	1.069129e+00
4827	1.060495e+00
4828	1.054179e+00
4829	1.051768e+00
4830	1.056367e+00
4831	1.064680e+00
4832	1.076211e+00
4833	1.089435e+00
4834	1.104363e+00
4835	1.117836e+00
4836	1.129684e+00
4837	1.138834e+00
4838	1.143744e+00
4839	1.144870e+00
4840	1.141075e+00
4841	1.134917e+00
4842	1.124387e+00
4843	1.111478e+00
4844	1.097104e+00
4845	1.081996e+00
4846	1.067969e+00
4847	1.056789e+00
4848	1.049632e+00
4849	1.047240e+00
4850	1.047679e+00
4851	1.051798e+00
4852	1.060456e+00
4853	1.072581e+00
4854	1.087823e+00
4855	1.103031e+00
4856	1.117809e+00
4857	1.129875e+00
4858	1.139607e+00
4859	1.146091e+00
4860	1.149842e+00
4861	1.151507e+00
4862	1.150861e+00
4863	1.147610e+00
4864	1.141689e+00
4865	1.134576e+00
4866	1.124708e+00
4867	1.113835e+00
4868	1.102391e+00
4869	1.091032e+00
4870	1.080917e+00
4871	1.072359e+00
4872	1.065937e+00
4873	1.062054e+00
4874	1.059847e+00
4875	1.061454e+00
4876	1.065374e+00
4877	1.071513e+00
4878	1.081666e+00
4879	1.091964e+00
4880	1.103477e+00
4881	1.115973e+00
4882	1.127264e+00
4883	1.135383e+00
4884	1.139561e+00
4885	1.141056e+00
4886	1.139905e+00
4887	1.135357e+00
4888	1.129189e+00
4889	1.122486e+00
4890	1.115421e+00
4891	1.108011e+00
4892	1.099873e+00
4893	1.090998e+00
4894	1.082925e+00
4895	1.077375e+00
4896	1.073652e+00
4897	1.072443e+00
4898	1.073588e+00
4899	1.075164e+00
4900	1.080006e+00
4901	1.086848e+00
4902	1.094237e+00
4903	1.103404e+00
4904	1.113124e+00
4905	1.122786e+00
4906	1.130869e+00
4907	1.137520e+00
4908	1.141371e+00
4909	1.142656e+00
4910	1.139305e+00
4911	1.132683e+00
4912	1.123863e+00
4913	1.111725e+00
4914	1.097719e+00
4915	1.081787e+00
4916	1.066968e+00
4917	1.055172e+00
4918	1.046955e+00
4919	1.044768e+00
4920	1.047726e+00
4921	1.056771e+00
4922	1.069767e+00
4923	1.086294e+00
4924	1.105632e+00
4925	1.123691e+00
4926	1.139650e+00
4927	1.150960e+00
4928	1.158815e+00
4929	1.163458e+00
4930	1.164200e+00
4931	1.161275e+00
4932	1.156236e+00
4933	1.147091e+00
4934	1.135195e+00
4935	1.119624e+00
4936	1.102296e+00
4937	1.084481e+00
4938	1.068302e+00
4939	1.056434e+00
4940	1.048093e+00
4941	1.044329e+00
4942	1.044279e+00
4943	1.049189e+00
4944	1.058395e+00
4945	1.070383e+00
4946	1.085215e+00
4947	1.101103e+00
4948	1.115201e+00
4949	1.127821e+00
4950	1.138828e+00
4951	1.145738e+00
4952	1.148757e+00
4953	1.148011e+00
4954	1.143594e+00
4955	1.135920e+00
4956	1.125467e+00
4957	1.112314e+00
4958	1.097762e+00
4959	1.081959e+00
4960	1.066326e+00
4961	1.053727e+00
4962	1.045486e+00
4963	1.042938e+00
4964	1.045353e+00
4965	1.053387e+00
4966	1.063280e+00
4967	1.074851e+00
4968	1.088295e+00
4969	1.103077e+00
4970	1.116690e+00
4971	1.129246e+00
4972	1.139533e+00
4973	1.146642e+00
4974	1.149744e+00
4975	1.147814e+00
4976	1.141417e+00
4977	1.133278e+00
4978	1.123401e+00
4979	1.111538e+00
4980	1.099597e+00
4981	1.086699e+00
4982	1.075754e+00
4983	1.067022e+00
4984	1.062337e+00
4985	1.062547e+00
4986	1.065995e+00
4987	1.071714e+00
4988	1.080559e+00
4989	1.092243e+00
4990	1.104331e+00
4991	1.116002e+00
4992	1.126830e+00
4993	1.136255e+00
4994	1.143192e+00
4995	1.147213e+00
4996	1.147312e+00
4997	1.142872e+00
4998	1.134331e+00
4999	1.123332e+00
