# Step	Measurement
1	1.846467e+00
2	1.849718e+00
3	1.852771e+00
4	1.855474e+00
5	1.858065e+00
6	1.860419e+00
7	1.862849e+00
8	1.865466e+00
9	1.868117e+00
10	1.870785e+00
11	1.873239e+00
12	1.875228e+00
13	1.876724e+00
14	1.878054e+00
15	1.878848e+00
16	1.879530e+00
17	1.880040e+00
18	1.880257e+00
19	1.880154e+00
20	1.879782e+00
21	1.879314e+00
22	1.878522e+00
23	1.877604e+00
24	1.876203e+00
25	1.874292e+00
26	1.872180e+00
27	1.870188e+00
28	1.868107e+00
29	1.865733e+00
30	1.863476e+00
31	1.861358e+00
32	1.859080e+00
33	1.857236e+00
34	1.855492e+00
35	1.854172e+00
36	1.853511e+00
37	1.853070e+00
38	1.852810e+00
39	1.852370e+00
40	1.852378e+00
41	1.852784e+00
42	1.853508e+00
43	1.854342e+00
44	1.855279e+00
45	1.856285e+00
46	1.857378e+00
47	1.858341e+00
48	1.859182e+00
49	1.859769e+00
50	1.860192e+00
51	1.860824e+00
52	1.861565e+00
53	1.862257e+00
54	1.862635e+00
55	1.863152e+00
56	1.863496e+00
57	1.863654e+00
58	1.863643e+00
59	1.863089e+00
60	1.862390e+00
61	1.861267e+00
62	1.859345e+00
63	1.857353e+00
64	1.855067e+00
65	1.852464e+00
66	1.849471e+00
67	1.846120e+00
68	1.842732e+00
69	1.839005e+00
70	1.835550e+00
71	1.832040e+00
72	1.828806e+00
73	1.825888e+00
74	1.822992e+00
75	1.820043e+00
76	1.817573e+00
77	1.815485e+00
78	1.813843e+00
79	1.812571e+00
80	1.811580e+00
81	1.811140e+00
82	1.810996e+00
83	1.810948e+00
84	1.810881e+00
85	1.811576e+00
86	1.812462e+00
87	1.813470e+00
88	1.814370e+00
89	1.815383e+00
90	1.816544e+00
91	1.817792e+00
92	1.819129e+00
93	1.820813e+00
94	1.822653e+00
95	1.824394e+00
96	1.825994e+00
97	1.828022e+00
98	1.830452e+00
99	1.832973e+00
100	1.835905e+00
101	1.839015e+00
102	1.842516e+00
103	1.845834e+00
104	1.849367e+00
105	1.853321e+00
106	1.857359e+00
107	1.861218e+00
108	1.864687e+00
109	1.867932e+00
110	1.870904e+00
111	1.873714e+00
112	1.876141e+00
113	1.878122e+00
114	1.879779e+00
115	1.880738e+00
116	1.881251e+00
117	1.881803e+00
118	1.882063e+00
119	1.882105e+00
120	1.881796e+00
121	1.881339e+00
122	1.880806e+00
123	1.880083e+00
124	1.879604e+00
125	1.878843e+00
126	1.877856e+00
127	1.876848e+00
128	1.875471e+00
129	1.873528e+00
130	1.871259e+00
131	1.869090e+00
132	1.866588e+00
133	1.864280e+00
134	1.861797e+00
135	1.858901e+00
136	1.855880e+00
137	1.852628e+00
138	1.849377e+00
139	1.845923e+00
140	1.843002e+00
141	1.840213e+00
142	1.837723e+00
143	1.835647e+00
144	1.834154e+00
145	1.833004e+00
146	1.831832e+00
147	1.830620e+00
148	1.829988e+00
149	1.829357e+00
150	1.829016e+00
151	1.829196e+00
152	1.829622e+00
153	1.830208e+00
154	1.830611e+00
155	1.831044e+00
156	1.831839e+00
157	1.832527e+00
158	1.833082e+00
159	1.834280e+00
160	1.835107e+00
161	1.835700e+00
162	1.836458e+00
163	1.837621e+00
164	1.838932e+00
165	1.840567e+00
166	1.842657e+00
167	1.844848e+00
168	1.847147e+00
169	1.849902e+00
170	1.852700e+00
171	1.855171e+00
172	1.857423e+00
173	1.859720e+00
174	1.862055e+00
175	1.864327e+00
176	1.866653e+00
177	1.868642e+00
178	1.870064e+00
179	1.871349e+00
180	1.872483e+00
181	1.873716e+00
182	1.874809e+00
183	1.876064e+00
184	1.877463e+00
185	1.879098e+00
186	1.880888e+00
187	1.882691e+00
188	1.883985e+00
189	1.885119e+00
190	1.886568e+00
191	1.887509e+00
192	1.888405e+00
193	1.888870e+00
194	1.889172e+00
195	1.889045e+00
196	1.888690e+00
197	1.888430e+00
198	1.888030e+00
199	1.887409e+00
200	1.886368e+00
201	1.885573e+00
202	1.884834e+00
203	1.884177e+00
204	1.883227e+00
205	1.882338e+00
206	1.881343e+00
207	1.880218e+00
208	1.878655e+00
209	1.876982e+00
210	1.875167e+00
211	1.873327e+00
212	1.871481e+00
213	1.869680e+00
214	1.867831e+00
215	1.865627e+00
216	1.863208e+00
217	1.860614e+00
218	1.857715e+00
219	1.854493e+00
220	1.851094e+00
221	1.847727e+00
222	1.844405e+00
223	1.840959e+00
224	1.837203e+00
225	1.833246e+00
226	1.828994e+00
227	1.824979e+00
228	1.821316e+00
229	1.817934e+00
230	1.814730e+00
231	1.812049e+00
232	1.809542e+00
233	1.807116e+00
234	1.804843e+00
235	1.802313e+00
236	1.799699e+00
237	1.797460e+00
238	1.795807e+00
239	1.794716e+00
240	1.793920e+00
241	1.793237e+00
242	1.792344e+00
243	1.791956e+00
244	1.791764e+00
245	1.791845e+00
246	1.792225e+00
247	1.793236e+00
248	1.794425e+00
249	1.796068e+00
250	1.797793e+00
251	1.799476e+00
252	1.801193e+00
253	1.803121e+00
254	1.804962e+00
255	1.807333e+00
256	1.810170e+00
257	1.813393e+00
258	1.816644e+00
259	1.820156e+00
260	1.823911e+00
261	1.827405e+00
262	1.830714e+00
263	1.833631e+00
264	1.836063e+00
265	1.838357e+00
266	1.840142e+00
267	1.841751e+00
268	1.843385e+00
269	1.844614e+00
270	1.845970e+00
271	1.847453e+00
272	1.849174e+00
273	1.851001e+00
274	1.852641e+00
275	1.854591e+00
276	1.856645e+00
277	1.858505e+00
278	1.860138e+00
279	1.861758e+00
280	1.863092e+00
281	1.864271e+00
282	1.865453e+00
283	1.866312e+00
284	1.867233e+00
285	1.867791e+00
286	1.867857e+00
287	1.867757e+00
288	1.867500e+00
289	1.867335e+00
290	1.867353e+00
291	1.867509e+00
292	1.867746e+00
293	1.868221e+00
294	1.868749e+00
295	1.869170e+00
296	1.869374e+00
297	1.869915e+00
298	1.870337e+00
299	1.870689e+00
300	1.870689e+00
301	1.870765e+00
302	1.870614e+00
303	1.870738e+00
304	1.871079e+00
305	1.871541e+00
306	1.871814e+00
307	1.871796e+00
308	1.871220e+00
309	1.870432e+00
310	1.869116e+00
311	1.867575e+00
312	1.865923e+00
313	1.864044e+00
314	1.862115e+00
315	1.860133e+00
316	1.857688e+00
317	1.855461e+00
318	1.853407e+00
319	1.851574e+00
320	1.849958e+00
321	1.848273e+00
322	1.846548e+00
323	1.844849e+00
324	1.843344e+00
325	1.842097e+00
326	1.841201e+00
327	1.840251e+00
328	1.839461e+00
329	1.838746e+00
330	1.837520e+00
331	1.836162e+00
332	1.835054e+00
333	1.833782e+00
334	1.832401e+00
335	1.831267e+00
336	1.830072e+00
337	1.828981e+00
338	1.828084e+00
339	1.827687e+00
340	1.827496e+00
341	1.827826e+00
342	1.828094e+00
343	1.828687e+00
344	1.829654e+00
345	1.830753e+00
346	1.831974e+00
347	1.833154e+00
348	1.834009e+00
349	1.834835e+00
350	1.835707e+00
351	1.836354e+00
352	1.836743e+00
353	1.836550e+00
354	1.836474e+00
355	1.836483e+00
356	1.836521e+00
357	1.836450e+00
358	1.836504e+00
359	1.836751e+00
360	1.837153e+00
361	1.837600e+00
362	1.838269e+00
363	1.839144e+00
364	1.839959e+00
365	1.840585e+00
366	1.841137e+00
367	1.841310e+00
368	1.841460e+00
369	1.841302e+00
370	1.840652e+00
371	1.839808e+00
372	1.838826e+00
373	1.837412e+00
374	1.835921e+00
375	1.834416e+00
376	1.833127e+00
377	1.831612e+00
378	1.830098e+00
379	1.828910e+00
380	1.827856e+00
381	1.826919e+00
382	1.826345e+00
383	1.826033e+00
384	1.825881e+00
385	1.825408e+00
386	1.825210e+00
387	1.825238e+00
388	1.825332e+00
389	1.825625e+00
390	1.825694e+00
391	1.825489e+00
392	1.825710e+00
393	1.825986e+00
394	1.826580e+00
395	1.827387e+00
396	1.828141e+00
397	1.829086e+00
398	1.830222e+00
399	1.831451e+00
400	1.832579e+00
401	1.833877e+00
402	1.835404e+00
403	1.837301e+00
404	1.839354e+00
405	1.841222e+00
406	1.843512e+00
407	1.845700e+00
408	1.847770e+00
409	1.849802e+00
410	1.851439e+00
411	1.852732e+00
412	1.853894e+00
413	1.854999e+00
414	1.855618e+00
415	1.855881e+00
416	1.856102e+00
417	1.856067e+00
418	1.855435e+00
419	1.855024e+00
420	1.854757e+00
421	1.854809e+00
422	1.854809e+00
423	1.854829e+00
424	1.854708e+00
425	1.854728e+00
426	1.854565e+00
427	1.853984e+00
428	1.853205e+00
429	1.852377e+00
430	1.851163e+00
431	1.849956e+00
432	1.848850e+00
433	1.847366e+00
434	1.845506e+00
435	1.843530e+00
436	1.841034e+00
437	1.838730e+00
438	1.836077e+00
439	1.833184e+00
440	1.830743e+00
441	1.828633e+00
442	1.826440e+00
443	1.824265e+00
444	1.821977e+00
445	1.819904e+00
446	1.817806e+00
447	1.816177e+00
448	1.814878e+00
449	1.813886e+00
450	1.813006e+00
451	1.811969e+00
452	1.811047e+00
453	1.810049e+00
454	1.809028e+00
455	1.807846e+00
456	1.806520e+00
457	1.805121e+00
458	1.803972e+00
459	1.802884e+00
460	1.801810e+00
461	1.801139e+00
462	1.800606e+00
463	1.800603e+00
464	1.800969e+00
465	1.801676e+00
466	1.802496e+00
467	1.803407e+00
468	1.804483e+00
469	1.805638e+00
470	1.807089e+00
471	1.808315e+00
472	1.809996e+00
473	1.812007e+00
474	1.813667e+00
475	1.815412e+00
476	1.816930e+00
477	1.818089e+00
478	1.819230e+00
479	1.820503e+00
480	1.821553e+00
481	1.822657e+00
482	1.823656e+00
483	1.824485e+00
484	1.825309e+00
485	1.825964e+00
486	1.826418e+00
487	1.826913e+00
488	1.827362e+00
489	1.827717e+00
490	1.828232e+00
491	1.829083e+00
492	1.829429e+00
493	1.829971e+00
494	1.830228e+00
495	1.830677e+00
496	1.831560e+00
497	1.832356e+00
498	1.833405e+00
499	1.834320e+00
500	1.834968e+00
501	1.835786e+00
502	1.836951e+00
503	1.837891e+00
504	1.838919e+00
505	1.840339e+00
506	1.841749e+00
507	1.843216e+00
508	1.844550e+00
509	1.845407e+00
510	1.846156e+00
511	1.847075e+00
512	1.847701e+00
513	1.848398e+00
514	1.849020e+00
515	1.849125e+00
516	1.849454e+00
517	1.849915e+00
518	1.850309e+00
519	1.850734e+00
520	1.851224e+00
521	1.852042e+00
522	1.852881e+00
523	1.853632e+00
524	1.854216e+00
525	1.855018e+00
526	1.855622e+00
527	1.856544e+00
528	1.857301e+00
529	1.857829e+00
530	1.858539e+00
531	1.859153e+00
532	1.859896e+00
533	1.860717e+00
534	1.861768e+00
535	1.863087e+00
536	1.864044e+00
537	1.864569e+00
538	1.865080e+00
539	1.865880e+00
540	1.866543e+00
541	1.867054e+00
542	1.867064e+00
543	1.866651e+00
544	1.866026e+00
545	1.865100e+00
546	1.864031e+00
547	1.863242e+00
548	1.862415e+00
549	1.861749e+00
550	1.861046e+00
551	1.860656e+00
552	1.859873e+00
553	1.859366e+00
554	1.859174e+00
555	1.859023e+00
556	1.859225e+00
557	1.859483e+00
558	1.859657e+00
559	1.859672e+00
560	1.859828e+00
561	1.860212e+00
562	1.860150e+00
563	1.860251e+00
564	1.860351e+00
565	1.860237e+00
566	1.860273e+00
567	1.860385e+00
568	1.860380e+00
569	1.860642e+00
570	1.861013e+00
571	1.861094e+00
572	1.860759e+00
573	1.860639e+00
574	1.860317e+00
575	1.859890e+00
576	1.859475e+00
577	1.859068e+00
578	1.858846e+00
579	1.858606e+00
580	1.858266e+00
581	1.858075e+00
582	1.858045e+00
583	1.857787e+00
584	1.857224e+00
585	1.856408e+00
586	1.855651e+00
587	1.854498e+00
588	1.853297e+00
589	1.852063e+00
590	1.850516e+00
591	1.848599e+00
592	1.846296e+00
593	1.843610e+00
594	1.840481e+00
595	1.836722e+00
596	1.833147e+00
597	1.829154e+00
598	1.825460e+00
599	1.821989e+00
600	1.818616e+00
601	1.815473e+00
602	1.812272e+00
603	1.809378e+00
604	1.806434e+00
605	1.803827e+00
606	1.800948e+00
607	1.797724e+00
608	1.794730e+00
609	1.792282e+00
610	1.790012e+00
611	1.787839e+00
612	1.785790e+00
613	1.784135e+00
614	1.782527e+00
615	1.781470e+00
616	1.780878e+00
617	1.780809e+00
618	1.781239e+00
619	1.782286e+00
620	1.783786e+00
621	1.785086e+00
622	1.786765e+00
623	1.788972e+00
624	1.790889e+00
625	1.792867e+00
626	1.795122e+00
627	1.797645e+00
628	1.800155e+00
629	1.802906e+00
630	1.805721e+00
631	1.808620e+00
632	1.811418e+00
633	1.814071e+00
634	1.817075e+00
635	1.820124e+00
636	1.823237e+00
637	1.826461e+00
638	1.829712e+00
639	1.833088e+00
640	1.836767e+00
641	1.840128e+00
642	1.843979e+00
643	1.847713e+00
644	1.851479e+00
645	1.855120e+00
646	1.858559e+00
647	1.862107e+00
648	1.865644e+00
649	1.869261e+00
650	1.872305e+00
651	1.875490e+00
652	1.878526e+00
653	1.881809e+00
654	1.885014e+00
655	1.888288e+00
656	1.891032e+00
657	1.893475e+00
658	1.895810e+00
659	1.897951e+00
660	1.899855e+00
661	1.901430e+00
662	1.902356e+00
663	1.902934e+00
664	1.903103e+00
665	1.903107e+00
666	1.903157e+00
667	1.902661e+00
668	1.901848e+00
669	1.900868e+00
670	1.899564e+00
671	1.897968e+00
672	1.896019e+00
673	1.893810e+00
674	1.891512e+00
675	1.889404e+00
676	1.886756e+00
677	1.884242e+00
678	1.881638e+00
679	1.879085e+00
680	1.876290e+00
681	1.873426e+00
682	1.869998e+00
683	1.866203e+00
684	1.862657e+00
685	1.858949e+00
686	1.855197e+00
687	1.851156e+00
688	1.847179e+00
689	1.842928e+00
690	1.838493e+00
691	1.834144e+00
692	1.829908e+00
693	1.825419e+00
694	1.821160e+00
695	1.816909e+00
696	1.812958e+00
697	1.809148e+00
698	1.805521e+00
699	1.802141e+00
700	1.799219e+00
701	1.796806e+00
702	1.794490e+00
703	1.792433e+00
704	1.790490e+00
705	1.789299e+00
706	1.788501e+00
707	1.788040e+00
708	1.788023e+00
709	1.788301e+00
710	1.789251e+00
711	1.790392e+00
712	1.792082e+00
713	1.793850e+00
714	1.795832e+00
715	1.798325e+00
716	1.800955e+00
717	1.803888e+00
718	1.806840e+00
719	1.809745e+00
720	1.812534e+00
721	1.815577e+00
722	1.818599e+00
723	1.821672e+00
724	1.824985e+00
725	1.828461e+00
726	1.831879e+00
727	1.835505e+00
728	1.838812e+00
729	1.842276e+00
730	1.845505e+00
731	1.848883e+00
732	1.851795e+00
733	1.854314e+00
734	1.856385e+00
735	1.858085e+00
736	1.859545e+00
737	1.860855e+00
738	1.862028e+00
739	1.862655e+00
740	1.863239e+00
741	1.864079e+00
742	1.865388e+00
743	1.866570e+00
744	1.867789e+00
745	1.869059e+00
746	1.870190e+00
747	1.871193e+00
748	1.871972e+00
749	1.872699e+00
750	1.873427e+00
751	1.874118e+00
752	1.874802e+00
753	1.875400e+00
754	1.875841e+00
755	1.876044e+00
756	1.876357e+00
757	1.876401e+00
758	1.876333e+00
759	1.875933e+00
760	1.875538e+00
761	1.874921e+00
762	1.874298e+00
763	1.873769e+00
764	1.873340e+00
765	1.873019e+00
766	1.872661e+00
767	1.872394e+00
768	1.872084e+00
769	1.871537e+00
770	1.870709e+00
771	1.869589e+00
772	1.868364e+00
773	1.866934e+00
774	1.865432e+00
775	1.863715e+00
776	1.861576e+00
777	1.859173e+00
778	1.856484e+00
779	1.853613e+00
780	1.850622e+00
781	1.847451e+00
782	1.843974e+00
783	1.840464e+00
784	1.836720e+00
785	1.833144e+00
786	1.829686e+00
787	1.826644e+00
788	1.823965e+00
789	1.821363e+00
790	1.818612e+00
791	1.815657e+00
792	1.812724e+00
793	1.809536e+00
794	1.806364e+00
795	1.803387e+00
796	1.800509e+00
797	1.797632e+00
798	1.795012e+00
799	1.793087e+00
800	1.791611e+00
801	1.790736e+00
802	1.790101e+00
803	1.789992e+00
804	1.790210e+00
805	1.790847e+00
806	1.792127e+00
807	1.793887e+00
808	1.796554e+00
809	1.799992e+00
810	1.803501e+00
811	1.807038e+00
812	1.810859e+00
813	1.814737e+00
814	1.818929e+00
815	1.823069e+00
816	1.827344e+00
817	1.831598e+00
818	1.835563e+00
819	1.839263e+00
820	1.842900e+00
821	1.846185e+00
822	1.849544e+00
823	1.852762e+00
824	1.855600e+00
825	1.858233e+00
826	1.860608e+00
827	1.862571e+00
828	1.864214e+00
829	1.865589e+00
830	1.867042e+00
831	1.868470e+00
832	1.870458e+00
833	1.872793e+00
834	1.875210e+00
835	1.877975e+00
836	1.881126e+00
837	1.884675e+00
838	1.888753e+00
839	1.892639e+00
840	1.896888e+00
841	1.901185e+00
842	1.905070e+00
843	1.908582e+00
844	1.912304e+00
845	1.915432e+00
846	1.918137e+00
847	1.920448e+00
848	1.922204e+00
849	1.923667e+00
850	1.924603e+00
851	1.925588e+00
852	1.926695e+00
853	1.927355e+00
854	1.928151e+00
855	1.928913e+00
856	1.929248e+00
857	1.928953e+00
858	1.928405e+00
859	1.927865e+00
860	1.927192e+00
861	1.926065e+00
862	1.924445e+00
863	1.922784e+00
864	1.921164e+00
865	1.919446e+00
866	1.917158e+00
867	1.914716e+00
868	1.912053e+00
869	1.908947e+00
870	1.905179e+00
871	1.901357e+00
872	1.897283e+00
873	1.892704e+00
874	1.887857e+00
875	1.882623e+00
876	1.877632e+00
877	1.872199e+00
878	1.866803e+00
879	1.861538e+00
880	1.856336e+00
881	1.850984e+00
882	1.845467e+00
883	1.840143e+00
884	1.834868e+00
885	1.830137e+00
886	1.825503e+00
887	1.820920e+00
888	1.816700e+00
889	1.813185e+00
890	1.809773e+00
891	1.806580e+00
892	1.803452e+00
893	1.800817e+00
894	1.798504e+00
895	1.796307e+00
896	1.794413e+00
897	1.792596e+00
898	1.790895e+00
899	1.789613e+00
900	1.788163e+00
901	1.786988e+00
902	1.786314e+00
903	1.785931e+00
904	1.786300e+00
905	1.787144e+00
906	1.788288e+00
907	1.789704e+00
908	1.791509e+00
909	1.793381e+00
910	1.795768e+00
911	1.798451e+00
912	1.801354e+00
913	1.804676e+00
914	1.807796e+00
915	1.811147e+00
916	1.814735e+00
917	1.818057e+00
918	1.821653e+00
919	1.825517e+00
920	1.828969e+00
921	1.832544e+00
922	1.836086e+00
923	1.839505e+00
924	1.842863e+00
925	1.845989e+00
926	1.849204e+00
927	1.852333e+00
928	1.855702e+00
929	1.859573e+00
930	1.863632e+00
931	1.867742e+00
932	1.871669e+00
933	1.875641e+00
934	1.879607e+00
935	1.882911e+00
936	1.885849e+00
937	1.888176e+00
938	1.890084e+00
939	1.891257e+00
940	1.892469e+00
941	1.893272e+00
942	1.893689e+00
943	1.894078e+00
944	1.894135e+00
945	1.893760e+00
946	1.893832e+00
947	1.893724e+00
948	1.893796e+00
949	1.893857e+00
950	1.894129e+00
951	1.894444e+00
952	1.894510e+00
953	1.894663e+00
954	1.894956e+00
955	1.895284e+00
956	1.895684e+00
957	1.895760e+00
958	1.895600e+00
959	1.895153e+00
960	1.894697e+00
961	1.893691e+00
962	1.892424e+00
963	1.890595e+00
964	1.888516e+00
965	1.886140e+00
966	1.883622e+00
967	1.880566e+00
968	1.877091e+00
969	1.873658e+00
970	1.870342e+00
971	1.867026e+00
972	1.863875e+00
973	1.860635e+00
974	1.857652e+00
975	1.854904e+00
976	1.852084e+00
977	1.849232e+00
978	1.846859e+00
979	1.844689e+00
980	1.843225e+00
981	1.841431e+00
982	1.839847e+00
983	1.838091e+00
984	1.836458e+00
985	1.834793e+00
986	1.832992e+00
987	1.831140e+00
988	1.829619e+00
989	1.828326e+00
990	1.827154e+00
991	1.826213e+00
992	1.825360e+00
993	1.824724e+00
994	1.824402e+00
995	1.824396e+00
996	1.824591e+00
997	1.825125e+00
998	1.826305e+00
999	1.827958e+00
1000	1.830224e+00
1001	1.832833e+00
1002	1.835291e+00
1003	1.837695e+00
1004	1.840036e+00
1005	1.842287e+00
1006	1.844666e+00
1007	1.846611e+00
1008	1.848272e+00
1009	1.849849e+00
1010	1.851123e+00
1011	1.852347e+00
1012	1.853088e+00
1013	1.853505e+00
1014	1.853588e+00
1015	1.853499e+00
1016	1.852945e+00
1017	1.852277e+00
1018	1.851278e+00
1019	1.850051e+00
1020	1.848577e+00
1021	1.846999e+00
1022	1.845287e+00
1023	1.843756e+00
1024	1.841844e+00
1025	1.839990e+00
1026	1.838067e+00
1027	1.836378e+00
1028	1.835119e+00
1029	1.833890e+00
1030	1.832463e+00
1031	1.830908e+00
1032	1.829356e+00
1033	1.828153e+00
1034	1.827235e+00
1035	1.826673e+00
1036	1.826108e+00
1037	1.826287e+00
1038	1.826598e+00
1039	1.827317e+00
1040	1.827831e+00
1041	1.828455e+00
1042	1.829356e+00
1043	1.830765e+00
1044	1.832849e+00
1045	1.835013e+00
1046	1.837588e+00
1047	1.840776e+00
1048	1.844338e+00
1049	1.847953e+00
1050	1.851418e+00
1051	1.854962e+00
1052	1.858675e+00
1053	1.862370e+00
1054	1.865827e+00
1055	1.869558e+00
1056	1.873111e+00
1057	1.876426e+00
1058	1.879584e+00
1059	1.882829e+00
1060	1.886186e+00
1061	1.889467e+00
1062	1.892566e+00
1063	1.895596e+00
1064	1.898876e+00
1065	1.901869e+00
1066	1.904578e+00
1067	1.906734e+00
1068	1.908392e+00
1069	1.909591e+00
1070	1.910247e+00
1071	1.910156e+00
1072	1.910077e+00
1073	1.909482e+00
1074	1.908191e+00
1075	1.906419e+00
1076	1.903762e+00
1077	1.900522e+00
1078	1.896925e+00
1079	1.892721e+00
1080	1.888052e+00
1081	1.882851e+00
1082	1.877373e+00
1083	1.871546e+00
1084	1.865446e+00
1085	1.859131e+00
1086	1.852599e+00
1087	1.846089e+00
1088	1.839320e+00
1089	1.832725e+00
1090	1.825948e+00
1091	1.819122e+00
1092	1.812571e+00
1093	1.806127e+00
1094	1.799532e+00
1095	1.793063e+00
1096	1.786821e+00
1097	1.780908e+00
1098	1.775346e+00
1099	1.769860e+00
1100	1.764891e+00
1101	1.760254e+00
1102	1.755792e+00
1103	1.751743e+00
1104	1.748455e+00
1105	1.745778e+00
1106	1.743679e+00
1107	1.742200e+00
1108	1.741483e+00
1109	1.741629e+00
1110	1.742432e+00
1111	1.744147e+00
1112	1.746796e+00
1113	1.750251e+00
1114	1.754620e+00
1115	1.760280e+00
1116	1.766762e+00
1117	1.773649e+00
1118	1.780675e+00
1119	1.788051e+00
1120	1.795184e+00
1121	1.802329e+00
1122	1.809208e+00
1123	1.815716e+00
1124	1.822065e+00
1125	1.828716e+00
1126	1.834508e+00
1127	1.840266e+00
1128	1.846153e+00
1129	1.852363e+00
1130	1.858515e+00
1131	1.864585e+00
1132	1.870792e+00
1133	1.876820e+00
1134	1.882522e+00
1135	1.888047e+00
1136	1.893259e+00
1137	1.898273e+00
1138	1.903320e+00
1139	1.908145e+00
1140	1.912950e+00
1141	1.917404e+00
1142	1.921367e+00
1143	1.924950e+00
1144	1.928563e+00
1145	1.931646e+00
1146	1.934552e+00
1147	1.936896e+00
1148	1.938813e+00
1149	1.940553e+00
1150	1.942376e+00
1151	1.944002e+00
1152	1.945629e+00
1153	1.947381e+00
1154	1.949341e+00
1155	1.951190e+00
1156	1.952779e+00
1157	1.954060e+00
1158	1.955499e+00
1159	1.956478e+00
1160	1.957055e+00
1161	1.957600e+00
1162	1.957878e+00
1163	1.957770e+00
1164	1.957110e+00
1165	1.956219e+00
1166	1.955135e+00
1167	1.953497e+00
1168	1.951199e+00
1169	1.948303e+00
1170	1.945126e+00
1171	1.942092e+00
1172	1.938661e+00
1173	1.934762e+00
1174	1.930715e+00
1175	1.926176e+00
1176	1.921237e+00
1177	1.915943e+00
1178	1.910435e+00
1179	1.904930e+00
1180	1.898972e+00
1181	1.893092e+00
1182	1.887291e+00
1183	1.881763e+00
1184	1.876130e+00
1185	1.870715e+00
1186	1.865020e+00
1187	1.858806e+00
1188	1.851998e+00
1189	1.844564e+00
1190	1.837010e+00
1191	1.829710e+00
1192	1.822372e+00
1193	1.815052e+00
1194	1.807374e+00
1195	1.799806e+00
1196	1.792585e+00
1197	1.785378e+00
1198	1.778146e+00
1199	1.770928e+00
1200	1.763577e+00
1201	1.756799e+00
1202	1.750936e+00
1203	1.745532e+00
1204	1.740860e+00
1205	1.736427e+00
1206	1.732806e+00
1207	1.729729e+00
1208	1.727163e+00
1209	1.724927e+00
1210	1.723191e+00
1211	1.722164e+00
1212	1.721954e+00
1213	1.722332e+00
1214	1.723591e+00
1215	1.725895e+00
1216	1.728529e+00
1217	1.732209e+00
1218	1.736600e+00
1219	1.741690e+00
1220	1.747185e+00
1221	1.753561e+00
1222	1.760333e+00
1223	1.767615e+00
1224	1.775329e+00
1225	1.783438e+00
1226	1.792022e+00
1227	1.801096e+00
1228	1.810179e+00
1229	1.819386e+00
1230	1.828549e+00
1231	1.837547e+00
1232	1.846492e+00
1233	1.855250e+00
1234	1.863731e+00
1235	1.871961e+00
1236	1.880028e+00
1237	1.887560e+00
1238	1.894562e+00
1239	1.901303e+00
1240	1.907435e+00
1241	1.912988e+00
1242	1.918018e+00
1243	1.922778e+00
1244	1.926946e+00
1245	1.931014e+00
1246	1.935070e+00
1247	1.938708e+00
1248	1.941974e+00
1249	1.945041e+00
1250	1.947687e+00
1251	1.949887e+00
1252	1.951774e+00
1253	1.953207e+00
1254	1.954221e+00
1255	1.954324e+00
1256	1.954185e+00
1257	1.953964e+00
1258	1.953533e+00
1259	1.952473e+00
1260	1.951515e+00
1261	1.950480e+00
1262	1.949358e+00
1263	1.948127e+00
1264	1.946536e+00
1265	1.945111e+00
1266	1.943554e+00
1267	1.941785e+00
1268	1.939823e+00
1269	1.937474e+00
1270	1.935110e+00
1271	1.932257e+00
1272	1.929019e+00
1273	1.925570e+00
1274	1.921633e+00
1275	1.917424e+00
1276	1.912850e+00
1277	1.907590e+00
1278	1.901904e+00
1279	1.895872e+00
1280	1.889837e+00
1281	1.883633e+00
1282	1.876934e+00
1283	1.869702e+00
1284	1.862244e+00
1285	1.855017e+00
1286	1.847437e+00
1287	1.839469e+00
1288	1.831325e+00
1289	1.823309e+00
1290	1.815250e+00
1291	1.807838e+00
1292	1.800865e+00
1293	1.794347e+00
1294	1.788198e+00
1295	1.782548e+00
1296	1.777508e+00
1297	1.772999e+00
1298	1.769051e+00
1299	1.766053e+00
1300	1.763552e+00
1301	1.761707e+00
1302	1.760180e+00
1303	1.759385e+00
1304	1.759469e+00
1305	1.760049e+00
1306	1.761248e+00
1307	1.763455e+00
1308	1.766143e+00
1309	1.769477e+00
1310	1.773593e+00
1311	1.778203e+00
1312	1.783884e+00
1313	1.790143e+00
1314	1.796589e+00
1315	1.803036e+00
1316	1.809892e+00
1317	1.816584e+00
1318	1.822883e+00
1319	1.829185e+00
1320	1.835398e+00
1321	1.841326e+00
1322	1.846984e+00
1323	1.852647e+00
1324	1.858293e+00
1325	1.863898e+00
1326	1.869900e+00
1327	1.875742e+00
1328	1.881309e+00
1329	1.886756e+00
1330	1.892136e+00
1331	1.897523e+00
1332	1.902571e+00
1333	1.907302e+00
1334	1.911472e+00
1335	1.915572e+00
1336	1.919668e+00
1337	1.923150e+00
1338	1.926067e+00
1339	1.928656e+00
1340	1.931074e+00
1341	1.932915e+00
1342	1.934584e+00
1343	1.935722e+00
1344	1.936948e+00
1345	1.937652e+00
1346	1.938628e+00
1347	1.939329e+00
1348	1.939999e+00
1349	1.940721e+00
1350	1.941402e+00
1351	1.941809e+00
1352	1.942015e+00
1353	1.942321e+00
1354	1.942101e+00
1355	1.941595e+00
1356	1.941325e+00
1357	1.941064e+00
1358	1.940491e+00
1359	1.940032e+00
1360	1.939251e+00
1361	1.938136e+00
1362	1.936901e+00
1363	1.935188e+00
1364	1.933268e+00
1365	1.931269e+00
1366	1.928976e+00
1367	1.926160e+00
1368	1.922796e+00
1369	1.919141e+00
1370	1.915377e+00
1371	1.911473e+00
1372	1.907265e+00
1373	1.903195e+00
1374	1.898865e+00
1375	1.894442e+00
1376	1.890093e+00
1377	1.885682e+00
1378	1.881189e+00
1379	1.876722e+00
1380	1.872042e+00
1381	1.867042e+00
1382	1.861956e+00
1383	1.857099e+00
1384	1.852062e+00
1385	1.846837e+00
1386	1.841491e+00
1387	1.836013e+00
1388	1.830546e+00
1389	1.825499e+00
1390	1.820730e+00
1391	1.816013e+00
1392	1.811343e+00
1393	1.806621e+00
1394	1.801986e+00
1395	1.797270e+00
1396	1.792688e+00
1397	1.788559e+00
1398	1.785167e+00
1399	1.782262e+00
1400	1.780046e+00
1401	1.778336e+00
1402	1.777249e+00
1403	1.776341e+00
1404	1.775934e+00
1405	1.775763e+00
1406	1.775978e+00
1407	1.776668e+00
1408	1.777403e+00
1409	1.778722e+00
1410	1.780738e+00
1411	1.783710e+00
1412	1.787276e+00
1413	1.791683e+00
1414	1.796868e+00
1415	1.802480e+00
1416	1.808454e+00
1417	1.814683e+00
1418	1.821330e+00
1419	1.828145e+00
1420	1.835115e+00
1421	1.842520e+00
1422	1.850146e+00
1423	1.857611e+00
1424	1.865284e+00
1425	1.873119e+00
1426	1.880559e+00
1427	1.887668e+00
1428	1.894464e+00
1429	1.900868e+00
1430	1.906988e+00
1431	1.912683e+00
1432	1.918152e+00
1433	1.923465e+00
1434	1.928411e+00
1435	1.932873e+00
1436	1.936845e+00
1437	1.940325e+00
1438	1.943291e+00
1439	1.945834e+00
1440	1.947755e+00
1441	1.949468e+00
1442	1.951008e+00
1443	1.952003e+00
1444	1.952596e+00
1445	1.952959e+00
1446	1.952833e+00
1447	1.952485e+00
1448	1.951798e+00
1449	1.950791e+00
1450	1.949575e+00
1451	1.947778e+00
1452	1.945691e+00
1453	1.943023e+00
1454	1.940391e+00
1455	1.937379e+00
1456	1.934654e+00
1457	1.931764e+00
1458	1.928675e+00
1459	1.925416e+00
1460	1.922067e+00
1461	1.918656e+00
1462	1.915238e+00
1463	1.911874e+00
1464	1.908437e+00
1465	1.904907e+00
1466	1.901058e+00
1467	1.897299e+00
1468	1.893510e+00
1469	1.889833e+00
1470	1.885787e+00
1471	1.881587e+00
1472	1.877209e+00
1473	1.872463e+00
1474	1.868027e+00
1475	1.863319e+00
1476	1.858841e+00
1477	1.854948e+00
1478	1.851167e+00
1479	1.848065e+00
1480	1.845070e+00
1481	1.841825e+00
1482	1.839031e+00
1483	1.836259e+00
1484	1.833667e+00
1485	1.831290e+00
1486	1.828949e+00
1487	1.826710e+00
1488	1.824575e+00
1489	1.822167e+00
1490	1.819654e+00
1491	1.817078e+00
1492	1.814369e+00
1493	1.811620e+00
1494	1.808692e+00
1495	1.805903e+00
1496	1.803313e+00
1497	1.800660e+00
1498	1.798071e+00
1499	1.796158e+00
1500	1.794728e+00
1501	1.794118e+00
1502	1.794151e+00
1503	1.795021e+00
1504	1.796217e+00
1505	1.797912e+00
1506	1.799876e+00
1507	1.802206e+00
1508	1.804877e+00
1509	1.807826e+00
1510	1.810823e+00
1511	1.814034e+00
1512	1.817425e+00
1513	1.820606e+00
1514	1.823730e+00
1515	1.827219e+00
1516	1.830468e+00
1517	1.833743e+00
1518	1.836851e+00
1519	1.839950e+00
1520	1.843308e+00
1521	1.846619e+00
1522	1.849667e+00
1523	1.853053e+00
1524	1.856747e+00
1525	1.860747e+00
1526	1.864749e+00
1527	1.868644e+00
1528	1.872319e+00
1529	1.875850e+00
1530	1.879088e+00
1531	1.882304e+00
1532	1.885194e+00
1533	1.887811e+00
1534	1.889754e+00
1535	1.891054e+00
1536	1.892012e+00
1537	1.892398e+00
1538	1.892333e+00
1539	1.891732e+00
1540	1.890546e+00
1541	1.888895e+00
1542	1.887147e+00
1543	1.885165e+00
1544	1.883351e+00
1545	1.881437e+00
1546	1.879386e+00
1547	1.877299e+00
1548	1.875196e+00
1549	1.873311e+00
1550	1.871717e+00
1551	1.870054e+00
1552	1.868495e+00
1553	1.866480e+00
1554	1.864397e+00
1555	1.861835e+00
1556	1.859096e+00
1557	1.856447e+00
1558	1.853316e+00
1559	1.849924e+00
1560	1.846567e+00
1561	1.843039e+00
1562	1.839295e+00
1563	1.835461e+00
1564	1.831933e+00
1565	1.828604e+00
1566	1.825071e+00
1567	1.821665e+00
1568	1.818707e+00
1569	1.816050e+00
1570	1.814220e+00
1571	1.812611e+00
1572	1.811310e+00
1573	1.810282e+00
1574	1.809759e+00
1575	1.809518e+00
1576	1.809230e+00
1577	1.809550e+00
1578	1.810384e+00
1579	1.811477e+00
1580	1.812826e+00
1581	1.814368e+00
1582	1.815606e+00
1583	1.816313e+00
1584	1.816956e+00
1585	1.817492e+00
1586	1.818156e+00
1587	1.818708e+00
1588	1.819031e+00
1589	1.819511e+00
1590	1.820543e+00
1591	1.821726e+00
1592	1.822876e+00
1593	1.824218e+00
1594	1.825734e+00
1595	1.827381e+00
1596	1.829387e+00
1597	1.831763e+00
1598	1.834408e+00
1599	1.837063e+00
1600	1.839586e+00
1601	1.842165e+00
1602	1.845024e+00
1603	1.847657e+00
1604	1.850300e+00
1605	1.852541e+00
1606	1.854691e+00
1607	1.856486e+00
1608	1.858400e+00
1609	1.859937e+00
1610	1.861303e+00
1611	1.862476e+00
1612	1.863870e+00
1613	1.865424e+00
1614	1.867138e+00
1615	1.869334e+00
1616	1.871431e+00
1617	1.873400e+00
1618	1.875131e+00
1619	1.876572e+00
1620	1.877902e+00
1621	1.878885e+00
1622	1.879745e+00
1623	1.880488e+00
1624	1.881041e+00
1625	1.881572e+00
1626	1.881649e+00
1627	1.881281e+00
1628	1.880580e+00
1629	1.879493e+00
1630	1.878484e+00
1631	1.876893e+00
1632	1.875217e+00
1633	1.873186e+00
1634	1.871002e+00
1635	1.868497e+00
1636	1.865884e+00
1637	1.863180e+00
1638	1.860383e+00
1639	1.858037e+00
1640	1.855593e+00
1641	1.853349e+00
1642	1.851274e+00
1643	1.849158e+00
1644	1.847144e+00
1645	1.845017e+00
1646	1.843327e+00
1647	1.841801e+00
1648	1.840231e+00
1649	1.838615e+00
1650	1.837044e+00
1651	1.835126e+00
1652	1.833520e+00
1653	1.831869e+00
1654	1.830619e+00
1655	1.829270e+00
1656	1.828366e+00
1657	1.828000e+00
1658	1.827863e+00
1659	1.828330e+00
1660	1.829303e+00
1661	1.830617e+00
1662	1.832548e+00
1663	1.834868e+00
1664	1.837645e+00
1665	1.840297e+00
1666	1.843235e+00
1667	1.846838e+00
1668	1.850087e+00
1669	1.853438e+00
1670	1.856539e+00
1671	1.859271e+00
1672	1.862281e+00
1673	1.865119e+00
1674	1.867811e+00
1675	1.870648e+00
1676	1.873695e+00
1677	1.876614e+00
1678	1.879214e+00
1679	1.881830e+00
1680	1.884468e+00
1681	1.887115e+00
1682	1.889507e+00
1683	1.891828e+00
1684	1.894127e+00
1685	1.896239e+00
1686	1.898159e+00
1687	1.900123e+00
1688	1.901929e+00
1689	1.903556e+00
1690	1.904782e+00
1691	1.905805e+00
1692	1.906404e+00
1693	1.906267e+00
1694	1.905928e+00
1695	1.905064e+00
1696	1.903705e+00
1697	1.901863e+00
1698	1.899514e+00
1699	1.896969e+00
1700	1.894003e+00
1701	1.890383e+00
1702	1.886308e+00
1703	1.881982e+00
1704	1.877544e+00
1705	1.873283e+00
1706	1.869234e+00
1707	1.865526e+00
1708	1.862092e+00
1709	1.858530e+00
1710	1.854902e+00
1711	1.851421e+00
1712	1.848049e+00
1713	1.845289e+00
1714	1.842042e+00
1715	1.838600e+00
1716	1.834928e+00
1717	1.831062e+00
1718	1.826860e+00
1719	1.822109e+00
1720	1.817763e+00
1721	1.813413e+00
1722	1.809328e+00
1723	1.805018e+00
1724	1.800966e+00
1725	1.797169e+00
1726	1.793608e+00
1727	1.790608e+00
1728	1.788195e+00
1729	1.785534e+00
1730	1.783232e+00
1731	1.781307e+00
1732	1.779639e+00
1733	1.778304e+00
1734	1.777391e+00
1735	1.777059e+00
1736	1.777210e+00
1737	1.777781e+00
1738	1.778506e+00
1739	1.779725e+00
1740	1.781596e+00
1741	1.784059e+00
1742	1.786690e+00
1743	1.789763e+00
1744	1.793111e+00
1745	1.796520e+00
1746	1.800950e+00
1747	1.805697e+00
1748	1.810823e+00
1749	1.816571e+00
1750	1.822830e+00
1751	1.829180e+00
1752	1.835691e+00
1753	1.842718e+00
1754	1.850026e+00
1755	1.857677e+00
1756	1.865232e+00
1757	1.872555e+00
1758	1.879958e+00
1759	1.887214e+00
1760	1.894081e+00
1761	1.900653e+00
1762	1.906900e+00
1763	1.912990e+00
1764	1.918687e+00
1765	1.924335e+00
1766	1.929816e+00
1767	1.934861e+00
1768	1.939890e+00
1769	1.944708e+00
1770	1.949166e+00
1771	1.953390e+00
1772	1.957662e+00
1773	1.961648e+00
1774	1.965264e+00
1775	1.968378e+00
1776	1.970898e+00
1777	1.973141e+00
1778	1.974998e+00
1779	1.976363e+00
1780	1.977782e+00
1781	1.978590e+00
1782	1.978842e+00
1783	1.978468e+00
1784	1.977482e+00
1785	1.976025e+00
1786	1.974037e+00
1787	1.971693e+00
1788	1.968926e+00
1789	1.965638e+00
1790	1.962081e+00
1791	1.958256e+00
1792	1.953853e+00
1793	1.949353e+00
1794	1.944570e+00
1795	1.939630e+00
1796	1.934266e+00
1797	1.928618e+00
1798	1.922749e+00
1799	1.916445e+00
1800	1.910132e+00
1801	1.904096e+00
1802	1.898086e+00
1803	1.891930e+00
1804	1.885537e+00
1805	1.878924e+00
1806	1.872344e+00
1807	1.865455e+00
1808	1.858464e+00
1809	1.851527e+00
1810	1.844626e+00
1811	1.837625e+00
1812	1.830579e+00
1813	1.823376e+00
1814	1.816590e+00
1815	1.810080e+00
1816	1.803745e+00
1817	1.797766e+00
1818	1.791840e+00
1819	1.786026e+00
1820	1.780444e+00
1821	1.775035e+00
1822	1.769825e+00
1823	1.764750e+00
1824	1.760178e+00
1825	1.756371e+00
1826	1.752418e+00
1827	1.748540e+00
1828	1.744809e+00
1829	1.741872e+00
1830	1.739906e+00
1831	1.738342e+00
1832	1.737445e+00
1833	1.737292e+00
1834	1.737697e+00
1835	1.738741e+00
1836	1.740144e+00
1837	1.742069e+00
1838	1.744844e+00
1839	1.748101e+00
1840	1.751582e+00
1841	1.756075e+00
1842	1.760814e+00
1843	1.765844e+00
1844	1.771131e+00
1845	1.776778e+00
1846	1.782548e+00
1847	1.788466e+00
1848	1.794491e+00
1849	1.800658e+00
1850	1.806605e+00
1851	1.812860e+00
1852	1.819312e+00
1853	1.825811e+00
1854	1.832239e+00
1855	1.838834e+00
1856	1.845546e+00
1857	1.852607e+00
1858	1.859479e+00
1859	1.866463e+00
1860	1.873586e+00
1861	1.880531e+00
1862	1.887530e+00
1863	1.894256e+00
1864	1.900670e+00
1865	1.906444e+00
1866	1.912013e+00
1867	1.916803e+00
1868	1.921162e+00
1869	1.925005e+00
1870	1.928507e+00
1871	1.931754e+00
1872	1.934798e+00
1873	1.937352e+00
1874	1.939490e+00
1875	1.941191e+00
1876	1.942252e+00
1877	1.943268e+00
1878	1.943769e+00
1879	1.943916e+00
1880	1.943799e+00
1881	1.943315e+00
1882	1.942422e+00
1883	1.941588e+00
1884	1.940851e+00
1885	1.940302e+00
1886	1.939643e+00
1887	1.938590e+00
1888	1.937098e+00
1889	1.935459e+00
1890	1.933669e+00
1891	1.931924e+00
1892	1.929771e+00
1893	1.927541e+00
1894	1.925251e+00
1895	1.922428e+00
1896	1.919170e+00
1897	1.915191e+00
1898	1.910823e+00
1899	1.906292e+00
1900	1.901571e+00
1901	1.896075e+00
1902	1.890773e+00
1903	1.884990e+00
1904	1.879051e+00
1905	1.873040e+00
1906	1.867185e+00
1907	1.861081e+00
1908	1.854658e+00
1909	1.848023e+00
1910	1.841482e+00
1911	1.835413e+00
1912	1.829827e+00
1913	1.824454e+00
1914	1.819153e+00
1915	1.814142e+00
1916	1.809243e+00
1917	1.804642e+00
1918	1.800006e+00
1919	1.795436e+00
1920	1.791154e+00
1921	1.787334e+00
1922	1.784032e+00
1923	1.781083e+00
1924	1.777815e+00
1925	1.774786e+00
1926	1.772413e+00
1927	1.770522e+00
1928	1.769235e+00
1929	1.768527e+00
1930	1.768051e+00
1931	1.768050e+00
1932	1.768768e+00
1933	1.770329e+00
1934	1.772767e+00
1935	1.775736e+00
1936	1.779094e+00
1937	1.783126e+00
1938	1.787330e+00
1939	1.791774e+00
1940	1.796205e+00
1941	1.800771e+00
1942	1.805617e+00
1943	1.810730e+00
1944	1.815902e+00
1945	1.821052e+00
1946	1.825835e+00
1947	1.830851e+00
1948	1.835525e+00
1949	1.839787e+00
1950	1.844258e+00
1951	1.848490e+00
1952	1.852925e+00
1953	1.857372e+00
1954	1.861716e+00
1955	1.866303e+00
1956	1.870846e+00
1957	1.875442e+00
1958	1.880059e+00
1959	1.884180e+00
1960	1.888133e+00
1961	1.891555e+00
1962	1.894917e+00
1963	1.898328e+00
1964	1.901291e+00
1965	1.903844e+00
1966	1.905792e+00
1967	1.907245e+00
1968	1.908184e+00
1969	1.908962e+00
1970	1.909371e+00
1971	1.909347e+00
1972	1.908935e+00
1973	1.908207e+00
1974	1.907599e+00
1975	1.906397e+00
1976	1.905235e+00
1977	1.903465e+00
1978	1.901930e+00
1979	1.900461e+00
1980	1.898928e+00
1981	1.897798e+00
1982	1.896592e+00
1983	1.895167e+00
1984	1.893617e+00
1985	1.891596e+00
1986	1.889839e+00
1987	1.887962e+00
1988	1.885857e+00
1989	1.883417e+00
1990	1.881142e+00
1991	1.878986e+00
1992	1.876634e+00
1993	1.873918e+00
1994	1.871558e+00
1995	1.868747e+00
1996	1.866049e+00
1997	1.863505e+00
1998	1.860527e+00
1999	1.857904e+00
2000	1.855725e+00
2001	1.853741e+00
2002	1.851663e+00
2003	1.849678e+00
2004	1.847773e+00
2005	1.846423e+00
2006	1.845247e+00
2007	1.843756e+00
2008	1.842250e+00
2009	1.841062e+00
2010	1.839826e+00
2011	1.838568e+00
2012	1.837129e+00
2013	1.835686e+00
2014	1.833693e+00
2015	1.831749e+00
2016	1.829875e+00
2017	1.828388e+00
2018	1.826893e+00
2019	1.825638e+00
2020	1.824459e+00
2021	1.823206e+00
2022	1.822289e+00
2023	1.821657e+00
2024	1.821212e+00
2025	1.820933e+00
2026	1.820993e+00
2027	1.821292e+00
2028	1.822071e+00
2029	1.822557e+00
2030	1.823274e+00
2031	1.823881e+00
2032	1.824587e+00
2033	1.824808e+00
2034	1.825266e+00
2035	1.825580e+00
2036	1.825564e+00
2037	1.825439e+00
2038	1.824965e+00
2039	1.824114e+00
2040	1.823277e+00
2041	1.822546e+00
2042	1.821891e+00
2043	1.821185e+00
2044	1.820983e+00
2045	1.820672e+00
2046	1.820369e+00
2047	1.819751e+00
2048	1.819426e+00
2049	1.818991e+00
2050	1.818771e+00
2051	1.818585e+00
2052	1.818543e+00
2053	1.818577e+00
2054	1.818500e+00
2055	1.818253e+00
2056	1.817727e+00
2057	1.817036e+00
2058	1.816273e+00
2059	1.815788e+00
2060	1.815537e+00
2061	1.815245e+00
2062	1.814968e+00
2063	1.814656e+00
2064	1.814846e+00
2065	1.815067e+00
2066	1.815181e+00
2067	1.815396e+00
2068	1.815970e+00
2069	1.816627e+00
2070	1.817382e+00
2071	1.818548e+00
2072	1.819722e+00
2073	1.821022e+00
2074	1.822144e+00
2075	1.823466e+00
2076	1.824825e+00
2077	1.826442e+00
2078	1.828044e+00
2079	1.829614e+00
2080	1.831118e+00
2081	1.832726e+00
2082	1.834039e+00
2083	1.835372e+00
2084	1.837000e+00
2085	1.838877e+00
2086	1.841030e+00
2087	1.843256e+00
2088	1.845972e+00
2089	1.848573e+00
2090	1.851611e+00
2091	1.854752e+00
2092	1.858104e+00
2093	1.861739e+00
2094	1.865736e+00
2095	1.869940e+00
2096	1.873663e+00
2097	1.876793e+00
2098	1.879771e+00
2099	1.882442e+00
2100	1.884964e+00
2101	1.887237e+00
2102	1.889111e+00
2103	1.890835e+00
2104	1.892146e+00
2105	1.893198e+00
2106	1.893757e+00
2107	1.894177e+00
2108	1.894785e+00
2109	1.895325e+00
2110	1.895992e+00
2111	1.896361e+00
2112	1.896909e+00
2113	1.897023e+00
2114	1.896804e+00
2115	1.896414e+00
2116	1.895593e+00
2117	1.894165e+00
2118	1.892514e+00
2119	1.890647e+00
2120	1.888200e+00
2121	1.885183e+00
2122	1.882214e+00
2123	1.879157e+00
2124	1.875753e+00
2125	1.872365e+00
2126	1.868768e+00
2127	1.864972e+00
2128	1.861423e+00
2129	1.857839e+00
2130	1.854034e+00
2131	1.850233e+00
2132	1.846546e+00
2133	1.842687e+00
2134	1.839103e+00
2135	1.835949e+00
2136	1.832899e+00
2137	1.830023e+00
2138	1.827457e+00
2139	1.824974e+00
2140	1.822738e+00
2141	1.820066e+00
2142	1.817835e+00
2143	1.815861e+00
2144	1.813562e+00
2145	1.811365e+00
2146	1.809471e+00
2147	1.808217e+00
2148	1.806981e+00
2149	1.805883e+00
2150	1.804655e+00
2151	1.803596e+00
2152	1.802767e+00
2153	1.802204e+00
2154	1.801900e+00
2155	1.801469e+00
2156	1.801638e+00
2157	1.801812e+00
2158	1.802333e+00
2159	1.802974e+00
2160	1.803958e+00
2161	1.805106e+00
2162	1.806155e+00
2163	1.807173e+00
2164	1.808004e+00
2165	1.808972e+00
2166	1.809795e+00
2167	1.810983e+00
2168	1.812366e+00
2169	1.814183e+00
2170	1.816359e+00
2171	1.818793e+00
2172	1.821501e+00
2173	1.824441e+00
2174	1.828024e+00
2175	1.831646e+00
2176	1.835086e+00
2177	1.838342e+00
2178	1.841305e+00
2179	1.844177e+00
2180	1.846657e+00
2181	1.849098e+00
2182	1.851262e+00
2183	1.853283e+00
2184	1.855213e+00
2185	1.856845e+00
2186	1.858064e+00
2187	1.859073e+00
2188	1.859926e+00
2189	1.860754e+00
2190	1.861071e+00
2191	1.861755e+00
2192	1.862533e+00
2193	1.863308e+00
2194	1.863648e+00
2195	1.864143e+00
2196	1.864254e+00
2197	1.864322e+00
2198	1.864567e+00
2199	1.864949e+00
2200	1.865546e+00
2201	1.866242e+00
2202	1.866603e+00
2203	1.866772e+00
2204	1.866861e+00
2205	1.866605e+00
2206	1.866059e+00
2207	1.865289e+00
2208	1.864522e+00
2209	1.863923e+00
2210	1.863246e+00
2211	1.863036e+00
2212	1.862728e+00
2213	1.862694e+00
2214	1.863056e+00
2215	1.863690e+00
2216	1.864857e+00
2217	1.865993e+00
2218	1.867125e+00
2219	1.868545e+00
2220	1.869872e+00
2221	1.870968e+00
2222	1.871806e+00
2223	1.872322e+00
2224	1.872831e+00
2225	1.872902e+00
2226	1.872966e+00
2227	1.872450e+00
2228	1.871525e+00
2229	1.870739e+00
2230	1.869771e+00
2231	1.868328e+00
2232	1.866543e+00
2233	1.865402e+00
2234	1.864501e+00
2235	1.863771e+00
2236	1.863239e+00
2237	1.862771e+00
2238	1.862234e+00
2239	1.861670e+00
2240	1.861242e+00
2241	1.861159e+00
2242	1.861391e+00
2243	1.861401e+00
2244	1.861383e+00
2245	1.861121e+00
2246	1.860717e+00
2247	1.860146e+00
2248	1.858839e+00
2249	1.857475e+00
2250	1.855755e+00
2251	1.853744e+00
2252	1.851722e+00
2253	1.849746e+00
2254	1.847618e+00
2255	1.845391e+00
2256	1.842966e+00
2257	1.840830e+00
2258	1.838941e+00
2259	1.837139e+00
2260	1.835822e+00
2261	1.835231e+00
2262	1.835017e+00
2263	1.834624e+00
2264	1.834586e+00
2265	1.834868e+00
2266	1.835640e+00
2267	1.836845e+00
2268	1.837863e+00
2269	1.839068e+00
2270	1.840217e+00
2271	1.841417e+00
2272	1.842333e+00
2273	1.843282e+00
2274	1.844009e+00
2275	1.845111e+00
2276	1.846425e+00
2277	1.847656e+00
2278	1.848994e+00
2279	1.850540e+00
2280	1.852066e+00
2281	1.854051e+00
2282	1.856490e+00
2283	1.859122e+00
2284	1.861743e+00
2285	1.864394e+00
2286	1.867116e+00
2287	1.869818e+00
2288	1.872548e+00
2289	1.875095e+00
2290	1.877328e+00
2291	1.878859e+00
2292	1.879946e+00
2293	1.880808e+00
2294	1.881133e+00
2295	1.881397e+00
2296	1.880969e+00
2297	1.880242e+00
2298	1.879008e+00
2299	1.877619e+00
2300	1.875891e+00
2301	1.873745e+00
2302	1.871222e+00
2303	1.868647e+00
2304	1.866136e+00
2305	1.863649e+00
2306	1.860873e+00
2307	1.857995e+00
2308	1.855196e+00
2309	1.852203e+00
2310	1.848923e+00
2311	1.845262e+00
2312	1.841503e+00
2313	1.837074e+00
2314	1.832659e+00
2315	1.828211e+00
2316	1.824420e+00
2317	1.820998e+00
2318	1.817749e+00
2319	1.815220e+00
2320	1.812883e+00
2321	1.811223e+00
2322	1.810388e+00
2323	1.810197e+00
2324	1.810914e+00
2325	1.812236e+00
2326	1.814332e+00
2327	1.817047e+00
2328	1.820200e+00
2329	1.823828e+00
2330	1.827509e+00
2331	1.831337e+00
2332	1.835495e+00
2333	1.839508e+00
2334	1.843361e+00
2335	1.847049e+00
2336	1.850410e+00
2337	1.853716e+00
2338	1.856838e+00
2339	1.859720e+00
2340	1.862731e+00
2341	1.865627e+00
2342	1.868388e+00
2343	1.871151e+00
2344	1.873514e+00
2345	1.875790e+00
2346	1.878218e+00
2347	1.880718e+00
2348	1.883122e+00
2349	1.884991e+00
2350	1.886703e+00
2351	1.888203e+00
2352	1.889121e+00
2353	1.889569e+00
2354	1.889902e+00
2355	1.889260e+00
2356	1.888387e+00
2357	1.887299e+00
2358	1.885862e+00
2359	1.884067e+00
2360	1.882417e+00
2361	1.880225e+00
2362	1.877658e+00
2363	1.874818e+00
2364	1.871783e+00
2365	1.868826e+00
2366	1.865660e+00
2367	1.862644e+00
2368	1.859799e+00
2369	1.857205e+00
2370	1.854944e+00
2371	1.852552e+00
2372	1.850193e+00
2373	1.848223e+00
2374	1.846476e+00
2375	1.844563e+00
2376	1.842612e+00
2377	1.840798e+00
2378	1.838792e+00
2379	1.836763e+00
2380	1.834608e+00
2381	1.833228e+00
2382	1.831803e+00
2383	1.830491e+00
2384	1.829417e+00
2385	1.828683e+00
2386	1.828346e+00
2387	1.828125e+00
2388	1.828174e+00
2389	1.828684e+00
2390	1.829136e+00
2391	1.829811e+00
2392	1.830891e+00
2393	1.831788e+00
2394	1.832961e+00
2395	1.833994e+00
2396	1.835192e+00
2397	1.836273e+00
2398	1.837556e+00
2399	1.838505e+00
2400	1.839326e+00
2401	1.840230e+00
2402	1.840810e+00
2403	1.840985e+00
2404	1.840871e+00
2405	1.840348e+00
2406	1.839513e+00
2407	1.838293e+00
2408	1.836834e+00
2409	1.835337e+00
2410	1.833752e+00
2411	1.831832e+00
2412	1.829507e+00
2413	1.826974e+00
2414	1.824678e+00
2415	1.822412e+00
2416	1.820155e+00
2417	1.818073e+00
2418	1.816135e+00
2419	1.814312e+00
2420	1.812728e+00
2421	1.810953e+00
2422	1.809330e+00
2423	1.807978e+00
2424	1.806498e+00
2425	1.805213e+00
2426	1.804716e+00
2427	1.804805e+00
2428	1.805457e+00
2429	1.806948e+00
2430	1.809444e+00
2431	1.811840e+00
2432	1.814537e+00
2433	1.817859e+00
2434	1.821459e+00
2435	1.825118e+00
2436	1.829167e+00
2437	1.833357e+00
2438	1.837289e+00
2439	1.840887e+00
2440	1.844357e+00
2441	1.847575e+00
2442	1.850846e+00
2443	1.854397e+00
2444	1.857563e+00
2445	1.860820e+00
2446	1.863764e+00
2447	1.866697e+00
2448	1.869667e+00
2449	1.872858e+00
2450	1.875724e+00
2451	1.878281e+00
2452	1.880857e+00
2453	1.883100e+00
2454	1.884978e+00
2455	1.886312e+00
2456	1.887508e+00
2457	1.888522e+00
2458	1.888797e+00
2459	1.888319e+00
2460	1.887570e+00
2461	1.885799e+00
2462	1.883702e+00
2463	1.881145e+00
2464	1.878102e+00
2465	1.874585e+00
2466	1.870683e+00
2467	1.866805e+00
2468	1.862861e+00
2469	1.859453e+00
2470	1.855725e+00
2471	1.852274e+00
2472	1.848915e+00
2473	1.846010e+00
2474	1.843777e+00
2475	1.841945e+00
2476	1.840818e+00
2477	1.839964e+00
2478	1.838990e+00
2479	1.838288e+00
2480	1.837661e+00
2481	1.836976e+00
2482	1.836365e+00
2483	1.835720e+00
2484	1.835041e+00
2485	1.834622e+00
2486	1.834325e+00
2487	1.834259e+00
2488	1.834413e+00
2489	1.834514e+00
2490	1.834565e+00
2491	1.834772e+00
2492	1.835211e+00
2493	1.835762e+00
2494	1.836468e+00
2495	1.837450e+00
2496	1.839085e+00
2497	1.841053e+00
2498	1.843336e+00
2499	1.846003e+00
2500	1.848551e+00
2501	1.850891e+00
2502	1.852867e+00
2503	1.854720e+00
2504	1.856353e+00
2505	1.857478e+00
2506	1.858641e+00
2507	1.859280e+00
2508	1.860111e+00
2509	1.860674e+00
2510	1.861368e+00
2511	1.862022e+00
2512	1.862742e+00
2513	1.863173e+00
2514	1.863256e+00
2515	1.863257e+00
2516	1.863384e+00
2517	1.863718e+00
2518	1.864187e+00
2519	1.864747e+00
2520	1.865004e+00
2521	1.865218e+00
2522	1.865304e+00
2523	1.864849e+00
2524	1.864296e+00
2525	1.863512e+00
2526	1.862746e+00
2527	1.861845e+00
2528	1.860972e+00
2529	1.860222e+00
2530	1.859285e+00
2531	1.858266e+00
2532	1.857549e+00
2533	1.856934e+00
2534	1.856329e+00
2535	1.856171e+00
2536	1.856370e+00
2537	1.857489e+00
2538	1.858985e+00
2539	1.860720e+00
2540	1.862908e+00
2541	1.865222e+00
2542	1.867955e+00
2543	1.870550e+00
2544	1.872978e+00
2545	1.875615e+00
2546	1.878163e+00
2547	1.880571e+00
2548	1.882719e+00
2549	1.884477e+00
2550	1.886192e+00
2551	1.887477e+00
2552	1.888282e+00
2553	1.888836e+00
2554	1.888951e+00
2555	1.888964e+00
2556	1.888650e+00
2557	1.888207e+00
2558	1.887344e+00
2559	1.886471e+00
2560	1.885600e+00
2561	1.884731e+00
2562	1.883978e+00
2563	1.883309e+00
2564	1.882491e+00
2565	1.881649e+00
2566	1.880334e+00
2567	1.878714e+00
2568	1.876645e+00
2569	1.874740e+00
2570	1.873101e+00
2571	1.871588e+00
2572	1.869472e+00
2573	1.867200e+00
2574	1.864846e+00
2575	1.862183e+00
2576	1.859622e+00
2577	1.856962e+00
2578	1.854624e+00
2579	1.852538e+00
2580	1.850257e+00
2581	1.848153e+00
2582	1.846162e+00
2583	1.844367e+00
2584	1.842813e+00
2585	1.841322e+00
2586	1.839657e+00
2587	1.838022e+00
2588	1.836485e+00
2589	1.835006e+00
2590	1.833290e+00
2591	1.831893e+00
2592	1.830840e+00
2593	1.830124e+00
2594	1.829404e+00
2595	1.828441e+00
2596	1.827694e+00
2597	1.827613e+00
2598	1.827497e+00
2599	1.827376e+00
2600	1.827607e+00
2601	1.828087e+00
2602	1.828520e+00
2603	1.828834e+00
2604	1.829307e+00
2605	1.830140e+00
2606	1.831327e+00
2607	1.833106e+00
2608	1.835025e+00
2609	1.837133e+00
2610	1.839368e+00
2611	1.841728e+00
2612	1.843776e+00
2613	1.845667e+00
2614	1.847788e+00
2615	1.849960e+00
2616	1.852409e+00
2617	1.854877e+00
2618	1.857402e+00
2619	1.859916e+00
2620	1.862478e+00
2621	1.865307e+00
2622	1.868215e+00
2623	1.871109e+00
2624	1.874210e+00
2625	1.877658e+00
2626	1.880760e+00
2627	1.883836e+00
2628	1.887022e+00
2629	1.890263e+00
2630	1.893509e+00
2631	1.896675e+00
2632	1.899753e+00
2633	1.902303e+00
2634	1.904878e+00
2635	1.907071e+00
2636	1.909143e+00
2637	1.911338e+00
2638	1.913575e+00
2639	1.915547e+00
2640	1.917171e+00
2641	1.918673e+00
2642	1.919989e+00
2643	1.921195e+00
2644	1.922436e+00
2645	1.923047e+00
2646	1.923537e+00
2647	1.923804e+00
2648	1.923703e+00
2649	1.922969e+00
2650	1.922165e+00
2651	1.920845e+00
2652	1.919756e+00
2653	1.918765e+00
2654	1.917110e+00
2655	1.915179e+00
2656	1.913003e+00
2657	1.910576e+00
2658	1.907793e+00
2659	1.904907e+00
2660	1.902133e+00
2661	1.899193e+00
2662	1.896313e+00
2663	1.893091e+00
2664	1.889502e+00
2665	1.885677e+00
2666	1.881561e+00
2667	1.877339e+00
2668	1.872399e+00
2669	1.867558e+00
2670	1.862532e+00
2671	1.857769e+00
2672	1.852946e+00
2673	1.848367e+00
2674	1.843663e+00
2675	1.839256e+00
2676	1.835184e+00
2677	1.831371e+00
2678	1.827777e+00
2679	1.824530e+00
2680	1.821949e+00
2681	1.819862e+00
2682	1.818025e+00
2683	1.816662e+00
2684	1.815475e+00
2685	1.814412e+00
2686	1.813603e+00
2687	1.813273e+00
2688	1.813243e+00
2689	1.813607e+00
2690	1.814431e+00
2691	1.815462e+00
2692	1.816601e+00
2693	1.817856e+00
2694	1.819289e+00
2695	1.820911e+00
2696	1.823022e+00
2697	1.825646e+00
2698	1.828391e+00
2699	1.831475e+00
2700	1.834796e+00
2701	1.837920e+00
2702	1.841430e+00
2703	1.845026e+00
2704	1.848914e+00
2705	1.852787e+00
2706	1.856344e+00
2707	1.859586e+00
2708	1.862810e+00
2709	1.865991e+00
2710	1.868638e+00
2711	1.871067e+00
2712	1.873216e+00
2713	1.875015e+00
2714	1.876153e+00
2715	1.876847e+00
2716	1.877072e+00
2717	1.877162e+00
2718	1.877167e+00
2719	1.876710e+00
2720	1.875841e+00
2721	1.874495e+00
2722	1.873079e+00
2723	1.871426e+00
2724	1.869723e+00
2725	1.867994e+00
2726	1.865944e+00
2727	1.863653e+00
2728	1.860955e+00
2729	1.858245e+00
2730	1.855616e+00
2731	1.853087e+00
2732	1.850149e+00
2733	1.847264e+00
2734	1.844450e+00
2735	1.841906e+00
2736	1.839667e+00
2737	1.837680e+00
2738	1.835745e+00
2739	1.833957e+00
2740	1.832558e+00
2741	1.831039e+00
2742	1.830243e+00
2743	1.829852e+00
2744	1.829634e+00
2745	1.829596e+00
2746	1.829896e+00
2747	1.830469e+00
2748	1.831826e+00
2749	1.833123e+00
2750	1.834483e+00
2751	1.835632e+00
2752	1.836297e+00
2753	1.837186e+00
2754	1.838306e+00
2755	1.839077e+00
2756	1.839402e+00
2757	1.839653e+00
2758	1.839690e+00
2759	1.839740e+00
2760	1.840041e+00
2761	1.840400e+00
2762	1.840781e+00
2763	1.841485e+00
2764	1.842092e+00
2765	1.842868e+00
2766	1.843544e+00
2767	1.844084e+00
2768	1.844207e+00
2769	1.844319e+00
2770	1.844274e+00
2771	1.844307e+00
2772	1.844155e+00
2773	1.843822e+00
2774	1.843312e+00
2775	1.842829e+00
2776	1.842154e+00
2777	1.841267e+00
2778	1.840215e+00
2779	1.838992e+00
2780	1.838067e+00
2781	1.836927e+00
2782	1.835825e+00
2783	1.834750e+00
2784	1.833756e+00
2785	1.832931e+00
2786	1.832602e+00
2787	1.832699e+00
2788	1.832881e+00
2789	1.833363e+00
2790	1.834856e+00
2791	1.836892e+00
2792	1.839114e+00
2793	1.841393e+00
2794	1.843953e+00
2795	1.846382e+00
2796	1.848646e+00
2797	1.850576e+00
2798	1.852738e+00
2799	1.855024e+00
2800	1.857389e+00
2801	1.859815e+00
2802	1.862488e+00
2803	1.865056e+00
2804	1.867760e+00
2805	1.870522e+00
2806	1.873535e+00
2807	1.876618e+00
2808	1.879620e+00
2809	1.882664e+00
2810	1.885817e+00
2811	1.888941e+00
2812	1.892012e+00
2813	1.894710e+00
2814	1.897378e+00
2815	1.899768e+00
2816	1.902219e+00
2817	1.904514e+00
2818	1.906512e+00
2819	1.907662e+00
2820	1.908105e+00
2821	1.908066e+00
2822	1.907691e+00
2823	1.906784e+00
2824	1.905953e+00
2825	1.904865e+00
2826	1.903260e+00
2827	1.901409e+00
2828	1.899325e+00
2829	1.896623e+00
2830	1.893324e+00
2831	1.889861e+00
2832	1.886401e+00
2833	1.882500e+00
2834	1.877970e+00
2835	1.873454e+00
2836	1.868969e+00
2837	1.864790e+00
2838	1.860735e+00
2839	1.856183e+00
2840	1.851818e+00
2841	1.847361e+00
2842	1.842837e+00
2843	1.837906e+00
2844	1.833362e+00
2845	1.828857e+00
2846	1.823990e+00
2847	1.819587e+00
2848	1.815427e+00
2849	1.811205e+00
2850	1.807092e+00
2851	1.803015e+00
2852	1.799381e+00
2853	1.796244e+00
2854	1.793719e+00
2855	1.791513e+00
2856	1.789846e+00
2857	1.788625e+00
2858	1.788161e+00
2859	1.788513e+00
2860	1.789302e+00
2861	1.790543e+00
2862	1.792167e+00
2863	1.793864e+00
2864	1.795786e+00
2865	1.797751e+00
2866	1.799945e+00
2867	1.802380e+00
2868	1.804985e+00
2869	1.807301e+00
2870	1.809403e+00
2871	1.811659e+00
2872	1.814025e+00
2873	1.816442e+00
2874	1.818845e+00
2875	1.821205e+00
2876	1.823779e+00
2877	1.826576e+00
2878	1.829702e+00
2879	1.832950e+00
2880	1.836249e+00
2881	1.839518e+00
2882	1.843000e+00
2883	1.846156e+00
2884	1.849117e+00
2885	1.852031e+00
2886	1.854748e+00
2887	1.857014e+00
2888	1.859244e+00
2889	1.860974e+00
2890	1.862445e+00
2891	1.864001e+00
2892	1.865383e+00
2893	1.866537e+00
2894	1.867665e+00
2895	1.868997e+00
2896	1.870342e+00
2897	1.871760e+00
2898	1.873187e+00
2899	1.874303e+00
2900	1.875624e+00
2901	1.876581e+00
2902	1.877498e+00
2903	1.878790e+00
2904	1.879968e+00
2905	1.880773e+00
2906	1.881419e+00
2907	1.881739e+00
2908	1.881836e+00
2909	1.881843e+00
2910	1.881658e+00
2911	1.881223e+00
2912	1.880409e+00
2913	1.879791e+00
2914	1.878930e+00
2915	1.878229e+00
2916	1.877569e+00
2917	1.877041e+00
2918	1.876677e+00
2919	1.876293e+00
2920	1.875736e+00
2921	1.875147e+00
2922	1.874453e+00
2923	1.874056e+00
2924	1.873443e+00
2925	1.872460e+00
2926	1.871237e+00
2927	1.869888e+00
2928	1.867965e+00
2929	1.865525e+00
2930	1.862995e+00
2931	1.860344e+00
2932	1.857537e+00
2933	1.854544e+00
2934	1.851237e+00
2935	1.847669e+00
2936	1.843712e+00
2937	1.839609e+00
2938	1.835739e+00
2939	1.832083e+00
2940	1.828171e+00
2941	1.824559e+00
2942	1.821071e+00
2943	1.817786e+00
2944	1.814681e+00
2945	1.811733e+00
2946	1.809196e+00
2947	1.807187e+00
2948	1.805480e+00
2949	1.803849e+00
2950	1.802350e+00
2951	1.800619e+00
2952	1.798833e+00
2953	1.797227e+00
2954	1.795859e+00
2955	1.794458e+00
2956	1.793436e+00
2957	1.792657e+00
2958	1.791918e+00
2959	1.791686e+00
2960	1.791914e+00
2961	1.793071e+00
2962	1.794888e+00
2963	1.797143e+00
2964	1.800051e+00
2965	1.803500e+00
2966	1.806943e+00
2967	1.810969e+00
2968	1.815349e+00
2969	1.819373e+00
2970	1.823222e+00
2971	1.827498e+00
2972	1.831600e+00
2973	1.835046e+00
2974	1.838692e+00
2975	1.842184e+00
2976	1.845667e+00
2977	1.848879e+00
2978	1.852341e+00
2979	1.855902e+00
2980	1.859531e+00
2981	1.863041e+00
2982	1.866527e+00
2983	1.870265e+00
2984	1.874141e+00
2985	1.878141e+00
2986	1.882387e+00
2987	1.886195e+00
2988	1.890082e+00
2989	1.893997e+00
2990	1.898173e+00
2991	1.902038e+00
2992	1.905616e+00
2993	1.909252e+00
2994	1.912300e+00
2995	1.914991e+00
2996	1.917322e+00
2997	1.919251e+00
2998	1.920712e+00
2999	1.921622e+00
3000	1.922316e+00
3001	1.922550e+00
3002	1.922257e+00
3003	1.921572e+00
3004	1.920268e+00
3005	1.918476e+00
3006	1.916416e+00
3007	1.914120e+00
3008	1.911940e+00
3009	1.909664e+00
3010	1.907257e+00
3011	1.905012e+00
3012	1.902600e+00
3013	1.900424e+00
3014	1.898058e+00
3015	1.895661e+00
3016	1.893087e+00
3017	1.890147e+00
3018	1.886946e+00
3019	1.883434e+00
3020	1.879240e+00
3021	1.874880e+00
3022	1.870122e+00
3023	1.865097e+00
3024	1.860150e+00
3025	1.855066e+00
3026	1.849768e+00
3027	1.844749e+00
3028	1.840305e+00
3029	1.836694e+00
3030	1.833354e+00
3031	1.830461e+00
3032	1.827823e+00
3033	1.825410e+00
3034	1.823466e+00
3035	1.821802e+00
3036	1.820223e+00
3037	1.818990e+00
3038	1.817413e+00
3039	1.816150e+00
3040	1.815004e+00
3041	1.814034e+00
3042	1.813141e+00
3043	1.812407e+00
3044	1.811717e+00
3045	1.810981e+00
3046	1.810440e+00
3047	1.809974e+00
3048	1.810024e+00
3049	1.810288e+00
3050	1.810945e+00
3051	1.811642e+00
3052	1.812384e+00
3053	1.813175e+00
3054	1.814420e+00
3055	1.815938e+00
3056	1.817292e+00
3057	1.818375e+00
3058	1.819927e+00
3059	1.821285e+00
3060	1.822724e+00
3061	1.824359e+00
3062	1.826340e+00
3063	1.828109e+00
3064	1.829907e+00
3065	1.831644e+00
3066	1.833094e+00
3067	1.834582e+00
3068	1.835779e+00
3069	1.837054e+00
3070	1.838486e+00
3071	1.840495e+00
3072	1.842782e+00
3073	1.845138e+00
3074	1.847919e+00
3075	1.851099e+00
3076	1.854602e+00
3077	1.858215e+00
3078	1.861595e+00
3079	1.865455e+00
3080	1.869073e+00
3081	1.872852e+00
3082	1.876577e+00
3083	1.879410e+00
3084	1.882170e+00
3085	1.884324e+00
3086	1.886105e+00
3087	1.887659e+00
3088	1.888765e+00
3089	1.889402e+00
3090	1.890066e+00
3091	1.890404e+00
3092	1.890647e+00
3093	1.890925e+00
3094	1.891397e+00
3095	1.892191e+00
3096	1.893272e+00
3097	1.894624e+00
3098	1.895655e+00
3099	1.896886e+00
3100	1.898327e+00
3101	1.899646e+00
3102	1.900377e+00
3103	1.900411e+00
3104	1.899924e+00
3105	1.898912e+00
3106	1.897330e+00
3107	1.895598e+00
3108	1.893250e+00
3109	1.890477e+00
3110	1.887243e+00
3111	1.883697e+00
3112	1.879631e+00
3113	1.875009e+00
3114	1.870094e+00
3115	1.865090e+00
3116	1.859883e+00
3117	1.854757e+00
3118	1.849698e+00
3119	1.844286e+00
3120	1.838908e+00
3121	1.833493e+00
3122	1.828349e+00
3123	1.823485e+00
3124	1.818847e+00
3125	1.814158e+00
3126	1.809733e+00
3127	1.805367e+00
3128	1.801258e+00
3129	1.797245e+00
3130	1.793700e+00
3131	1.790741e+00
3132	1.788278e+00
3133	1.786203e+00
3134	1.784646e+00
3135	1.783290e+00
3136	1.782471e+00
3137	1.782229e+00
3138	1.782689e+00
3139	1.783879e+00
3140	1.785290e+00
3141	1.787169e+00
3142	1.789528e+00
3143	1.792674e+00
3144	1.796433e+00
3145	1.800527e+00
3146	1.804849e+00
3147	1.809569e+00
3148	1.814918e+00
3149	1.820690e+00
3150	1.826180e+00
3151	1.831760e+00
3152	1.837069e+00
3153	1.842545e+00
3154	1.848210e+00
3155	1.853866e+00
3156	1.859476e+00
3157	1.864671e+00
3158	1.869200e+00
3159	1.873766e+00
3160	1.878322e+00
3161	1.882858e+00
3162	1.886936e+00
3163	1.890469e+00
3164	1.893570e+00
3165	1.896585e+00
3166	1.898952e+00
3167	1.901075e+00
3168	1.902938e+00
3169	1.904554e+00
3170	1.905491e+00
3171	1.905869e+00
3172	1.906001e+00
3173	1.905610e+00
3174	1.904607e+00
3175	1.902666e+00
3176	1.900326e+00
3177	1.897433e+00
3178	1.893778e+00
3179	1.889706e+00
3180	1.885509e+00
3181	1.881247e+00
3182	1.877151e+00
3183	1.872586e+00
3184	1.867890e+00
3185	1.863270e+00
3186	1.858381e+00
3187	1.853786e+00
3188	1.849313e+00
3189	1.844801e+00
3190	1.840336e+00
3191	1.836051e+00
3192	1.831707e+00
3193	1.827742e+00
3194	1.823865e+00
3195	1.820352e+00
3196	1.817263e+00
3197	1.814289e+00
3198	1.811230e+00
3199	1.808367e+00
3200	1.805488e+00
3201	1.802780e+00
3202	1.800486e+00
3203	1.798442e+00
3204	1.796592e+00
3205	1.794953e+00
3206	1.793885e+00
3207	1.793088e+00
3208	1.792649e+00
3209	1.792588e+00
3210	1.792782e+00
3211	1.792811e+00
3212	1.792980e+00
3213	1.793500e+00
3214	1.794107e+00
3215	1.795021e+00
3216	1.796152e+00
3217	1.797464e+00
3218	1.799048e+00
3219	1.800623e+00
3220	1.802295e+00
3221	1.803775e+00
3222	1.805245e+00
3223	1.806765e+00
3224	1.808150e+00
3225	1.809397e+00
3226	1.810388e+00
3227	1.811320e+00
3228	1.812554e+00
3229	1.814000e+00
3230	1.815403e+00
3231	1.817130e+00
3232	1.818793e+00
3233	1.820185e+00
3234	1.821342e+00
3235	1.822571e+00
3236	1.823502e+00
3237	1.823983e+00
3238	1.824592e+00
3239	1.824570e+00
3240	1.824388e+00
3241	1.824270e+00
3242	1.824145e+00
3243	1.823979e+00
3244	1.823882e+00
3245	1.823613e+00
3246	1.823343e+00
3247	1.823017e+00
3248	1.822494e+00
3249	1.822289e+00
3250	1.822363e+00
3251	1.822592e+00
3252	1.823182e+00
3253	1.824243e+00
3254	1.825422e+00
3255	1.827088e+00
3256	1.829520e+00
3257	1.832089e+00
3258	1.834746e+00
3259	1.837957e+00
3260	1.841473e+00
3261	1.845285e+00
3262	1.849050e+00
3263	1.852792e+00
3264	1.856444e+00
3265	1.860200e+00
3266	1.863524e+00
3267	1.866561e+00
3268	1.869235e+00
3269	1.871612e+00
3270	1.873591e+00
3271	1.875513e+00
3272	1.876958e+00
3273	1.878016e+00
3274	1.878158e+00
3275	1.878127e+00
3276	1.877846e+00
3277	1.877198e+00
3278	1.876302e+00
3279	1.874920e+00
3280	1.873333e+00
3281	1.871547e+00
3282	1.869648e+00
3283	1.867388e+00
3284	1.864551e+00
3285	1.861268e+00
3286	1.857692e+00
3287	1.853832e+00
3288	1.849572e+00
3289	1.844679e+00
3290	1.839810e+00
3291	1.834710e+00
3292	1.829892e+00
3293	1.825334e+00
3294	1.820955e+00
3295	1.816611e+00
3296	1.812621e+00
3297	1.808927e+00
3298	1.805719e+00
3299	1.802896e+00
3300	1.800790e+00
3301	1.799462e+00
3302	1.799232e+00
3303	1.799566e+00
3304	1.800098e+00
3305	1.801106e+00
3306	1.802629e+00
3307	1.804517e+00
3308	1.806346e+00
3309	1.808515e+00
3310	1.810805e+00
3311	1.812703e+00
3312	1.814393e+00
3313	1.816089e+00
3314	1.818015e+00
3315	1.820264e+00
3316	1.822569e+00
3317	1.825087e+00
3318	1.827880e+00
3319	1.831063e+00
3320	1.834709e+00
3321	1.838526e+00
3322	1.842618e+00
3323	1.846821e+00
3324	1.851003e+00
3325	1.855235e+00
3326	1.859561e+00
3327	1.863552e+00
3328	1.867485e+00
3329	1.871042e+00
3330	1.874574e+00
3331	1.877885e+00
3332	1.881218e+00
3333	1.884184e+00
3334	1.886899e+00
3335	1.889113e+00
3336	1.890768e+00
3337	1.892015e+00
3338	1.892635e+00
3339	1.893168e+00
3340	1.893047e+00
3341	1.892356e+00
3342	1.892035e+00
3343	1.891995e+00
3344	1.891898e+00
3345	1.891666e+00
3346	1.891843e+00
3347	1.891537e+00
3348	1.890971e+00
3349	1.889985e+00
3350	1.888999e+00
3351	1.887258e+00
3352	1.884890e+00
3353	1.882536e+00
3354	1.880235e+00
3355	1.877487e+00
3356	1.874674e+00
3357	1.871607e+00
3358	1.868306e+00
3359	1.864979e+00
3360	1.861658e+00
3361	1.858072e+00
3362	1.854578e+00
3363	1.851396e+00
3364	1.848374e+00
3365	1.845723e+00
3366	1.843080e+00
3367	1.840387e+00
3368	1.838390e+00
3369	1.836239e+00
3370	1.833840e+00
3371	1.831686e+00
3372	1.830094e+00
3373	1.828567e+00
3374	1.827194e+00
3375	1.826238e+00
3376	1.825508e+00
3377	1.824919e+00
3378	1.824801e+00
3379	1.824842e+00
3380	1.824968e+00
3381	1.825516e+00
3382	1.826131e+00
3383	1.826608e+00
3384	1.827354e+00
3385	1.828260e+00
3386	1.829244e+00
3387	1.830163e+00
3388	1.830949e+00
3389	1.831464e+00
3390	1.831686e+00
3391	1.831930e+00
3392	1.832497e+00
3393	1.833183e+00
3394	1.834070e+00
3395	1.834575e+00
3396	1.835168e+00
3397	1.835922e+00
3398	1.836817e+00
3399	1.837690e+00
3400	1.838614e+00
3401	1.839555e+00
3402	1.841088e+00
3403	1.842991e+00
3404	1.844744e+00
3405	1.846401e+00
3406	1.847858e+00
3407	1.848988e+00
3408	1.849855e+00
3409	1.850501e+00
3410	1.851040e+00
3411	1.851532e+00
3412	1.851917e+00
3413	1.852333e+00
3414	1.852771e+00
3415	1.853124e+00
3416	1.853439e+00
3417	1.853428e+00
3418	1.853619e+00
3419	1.853927e+00
3420	1.854005e+00
3421	1.854371e+00
3422	1.854856e+00
3423	1.855294e+00
3424	1.855413e+00
3425	1.855804e+00
3426	1.856420e+00
3427	1.857375e+00
3428	1.858262e+00
3429	1.858637e+00
3430	1.859029e+00
3431	1.859091e+00
3432	1.858957e+00
3433	1.859040e+00
3434	1.858904e+00
3435	1.858464e+00
3436	1.857437e+00
3437	1.856242e+00
3438	1.854958e+00
3439	1.853606e+00
3440	1.852512e+00
3441	1.851319e+00
3442	1.850406e+00
3443	1.849768e+00
3444	1.849261e+00
3445	1.848785e+00
3446	1.848285e+00
3447	1.847762e+00
3448	1.847180e+00
3449	1.846485e+00
3450	1.845454e+00
3451	1.844012e+00
3452	1.842507e+00
3453	1.840885e+00
3454	1.838910e+00
3455	1.836408e+00
3456	1.834249e+00
3457	1.831974e+00
3458	1.829913e+00
3459	1.827943e+00
3460	1.825873e+00
3461	1.823923e+00
3462	1.822419e+00
3463	1.821207e+00
3464	1.820402e+00
3465	1.820188e+00
3466	1.820722e+00
3467	1.821428e+00
3468	1.822641e+00
3469	1.824362e+00
3470	1.826074e+00
3471	1.827940e+00
3472	1.830120e+00
3473	1.832453e+00
3474	1.834937e+00
3475	1.837123e+00
3476	1.839319e+00
3477	1.841273e+00
3478	1.843312e+00
3479	1.845380e+00
3480	1.847822e+00
3481	1.850544e+00
3482	1.853412e+00
3483	1.856289e+00
3484	1.859104e+00
3485	1.861807e+00
3486	1.864986e+00
3487	1.868213e+00
3488	1.871526e+00
3489	1.874426e+00
3490	1.877702e+00
3491	1.881393e+00
3492	1.885103e+00
3493	1.888720e+00
3494	1.892507e+00
3495	1.896032e+00
3496	1.899209e+00
3497	1.902524e+00
3498	1.905630e+00
3499	1.908142e+00
3500	1.910427e+00
3501	1.912072e+00
3502	1.913402e+00
3503	1.914613e+00
3504	1.915316e+00
3505	1.915984e+00
3506	1.916467e+00
3507	1.916740e+00
3508	1.917091e+00
3509	1.917188e+00
3510	1.916967e+00
3511	1.916293e+00
3512	1.915480e+00
3513	1.914403e+00
3514	1.913609e+00
3515	1.912665e+00
3516	1.911547e+00
3517	1.909940e+00
3518	1.908051e+00
3519	1.906018e+00
3520	1.903823e+00
3521	1.901016e+00
3522	1.898475e+00
3523	1.895699e+00
3524	1.892489e+00
3525	1.888648e+00
3526	1.884499e+00
3527	1.880380e+00
3528	1.876076e+00
3529	1.871674e+00
3530	1.867561e+00
3531	1.863620e+00
3532	1.859748e+00
3533	1.855978e+00
3534	1.852583e+00
3535	1.849398e+00
3536	1.846545e+00
3537	1.843972e+00
3538	1.841464e+00
3539	1.838966e+00
3540	1.836803e+00
3541	1.834730e+00
3542	1.832764e+00
3543	1.830632e+00
3544	1.828382e+00
3545	1.826368e+00
3546	1.824207e+00
3547	1.822319e+00
3548	1.820682e+00
3549	1.819349e+00
3550	1.818227e+00
3551	1.817422e+00
3552	1.816669e+00
3553	1.816362e+00
3554	1.815969e+00
3555	1.815635e+00
3556	1.815803e+00
3557	1.816592e+00
3558	1.817891e+00
3559	1.819561e+00
3560	1.821444e+00
3561	1.823593e+00
3562	1.826046e+00
3563	1.828186e+00
3564	1.830463e+00
3565	1.832765e+00
3566	1.834949e+00
3567	1.836842e+00
3568	1.838239e+00
3569	1.839110e+00
3570	1.839362e+00
3571	1.839593e+00
3572	1.839648e+00
3573	1.839491e+00
3574	1.838964e+00
3575	1.838572e+00
3576	1.838061e+00
3577	1.837789e+00
3578	1.837342e+00
3579	1.836922e+00
3580	1.836386e+00
3581	1.835996e+00
3582	1.835666e+00
3583	1.835670e+00
3584	1.835872e+00
3585	1.835664e+00
3586	1.835148e+00
3587	1.834506e+00
3588	1.833768e+00
3589	1.833191e+00
3590	1.832564e+00
3591	1.831807e+00
3592	1.830660e+00
3593	1.829351e+00
3594	1.828004e+00
3595	1.826659e+00
3596	1.825391e+00
3597	1.823916e+00
3598	1.822506e+00
3599	1.821794e+00
3600	1.821010e+00
3601	1.820120e+00
3602	1.819637e+00
3603	1.819261e+00
3604	1.819149e+00
3605	1.819030e+00
3606	1.818930e+00
3607	1.819003e+00
3608	1.818883e+00
3609	1.818731e+00
3610	1.818793e+00
3611	1.818724e+00
3612	1.818293e+00
3613	1.817763e+00
3614	1.817251e+00
3615	1.817025e+00
3616	1.816915e+00
3617	1.817239e+00
3618	1.817893e+00
3619	1.818697e+00
3620	1.819183e+00
3621	1.820087e+00
3622	1.821248e+00
3623	1.822589e+00
3624	1.824132e+00
3625	1.826035e+00
3626	1.828081e+00
3627	1.829928e+00
3628	1.831464e+00
3629	1.832719e+00
3630	1.833836e+00
3631	1.835182e+00
3632	1.836619e+00
3633	1.837955e+00
3634	1.839168e+00
3635	1.840028e+00
3636	1.840608e+00
3637	1.840533e+00
3638	1.840024e+00
3639	1.839291e+00
3640	1.838165e+00
3641	1.837029e+00
3642	1.835847e+00
3643	1.834847e+00
3644	1.833747e+00
3645	1.832925e+00
3646	1.832539e+00
3647	1.832584e+00
3648	1.833172e+00
3649	1.834111e+00
3650	1.835439e+00
3651	1.837335e+00
3652	1.839229e+00
3653	1.840979e+00
3654	1.843082e+00
3655	1.845212e+00
3656	1.847516e+00
3657	1.850322e+00
3658	1.853058e+00
3659	1.855422e+00
3660	1.857854e+00
3661	1.860153e+00
3662	1.862579e+00
3663	1.865690e+00
3664	1.868925e+00
3665	1.872021e+00
3666	1.874889e+00
3667	1.877871e+00
3668	1.880659e+00
3669	1.883393e+00
3670	1.886085e+00
3671	1.888837e+00
3672	1.891433e+00
3673	1.894036e+00
3674	1.896383e+00
3675	1.898174e+00
3676	1.899343e+00
3677	1.900500e+00
3678	1.901150e+00
3679	1.901454e+00
3680	1.901674e+00
3681	1.901637e+00
3682	1.901142e+00
3683	1.900158e+00
3684	1.898701e+00
3685	1.896789e+00
3686	1.894727e+00
3687	1.892299e+00
3688	1.889724e+00
3689	1.886922e+00
3690	1.883798e+00
3691	1.879998e+00
3692	1.875289e+00
3693	1.870976e+00
3694	1.866335e+00
3695	1.861547e+00
3696	1.856791e+00
3697	1.851979e+00
3698	1.847122e+00
3699	1.841909e+00
3700	1.836947e+00
3701	1.831892e+00
3702	1.826527e+00
3703	1.821271e+00
3704	1.816219e+00
3705	1.811628e+00
3706	1.806817e+00
3707	1.802155e+00
3708	1.797780e+00
3709	1.793434e+00
3710	1.789771e+00
3711	1.786067e+00
3712	1.782754e+00
3713	1.780255e+00
3714	1.778109e+00
3715	1.776232e+00
3716	1.774725e+00
3717	1.773786e+00
3718	1.773652e+00
3719	1.774241e+00
3720	1.775464e+00
3721	1.777159e+00
3722	1.778965e+00
3723	1.780952e+00
3724	1.782909e+00
3725	1.784971e+00
3726	1.787138e+00
3727	1.789535e+00
3728	1.792258e+00
3729	1.795058e+00
3730	1.798050e+00
3731	1.801245e+00
3732	1.804840e+00
3733	1.808798e+00
3734	1.812905e+00
3735	1.817089e+00
3736	1.821282e+00
3737	1.825629e+00
3738	1.830310e+00
3739	1.835158e+00
3740	1.839899e+00
3741	1.844979e+00
3742	1.850071e+00
3743	1.854937e+00
3744	1.859984e+00
3745	1.864697e+00
3746	1.869342e+00
3747	1.873776e+00
3748	1.877536e+00
3749	1.880935e+00
3750	1.883965e+00
3751	1.886171e+00
3752	1.887783e+00
3753	1.889164e+00
3754	1.890177e+00
3755	1.891088e+00
3756	1.891991e+00
3757	1.892600e+00
3758	1.892904e+00
3759	1.893091e+00
3760	1.893331e+00
3761	1.893669e+00
3762	1.893798e+00
3763	1.894184e+00
3764	1.894518e+00
3765	1.895017e+00
3766	1.895865e+00
3767	1.896731e+00
3768	1.897599e+00
3769	1.898251e+00
3770	1.898726e+00
3771	1.899071e+00
3772	1.899745e+00
3773	1.899992e+00
3774	1.900110e+00
3775	1.900008e+00
3776	1.899935e+00
3777	1.899995e+00
3778	1.899436e+00
3779	1.898603e+00
3780	1.897782e+00
3781	1.896625e+00
3782	1.895498e+00
3783	1.894192e+00
3784	1.893005e+00
3785	1.891983e+00
3786	1.890730e+00
3787	1.889270e+00
3788	1.887677e+00
3789	1.885646e+00
3790	1.883121e+00
3791	1.880347e+00
3792	1.877282e+00
3793	1.874090e+00
3794	1.870722e+00
3795	1.867166e+00
3796	1.863628e+00
3797	1.860127e+00
3798	1.856554e+00
3799	1.853024e+00
3800	1.849409e+00
3801	1.845535e+00
3802	1.841570e+00
3803	1.837448e+00
3804	1.833055e+00
3805	1.828847e+00
3806	1.824421e+00
3807	1.820094e+00
3808	1.815776e+00
3809	1.811641e+00
3810	1.807691e+00
3811	1.803448e+00
3812	1.799429e+00
3813	1.795304e+00
3814	1.791401e+00
3815	1.788094e+00
3816	1.784910e+00
3817	1.782135e+00
3818	1.779902e+00
3819	1.778002e+00
3820	1.776436e+00
3821	1.775766e+00
3822	1.775493e+00
3823	1.776217e+00
3824	1.777120e+00
3825	1.778588e+00
3826	1.780850e+00
3827	1.783656e+00
3828	1.787299e+00
3829	1.791196e+00
3830	1.795175e+00
3831	1.799539e+00
3832	1.804014e+00
3833	1.808701e+00
3834	1.813450e+00
3835	1.818175e+00
3836	1.822631e+00
3837	1.826798e+00
3838	1.830505e+00
3839	1.834111e+00
3840	1.837418e+00
3841	1.840184e+00
3842	1.842390e+00
3843	1.844470e+00
3844	1.846598e+00
3845	1.848789e+00
3846	1.851208e+00
3847	1.853648e+00
3848	1.856020e+00
3849	1.858022e+00
3850	1.859704e+00
3851	1.861072e+00
3852	1.862489e+00
3853	1.864006e+00
3854	1.865111e+00
3855	1.865997e+00
3856	1.866811e+00
3857	1.867773e+00
3858	1.868697e+00
3859	1.869274e+00
3860	1.869814e+00
3861	1.869793e+00
3862	1.869719e+00
3863	1.869262e+00
3864	1.868558e+00
3865	1.867857e+00
3866	1.867526e+00
3867	1.867401e+00
3868	1.867175e+00
3869	1.866726e+00
3870	1.866238e+00
3871	1.866543e+00
3872	1.867051e+00
3873	1.867483e+00
3874	1.867759e+00
3875	1.868426e+00
3876	1.869235e+00
3877	1.869855e+00
3878	1.870561e+00
3879	1.871505e+00
3880	1.872279e+00
3881	1.873036e+00
3882	1.873937e+00
3883	1.874538e+00
3884	1.875392e+00
3885	1.876418e+00
3886	1.877526e+00
3887	1.878701e+00
3888	1.879793e+00
3889	1.880949e+00
3890	1.881959e+00
3891	1.882667e+00
3892	1.883152e+00
3893	1.883345e+00
3894	1.883082e+00
3895	1.882572e+00
3896	1.881775e+00
3897	1.880392e+00
3898	1.878737e+00
3899	1.876742e+00
3900	1.874513e+00
3901	1.871950e+00
3902	1.868980e+00
3903	1.865715e+00
3904	1.862512e+00
3905	1.859107e+00
3906	1.855505e+00
3907	1.851909e+00
3908	1.848482e+00
3909	1.845097e+00
3910	1.842092e+00
3911	1.838959e+00
3912	1.835623e+00
3913	1.832351e+00
3914	1.828891e+00
3915	1.825459e+00
3916	1.821942e+00
3917	1.819125e+00
3918	1.816671e+00
3919	1.814224e+00
3920	1.811885e+00
3921	1.809587e+00
3922	1.807317e+00
3923	1.804865e+00
3924	1.802509e+00
3925	1.800797e+00
3926	1.799512e+00
3927	1.798605e+00
3928	1.798326e+00
3929	1.798639e+00
3930	1.799620e+00
3931	1.800866e+00
3932	1.802470e+00
3933	1.804518e+00
3934	1.806808e+00
3935	1.809307e+00
3936	1.811813e+00
3937	1.814657e+00
3938	1.817913e+00
3939	1.820965e+00
3940	1.824170e+00
3941	1.827425e+00
3942	1.830295e+00
3943	1.832966e+00
3944	1.835331e+00
3945	1.837722e+00
3946	1.840158e+00
3947	1.842318e+00
3948	1.844177e+00
3949	1.845981e+00
3950	1.847393e+00
3951	1.848275e+00
3952	1.848891e+00
3953	1.849404e+00
3954	1.849991e+00
3955	1.850805e+00
3956	1.851380e+00
3957	1.851405e+00
3958	1.851233e+00
3959	1.851051e+00
3960	1.850992e+00
3961	1.850619e+00
3962	1.850173e+00
3963	1.849703e+00
3964	1.849308e+00
3965	1.848737e+00
3966	1.847709e+00
3967	1.846323e+00
3968	1.845115e+00
3969	1.843541e+00
3970	1.842480e+00
3971	1.841094e+00
3972	1.840143e+00
3973	1.839076e+00
3974	1.838127e+00
3975	1.837022e+00
3976	1.835272e+00
3977	1.833532e+00
3978	1.831970e+00
3979	1.830479e+00
3980	1.829198e+00
3981	1.827891e+00
3982	1.826578e+00
3983	1.825449e+00
3984	1.824147e+00
3985	1.822725e+00
3986	1.821391e+00
3987	1.820296e+00
3988	1.819438e+00
3989	1.818809e+00
3990	1.818174e+00
3991	1.817952e+00
3992	1.817969e+00
3993	1.818239e+00
3994	1.818642e+00
3995	1.819201e+00
3996	1.820287e+00
3997	1.821745e+00
3998	1.823140e+00
3999	1.824707e+00
4000	1.825753e+00
4001	1.826636e+00
4002	1.827287e+00
4003	1.827921e+00
4004	1.828363e+00
4005	1.828262e+00
4006	1.828076e+00
4007	1.827440e+00
4008	1.826930e+00
4009	1.826202e+00
4010	1.825383e+00
4011	1.824771e+00
4012	1.824425e+00
4013	1.824062e+00
4014	1.823841e+00
4015	1.823929e+00
4016	1.824435e+00
4017	1.825058e+00
4018	1.825903e+00
4019	1.827058e+00
4020	1.828263e+00
4021	1.829994e+00
4022	1.831668e+00
4023	1.833331e+00
4024	1.835479e+00
4025	1.837223e+00
4026	1.839135e+00
4027	1.840768e+00
4028	1.842224e+00
4029	1.843482e+00
4030	1.845155e+00
4031	1.846675e+00
4032	1.848012e+00
4033	1.849214e+00
4034	1.850883e+00
4035	1.852883e+00
4036	1.855249e+00
4037	1.857590e+00
4038	1.859722e+00
4039	1.862191e+00
4040	1.864623e+00
4041	1.867357e+00
4042	1.870348e+00
4043	1.873278e+00
4044	1.875730e+00
4045	1.878265e+00
4046	1.880208e+00
4047	1.881781e+00
4048	1.883401e+00
4049	1.884627e+00
4050	1.885424e+00
4051	1.886230e+00
4052	1.886892e+00
4053	1.887307e+00
4054	1.887774e+00
4055	1.888304e+00
4056	1.888849e+00
4057	1.889343e+00
4058	1.889554e+00
4059	1.889768e+00
4060	1.889806e+00
4061	1.889544e+00
4062	1.888568e+00
4063	1.887160e+00
4064	1.885433e+00
4065	1.883868e+00
4066	1.881843e+00
4067	1.880012e+00
4068	1.878086e+00
4069	1.875968e+00
4070	1.873737e+00
4071	1.871435e+00
4072	1.869170e+00
4073	1.866685e+00
4074	1.864069e+00
4075	1.861312e+00
4076	1.858679e+00
4077	1.855853e+00
4078	1.853089e+00
4079	1.850425e+00
4080	1.847392e+00
4081	1.844946e+00
4082	1.842492e+00
4083	1.840205e+00
4084	1.838264e+00
4085	1.836624e+00
4086	1.835034e+00
4087	1.833777e+00
4088	1.832788e+00
4089	1.831762e+00
4090	1.831182e+00
4091	1.830855e+00
4092	1.830733e+00
4093	1.830480e+00
4094	1.830339e+00
4095	1.830125e+00
4096	1.830013e+00
4097	1.830268e+00
4098	1.830448e+00
4099	1.830722e+00
4100	1.830992e+00
4101	1.831656e+00
4102	1.832647e+00
4103	1.834014e+00
4104	1.835701e+00
4105	1.837927e+00
4106	1.840363e+00
4107	1.842658e+00
4108	1.844666e+00
4109	1.846578e+00
4110	1.848898e+00
4111	1.851170e+00
4112	1.853770e+00
4113	1.856616e+00
4114	1.859386e+00
4115	1.862538e+00
4116	1.865524e+00
4117	1.868314e+00
4118	1.871333e+00
4119	1.874152e+00
4120	1.876911e+00
4121	1.879478e+00
4122	1.882132e+00
4123	1.884776e+00
4124	1.887213e+00
4125	1.889450e+00
4126	1.891824e+00
4127	1.893973e+00
4128	1.896126e+00
4129	1.898286e+00
4130	1.900359e+00
4131	1.901840e+00
4132	1.903377e+00
4133	1.904845e+00
4134	1.905712e+00
4135	1.906507e+00
4136	1.907401e+00
4137	1.908047e+00
4138	1.908829e+00
4139	1.909229e+00
4140	1.909372e+00
4141	1.909053e+00
4142	1.908721e+00
4143	1.908496e+00
4144	1.908550e+00
4145	1.908427e+00
4146	1.908076e+00
4147	1.907470e+00
4148	1.906609e+00
4149	1.905236e+00
4150	1.903672e+00
4151	1.902139e+00
4152	1.900671e+00
4153	1.898857e+00
4154	1.896461e+00
4155	1.893495e+00
4156	1.890281e+00
4157	1.886906e+00
4158	1.883239e+00
4159	1.879474e+00
4160	1.875725e+00
4161	1.871685e+00
4162	1.867350e+00
4163	1.862562e+00
4164	1.857778e+00
4165	1.853023e+00
4166	1.848110e+00
4167	1.843077e+00
4168	1.837999e+00
4169	1.833218e+00
4170	1.828628e+00
4171	1.824126e+00
4172	1.819946e+00
4173	1.815510e+00
4174	1.810900e+00
4175	1.806338e+00
4176	1.802301e+00
4177	1.798227e+00
4178	1.794600e+00
4179	1.791328e+00
4180	1.788555e+00
4181	1.786305e+00
4182	1.784257e+00
4183	1.782557e+00
4184	1.780932e+00
4185	1.779748e+00
4186	1.778838e+00
4187	1.778245e+00
4188	1.778142e+00
4189	1.778522e+00
4190	1.779739e+00
4191	1.781417e+00
4192	1.783880e+00
4193	1.787234e+00
4194	1.791280e+00
4195	1.796130e+00
4196	1.801668e+00
4197	1.807737e+00
4198	1.814138e+00
4199	1.820640e+00
4200	1.827408e+00
4201	1.834076e+00
4202	1.840688e+00
4203	1.846869e+00
4204	1.852980e+00
4205	1.859251e+00
4206	1.865268e+00
4207	1.871239e+00
4208	1.877018e+00
4209	1.882461e+00
4210	1.887655e+00
4211	1.892489e+00
4212	1.896968e+00
4213	1.901092e+00
4214	1.905426e+00
4215	1.909390e+00
4216	1.913010e+00
4217	1.916119e+00
4218	1.918754e+00
4219	1.921110e+00
4220	1.922963e+00
4221	1.924549e+00
4222	1.925392e+00
4223	1.925825e+00
4224	1.925813e+00
4225	1.925246e+00
4226	1.924195e+00
4227	1.922234e+00
4228	1.919927e+00
4229	1.917192e+00
4230	1.914061e+00
4231	1.910534e+00
4232	1.907065e+00
4233	1.903589e+00
4234	1.899999e+00
4235	1.895740e+00
4236	1.891427e+00
4237	1.886962e+00
4238	1.882368e+00
4239	1.877712e+00
4240	1.872838e+00
4241	1.867698e+00
4242	1.862369e+00
4243	1.856679e+00
4244	1.850779e+00
4245	1.844512e+00
4246	1.837987e+00
4247	1.831827e+00
4248	1.825630e+00
4249	1.819671e+00
4250	1.813911e+00
4251	1.808677e+00
4252	1.804018e+00
4253	1.799588e+00
4254	1.795866e+00
4255	1.793412e+00
4256	1.791528e+00
4257	1.789670e+00
4258	1.788170e+00
4259	1.787199e+00
4260	1.786712e+00
4261	1.786482e+00
4262	1.786569e+00
4263	1.786873e+00
4264	1.787419e+00
4265	1.788004e+00
4266	1.788643e+00
4267	1.789215e+00
4268	1.789551e+00
4269	1.790013e+00
4270	1.790960e+00
4271	1.792255e+00
4272	1.793946e+00
4273	1.795456e+00
4274	1.797236e+00
4275	1.799095e+00
4276	1.801174e+00
4277	1.803347e+00
4278	1.805676e+00
4279	1.808490e+00
4280	1.811731e+00
4281	1.814851e+00
4282	1.817943e+00
4283	1.820709e+00
4284	1.823169e+00
4285	1.825356e+00
4286	1.827540e+00
4287	1.829736e+00
4288	1.831783e+00
4289	1.833348e+00
4290	1.834963e+00
4291	1.836442e+00
4292	1.837754e+00
4293	1.839206e+00
4294	1.841198e+00
4295	1.843425e+00
4296	1.845665e+00
4297	1.847941e+00
4298	1.850321e+00
4299	1.852721e+00
4300	1.855383e+00
4301	1.858085e+00
4302	1.860869e+00
4303	1.863758e+00
4304	1.866419e+00
4305	1.868927e+00
4306	1.871261e+00
4307	1.873505e+00
4308	1.875898e+00
4309	1.878397e+00
4310	1.881068e+00
4311	1.883488e+00
4312	1.885821e+00
4313	1.888174e+00
4314	1.890720e+00
4315	1.893313e+00
4316	1.895905e+00
4317	1.898429e+00
4318	1.901163e+00
4319	1.904002e+00
4320	1.906363e+00
4321	1.908590e+00
4322	1.910607e+00
4323	1.912504e+00
4324	1.913964e+00
4325	1.915266e+00
4326	1.915805e+00
4327	1.915866e+00
4328	1.915471e+00
4329	1.914607e+00
4330	1.913240e+00
4331	1.911465e+00
4332	1.909249e+00
4333	1.906699e+00
4334	1.904010e+00
4335	1.900873e+00
4336	1.897533e+00
4337	1.894417e+00
4338	1.891532e+00
4339	1.888512e+00
4340	1.885558e+00
4341	1.882414e+00
4342	1.879380e+00
4343	1.876434e+00
4344	1.873519e+00
4345	1.870376e+00
4346	1.866956e+00
4347	1.863486e+00
4348	1.859581e+00
4349	1.855688e+00
4350	1.851982e+00
4351	1.848561e+00
4352	1.845486e+00
4353	1.842476e+00
4354	1.839902e+00
4355	1.837665e+00
4356	1.835668e+00
4357	1.834271e+00
4358	1.833153e+00
4359	1.832389e+00
4360	1.832089e+00
4361	1.832173e+00
4362	1.832663e+00
4363	1.833609e+00
4364	1.835080e+00
4365	1.836836e+00
4366	1.838854e+00
4367	1.841144e+00
4368	1.843355e+00
4369	1.845584e+00
4370	1.847988e+00
4371	1.850190e+00
4372	1.851959e+00
4373	1.853510e+00
4374	1.855110e+00
4375	1.856655e+00
4376	1.857591e+00
4377	1.858674e+00
4378	1.859484e+00
4379	1.859688e+00
4380	1.859256e+00
4381	1.858585e+00
4382	1.858033e+00
4383	1.857313e+00
4384	1.856260e+00
4385	1.854978e+00
4386	1.853422e+00
4387	1.851502e+00
4388	1.849211e+00
4389	1.847060e+00
4390	1.844676e+00
4391	1.841947e+00
4392	1.839060e+00
4393	1.835965e+00
4394	1.833361e+00
4395	1.830844e+00
4396	1.828274e+00
4397	1.825991e+00
4398	1.823973e+00
4399	1.822406e+00
4400	1.820941e+00
4401	1.819605e+00
4402	1.818437e+00
4403	1.817203e+00
4404	1.816100e+00
4405	1.815297e+00
4406	1.814658e+00
4407	1.814372e+00
4408	1.814396e+00
4409	1.814952e+00
4410	1.815666e+00
4411	1.816625e+00
4412	1.817929e+00
4413	1.819327e+00
4414	1.821058e+00
4415	1.822602e+00
4416	1.824752e+00
4417	1.826989e+00
4418	1.829296e+00
4419	1.831798e+00
4420	1.834275e+00
4421	1.836927e+00
4422	1.840113e+00
4423	1.843389e+00
4424	1.846624e+00
4425	1.849861e+00
4426	1.852872e+00
4427	1.855878e+00
4428	1.858885e+00
4429	1.861658e+00
4430	1.864412e+00
4431	1.867272e+00
4432	1.869961e+00
4433	1.872319e+00
4434	1.874725e+00
4435	1.876798e+00
4436	1.878528e+00
4437	1.880183e+00
4438	1.881517e+00
4439	1.882851e+00
4440	1.884457e+00
4441	1.885816e+00
4442	1.887345e+00
4443	1.888713e+00
4444	1.889710e+00
4445	1.890610e+00
4446	1.891120e+00
4447	1.891172e+00
4448	1.891210e+00
4449	1.890835e+00
4450	1.889961e+00
4451	1.888784e+00
4452	1.887512e+00
4453	1.885897e+00
4454	1.884192e+00
4455	1.882434e+00
4456	1.880415e+00
4457	1.878523e+00
4458	1.876352e+00
4459	1.874031e+00
4460	1.871297e+00
4461	1.868591e+00
4462	1.865963e+00
4463	1.863562e+00
4464	1.861049e+00
4465	1.858654e+00
4466	1.856255e+00
4467	1.853778e+00
4468	1.851293e+00
4469	1.848694e+00
4470	1.846159e+00
4471	1.843690e+00
4472	1.841074e+00
4473	1.838538e+00
4474	1.836279e+00
4475	1.834030e+00
4476	1.831658e+00
4477	1.829066e+00
4478	1.826114e+00
4479	1.823267e+00
4480	1.820780e+00
4481	1.818693e+00
4482	1.817140e+00
4483	1.815928e+00
4484	1.814714e+00
4485	1.814026e+00
4486	1.813299e+00
4487	1.812758e+00
4488	1.812549e+00
4489	1.813035e+00
4490	1.813776e+00
4491	1.814927e+00
4492	1.816539e+00
4493	1.818318e+00
4494	1.820144e+00
4495	1.821554e+00
4496	1.822696e+00
4497	1.823862e+00
4498	1.825076e+00
4499	1.826001e+00
4500	1.826642e+00
4501	1.826869e+00
4502	1.826707e+00
4503	1.826284e+00
4504	1.825841e+00
4505	1.825496e+00
4506	1.825357e+00
4507	1.825017e+00
4508	1.824839e+00
4509	1.824514e+00
4510	1.824612e+00
4511	1.825087e+00
4512	1.825640e+00
4513	1.826541e+00
4514	1.827672e+00
4515	1.828774e+00
4516	1.829867e+00
4517	1.831141e+00
4518	1.832369e+00
4519	1.833629e+00
4520	1.835250e+00
4521	1.836602e+00
4522	1.837848e+00
4523	1.838739e+00
4524	1.839474e+00
4525	1.839994e+00
4526	1.840464e+00
4527	1.840939e+00
4528	1.841751e+00
4529	1.842488e+00
4530	1.843231e+00
4531	1.844164e+00
4532	1.845054e+00
4533	1.846065e+00
4534	1.847054e+00
4535	1.848093e+00
4536	1.849390e+00
4537	1.850636e+00
4538	1.852303e+00
4539	1.853777e+00
4540	1.855144e+00
4541	1.856569e+00
4542	1.857804e+00
4543	1.858905e+00
4544	1.860065e+00
4545	1.861104e+00
4546	1.862185e+00
4547	1.863489e+00
4548	1.864774e+00
4549	1.866233e+00
4550	1.867453e+00
4551	1.868097e+00
4552	1.868401e+00
4553	1.868586e+00
4554	1.868647e+00
4555	1.868346e+00
4556	1.867871e+00
4557	1.866947e+00
4558	1.865980e+00
4559	1.864754e+00
4560	1.863554e+00
4561	1.862150e+00
4562	1.860880e+00
4563	1.859267e+00
4564	1.857307e+00
4565	1.855189e+00
4566	1.852753e+00
4567	1.850084e+00
4568	1.847574e+00
4569	1.845252e+00
4570	1.842582e+00
4571	1.840298e+00
4572	1.838523e+00
4573	1.836746e+00
4574	1.835122e+00
4575	1.833821e+00
4576	1.832631e+00
4577	1.832052e+00
4578	1.831808e+00
4579	1.831545e+00
4580	1.831332e+00
4581	1.831182e+00
4582	1.831018e+00
4583	1.830852e+00
4584	1.830391e+00
4585	1.829574e+00
4586	1.828603e+00
4587	1.827581e+00
4588	1.826702e+00
4589	1.825900e+00
4590	1.824939e+00
4591	1.824193e+00
4592	1.823130e+00
4593	1.822429e+00
4594	1.821965e+00
4595	1.821607e+00
4596	1.821214e+00
4597	1.821183e+00
4598	1.821288e+00
4599	1.821554e+00
4600	1.821670e+00
4601	1.821736e+00
4602	1.821372e+00
4603	1.820887e+00
4604	1.820294e+00
4605	1.819990e+00
4606	1.819591e+00
4607	1.818526e+00
4608	1.817052e+00
4609	1.815515e+00
4610	1.813593e+00
4611	1.811834e+00
4612	1.809908e+00
4613	1.808228e+00
4614	1.806529e+00
4615	1.804850e+00
4616	1.803240e+00
4617	1.801724e+00
4618	1.800338e+00
4619	1.798789e+00
4620	1.797580e+00
4621	1.796496e+00
4622	1.795606e+00
4623	1.794901e+00
4624	1.794602e+00
4625	1.794753e+00
4626	1.795224e+00
4627	1.796085e+00
4628	1.797633e+00
4629	1.799372e+00
4630	1.801225e+00
4631	1.803179e+00
4632	1.805267e+00
4633	1.808022e+00
4634	1.811089e+00
4635	1.814358e+00
4636	1.818145e+00
4637	1.821613e+00
4638	1.825109e+00
4639	1.828766e+00
4640	1.832197e+00
4641	1.835634e+00
4642	1.838714e+00
4643	1.841688e+00
4644	1.844385e+00
4645	1.846911e+00
4646	1.849413e+00
4647	1.851986e+00
4648	1.854422e+00
4649	1.856599e+00
4650	1.859013e+00
4651	1.861434e+00
4652	1.863837e+00
4653	1.866220e+00
4654	1.868292e+00
4655	1.870488e+00
4656	1.872453e+00
4657	1.874246e+00
4658	1.875498e+00
4659	1.876521e+00
4660	1.877049e+00
4661	1.876810e+00
4662	1.876214e+00
4663	1.874949e+00
4664	1.873054e+00
4665	1.871024e+00
4666	1.869076e+00
4667	1.867249e+00
4668	1.865143e+00
4669	1.862815e+00
4670	1.860362e+00
4671	1.857946e+00
4672	1.855597e+00
4673	1.852814e+00
4674	1.849676e+00
4675	1.846190e+00
4676	1.842558e+00
4677	1.838784e+00
4678	1.835118e+00
4679	1.831499e+00
4680	1.828107e+00
4681	1.824805e+00
4682	1.821013e+00
4683	1.817372e+00
4684	1.813696e+00
4685	1.810189e+00
4686	1.806696e+00
4687	1.803684e+00
4688	1.801452e+00
4689	1.799694e+00
4690	1.798157e+00
4691	1.797030e+00
4692	1.796074e+00
4693	1.795083e+00
4694	1.794669e+00
4695	1.794529e+00
4696	1.794408e+00
4697	1.794842e+00
4698	1.795574e+00
4699	1.796257e+00
4700	1.797190e+00
4701	1.798426e+00
4702	1.800029e+00
4703	1.801915e+00
4704	1.804106e+00
4705	1.806427e+00
4706	1.809135e+00
4707	1.811863e+00
4708	1.815130e+00
4709	1.818386e+00
4710	1.821726e+00
4711	1.825108e+00
4712	1.828775e+00
4713	1.832522e+00
4714	1.835965e+00
4715	1.839135e+00
4716	1.842633e+00
4717	1.846250e+00
4718	1.849822e+00
4719	1.853238e+00
4720	1.856279e+00
4721	1.859447e+00
4722	1.862226e+00
4723	1.864871e+00
4724	1.867234e+00
4725	1.869438e+00
4726	1.871735e+00
4727	1.873809e+00
4728	1.875445e+00
4729	1.876678e+00
4730	1.877727e+00
4731	1.878572e+00
4732	1.878917e+00
4733	1.878963e+00
4734	1.879049e+00
4735	1.878916e+00
4736	1.878533e+00
4737	1.877774e+00
4738	1.876724e+00
4739	1.875407e+00
4740	1.874043e+00
4741	1.872520e+00
4742	1.870978e+00
4743	1.869172e+00
4744	1.867564e+00
4745	1.865712e+00
4746	1.863963e+00
4747	1.861744e+00
4748	1.859643e+00
4749	1.857416e+00
4750	1.855178e+00
4751	1.853098e+00
4752	1.851238e+00
4753	1.849377e+00
4754	1.847342e+00
4755	1.845312e+00
4756	1.843588e+00
4757	1.841979e+00
4758	1.840272e+00
4759	1.838667e+00
4760	1.837096e+00
4761	1.835324e+00
4762	1.833060e+00
4763	1.830806e+00
4764	1.828115e+00
4765	1.825455e+00
4766	1.822908e+00
4767	1.820215e+00
4768	1.817365e+00
4769	1.814926e+00
4770	1.812863e+00
4771	1.811141e+00
4772	1.809916e+00
4773	1.808950e+00
4774	1.808441e+00
4775	1.808374e+00
4776	1.808124e+00
4777	1.808041e+00
4778	1.808244e+00
4779	1.808645e+00
4780	1.809039e+00
4781	1.809238e+00
4782	1.809776e+00
4783	1.809989e+00
4784	1.810083e+00
4785	1.810462e+00
4786	1.810884e+00
4787	1.811301e+00
4788	1.811394e+00
4789	1.811783e+00
4790	1.812119e+00
4791	1.812285e+00
4792	1.812635e+00
4793	1.813241e+00
4794	1.813701e+00
4795	1.814115e+00
4796	1.814496e+00
4797	1.815677e+00
4798	1.816599e+00
4799	1.817921e+00
4800	1.819422e+00
4801	1.820883e+00
4802	1.822335e+00
4803	1.823990e+00
4804	1.825692e+00
4805	1.827248e+00
4806	1.828311e+00
4807	1.829389e+00
4808	1.830092e+00
4809	1.830516e+00
4810	1.830468e+00
4811	1.830065e+00
4812	1.829445e+00
4813	1.828390e+00
4814	1.827513e+00
4815	1.826690e+00
4816	1.825962e+00
4817	1.825295e+00
4818	1.824724e+00
4819	1.824236e+00
4820	1.823941e+00
4821	1.823202e+00
4822	1.822894e+00
4823	1.822582e+00
4824	1.822319e+00
4825	1.821792e+00
4826	1.821244e+00
4827	1.820455e+00
4828	1.819530e+00
4829	1.818465e+00
4830	1.816961e+00
4831	1.815009e+00
4832	1.812988e+00
4833	1.811087e+00
4834	1.808980e+00
4835	1.806964e+00
4836	1.804760e+00
4837	1.802959e+00
4838	1.801710e+00
4839	1.800665e+00
4840	1.799863e+00
4841	1.799393e+00
4842	1.799247e+00
4843	1.799543e+00
4844	1.800227e+00
4845	1.801023e+00
4846	1.802306e+00
4847	1.803812e+00
4848	1.805542e+00
4849	1.807299e+00
4850	1.809248e+00
4851	1.811143e+00
4852	1.813110e+00
4853	1.814882e+00
4854	1.816489e+00
4855	1.818044e+00
4856	1.819505e+00
4857	1.821012e+00
4858	1.822831e+00
4859	1.824935e+00
4860	1.826992e+00
4861	1.829331e+00
4862	1.831862e+00
4863	1.834267e+00
4864	1.836709e+00
4865	1.839288e+00
4866	1.841714e+00
4867	1.844085e+00
4868	1.846498e+00
4869	1.849053e+00
4870	1.851208e+00
4871	1.853375e+00
4872	1.855110e+00
4873	1.856702e+00
4874	1.857727e+00
4875	1.858945e+00
4876	1.860361e+00
4877	1.861440e+00
4878	1.862496e+00
4879	1.863432e+00
4880	1.863846e+00
4881	1.864133e+00
4882	1.864105e+00
4883	1.863897e+00
4884	1.863656e+00
4885	1.863252e+00
4886	1.862350e+00
4887	1.861567e+00
4888	1.860635e+00
4889	1.859571e+00
4890	1.858569e+00
4891	1.857374e+00
4892	1.855789e+00
4893	1.853951e+00
4894	1.852174e+00
4895	1.850316e+00
4896	1.847953e+00
4897	1.844981e+00
4898	1.841834e+00
4899	1.838623e+00
4900	1.834932e+00
4901	1.831613e+00
4902	1.828314e+00
4903	1.825254e+00
4904	1.822398e+00
4905	1.819450e+00
4906	1.816759e+00
4907	1.814468e+00
4908	1.812807e+00
4909	1.811875e+00
4910	1.811134e+00
4911	1.811153e+00
4912	1.811712e+00
4913	1.812657e+00
4914	1.813972e+00
4915	1.815935e+00
4916	1.818121e+00
4917	1.820518e+00
4918	1.823116e+00
4919	1.825723e+00
4920	1.828610e+00
4921	1.831541e+00
4922	1.834435e+00
4923	1.837263e+00
4924	1.840231e+00
4925	1.843252e+00
4926	1.846253e+00
4927	1.849249e+00
4928	1.852391e+00
4929	1.855391e+00
4930	1.858234e+00
4931	1.861069e+00
4932	1.863621e+00
4933	1.866068e+00
4934	1.868196e+00
4935	1.870818e+00
4936	1.873828e+00
4937	1.876794e+00
4938	1.879753e+00
4939	1.882751e+00
4940	1.885981e+00
4941	1.888896e+00
4942	1.891433e+00
4943	1.893483e+00
4944	1.895220e+00
4945	1.896482e+00
4946	1.897554e+00
4947	1.898185e+00
4948	1.898291e+00
4949	1.898026e+00
4950	1.897632e+00
4951	1.897262e+00
4952	1.896892e+00
4953	1.896839e+00
4954	1.896718e+00
4955	1.897015e+00
4956	1.897317e+00
4957	1.897919e+00
4958	1.898690e+00
4959	1.899571e+00
4960	1.900372e+00
4961	1.901196e+00
4962	1.902019e+00
4963	1.903020e+00
4964	1.904287e+00
4965	1.905691e+00
4966	1.906632e+00
4967	1.907206e+00
4968	1.907699e+00
4969	1.908155e+00
4970	1.908508e+00
4971	1.908659e+00
4972	1.908676e+00
4973	1.908537e+00
4974	1.908270e+00
4975	1.908042e+00
4976	1.908017e+00
4977	1.907887e+00
4978	1.907447e+00
4979	1.907301e+00
4980	1.907314e+00
4981	1.906972e+00
4982	1.906736e+00
4983	1.906337e+00
4984	1.905732e+00
4985	1.905005e+00
4986	1.903875e+00
4987	1.902363e+00
4988	1.900506e+00
4989	1.898113e+00
4990	1.895233e+00
4991	1.891897e+00
4992	1.888296e+00
4993	1.884492e+00
4994	1.880475e+00
4995	1.876012e+00
4996	1.871498e+00
4997	1.867088e+00
4998	1.862198e+00
4999	1.857297e+00
