# Step	Measurement
1	1.668515e+00
2	1.668207e+00
3	1.667934e+00
4	1.667752e+00
5	1.667456e+00
6	1.667148e+00
7	1.666545e+00
8	1.666265e+00
9	1.665973e+00
10	1.666151e+00
11	1.666259e+00
12	1.666261e+00
13	1.666222e+00
14	1.666307e+00
15	1.666359e+00
16	1.666319e+00
17	1.666272e+00
18	1.666100e+00
19	1.665886e+00
20	1.665721e+00
21	1.665394e+00
22	1.665183e+00
23	1.665025e+00
24	1.664729e+00
25	1.664382e+00
26	1.664027e+00
27	1.663730e+00
28	1.663529e+00
29	1.663273e+00
30	1.663043e+00
31	1.662843e+00
32	1.662815e+00
33	1.662926e+00
34	1.662886e+00
35	1.662890e+00
36	1.662446e+00
37	1.661949e+00
38	1.661537e+00
39	1.661097e+00
40	1.660684e+00
41	1.660171e+00
42	1.659508e+00
43	1.658564e+00
44	1.657756e+00
45	1.656944e+00
46	1.655958e+00
47	1.654837e+00
48	1.654050e+00
49	1.653316e+00
50	1.652584e+00
51	1.651882e+00
52	1.651559e+00
53	1.651272e+00
54	1.651287e+00
55	1.651595e+00
56	1.651803e+00
57	1.651857e+00
58	1.651862e+00
59	1.652049e+00
60	1.652426e+00
61	1.652868e+00
62	1.653392e+00
63	1.654372e+00
64	1.655431e+00
65	1.656215e+00
66	1.657155e+00
67	1.657941e+00
68	1.658751e+00
69	1.659479e+00
70	1.660164e+00
71	1.660740e+00
72	1.661385e+00
73	1.661842e+00
74	1.662562e+00
75	1.663085e+00
76	1.663553e+00
77	1.664178e+00
78	1.664798e+00
79	1.665537e+00
80	1.666376e+00
81	1.667611e+00
82	1.669158e+00
83	1.670820e+00
84	1.672549e+00
85	1.674234e+00
86	1.675625e+00
87	1.677453e+00
88	1.679387e+00
89	1.681252e+00
90	1.683065e+00
91	1.684937e+00
92	1.686799e+00
93	1.688744e+00
94	1.690422e+00
95	1.692070e+00
96	1.693607e+00
97	1.695146e+00
98	1.696461e+00
99	1.697544e+00
100	1.698118e+00
101	1.698812e+00
102	1.699107e+00
103	1.699054e+00
104	1.698909e+00
105	1.698621e+00
106	1.698407e+00
107	1.697964e+00
108	1.697546e+00
109	1.696791e+00
110	1.695749e+00
111	1.694717e+00
112	1.693475e+00
113	1.692067e+00
114	1.690537e+00
115	1.688696e+00
116	1.686570e+00
117	1.684310e+00
118	1.682070e+00
119	1.679742e+00
120	1.676980e+00
121	1.674170e+00
122	1.671371e+00
123	1.668727e+00
124	1.666179e+00
125	1.663718e+00
126	1.661186e+00
127	1.658761e+00
128	1.656420e+00
129	1.654221e+00
130	1.652334e+00
131	1.650539e+00
132	1.648629e+00
133	1.646876e+00
134	1.645193e+00
135	1.643858e+00
136	1.642670e+00
137	1.641945e+00
138	1.641051e+00
139	1.640517e+00
140	1.640239e+00
141	1.640202e+00
142	1.640053e+00
143	1.640037e+00
144	1.640200e+00
145	1.640471e+00
146	1.640972e+00
147	1.641781e+00
148	1.642601e+00
149	1.643708e+00
150	1.644721e+00
151	1.646136e+00
152	1.647910e+00
153	1.649547e+00
154	1.651202e+00
155	1.652912e+00
156	1.654776e+00
157	1.656746e+00
158	1.658733e+00
159	1.660751e+00
160	1.662532e+00
161	1.664586e+00
162	1.666492e+00
163	1.668427e+00
164	1.670425e+00
165	1.672605e+00
166	1.674896e+00
167	1.677232e+00
168	1.679629e+00
169	1.681771e+00
170	1.683900e+00
171	1.685891e+00
172	1.688036e+00
173	1.689945e+00
174	1.691673e+00
175	1.693629e+00
176	1.695375e+00
177	1.696813e+00
178	1.697855e+00
179	1.698902e+00
180	1.699594e+00
181	1.700166e+00
182	1.700591e+00
183	1.701444e+00
184	1.702032e+00
185	1.702498e+00
186	1.703047e+00
187	1.703574e+00
188	1.703915e+00
189	1.703688e+00
190	1.703054e+00
191	1.701968e+00
192	1.700455e+00
193	1.698899e+00
194	1.697184e+00
195	1.695185e+00
196	1.693195e+00
197	1.691083e+00
198	1.688967e+00
199	1.686597e+00
200	1.684171e+00
201	1.681501e+00
202	1.678929e+00
203	1.676353e+00
204	1.673896e+00
205	1.671606e+00
206	1.669434e+00
207	1.667065e+00
208	1.664430e+00
209	1.661545e+00
210	1.658643e+00
211	1.655608e+00
212	1.652458e+00
213	1.649567e+00
214	1.646686e+00
215	1.643789e+00
216	1.640953e+00
217	1.638567e+00
218	1.636620e+00
219	1.634841e+00
220	1.633442e+00
221	1.632295e+00
222	1.631500e+00
223	1.631159e+00
224	1.631203e+00
225	1.631243e+00
226	1.631612e+00
227	1.632106e+00
228	1.632711e+00
229	1.633524e+00
230	1.634413e+00
231	1.635450e+00
232	1.637113e+00
233	1.639349e+00
234	1.641566e+00
235	1.643727e+00
236	1.645986e+00
237	1.648688e+00
238	1.651584e+00
239	1.654413e+00
240	1.657431e+00
241	1.660538e+00
242	1.663576e+00
243	1.666239e+00
244	1.668852e+00
245	1.671340e+00
246	1.673673e+00
247	1.675695e+00
248	1.677478e+00
249	1.679157e+00
250	1.680643e+00
251	1.682142e+00
252	1.683765e+00
253	1.685486e+00
254	1.687049e+00
255	1.688594e+00
256	1.690206e+00
257	1.691980e+00
258	1.693721e+00
259	1.695313e+00
260	1.696709e+00
261	1.697936e+00
262	1.698766e+00
263	1.699699e+00
264	1.700531e+00
265	1.701219e+00
266	1.701769e+00
267	1.702077e+00
268	1.702053e+00
269	1.701626e+00
270	1.700958e+00
271	1.700039e+00
272	1.699134e+00
273	1.698007e+00
274	1.696708e+00
275	1.695335e+00
276	1.694006e+00
277	1.692518e+00
278	1.691023e+00
279	1.689607e+00
280	1.687868e+00
281	1.686247e+00
282	1.684648e+00
283	1.682991e+00
284	1.681179e+00
285	1.679318e+00
286	1.677587e+00
287	1.675605e+00
288	1.673448e+00
289	1.671221e+00
290	1.669350e+00
291	1.667423e+00
292	1.665633e+00
293	1.663999e+00
294	1.662508e+00
295	1.661541e+00
296	1.660452e+00
297	1.659333e+00
298	1.657777e+00
299	1.656303e+00
300	1.654820e+00
301	1.653091e+00
302	1.651397e+00
303	1.649723e+00
304	1.648057e+00
305	1.646430e+00
306	1.645130e+00
307	1.644023e+00
308	1.643074e+00
309	1.642171e+00
310	1.641389e+00
311	1.640673e+00
312	1.640417e+00
313	1.640372e+00
314	1.640770e+00
315	1.641147e+00
316	1.641642e+00
317	1.642130e+00
318	1.642799e+00
319	1.643368e+00
320	1.644201e+00
321	1.644932e+00
322	1.646093e+00
323	1.647293e+00
324	1.648747e+00
325	1.650320e+00
326	1.652100e+00
327	1.654132e+00
328	1.656308e+00
329	1.658241e+00
330	1.660152e+00
331	1.661931e+00
332	1.663714e+00
333	1.665068e+00
334	1.666088e+00
335	1.667055e+00
336	1.668493e+00
337	1.669702e+00
338	1.670865e+00
339	1.671640e+00
340	1.672479e+00
341	1.673097e+00
342	1.673742e+00
343	1.674797e+00
344	1.675793e+00
345	1.676928e+00
346	1.678029e+00
347	1.679463e+00
348	1.680431e+00
349	1.681366e+00
350	1.682199e+00
351	1.683074e+00
352	1.683817e+00
353	1.684726e+00
354	1.685236e+00
355	1.685667e+00
356	1.686230e+00
357	1.686688e+00
358	1.687121e+00
359	1.687291e+00
360	1.687167e+00
361	1.687054e+00
362	1.687014e+00
363	1.687081e+00
364	1.687024e+00
365	1.687040e+00
366	1.687217e+00
367	1.687383e+00
368	1.687478e+00
369	1.687364e+00
370	1.687013e+00
371	1.686501e+00
372	1.685843e+00
373	1.684839e+00
374	1.683879e+00
375	1.682893e+00
376	1.681621e+00
377	1.680334e+00
378	1.678935e+00
379	1.677371e+00
380	1.676074e+00
381	1.674780e+00
382	1.673506e+00
383	1.672247e+00
384	1.671043e+00
385	1.669974e+00
386	1.668750e+00
387	1.667612e+00
388	1.666340e+00
389	1.664913e+00
390	1.663489e+00
391	1.662145e+00
392	1.660884e+00
393	1.659993e+00
394	1.659428e+00
395	1.659144e+00
396	1.658908e+00
397	1.658549e+00
398	1.658264e+00
399	1.658362e+00
400	1.658326e+00
401	1.658492e+00
402	1.658669e+00
403	1.658871e+00
404	1.658953e+00
405	1.659355e+00
406	1.659965e+00
407	1.660705e+00
408	1.661548e+00
409	1.662299e+00
410	1.663322e+00
411	1.664698e+00
412	1.666304e+00
413	1.668044e+00
414	1.669668e+00
415	1.671457e+00
416	1.673377e+00
417	1.675307e+00
418	1.677356e+00
419	1.679308e+00
420	1.681287e+00
421	1.683378e+00
422	1.685211e+00
423	1.687073e+00
424	1.688827e+00
425	1.690535e+00
426	1.692352e+00
427	1.694172e+00
428	1.696029e+00
429	1.697782e+00
430	1.699711e+00
431	1.701648e+00
432	1.703610e+00
433	1.705279e+00
434	1.706558e+00
435	1.707331e+00
436	1.707765e+00
437	1.707950e+00
438	1.707768e+00
439	1.707609e+00
440	1.707417e+00
441	1.706913e+00
442	1.706042e+00
443	1.705217e+00
444	1.704231e+00
445	1.702982e+00
446	1.701641e+00
447	1.699978e+00
448	1.698506e+00
449	1.696818e+00
450	1.694552e+00
451	1.691910e+00
452	1.689169e+00
453	1.686361e+00
454	1.683632e+00
455	1.680971e+00
456	1.678018e+00
457	1.675323e+00
458	1.672677e+00
459	1.670091e+00
460	1.667775e+00
461	1.665408e+00
462	1.662991e+00
463	1.660566e+00
464	1.657946e+00
465	1.655638e+00
466	1.653114e+00
467	1.650906e+00
468	1.648762e+00
469	1.646699e+00
470	1.644766e+00
471	1.642806e+00
472	1.640976e+00
473	1.639505e+00
474	1.638241e+00
475	1.637197e+00
476	1.636158e+00
477	1.635745e+00
478	1.635542e+00
479	1.635500e+00
480	1.635822e+00
481	1.636377e+00
482	1.636912e+00
483	1.637382e+00
484	1.638208e+00
485	1.639454e+00
486	1.640875e+00
487	1.642481e+00
488	1.644116e+00
489	1.645863e+00
490	1.647973e+00
491	1.650579e+00
492	1.653504e+00
493	1.656822e+00
494	1.660189e+00
495	1.663414e+00
496	1.666932e+00
497	1.670518e+00
498	1.673779e+00
499	1.676812e+00
500	1.679461e+00
501	1.681924e+00
502	1.684101e+00
503	1.686306e+00
504	1.688299e+00
505	1.689973e+00
506	1.691803e+00
507	1.693622e+00
508	1.695104e+00
509	1.696715e+00
510	1.698159e+00
511	1.699724e+00
512	1.701269e+00
513	1.702320e+00
514	1.703062e+00
515	1.703950e+00
516	1.704801e+00
517	1.705525e+00
518	1.706044e+00
519	1.706192e+00
520	1.706122e+00
521	1.706084e+00
522	1.705501e+00
523	1.704359e+00
524	1.702721e+00
525	1.700682e+00
526	1.698573e+00
527	1.696185e+00
528	1.693681e+00
529	1.691087e+00
530	1.688316e+00
531	1.685495e+00
532	1.682363e+00
533	1.678925e+00
534	1.675380e+00
535	1.671966e+00
536	1.668121e+00
537	1.664350e+00
538	1.660112e+00
539	1.655941e+00
540	1.651857e+00
541	1.647502e+00
542	1.643188e+00
543	1.639129e+00
544	1.634819e+00
545	1.630348e+00
546	1.625598e+00
547	1.620530e+00
548	1.615899e+00
549	1.611662e+00
550	1.608225e+00
551	1.605325e+00
552	1.602993e+00
553	1.601472e+00
554	1.600638e+00
555	1.600761e+00
556	1.601109e+00
557	1.601679e+00
558	1.602893e+00
559	1.604124e+00
560	1.605591e+00
561	1.607067e+00
562	1.608524e+00
563	1.610546e+00
564	1.612996e+00
565	1.615654e+00
566	1.618697e+00
567	1.621779e+00
568	1.625276e+00
569	1.628924e+00
570	1.632707e+00
571	1.636650e+00
572	1.640621e+00
573	1.644690e+00
574	1.648918e+00
575	1.652914e+00
576	1.657094e+00
577	1.661253e+00
578	1.665408e+00
579	1.669353e+00
580	1.672648e+00
581	1.675873e+00
582	1.679023e+00
583	1.681991e+00
584	1.684361e+00
585	1.686175e+00
586	1.688166e+00
587	1.689979e+00
588	1.691563e+00
589	1.692884e+00
590	1.693881e+00
591	1.694787e+00
592	1.695247e+00
593	1.695395e+00
594	1.695262e+00
595	1.695133e+00
596	1.694636e+00
597	1.694053e+00
598	1.693106e+00
599	1.691676e+00
600	1.690037e+00
601	1.688082e+00
602	1.686195e+00
603	1.684140e+00
604	1.682330e+00
605	1.680318e+00
606	1.678033e+00
607	1.675665e+00
608	1.673177e+00
609	1.670517e+00
610	1.667929e+00
611	1.665390e+00
612	1.662363e+00
613	1.659149e+00
614	1.656121e+00
615	1.652978e+00
616	1.649643e+00
617	1.646381e+00
618	1.643300e+00
619	1.640511e+00
620	1.637902e+00
621	1.635418e+00
622	1.633168e+00
623	1.631229e+00
624	1.629844e+00
625	1.628745e+00
626	1.627995e+00
627	1.627301e+00
628	1.626615e+00
629	1.625864e+00
630	1.625112e+00
631	1.624448e+00
632	1.623947e+00
633	1.623601e+00
634	1.623608e+00
635	1.623651e+00
636	1.624225e+00
637	1.625105e+00
638	1.626212e+00
639	1.627330e+00
640	1.629061e+00
641	1.630883e+00
642	1.632682e+00
643	1.634789e+00
644	1.636705e+00
645	1.638796e+00
646	1.640892e+00
647	1.642818e+00
648	1.644562e+00
649	1.646382e+00
650	1.648288e+00
651	1.650087e+00
652	1.652029e+00
653	1.654027e+00
654	1.655797e+00
655	1.657583e+00
656	1.659176e+00
657	1.660732e+00
658	1.662231e+00
659	1.663671e+00
660	1.665289e+00
661	1.666900e+00
662	1.668275e+00
663	1.669352e+00
664	1.670285e+00
665	1.671034e+00
666	1.671339e+00
667	1.671277e+00
668	1.670929e+00
669	1.670334e+00
670	1.669649e+00
671	1.669125e+00
672	1.668569e+00
673	1.667777e+00
674	1.666988e+00
675	1.665888e+00
676	1.664797e+00
677	1.663424e+00
678	1.662081e+00
679	1.661093e+00
680	1.659888e+00
681	1.658336e+00
682	1.656844e+00
683	1.655050e+00
684	1.653032e+00
685	1.650983e+00
686	1.649247e+00
687	1.647568e+00
688	1.646015e+00
689	1.644681e+00
690	1.643308e+00
691	1.641554e+00
692	1.639846e+00
693	1.638291e+00
694	1.636680e+00
695	1.635035e+00
696	1.633606e+00
697	1.632742e+00
698	1.631908e+00
699	1.631061e+00
700	1.630296e+00
701	1.629889e+00
702	1.629584e+00
703	1.629375e+00
704	1.629526e+00
705	1.629694e+00
706	1.630210e+00
707	1.630780e+00
708	1.631423e+00
709	1.632008e+00
710	1.632725e+00
711	1.633638e+00
712	1.634644e+00
713	1.635906e+00
714	1.637195e+00
715	1.638549e+00
716	1.640247e+00
717	1.642243e+00
718	1.644642e+00
719	1.647087e+00
720	1.649353e+00
721	1.651346e+00
722	1.653106e+00
723	1.654864e+00
724	1.656587e+00
725	1.658328e+00
726	1.659913e+00
727	1.661441e+00
728	1.662859e+00
729	1.664616e+00
730	1.666545e+00
731	1.668320e+00
732	1.670027e+00
733	1.671355e+00
734	1.672572e+00
735	1.674122e+00
736	1.675663e+00
737	1.677003e+00
738	1.678184e+00
739	1.679218e+00
740	1.680185e+00
741	1.680683e+00
742	1.681218e+00
743	1.681910e+00
744	1.682316e+00
745	1.682425e+00
746	1.682088e+00
747	1.681785e+00
748	1.681490e+00
749	1.681267e+00
750	1.680884e+00
751	1.680333e+00
752	1.679784e+00
753	1.679564e+00
754	1.679072e+00
755	1.678529e+00
756	1.677862e+00
757	1.677122e+00
758	1.676592e+00
759	1.675762e+00
760	1.674974e+00
761	1.673895e+00
762	1.672553e+00
763	1.670945e+00
764	1.668768e+00
765	1.666489e+00
766	1.663932e+00
767	1.661691e+00
768	1.659487e+00
769	1.657357e+00
770	1.655064e+00
771	1.653294e+00
772	1.651696e+00
773	1.650249e+00
774	1.648797e+00
775	1.647574e+00
776	1.646452e+00
777	1.645322e+00
778	1.644111e+00
779	1.642985e+00
780	1.642228e+00
781	1.641682e+00
782	1.640893e+00
783	1.640145e+00
784	1.639596e+00
785	1.639177e+00
786	1.638928e+00
787	1.638668e+00
788	1.638212e+00
789	1.637769e+00
790	1.637572e+00
791	1.637364e+00
792	1.637076e+00
793	1.636714e+00
794	1.636353e+00
795	1.635927e+00
796	1.635639e+00
797	1.635514e+00
798	1.635532e+00
799	1.635608e+00
800	1.635677e+00
801	1.635946e+00
802	1.636200e+00
803	1.636762e+00
804	1.637424e+00
805	1.638169e+00
806	1.638977e+00
807	1.640186e+00
808	1.641504e+00
809	1.642659e+00
810	1.643806e+00
811	1.645050e+00
812	1.646300e+00
813	1.647332e+00
814	1.648152e+00
815	1.648641e+00
816	1.648912e+00
817	1.649184e+00
818	1.649456e+00
819	1.649647e+00
820	1.649998e+00
821	1.650152e+00
822	1.650270e+00
823	1.650689e+00
824	1.651265e+00
825	1.651930e+00
826	1.652684e+00
827	1.653474e+00
828	1.654154e+00
829	1.654392e+00
830	1.654633e+00
831	1.654854e+00
832	1.655076e+00
833	1.655009e+00
834	1.654930e+00
835	1.654923e+00
836	1.654969e+00
837	1.655227e+00
838	1.655292e+00
839	1.655093e+00
840	1.655017e+00
841	1.655087e+00
842	1.655270e+00
843	1.655565e+00
844	1.655822e+00
845	1.656182e+00
846	1.656813e+00
847	1.657422e+00
848	1.657862e+00
849	1.658236e+00
850	1.658733e+00
851	1.659477e+00
852	1.660163e+00
853	1.660984e+00
854	1.662209e+00
855	1.663549e+00
856	1.664859e+00
857	1.666229e+00
858	1.667384e+00
859	1.668520e+00
860	1.669543e+00
861	1.670582e+00
862	1.671581e+00
863	1.672645e+00
864	1.673637e+00
865	1.674386e+00
866	1.675056e+00
867	1.675853e+00
868	1.676762e+00
869	1.677539e+00
870	1.678181e+00
871	1.678722e+00
872	1.679032e+00
873	1.679034e+00
874	1.678823e+00
875	1.678466e+00
876	1.677886e+00
877	1.677475e+00
878	1.676796e+00
879	1.676463e+00
880	1.676344e+00
881	1.676239e+00
882	1.676002e+00
883	1.675731e+00
884	1.675232e+00
885	1.674699e+00
886	1.674135e+00
887	1.673295e+00
888	1.672599e+00
889	1.671797e+00
890	1.670901e+00
891	1.669796e+00
892	1.668785e+00
893	1.667860e+00
894	1.667072e+00
895	1.666258e+00
896	1.665365e+00
897	1.664478e+00
898	1.663793e+00
899	1.663078e+00
900	1.662189e+00
901	1.661028e+00
902	1.659753e+00
903	1.658185e+00
904	1.656380e+00
905	1.654511e+00
906	1.652900e+00
907	1.651297e+00
908	1.649688e+00
909	1.648002e+00
910	1.646022e+00
911	1.644221e+00
912	1.642796e+00
913	1.641366e+00
914	1.640189e+00
915	1.639129e+00
916	1.638166e+00
917	1.637392e+00
918	1.636674e+00
919	1.636194e+00
920	1.635819e+00
921	1.635516e+00
922	1.635417e+00
923	1.635278e+00
924	1.635272e+00
925	1.635185e+00
926	1.635275e+00
927	1.635398e+00
928	1.635845e+00
929	1.636562e+00
930	1.637304e+00
931	1.638334e+00
932	1.639516e+00
933	1.640321e+00
934	1.641453e+00
935	1.642837e+00
936	1.644099e+00
937	1.645112e+00
938	1.646361e+00
939	1.647464e+00
940	1.648343e+00
941	1.648924e+00
942	1.649772e+00
943	1.650550e+00
944	1.650944e+00
945	1.650924e+00
946	1.651107e+00
947	1.650940e+00
948	1.650779e+00
949	1.650755e+00
950	1.650585e+00
951	1.650034e+00
952	1.649687e+00
953	1.649421e+00
954	1.648882e+00
955	1.648244e+00
956	1.647541e+00
957	1.646787e+00
958	1.646253e+00
959	1.645334e+00
960	1.644204e+00
961	1.643123e+00
962	1.642181e+00
963	1.641113e+00
964	1.639830e+00
965	1.638472e+00
966	1.637531e+00
967	1.636913e+00
968	1.636203e+00
969	1.635161e+00
970	1.634319e+00
971	1.633360e+00
972	1.632541e+00
973	1.631364e+00
974	1.629798e+00
975	1.628428e+00
976	1.627212e+00
977	1.625954e+00
978	1.624911e+00
979	1.623918e+00
980	1.623235e+00
981	1.622976e+00
982	1.623324e+00
983	1.623740e+00
984	1.624162e+00
985	1.624582e+00
986	1.625502e+00
987	1.626498e+00
988	1.627556e+00
989	1.628779e+00
990	1.630333e+00
991	1.631814e+00
992	1.633337e+00
993	1.635191e+00
994	1.637186e+00
995	1.639082e+00
996	1.641106e+00
997	1.643545e+00
998	1.645923e+00
999	1.648622e+00
1000	1.651727e+00
1001	1.654541e+00
1002	1.657067e+00
1003	1.659412e+00
1004	1.661666e+00
1005	1.663854e+00
1006	1.665733e+00
1007	1.667469e+00
1008	1.668816e+00
1009	1.669826e+00
1010	1.670503e+00
1011	1.670983e+00
1012	1.671206e+00
1013	1.671327e+00
1014	1.671563e+00
1015	1.671763e+00
1016	1.671970e+00
1017	1.671988e+00
1018	1.672194e+00
1019	1.672427e+00
1020	1.672423e+00
1021	1.672406e+00
1022	1.672277e+00
1023	1.672271e+00
1024	1.672112e+00
1025	1.671833e+00
1026	1.671477e+00
1027	1.671222e+00
1028	1.670888e+00
1029	1.670288e+00
1030	1.669762e+00
1031	1.669048e+00
1032	1.668291e+00
1033	1.667635e+00
1034	1.667078e+00
1035	1.666570e+00
1036	1.666365e+00
1037	1.666221e+00
1038	1.665870e+00
1039	1.665440e+00
1040	1.665355e+00
1041	1.664936e+00
1042	1.664424e+00
1043	1.663406e+00
1044	1.662618e+00
1045	1.661559e+00
1046	1.660200e+00
1047	1.658983e+00
1048	1.657983e+00
1049	1.657324e+00
1050	1.656827e+00
1051	1.656453e+00
1052	1.656337e+00
1053	1.656058e+00
1054	1.656105e+00
1055	1.656358e+00
1056	1.656548e+00
1057	1.656852e+00
1058	1.657119e+00
1059	1.657374e+00
1060	1.657621e+00
1061	1.657748e+00
1062	1.658128e+00
1063	1.658695e+00
1064	1.659424e+00
1065	1.660528e+00
1066	1.661638e+00
1067	1.662962e+00
1068	1.664390e+00
1069	1.665797e+00
1070	1.667305e+00
1071	1.668832e+00
1072	1.670427e+00
1073	1.671719e+00
1074	1.672865e+00
1075	1.673762e+00
1076	1.674374e+00
1077	1.674740e+00
1078	1.675057e+00
1079	1.675217e+00
1080	1.675400e+00
1081	1.675679e+00
1082	1.675882e+00
1083	1.675953e+00
1084	1.675865e+00
1085	1.675713e+00
1086	1.675611e+00
1087	1.675602e+00
1088	1.675626e+00
1089	1.675535e+00
1090	1.675319e+00
1091	1.674787e+00
1092	1.674071e+00
1093	1.673268e+00
1094	1.672431e+00
1095	1.671620e+00
1096	1.670216e+00
1097	1.668648e+00
1098	1.667058e+00
1099	1.665441e+00
1100	1.663708e+00
1101	1.661900e+00
1102	1.660207e+00
1103	1.658649e+00
1104	1.656820e+00
1105	1.654789e+00
1106	1.652581e+00
1107	1.650243e+00
1108	1.647968e+00
1109	1.645480e+00
1110	1.642555e+00
1111	1.639309e+00
1112	1.636094e+00
1113	1.632287e+00
1114	1.628756e+00
1115	1.625637e+00
1116	1.622538e+00
1117	1.619430e+00
1118	1.616792e+00
1119	1.614794e+00
1120	1.613347e+00
1121	1.612293e+00
1122	1.611627e+00
1123	1.611230e+00
1124	1.610964e+00
1125	1.610663e+00
1126	1.610511e+00
1127	1.610498e+00
1128	1.610599e+00
1129	1.610751e+00
1130	1.610871e+00
1131	1.611460e+00
1132	1.612434e+00
1133	1.613558e+00
1134	1.614634e+00
1135	1.615451e+00
1136	1.616327e+00
1137	1.617493e+00
1138	1.618996e+00
1139	1.620754e+00
1140	1.622538e+00
1141	1.624342e+00
1142	1.626326e+00
1143	1.628579e+00
1144	1.630507e+00
1145	1.632468e+00
1146	1.634377e+00
1147	1.636057e+00
1148	1.637646e+00
1149	1.639131e+00
1150	1.640723e+00
1151	1.642191e+00
1152	1.643278e+00
1153	1.643970e+00
1154	1.644725e+00
1155	1.645253e+00
1156	1.645572e+00
1157	1.645987e+00
1158	1.646611e+00
1159	1.647281e+00
1160	1.648140e+00
1161	1.648928e+00
1162	1.649894e+00
1163	1.650827e+00
1164	1.651599e+00
1165	1.652076e+00
1166	1.652344e+00
1167	1.652354e+00
1168	1.652182e+00
1169	1.651800e+00
1170	1.651366e+00
1171	1.651110e+00
1172	1.650909e+00
1173	1.650528e+00
1174	1.650127e+00
1175	1.649979e+00
1176	1.649817e+00
1177	1.649181e+00
1178	1.648478e+00
1179	1.647727e+00
1180	1.646935e+00
1181	1.646105e+00
1182	1.645257e+00
1183	1.644215e+00
1184	1.643015e+00
1185	1.641739e+00
1186	1.640553e+00
1187	1.639481e+00
1188	1.638444e+00
1189	1.637586e+00
1190	1.636945e+00
1191	1.636489e+00
1192	1.636326e+00
1193	1.636413e+00
1194	1.636755e+00
1195	1.637082e+00
1196	1.637590e+00
1197	1.638102e+00
1198	1.638739e+00
1199	1.639304e+00
1200	1.639943e+00
1201	1.640333e+00
1202	1.640606e+00
1203	1.641123e+00
1204	1.641497e+00
1205	1.642037e+00
1206	1.642929e+00
1207	1.643910e+00
1208	1.644830e+00
1209	1.645618e+00
1210	1.646454e+00
1211	1.647420e+00
1212	1.648345e+00
1213	1.649380e+00
1214	1.650119e+00
1215	1.650529e+00
1216	1.650826e+00
1217	1.650950e+00
1218	1.650967e+00
1219	1.650691e+00
1220	1.650161e+00
1221	1.649488e+00
1222	1.648851e+00
1223	1.648280e+00
1224	1.647787e+00
1225	1.647417e+00
1226	1.647107e+00
1227	1.646980e+00
1228	1.646903e+00
1229	1.647169e+00
1230	1.647235e+00
1231	1.647474e+00
1232	1.647845e+00
1233	1.648079e+00
1234	1.647986e+00
1235	1.647739e+00
1236	1.647469e+00
1237	1.647227e+00
1238	1.646875e+00
1239	1.646579e+00
1240	1.646453e+00
1241	1.646819e+00
1242	1.647499e+00
1243	1.648374e+00
1244	1.649298e+00
1245	1.650301e+00
1246	1.651577e+00
1247	1.652944e+00
1248	1.654162e+00
1249	1.655545e+00
1250	1.656617e+00
1251	1.657555e+00
1252	1.658343e+00
1253	1.659004e+00
1254	1.659663e+00
1255	1.659860e+00
1256	1.659868e+00
1257	1.659924e+00
1258	1.659915e+00
1259	1.659828e+00
1260	1.659782e+00
1261	1.659978e+00
1262	1.660193e+00
1263	1.660358e+00
1264	1.660176e+00
1265	1.659492e+00
1266	1.658872e+00
1267	1.658323e+00
1268	1.657691e+00
1269	1.656949e+00
1270	1.655916e+00
1271	1.654566e+00
1272	1.653160e+00
1273	1.651950e+00
1274	1.650650e+00
1275	1.649147e+00
1276	1.647301e+00
1277	1.645442e+00
1278	1.643256e+00
1279	1.641073e+00
1280	1.638662e+00
1281	1.636248e+00
1282	1.634036e+00
1283	1.631735e+00
1284	1.629509e+00
1285	1.627087e+00
1286	1.624299e+00
1287	1.621613e+00
1288	1.618675e+00
1289	1.615974e+00
1290	1.613396e+00
1291	1.610682e+00
1292	1.608038e+00
1293	1.605492e+00
1294	1.602960e+00
1295	1.600570e+00
1296	1.598385e+00
1297	1.596385e+00
1298	1.594923e+00
1299	1.593726e+00
1300	1.592798e+00
1301	1.591984e+00
1302	1.591475e+00
1303	1.591588e+00
1304	1.592020e+00
1305	1.592937e+00
1306	1.594402e+00
1307	1.596233e+00
1308	1.598222e+00
1309	1.600686e+00
1310	1.603361e+00
1311	1.606205e+00
1312	1.609024e+00
1313	1.612411e+00
1314	1.615891e+00
1315	1.619510e+00
1316	1.623145e+00
1317	1.626959e+00
1318	1.630890e+00
1319	1.635217e+00
1320	1.639704e+00
1321	1.643853e+00
1322	1.648182e+00
1323	1.652337e+00
1324	1.656329e+00
1325	1.660267e+00
1326	1.663527e+00
1327	1.666207e+00
1328	1.668740e+00
1329	1.670893e+00
1330	1.672881e+00
1331	1.674740e+00
1332	1.676701e+00
1333	1.678624e+00
1334	1.680274e+00
1335	1.681944e+00
1336	1.683626e+00
1337	1.684902e+00
1338	1.686376e+00
1339	1.687708e+00
1340	1.688612e+00
1341	1.689177e+00
1342	1.689575e+00
1343	1.689679e+00
1344	1.689427e+00
1345	1.688866e+00
1346	1.687977e+00
1347	1.686735e+00
1348	1.685429e+00
1349	1.684035e+00
1350	1.682687e+00
1351	1.681277e+00
1352	1.680163e+00
1353	1.679131e+00
1354	1.678203e+00
1355	1.677241e+00
1356	1.676182e+00
1357	1.674791e+00
1358	1.673140e+00
1359	1.671348e+00
1360	1.669370e+00
1361	1.667270e+00
1362	1.665003e+00
1363	1.662613e+00
1364	1.660264e+00
1365	1.658080e+00
1366	1.655737e+00
1367	1.653555e+00
1368	1.651502e+00
1369	1.649773e+00
1370	1.648137e+00
1371	1.646713e+00
1372	1.645678e+00
1373	1.644952e+00
1374	1.644152e+00
1375	1.643311e+00
1376	1.642668e+00
1377	1.641740e+00
1378	1.640634e+00
1379	1.639723e+00
1380	1.638831e+00
1381	1.638163e+00
1382	1.637289e+00
1383	1.636343e+00
1384	1.635426e+00
1385	1.634737e+00
1386	1.634382e+00
1387	1.634401e+00
1388	1.634514e+00
1389	1.634753e+00
1390	1.635092e+00
1391	1.635898e+00
1392	1.636580e+00
1393	1.637540e+00
1394	1.638507e+00
1395	1.639507e+00
1396	1.640814e+00
1397	1.642236e+00
1398	1.643765e+00
1399	1.645530e+00
1400	1.647381e+00
1401	1.649356e+00
1402	1.651327e+00
1403	1.653188e+00
1404	1.654993e+00
1405	1.656768e+00
1406	1.658598e+00
1407	1.660335e+00
1408	1.661992e+00
1409	1.663588e+00
1410	1.665153e+00
1411	1.666618e+00
1412	1.668055e+00
1413	1.669587e+00
1414	1.670992e+00
1415	1.672359e+00
1416	1.673611e+00
1417	1.674435e+00
1418	1.675176e+00
1419	1.675773e+00
1420	1.676122e+00
1421	1.676419e+00
1422	1.676694e+00
1423	1.676999e+00
1424	1.677008e+00
1425	1.677056e+00
1426	1.677442e+00
1427	1.677388e+00
1428	1.676924e+00
1429	1.676434e+00
1430	1.675524e+00
1431	1.674560e+00
1432	1.673419e+00
1433	1.671974e+00
1434	1.670258e+00
1435	1.668188e+00
1436	1.666204e+00
1437	1.664301e+00
1438	1.662368e+00
1439	1.660643e+00
1440	1.659049e+00
1441	1.657641e+00
1442	1.656468e+00
1443	1.655076e+00
1444	1.653895e+00
1445	1.652737e+00
1446	1.651585e+00
1447	1.650478e+00
1448	1.649168e+00
1449	1.647732e+00
1450	1.646627e+00
1451	1.645269e+00
1452	1.643986e+00
1453	1.642547e+00
1454	1.640914e+00
1455	1.639257e+00
1456	1.637810e+00
1457	1.636782e+00
1458	1.636150e+00
1459	1.635228e+00
1460	1.634674e+00
1461	1.634054e+00
1462	1.633605e+00
1463	1.633627e+00
1464	1.633880e+00
1465	1.633807e+00
1466	1.633853e+00
1467	1.634187e+00
1468	1.634443e+00
1469	1.634524e+00
1470	1.634577e+00
1471	1.634680e+00
1472	1.634845e+00
1473	1.635084e+00
1474	1.635502e+00
1475	1.636156e+00
1476	1.637342e+00
1477	1.639281e+00
1478	1.641654e+00
1479	1.644178e+00
1480	1.646653e+00
1481	1.649275e+00
1482	1.651764e+00
1483	1.654274e+00
1484	1.656469e+00
1485	1.658587e+00
1486	1.660570e+00
1487	1.662540e+00
1488	1.664353e+00
1489	1.666265e+00
1490	1.668257e+00
1491	1.670017e+00
1492	1.671834e+00
1493	1.673436e+00
1494	1.675118e+00
1495	1.676764e+00
1496	1.678224e+00
1497	1.679597e+00
1498	1.680905e+00
1499	1.681923e+00
1500	1.682816e+00
1501	1.683271e+00
1502	1.683334e+00
1503	1.683074e+00
1504	1.682633e+00
1505	1.681805e+00
1506	1.680750e+00
1507	1.679618e+00
1508	1.678241e+00
1509	1.676691e+00
1510	1.675152e+00
1511	1.673588e+00
1512	1.671691e+00
1513	1.669731e+00
1514	1.667803e+00
1515	1.666098e+00
1516	1.664293e+00
1517	1.662164e+00
1518	1.660011e+00
1519	1.657717e+00
1520	1.655310e+00
1521	1.652771e+00
1522	1.650187e+00
1523	1.647558e+00
1524	1.644794e+00
1525	1.642405e+00
1526	1.640387e+00
1527	1.638847e+00
1528	1.637775e+00
1529	1.637079e+00
1530	1.636751e+00
1531	1.636628e+00
1532	1.636766e+00
1533	1.636755e+00
1534	1.636632e+00
1535	1.636875e+00
1536	1.637166e+00
1537	1.637539e+00
1538	1.637853e+00
1539	1.638129e+00
1540	1.638400e+00
1541	1.638451e+00
1542	1.638812e+00
1543	1.639568e+00
1544	1.640221e+00
1545	1.640959e+00
1546	1.641941e+00
1547	1.643170e+00
1548	1.644578e+00
1549	1.645438e+00
1550	1.646361e+00
1551	1.647306e+00
1552	1.648539e+00
1553	1.649725e+00
1554	1.650556e+00
1555	1.651014e+00
1556	1.651200e+00
1557	1.651006e+00
1558	1.650867e+00
1559	1.650432e+00
1560	1.649965e+00
1561	1.649582e+00
1562	1.649074e+00
1563	1.648464e+00
1564	1.648150e+00
1565	1.648186e+00
1566	1.648406e+00
1567	1.648600e+00
1568	1.649077e+00
1569	1.649668e+00
1570	1.650409e+00
1571	1.651302e+00
1572	1.652187e+00
1573	1.653228e+00
1574	1.654128e+00
1575	1.655096e+00
1576	1.656066e+00
1577	1.656600e+00
1578	1.656847e+00
1579	1.656823e+00
1580	1.656901e+00
1581	1.656907e+00
1582	1.657250e+00
1583	1.658251e+00
1584	1.659488e+00
1585	1.660661e+00
1586	1.661665e+00
1587	1.662746e+00
1588	1.663818e+00
1589	1.665072e+00
1590	1.666463e+00
1591	1.667819e+00
1592	1.669257e+00
1593	1.670702e+00
1594	1.671908e+00
1595	1.673250e+00
1596	1.674430e+00
1597	1.675700e+00
1598	1.677225e+00
1599	1.678745e+00
1600	1.679987e+00
1601	1.681230e+00
1602	1.682475e+00
1603	1.683703e+00
1604	1.684797e+00
1605	1.685490e+00
1606	1.685491e+00
1607	1.685536e+00
1608	1.685380e+00
1609	1.685083e+00
1610	1.684420e+00
1611	1.683639e+00
1612	1.682663e+00
1613	1.681417e+00
1614	1.679455e+00
1615	1.677297e+00
1616	1.674900e+00
1617	1.672361e+00
1618	1.669835e+00
1619	1.667683e+00
1620	1.665533e+00
1621	1.663532e+00
1622	1.661714e+00
1623	1.659989e+00
1624	1.658263e+00
1625	1.656334e+00
1626	1.654348e+00
1627	1.652407e+00
1628	1.650715e+00
1629	1.648992e+00
1630	1.647290e+00
1631	1.645257e+00
1632	1.643421e+00
1633	1.641482e+00
1634	1.639872e+00
1635	1.638266e+00
1636	1.636888e+00
1637	1.635781e+00
1638	1.635238e+00
1639	1.635104e+00
1640	1.635325e+00
1641	1.635742e+00
1642	1.636333e+00
1643	1.637143e+00
1644	1.638115e+00
1645	1.638958e+00
1646	1.639897e+00
1647	1.640756e+00
1648	1.641637e+00
1649	1.642605e+00
1650	1.643391e+00
1651	1.644245e+00
1652	1.645046e+00
1653	1.645861e+00
1654	1.646920e+00
1655	1.647905e+00
1656	1.649144e+00
1657	1.650308e+00
1658	1.651518e+00
1659	1.652838e+00
1660	1.654576e+00
1661	1.656350e+00
1662	1.658288e+00
1663	1.660549e+00
1664	1.662741e+00
1665	1.664947e+00
1666	1.667101e+00
1667	1.668975e+00
1668	1.670984e+00
1669	1.672539e+00
1670	1.674300e+00
1671	1.676082e+00
1672	1.678205e+00
1673	1.679927e+00
1674	1.681470e+00
1675	1.683140e+00
1676	1.685030e+00
1677	1.686676e+00
1678	1.688131e+00
1679	1.689121e+00
1680	1.690039e+00
1681	1.690946e+00
1682	1.691991e+00
1683	1.692886e+00
1684	1.693567e+00
1685	1.693911e+00
1686	1.694244e+00
1687	1.694335e+00
1688	1.694464e+00
1689	1.694644e+00
1690	1.694790e+00
1691	1.695145e+00
1692	1.695601e+00
1693	1.695903e+00
1694	1.696300e+00
1695	1.696618e+00
1696	1.696644e+00
1697	1.696612e+00
1698	1.696445e+00
1699	1.696654e+00
1700	1.696796e+00
1701	1.696747e+00
1702	1.696300e+00
1703	1.695741e+00
1704	1.695106e+00
1705	1.694442e+00
1706	1.693858e+00
1707	1.693162e+00
1708	1.692201e+00
1709	1.691127e+00
1710	1.690137e+00
1711	1.689235e+00
1712	1.688345e+00
1713	1.687300e+00
1714	1.686040e+00
1715	1.684767e+00
1716	1.683426e+00
1717	1.681933e+00
1718	1.680086e+00
1719	1.678198e+00
1720	1.676148e+00
1721	1.673424e+00
1722	1.670742e+00
1723	1.667873e+00
1724	1.664982e+00
1725	1.661884e+00
1726	1.658709e+00
1727	1.655744e+00
1728	1.652843e+00
1729	1.650055e+00
1730	1.647410e+00
1731	1.644741e+00
1732	1.642201e+00
1733	1.639665e+00
1734	1.636955e+00
1735	1.634185e+00
1736	1.631619e+00
1737	1.629268e+00
1738	1.626859e+00
1739	1.624658e+00
1740	1.622450e+00
1741	1.620491e+00
1742	1.618795e+00
1743	1.617405e+00
1744	1.616135e+00
1745	1.614875e+00
1746	1.614105e+00
1747	1.613866e+00
1748	1.613959e+00
1749	1.614340e+00
1750	1.615212e+00
1751	1.616449e+00
1752	1.617850e+00
1753	1.619293e+00
1754	1.620911e+00
1755	1.622479e+00
1756	1.624170e+00
1757	1.625886e+00
1758	1.627758e+00
1759	1.629954e+00
1760	1.632190e+00
1761	1.634400e+00
1762	1.636701e+00
1763	1.639057e+00
1764	1.641436e+00
1765	1.644125e+00
1766	1.646891e+00
1767	1.650229e+00
1768	1.653359e+00
1769	1.656560e+00
1770	1.659967e+00
1771	1.663184e+00
1772	1.666415e+00
1773	1.669467e+00
1774	1.672403e+00
1775	1.674956e+00
1776	1.677029e+00
1777	1.678639e+00
1778	1.679807e+00
1779	1.680658e+00
1780	1.681233e+00
1781	1.681537e+00
1782	1.681562e+00
1783	1.681804e+00
1784	1.682094e+00
1785	1.682319e+00
1786	1.682126e+00
1787	1.681766e+00
1788	1.680880e+00
1789	1.679750e+00
1790	1.678515e+00
1791	1.677178e+00
1792	1.675435e+00
1793	1.673344e+00
1794	1.670480e+00
1795	1.667590e+00
1796	1.664360e+00
1797	1.660941e+00
1798	1.657513e+00
1799	1.654106e+00
1800	1.650474e+00
1801	1.646896e+00
1802	1.643129e+00
1803	1.639418e+00
1804	1.635838e+00
1805	1.632399e+00
1806	1.628763e+00
1807	1.625080e+00
1808	1.621600e+00
1809	1.618607e+00
1810	1.615928e+00
1811	1.613579e+00
1812	1.611364e+00
1813	1.609329e+00
1814	1.607541e+00
1815	1.605730e+00
1816	1.604170e+00
1817	1.603117e+00
1818	1.602611e+00
1819	1.602559e+00
1820	1.602912e+00
1821	1.603979e+00
1822	1.605575e+00
1823	1.608106e+00
1824	1.611407e+00
1825	1.615127e+00
1826	1.619091e+00
1827	1.623174e+00
1828	1.627314e+00
1829	1.631152e+00
1830	1.635083e+00
1831	1.639326e+00
1832	1.643646e+00
1833	1.647910e+00
1834	1.651913e+00
1835	1.655572e+00
1836	1.659525e+00
1837	1.663479e+00
1838	1.667153e+00
1839	1.670759e+00
1840	1.674287e+00
1841	1.677582e+00
1842	1.680659e+00
1843	1.683919e+00
1844	1.687239e+00
1845	1.690480e+00
1846	1.693429e+00
1847	1.696041e+00
1848	1.698289e+00
1849	1.700222e+00
1850	1.702045e+00
1851	1.703506e+00
1852	1.704502e+00
1853	1.705276e+00
1854	1.705913e+00
1855	1.706350e+00
1856	1.706286e+00
1857	1.705670e+00
1858	1.704916e+00
1859	1.703668e+00
1860	1.702262e+00
1861	1.700196e+00
1862	1.698106e+00
1863	1.695626e+00
1864	1.692682e+00
1865	1.689220e+00
1866	1.685536e+00
1867	1.681696e+00
1868	1.677549e+00
1869	1.673512e+00
1870	1.669273e+00
1871	1.665062e+00
1872	1.660998e+00
1873	1.656940e+00
1874	1.653146e+00
1875	1.649517e+00
1876	1.646207e+00
1877	1.643131e+00
1878	1.640182e+00
1879	1.637504e+00
1880	1.634996e+00
1881	1.632649e+00
1882	1.630502e+00
1883	1.628420e+00
1884	1.626457e+00
1885	1.624684e+00
1886	1.623062e+00
1887	1.621733e+00
1888	1.620723e+00
1889	1.619892e+00
1890	1.619477e+00
1891	1.619229e+00
1892	1.619366e+00
1893	1.620068e+00
1894	1.621253e+00
1895	1.622833e+00
1896	1.624467e+00
1897	1.626286e+00
1898	1.628370e+00
1899	1.631032e+00
1900	1.634125e+00
1901	1.637619e+00
1902	1.641191e+00
1903	1.645103e+00
1904	1.648873e+00
1905	1.652842e+00
1906	1.656886e+00
1907	1.661496e+00
1908	1.665976e+00
1909	1.670519e+00
1910	1.675016e+00
1911	1.679276e+00
1912	1.683693e+00
1913	1.687772e+00
1914	1.691463e+00
1915	1.694705e+00
1916	1.697391e+00
1917	1.699971e+00
1918	1.701568e+00
1919	1.702690e+00
1920	1.703187e+00
1921	1.703291e+00
1922	1.702925e+00
1923	1.702025e+00
1924	1.700937e+00
1925	1.700125e+00
1926	1.699132e+00
1927	1.697828e+00
1928	1.695967e+00
1929	1.693763e+00
1930	1.691089e+00
1931	1.688075e+00
1932	1.684591e+00
1933	1.680848e+00
1934	1.676845e+00
1935	1.672914e+00
1936	1.668507e+00
1937	1.664052e+00
1938	1.659449e+00
1939	1.654641e+00
1940	1.649847e+00
1941	1.645032e+00
1942	1.640045e+00
1943	1.635097e+00
1944	1.630147e+00
1945	1.625194e+00
1946	1.620300e+00
1947	1.615748e+00
1948	1.611238e+00
1949	1.607030e+00
1950	1.603247e+00
1951	1.599587e+00
1952	1.596284e+00
1953	1.592919e+00
1954	1.590245e+00
1955	1.587857e+00
1956	1.585910e+00
1957	1.584353e+00
1958	1.583071e+00
1959	1.582290e+00
1960	1.582137e+00
1961	1.582358e+00
1962	1.582730e+00
1963	1.583544e+00
1964	1.584959e+00
1965	1.587251e+00
1966	1.590085e+00
1967	1.593222e+00
1968	1.596925e+00
1969	1.600962e+00
1970	1.605542e+00
1971	1.610208e+00
1972	1.615116e+00
1973	1.620523e+00
1974	1.626028e+00
1975	1.631589e+00
1976	1.637556e+00
1977	1.643565e+00
1978	1.649231e+00
1979	1.654845e+00
1980	1.660386e+00
1981	1.665917e+00
1982	1.671183e+00
1983	1.676220e+00
1984	1.681080e+00
1985	1.685973e+00
1986	1.690574e+00
1987	1.695240e+00
1988	1.699451e+00
1989	1.703387e+00
1990	1.707104e+00
1991	1.710787e+00
1992	1.713951e+00
1993	1.716751e+00
1994	1.719278e+00
1995	1.721482e+00
1996	1.723450e+00
1997	1.724720e+00
1998	1.725676e+00
1999	1.726449e+00
2000	1.726749e+00
2001	1.726649e+00
2002	1.726211e+00
2003	1.725543e+00
2004	1.724659e+00
2005	1.723229e+00
2006	1.721579e+00
2007	1.719533e+00
2008	1.716996e+00
2009	1.714059e+00
2010	1.710880e+00
2011	1.707571e+00
2012	1.703937e+00
2013	1.700079e+00
2014	1.696013e+00
2015	1.691950e+00
2016	1.687709e+00
2017	1.683176e+00
2018	1.678478e+00
2019	1.673679e+00
2020	1.668866e+00
2021	1.663977e+00
2022	1.658723e+00
2023	1.653496e+00
2024	1.648249e+00
2025	1.643076e+00
2026	1.638244e+00
2027	1.633786e+00
2028	1.629342e+00
2029	1.625045e+00
2030	1.621080e+00
2031	1.617151e+00
2032	1.613655e+00
2033	1.610621e+00
2034	1.607851e+00
2035	1.605572e+00
2036	1.603477e+00
2037	1.601611e+00
2038	1.600093e+00
2039	1.599140e+00
2040	1.598751e+00
2041	1.598998e+00
2042	1.599808e+00
2043	1.601125e+00
2044	1.603243e+00
2045	1.605900e+00
2046	1.609218e+00
2047	1.612908e+00
2048	1.616834e+00
2049	1.620958e+00
2050	1.625386e+00
2051	1.630114e+00
2052	1.635132e+00
2053	1.640188e+00
2054	1.645440e+00
2055	1.651089e+00
2056	1.656678e+00
2057	1.662336e+00
2058	1.668185e+00
2059	1.674401e+00
2060	1.680910e+00
2061	1.687420e+00
2062	1.693862e+00
2063	1.700208e+00
2064	1.706220e+00
2065	1.711870e+00
2066	1.717136e+00
2067	1.721902e+00
2068	1.726260e+00
2069	1.730117e+00
2070	1.733457e+00
2071	1.736247e+00
2072	1.738514e+00
2073	1.740492e+00
2074	1.742177e+00
2075	1.742989e+00
2076	1.743701e+00
2077	1.744148e+00
2078	1.744320e+00
2079	1.743908e+00
2080	1.742985e+00
2081	1.741637e+00
2082	1.739638e+00
2083	1.737114e+00
2084	1.734016e+00
2085	1.730406e+00
2086	1.726334e+00
2087	1.721893e+00
2088	1.716727e+00
2089	1.711225e+00
2090	1.705621e+00
2091	1.699823e+00
2092	1.694122e+00
2093	1.688287e+00
2094	1.682748e+00
2095	1.676856e+00
2096	1.670947e+00
2097	1.664890e+00
2098	1.658900e+00
2099	1.652829e+00
2100	1.646488e+00
2101	1.640077e+00
2102	1.633906e+00
2103	1.627975e+00
2104	1.622141e+00
2105	1.616487e+00
2106	1.611006e+00
2107	1.605847e+00
2108	1.601069e+00
2109	1.596742e+00
2110	1.592979e+00
2111	1.590022e+00
2112	1.587915e+00
2113	1.586353e+00
2114	1.585344e+00
2115	1.584924e+00
2116	1.584945e+00
2117	1.585578e+00
2118	1.586701e+00
2119	1.588364e+00
2120	1.590398e+00
2121	1.592650e+00
2122	1.595574e+00
2123	1.598810e+00
2124	1.602366e+00
2125	1.606264e+00
2126	1.610587e+00
2127	1.615385e+00
2128	1.620726e+00
2129	1.626312e+00
2130	1.631982e+00
2131	1.637467e+00
2132	1.643175e+00
2133	1.648999e+00
2134	1.654671e+00
2135	1.660389e+00
2136	1.665990e+00
2137	1.671440e+00
2138	1.676812e+00
2139	1.681894e+00
2140	1.686558e+00
2141	1.691141e+00
2142	1.695455e+00
2143	1.699348e+00
2144	1.703267e+00
2145	1.706921e+00
2146	1.710173e+00
2147	1.712588e+00
2148	1.714911e+00
2149	1.716581e+00
2150	1.717856e+00
2151	1.718836e+00
2152	1.719622e+00
2153	1.720060e+00
2154	1.720220e+00
2155	1.719867e+00
2156	1.719105e+00
2157	1.717900e+00
2158	1.716185e+00
2159	1.714364e+00
2160	1.712180e+00
2161	1.710162e+00
2162	1.708212e+00
2163	1.706017e+00
2164	1.703634e+00
2165	1.701054e+00
2166	1.698386e+00
2167	1.695521e+00
2168	1.692567e+00
2169	1.689420e+00
2170	1.685994e+00
2171	1.682091e+00
2172	1.677922e+00
2173	1.673947e+00
2174	1.670085e+00
2175	1.666062e+00
2176	1.662525e+00
2177	1.658908e+00
2178	1.655777e+00
2179	1.652775e+00
2180	1.649972e+00
2181	1.647359e+00
2182	1.644546e+00
2183	1.641828e+00
2184	1.639295e+00
2185	1.637063e+00
2186	1.634855e+00
2187	1.632734e+00
2188	1.630830e+00
2189	1.628875e+00
2190	1.626942e+00
2191	1.625200e+00
2192	1.623766e+00
2193	1.622401e+00
2194	1.621472e+00
2195	1.620756e+00
2196	1.620376e+00
2197	1.620122e+00
2198	1.620533e+00
2199	1.621241e+00
2200	1.622195e+00
2201	1.623742e+00
2202	1.625535e+00
2203	1.627891e+00
2204	1.630507e+00
2205	1.633223e+00
2206	1.635812e+00
2207	1.638635e+00
2208	1.641341e+00
2209	1.644085e+00
2210	1.646805e+00
2211	1.649256e+00
2212	1.651715e+00
2213	1.654258e+00
2214	1.657371e+00
2215	1.660659e+00
2216	1.663819e+00
2217	1.667055e+00
2218	1.670204e+00
2219	1.673232e+00
2220	1.675918e+00
2221	1.678485e+00
2222	1.681269e+00
2223	1.683895e+00
2224	1.685994e+00
2225	1.687895e+00
2226	1.689870e+00
2227	1.691770e+00
2228	1.693287e+00
2229	1.694593e+00
2230	1.695562e+00
2231	1.696701e+00
2232	1.698024e+00
2233	1.699152e+00
2234	1.699973e+00
2235	1.700766e+00
2236	1.701489e+00
2237	1.702496e+00
2238	1.703210e+00
2239	1.703866e+00
2240	1.704231e+00
2241	1.704240e+00
2242	1.704041e+00
2243	1.703520e+00
2244	1.702319e+00
2245	1.700798e+00
2246	1.698944e+00
2247	1.697096e+00
2248	1.695164e+00
2249	1.692902e+00
2250	1.690523e+00
2251	1.687939e+00
2252	1.685589e+00
2253	1.683071e+00
2254	1.680802e+00
2255	1.678638e+00
2256	1.676407e+00
2257	1.674060e+00
2258	1.671690e+00
2259	1.669060e+00
2260	1.666210e+00
2261	1.663198e+00
2262	1.660045e+00
2263	1.656658e+00
2264	1.653350e+00
2265	1.649892e+00
2266	1.646849e+00
2267	1.643969e+00
2268	1.641680e+00
2269	1.639633e+00
2270	1.637827e+00
2271	1.636279e+00
2272	1.635186e+00
2273	1.634518e+00
2274	1.634215e+00
2275	1.634045e+00
2276	1.634042e+00
2277	1.634483e+00
2278	1.635088e+00
2279	1.635781e+00
2280	1.636572e+00
2281	1.637599e+00
2282	1.638838e+00
2283	1.640192e+00
2284	1.641394e+00
2285	1.642391e+00
2286	1.643400e+00
2287	1.644500e+00
2288	1.645644e+00
2289	1.647104e+00
2290	1.648523e+00
2291	1.650103e+00
2292	1.651480e+00
2293	1.652985e+00
2294	1.654483e+00
2295	1.656048e+00
2296	1.657854e+00
2297	1.659720e+00
2298	1.661424e+00
2299	1.662971e+00
2300	1.664279e+00
2301	1.665416e+00
2302	1.666244e+00
2303	1.666978e+00
2304	1.667952e+00
2305	1.668562e+00
2306	1.669240e+00
2307	1.669676e+00
2308	1.669793e+00
2309	1.670007e+00
2310	1.670000e+00
2311	1.669806e+00
2312	1.669433e+00
2313	1.668755e+00
2314	1.668101e+00
2315	1.667116e+00
2316	1.666228e+00
2317	1.665181e+00
2318	1.663967e+00
2319	1.662372e+00
2320	1.660917e+00
2321	1.659385e+00
2322	1.658063e+00
2323	1.656880e+00
2324	1.655684e+00
2325	1.654555e+00
2326	1.653416e+00
2327	1.652573e+00
2328	1.651594e+00
2329	1.650718e+00
2330	1.649921e+00
2331	1.649311e+00
2332	1.648863e+00
2333	1.648250e+00
2334	1.647659e+00
2335	1.647108e+00
2336	1.646531e+00
2337	1.646227e+00
2338	1.645885e+00
2339	1.645461e+00
2340	1.644936e+00
2341	1.644231e+00
2342	1.643511e+00
2343	1.642944e+00
2344	1.643041e+00
2345	1.643295e+00
2346	1.643510e+00
2347	1.643944e+00
2348	1.644741e+00
2349	1.645991e+00
2350	1.647433e+00
2351	1.649277e+00
2352	1.651193e+00
2353	1.653238e+00
2354	1.655586e+00
2355	1.657982e+00
2356	1.660563e+00
2357	1.663368e+00
2358	1.666420e+00
2359	1.669435e+00
2360	1.672650e+00
2361	1.675833e+00
2362	1.679089e+00
2363	1.682178e+00
2364	1.684919e+00
2365	1.687730e+00
2366	1.690415e+00
2367	1.692716e+00
2368	1.694733e+00
2369	1.696626e+00
2370	1.698527e+00
2371	1.700002e+00
2372	1.701136e+00
2373	1.702024e+00
2374	1.702348e+00
2375	1.702680e+00
2376	1.702974e+00
2377	1.702801e+00
2378	1.702310e+00
2379	1.701856e+00
2380	1.701073e+00
2381	1.699925e+00
2382	1.698751e+00
2383	1.697441e+00
2384	1.696004e+00
2385	1.694370e+00
2386	1.692244e+00
2387	1.689900e+00
2388	1.687508e+00
2389	1.684577e+00
2390	1.681110e+00
2391	1.677635e+00
2392	1.674093e+00
2393	1.670842e+00
2394	1.667293e+00
2395	1.663557e+00
2396	1.660000e+00
2397	1.656766e+00
2398	1.653271e+00
2399	1.650076e+00
2400	1.647024e+00
2401	1.644234e+00
2402	1.641783e+00
2403	1.639636e+00
2404	1.637839e+00
2405	1.636160e+00
2406	1.634729e+00
2407	1.633173e+00
2408	1.632006e+00
2409	1.630846e+00
2410	1.630252e+00
2411	1.629750e+00
2412	1.629415e+00
2413	1.629112e+00
2414	1.628972e+00
2415	1.629280e+00
2416	1.629746e+00
2417	1.630302e+00
2418	1.630917e+00
2419	1.631782e+00
2420	1.632816e+00
2421	1.633941e+00
2422	1.635259e+00
2423	1.636593e+00
2424	1.638187e+00
2425	1.639829e+00
2426	1.640937e+00
2427	1.642361e+00
2428	1.643844e+00
2429	1.645180e+00
2430	1.646436e+00
2431	1.647792e+00
2432	1.649440e+00
2433	1.651478e+00
2434	1.653829e+00
2435	1.656226e+00
2436	1.658752e+00
2437	1.661055e+00
2438	1.663583e+00
2439	1.666060e+00
2440	1.668856e+00
2441	1.671084e+00
2442	1.673132e+00
2443	1.674919e+00
2444	1.676197e+00
2445	1.677257e+00
2446	1.678035e+00
2447	1.678653e+00
2448	1.679139e+00
2449	1.679280e+00
2450	1.679618e+00
2451	1.679918e+00
2452	1.680622e+00
2453	1.681287e+00
2454	1.681925e+00
2455	1.682672e+00
2456	1.683492e+00
2457	1.684420e+00
2458	1.685105e+00
2459	1.685289e+00
2460	1.685174e+00
2461	1.685061e+00
2462	1.684843e+00
2463	1.683932e+00
2464	1.682725e+00
2465	1.681151e+00
2466	1.679077e+00
2467	1.676615e+00
2468	1.673668e+00
2469	1.670474e+00
2470	1.667507e+00
2471	1.664472e+00
2472	1.661436e+00
2473	1.658402e+00
2474	1.655325e+00
2475	1.652324e+00
2476	1.649766e+00
2477	1.646988e+00
2478	1.644332e+00
2479	1.641799e+00
2480	1.639430e+00
2481	1.637242e+00
2482	1.635035e+00
2483	1.632847e+00
2484	1.630662e+00
2485	1.628316e+00
2486	1.626142e+00
2487	1.624168e+00
2488	1.622286e+00
2489	1.621089e+00
2490	1.620522e+00
2491	1.620319e+00
2492	1.620653e+00
2493	1.621278e+00
2494	1.622191e+00
2495	1.623311e+00
2496	1.624580e+00
2497	1.625999e+00
2498	1.627524e+00
2499	1.628829e+00
2500	1.630130e+00
2501	1.631753e+00
2502	1.633530e+00
2503	1.635394e+00
2504	1.637371e+00
2505	1.639887e+00
2506	1.642554e+00
2507	1.645259e+00
2508	1.648201e+00
2509	1.651368e+00
2510	1.654870e+00
2511	1.658625e+00
2512	1.662353e+00
2513	1.666159e+00
2514	1.670175e+00
2515	1.674117e+00
2516	1.677908e+00
2517	1.681412e+00
2518	1.684522e+00
2519	1.687351e+00
2520	1.689895e+00
2521	1.692150e+00
2522	1.693896e+00
2523	1.695440e+00
2524	1.696759e+00
2525	1.697702e+00
2526	1.698222e+00
2527	1.698403e+00
2528	1.698161e+00
2529	1.697380e+00
2530	1.696489e+00
2531	1.695437e+00
2532	1.694247e+00
2533	1.692444e+00
2534	1.690159e+00
2535	1.687406e+00
2536	1.684525e+00
2537	1.681314e+00
2538	1.677671e+00
2539	1.673872e+00
2540	1.669978e+00
2541	1.665788e+00
2542	1.661402e+00
2543	1.656821e+00
2544	1.652205e+00
2545	1.647764e+00
2546	1.643502e+00
2547	1.639037e+00
2548	1.634872e+00
2549	1.630939e+00
2550	1.627088e+00
2551	1.623520e+00
2552	1.620469e+00
2553	1.617469e+00
2554	1.614617e+00
2555	1.611764e+00
2556	1.609281e+00
2557	1.606818e+00
2558	1.604745e+00
2559	1.602620e+00
2560	1.600687e+00
2561	1.598909e+00
2562	1.597666e+00
2563	1.596588e+00
2564	1.596039e+00
2565	1.595815e+00
2566	1.596026e+00
2567	1.596784e+00
2568	1.598093e+00
2569	1.599730e+00
2570	1.601233e+00
2571	1.602842e+00
2572	1.604656e+00
2573	1.606452e+00
2574	1.608297e+00
2575	1.610347e+00
2576	1.612555e+00
2577	1.614666e+00
2578	1.617094e+00
2579	1.619607e+00
2580	1.622329e+00
2581	1.624859e+00
2582	1.627474e+00
2583	1.630217e+00
2584	1.633128e+00
2585	1.636061e+00
2586	1.639065e+00
2587	1.641936e+00
2588	1.644688e+00
2589	1.647330e+00
2590	1.649898e+00
2591	1.652286e+00
2592	1.654430e+00
2593	1.656391e+00
2594	1.658112e+00
2595	1.659415e+00
2596	1.660446e+00
2597	1.661681e+00
2598	1.662774e+00
2599	1.663961e+00
2600	1.664901e+00
2601	1.665635e+00
2602	1.666231e+00
2603	1.666566e+00
2604	1.666900e+00
2605	1.667006e+00
2606	1.667055e+00
2607	1.666717e+00
2608	1.666334e+00
2609	1.665770e+00
2610	1.665044e+00
2611	1.664296e+00
2612	1.663209e+00
2613	1.661946e+00
2614	1.660635e+00
2615	1.659225e+00
2616	1.657904e+00
2617	1.656726e+00
2618	1.655703e+00
2619	1.654561e+00
2620	1.653556e+00
2621	1.652451e+00
2622	1.651538e+00
2623	1.650730e+00
2624	1.649816e+00
2625	1.648830e+00
2626	1.648070e+00
2627	1.647403e+00
2628	1.646912e+00
2629	1.646220e+00
2630	1.645508e+00
2631	1.644783e+00
2632	1.644138e+00
2633	1.643570e+00
2634	1.643086e+00
2635	1.642910e+00
2636	1.642919e+00
2637	1.642842e+00
2638	1.642920e+00
2639	1.643238e+00
2640	1.643748e+00
2641	1.644367e+00
2642	1.645082e+00
2643	1.645901e+00
2644	1.646903e+00
2645	1.647818e+00
2646	1.648557e+00
2647	1.648774e+00
2648	1.648915e+00
2649	1.649359e+00
2650	1.649525e+00
2651	1.649724e+00
2652	1.649952e+00
2653	1.650312e+00
2654	1.650360e+00
2655	1.650459e+00
2656	1.650435e+00
2657	1.650597e+00
2658	1.650863e+00
2659	1.650932e+00
2660	1.650664e+00
2661	1.650239e+00
2662	1.649413e+00
2663	1.648506e+00
2664	1.647375e+00
2665	1.646157e+00
2666	1.644934e+00
2667	1.643327e+00
2668	1.641566e+00
2669	1.639597e+00
2670	1.637637e+00
2671	1.635559e+00
2672	1.633866e+00
2673	1.632094e+00
2674	1.630321e+00
2675	1.628755e+00
2676	1.627253e+00
2677	1.625805e+00
2678	1.624653e+00
2679	1.623862e+00
2680	1.623290e+00
2681	1.622821e+00
2682	1.622843e+00
2683	1.622352e+00
2684	1.622149e+00
2685	1.621911e+00
2686	1.621797e+00
2687	1.621785e+00
2688	1.621679e+00
2689	1.621777e+00
2690	1.621911e+00
2691	1.622160e+00
2692	1.622460e+00
2693	1.622973e+00
2694	1.623603e+00
2695	1.624343e+00
2696	1.624921e+00
2697	1.625775e+00
2698	1.626830e+00
2699	1.628078e+00
2700	1.629553e+00
2701	1.630734e+00
2702	1.631724e+00
2703	1.632725e+00
2704	1.634077e+00
2705	1.635642e+00
2706	1.637139e+00
2707	1.638667e+00
2708	1.640276e+00
2709	1.641692e+00
2710	1.643287e+00
2711	1.645090e+00
2712	1.646980e+00
2713	1.648569e+00
2714	1.650054e+00
2715	1.651204e+00
2716	1.652233e+00
2717	1.652980e+00
2718	1.653619e+00
2719	1.654282e+00
2720	1.654952e+00
2721	1.655842e+00
2722	1.656724e+00
2723	1.657548e+00
2724	1.658567e+00
2725	1.659608e+00
2726	1.660712e+00
2727	1.661652e+00
2728	1.662335e+00
2729	1.663024e+00
2730	1.663679e+00
2731	1.664256e+00
2732	1.664617e+00
2733	1.664877e+00
2734	1.665147e+00
2735	1.665342e+00
2736	1.665473e+00
2737	1.665392e+00
2738	1.665624e+00
2739	1.665704e+00
2740	1.665980e+00
2741	1.666485e+00
2742	1.667074e+00
2743	1.667684e+00
2744	1.668372e+00
2745	1.669091e+00
2746	1.669839e+00
2747	1.670471e+00
2748	1.671158e+00
2749	1.671744e+00
2750	1.672345e+00
2751	1.672756e+00
2752	1.673221e+00
2753	1.673673e+00
2754	1.674048e+00
2755	1.674459e+00
2756	1.674727e+00
2757	1.674762e+00
2758	1.674739e+00
2759	1.674821e+00
2760	1.674455e+00
2761	1.674360e+00
2762	1.674034e+00
2763	1.673793e+00
2764	1.673423e+00
2765	1.673074e+00
2766	1.672260e+00
2767	1.671067e+00
2768	1.670022e+00
2769	1.668889e+00
2770	1.667669e+00
2771	1.666555e+00
2772	1.665737e+00
2773	1.664920e+00
2774	1.664072e+00
2775	1.663123e+00
2776	1.662314e+00
2777	1.661520e+00
2778	1.660637e+00
2779	1.659638e+00
2780	1.658490e+00
2781	1.657325e+00
2782	1.656206e+00
2783	1.654850e+00
2784	1.653514e+00
2785	1.652056e+00
2786	1.650642e+00
2787	1.649269e+00
2788	1.648140e+00
2789	1.647256e+00
2790	1.646532e+00
2791	1.646085e+00
2792	1.645842e+00
2793	1.645640e+00
2794	1.645575e+00
2795	1.645684e+00
2796	1.645782e+00
2797	1.646077e+00
2798	1.646398e+00
2799	1.646599e+00
2800	1.646646e+00
2801	1.646863e+00
2802	1.647281e+00
2803	1.647713e+00
2804	1.648223e+00
2805	1.649090e+00
2806	1.650067e+00
2807	1.651102e+00
2808	1.652449e+00
2809	1.653979e+00
2810	1.655388e+00
2811	1.657109e+00
2812	1.658885e+00
2813	1.660835e+00
2814	1.662548e+00
2815	1.664286e+00
2816	1.665811e+00
2817	1.666740e+00
2818	1.667621e+00
2819	1.668464e+00
2820	1.669093e+00
2821	1.669549e+00
2822	1.670033e+00
2823	1.670636e+00
2824	1.671043e+00
2825	1.671339e+00
2826	1.671213e+00
2827	1.670983e+00
2828	1.670825e+00
2829	1.670226e+00
2830	1.669792e+00
2831	1.669538e+00
2832	1.669276e+00
2833	1.668915e+00
2834	1.668252e+00
2835	1.667283e+00
2836	1.666111e+00
2837	1.664806e+00
2838	1.663244e+00
2839	1.661414e+00
2840	1.659431e+00
2841	1.656991e+00
2842	1.654677e+00
2843	1.652528e+00
2844	1.650217e+00
2845	1.647863e+00
2846	1.645786e+00
2847	1.643680e+00
2848	1.641872e+00
2849	1.640396e+00
2850	1.639231e+00
2851	1.638206e+00
2852	1.637072e+00
2853	1.635926e+00
2854	1.634735e+00
2855	1.633401e+00
2856	1.631974e+00
2857	1.630949e+00
2858	1.630184e+00
2859	1.629720e+00
2860	1.629455e+00
2861	1.629679e+00
2862	1.630150e+00
2863	1.631134e+00
2864	1.632444e+00
2865	1.634115e+00
2866	1.636123e+00
2867	1.638515e+00
2868	1.640972e+00
2869	1.643421e+00
2870	1.645674e+00
2871	1.647900e+00
2872	1.650065e+00
2873	1.651720e+00
2874	1.653410e+00
2875	1.655153e+00
2876	1.656630e+00
2877	1.657932e+00
2878	1.659132e+00
2879	1.660229e+00
2880	1.661418e+00
2881	1.662630e+00
2882	1.663799e+00
2883	1.665145e+00
2884	1.666508e+00
2885	1.667647e+00
2886	1.668896e+00
2887	1.670028e+00
2888	1.670881e+00
2889	1.671404e+00
2890	1.672043e+00
2891	1.672964e+00
2892	1.674148e+00
2893	1.675257e+00
2894	1.676221e+00
2895	1.676909e+00
2896	1.677473e+00
2897	1.678226e+00
2898	1.678723e+00
2899	1.679428e+00
2900	1.680037e+00
2901	1.680351e+00
2902	1.680721e+00
2903	1.681021e+00
2904	1.681512e+00
2905	1.682127e+00
2906	1.682832e+00
2907	1.683836e+00
2908	1.684662e+00
2909	1.685532e+00
2910	1.686174e+00
2911	1.686778e+00
2912	1.687494e+00
2913	1.688184e+00
2914	1.688458e+00
2915	1.688320e+00
2916	1.687938e+00
2917	1.687174e+00
2918	1.686520e+00
2919	1.685362e+00
2920	1.683962e+00
2921	1.682205e+00
2922	1.680300e+00
2923	1.678488e+00
2924	1.676720e+00
2925	1.675019e+00
2926	1.673290e+00
2927	1.671425e+00
2928	1.669630e+00
2929	1.668020e+00
2930	1.666468e+00
2931	1.664945e+00
2932	1.663244e+00
2933	1.661532e+00
2934	1.659851e+00
2935	1.657922e+00
2936	1.655537e+00
2937	1.653226e+00
2938	1.650852e+00
2939	1.648449e+00
2940	1.646083e+00
2941	1.644093e+00
2942	1.642282e+00
2943	1.641048e+00
2944	1.639973e+00
2945	1.638826e+00
2946	1.637918e+00
2947	1.636999e+00
2948	1.635908e+00
2949	1.634746e+00
2950	1.633927e+00
2951	1.633586e+00
2952	1.633507e+00
2953	1.633328e+00
2954	1.633411e+00
2955	1.633796e+00
2956	1.634345e+00
2957	1.634940e+00
2958	1.635892e+00
2959	1.636679e+00
2960	1.637578e+00
2961	1.638256e+00
2962	1.638961e+00
2963	1.639796e+00
2964	1.640669e+00
2965	1.641641e+00
2966	1.642513e+00
2967	1.643296e+00
2968	1.644352e+00
2969	1.645789e+00
2970	1.647197e+00
2971	1.648708e+00
2972	1.650196e+00
2973	1.651923e+00
2974	1.653788e+00
2975	1.655420e+00
2976	1.657343e+00
2977	1.659367e+00
2978	1.661527e+00
2979	1.663781e+00
2980	1.666044e+00
2981	1.668088e+00
2982	1.669854e+00
2983	1.671555e+00
2984	1.673202e+00
2985	1.674726e+00
2986	1.675802e+00
2987	1.676806e+00
2988	1.677455e+00
2989	1.677912e+00
2990	1.678465e+00
2991	1.679061e+00
2992	1.679677e+00
2993	1.680257e+00
2994	1.680875e+00
2995	1.681463e+00
2996	1.682165e+00
2997	1.682920e+00
2998	1.683958e+00
2999	1.684792e+00
3000	1.685689e+00
3001	1.685939e+00
3002	1.685839e+00
3003	1.685313e+00
3004	1.684867e+00
3005	1.684266e+00
3006	1.683710e+00
3007	1.683025e+00
3008	1.682339e+00
3009	1.681600e+00
3010	1.680795e+00
3011	1.680007e+00
3012	1.679261e+00
3013	1.678607e+00
3014	1.677974e+00
3015	1.677552e+00
3016	1.677169e+00
3017	1.676824e+00
3018	1.676542e+00
3019	1.676228e+00
3020	1.675956e+00
3021	1.675715e+00
3022	1.675518e+00
3023	1.675321e+00
3024	1.674954e+00
3025	1.674621e+00
3026	1.674028e+00
3027	1.673500e+00
3028	1.673127e+00
3029	1.672671e+00
3030	1.671964e+00
3031	1.671049e+00
3032	1.670326e+00
3033	1.669569e+00
3034	1.668646e+00
3035	1.667652e+00
3036	1.666417e+00
3037	1.665172e+00
3038	1.663673e+00
3039	1.661970e+00
3040	1.660066e+00
3041	1.658458e+00
3042	1.656975e+00
3043	1.655514e+00
3044	1.654284e+00
3045	1.653008e+00
3046	1.651781e+00
3047	1.650681e+00
3048	1.649179e+00
3049	1.647660e+00
3050	1.646086e+00
3051	1.644360e+00
3052	1.642966e+00
3053	1.642169e+00
3054	1.641708e+00
3055	1.641121e+00
3056	1.640643e+00
3057	1.640715e+00
3058	1.640795e+00
3059	1.641275e+00
3060	1.641575e+00
3061	1.641716e+00
3062	1.641881e+00
3063	1.642095e+00
3064	1.642464e+00
3065	1.642836e+00
3066	1.643318e+00
3067	1.644259e+00
3068	1.645132e+00
3069	1.646094e+00
3070	1.646942e+00
3071	1.647875e+00
3072	1.648897e+00
3073	1.649866e+00
3074	1.650888e+00
3075	1.651907e+00
3076	1.653215e+00
3077	1.654337e+00
3078	1.655816e+00
3079	1.657620e+00
3080	1.659762e+00
3081	1.661925e+00
3082	1.663932e+00
3083	1.665679e+00
3084	1.667426e+00
3085	1.668851e+00
3086	1.670413e+00
3087	1.672148e+00
3088	1.673512e+00
3089	1.674720e+00
3090	1.675917e+00
3091	1.676851e+00
3092	1.677573e+00
3093	1.678005e+00
3094	1.678154e+00
3095	1.677596e+00
3096	1.676844e+00
3097	1.675993e+00
3098	1.675023e+00
3099	1.673861e+00
3100	1.672409e+00
3101	1.671153e+00
3102	1.670034e+00
3103	1.668675e+00
3104	1.667314e+00
3105	1.665738e+00
3106	1.663951e+00
3107	1.662149e+00
3108	1.660009e+00
3109	1.657670e+00
3110	1.655186e+00
3111	1.652661e+00
3112	1.649834e+00
3113	1.646660e+00
3114	1.643482e+00
3115	1.640280e+00
3116	1.637034e+00
3117	1.634014e+00
3118	1.630910e+00
3119	1.628123e+00
3120	1.625913e+00
3121	1.623854e+00
3122	1.622170e+00
3123	1.620903e+00
3124	1.619804e+00
3125	1.618912e+00
3126	1.618091e+00
3127	1.617441e+00
3128	1.617005e+00
3129	1.616597e+00
3130	1.616455e+00
3131	1.616677e+00
3132	1.617245e+00
3133	1.618074e+00
3134	1.618974e+00
3135	1.620181e+00
3136	1.621349e+00
3137	1.622825e+00
3138	1.624665e+00
3139	1.626931e+00
3140	1.629465e+00
3141	1.632312e+00
3142	1.635105e+00
3143	1.637928e+00
3144	1.640870e+00
3145	1.644011e+00
3146	1.647158e+00
3147	1.650053e+00
3148	1.653449e+00
3149	1.656830e+00
3150	1.660042e+00
3151	1.663164e+00
3152	1.666062e+00
3153	1.668880e+00
3154	1.671762e+00
3155	1.674555e+00
3156	1.677169e+00
3157	1.679888e+00
3158	1.682350e+00
3159	1.684755e+00
3160	1.687049e+00
3161	1.689270e+00
3162	1.691542e+00
3163	1.693259e+00
3164	1.695071e+00
3165	1.696614e+00
3166	1.697832e+00
3167	1.698737e+00
3168	1.699273e+00
3169	1.699406e+00
3170	1.699370e+00
3171	1.699081e+00
3172	1.698493e+00
3173	1.697596e+00
3174	1.696502e+00
3175	1.695373e+00
3176	1.693989e+00
3177	1.692517e+00
3178	1.690706e+00
3179	1.688580e+00
3180	1.686113e+00
3181	1.683400e+00
3182	1.680479e+00
3183	1.677539e+00
3184	1.674231e+00
3185	1.671065e+00
3186	1.667971e+00
3187	1.664843e+00
3188	1.661169e+00
3189	1.657442e+00
3190	1.653658e+00
3191	1.649960e+00
3192	1.645950e+00
3193	1.641969e+00
3194	1.637788e+00
3195	1.633915e+00
3196	1.630283e+00
3197	1.627006e+00
3198	1.623890e+00
3199	1.620700e+00
3200	1.617638e+00
3201	1.614227e+00
3202	1.611066e+00
3203	1.608352e+00
3204	1.605787e+00
3205	1.603723e+00
3206	1.602159e+00
3207	1.601110e+00
3208	1.600265e+00
3209	1.599922e+00
3210	1.599995e+00
3211	1.600343e+00
3212	1.601531e+00
3213	1.603234e+00
3214	1.605620e+00
3215	1.608358e+00
3216	1.611545e+00
3217	1.615115e+00
3218	1.618925e+00
3219	1.623172e+00
3220	1.627630e+00
3221	1.632279e+00
3222	1.636964e+00
3223	1.642236e+00
3224	1.647667e+00
3225	1.653258e+00
3226	1.658885e+00
3227	1.664524e+00
3228	1.670116e+00
3229	1.675678e+00
3230	1.681270e+00
3231	1.687353e+00
3232	1.693436e+00
3233	1.699578e+00
3234	1.705455e+00
3235	1.711071e+00
3236	1.716507e+00
3237	1.721523e+00
3238	1.726190e+00
3239	1.730355e+00
3240	1.733843e+00
3241	1.737019e+00
3242	1.740184e+00
3243	1.742889e+00
3244	1.745338e+00
3245	1.747260e+00
3246	1.748734e+00
3247	1.749894e+00
3248	1.750885e+00
3249	1.751451e+00
3250	1.751398e+00
3251	1.751052e+00
3252	1.750323e+00
3253	1.749064e+00
3254	1.747421e+00
3255	1.745523e+00
3256	1.743325e+00
3257	1.740681e+00
3258	1.737618e+00
3259	1.734225e+00
3260	1.730424e+00
3261	1.726232e+00
3262	1.721564e+00
3263	1.716686e+00
3264	1.711902e+00
3265	1.706983e+00
3266	1.701925e+00
3267	1.696862e+00
3268	1.691702e+00
3269	1.686482e+00
3270	1.681052e+00
3271	1.675805e+00
3272	1.670596e+00
3273	1.665579e+00
3274	1.660387e+00
3275	1.655479e+00
3276	1.650962e+00
3277	1.646789e+00
3278	1.642893e+00
3279	1.639023e+00
3280	1.635462e+00
3281	1.632050e+00
3282	1.629078e+00
3283	1.626132e+00
3284	1.623454e+00
3285	1.621033e+00
3286	1.619282e+00
3287	1.617952e+00
3288	1.617057e+00
3289	1.616273e+00
3290	1.615811e+00
3291	1.615455e+00
3292	1.615361e+00
3293	1.615703e+00
3294	1.616335e+00
3295	1.617137e+00
3296	1.618244e+00
3297	1.619160e+00
3298	1.619970e+00
3299	1.621253e+00
3300	1.622802e+00
3301	1.624601e+00
3302	1.626611e+00
3303	1.628927e+00
3304	1.631298e+00
3305	1.634116e+00
3306	1.637416e+00
3307	1.640808e+00
3308	1.643983e+00
3309	1.646939e+00
3310	1.649894e+00
3311	1.652723e+00
3312	1.655528e+00
3313	1.658226e+00
3314	1.660901e+00
3315	1.663438e+00
3316	1.665703e+00
3317	1.668087e+00
3318	1.670388e+00
3319	1.672345e+00
3320	1.674190e+00
3321	1.675815e+00
3322	1.677438e+00
3323	1.679232e+00
3324	1.680664e+00
3325	1.681951e+00
3326	1.683195e+00
3327	1.684509e+00
3328	1.685886e+00
3329	1.687191e+00
3330	1.688244e+00
3331	1.688930e+00
3332	1.689182e+00
3333	1.689047e+00
3334	1.688698e+00
3335	1.687956e+00
3336	1.686808e+00
3337	1.685351e+00
3338	1.683598e+00
3339	1.681817e+00
3340	1.680114e+00
3341	1.678217e+00
3342	1.676356e+00
3343	1.674629e+00
3344	1.673238e+00
3345	1.672382e+00
3346	1.671664e+00
3347	1.670601e+00
3348	1.669114e+00
3349	1.667637e+00
3350	1.666216e+00
3351	1.664698e+00
3352	1.663172e+00
3353	1.661383e+00
3354	1.659390e+00
3355	1.657656e+00
3356	1.656275e+00
3357	1.654824e+00
3358	1.653701e+00
3359	1.652617e+00
3360	1.651585e+00
3361	1.650547e+00
3362	1.649736e+00
3363	1.648837e+00
3364	1.648155e+00
3365	1.647814e+00
3366	1.647530e+00
3367	1.647419e+00
3368	1.647260e+00
3369	1.646932e+00
3370	1.646717e+00
3371	1.646501e+00
3372	1.646392e+00
3373	1.646695e+00
3374	1.647126e+00
3375	1.647808e+00
3376	1.648675e+00
3377	1.649549e+00
3378	1.650550e+00
3379	1.651693e+00
3380	1.653031e+00
3381	1.654367e+00
3382	1.655944e+00
3383	1.657762e+00
3384	1.659661e+00
3385	1.661804e+00
3386	1.663896e+00
3387	1.665647e+00
3388	1.667257e+00
3389	1.668875e+00
3390	1.670609e+00
3391	1.672097e+00
3392	1.673337e+00
3393	1.674520e+00
3394	1.675750e+00
3395	1.676859e+00
3396	1.678180e+00
3397	1.679478e+00
3398	1.680709e+00
3399	1.682021e+00
3400	1.682920e+00
3401	1.683780e+00
3402	1.684377e+00
3403	1.685220e+00
3404	1.686054e+00
3405	1.686144e+00
3406	1.685701e+00
3407	1.684907e+00
3408	1.683803e+00
3409	1.682561e+00
3410	1.681307e+00
3411	1.679843e+00
3412	1.677969e+00
3413	1.676157e+00
3414	1.674350e+00
3415	1.672733e+00
3416	1.671102e+00
3417	1.669240e+00
3418	1.667361e+00
3419	1.665383e+00
3420	1.663215e+00
3421	1.660997e+00
3422	1.658502e+00
3423	1.655576e+00
3424	1.652633e+00
3425	1.649670e+00
3426	1.646743e+00
3427	1.643585e+00
3428	1.640428e+00
3429	1.637530e+00
3430	1.634598e+00
3431	1.631676e+00
3432	1.629032e+00
3433	1.626186e+00
3434	1.623394e+00
3435	1.620856e+00
3436	1.618624e+00
3437	1.616397e+00
3438	1.614257e+00
3439	1.612380e+00
3440	1.610469e+00
3441	1.608645e+00
3442	1.606906e+00
3443	1.605334e+00
3444	1.604279e+00
3445	1.603411e+00
3446	1.602737e+00
3447	1.602065e+00
3448	1.601742e+00
3449	1.601212e+00
3450	1.600693e+00
3451	1.600536e+00
3452	1.600817e+00
3453	1.601942e+00
3454	1.603392e+00
3455	1.605346e+00
3456	1.607496e+00
3457	1.609608e+00
3458	1.611903e+00
3459	1.614283e+00
3460	1.616762e+00
3461	1.619274e+00
3462	1.621726e+00
3463	1.624038e+00
3464	1.626532e+00
3465	1.628866e+00
3466	1.631531e+00
3467	1.634459e+00
3468	1.637603e+00
3469	1.640623e+00
3470	1.643691e+00
3471	1.646876e+00
3472	1.649836e+00
3473	1.652854e+00
3474	1.656339e+00
3475	1.659562e+00
3476	1.662798e+00
3477	1.665782e+00
3478	1.668570e+00
3479	1.671192e+00
3480	1.673599e+00
3481	1.675612e+00
3482	1.677587e+00
3483	1.679616e+00
3484	1.681201e+00
3485	1.682623e+00
3486	1.683539e+00
3487	1.684362e+00
3488	1.685196e+00
3489	1.685677e+00
3490	1.685741e+00
3491	1.685380e+00
3492	1.684945e+00
3493	1.684075e+00
3494	1.683231e+00
3495	1.682023e+00
3496	1.680763e+00
3497	1.679442e+00
3498	1.677841e+00
3499	1.676124e+00
3500	1.674567e+00
3501	1.672652e+00
3502	1.670488e+00
3503	1.668170e+00
3504	1.665844e+00
3505	1.663265e+00
3506	1.660791e+00
3507	1.658338e+00
3508	1.656271e+00
3509	1.654139e+00
3510	1.651592e+00
3511	1.649381e+00
3512	1.647422e+00
3513	1.645461e+00
3514	1.643764e+00
3515	1.642372e+00
3516	1.641350e+00
3517	1.640443e+00
3518	1.639720e+00
3519	1.639190e+00
3520	1.638671e+00
3521	1.638335e+00
3522	1.638440e+00
3523	1.638773e+00
3524	1.639315e+00
3525	1.640124e+00
3526	1.640790e+00
3527	1.641587e+00
3528	1.642884e+00
3529	1.644530e+00
3530	1.646030e+00
3531	1.648086e+00
3532	1.649929e+00
3533	1.651956e+00
3534	1.654032e+00
3535	1.656357e+00
3536	1.658599e+00
3537	1.660408e+00
3538	1.661965e+00
3539	1.663598e+00
3540	1.665107e+00
3541	1.666520e+00
3542	1.667758e+00
3543	1.668730e+00
3544	1.669750e+00
3545	1.670685e+00
3546	1.671598e+00
3547	1.672160e+00
3548	1.672596e+00
3549	1.673082e+00
3550	1.673402e+00
3551	1.673617e+00
3552	1.674075e+00
3553	1.674684e+00
3554	1.675539e+00
3555	1.676232e+00
3556	1.676800e+00
3557	1.677075e+00
3558	1.677174e+00
3559	1.677419e+00
3560	1.677613e+00
3561	1.677654e+00
3562	1.677254e+00
3563	1.676677e+00
3564	1.676059e+00
3565	1.675100e+00
3566	1.673719e+00
3567	1.672001e+00
3568	1.670364e+00
3569	1.668653e+00
3570	1.666779e+00
3571	1.665092e+00
3572	1.663665e+00
3573	1.662180e+00
3574	1.660750e+00
3575	1.659472e+00
3576	1.658222e+00
3577	1.657063e+00
3578	1.655628e+00
3579	1.654183e+00
3580	1.652739e+00
3581	1.651566e+00
3582	1.650592e+00
3583	1.649459e+00
3584	1.648581e+00
3585	1.648142e+00
3586	1.647585e+00
3587	1.647129e+00
3588	1.647056e+00
3589	1.647134e+00
3590	1.647116e+00
3591	1.647530e+00
3592	1.647699e+00
3593	1.647703e+00
3594	1.647694e+00
3595	1.647680e+00
3596	1.647779e+00
3597	1.647679e+00
3598	1.647423e+00
3599	1.646620e+00
3600	1.645854e+00
3601	1.645040e+00
3602	1.644125e+00
3603	1.643478e+00
3604	1.643066e+00
3605	1.642629e+00
3606	1.642260e+00
3607	1.641847e+00
3608	1.641601e+00
3609	1.641429e+00
3610	1.641651e+00
3611	1.641772e+00
3612	1.641861e+00
3613	1.641746e+00
3614	1.641426e+00
3615	1.641119e+00
3616	1.640653e+00
3617	1.640427e+00
3618	1.639858e+00
3619	1.639109e+00
3620	1.638469e+00
3621	1.637931e+00
3622	1.637596e+00
3623	1.637344e+00
3624	1.637199e+00
3625	1.637186e+00
3626	1.637554e+00
3627	1.638364e+00
3628	1.639449e+00
3629	1.640889e+00
3630	1.642432e+00
3631	1.643981e+00
3632	1.645558e+00
3633	1.647215e+00
3634	1.648677e+00
3635	1.650121e+00
3636	1.651772e+00
3637	1.653548e+00
3638	1.655012e+00
3639	1.656296e+00
3640	1.657497e+00
3641	1.658595e+00
3642	1.660017e+00
3643	1.661170e+00
3644	1.662350e+00
3645	1.663593e+00
3646	1.664924e+00
3647	1.666277e+00
3648	1.667428e+00
3649	1.668697e+00
3650	1.669871e+00
3651	1.670790e+00
3652	1.671976e+00
3653	1.672807e+00
3654	1.673645e+00
3655	1.674023e+00
3656	1.674288e+00
3657	1.674226e+00
3658	1.674139e+00
3659	1.673785e+00
3660	1.673386e+00
3661	1.672752e+00
3662	1.671550e+00
3663	1.670523e+00
3664	1.669563e+00
3665	1.668802e+00
3666	1.668446e+00
3667	1.668317e+00
3668	1.667747e+00
3669	1.667463e+00
3670	1.666919e+00
3671	1.666291e+00
3672	1.665369e+00
3673	1.664153e+00
3674	1.662878e+00
3675	1.661116e+00
3676	1.659051e+00
3677	1.656990e+00
3678	1.655183e+00
3679	1.653501e+00
3680	1.652093e+00
3681	1.650911e+00
3682	1.650097e+00
3683	1.649819e+00
3684	1.649532e+00
3685	1.649390e+00
3686	1.649488e+00
3687	1.649393e+00
3688	1.649164e+00
3689	1.648722e+00
3690	1.648042e+00
3691	1.647512e+00
3692	1.646989e+00
3693	1.646308e+00
3694	1.645645e+00
3695	1.644925e+00
3696	1.643999e+00
3697	1.643391e+00
3698	1.643375e+00
3699	1.643612e+00
3700	1.644353e+00
3701	1.645202e+00
3702	1.646865e+00
3703	1.648749e+00
3704	1.650564e+00
3705	1.652771e+00
3706	1.655028e+00
3707	1.657138e+00
3708	1.658667e+00
3709	1.660098e+00
3710	1.661177e+00
3711	1.662341e+00
3712	1.663264e+00
3713	1.664449e+00
3714	1.665922e+00
3715	1.667870e+00
3716	1.670197e+00
3717	1.673117e+00
3718	1.675987e+00
3719	1.679267e+00
3720	1.682924e+00
3721	1.686827e+00
3722	1.690791e+00
3723	1.694630e+00
3724	1.698300e+00
3725	1.701547e+00
3726	1.704458e+00
3727	1.707267e+00
3728	1.710181e+00
3729	1.712922e+00
3730	1.715598e+00
3731	1.718161e+00
3732	1.720549e+00
3733	1.722478e+00
3734	1.724195e+00
3735	1.725807e+00
3736	1.727126e+00
3737	1.728207e+00
3738	1.729025e+00
3739	1.729736e+00
3740	1.730285e+00
3741	1.730737e+00
3742	1.731157e+00
3743	1.731155e+00
3744	1.730527e+00
3745	1.729715e+00
3746	1.728158e+00
3747	1.725806e+00
3748	1.723082e+00
3749	1.719726e+00
3750	1.715900e+00
3751	1.712111e+00
3752	1.708202e+00
3753	1.704147e+00
3754	1.700220e+00
3755	1.696322e+00
3756	1.692170e+00
3757	1.687692e+00
3758	1.682958e+00
3759	1.677987e+00
3760	1.673016e+00
3761	1.667921e+00
3762	1.662766e+00
3763	1.657760e+00
3764	1.652641e+00
3765	1.647495e+00
3766	1.642472e+00
3767	1.637310e+00
3768	1.632258e+00
3769	1.627539e+00
3770	1.623139e+00
3771	1.618848e+00
3772	1.614887e+00
3773	1.611360e+00
3774	1.608288e+00
3775	1.605862e+00
3776	1.603555e+00
3777	1.601732e+00
3778	1.600442e+00
3779	1.599673e+00
3780	1.599435e+00
3781	1.599823e+00
3782	1.600363e+00
3783	1.601073e+00
3784	1.601832e+00
3785	1.602707e+00
3786	1.603765e+00
3787	1.604967e+00
3788	1.606591e+00
3789	1.608842e+00
3790	1.611470e+00
3791	1.614911e+00
3792	1.618869e+00
3793	1.623207e+00
3794	1.628205e+00
3795	1.633308e+00
3796	1.638420e+00
3797	1.644023e+00
3798	1.649710e+00
3799	1.655001e+00
3800	1.660146e+00
3801	1.665187e+00
3802	1.670224e+00
3803	1.674620e+00
3804	1.678556e+00
3805	1.682620e+00
3806	1.686814e+00
3807	1.691109e+00
3808	1.695210e+00
3809	1.698819e+00
3810	1.702255e+00
3811	1.705660e+00
3812	1.708925e+00
3813	1.711774e+00
3814	1.714296e+00
3815	1.716278e+00
3816	1.717792e+00
3817	1.718653e+00
3818	1.719092e+00
3819	1.719403e+00
3820	1.719042e+00
3821	1.718198e+00
3822	1.717146e+00
3823	1.715622e+00
3824	1.713596e+00
3825	1.710827e+00
3826	1.707335e+00
3827	1.703585e+00
3828	1.699585e+00
3829	1.695127e+00
3830	1.691060e+00
3831	1.686825e+00
3832	1.682361e+00
3833	1.678015e+00
3834	1.673232e+00
3835	1.668647e+00
3836	1.664019e+00
3837	1.659170e+00
3838	1.654187e+00
3839	1.649221e+00
3840	1.644060e+00
3841	1.638537e+00
3842	1.633265e+00
3843	1.627847e+00
3844	1.622896e+00
3845	1.618006e+00
3846	1.613535e+00
3847	1.609670e+00
3848	1.606265e+00
3849	1.603044e+00
3850	1.600519e+00
3851	1.598956e+00
3852	1.598041e+00
3853	1.597461e+00
3854	1.597050e+00
3855	1.596878e+00
3856	1.597007e+00
3857	1.597397e+00
3858	1.597884e+00
3859	1.598794e+00
3860	1.599966e+00
3861	1.601685e+00
3862	1.603556e+00
3863	1.605956e+00
3864	1.608904e+00
3865	1.612414e+00
3866	1.616388e+00
3867	1.620771e+00
3868	1.625342e+00
3869	1.629984e+00
3870	1.634636e+00
3871	1.639412e+00
3872	1.644045e+00
3873	1.648275e+00
3874	1.652182e+00
3875	1.655877e+00
3876	1.659539e+00
3877	1.662804e+00
3878	1.666024e+00
3879	1.669642e+00
3880	1.672945e+00
3881	1.676331e+00
3882	1.679876e+00
3883	1.683256e+00
3884	1.686371e+00
3885	1.689235e+00
3886	1.691968e+00
3887	1.694622e+00
3888	1.696930e+00
3889	1.698767e+00
3890	1.700128e+00
3891	1.701295e+00
3892	1.702203e+00
3893	1.702442e+00
3894	1.702150e+00
3895	1.701391e+00
3896	1.700486e+00
3897	1.699345e+00
3898	1.697694e+00
3899	1.695773e+00
3900	1.693336e+00
3901	1.690759e+00
3902	1.688039e+00
3903	1.685450e+00
3904	1.682459e+00
3905	1.679512e+00
3906	1.676748e+00
3907	1.673809e+00
3908	1.671020e+00
3909	1.668162e+00
3910	1.664869e+00
3911	1.661361e+00
3912	1.657923e+00
3913	1.654135e+00
3914	1.650072e+00
3915	1.646471e+00
3916	1.643006e+00
3917	1.639525e+00
3918	1.635979e+00
3919	1.633022e+00
3920	1.630388e+00
3921	1.628038e+00
3922	1.626243e+00
3923	1.624662e+00
3924	1.623041e+00
3925	1.621823e+00
3926	1.620743e+00
3927	1.619862e+00
3928	1.619147e+00
3929	1.618506e+00
3930	1.618172e+00
3931	1.617926e+00
3932	1.617787e+00
3933	1.618103e+00
3934	1.618855e+00
3935	1.620016e+00
3936	1.621631e+00
3937	1.623767e+00
3938	1.625958e+00
3939	1.628477e+00
3940	1.631343e+00
3941	1.634739e+00
3942	1.638054e+00
3943	1.641649e+00
3944	1.645412e+00
3945	1.649259e+00
3946	1.652770e+00
3947	1.656182e+00
3948	1.659259e+00
3949	1.662129e+00
3950	1.664548e+00
3951	1.666450e+00
3952	1.668021e+00
3953	1.669438e+00
3954	1.670390e+00
3955	1.670979e+00
3956	1.671479e+00
3957	1.672020e+00
3958	1.672691e+00
3959	1.673394e+00
3960	1.674060e+00
3961	1.674676e+00
3962	1.675475e+00
3963	1.676024e+00
3964	1.676271e+00
3965	1.676208e+00
3966	1.675884e+00
3967	1.675050e+00
3968	1.673834e+00
3969	1.672250e+00
3970	1.670256e+00
3971	1.668009e+00
3972	1.665385e+00
3973	1.662709e+00
3974	1.660233e+00
3975	1.657708e+00
3976	1.655281e+00
3977	1.652657e+00
3978	1.649800e+00
3979	1.647125e+00
3980	1.644576e+00
3981	1.642305e+00
3982	1.639913e+00
3983	1.637894e+00
3984	1.635775e+00
3985	1.633741e+00
3986	1.631797e+00
3987	1.630062e+00
3988	1.628490e+00
3989	1.627264e+00
3990	1.626061e+00
3991	1.625116e+00
3992	1.624415e+00
3993	1.624054e+00
3994	1.623913e+00
3995	1.623967e+00
3996	1.624555e+00
3997	1.625834e+00
3998	1.627498e+00
3999	1.629624e+00
4000	1.632464e+00
4001	1.635363e+00
4002	1.638314e+00
4003	1.641362e+00
4004	1.644275e+00
4005	1.647066e+00
4006	1.649520e+00
4007	1.652115e+00
4008	1.654511e+00
4009	1.656964e+00
4010	1.659209e+00
4011	1.661473e+00
4012	1.664291e+00
4013	1.667056e+00
4014	1.670062e+00
4015	1.673146e+00
4016	1.676291e+00
4017	1.679706e+00
4018	1.683306e+00
4019	1.686979e+00
4020	1.690437e+00
4021	1.694003e+00
4022	1.697397e+00
4023	1.700459e+00
4024	1.702855e+00
4025	1.704858e+00
4026	1.706402e+00
4027	1.707307e+00
4028	1.707744e+00
4029	1.707928e+00
4030	1.707803e+00
4031	1.707625e+00
4032	1.707385e+00
4033	1.706992e+00
4034	1.706691e+00
4035	1.706223e+00
4036	1.705639e+00
4037	1.705044e+00
4038	1.704533e+00
4039	1.703588e+00
4040	1.702397e+00
4041	1.700820e+00
4042	1.698642e+00
4043	1.695645e+00
4044	1.692177e+00
4045	1.688147e+00
4046	1.684129e+00
4047	1.680117e+00
4048	1.676141e+00
4049	1.672362e+00
4050	1.668974e+00
4051	1.665473e+00
4052	1.662365e+00
4053	1.659545e+00
4054	1.657031e+00
4055	1.654661e+00
4056	1.652529e+00
4057	1.650237e+00
4058	1.647918e+00
4059	1.645307e+00
4060	1.642730e+00
4061	1.639933e+00
4062	1.636871e+00
4063	1.634070e+00
4064	1.631443e+00
4065	1.629053e+00
4066	1.627202e+00
4067	1.625788e+00
4068	1.624946e+00
4069	1.624415e+00
4070	1.624459e+00
4071	1.624707e+00
4072	1.625227e+00
4073	1.625747e+00
4074	1.626476e+00
4075	1.627471e+00
4076	1.628355e+00
4077	1.629394e+00
4078	1.630457e+00
4079	1.631571e+00
4080	1.632611e+00
4081	1.633730e+00
4082	1.634969e+00
4083	1.636836e+00
4084	1.639206e+00
4085	1.641838e+00
4086	1.644506e+00
4087	1.647427e+00
4088	1.650546e+00
4089	1.653806e+00
4090	1.656767e+00
4091	1.659624e+00
4092	1.662501e+00
4093	1.664896e+00
4094	1.667296e+00
4095	1.669590e+00
4096	1.672001e+00
4097	1.674272e+00
4098	1.676486e+00
4099	1.678388e+00
4100	1.680607e+00
4101	1.682607e+00
4102	1.684830e+00
4103	1.687055e+00
4104	1.689190e+00
4105	1.691427e+00
4106	1.693826e+00
4107	1.696322e+00
4108	1.698559e+00
4109	1.700359e+00
4110	1.701580e+00
4111	1.702150e+00
4112	1.702377e+00
4113	1.702484e+00
4114	1.702367e+00
4115	1.702057e+00
4116	1.701479e+00
4117	1.700585e+00
4118	1.699828e+00
4119	1.699182e+00
4120	1.698489e+00
4121	1.697585e+00
4122	1.696616e+00
4123	1.695711e+00
4124	1.694702e+00
4125	1.693549e+00
4126	1.692259e+00
4127	1.691087e+00
4128	1.689720e+00
4129	1.688021e+00
4130	1.685812e+00
4131	1.683263e+00
4132	1.680507e+00
4133	1.677629e+00
4134	1.674617e+00
4135	1.671443e+00
4136	1.668205e+00
4137	1.664935e+00
4138	1.661995e+00
4139	1.659078e+00
4140	1.656444e+00
4141	1.654398e+00
4142	1.653004e+00
4143	1.651876e+00
4144	1.650840e+00
4145	1.649730e+00
4146	1.648997e+00
4147	1.648286e+00
4148	1.647370e+00
4149	1.646350e+00
4150	1.645248e+00
4151	1.644003e+00
4152	1.642784e+00
4153	1.641544e+00
4154	1.640896e+00
4155	1.640448e+00
4156	1.640371e+00
4157	1.640903e+00
4158	1.642068e+00
4159	1.644042e+00
4160	1.646496e+00
4161	1.649084e+00
4162	1.651769e+00
4163	1.654287e+00
4164	1.656575e+00
4165	1.658624e+00
4166	1.660194e+00
4167	1.661606e+00
4168	1.662631e+00
4169	1.663630e+00
4170	1.664554e+00
4171	1.665586e+00
4172	1.666704e+00
4173	1.667802e+00
4174	1.669306e+00
4175	1.671236e+00
4176	1.673199e+00
4177	1.675034e+00
4178	1.676942e+00
4179	1.678642e+00
4180	1.680093e+00
4181	1.681121e+00
4182	1.681901e+00
4183	1.682068e+00
4184	1.681941e+00
4185	1.681831e+00
4186	1.681315e+00
4187	1.680413e+00
4188	1.679138e+00
4189	1.677641e+00
4190	1.676257e+00
4191	1.674864e+00
4192	1.673338e+00
4193	1.671866e+00
4194	1.670506e+00
4195	1.669458e+00
4196	1.668243e+00
4197	1.667151e+00
4198	1.665825e+00
4199	1.664257e+00
4200	1.662673e+00
4201	1.660858e+00
4202	1.658773e+00
4203	1.656380e+00
4204	1.653325e+00
4205	1.650319e+00
4206	1.647464e+00
4207	1.644728e+00
4208	1.642181e+00
4209	1.640113e+00
4210	1.638360e+00
4211	1.637065e+00
4212	1.635987e+00
4213	1.635583e+00
4214	1.635274e+00
4215	1.635625e+00
4216	1.636085e+00
4217	1.636614e+00
4218	1.636634e+00
4219	1.636858e+00
4220	1.637200e+00
4221	1.637625e+00
4222	1.637958e+00
4223	1.638429e+00
4224	1.639091e+00
4225	1.640129e+00
4226	1.641212e+00
4227	1.642595e+00
4228	1.644256e+00
4229	1.646200e+00
4230	1.648451e+00
4231	1.651195e+00
4232	1.654353e+00
4233	1.657597e+00
4234	1.661003e+00
4235	1.664340e+00
4236	1.667466e+00
4237	1.670473e+00
4238	1.673627e+00
4239	1.676249e+00
4240	1.678337e+00
4241	1.680002e+00
4242	1.681559e+00
4243	1.683354e+00
4244	1.684883e+00
4245	1.686340e+00
4246	1.687937e+00
4247	1.689334e+00
4248	1.690679e+00
4249	1.691960e+00
4250	1.693196e+00
4251	1.694341e+00
4252	1.695019e+00
4253	1.695102e+00
4254	1.694662e+00
4255	1.693814e+00
4256	1.692523e+00
4257	1.691027e+00
4258	1.689109e+00
4259	1.686780e+00
4260	1.684160e+00
4261	1.681298e+00
4262	1.678331e+00
4263	1.675521e+00
4264	1.672678e+00
4265	1.669735e+00
4266	1.666969e+00
4267	1.664529e+00
4268	1.662261e+00
4269	1.659991e+00
4270	1.658129e+00
4271	1.655885e+00
4272	1.653435e+00
4273	1.650708e+00
4274	1.647947e+00
4275	1.645156e+00
4276	1.642245e+00
4277	1.639509e+00
4278	1.636856e+00
4279	1.634300e+00
4280	1.632110e+00
4281	1.630309e+00
4282	1.628502e+00
4283	1.627139e+00
4284	1.626187e+00
4285	1.625640e+00
4286	1.625483e+00
4287	1.625683e+00
4288	1.626088e+00
4289	1.626590e+00
4290	1.627097e+00
4291	1.627126e+00
4292	1.626852e+00
4293	1.626451e+00
4294	1.626130e+00
4295	1.625839e+00
4296	1.625443e+00
4297	1.625282e+00
4298	1.625288e+00
4299	1.625419e+00
4300	1.625895e+00
4301	1.626428e+00
4302	1.627425e+00
4303	1.628681e+00
4304	1.630224e+00
4305	1.631596e+00
4306	1.633209e+00
4307	1.635220e+00
4308	1.637427e+00
4309	1.639381e+00
4310	1.641143e+00
4311	1.642677e+00
4312	1.644186e+00
4313	1.645663e+00
4314	1.647108e+00
4315	1.648462e+00
4316	1.649824e+00
4317	1.651129e+00
4318	1.652797e+00
4319	1.655024e+00
4320	1.657434e+00
4321	1.659920e+00
4322	1.662560e+00
4323	1.665250e+00
4324	1.668126e+00
4325	1.671096e+00
4326	1.673908e+00
4327	1.676568e+00
4328	1.678936e+00
4329	1.680798e+00
4330	1.681930e+00
4331	1.682718e+00
4332	1.683574e+00
4333	1.684322e+00
4334	1.685026e+00
4335	1.685674e+00
4336	1.686201e+00
4337	1.687235e+00
4338	1.688638e+00
4339	1.690239e+00
4340	1.692147e+00
4341	1.694336e+00
4342	1.696337e+00
4343	1.698248e+00
4344	1.699855e+00
4345	1.701364e+00
4346	1.702310e+00
4347	1.703252e+00
4348	1.703512e+00
4349	1.703589e+00
4350	1.703087e+00
4351	1.702374e+00
4352	1.701419e+00
4353	1.700065e+00
4354	1.698313e+00
4355	1.696678e+00
4356	1.695293e+00
4357	1.693869e+00
4358	1.692496e+00
4359	1.691124e+00
4360	1.689591e+00
4361	1.687854e+00
4362	1.685953e+00
4363	1.683820e+00
4364	1.681357e+00
4365	1.678620e+00
4366	1.675591e+00
4367	1.672482e+00
4368	1.669399e+00
4369	1.665971e+00
4370	1.662646e+00
4371	1.659384e+00
4372	1.656298e+00
4373	1.653435e+00
4374	1.650652e+00
4375	1.648172e+00
4376	1.645767e+00
4377	1.643546e+00
4378	1.641277e+00
4379	1.638897e+00
4380	1.636555e+00
4381	1.634171e+00
4382	1.631755e+00
4383	1.629259e+00
4384	1.626850e+00
4385	1.624440e+00
4386	1.621928e+00
4387	1.619386e+00
4388	1.617041e+00
4389	1.614627e+00
4390	1.612471e+00
4391	1.610687e+00
4392	1.609455e+00
4393	1.608696e+00
4394	1.608282e+00
4395	1.608179e+00
4396	1.608701e+00
4397	1.609594e+00
4398	1.611043e+00
4399	1.612618e+00
4400	1.614343e+00
4401	1.616476e+00
4402	1.618983e+00
4403	1.621779e+00
4404	1.625279e+00
4405	1.628805e+00
4406	1.632327e+00
4407	1.635529e+00
4408	1.638451e+00
4409	1.641464e+00
4410	1.644451e+00
4411	1.647564e+00
4412	1.650617e+00
4413	1.653791e+00
4414	1.656998e+00
4415	1.660152e+00
4416	1.663588e+00
4417	1.666895e+00
4418	1.670065e+00
4419	1.673040e+00
4420	1.675677e+00
4421	1.677783e+00
4422	1.679767e+00
4423	1.681613e+00
4424	1.682977e+00
4425	1.683961e+00
4426	1.684952e+00
4427	1.686032e+00
4428	1.686996e+00
4429	1.687605e+00
4430	1.687905e+00
4431	1.687840e+00
4432	1.687571e+00
4433	1.687109e+00
4434	1.686587e+00
4435	1.685905e+00
4436	1.684874e+00
4437	1.683718e+00
4438	1.682576e+00
4439	1.681240e+00
4440	1.679898e+00
4441	1.678408e+00
4442	1.676370e+00
4443	1.673742e+00
4444	1.671046e+00
4445	1.668396e+00
4446	1.665740e+00
4447	1.663047e+00
4448	1.660588e+00
4449	1.658243e+00
4450	1.656266e+00
4451	1.654441e+00
4452	1.652990e+00
4453	1.651919e+00
4454	1.650826e+00
4455	1.650092e+00
4456	1.649582e+00
4457	1.649356e+00
4458	1.649276e+00
4459	1.649149e+00
4460	1.648855e+00
4461	1.648660e+00
4462	1.648625e+00
4463	1.648725e+00
4464	1.648944e+00
4465	1.649483e+00
4466	1.650320e+00
4467	1.651409e+00
4468	1.652957e+00
4469	1.654841e+00
4470	1.656528e+00
4471	1.658517e+00
4472	1.660639e+00
4473	1.663087e+00
4474	1.665317e+00
4475	1.667492e+00
4476	1.669764e+00
4477	1.671855e+00
4478	1.673600e+00
4479	1.675426e+00
4480	1.677297e+00
4481	1.678948e+00
4482	1.680459e+00
4483	1.681803e+00
4484	1.683274e+00
4485	1.684680e+00
4486	1.686188e+00
4487	1.687703e+00
4488	1.689017e+00
4489	1.690056e+00
4490	1.690774e+00
4491	1.691322e+00
4492	1.691521e+00
4493	1.691410e+00
4494	1.691065e+00
4495	1.690197e+00
4496	1.689030e+00
4497	1.687614e+00
4498	1.686138e+00
4499	1.684515e+00
4500	1.682484e+00
4501	1.680539e+00
4502	1.678596e+00
4503	1.676691e+00
4504	1.674646e+00
4505	1.672808e+00
4506	1.671203e+00
4507	1.669449e+00
4508	1.667451e+00
4509	1.665037e+00
4510	1.662567e+00
4511	1.659990e+00
4512	1.657432e+00
4513	1.654900e+00
4514	1.652503e+00
4515	1.650198e+00
4516	1.647888e+00
4517	1.645451e+00
4518	1.642949e+00
4519	1.640360e+00
4520	1.637779e+00
4521	1.635330e+00
4522	1.632856e+00
4523	1.630574e+00
4524	1.628587e+00
4525	1.626943e+00
4526	1.625840e+00
4527	1.625006e+00
4528	1.624717e+00
4529	1.624788e+00
4530	1.624776e+00
4531	1.625028e+00
4532	1.625330e+00
4533	1.625690e+00
4534	1.626006e+00
4535	1.626216e+00
4536	1.626441e+00
4537	1.626759e+00
4538	1.627283e+00
4539	1.627880e+00
4540	1.628674e+00
4541	1.629734e+00
4542	1.630792e+00
4543	1.631913e+00
4544	1.633381e+00
4545	1.635096e+00
4546	1.636769e+00
4547	1.638951e+00
4548	1.641107e+00
4549	1.643032e+00
4550	1.644423e+00
4551	1.645929e+00
4552	1.647671e+00
4553	1.649514e+00
4554	1.651248e+00
4555	1.652822e+00
4556	1.654518e+00
4557	1.656509e+00
4558	1.658416e+00
4559	1.660385e+00
4560	1.662264e+00
4561	1.664252e+00
4562	1.666440e+00
4563	1.668834e+00
4564	1.671208e+00
4565	1.673688e+00
4566	1.676330e+00
4567	1.679013e+00
4568	1.681217e+00
4569	1.683229e+00
4570	1.685115e+00
4571	1.686831e+00
4572	1.688383e+00
4573	1.689497e+00
4574	1.690619e+00
4575	1.691579e+00
4576	1.692520e+00
4577	1.692996e+00
4578	1.693399e+00
4579	1.693790e+00
4580	1.694485e+00
4581	1.695006e+00
4582	1.695239e+00
4583	1.695355e+00
4584	1.695514e+00
4585	1.695614e+00
4586	1.695647e+00
4587	1.695157e+00
4588	1.694433e+00
4589	1.693167e+00
4590	1.691828e+00
4591	1.690011e+00
4592	1.688227e+00
4593	1.686016e+00
4594	1.683507e+00
4595	1.681056e+00
4596	1.678361e+00
4597	1.675730e+00
4598	1.673335e+00
4599	1.670776e+00
4600	1.668058e+00
4601	1.665507e+00
4602	1.663102e+00
4603	1.661033e+00
4604	1.659039e+00
4605	1.657187e+00
4606	1.655123e+00
4607	1.653080e+00
4608	1.650957e+00
4609	1.648977e+00
4610	1.646865e+00
4611	1.644604e+00
4612	1.642194e+00
4613	1.639919e+00
4614	1.637851e+00
4615	1.635822e+00
4616	1.633804e+00
4617	1.631933e+00
4618	1.630170e+00
4619	1.628816e+00
4620	1.627763e+00
4621	1.627266e+00
4622	1.627180e+00
4623	1.627157e+00
4624	1.627473e+00
4625	1.627908e+00
4626	1.628649e+00
4627	1.629422e+00
4628	1.630418e+00
4629	1.631238e+00
4630	1.632228e+00
4631	1.633289e+00
4632	1.634204e+00
4633	1.635194e+00
4634	1.636152e+00
4635	1.637158e+00
4636	1.638051e+00
4637	1.638837e+00
4638	1.639754e+00
4639	1.640857e+00
4640	1.642005e+00
4641	1.643242e+00
4642	1.644556e+00
4643	1.645882e+00
4644	1.647230e+00
4645	1.648570e+00
4646	1.649870e+00
4647	1.650933e+00
4648	1.651843e+00
4649	1.652819e+00
4650	1.653664e+00
4651	1.654118e+00
4652	1.654687e+00
4653	1.654915e+00
4654	1.655116e+00
4655	1.655471e+00
4656	1.655801e+00
4657	1.656269e+00
4658	1.657218e+00
4659	1.658161e+00
4660	1.659353e+00
4661	1.660539e+00
4662	1.661800e+00
4663	1.662856e+00
4664	1.663795e+00
4665	1.664599e+00
4666	1.665039e+00
4667	1.665270e+00
4668	1.665563e+00
4669	1.665473e+00
4670	1.665085e+00
4671	1.664502e+00
4672	1.663640e+00
4673	1.662899e+00
4674	1.661949e+00
4675	1.661107e+00
4676	1.660122e+00
4677	1.659274e+00
4678	1.658081e+00
4679	1.656803e+00
4680	1.655694e+00
4681	1.655086e+00
4682	1.654327e+00
4683	1.653656e+00
4684	1.653276e+00
4685	1.652831e+00
4686	1.652190e+00
4687	1.651677e+00
4688	1.651266e+00
4689	1.651321e+00
4690	1.651326e+00
4691	1.651437e+00
4692	1.651272e+00
4693	1.651269e+00
4694	1.651113e+00
4695	1.650494e+00
4696	1.649993e+00
4697	1.649313e+00
4698	1.648831e+00
4699	1.648390e+00
4700	1.648149e+00
4701	1.647993e+00
4702	1.647873e+00
4703	1.648039e+00
4704	1.648275e+00
4705	1.648738e+00
4706	1.649208e+00
4707	1.649880e+00
4708	1.650382e+00
4709	1.650891e+00
4710	1.651218e+00
4711	1.651657e+00
4712	1.651843e+00
4713	1.651748e+00
4714	1.651535e+00
4715	1.651447e+00
4716	1.651479e+00
4717	1.651519e+00
4718	1.651206e+00
4719	1.650747e+00
4720	1.650180e+00
4721	1.649707e+00
4722	1.649408e+00
4723	1.649029e+00
4724	1.648553e+00
4725	1.647788e+00
4726	1.647262e+00
4727	1.646362e+00
4728	1.645570e+00
4729	1.644497e+00
4730	1.643306e+00
4731	1.642045e+00
4732	1.640846e+00
4733	1.639700e+00
4734	1.638427e+00
4735	1.637595e+00
4736	1.636936e+00
4737	1.636521e+00
4738	1.636406e+00
4739	1.637086e+00
4740	1.638289e+00
4741	1.639602e+00
4742	1.641498e+00
4743	1.643260e+00
4744	1.645102e+00
4745	1.646792e+00
4746	1.648410e+00
4747	1.650286e+00
4748	1.652542e+00
4749	1.654696e+00
4750	1.657102e+00
4751	1.659533e+00
4752	1.662146e+00
4753	1.664925e+00
4754	1.667760e+00
4755	1.670788e+00
4756	1.673931e+00
4757	1.677105e+00
4758	1.680430e+00
4759	1.683447e+00
4760	1.686740e+00
4761	1.690128e+00
4762	1.693194e+00
4763	1.696025e+00
4764	1.698443e+00
4765	1.700555e+00
4766	1.702131e+00
4767	1.703311e+00
4768	1.703984e+00
4769	1.704301e+00
4770	1.704476e+00
4771	1.704308e+00
4772	1.704137e+00
4773	1.703935e+00
4774	1.703498e+00
4775	1.703055e+00
4776	1.702123e+00
4777	1.701151e+00
4778	1.699897e+00
4779	1.698222e+00
4780	1.696303e+00
4781	1.694126e+00
4782	1.691778e+00
4783	1.688928e+00
4784	1.685671e+00
4785	1.682156e+00
4786	1.678396e+00
4787	1.674360e+00
4788	1.670371e+00
4789	1.666348e+00
4790	1.662275e+00
4791	1.658325e+00
4792	1.654884e+00
4793	1.651657e+00
4794	1.648497e+00
4795	1.645488e+00
4796	1.642424e+00
4797	1.639627e+00
4798	1.637391e+00
4799	1.635115e+00
4800	1.633198e+00
4801	1.631186e+00
4802	1.629347e+00
4803	1.627501e+00
4804	1.625742e+00
4805	1.624274e+00
4806	1.622893e+00
4807	1.621613e+00
4808	1.620765e+00
4809	1.619926e+00
4810	1.619493e+00
4811	1.619384e+00
4812	1.619794e+00
4813	1.620433e+00
4814	1.621472e+00
4815	1.622783e+00
4816	1.624331e+00
4817	1.626172e+00
4818	1.628285e+00
4819	1.630748e+00
4820	1.633236e+00
4821	1.635700e+00
4822	1.638590e+00
4823	1.641369e+00
4824	1.644279e+00
4825	1.647438e+00
4826	1.650965e+00
4827	1.654495e+00
4828	1.657955e+00
4829	1.661403e+00
4830	1.664719e+00
4831	1.667824e+00
4832	1.670589e+00
4833	1.673403e+00
4834	1.676479e+00
4835	1.679081e+00
4836	1.681741e+00
4837	1.684241e+00
4838	1.686561e+00
4839	1.688899e+00
4840	1.691018e+00
4841	1.693015e+00
4842	1.694987e+00
4843	1.696657e+00
4844	1.697949e+00
4845	1.699064e+00
4846	1.699552e+00
4847	1.699886e+00
4848	1.700199e+00
4849	1.700338e+00
4850	1.700284e+00
4851	1.700187e+00
4852	1.700118e+00
4853	1.700156e+00
4854	1.700127e+00
4855	1.699975e+00
4856	1.699768e+00
4857	1.699588e+00
4858	1.699233e+00
4859	1.698634e+00
4860	1.697765e+00
4861	1.697003e+00
4862	1.696092e+00
4863	1.695090e+00
4864	1.694049e+00
4865	1.692858e+00
4866	1.691431e+00
4867	1.690062e+00
4868	1.688906e+00
4869	1.687769e+00
4870	1.686380e+00
4871	1.684511e+00
4872	1.682820e+00
4873	1.681073e+00
4874	1.679453e+00
4875	1.677784e+00
4876	1.675928e+00
4877	1.673712e+00
4878	1.671333e+00
4879	1.668983e+00
4880	1.666624e+00
4881	1.664401e+00
4882	1.662325e+00
4883	1.660494e+00
4884	1.658435e+00
4885	1.655793e+00
4886	1.653437e+00
4887	1.651039e+00
4888	1.648734e+00
4889	1.646713e+00
4890	1.644603e+00
4891	1.642517e+00
4892	1.640733e+00
4893	1.638828e+00
4894	1.637401e+00
4895	1.636045e+00
4896	1.634772e+00
4897	1.633444e+00
4898	1.632190e+00
4899	1.631570e+00
4900	1.631299e+00
4901	1.631305e+00
4902	1.631226e+00
4903	1.631069e+00
4904	1.631059e+00
4905	1.631035e+00
4906	1.631321e+00
4907	1.631369e+00
4908	1.631712e+00
4909	1.632111e+00
4910	1.632754e+00
4911	1.633785e+00
4912	1.635244e+00
4913	1.637199e+00
4914	1.639586e+00
4915	1.642113e+00
4916	1.644894e+00
4917	1.648030e+00
4918	1.651143e+00
4919	1.654295e+00
4920	1.657733e+00
4921	1.660780e+00
4922	1.663802e+00
4923	1.666516e+00
4924	1.668588e+00
4925	1.670549e+00
4926	1.672438e+00
4927	1.674126e+00
4928	1.675883e+00
4929	1.677520e+00
4930	1.679136e+00
4931	1.680856e+00
4932	1.682608e+00
4933	1.684304e+00
4934	1.685841e+00
4935	1.687403e+00
4936	1.689185e+00
4937	1.690692e+00
4938	1.691938e+00
4939	1.692574e+00
4940	1.692815e+00
4941	1.692770e+00
4942	1.692375e+00
4943	1.691747e+00
4944	1.691119e+00
4945	1.690349e+00
4946	1.689501e+00
4947	1.688062e+00
4948	1.686320e+00
4949	1.684315e+00
4950	1.681985e+00
4951	1.679757e+00
4952	1.677175e+00
4953	1.674539e+00
4954	1.671988e+00
4955	1.668982e+00
4956	1.665630e+00
4957	1.662211e+00
4958	1.658733e+00
4959	1.655394e+00
4960	1.651921e+00
4961	1.648252e+00
4962	1.644867e+00
4963	1.641803e+00
4964	1.638887e+00
4965	1.636062e+00
4966	1.633257e+00
4967	1.630575e+00
4968	1.627965e+00
4969	1.625861e+00
4970	1.623876e+00
4971	1.621927e+00
4972	1.620166e+00
4973	1.618552e+00
4974	1.617183e+00
4975	1.616321e+00
4976	1.615593e+00
4977	1.614681e+00
4978	1.613702e+00
4979	1.613022e+00
4980	1.612367e+00
4981	1.611939e+00
4982	1.611801e+00
4983	1.611650e+00
4984	1.611531e+00
4985	1.611644e+00
4986	1.612088e+00
4987	1.612796e+00
4988	1.613867e+00
4989	1.615559e+00
4990	1.617465e+00
4991	1.619862e+00
4992	1.622503e+00
4993	1.625520e+00
4994	1.629125e+00
4995	1.632853e+00
4996	1.636824e+00
4997	1.640812e+00
4998	1.644773e+00
4999	1.649012e+00
