# Step	Measurement
1	1.081371e+02
2	1.075343e+02
3	1.069052e+02
4	1.062844e+02
5	1.056686e+02
6	1.050408e+02
7	1.044949e+02
8	1.040706e+02
9	1.037090e+02
10	1.033714e+02
11	1.032375e+02
12	1.032425e+02
13	1.032838e+02
14	1.034766e+02
15	1.036850e+02
16	1.039934e+02
17	1.044526e+02
18	1.048187e+02
19	1.052268e+02
20	1.057069e+02
21	1.062469e+02
22	1.067981e+02
23	1.073468e+02
24	1.078666e+02
25	1.083664e+02
26	1.088455e+02
27	1.092753e+02
28	1.095479e+02
29	1.097359e+02
30	1.099549e+02
31	1.102049e+02
32	1.104350e+02
33	1.106792e+02
34	1.109053e+02
35	1.110348e+02
36	1.111723e+02
37	1.112240e+02
38	1.111987e+02
39	1.110912e+02
40	1.109063e+02
41	1.105955e+02
42	1.102422e+02
43	1.098782e+02
44	1.096570e+02
45	1.094554e+02
46	1.093265e+02
47	1.092264e+02
48	1.090382e+02
49	1.088991e+02
50	1.087240e+02
51	1.084442e+02
52	1.081673e+02
53	1.078813e+02
54	1.076200e+02
55	1.073695e+02
56	1.071452e+02
57	1.069348e+02
58	1.067602e+02
59	1.066392e+02
60	1.066155e+02
61	1.067296e+02
62	1.069106e+02
63	1.070011e+02
64	1.070403e+02
65	1.070747e+02
66	1.071907e+02
67	1.073344e+02
68	1.074085e+02
69	1.074539e+02
70	1.074009e+02
71	1.074367e+02
72	1.076466e+02
73	1.078980e+02
74	1.080466e+02
75	1.080602e+02
76	1.080792e+02
77	1.081015e+02
78	1.080856e+02
79	1.080761e+02
80	1.080353e+02
81	1.080184e+02
82	1.079852e+02
83	1.079645e+02
84	1.078658e+02
85	1.078641e+02
86	1.079555e+02
87	1.080377e+02
88	1.080691e+02
89	1.081196e+02
90	1.082163e+02
91	1.083365e+02
92	1.083773e+02
93	1.084918e+02
94	1.086617e+02
95	1.088144e+02
96	1.090068e+02
97	1.091647e+02
98	1.093768e+02
99	1.095168e+02
100	1.096352e+02
101	1.097548e+02
102	1.097803e+02
103	1.097401e+02
104	1.096624e+02
105	1.096206e+02
106	1.095710e+02
107	1.095647e+02
108	1.094745e+02
109	1.093915e+02
110	1.092893e+02
111	1.090835e+02
112	1.088190e+02
113	1.084851e+02
114	1.081702e+02
115	1.078087e+02
116	1.074620e+02
117	1.069430e+02
118	1.065271e+02
119	1.061171e+02
120	1.057089e+02
121	1.052160e+02
122	1.047746e+02
123	1.042181e+02
124	1.037141e+02
125	1.032995e+02
126	1.029355e+02
127	1.026450e+02
128	1.024147e+02
129	1.023859e+02
130	1.023234e+02
131	1.023324e+02
132	1.024117e+02
133	1.025238e+02
134	1.026916e+02
135	1.030574e+02
136	1.034360e+02
137	1.038218e+02
138	1.043490e+02
139	1.049608e+02
140	1.055514e+02
141	1.061699e+02
142	1.067344e+02
143	1.072829e+02
144	1.078382e+02
145	1.084275e+02
146	1.090150e+02
147	1.096386e+02
148	1.103150e+02
149	1.111191e+02
150	1.118981e+02
151	1.127191e+02
152	1.133613e+02
153	1.138450e+02
154	1.141515e+02
155	1.142848e+02
156	1.141584e+02
157	1.137452e+02
158	1.131913e+02
159	1.124762e+02
160	1.116249e+02
161	1.108031e+02
162	1.098413e+02
163	1.087955e+02
164	1.076683e+02
165	1.064707e+02
166	1.053164e+02
167	1.042272e+02
168	1.030839e+02
169	1.019333e+02
170	1.007926e+02
171	9.980585e+01
172	9.905015e+01
173	9.843175e+01
174	9.801056e+01
175	9.777669e+01
176	9.769066e+01
177	9.794101e+01
178	9.839755e+01
179	9.908905e+01
180	9.999614e+01
181	1.010266e+02
182	1.022157e+02
183	1.034355e+02
184	1.046978e+02
185	1.060743e+02
186	1.075114e+02
187	1.089757e+02
188	1.104820e+02
189	1.119058e+02
190	1.133600e+02
191	1.146201e+02
192	1.158156e+02
193	1.167737e+02
194	1.176075e+02
195	1.182298e+02
196	1.187816e+02
197	1.191284e+02
198	1.191499e+02
199	1.190747e+02
200	1.187117e+02
201	1.182184e+02
202	1.175972e+02
203	1.168828e+02
204	1.160502e+02
205	1.152214e+02
206	1.143123e+02
207	1.134137e+02
208	1.123732e+02
209	1.112635e+02
210	1.100680e+02
211	1.088415e+02
212	1.076505e+02
213	1.065342e+02
214	1.054337e+02
215	1.044609e+02
216	1.035169e+02
217	1.027192e+02
218	1.020547e+02
219	1.015127e+02
220	1.011181e+02
221	1.009595e+02
222	1.009554e+02
223	1.009532e+02
224	1.010651e+02
225	1.013871e+02
226	1.018286e+02
227	1.024192e+02
228	1.030266e+02
229	1.037138e+02
230	1.045014e+02
231	1.053510e+02
232	1.062450e+02
233	1.071865e+02
234	1.081117e+02
235	1.092277e+02
236	1.103789e+02
237	1.113897e+02
238	1.122968e+02
239	1.131027e+02
240	1.137591e+02
241	1.142051e+02
242	1.145495e+02
243	1.146444e+02
244	1.144476e+02
245	1.141140e+02
246	1.136894e+02
247	1.131547e+02
248	1.125026e+02
249	1.117810e+02
250	1.110563e+02
251	1.102939e+02
252	1.095351e+02
253	1.087162e+02
254	1.078644e+02
255	1.068738e+02
256	1.059885e+02
257	1.051109e+02
258	1.042351e+02
259	1.033446e+02
260	1.023590e+02
261	1.013774e+02
262	1.005484e+02
263	9.986726e+01
264	9.929524e+01
265	9.886929e+01
266	9.854295e+01
267	9.826639e+01
268	9.809531e+01
269	9.811621e+01
270	9.837001e+01
271	9.880775e+01
272	9.937899e+01
273	1.000825e+02
274	1.009385e+02
275	1.019495e+02
276	1.031572e+02
277	1.043995e+02
278	1.057710e+02
279	1.071377e+02
280	1.084814e+02
281	1.097208e+02
282	1.109334e+02
283	1.119216e+02
284	1.128560e+02
285	1.136258e+02
286	1.142849e+02
287	1.147588e+02
288	1.151749e+02
289	1.155246e+02
290	1.157612e+02
291	1.159661e+02
292	1.160448e+02
293	1.161598e+02
294	1.161538e+02
295	1.160000e+02
296	1.157585e+02
297	1.153621e+02
298	1.148340e+02
299	1.143341e+02
300	1.138353e+02
301	1.131339e+02
302	1.122614e+02
303	1.112808e+02
304	1.102897e+02
305	1.092181e+02
306	1.081120e+02
307	1.069712e+02
308	1.058735e+02
309	1.048248e+02
310	1.038840e+02
311	1.030539e+02
312	1.024352e+02
313	1.020584e+02
314	1.019103e+02
315	1.019240e+02
316	1.019642e+02
317	1.022158e+02
318	1.026042e+02
319	1.031008e+02
320	1.037698e+02
321	1.044821e+02
322	1.052196e+02
323	1.059648e+02
324	1.067446e+02
325	1.076870e+02
326	1.085414e+02
327	1.093954e+02
328	1.103985e+02
329	1.113504e+02
330	1.122898e+02
331	1.131768e+02
332	1.139598e+02
333	1.146536e+02
334	1.153136e+02
335	1.158830e+02
336	1.163930e+02
337	1.168276e+02
338	1.171189e+02
339	1.173186e+02
340	1.173951e+02
341	1.173252e+02
342	1.172029e+02
343	1.169037e+02
344	1.164697e+02
345	1.159476e+02
346	1.153219e+02
347	1.145827e+02
348	1.137025e+02
349	1.127313e+02
350	1.116359e+02
351	1.104827e+02
352	1.093121e+02
353	1.080568e+02
354	1.067253e+02
355	1.054114e+02
356	1.040847e+02
357	1.027479e+02
358	1.016056e+02
359	1.006639e+02
360	9.986986e+01
361	9.932445e+01
362	9.903565e+01
363	9.902679e+01
364	9.929692e+01
365	9.979107e+01
366	1.006288e+02
367	1.016183e+02
368	1.027987e+02
369	1.040822e+02
370	1.055403e+02
371	1.069084e+02
372	1.082999e+02
373	1.096295e+02
374	1.109305e+02
375	1.121534e+02
376	1.133596e+02
377	1.145778e+02
378	1.157427e+02
379	1.167957e+02
380	1.177532e+02
381	1.185707e+02
382	1.192458e+02
383	1.198514e+02
384	1.202350e+02
385	1.205021e+02
386	1.206584e+02
387	1.205688e+02
388	1.202766e+02
389	1.198418e+02
390	1.192485e+02
391	1.185062e+02
392	1.176159e+02
393	1.166102e+02
394	1.155003e+02
395	1.143935e+02
396	1.133029e+02
397	1.121456e+02
398	1.108129e+02
399	1.094190e+02
400	1.080459e+02
401	1.066517e+02
402	1.054705e+02
403	1.043597e+02
404	1.033739e+02
405	1.024258e+02
406	1.015315e+02
407	1.008314e+02
408	1.002963e+02
409	9.995466e+01
410	9.970089e+01
411	9.955877e+01
412	9.955360e+01
413	9.970616e+01
414	1.001066e+02
415	1.006156e+02
416	1.012745e+02
417	1.021366e+02
418	1.030881e+02
419	1.042529e+02
420	1.054856e+02
421	1.066657e+02
422	1.077999e+02
423	1.088757e+02
424	1.101138e+02
425	1.114183e+02
426	1.126822e+02
427	1.138614e+02
428	1.149532e+02
429	1.158486e+02
430	1.167168e+02
431	1.173917e+02
432	1.177974e+02
433	1.179983e+02
434	1.180247e+02
435	1.178782e+02
436	1.175481e+02
437	1.170672e+02
438	1.165215e+02
439	1.158960e+02
440	1.151909e+02
441	1.144603e+02
442	1.136565e+02
443	1.129280e+02
444	1.120935e+02
445	1.112587e+02
446	1.103232e+02
447	1.093850e+02
448	1.084942e+02
449	1.075227e+02
450	1.065236e+02
451	1.054960e+02
452	1.043791e+02
453	1.034020e+02
454	1.025754e+02
455	1.016971e+02
456	1.009103e+02
457	1.001698e+02
458	9.967133e+01
459	9.923951e+01
460	9.888500e+01
461	9.877523e+01
462	9.888802e+01
463	9.930552e+01
464	9.999035e+01
465	1.009572e+02
466	1.020030e+02
467	1.031527e+02
468	1.043099e+02
469	1.055460e+02
470	1.068970e+02
471	1.083159e+02
472	1.096453e+02
473	1.109938e+02
474	1.123316e+02
475	1.135296e+02
476	1.146174e+02
477	1.156059e+02
478	1.164451e+02
479	1.170275e+02
480	1.174832e+02
481	1.178771e+02
482	1.180598e+02
483	1.180266e+02
484	1.178950e+02
485	1.176737e+02
486	1.173286e+02
487	1.167918e+02
488	1.162551e+02
489	1.156594e+02
490	1.149781e+02
491	1.142444e+02
492	1.135444e+02
493	1.127578e+02
494	1.118440e+02
495	1.108719e+02
496	1.098193e+02
497	1.087700e+02
498	1.075742e+02
499	1.062155e+02
500	1.047126e+02
501	1.031700e+02
502	1.016684e+02
503	1.001907e+02
504	9.887174e+01
505	9.784689e+01
506	9.710770e+01
507	9.667486e+01
508	9.641569e+01
509	9.636629e+01
510	9.660050e+01
511	9.704446e+01
512	9.775913e+01
513	9.877025e+01
514	9.997540e+01
515	1.013254e+02
516	1.028287e+02
517	1.044438e+02
518	1.062280e+02
519	1.081532e+02
520	1.100493e+02
521	1.118651e+02
522	1.136165e+02
523	1.152913e+02
524	1.168823e+02
525	1.183109e+02
526	1.196083e+02
527	1.205593e+02
528	1.213182e+02
529	1.220197e+02
530	1.225824e+02
531	1.229216e+02
532	1.230884e+02
533	1.230159e+02
534	1.226890e+02
535	1.221013e+02
536	1.213146e+02
537	1.203552e+02
538	1.191190e+02
539	1.177474e+02
540	1.161515e+02
541	1.144598e+02
542	1.126417e+02
543	1.106426e+02
544	1.086559e+02
545	1.067461e+02
546	1.048265e+02
547	1.030208e+02
548	1.013522e+02
549	9.975342e+01
550	9.829971e+01
551	9.707766e+01
552	9.598841e+01
553	9.520837e+01
554	9.452926e+01
555	9.406515e+01
556	9.377775e+01
557	9.364694e+01
558	9.377982e+01
559	9.418005e+01
560	9.486852e+01
561	9.577931e+01
562	9.687711e+01
563	9.814518e+01
564	9.941036e+01
565	1.007476e+02
566	1.021306e+02
567	1.035805e+02
568	1.052179e+02
569	1.069134e+02
570	1.084953e+02
571	1.100366e+02
572	1.115271e+02
573	1.130345e+02
574	1.143748e+02
575	1.157772e+02
576	1.169575e+02
577	1.180705e+02
578	1.190323e+02
579	1.197890e+02
580	1.203527e+02
581	1.206362e+02
582	1.207501e+02
583	1.206952e+02
584	1.204032e+02
585	1.198150e+02
586	1.191281e+02
587	1.181807e+02
588	1.170595e+02
589	1.157946e+02
590	1.144119e+02
591	1.130109e+02
592	1.115771e+02
593	1.100684e+02
594	1.085715e+02
595	1.072137e+02
596	1.057978e+02
597	1.044996e+02
598	1.032196e+02
599	1.019069e+02
600	1.006143e+02
601	9.958095e+01
602	9.867208e+01
603	9.806319e+01
604	9.745072e+01
605	9.695856e+01
606	9.663500e+01
607	9.649726e+01
608	9.665756e+01
609	9.689574e+01
610	9.725436e+01
611	9.790584e+01
612	9.878447e+01
613	9.984196e+01
614	1.009203e+02
615	1.021332e+02
616	1.034429e+02
617	1.047979e+02
618	1.062494e+02
619	1.077122e+02
620	1.091474e+02
621	1.106483e+02
622	1.121548e+02
623	1.136806e+02
624	1.149253e+02
625	1.160173e+02
626	1.170728e+02
627	1.180028e+02
628	1.186787e+02
629	1.192035e+02
630	1.195410e+02
631	1.197294e+02
632	1.198640e+02
633	1.197165e+02
634	1.193913e+02
635	1.188672e+02
636	1.180282e+02
637	1.171665e+02
638	1.161458e+02
639	1.150223e+02
640	1.137650e+02
641	1.123859e+02
642	1.109930e+02
643	1.095129e+02
644	1.080853e+02
645	1.066777e+02
646	1.053105e+02
647	1.040345e+02
648	1.029687e+02
649	1.019942e+02
650	1.010756e+02
651	1.003268e+02
652	9.962455e+01
653	9.900136e+01
654	9.856258e+01
655	9.832411e+01
656	9.826954e+01
657	9.844149e+01
658	9.871924e+01
659	9.903289e+01
660	9.939389e+01
661	9.993256e+01
662	1.006540e+02
663	1.014267e+02
664	1.022679e+02
665	1.031012e+02
666	1.040569e+02
667	1.050479e+02
668	1.060346e+02
669	1.069914e+02
670	1.078310e+02
671	1.085998e+02
672	1.093322e+02
673	1.100721e+02
674	1.107888e+02
675	1.113171e+02
676	1.118146e+02
677	1.120507e+02
678	1.122413e+02
679	1.123015e+02
680	1.122938e+02
681	1.121899e+02
682	1.119931e+02
683	1.116858e+02
684	1.113199e+02
685	1.109857e+02
686	1.105328e+02
687	1.100558e+02
688	1.095396e+02
689	1.089540e+02
690	1.084615e+02
691	1.079000e+02
692	1.073834e+02
693	1.069140e+02
694	1.064735e+02
695	1.060672e+02
696	1.058013e+02
697	1.055753e+02
698	1.054607e+02
699	1.054847e+02
700	1.055343e+02
701	1.056395e+02
702	1.058116e+02
703	1.060054e+02
704	1.062244e+02
705	1.065321e+02
706	1.068747e+02
707	1.072203e+02
708	1.075117e+02
709	1.077618e+02
710	1.080351e+02
711	1.082548e+02
712	1.084465e+02
713	1.086010e+02
714	1.086654e+02
715	1.085646e+02
716	1.084900e+02
717	1.084456e+02
718	1.084110e+02
719	1.083521e+02
720	1.082405e+02
721	1.080533e+02
722	1.079172e+02
723	1.076914e+02
724	1.073515e+02
725	1.069338e+02
726	1.066030e+02
727	1.063023e+02
728	1.060075e+02
729	1.057535e+02
730	1.054747e+02
731	1.051415e+02
732	1.048591e+02
733	1.045366e+02
734	1.043115e+02
735	1.040835e+02
736	1.040011e+02
737	1.040030e+02
738	1.038799e+02
739	1.037989e+02
740	1.038351e+02
741	1.040063e+02
742	1.041805e+02
743	1.044956e+02
744	1.048800e+02
745	1.053491e+02
746	1.059491e+02
747	1.065649e+02
748	1.071095e+02
749	1.076969e+02
750	1.083502e+02
751	1.090495e+02
752	1.097874e+02
753	1.104604e+02
754	1.111419e+02
755	1.117391e+02
756	1.122060e+02
757	1.125394e+02
758	1.127869e+02
759	1.129767e+02
760	1.130567e+02
761	1.131210e+02
762	1.131332e+02
763	1.130954e+02
764	1.129958e+02
765	1.129696e+02
766	1.129456e+02
767	1.129283e+02
768	1.128136e+02
769	1.126961e+02
770	1.125679e+02
771	1.124183e+02
772	1.122503e+02
773	1.119855e+02
774	1.117312e+02
775	1.113778e+02
776	1.110782e+02
777	1.107482e+02
778	1.103780e+02
779	1.099383e+02
780	1.094202e+02
781	1.088499e+02
782	1.082750e+02
783	1.077046e+02
784	1.071977e+02
785	1.066738e+02
786	1.061081e+02
787	1.055287e+02
788	1.050813e+02
789	1.046521e+02
790	1.042390e+02
791	1.039213e+02
792	1.036565e+02
793	1.035533e+02
794	1.034830e+02
795	1.034959e+02
796	1.035993e+02
797	1.037267e+02
798	1.039313e+02
799	1.043006e+02
800	1.046596e+02
801	1.049975e+02
802	1.054270e+02
803	1.059184e+02
804	1.063097e+02
805	1.067017e+02
806	1.071793e+02
807	1.077741e+02
808	1.084569e+02
809	1.091665e+02
810	1.097625e+02
811	1.103120e+02
812	1.107525e+02
813	1.110781e+02
814	1.112835e+02
815	1.114448e+02
816	1.116124e+02
817	1.117192e+02
818	1.117040e+02
819	1.115947e+02
820	1.113759e+02
821	1.111071e+02
822	1.107172e+02
823	1.103368e+02
824	1.098801e+02
825	1.093512e+02
826	1.088136e+02
827	1.082795e+02
828	1.077014e+02
829	1.070129e+02
830	1.064021e+02
831	1.058018e+02
832	1.053640e+02
833	1.050266e+02
834	1.047368e+02
835	1.045314e+02
836	1.044526e+02
837	1.044360e+02
838	1.043141e+02
839	1.042093e+02
840	1.042169e+02
841	1.041127e+02
842	1.039979e+02
843	1.039085e+02
844	1.038398e+02
845	1.038243e+02
846	1.038829e+02
847	1.038354e+02
848	1.037937e+02
849	1.036888e+02
850	1.036810e+02
851	1.037741e+02
852	1.039223e+02
853	1.040382e+02
854	1.041198e+02
855	1.043397e+02
856	1.046337e+02
857	1.049512e+02
858	1.052954e+02
859	1.057762e+02
860	1.062414e+02
861	1.067067e+02
862	1.070659e+02
863	1.073927e+02
864	1.077303e+02
865	1.079768e+02
866	1.082254e+02
867	1.084163e+02
868	1.085078e+02
869	1.085351e+02
870	1.085007e+02
871	1.085200e+02
872	1.085326e+02
873	1.085892e+02
874	1.086334e+02
875	1.085618e+02
876	1.085293e+02
877	1.084467e+02
878	1.083654e+02
879	1.082922e+02
880	1.082689e+02
881	1.080829e+02
882	1.080349e+02
883	1.079360e+02
884	1.078431e+02
885	1.077316e+02
886	1.075576e+02
887	1.074249e+02
888	1.072485e+02
889	1.071797e+02
890	1.070994e+02
891	1.070649e+02
892	1.070352e+02
893	1.069029e+02
894	1.067617e+02
895	1.065731e+02
896	1.062784e+02
897	1.058901e+02
898	1.055838e+02
899	1.053223e+02
900	1.050844e+02
901	1.048954e+02
902	1.046173e+02
903	1.043858e+02
904	1.042410e+02
905	1.041375e+02
906	1.042063e+02
907	1.043379e+02
908	1.045019e+02
909	1.046574e+02
910	1.048795e+02
911	1.051579e+02
912	1.055315e+02
913	1.059559e+02
914	1.063621e+02
915	1.068169e+02
916	1.071717e+02
917	1.074109e+02
918	1.076817e+02
919	1.080360e+02
920	1.083275e+02
921	1.086928e+02
922	1.090930e+02
923	1.093811e+02
924	1.095569e+02
925	1.096804e+02
926	1.097264e+02
927	1.096622e+02
928	1.095612e+02
929	1.094750e+02
930	1.093406e+02
931	1.090685e+02
932	1.089300e+02
933	1.087116e+02
934	1.086372e+02
935	1.086010e+02
936	1.086309e+02
937	1.086780e+02
938	1.086380e+02
939	1.087400e+02
940	1.087368e+02
941	1.087132e+02
942	1.086452e+02
943	1.085174e+02
944	1.083595e+02
945	1.082017e+02
946	1.080772e+02
947	1.079801e+02
948	1.078421e+02
949	1.078089e+02
950	1.077967e+02
951	1.077285e+02
952	1.077109e+02
953	1.077561e+02
954	1.078534e+02
955	1.080536e+02
956	1.082450e+02
957	1.084689e+02
958	1.086042e+02
959	1.087483e+02
960	1.090395e+02
961	1.093868e+02
962	1.098272e+02
963	1.102877e+02
964	1.107959e+02
965	1.112973e+02
966	1.118103e+02
967	1.121674e+02
968	1.126307e+02
969	1.130887e+02
970	1.134334e+02
971	1.136803e+02
972	1.140443e+02
973	1.143248e+02
974	1.145790e+02
975	1.148502e+02
976	1.150405e+02
977	1.150168e+02
978	1.148719e+02
979	1.145654e+02
980	1.141179e+02
981	1.135232e+02
982	1.127266e+02
983	1.118583e+02
984	1.107869e+02
985	1.096044e+02
986	1.084956e+02
987	1.073542e+02
988	1.062736e+02
989	1.052420e+02
990	1.041393e+02
991	1.030986e+02
992	1.021726e+02
993	1.012921e+02
994	1.004190e+02
995	9.966447e+01
996	9.905084e+01
997	9.849362e+01
998	9.801365e+01
999	9.772483e+01
1000	9.767545e+01
1001	9.783726e+01
1002	9.809977e+01
1003	9.849848e+01
1004	9.899415e+01
1005	9.953538e+01
1006	1.001686e+02
1007	1.008746e+02
1008	1.016526e+02
1009	1.025363e+02
1010	1.034358e+02
1011	1.044734e+02
1012	1.055575e+02
1013	1.066975e+02
1014	1.078735e+02
1015	1.091118e+02
1016	1.103750e+02
1017	1.116864e+02
1018	1.128133e+02
1019	1.138324e+02
1020	1.146683e+02
1021	1.154402e+02
1022	1.160688e+02
1023	1.166141e+02
1024	1.170850e+02
1025	1.173863e+02
1026	1.175899e+02
1027	1.176475e+02
1028	1.175441e+02
1029	1.173480e+02
1030	1.170864e+02
1031	1.167296e+02
1032	1.161417e+02
1033	1.154395e+02
1034	1.145491e+02
1035	1.135130e+02
1036	1.124295e+02
1037	1.113092e+02
1038	1.100163e+02
1039	1.088199e+02
1040	1.076040e+02
1041	1.063353e+02
1042	1.051029e+02
1043	1.039686e+02
1044	1.029945e+02
1045	1.021889e+02
1046	1.015333e+02
1047	1.010413e+02
1048	1.007240e+02
1049	1.005500e+02
1050	1.005180e+02
1051	1.007005e+02
1052	1.010545e+02
1053	1.015812e+02
1054	1.022730e+02
1055	1.030866e+02
1056	1.040753e+02
1057	1.052206e+02
1058	1.065254e+02
1059	1.079144e+02
1060	1.092038e+02
1061	1.105477e+02
1062	1.118558e+02
1063	1.131098e+02
1064	1.142928e+02
1065	1.153071e+02
1066	1.163187e+02
1067	1.171023e+02
1068	1.178302e+02
1069	1.184210e+02
1070	1.187673e+02
1071	1.189775e+02
1072	1.190311e+02
1073	1.189950e+02
1074	1.188371e+02
1075	1.185682e+02
1076	1.182339e+02
1077	1.177241e+02
1078	1.171452e+02
1079	1.165004e+02
1080	1.156266e+02
1081	1.146758e+02
1082	1.136043e+02
1083	1.124798e+02
1084	1.111738e+02
1085	1.097924e+02
1086	1.084623e+02
1087	1.071422e+02
1088	1.058468e+02
1089	1.045513e+02
1090	1.033369e+02
1091	1.022996e+02
1092	1.013958e+02
1093	1.006591e+02
1094	1.000290e+02
1095	9.945858e+01
1096	9.915691e+01
1097	9.893976e+01
1098	9.886951e+01
1099	9.888177e+01
1100	9.906048e+01
1101	9.930056e+01
1102	9.964424e+01
1103	9.997703e+01
1104	1.003219e+02
1105	1.007744e+02
1106	1.014195e+02
1107	1.021485e+02
1108	1.029761e+02
1109	1.038783e+02
1110	1.048929e+02
1111	1.059273e+02
1112	1.070210e+02
1113	1.080465e+02
1114	1.089773e+02
1115	1.098845e+02
1116	1.107044e+02
1117	1.114928e+02
1118	1.122149e+02
1119	1.127449e+02
1120	1.131517e+02
1121	1.135662e+02
1122	1.139944e+02
1123	1.143484e+02
1124	1.145247e+02
1125	1.146229e+02
1126	1.146514e+02
1127	1.147147e+02
1128	1.146312e+02
1129	1.144764e+02
1130	1.141267e+02
1131	1.135039e+02
1132	1.127890e+02
1133	1.119379e+02
1134	1.111261e+02
1135	1.101461e+02
1136	1.092162e+02
1137	1.083354e+02
1138	1.075815e+02
1139	1.068501e+02
1140	1.062318e+02
1141	1.057449e+02
1142	1.053904e+02
1143	1.051518e+02
1144	1.050855e+02
1145	1.050500e+02
1146	1.051093e+02
1147	1.052649e+02
1148	1.055261e+02
1149	1.058661e+02
1150	1.063426e+02
1151	1.069041e+02
1152	1.073104e+02
1153	1.076999e+02
1154	1.081681e+02
1155	1.085911e+02
1156	1.090742e+02
1157	1.096008e+02
1158	1.102375e+02
1159	1.108607e+02
1160	1.113935e+02
1161	1.118931e+02
1162	1.124444e+02
1163	1.128956e+02
1164	1.132582e+02
1165	1.136219e+02
1166	1.137695e+02
1167	1.139944e+02
1168	1.140243e+02
1169	1.138844e+02
1170	1.136044e+02
1171	1.132226e+02
1172	1.127929e+02
1173	1.122606e+02
1174	1.116007e+02
1175	1.107055e+02
1176	1.097133e+02
1177	1.085507e+02
1178	1.073444e+02
1179	1.061993e+02
1180	1.050806e+02
1181	1.039704e+02
1182	1.027707e+02
1183	1.017669e+02
1184	1.008525e+02
1185	1.000195e+02
1186	9.928954e+01
1187	9.868267e+01
1188	9.827473e+01
1189	9.805688e+01
1190	9.802694e+01
1191	9.811793e+01
1192	9.845254e+01
1193	9.885795e+01
1194	9.945001e+01
1195	1.001669e+02
1196	1.010425e+02
1197	1.020176e+02
1198	1.031106e+02
1199	1.042549e+02
1200	1.053582e+02
1201	1.064111e+02
1202	1.073643e+02
1203	1.081633e+02
1204	1.088680e+02
1205	1.094705e+02
1206	1.100724e+02
1207	1.106140e+02
1208	1.111396e+02
1209	1.116565e+02
1210	1.120914e+02
1211	1.123668e+02
1212	1.125889e+02
1213	1.127106e+02
1214	1.126358e+02
1215	1.124858e+02
1216	1.121466e+02
1217	1.115711e+02
1218	1.109125e+02
1219	1.100952e+02
1220	1.092279e+02
1221	1.081504e+02
1222	1.069935e+02
1223	1.057646e+02
1224	1.045594e+02
1225	1.033271e+02
1226	1.020789e+02
1227	1.009246e+02
1228	9.987755e+01
1229	9.892740e+01
1230	9.810629e+01
1231	9.744367e+01
1232	9.685319e+01
1233	9.642301e+01
1234	9.612774e+01
1235	9.584416e+01
1236	9.577868e+01
1237	9.594147e+01
1238	9.616584e+01
1239	9.656558e+01
1240	9.695874e+01
1241	9.758869e+01
1242	9.836227e+01
1243	9.928459e+01
1244	1.002956e+02
1245	1.014979e+02
1246	1.028267e+02
1247	1.042553e+02
1248	1.057222e+02
1249	1.071633e+02
1250	1.086021e+02
1251	1.100526e+02
1252	1.115212e+02
1253	1.129307e+02
1254	1.141915e+02
1255	1.153632e+02
1256	1.163848e+02
1257	1.171884e+02
1258	1.178592e+02
1259	1.184462e+02
1260	1.188174e+02
1261	1.190613e+02
1262	1.191915e+02
1263	1.190577e+02
1264	1.187125e+02
1265	1.182750e+02
1266	1.174842e+02
1267	1.163980e+02
1268	1.151322e+02
1269	1.137525e+02
1270	1.123059e+02
1271	1.107435e+02
1272	1.090783e+02
1273	1.073454e+02
1274	1.056014e+02
1275	1.038487e+02
1276	1.021514e+02
1277	1.004745e+02
1278	9.889351e+01
1279	9.745718e+01
1280	9.621557e+01
1281	9.517501e+01
1282	9.424706e+01
1283	9.356598e+01
1284	9.302819e+01
1285	9.266721e+01
1286	9.256160e+01
1287	9.264813e+01
1288	9.304149e+01
1289	9.366695e+01
1290	9.459482e+01
1291	9.581903e+01
1292	9.722957e+01
1293	9.877736e+01
1294	1.004341e+02
1295	1.020777e+02
1296	1.036899e+02
1297	1.054179e+02
1298	1.071798e+02
1299	1.089695e+02
1300	1.106921e+02
1301	1.124066e+02
1302	1.141078e+02
1303	1.156580e+02
1304	1.170253e+02
1305	1.181611e+02
1306	1.192754e+02
1307	1.202296e+02
1308	1.208993e+02
1309	1.212680e+02
1310	1.214478e+02
1311	1.215785e+02
1312	1.214660e+02
1313	1.210965e+02
1314	1.204999e+02
1315	1.196937e+02
1316	1.186036e+02
1317	1.172861e+02
1318	1.158709e+02
1319	1.142558e+02
1320	1.126640e+02
1321	1.110734e+02
1322	1.094794e+02
1323	1.077794e+02
1324	1.060386e+02
1325	1.043296e+02
1326	1.026254e+02
1327	1.010941e+02
1328	9.962270e+01
1329	9.826729e+01
1330	9.713003e+01
1331	9.616608e+01
1332	9.545152e+01
1333	9.498816e+01
1334	9.481625e+01
1335	9.497411e+01
1336	9.538262e+01
1337	9.605764e+01
1338	9.686336e+01
1339	9.792367e+01
1340	9.905406e+01
1341	1.003798e+02
1342	1.017166e+02
1343	1.031068e+02
1344	1.044800e+02
1345	1.058951e+02
1346	1.072520e+02
1347	1.085552e+02
1348	1.097743e+02
1349	1.109164e+02
1350	1.119501e+02
1351	1.128390e+02
1352	1.136656e+02
1353	1.143028e+02
1354	1.148555e+02
1355	1.152604e+02
1356	1.154791e+02
1357	1.155557e+02
1358	1.154647e+02
1359	1.152330e+02
1360	1.148973e+02
1361	1.143897e+02
1362	1.138350e+02
1363	1.131569e+02
1364	1.124329e+02
1365	1.116158e+02
1366	1.107409e+02
1367	1.098518e+02
1368	1.089114e+02
1369	1.079486e+02
1370	1.070496e+02
1371	1.062074e+02
1372	1.055713e+02
1373	1.048988e+02
1374	1.042757e+02
1375	1.036289e+02
1376	1.031058e+02
1377	1.027444e+02
1378	1.025757e+02
1379	1.024621e+02
1380	1.023351e+02
1381	1.023344e+02
1382	1.024428e+02
1383	1.025663e+02
1384	1.027564e+02
1385	1.029041e+02
1386	1.030648e+02
1387	1.032898e+02
1388	1.034958e+02
1389	1.036056e+02
1390	1.038017e+02
1391	1.039689e+02
1392	1.041178e+02
1393	1.043883e+02
1394	1.046328e+02
1395	1.048294e+02
1396	1.049926e+02
1397	1.050938e+02
1398	1.052765e+02
1399	1.054724e+02
1400	1.057666e+02
1401	1.061237e+02
1402	1.064517e+02
1403	1.069387e+02
1404	1.073729e+02
1405	1.077712e+02
1406	1.082219e+02
1407	1.085668e+02
1408	1.088724e+02
1409	1.090912e+02
1410	1.092762e+02
1411	1.094251e+02
1412	1.095954e+02
1413	1.096956e+02
1414	1.098233e+02
1415	1.099180e+02
1416	1.098378e+02
1417	1.096899e+02
1418	1.094846e+02
1419	1.093075e+02
1420	1.091511e+02
1421	1.089570e+02
1422	1.087016e+02
1423	1.084684e+02
1424	1.082953e+02
1425	1.081813e+02
1426	1.081933e+02
1427	1.082562e+02
1428	1.082811e+02
1429	1.083645e+02
1430	1.082994e+02
1431	1.082123e+02
1432	1.081189e+02
1433	1.079517e+02
1434	1.078501e+02
1435	1.077202e+02
1436	1.076143e+02
1437	1.073764e+02
1438	1.071711e+02
1439	1.069847e+02
1440	1.068848e+02
1441	1.069016e+02
1442	1.068804e+02
1443	1.069824e+02
1444	1.070247e+02
1445	1.070724e+02
1446	1.069893e+02
1447	1.068284e+02
1448	1.066175e+02
1449	1.062583e+02
1450	1.058738e+02
1451	1.054396e+02
1452	1.050827e+02
1453	1.047047e+02
1454	1.043190e+02
1455	1.038487e+02
1456	1.034969e+02
1457	1.030938e+02
1458	1.027237e+02
1459	1.024463e+02
1460	1.022020e+02
1461	1.019717e+02
1462	1.018376e+02
1463	1.017328e+02
1464	1.016752e+02
1465	1.018714e+02
1466	1.021742e+02
1467	1.026395e+02
1468	1.033053e+02
1469	1.040840e+02
1470	1.050100e+02
1471	1.059797e+02
1472	1.069788e+02
1473	1.079577e+02
1474	1.089623e+02
1475	1.099380e+02
1476	1.108505e+02
1477	1.117672e+02
1478	1.126270e+02
1479	1.134578e+02
1480	1.141496e+02
1481	1.146600e+02
1482	1.150924e+02
1483	1.154741e+02
1484	1.157396e+02
1485	1.158190e+02
1486	1.159799e+02
1487	1.159523e+02
1488	1.158434e+02
1489	1.156048e+02
1490	1.153468e+02
1491	1.150232e+02
1492	1.146264e+02
1493	1.142102e+02
1494	1.137321e+02
1495	1.131648e+02
1496	1.126372e+02
1497	1.120889e+02
1498	1.115324e+02
1499	1.109712e+02
1500	1.103276e+02
1501	1.097598e+02
1502	1.091422e+02
1503	1.085697e+02
1504	1.080545e+02
1505	1.075539e+02
1506	1.071251e+02
1507	1.067294e+02
1508	1.063450e+02
1509	1.061242e+02
1510	1.060469e+02
1511	1.060862e+02
1512	1.061692e+02
1513	1.063082e+02
1514	1.065310e+02
1515	1.068494e+02
1516	1.073126e+02
1517	1.077928e+02
1518	1.083232e+02
1519	1.089275e+02
1520	1.095507e+02
1521	1.101837e+02
1522	1.109208e+02
1523	1.116782e+02
1524	1.125700e+02
1525	1.134729e+02
1526	1.144633e+02
1527	1.152779e+02
1528	1.159677e+02
1529	1.165699e+02
1530	1.171093e+02
1531	1.173862e+02
1532	1.175602e+02
1533	1.175941e+02
1534	1.174558e+02
1535	1.171427e+02
1536	1.167027e+02
1537	1.162677e+02
1538	1.156923e+02
1539	1.151392e+02
1540	1.144334e+02
1541	1.136894e+02
1542	1.128857e+02
1543	1.120655e+02
1544	1.110587e+02
1545	1.101542e+02
1546	1.093482e+02
1547	1.086784e+02
1548	1.079549e+02
1549	1.072594e+02
1550	1.066460e+02
1551	1.060302e+02
1552	1.055798e+02
1553	1.051623e+02
1554	1.048345e+02
1555	1.045092e+02
1556	1.043013e+02
1557	1.042301e+02
1558	1.041805e+02
1559	1.041117e+02
1560	1.041379e+02
1561	1.042569e+02
1562	1.044072e+02
1563	1.046968e+02
1564	1.051311e+02
1565	1.054877e+02
1566	1.059832e+02
1567	1.064324e+02
1568	1.069119e+02
1569	1.074732e+02
1570	1.082311e+02
1571	1.089995e+02
1572	1.098170e+02
1573	1.107027e+02
1574	1.116650e+02
1575	1.125597e+02
1576	1.135787e+02
1577	1.145286e+02
1578	1.154281e+02
1579	1.162363e+02
1580	1.169372e+02
1581	1.174636e+02
1582	1.176700e+02
1583	1.177914e+02
1584	1.176589e+02
1585	1.174073e+02
1586	1.170436e+02
1587	1.166251e+02
1588	1.161562e+02
1589	1.155400e+02
1590	1.148564e+02
1591	1.141546e+02
1592	1.133515e+02
1593	1.125483e+02
1594	1.116880e+02
1595	1.107786e+02
1596	1.097670e+02
1597	1.087087e+02
1598	1.076385e+02
1599	1.066685e+02
1600	1.055855e+02
1601	1.045919e+02
1602	1.037652e+02
1603	1.030245e+02
1604	1.023826e+02
1605	1.018742e+02
1606	1.014447e+02
1607	1.012013e+02
1608	1.011655e+02
1609	1.012618e+02
1610	1.016519e+02
1611	1.022093e+02
1612	1.027852e+02
1613	1.034353e+02
1614	1.040760e+02
1615	1.048584e+02
1616	1.057755e+02
1617	1.067377e+02
1618	1.078818e+02
1619	1.090802e+02
1620	1.102207e+02
1621	1.113666e+02
1622	1.124875e+02
1623	1.134913e+02
1624	1.144213e+02
1625	1.151863e+02
1626	1.157559e+02
1627	1.161169e+02
1628	1.163470e+02
1629	1.164735e+02
1630	1.164593e+02
1631	1.162708e+02
1632	1.159868e+02
1633	1.156271e+02
1634	1.153730e+02
1635	1.150578e+02
1636	1.147132e+02
1637	1.142537e+02
1638	1.137651e+02
1639	1.132019e+02
1640	1.126336e+02
1641	1.120581e+02
1642	1.115682e+02
1643	1.109589e+02
1644	1.102203e+02
1645	1.094761e+02
1646	1.087673e+02
1647	1.080418e+02
1648	1.073131e+02
1649	1.065750e+02
1650	1.058357e+02
1651	1.051656e+02
1652	1.046620e+02
1653	1.042073e+02
1654	1.038240e+02
1655	1.034338e+02
1656	1.031480e+02
1657	1.028838e+02
1658	1.027069e+02
1659	1.026779e+02
1660	1.027476e+02
1661	1.029392e+02
1662	1.030130e+02
1663	1.032681e+02
1664	1.035872e+02
1665	1.040144e+02
1666	1.044472e+02
1667	1.049432e+02
1668	1.055087e+02
1669	1.060865e+02
1670	1.066503e+02
1671	1.072375e+02
1672	1.077101e+02
1673	1.082354e+02
1674	1.086801e+02
1675	1.090167e+02
1676	1.094215e+02
1677	1.098047e+02
1678	1.101297e+02
1679	1.104515e+02
1680	1.107360e+02
1681	1.108993e+02
1682	1.110809e+02
1683	1.111491e+02
1684	1.112732e+02
1685	1.112603e+02
1686	1.111959e+02
1687	1.111630e+02
1688	1.111338e+02
1689	1.109942e+02
1690	1.107986e+02
1691	1.105109e+02
1692	1.103022e+02
1693	1.100385e+02
1694	1.097404e+02
1695	1.093313e+02
1696	1.089705e+02
1697	1.085758e+02
1698	1.081209e+02
1699	1.077887e+02
1700	1.074962e+02
1701	1.072952e+02
1702	1.071262e+02
1703	1.070227e+02
1704	1.068973e+02
1705	1.069583e+02
1706	1.070582e+02
1707	1.072255e+02
1708	1.073893e+02
1709	1.074604e+02
1710	1.074608e+02
1711	1.074603e+02
1712	1.073971e+02
1713	1.074643e+02
1714	1.074662e+02
1715	1.074408e+02
1716	1.074892e+02
1717	1.076174e+02
1718	1.078204e+02
1719	1.081359e+02
1720	1.085589e+02
1721	1.090190e+02
1722	1.094568e+02
1723	1.099289e+02
1724	1.103319e+02
1725	1.106932e+02
1726	1.109437e+02
1727	1.111984e+02
1728	1.114618e+02
1729	1.117197e+02
1730	1.119013e+02
1731	1.119458e+02
1732	1.119650e+02
1733	1.118741e+02
1734	1.116774e+02
1735	1.113977e+02
1736	1.109086e+02
1737	1.104859e+02
1738	1.101290e+02
1739	1.097041e+02
1740	1.093340e+02
1741	1.090476e+02
1742	1.086692e+02
1743	1.084184e+02
1744	1.081751e+02
1745	1.080279e+02
1746	1.079628e+02
1747	1.078199e+02
1748	1.076826e+02
1749	1.075730e+02
1750	1.074544e+02
1751	1.073104e+02
1752	1.071356e+02
1753	1.069513e+02
1754	1.068363e+02
1755	1.066965e+02
1756	1.066354e+02
1757	1.065497e+02
1758	1.066193e+02
1759	1.066858e+02
1760	1.067393e+02
1761	1.067992e+02
1762	1.069466e+02
1763	1.071447e+02
1764	1.074687e+02
1765	1.078061e+02
1766	1.081989e+02
1767	1.085781e+02
1768	1.089228e+02
1769	1.091877e+02
1770	1.093172e+02
1771	1.093862e+02
1772	1.095063e+02
1773	1.095501e+02
1774	1.096019e+02
1775	1.096064e+02
1776	1.095384e+02
1777	1.094249e+02
1778	1.093296e+02
1779	1.091953e+02
1780	1.089765e+02
1781	1.088157e+02
1782	1.084698e+02
1783	1.080267e+02
1784	1.075507e+02
1785	1.070701e+02
1786	1.065302e+02
1787	1.059664e+02
1788	1.054301e+02
1789	1.049591e+02
1790	1.044525e+02
1791	1.040016e+02
1792	1.034626e+02
1793	1.030205e+02
1794	1.025956e+02
1795	1.023730e+02
1796	1.021424e+02
1797	1.019876e+02
1798	1.019018e+02
1799	1.019312e+02
1800	1.020177e+02
1801	1.020979e+02
1802	1.022220e+02
1803	1.024479e+02
1804	1.026527e+02
1805	1.028854e+02
1806	1.031958e+02
1807	1.035649e+02
1808	1.040717e+02
1809	1.045542e+02
1810	1.051343e+02
1811	1.056435e+02
1812	1.061223e+02
1813	1.066360e+02
1814	1.070499e+02
1815	1.073955e+02
1816	1.076569e+02
1817	1.078449e+02
1818	1.080584e+02
1819	1.083826e+02
1820	1.085928e+02
1821	1.087277e+02
1822	1.087621e+02
1823	1.087302e+02
1824	1.086842e+02
1825	1.085903e+02
1826	1.085295e+02
1827	1.084642e+02
1828	1.084436e+02
1829	1.083968e+02
1830	1.084831e+02
1831	1.085333e+02
1832	1.087107e+02
1833	1.087738e+02
1834	1.087776e+02
1835	1.088808e+02
1836	1.088591e+02
1837	1.088809e+02
1838	1.089336e+02
1839	1.090282e+02
1840	1.090289e+02
1841	1.090341e+02
1842	1.089339e+02
1843	1.087956e+02
1844	1.088244e+02
1845	1.089737e+02
1846	1.092170e+02
1847	1.094771e+02
1848	1.098714e+02
1849	1.103299e+02
1850	1.107697e+02
1851	1.112163e+02
1852	1.117719e+02
1853	1.122669e+02
1854	1.127424e+02
1855	1.131987e+02
1856	1.135834e+02
1857	1.138808e+02
1858	1.140468e+02
1859	1.142778e+02
1860	1.144911e+02
1861	1.147115e+02
1862	1.149425e+02
1863	1.150683e+02
1864	1.152511e+02
1865	1.153437e+02
1866	1.152734e+02
1867	1.152482e+02
1868	1.150700e+02
1869	1.147807e+02
1870	1.144163e+02
1871	1.139752e+02
1872	1.135290e+02
1873	1.129180e+02
1874	1.123259e+02
1875	1.116794e+02
1876	1.109988e+02
1877	1.102640e+02
1878	1.095192e+02
1879	1.087766e+02
1880	1.081707e+02
1881	1.077657e+02
1882	1.072909e+02
1883	1.069641e+02
1884	1.065816e+02
1885	1.062354e+02
1886	1.059147e+02
1887	1.056164e+02
1888	1.053435e+02
1889	1.051605e+02
1890	1.050358e+02
1891	1.048366e+02
1892	1.047978e+02
1893	1.047778e+02
1894	1.049659e+02
1895	1.052598e+02
1896	1.056583e+02
1897	1.061054e+02
1898	1.066117e+02
1899	1.072344e+02
1900	1.078294e+02
1901	1.083965e+02
1902	1.088941e+02
1903	1.093691e+02
1904	1.097164e+02
1905	1.100119e+02
1906	1.102127e+02
1907	1.103216e+02
1908	1.104087e+02
1909	1.104464e+02
1910	1.104959e+02
1911	1.104555e+02
1912	1.102343e+02
1913	1.099855e+02
1914	1.096737e+02
1915	1.093150e+02
1916	1.088351e+02
1917	1.083106e+02
1918	1.078617e+02
1919	1.073324e+02
1920	1.068492e+02
1921	1.064215e+02
1922	1.059671e+02
1923	1.054701e+02
1924	1.049739e+02
1925	1.045723e+02
1926	1.040941e+02
1927	1.036900e+02
1928	1.032661e+02
1929	1.028380e+02
1930	1.024819e+02
1931	1.022380e+02
1932	1.020089e+02
1933	1.020318e+02
1934	1.020816e+02
1935	1.021902e+02
1936	1.022959e+02
1937	1.024268e+02
1938	1.027926e+02
1939	1.032723e+02
1940	1.037755e+02
1941	1.044417e+02
1942	1.051417e+02
1943	1.058863e+02
1944	1.066841e+02
1945	1.075286e+02
1946	1.083427e+02
1947	1.092537e+02
1948	1.100482e+02
1949	1.109751e+02
1950	1.118449e+02
1951	1.126315e+02
1952	1.133646e+02
1953	1.139539e+02
1954	1.144698e+02
1955	1.149003e+02
1956	1.150790e+02
1957	1.150548e+02
1958	1.149571e+02
1959	1.147220e+02
1960	1.143528e+02
1961	1.138631e+02
1962	1.131414e+02
1963	1.124543e+02
1964	1.117416e+02
1965	1.111286e+02
1966	1.105563e+02
1967	1.100521e+02
1968	1.095979e+02
1969	1.090708e+02
1970	1.085234e+02
1971	1.080629e+02
1972	1.075021e+02
1973	1.069870e+02
1974	1.065728e+02
1975	1.061177e+02
1976	1.057679e+02
1977	1.053711e+02
1978	1.048946e+02
1979	1.044824e+02
1980	1.041687e+02
1981	1.039479e+02
1982	1.038024e+02
1983	1.037278e+02
1984	1.039031e+02
1985	1.042139e+02
1986	1.045761e+02
1987	1.049497e+02
1988	1.053412e+02
1989	1.056291e+02
1990	1.059374e+02
1991	1.062407e+02
1992	1.066064e+02
1993	1.069348e+02
1994	1.072361e+02
1995	1.074573e+02
1996	1.076453e+02
1997	1.078616e+02
1998	1.081181e+02
1999	1.083710e+02
2000	1.085332e+02
2001	1.086020e+02
2002	1.086784e+02
2003	1.087076e+02
2004	1.087354e+02
2005	1.086934e+02
2006	1.084850e+02
2007	1.082678e+02
2008	1.079576e+02
2009	1.075802e+02
2010	1.072624e+02
2011	1.070235e+02
2012	1.067559e+02
2013	1.064344e+02
2014	1.061117e+02
2015	1.058814e+02
2016	1.057765e+02
2017	1.056927e+02
2018	1.056412e+02
2019	1.055683e+02
2020	1.055296e+02
2021	1.055749e+02
2022	1.056617e+02
2023	1.058782e+02
2024	1.061223e+02
2025	1.063781e+02
2026	1.065790e+02
2027	1.067734e+02
2028	1.069580e+02
2029	1.072071e+02
2030	1.074157e+02
2031	1.077186e+02
2032	1.078983e+02
2033	1.080827e+02
2034	1.084002e+02
2035	1.086830e+02
2036	1.089324e+02
2037	1.090778e+02
2038	1.092627e+02
2039	1.093772e+02
2040	1.094085e+02
2041	1.093953e+02
2042	1.093409e+02
2043	1.092548e+02
2044	1.091307e+02
2045	1.089522e+02
2046	1.086934e+02
2047	1.083644e+02
2048	1.079611e+02
2049	1.075813e+02
2050	1.071397e+02
2051	1.066952e+02
2052	1.062313e+02
2053	1.058506e+02
2054	1.054509e+02
2055	1.051316e+02
2056	1.047780e+02
2057	1.043959e+02
2058	1.041127e+02
2059	1.039334e+02
2060	1.037876e+02
2061	1.037252e+02
2062	1.038320e+02
2063	1.039381e+02
2064	1.040112e+02
2065	1.040538e+02
2066	1.040939e+02
2067	1.041999e+02
2068	1.043530e+02
2069	1.044562e+02
2070	1.046615e+02
2071	1.048050e+02
2072	1.049491e+02
2073	1.051635e+02
2074	1.054511e+02
2075	1.058227e+02
2076	1.061075e+02
2077	1.064869e+02
2078	1.068157e+02
2079	1.071951e+02
2080	1.074328e+02
2081	1.077215e+02
2082	1.079952e+02
2083	1.081398e+02
2084	1.082007e+02
2085	1.081572e+02
2086	1.079324e+02
2087	1.077331e+02
2088	1.074856e+02
2089	1.071436e+02
2090	1.068159e+02
2091	1.064275e+02
2092	1.058930e+02
2093	1.054256e+02
2094	1.049553e+02
2095	1.044666e+02
2096	1.040042e+02
2097	1.035857e+02
2098	1.031704e+02
2099	1.027621e+02
2100	1.024491e+02
2101	1.022789e+02
2102	1.021945e+02
2103	1.022437e+02
2104	1.022486e+02
2105	1.023565e+02
2106	1.025172e+02
2107	1.026776e+02
2108	1.028623e+02
2109	1.030949e+02
2110	1.033784e+02
2111	1.037386e+02
2112	1.040364e+02
2113	1.042100e+02
2114	1.044178e+02
2115	1.047048e+02
2116	1.049249e+02
2117	1.051331e+02
2118	1.053022e+02
2119	1.055231e+02
2120	1.057537e+02
2121	1.059625e+02
2122	1.061832e+02
2123	1.065328e+02
2124	1.068094e+02
2125	1.070809e+02
2126	1.072817e+02
2127	1.075024e+02
2128	1.076819e+02
2129	1.078450e+02
2130	1.080254e+02
2131	1.082026e+02
2132	1.084015e+02
2133	1.086135e+02
2134	1.087328e+02
2135	1.089146e+02
2136	1.091344e+02
2137	1.092530e+02
2138	1.092997e+02
2139	1.093295e+02
2140	1.093516e+02
2141	1.093232e+02
2142	1.093648e+02
2143	1.094089e+02
2144	1.094097e+02
2145	1.094690e+02
2146	1.096083e+02
2147	1.098262e+02
2148	1.100065e+02
2149	1.101752e+02
2150	1.102622e+02
2151	1.103167e+02
2152	1.104272e+02
2153	1.105554e+02
2154	1.105698e+02
2155	1.104563e+02
2156	1.103097e+02
2157	1.101585e+02
2158	1.100456e+02
2159	1.099531e+02
2160	1.098665e+02
2161	1.097280e+02
2162	1.095118e+02
2163	1.093464e+02
2164	1.090082e+02
2165	1.086500e+02
2166	1.082695e+02
2167	1.078700e+02
2168	1.075687e+02
2169	1.072114e+02
2170	1.068605e+02
2171	1.066159e+02
2172	1.063307e+02
2173	1.061099e+02
2174	1.059260e+02
2175	1.058098e+02
2176	1.056903e+02
2177	1.055983e+02
2178	1.054616e+02
2179	1.052344e+02
2180	1.050190e+02
2181	1.047993e+02
2182	1.046281e+02
2183	1.043255e+02
2184	1.041160e+02
2185	1.040298e+02
2186	1.040040e+02
2187	1.040072e+02
2188	1.040423e+02
2189	1.041568e+02
2190	1.043038e+02
2191	1.045028e+02
2192	1.048624e+02
2193	1.052785e+02
2194	1.056511e+02
2195	1.060414e+02
2196	1.063783e+02
2197	1.067941e+02
2198	1.071258e+02
2199	1.073185e+02
2200	1.076398e+02
2201	1.078881e+02
2202	1.081147e+02
2203	1.083373e+02
2204	1.085023e+02
2205	1.087585e+02
2206	1.089393e+02
2207	1.089920e+02
2208	1.089564e+02
2209	1.089373e+02
2210	1.089070e+02
2211	1.088839e+02
2212	1.088872e+02
2213	1.089028e+02
2214	1.088868e+02
2215	1.087436e+02
2216	1.084752e+02
2217	1.081452e+02
2218	1.078269e+02
2219	1.076276e+02
2220	1.074555e+02
2221	1.071935e+02
2222	1.070108e+02
2223	1.069403e+02
2224	1.068698e+02
2225	1.068520e+02
2226	1.068954e+02
2227	1.071164e+02
2228	1.073591e+02
2229	1.075962e+02
2230	1.077262e+02
2231	1.078594e+02
2232	1.079798e+02
2233	1.079997e+02
2234	1.080280e+02
2235	1.080543e+02
2236	1.081132e+02
2237	1.082613e+02
2238	1.085010e+02
2239	1.086779e+02
2240	1.088718e+02
2241	1.091011e+02
2242	1.094125e+02
2243	1.096715e+02
2244	1.099944e+02
2245	1.101615e+02
2246	1.103073e+02
2247	1.103751e+02
2248	1.104080e+02
2249	1.104087e+02
2250	1.104319e+02
2251	1.104343e+02
2252	1.103428e+02
2253	1.103110e+02
2254	1.102312e+02
2255	1.099997e+02
2256	1.097235e+02
2257	1.095274e+02
2258	1.093186e+02
2259	1.090949e+02
2260	1.088375e+02
2261	1.085653e+02
2262	1.083708e+02
2263	1.081410e+02
2264	1.078458e+02
2265	1.074586e+02
2266	1.070532e+02
2267	1.067326e+02
2268	1.064877e+02
2269	1.061124e+02
2270	1.056791e+02
2271	1.052963e+02
2272	1.049208e+02
2273	1.046025e+02
2274	1.042655e+02
2275	1.040082e+02
2276	1.038836e+02
2277	1.036882e+02
2278	1.035362e+02
2279	1.034102e+02
2280	1.034109e+02
2281	1.035310e+02
2282	1.037232e+02
2283	1.042031e+02
2284	1.047383e+02
2285	1.053044e+02
2286	1.058954e+02
2287	1.065743e+02
2288	1.073733e+02
2289	1.081216e+02
2290	1.088757e+02
2291	1.095838e+02
2292	1.102578e+02
2293	1.108932e+02
2294	1.114851e+02
2295	1.120376e+02
2296	1.124461e+02
2297	1.126611e+02
2298	1.127338e+02
2299	1.125828e+02
2300	1.122954e+02
2301	1.119034e+02
2302	1.114373e+02
2303	1.108831e+02
2304	1.102418e+02
2305	1.095727e+02
2306	1.088859e+02
2307	1.081713e+02
2308	1.074016e+02
2309	1.066980e+02
2310	1.060374e+02
2311	1.053649e+02
2312	1.047270e+02
2313	1.040989e+02
2314	1.035562e+02
2315	1.028857e+02
2316	1.023322e+02
2317	1.019017e+02
2318	1.015932e+02
2319	1.015007e+02
2320	1.014561e+02
2321	1.014987e+02
2322	1.017178e+02
2323	1.020254e+02
2324	1.025933e+02
2325	1.033821e+02
2326	1.043296e+02
2327	1.053220e+02
2328	1.064338e+02
2329	1.077528e+02
2330	1.090858e+02
2331	1.105164e+02
2332	1.119664e+02
2333	1.133278e+02
2334	1.146587e+02
2335	1.159054e+02
2336	1.169477e+02
2337	1.179603e+02
2338	1.188541e+02
2339	1.197426e+02
2340	1.204573e+02
2341	1.209709e+02
2342	1.213864e+02
2343	1.216775e+02
2344	1.217184e+02
2345	1.215174e+02
2346	1.211548e+02
2347	1.205163e+02
2348	1.197961e+02
2349	1.189533e+02
2350	1.179153e+02
2351	1.167858e+02
2352	1.154838e+02
2353	1.139706e+02
2354	1.123407e+02
2355	1.106678e+02
2356	1.091157e+02
2357	1.076398e+02
2358	1.062285e+02
2359	1.049597e+02
2360	1.038063e+02
2361	1.027401e+02
2362	1.018291e+02
2363	1.010349e+02
2364	1.003578e+02
2365	1.000149e+02
2366	9.983270e+01
2367	9.981892e+01
2368	9.994755e+01
2369	1.002732e+02
2370	1.008270e+02
2371	1.014090e+02
2372	1.020816e+02
2373	1.028013e+02
2374	1.035602e+02
2375	1.044393e+02
2376	1.052360e+02
2377	1.060630e+02
2378	1.070356e+02
2379	1.081118e+02
2380	1.091516e+02
2381	1.101820e+02
2382	1.112018e+02
2383	1.122172e+02
2384	1.133060e+02
2385	1.143414e+02
2386	1.153227e+02
2387	1.162820e+02
2388	1.172115e+02
2389	1.179864e+02
2390	1.184885e+02
2391	1.188182e+02
2392	1.189340e+02
2393	1.189346e+02
2394	1.188326e+02
2395	1.185898e+02
2396	1.181827e+02
2397	1.176060e+02
2398	1.168818e+02
2399	1.159831e+02
2400	1.149727e+02
2401	1.138930e+02
2402	1.128506e+02
2403	1.116825e+02
2404	1.104135e+02
2405	1.091520e+02
2406	1.079491e+02
2407	1.067615e+02
2408	1.055738e+02
2409	1.043985e+02
2410	1.033481e+02
2411	1.023769e+02
2412	1.015091e+02
2413	1.006988e+02
2414	1.001201e+02
2415	9.976760e+01
2416	9.968456e+01
2417	9.983914e+01
2418	1.001428e+02
2419	1.005796e+02
2420	1.011296e+02
2421	1.018705e+02
2422	1.027648e+02
2423	1.037501e+02
2424	1.048647e+02
2425	1.060746e+02
2426	1.073042e+02
2427	1.085393e+02
2428	1.099508e+02
2429	1.112470e+02
2430	1.123863e+02
2431	1.134513e+02
2432	1.143430e+02
2433	1.150052e+02
2434	1.154955e+02
2435	1.157877e+02
2436	1.159413e+02
2437	1.160207e+02
2438	1.160162e+02
2439	1.159672e+02
2440	1.157286e+02
2441	1.153750e+02
2442	1.148697e+02
2443	1.143141e+02
2444	1.136028e+02
2445	1.127907e+02
2446	1.118406e+02
2447	1.107514e+02
2448	1.096753e+02
2449	1.085533e+02
2450	1.073032e+02
2451	1.061059e+02
2452	1.048654e+02
2453	1.036547e+02
2454	1.025699e+02
2455	1.015544e+02
2456	1.005884e+02
2457	9.968323e+01
2458	9.882746e+01
2459	9.815949e+01
2460	9.759049e+01
2461	9.715992e+01
2462	9.688605e+01
2463	9.675214e+01
2464	9.671758e+01
2465	9.685525e+01
2466	9.709582e+01
2467	9.745869e+01
2468	9.789243e+01
2469	9.828415e+01
2470	9.869487e+01
2471	9.931860e+01
2472	1.000573e+02
2473	1.009937e+02
2474	1.020845e+02
2475	1.033159e+02
2476	1.045670e+02
2477	1.059084e+02
2478	1.071895e+02
2479	1.084566e+02
2480	1.096700e+02
2481	1.107479e+02
2482	1.117473e+02
2483	1.125977e+02
2484	1.134266e+02
2485	1.141433e+02
2486	1.146632e+02
2487	1.151603e+02
2488	1.155747e+02
2489	1.158095e+02
2490	1.159243e+02
2491	1.158161e+02
2492	1.156556e+02
2493	1.153602e+02
2494	1.149389e+02
2495	1.143725e+02
2496	1.137389e+02
2497	1.130106e+02
2498	1.121958e+02
2499	1.113064e+02
2500	1.103742e+02
2501	1.093721e+02
2502	1.081544e+02
2503	1.069584e+02
2504	1.057131e+02
2505	1.043681e+02
2506	1.031174e+02
2507	1.019837e+02
2508	1.009771e+02
2509	1.000464e+02
2510	9.909249e+01
2511	9.830757e+01
2512	9.772767e+01
2513	9.740703e+01
2514	9.727766e+01
2515	9.736901e+01
2516	9.766087e+01
2517	9.816936e+01
2518	9.879178e+01
2519	9.958215e+01
2520	1.003617e+02
2521	1.012007e+02
2522	1.021109e+02
2523	1.030620e+02
2524	1.040490e+02
2525	1.050680e+02
2526	1.061284e+02
2527	1.071420e+02
2528	1.080023e+02
2529	1.087129e+02
2530	1.094471e+02
2531	1.100975e+02
2532	1.107107e+02
2533	1.113207e+02
2534	1.118987e+02
2535	1.123817e+02
2536	1.128488e+02
2537	1.131287e+02
2538	1.133188e+02
2539	1.134411e+02
2540	1.134666e+02
2541	1.134466e+02
2542	1.132830e+02
2543	1.130158e+02
2544	1.125049e+02
2545	1.118930e+02
2546	1.113248e+02
2547	1.106520e+02
2548	1.099195e+02
2549	1.092855e+02
2550	1.087243e+02
2551	1.082662e+02
2552	1.078187e+02
2553	1.073526e+02
2554	1.068532e+02
2555	1.064479e+02
2556	1.061252e+02
2557	1.057806e+02
2558	1.055355e+02
2559	1.052191e+02
2560	1.049638e+02
2561	1.047348e+02
2562	1.045218e+02
2563	1.043525e+02
2564	1.042125e+02
2565	1.042317e+02
2566	1.042233e+02
2567	1.042587e+02
2568	1.043872e+02
2569	1.046393e+02
2570	1.049892e+02
2571	1.054467e+02
2572	1.060122e+02
2573	1.066014e+02
2574	1.071023e+02
2575	1.076682e+02
2576	1.082740e+02
2577	1.089030e+02
2578	1.094924e+02
2579	1.100741e+02
2580	1.104591e+02
2581	1.107603e+02
2582	1.109929e+02
2583	1.112591e+02
2584	1.114223e+02
2585	1.115386e+02
2586	1.116125e+02
2587	1.115888e+02
2588	1.114668e+02
2589	1.113318e+02
2590	1.110465e+02
2591	1.107019e+02
2592	1.102539e+02
2593	1.098332e+02
2594	1.094235e+02
2595	1.089696e+02
2596	1.084867e+02
2597	1.080052e+02
2598	1.075299e+02
2599	1.070549e+02
2600	1.065783e+02
2601	1.062734e+02
2602	1.060838e+02
2603	1.059496e+02
2604	1.058456e+02
2605	1.058659e+02
2606	1.058966e+02
2607	1.059385e+02
2608	1.059962e+02
2609	1.060462e+02
2610	1.061610e+02
2611	1.063243e+02
2612	1.063422e+02
2613	1.063459e+02
2614	1.064088e+02
2615	1.065967e+02
2616	1.067093e+02
2617	1.068172e+02
2618	1.069640e+02
2619	1.070956e+02
2620	1.073135e+02
2621	1.076157e+02
2622	1.078897e+02
2623	1.081329e+02
2624	1.083104e+02
2625	1.084387e+02
2626	1.085139e+02
2627	1.086093e+02
2628	1.084907e+02
2629	1.082325e+02
2630	1.080164e+02
2631	1.078503e+02
2632	1.075810e+02
2633	1.072930e+02
2634	1.071091e+02
2635	1.069837e+02
2636	1.068638e+02
2637	1.068179e+02
2638	1.069974e+02
2639	1.072941e+02
2640	1.075781e+02
2641	1.077608e+02
2642	1.080715e+02
2643	1.083803e+02
2644	1.088233e+02
2645	1.092898e+02
2646	1.096952e+02
2647	1.101149e+02
2648	1.105214e+02
2649	1.108856e+02
2650	1.111276e+02
2651	1.113088e+02
2652	1.114650e+02
2653	1.115610e+02
2654	1.115956e+02
2655	1.116097e+02
2656	1.115738e+02
2657	1.115823e+02
2658	1.116209e+02
2659	1.115164e+02
2660	1.115200e+02
2661	1.115838e+02
2662	1.115820e+02
2663	1.116336e+02
2664	1.116601e+02
2665	1.116044e+02
2666	1.114448e+02
2667	1.112023e+02
2668	1.108509e+02
2669	1.104611e+02
2670	1.101582e+02
2671	1.097150e+02
2672	1.091917e+02
2673	1.086804e+02
2674	1.081122e+02
2675	1.075413e+02
2676	1.070078e+02
2677	1.064414e+02
2678	1.057738e+02
2679	1.051557e+02
2680	1.045598e+02
2681	1.040234e+02
2682	1.035367e+02
2683	1.031373e+02
2684	1.028719e+02
2685	1.027059e+02
2686	1.027354e+02
2687	1.028439e+02
2688	1.032565e+02
2689	1.037701e+02
2690	1.043652e+02
2691	1.049148e+02
2692	1.055755e+02
2693	1.063214e+02
2694	1.070415e+02
2695	1.078156e+02
2696	1.084882e+02
2697	1.091524e+02
2698	1.096568e+02
2699	1.101670e+02
2700	1.106991e+02
2701	1.111237e+02
2702	1.115022e+02
2703	1.118547e+02
2704	1.121159e+02
2705	1.122813e+02
2706	1.124057e+02
2707	1.124267e+02
2708	1.124668e+02
2709	1.123190e+02
2710	1.120076e+02
2711	1.116385e+02
2712	1.111880e+02
2713	1.106610e+02
2714	1.100529e+02
2715	1.095213e+02
2716	1.089510e+02
2717	1.084430e+02
2718	1.080142e+02
2719	1.075418e+02
2720	1.071693e+02
2721	1.068485e+02
2722	1.065917e+02
2723	1.064631e+02
2724	1.065831e+02
2725	1.067423e+02
2726	1.068893e+02
2727	1.070893e+02
2728	1.074954e+02
2729	1.078565e+02
2730	1.081967e+02
2731	1.085630e+02
2732	1.088576e+02
2733	1.091775e+02
2734	1.095791e+02
2735	1.100059e+02
2736	1.104555e+02
2737	1.108639e+02
2738	1.112955e+02
2739	1.117019e+02
2740	1.120078e+02
2741	1.121811e+02
2742	1.124102e+02
2743	1.124949e+02
2744	1.126323e+02
2745	1.126830e+02
2746	1.126633e+02
2747	1.126158e+02
2748	1.125026e+02
2749	1.123285e+02
2750	1.121187e+02
2751	1.118442e+02
2752	1.115309e+02
2753	1.112582e+02
2754	1.109494e+02
2755	1.105681e+02
2756	1.101677e+02
2757	1.097648e+02
2758	1.092914e+02
2759	1.088843e+02
2760	1.084954e+02
2761	1.080281e+02
2762	1.075171e+02
2763	1.070032e+02
2764	1.064023e+02
2765	1.057264e+02
2766	1.050856e+02
2767	1.045439e+02
2768	1.040148e+02
2769	1.035750e+02
2770	1.030804e+02
2771	1.026594e+02
2772	1.021997e+02
2773	1.019025e+02
2774	1.017633e+02
2775	1.016990e+02
2776	1.017131e+02
2777	1.017512e+02
2778	1.017409e+02
2779	1.017325e+02
2780	1.017947e+02
2781	1.019015e+02
2782	1.020479e+02
2783	1.022054e+02
2784	1.023761e+02
2785	1.025724e+02
2786	1.027197e+02
2787	1.029573e+02
2788	1.032416e+02
2789	1.036325e+02
2790	1.039432e+02
2791	1.042575e+02
2792	1.045361e+02
2793	1.047908e+02
2794	1.051215e+02
2795	1.054643e+02
2796	1.057439e+02
2797	1.060651e+02
2798	1.063858e+02
2799	1.066722e+02
2800	1.070718e+02
2801	1.074966e+02
2802	1.080528e+02
2803	1.084951e+02
2804	1.090064e+02
2805	1.096195e+02
2806	1.100793e+02
2807	1.105359e+02
2808	1.108997e+02
2809	1.111608e+02
2810	1.113820e+02
2811	1.115131e+02
2812	1.115976e+02
2813	1.116825e+02
2814	1.116328e+02
2815	1.115799e+02
2816	1.113631e+02
2817	1.110809e+02
2818	1.107363e+02
2819	1.103293e+02
2820	1.098878e+02
2821	1.094056e+02
2822	1.089841e+02
2823	1.086510e+02
2824	1.083203e+02
2825	1.080666e+02
2826	1.078885e+02
2827	1.078984e+02
2828	1.079017e+02
2829	1.079801e+02
2830	1.080672e+02
2831	1.081057e+02
2832	1.081114e+02
2833	1.081528e+02
2834	1.081656e+02
2835	1.083014e+02
2836	1.084443e+02
2837	1.086165e+02
2838	1.089532e+02
2839	1.093545e+02
2840	1.098261e+02
2841	1.101341e+02
2842	1.102714e+02
2843	1.103770e+02
2844	1.104203e+02
2845	1.103656e+02
2846	1.101812e+02
2847	1.100092e+02
2848	1.097100e+02
2849	1.094050e+02
2850	1.090746e+02
2851	1.086702e+02
2852	1.082281e+02
2853	1.077480e+02
2854	1.072414e+02
2855	1.067552e+02
2856	1.064114e+02
2857	1.060751e+02
2858	1.057923e+02
2859	1.055482e+02
2860	1.053445e+02
2861	1.050528e+02
2862	1.046805e+02
2863	1.042860e+02
2864	1.040450e+02
2865	1.037917e+02
2866	1.036009e+02
2867	1.034190e+02
2868	1.032355e+02
2869	1.031121e+02
2870	1.030010e+02
2871	1.028513e+02
2872	1.027450e+02
2873	1.028229e+02
2874	1.030046e+02
2875	1.032362e+02
2876	1.036470e+02
2877	1.040477e+02
2878	1.045445e+02
2879	1.051471e+02
2880	1.057713e+02
2881	1.064207e+02
2882	1.072039e+02
2883	1.080188e+02
2884	1.087007e+02
2885	1.092166e+02
2886	1.097232e+02
2887	1.102351e+02
2888	1.107207e+02
2889	1.112305e+02
2890	1.116871e+02
2891	1.122039e+02
2892	1.126286e+02
2893	1.129089e+02
2894	1.131654e+02
2895	1.133818e+02
2896	1.134806e+02
2897	1.135009e+02
2898	1.134611e+02
2899	1.132930e+02
2900	1.131347e+02
2901	1.129826e+02
2902	1.127851e+02
2903	1.124642e+02
2904	1.120710e+02
2905	1.115951e+02
2906	1.110142e+02
2907	1.105448e+02
2908	1.100491e+02
2909	1.093989e+02
2910	1.087468e+02
2911	1.079853e+02
2912	1.073129e+02
2913	1.067191e+02
2914	1.062227e+02
2915	1.057399e+02
2916	1.051997e+02
2917	1.046542e+02
2918	1.041613e+02
2919	1.036946e+02
2920	1.034228e+02
2921	1.031641e+02
2922	1.028710e+02
2923	1.026102e+02
2924	1.024545e+02
2925	1.023151e+02
2926	1.022883e+02
2927	1.023275e+02
2928	1.025251e+02
2929	1.027960e+02
2930	1.030596e+02
2931	1.033256e+02
2932	1.035717e+02
2933	1.038935e+02
2934	1.042028e+02
2935	1.045542e+02
2936	1.049491e+02
2937	1.053539e+02
2938	1.057395e+02
2939	1.060886e+02
2940	1.065025e+02
2941	1.068936e+02
2942	1.072953e+02
2943	1.076398e+02
2944	1.078707e+02
2945	1.079955e+02
2946	1.078791e+02
2947	1.078561e+02
2948	1.077987e+02
2949	1.076310e+02
2950	1.074277e+02
2951	1.071438e+02
2952	1.068631e+02
2953	1.066020e+02
2954	1.062519e+02
2955	1.058740e+02
2956	1.054586e+02
2957	1.050428e+02
2958	1.044661e+02
2959	1.039552e+02
2960	1.035877e+02
2961	1.031906e+02
2962	1.029202e+02
2963	1.027330e+02
2964	1.026651e+02
2965	1.027585e+02
2966	1.028333e+02
2967	1.030035e+02
2968	1.031774e+02
2969	1.033288e+02
2970	1.035665e+02
2971	1.038872e+02
2972	1.043103e+02
2973	1.048231e+02
2974	1.054828e+02
2975	1.061354e+02
2976	1.069740e+02
2977	1.077601e+02
2978	1.086204e+02
2979	1.095170e+02
2980	1.104545e+02
2981	1.113250e+02
2982	1.122429e+02
2983	1.133214e+02
2984	1.144545e+02
2985	1.155122e+02
2986	1.164575e+02
2987	1.172048e+02
2988	1.177897e+02
2989	1.182743e+02
2990	1.184536e+02
2991	1.185660e+02
2992	1.185568e+02
2993	1.184534e+02
2994	1.182863e+02
2995	1.179049e+02
2996	1.174439e+02
2997	1.167621e+02
2998	1.159838e+02
2999	1.150832e+02
3000	1.140746e+02
3001	1.129696e+02
3002	1.117949e+02
3003	1.105724e+02
3004	1.092933e+02
3005	1.079565e+02
3006	1.065034e+02
3007	1.050068e+02
3008	1.035743e+02
3009	1.020595e+02
3010	1.005622e+02
3011	9.907953e+01
3012	9.763946e+01
3013	9.637825e+01
3014	9.518998e+01
3015	9.411847e+01
3016	9.331239e+01
3017	9.270076e+01
3018	9.215151e+01
3019	9.177681e+01
3020	9.153207e+01
3021	9.139993e+01
3022	9.142642e+01
3023	9.162712e+01
3024	9.202482e+01
3025	9.263408e+01
3026	9.354824e+01
3027	9.467661e+01
3028	9.594185e+01
3029	9.738886e+01
3030	9.902724e+01
3031	1.008298e+02
3032	1.027644e+02
3033	1.048264e+02
3034	1.068949e+02
3035	1.088512e+02
3036	1.107335e+02
3037	1.124909e+02
3038	1.140975e+02
3039	1.156259e+02
3040	1.169744e+02
3041	1.181207e+02
3042	1.190764e+02
3043	1.197965e+02
3044	1.204143e+02
3045	1.207565e+02
3046	1.209039e+02
3047	1.208908e+02
3048	1.206709e+02
3049	1.202665e+02
3050	1.197327e+02
3051	1.190142e+02
3052	1.181097e+02
3053	1.170426e+02
3054	1.158356e+02
3055	1.144605e+02
3056	1.130154e+02
3057	1.116250e+02
3058	1.102007e+02
3059	1.087900e+02
3060	1.074023e+02
3061	1.061286e+02
3062	1.049148e+02
3063	1.039118e+02
3064	1.030221e+02
3065	1.022122e+02
3066	1.017040e+02
3067	1.012811e+02
3068	1.011219e+02
3069	1.011971e+02
3070	1.014808e+02
3071	1.019350e+02
3072	1.027149e+02
3073	1.037115e+02
3074	1.048814e+02
3075	1.062338e+02
3076	1.076443e+02
3077	1.091029e+02
3078	1.104563e+02
3079	1.118489e+02
3080	1.132207e+02
3081	1.145985e+02
3082	1.158065e+02
3083	1.170044e+02
3084	1.179813e+02
3085	1.187561e+02
3086	1.193167e+02
3087	1.196929e+02
3088	1.199665e+02
3089	1.199696e+02
3090	1.198949e+02
3091	1.196695e+02
3092	1.192680e+02
3093	1.186174e+02
3094	1.177774e+02
3095	1.167444e+02
3096	1.156502e+02
3097	1.144510e+02
3098	1.129195e+02
3099	1.112300e+02
3100	1.093741e+02
3101	1.074785e+02
3102	1.054825e+02
3103	1.035734e+02
3104	1.017141e+02
3105	9.984339e+01
3106	9.809610e+01
3107	9.657708e+01
3108	9.528059e+01
3109	9.421106e+01
3110	9.342412e+01
3111	9.280549e+01
3112	9.247750e+01
3113	9.246119e+01
3114	9.266389e+01
3115	9.306852e+01
3116	9.380642e+01
3117	9.476122e+01
3118	9.584012e+01
3119	9.704818e+01
3120	9.839578e+01
3121	9.987697e+01
3122	1.014616e+02
3123	1.030996e+02
3124	1.048360e+02
3125	1.064982e+02
3126	1.082308e+02
3127	1.099128e+02
3128	1.114410e+02
3129	1.129329e+02
3130	1.142976e+02
3131	1.155772e+02
3132	1.166487e+02
3133	1.177145e+02
3134	1.186073e+02
3135	1.194176e+02
3136	1.201819e+02
3137	1.208305e+02
3138	1.213629e+02
3139	1.216330e+02
3140	1.217612e+02
3141	1.217181e+02
3142	1.214181e+02
3143	1.210095e+02
3144	1.204479e+02
3145	1.196597e+02
3146	1.186205e+02
3147	1.173582e+02
3148	1.160298e+02
3149	1.145389e+02
3150	1.129152e+02
3151	1.113875e+02
3152	1.098344e+02
3153	1.082114e+02
3154	1.067767e+02
3155	1.055357e+02
3156	1.043591e+02
3157	1.033007e+02
3158	1.022920e+02
3159	1.013294e+02
3160	1.004026e+02
3161	9.953312e+01
3162	9.875715e+01
3163	9.807912e+01
3164	9.757529e+01
3165	9.723396e+01
3166	9.703110e+01
3167	9.699310e+01
3168	9.701182e+01
3169	9.709445e+01
3170	9.730300e+01
3171	9.761236e+01
3172	9.788094e+01
3173	9.832175e+01
3174	9.893475e+01
3175	9.972899e+01
3176	1.005992e+02
3177	1.015445e+02
3178	1.025277e+02
3179	1.036093e+02
3180	1.047001e+02
3181	1.056728e+02
3182	1.068034e+02
3183	1.079331e+02
3184	1.090366e+02
3185	1.098796e+02
3186	1.106851e+02
3187	1.112886e+02
3188	1.117846e+02
3189	1.122795e+02
3190	1.126095e+02
3191	1.127386e+02
3192	1.128642e+02
3193	1.129157e+02
3194	1.129929e+02
3195	1.130245e+02
3196	1.129357e+02
3197	1.127598e+02
3198	1.125091e+02
3199	1.122449e+02
3200	1.118097e+02
3201	1.112952e+02
3202	1.105868e+02
3203	1.098453e+02
3204	1.091093e+02
3205	1.084394e+02
3206	1.078297e+02
3207	1.072482e+02
3208	1.066327e+02
3209	1.060366e+02
3210	1.054561e+02
3211	1.048065e+02
3212	1.042392e+02
3213	1.037094e+02
3214	1.031636e+02
3215	1.026810e+02
3216	1.022755e+02
3217	1.019386e+02
3218	1.017091e+02
3219	1.015874e+02
3220	1.015876e+02
3221	1.016510e+02
3222	1.019021e+02
3223	1.023142e+02
3224	1.028438e+02
3225	1.034827e+02
3226	1.042902e+02
3227	1.051868e+02
3228	1.061907e+02
3229	1.072882e+02
3230	1.084423e+02
3231	1.097597e+02
3232	1.110240e+02
3233	1.122607e+02
3234	1.134218e+02
3235	1.145625e+02
3236	1.156082e+02
3237	1.165292e+02
3238	1.174146e+02
3239	1.182897e+02
3240	1.190432e+02
3241	1.196181e+02
3242	1.200153e+02
3243	1.203271e+02
3244	1.204069e+02
3245	1.203462e+02
3246	1.201644e+02
3247	1.197916e+02
3248	1.192889e+02
3249	1.186260e+02
3250	1.178312e+02
3251	1.169668e+02
3252	1.158975e+02
3253	1.146085e+02
3254	1.132640e+02
3255	1.118639e+02
3256	1.103677e+02
3257	1.089278e+02
3258	1.074480e+02
3259	1.059968e+02
3260	1.047621e+02
3261	1.035727e+02
3262	1.025301e+02
3263	1.015431e+02
3264	1.007330e+02
3265	9.994026e+01
3266	9.925300e+01
3267	9.860839e+01
3268	9.822440e+01
3269	9.794865e+01
3270	9.770650e+01
3271	9.750167e+01
3272	9.752039e+01
3273	9.775635e+01
3274	9.812456e+01
3275	9.866380e+01
3276	9.938252e+01
3277	1.002455e+02
3278	1.011331e+02
3279	1.021073e+02
3280	1.030927e+02
3281	1.041647e+02
3282	1.052196e+02
3283	1.062484e+02
3284	1.073277e+02
3285	1.084526e+02
3286	1.095213e+02
3287	1.105355e+02
3288	1.114265e+02
3289	1.121295e+02
3290	1.128719e+02
3291	1.135474e+02
3292	1.140197e+02
3293	1.142361e+02
3294	1.143238e+02
3295	1.143020e+02
3296	1.141890e+02
3297	1.140111e+02
3298	1.136161e+02
3299	1.130737e+02
3300	1.125013e+02
3301	1.118185e+02
3302	1.109972e+02
3303	1.100117e+02
3304	1.089438e+02
3305	1.078127e+02
3306	1.067926e+02
3307	1.057432e+02
3308	1.046984e+02
3309	1.038270e+02
3310	1.030380e+02
3311	1.024296e+02
3312	1.019693e+02
3313	1.017275e+02
3314	1.017328e+02
3315	1.018720e+02
3316	1.020787e+02
3317	1.023937e+02
3318	1.028408e+02
3319	1.033400e+02
3320	1.038775e+02
3321	1.044257e+02
3322	1.049681e+02
3323	1.055227e+02
3324	1.061885e+02
3325	1.069169e+02
3326	1.076550e+02
3327	1.083726e+02
3328	1.092365e+02
3329	1.100603e+02
3330	1.108386e+02
3331	1.115510e+02
3332	1.122235e+02
3333	1.126936e+02
3334	1.131099e+02
3335	1.134136e+02
3336	1.135904e+02
3337	1.135931e+02
3338	1.134633e+02
3339	1.132877e+02
3340	1.130400e+02
3341	1.127248e+02
3342	1.123189e+02
3343	1.118509e+02
3344	1.112785e+02
3345	1.106884e+02
3346	1.100692e+02
3347	1.094007e+02
3348	1.086223e+02
3349	1.078763e+02
3350	1.070894e+02
3351	1.062719e+02
3352	1.054617e+02
3353	1.047077e+02
3354	1.038686e+02
3355	1.030587e+02
3356	1.023461e+02
3357	1.016521e+02
3358	1.010591e+02
3359	1.005956e+02
3360	1.003126e+02
3361	1.001840e+02
3362	1.000659e+02
3363	1.000066e+02
3364	1.002012e+02
3365	1.005313e+02
3366	1.009154e+02
3367	1.014097e+02
3368	1.020200e+02
3369	1.027282e+02
3370	1.033753e+02
3371	1.040952e+02
3372	1.049172e+02
3373	1.056355e+02
3374	1.062884e+02
3375	1.070658e+02
3376	1.077983e+02
3377	1.084968e+02
3378	1.090836e+02
3379	1.097274e+02
3380	1.102578e+02
3381	1.107848e+02
3382	1.110903e+02
3383	1.113576e+02
3384	1.115806e+02
3385	1.116889e+02
3386	1.118071e+02
3387	1.118546e+02
3388	1.117434e+02
3389	1.115909e+02
3390	1.112721e+02
3391	1.110172e+02
3392	1.105925e+02
3393	1.101213e+02
3394	1.096541e+02
3395	1.091833e+02
3396	1.087620e+02
3397	1.083998e+02
3398	1.081253e+02
3399	1.077753e+02
3400	1.074375e+02
3401	1.071469e+02
3402	1.069565e+02
3403	1.068367e+02
3404	1.069235e+02
3405	1.070616e+02
3406	1.072234e+02
3407	1.073124e+02
3408	1.074372e+02
3409	1.075068e+02
3410	1.075602e+02
3411	1.076435e+02
3412	1.077023e+02
3413	1.076253e+02
3414	1.075074e+02
3415	1.073381e+02
3416	1.071894e+02
3417	1.070125e+02
3418	1.067855e+02
3419	1.064931e+02
3420	1.061814e+02
3421	1.057622e+02
3422	1.053722e+02
3423	1.050091e+02
3424	1.045924e+02
3425	1.042785e+02
3426	1.039108e+02
3427	1.036230e+02
3428	1.033056e+02
3429	1.030454e+02
3430	1.028603e+02
3431	1.027296e+02
3432	1.026439e+02
3433	1.026186e+02
3434	1.025736e+02
3435	1.027528e+02
3436	1.028923e+02
3437	1.030990e+02
3438	1.032436e+02
3439	1.033595e+02
3440	1.035321e+02
3441	1.036869e+02
3442	1.038995e+02
3443	1.041278e+02
3444	1.043692e+02
3445	1.045505e+02
3446	1.047043e+02
3447	1.049020e+02
3448	1.051215e+02
3449	1.053020e+02
3450	1.054142e+02
3451	1.054999e+02
3452	1.056767e+02
3453	1.058242e+02
3454	1.059748e+02
3455	1.061735e+02
3456	1.064586e+02
3457	1.067492e+02
3458	1.069253e+02
3459	1.071627e+02
3460	1.075027e+02
3461	1.077706e+02
3462	1.080613e+02
3463	1.083819e+02
3464	1.087203e+02
3465	1.089797e+02
3466	1.092369e+02
3467	1.094848e+02
3468	1.097594e+02
3469	1.100540e+02
3470	1.103845e+02
3471	1.107147e+02
3472	1.109781e+02
3473	1.112966e+02
3474	1.115770e+02
3475	1.119214e+02
3476	1.123016e+02
3477	1.126265e+02
3478	1.128194e+02
3479	1.130468e+02
3480	1.131851e+02
3481	1.131535e+02
3482	1.130145e+02
3483	1.126616e+02
3484	1.122162e+02
3485	1.117309e+02
3486	1.112482e+02
3487	1.107521e+02
3488	1.102086e+02
3489	1.096765e+02
3490	1.091397e+02
3491	1.086818e+02
3492	1.082485e+02
3493	1.077768e+02
3494	1.072251e+02
3495	1.067920e+02
3496	1.064058e+02
3497	1.059964e+02
3498	1.056033e+02
3499	1.052002e+02
3500	1.048916e+02
3501	1.045693e+02
3502	1.042644e+02
3503	1.040029e+02
3504	1.037048e+02
3505	1.034207e+02
3506	1.031832e+02
3507	1.029648e+02
3508	1.027894e+02
3509	1.026558e+02
3510	1.025711e+02
3511	1.025090e+02
3512	1.025306e+02
3513	1.027750e+02
3514	1.032074e+02
3515	1.037578e+02
3516	1.044447e+02
3517	1.051749e+02
3518	1.059084e+02
3519	1.066380e+02
3520	1.073480e+02
3521	1.080592e+02
3522	1.088453e+02
3523	1.097064e+02
3524	1.105158e+02
3525	1.112636e+02
3526	1.118647e+02
3527	1.123871e+02
3528	1.128442e+02
3529	1.132117e+02
3530	1.134353e+02
3531	1.135183e+02
3532	1.136254e+02
3533	1.137176e+02
3534	1.136500e+02
3535	1.135042e+02
3536	1.133703e+02
3537	1.132367e+02
3538	1.131045e+02
3539	1.130220e+02
3540	1.129534e+02
3541	1.128265e+02
3542	1.126316e+02
3543	1.122531e+02
3544	1.117846e+02
3545	1.112684e+02
3546	1.106331e+02
3547	1.099497e+02
3548	1.092403e+02
3549	1.085232e+02
3550	1.079327e+02
3551	1.073909e+02
3552	1.069082e+02
3553	1.064253e+02
3554	1.059882e+02
3555	1.056708e+02
3556	1.054290e+02
3557	1.051716e+02
3558	1.050037e+02
3559	1.050256e+02
3560	1.050955e+02
3561	1.052106e+02
3562	1.054341e+02
3563	1.056903e+02
3564	1.060803e+02
3565	1.065918e+02
3566	1.071475e+02
3567	1.078050e+02
3568	1.085470e+02
3569	1.093449e+02
3570	1.102135e+02
3571	1.109175e+02
3572	1.115863e+02
3573	1.121877e+02
3574	1.127165e+02
3575	1.132123e+02
3576	1.136666e+02
3577	1.141574e+02
3578	1.145350e+02
3579	1.147124e+02
3580	1.147244e+02
3581	1.147058e+02
3582	1.145749e+02
3583	1.144246e+02
3584	1.141860e+02
3585	1.137565e+02
3586	1.132739e+02
3587	1.127902e+02
3588	1.122472e+02
3589	1.115958e+02
3590	1.108370e+02
3591	1.101912e+02
3592	1.096290e+02
3593	1.090915e+02
3594	1.086321e+02
3595	1.081018e+02
3596	1.075074e+02
3597	1.069255e+02
3598	1.063955e+02
3599	1.060888e+02
3600	1.058489e+02
3601	1.057514e+02
3602	1.056754e+02
3603	1.056230e+02
3604	1.056526e+02
3605	1.056088e+02
3606	1.055969e+02
3607	1.056106e+02
3608	1.057092e+02
3609	1.059165e+02
3610	1.062180e+02
3611	1.065416e+02
3612	1.068572e+02
3613	1.072072e+02
3614	1.074125e+02
3615	1.074582e+02
3616	1.073640e+02
3617	1.072621e+02
3618	1.070852e+02
3619	1.069299e+02
3620	1.067920e+02
3621	1.066502e+02
3622	1.064513e+02
3623	1.061964e+02
3624	1.059766e+02
3625	1.056813e+02
3626	1.055385e+02
3627	1.055729e+02
3628	1.056803e+02
3629	1.058895e+02
3630	1.061880e+02
3631	1.065653e+02
3632	1.069870e+02
3633	1.074236e+02
3634	1.078695e+02
3635	1.082398e+02
3636	1.086013e+02
3637	1.088801e+02
3638	1.091945e+02
3639	1.094365e+02
3640	1.096206e+02
3641	1.098205e+02
3642	1.099398e+02
3643	1.100517e+02
3644	1.101181e+02
3645	1.101497e+02
3646	1.102126e+02
3647	1.101917e+02
3648	1.100690e+02
3649	1.098595e+02
3650	1.096294e+02
3651	1.093345e+02
3652	1.089689e+02
3653	1.084094e+02
3654	1.077202e+02
3655	1.068705e+02
3656	1.059001e+02
3657	1.049076e+02
3658	1.039039e+02
3659	1.029124e+02
3660	1.020126e+02
3661	1.012196e+02
3662	1.005516e+02
3663	1.000142e+02
3664	9.955383e+01
3665	9.924855e+01
3666	9.905286e+01
3667	9.897318e+01
3668	9.906553e+01
3669	9.927851e+01
3670	9.970298e+01
3671	1.002828e+02
3672	1.010464e+02
3673	1.019102e+02
3674	1.029828e+02
3675	1.042176e+02
3676	1.055973e+02
3677	1.069411e+02
3678	1.083192e+02
3679	1.098076e+02
3680	1.112351e+02
3681	1.126258e+02
3682	1.139198e+02
3683	1.150325e+02
3684	1.160879e+02
3685	1.169388e+02
3686	1.176522e+02
3687	1.181379e+02
3688	1.185107e+02
3689	1.187245e+02
3690	1.188584e+02
3691	1.188938e+02
3692	1.187851e+02
3693	1.186481e+02
3694	1.184050e+02
3695	1.180681e+02
3696	1.175449e+02
3697	1.168176e+02
3698	1.158602e+02
3699	1.147417e+02
3700	1.134440e+02
3701	1.120234e+02
3702	1.104811e+02
3703	1.089099e+02
3704	1.073474e+02
3705	1.059197e+02
3706	1.045605e+02
3707	1.033469e+02
3708	1.023457e+02
3709	1.014914e+02
3710	1.007247e+02
3711	1.002129e+02
3712	9.983925e+01
3713	9.962363e+01
3714	9.959862e+01
3715	9.980444e+01
3716	1.001826e+02
3717	1.007472e+02
3718	1.014325e+02
3719	1.022095e+02
3720	1.029770e+02
3721	1.037996e+02
3722	1.047672e+02
3723	1.056945e+02
3724	1.066544e+02
3725	1.075885e+02
3726	1.085061e+02
3727	1.093689e+02
3728	1.101330e+02
3729	1.108744e+02
3730	1.114365e+02
3731	1.119565e+02
3732	1.123444e+02
3733	1.126331e+02
3734	1.128999e+02
3735	1.130924e+02
3736	1.132775e+02
3737	1.134313e+02
3738	1.135351e+02
3739	1.135898e+02
3740	1.134717e+02
3741	1.131629e+02
3742	1.126719e+02
3743	1.121352e+02
3744	1.115770e+02
3745	1.108908e+02
3746	1.101083e+02
3747	1.093067e+02
3748	1.083391e+02
3749	1.074117e+02
3750	1.065570e+02
3751	1.056764e+02
3752	1.048740e+02
3753	1.040864e+02
3754	1.033037e+02
3755	1.025592e+02
3756	1.018227e+02
3757	1.011718e+02
3758	1.006281e+02
3759	1.001690e+02
3760	9.981577e+01
3761	9.969738e+01
3762	9.971174e+01
3763	9.988797e+01
3764	1.002419e+02
3765	1.007681e+02
3766	1.014315e+02
3767	1.021511e+02
3768	1.029908e+02
3769	1.039295e+02
3770	1.048227e+02
3771	1.058419e+02
3772	1.068836e+02
3773	1.077014e+02
3774	1.084699e+02
3775	1.092117e+02
3776	1.099669e+02
3777	1.106807e+02
3778	1.114725e+02
3779	1.121352e+02
3780	1.128152e+02
3781	1.134699e+02
3782	1.141129e+02
3783	1.145752e+02
3784	1.147942e+02
3785	1.148778e+02
3786	1.148573e+02
3787	1.147724e+02
3788	1.146229e+02
3789	1.142656e+02
3790	1.138000e+02
3791	1.131571e+02
3792	1.124380e+02
3793	1.116587e+02
3794	1.107741e+02
3795	1.099048e+02
3796	1.089735e+02
3797	1.080098e+02
3798	1.071664e+02
3799	1.062379e+02
3800	1.054388e+02
3801	1.045847e+02
3802	1.036664e+02
3803	1.027982e+02
3804	1.020175e+02
3805	1.012513e+02
3806	1.005228e+02
3807	9.975683e+01
3808	9.913664e+01
3809	9.853543e+01
3810	9.808355e+01
3811	9.770906e+01
3812	9.752613e+01
3813	9.745467e+01
3814	9.752731e+01
3815	9.768315e+01
3816	9.789087e+01
3817	9.821747e+01
3818	9.866265e+01
3819	9.925829e+01
3820	9.994653e+01
3821	1.007613e+02
3822	1.016434e+02
3823	1.025680e+02
3824	1.035796e+02
3825	1.046755e+02
3826	1.058091e+02
3827	1.069472e+02
3828	1.081127e+02
3829	1.092289e+02
3830	1.103822e+02
3831	1.114046e+02
3832	1.122889e+02
3833	1.129518e+02
3834	1.134805e+02
3835	1.138554e+02
3836	1.141384e+02
3837	1.144023e+02
3838	1.145105e+02
3839	1.144856e+02
3840	1.144244e+02
3841	1.142665e+02
3842	1.139506e+02
3843	1.136196e+02
3844	1.132518e+02
3845	1.128861e+02
3846	1.124688e+02
3847	1.121071e+02
3848	1.115496e+02
3849	1.110066e+02
3850	1.102944e+02
3851	1.094694e+02
3852	1.085372e+02
3853	1.075641e+02
3854	1.065802e+02
3855	1.056926e+02
3856	1.048964e+02
3857	1.042227e+02
3858	1.036075e+02
3859	1.032172e+02
3860	1.030194e+02
3861	1.028713e+02
3862	1.028400e+02
3863	1.029160e+02
3864	1.030886e+02
3865	1.033570e+02
3866	1.037677e+02
3867	1.043134e+02
3868	1.049758e+02
3869	1.057219e+02
3870	1.063407e+02
3871	1.070084e+02
3872	1.078502e+02
3873	1.088335e+02
3874	1.097298e+02
3875	1.104913e+02
3876	1.113145e+02
3877	1.120532e+02
3878	1.128056e+02
3879	1.134489e+02
3880	1.139314e+02
3881	1.142651e+02
3882	1.145147e+02
3883	1.145619e+02
3884	1.144962e+02
3885	1.143357e+02
3886	1.141137e+02
3887	1.137509e+02
3888	1.133072e+02
3889	1.127143e+02
3890	1.121073e+02
3891	1.113716e+02
3892	1.105407e+02
3893	1.095655e+02
3894	1.085115e+02
3895	1.074915e+02
3896	1.064474e+02
3897	1.054470e+02
3898	1.044709e+02
3899	1.034918e+02
3900	1.026081e+02
3901	1.018445e+02
3902	1.012490e+02
3903	1.007825e+02
3904	1.004371e+02
3905	1.002325e+02
3906	1.000842e+02
3907	1.000033e+02
3908	9.998891e+01
3909	1.000897e+02
3910	1.003640e+02
3911	1.006102e+02
3912	1.011112e+02
3913	1.017160e+02
3914	1.023968e+02
3915	1.030758e+02
3916	1.038906e+02
3917	1.046624e+02
3918	1.054743e+02
3919	1.063207e+02
3920	1.070151e+02
3921	1.076154e+02
3922	1.082084e+02
3923	1.088551e+02
3924	1.094112e+02
3925	1.099189e+02
3926	1.103754e+02
3927	1.107084e+02
3928	1.110145e+02
3929	1.112952e+02
3930	1.115285e+02
3931	1.116199e+02
3932	1.115971e+02
3933	1.114622e+02
3934	1.113853e+02
3935	1.111730e+02
3936	1.109636e+02
3937	1.107454e+02
3938	1.104910e+02
3939	1.102809e+02
3940	1.099765e+02
3941	1.096498e+02
3942	1.093959e+02
3943	1.091554e+02
3944	1.088559e+02
3945	1.086190e+02
3946	1.083858e+02
3947	1.081849e+02
3948	1.081226e+02
3949	1.081421e+02
3950	1.082149e+02
3951	1.084083e+02
3952	1.086082e+02
3953	1.087888e+02
3954	1.089208e+02
3955	1.090187e+02
3956	1.090691e+02
3957	1.090136e+02
3958	1.089327e+02
3959	1.088482e+02
3960	1.087665e+02
3961	1.087248e+02
3962	1.086652e+02
3963	1.084428e+02
3964	1.082503e+02
3965	1.080333e+02
3966	1.078775e+02
3967	1.077319e+02
3968	1.076402e+02
3969	1.075277e+02
3970	1.074361e+02
3971	1.073531e+02
3972	1.073414e+02
3973	1.073956e+02
3974	1.073590e+02
3975	1.074364e+02
3976	1.074948e+02
3977	1.077066e+02
3978	1.079768e+02
3979	1.081523e+02
3980	1.083518e+02
3981	1.086569e+02
3982	1.089241e+02
3983	1.092416e+02
3984	1.094284e+02
3985	1.095310e+02
3986	1.096577e+02
3987	1.096155e+02
3988	1.094397e+02
3989	1.091687e+02
3990	1.088777e+02
3991	1.085566e+02
3992	1.082695e+02
3993	1.080136e+02
3994	1.077598e+02
3995	1.076541e+02
3996	1.075891e+02
3997	1.076694e+02
3998	1.078051e+02
3999	1.079511e+02
4000	1.081791e+02
4001	1.083865e+02
4002	1.085358e+02
4003	1.087143e+02
4004	1.088452e+02
4005	1.090211e+02
4006	1.092563e+02
4007	1.095462e+02
4008	1.097040e+02
4009	1.098282e+02
4010	1.099606e+02
4011	1.100286e+02
4012	1.100590e+02
4013	1.101532e+02
4014	1.100742e+02
4015	1.098669e+02
4016	1.096338e+02
4017	1.093704e+02
4018	1.089267e+02
4019	1.083835e+02
4020	1.078461e+02
4021	1.073382e+02
4022	1.068278e+02
4023	1.063942e+02
4024	1.060894e+02
4025	1.058404e+02
4026	1.055684e+02
4027	1.052723e+02
4028	1.048844e+02
4029	1.045270e+02
4030	1.042340e+02
4031	1.039703e+02
4032	1.038051e+02
4033	1.036589e+02
4034	1.035033e+02
4035	1.034603e+02
4036	1.034323e+02
4037	1.035052e+02
4038	1.037204e+02
4039	1.040248e+02
4040	1.043737e+02
4041	1.047770e+02
4042	1.052682e+02
4043	1.058142e+02
4044	1.064780e+02
4045	1.071484e+02
4046	1.077923e+02
4047	1.084927e+02
4048	1.092334e+02
4049	1.099213e+02
4050	1.107064e+02
4051	1.113893e+02
4052	1.119937e+02
4053	1.124512e+02
4054	1.129005e+02
4055	1.133965e+02
4056	1.137915e+02
4057	1.141274e+02
4058	1.145155e+02
4059	1.147495e+02
4060	1.150472e+02
4061	1.152770e+02
4062	1.155379e+02
4063	1.157491e+02
4064	1.159625e+02
4065	1.161873e+02
4066	1.164676e+02
4067	1.166382e+02
4068	1.167594e+02
4069	1.168879e+02
4070	1.169105e+02
4071	1.167834e+02
4072	1.164923e+02
4073	1.159994e+02
4074	1.152625e+02
4075	1.144823e+02
4076	1.136745e+02
4077	1.128343e+02
4078	1.120340e+02
4079	1.111960e+02
4080	1.102764e+02
4081	1.095545e+02
4082	1.089416e+02
4083	1.083616e+02
4084	1.078414e+02
4085	1.074060e+02
4086	1.069583e+02
4087	1.067084e+02
4088	1.065457e+02
4089	1.063651e+02
4090	1.063427e+02
4091	1.063436e+02
4092	1.064277e+02
4093	1.065836e+02
4094	1.067147e+02
4095	1.069652e+02
4096	1.072397e+02
4097	1.074738e+02
4098	1.078499e+02
4099	1.081894e+02
4100	1.086110e+02
4101	1.090930e+02
4102	1.095570e+02
4103	1.100509e+02
4104	1.105311e+02
4105	1.110679e+02
4106	1.116109e+02
4107	1.121975e+02
4108	1.126979e+02
4109	1.130861e+02
4110	1.134011e+02
4111	1.136513e+02
4112	1.138221e+02
4113	1.138676e+02
4114	1.138762e+02
4115	1.137585e+02
4116	1.133643e+02
4117	1.129988e+02
4118	1.126322e+02
4119	1.121186e+02
4120	1.115515e+02
4121	1.109658e+02
4122	1.103984e+02
4123	1.098380e+02
4124	1.093232e+02
4125	1.089019e+02
4126	1.084614e+02
4127	1.080555e+02
4128	1.076191e+02
4129	1.073107e+02
4130	1.069769e+02
4131	1.065536e+02
4132	1.061465e+02
4133	1.056887e+02
4134	1.051905e+02
4135	1.047436e+02
4136	1.044084e+02
4137	1.042063e+02
4138	1.040916e+02
4139	1.041129e+02
4140	1.042846e+02
4141	1.044984e+02
4142	1.047431e+02
4143	1.050950e+02
4144	1.055097e+02
4145	1.059261e+02
4146	1.064974e+02
4147	1.070605e+02
4148	1.075953e+02
4149	1.081479e+02
4150	1.086712e+02
4151	1.091768e+02
4152	1.095687e+02
4153	1.098901e+02
4154	1.102944e+02
4155	1.107069e+02
4156	1.111147e+02
4157	1.115123e+02
4158	1.117884e+02
4159	1.120104e+02
4160	1.122181e+02
4161	1.124364e+02
4162	1.127488e+02
4163	1.129582e+02
4164	1.130712e+02
4165	1.132364e+02
4166	1.134780e+02
4167	1.136334e+02
4168	1.137063e+02
4169	1.136524e+02
4170	1.135885e+02
4171	1.133705e+02
4172	1.130714e+02
4173	1.125228e+02
4174	1.119349e+02
4175	1.112659e+02
4176	1.104939e+02
4177	1.095976e+02
4178	1.086058e+02
4179	1.076046e+02
4180	1.065813e+02
4181	1.056384e+02
4182	1.048140e+02
4183	1.038897e+02
4184	1.032040e+02
4185	1.025256e+02
4186	1.019796e+02
4187	1.014815e+02
4188	1.010084e+02
4189	1.006149e+02
4190	1.004058e+02
4191	1.003167e+02
4192	1.003761e+02
4193	1.005585e+02
4194	1.007637e+02
4195	1.009660e+02
4196	1.012263e+02
4197	1.016238e+02
4198	1.021351e+02
4199	1.027332e+02
4200	1.035010e+02
4201	1.042675e+02
4202	1.050894e+02
4203	1.060140e+02
4204	1.070425e+02
4205	1.079935e+02
4206	1.087831e+02
4207	1.095991e+02
4208	1.104584e+02
4209	1.113004e+02
4210	1.120174e+02
4211	1.126778e+02
4212	1.133610e+02
4213	1.139864e+02
4214	1.145345e+02
4215	1.149222e+02
4216	1.151865e+02
4217	1.153831e+02
4218	1.155634e+02
4219	1.155270e+02
4220	1.153476e+02
4221	1.151010e+02
4222	1.148252e+02
4223	1.144025e+02
4224	1.140500e+02
4225	1.136438e+02
4226	1.132163e+02
4227	1.126622e+02
4228	1.119969e+02
4229	1.113788e+02
4230	1.107317e+02
4231	1.100975e+02
4232	1.094626e+02
4233	1.087549e+02
4234	1.081251e+02
4235	1.075119e+02
4236	1.069334e+02
4237	1.064055e+02
4238	1.059585e+02
4239	1.056203e+02
4240	1.052607e+02
4241	1.048543e+02
4242	1.045826e+02
4243	1.043754e+02
4244	1.042138e+02
4245	1.040943e+02
4246	1.039781e+02
4247	1.038489e+02
4248	1.038446e+02
4249	1.039742e+02
4250	1.041358e+02
4251	1.042970e+02
4252	1.044729e+02
4253	1.046792e+02
4254	1.048221e+02
4255	1.050359e+02
4256	1.052995e+02
4257	1.055332e+02
4258	1.058928e+02
4259	1.062207e+02
4260	1.064357e+02
4261	1.066890e+02
4262	1.068906e+02
4263	1.071648e+02
4264	1.074598e+02
4265	1.077979e+02
4266	1.082023e+02
4267	1.085116e+02
4268	1.087724e+02
4269	1.089767e+02
4270	1.091438e+02
4271	1.093540e+02
4272	1.094324e+02
4273	1.095137e+02
4274	1.096511e+02
4275	1.098024e+02
4276	1.099041e+02
4277	1.099492e+02
4278	1.099781e+02
4279	1.100266e+02
4280	1.100994e+02
4281	1.101284e+02
4282	1.101237e+02
4283	1.101140e+02
4284	1.101522e+02
4285	1.101268e+02
4286	1.099566e+02
4287	1.097636e+02
4288	1.094567e+02
4289	1.090424e+02
4290	1.085551e+02
4291	1.079832e+02
4292	1.073259e+02
4293	1.065835e+02
4294	1.058572e+02
4295	1.052373e+02
4296	1.046627e+02
4297	1.042933e+02
4298	1.038742e+02
4299	1.035667e+02
4300	1.033886e+02
4301	1.031996e+02
4302	1.030640e+02
4303	1.029714e+02
4304	1.030372e+02
4305	1.032609e+02
4306	1.034695e+02
4307	1.038225e+02
4308	1.042282e+02
4309	1.047037e+02
4310	1.051582e+02
4311	1.056252e+02
4312	1.060929e+02
4313	1.066266e+02
4314	1.072038e+02
4315	1.078471e+02
4316	1.083901e+02
4317	1.089358e+02
4318	1.094113e+02
4319	1.099447e+02
4320	1.103498e+02
4321	1.106911e+02
4322	1.110282e+02
4323	1.113392e+02
4324	1.116141e+02
4325	1.117998e+02
4326	1.120958e+02
4327	1.124259e+02
4328	1.127749e+02
4329	1.130432e+02
4330	1.132719e+02
4331	1.134938e+02
4332	1.137507e+02
4333	1.140023e+02
4334	1.141533e+02
4335	1.140491e+02
4336	1.138840e+02
4337	1.135681e+02
4338	1.131708e+02
4339	1.127677e+02
4340	1.122392e+02
4341	1.115734e+02
4342	1.108537e+02
4343	1.099645e+02
4344	1.090105e+02
4345	1.080760e+02
4346	1.071004e+02
4347	1.062223e+02
4348	1.054012e+02
4349	1.045656e+02
4350	1.038010e+02
4351	1.031344e+02
4352	1.025939e+02
4353	1.021685e+02
4354	1.018962e+02
4355	1.017332e+02
4356	1.016830e+02
4357	1.017532e+02
4358	1.019263e+02
4359	1.021659e+02
4360	1.024556e+02
4361	1.028384e+02
4362	1.033761e+02
4363	1.038645e+02
4364	1.043416e+02
4365	1.048354e+02
4366	1.054757e+02
4367	1.061655e+02
4368	1.067847e+02
4369	1.074845e+02
4370	1.083005e+02
4371	1.090755e+02
4372	1.098640e+02
4373	1.107433e+02
4374	1.115062e+02
4375	1.122436e+02
4376	1.129105e+02
4377	1.134725e+02
4378	1.140087e+02
4379	1.144351e+02
4380	1.147296e+02
4381	1.149276e+02
4382	1.150381e+02
4383	1.151478e+02
4384	1.151287e+02
4385	1.150859e+02
4386	1.149507e+02
4387	1.146576e+02
4388	1.143869e+02
4389	1.141415e+02
4390	1.138525e+02
4391	1.134473e+02
4392	1.129195e+02
4393	1.124453e+02
4394	1.119945e+02
4395	1.114302e+02
4396	1.108999e+02
4397	1.103279e+02
4398	1.098426e+02
4399	1.094101e+02
4400	1.088653e+02
4401	1.082707e+02
4402	1.077692e+02
4403	1.072553e+02
4404	1.068349e+02
4405	1.063459e+02
4406	1.057354e+02
4407	1.052117e+02
4408	1.047160e+02
4409	1.043031e+02
4410	1.039725e+02
4411	1.037422e+02
4412	1.036670e+02
4413	1.037030e+02
4414	1.038982e+02
4415	1.043205e+02
4416	1.048508e+02
4417	1.054179e+02
4418	1.060655e+02
4419	1.066035e+02
4420	1.071409e+02
4421	1.076662e+02
4422	1.082294e+02
4423	1.088230e+02
4424	1.094278e+02
4425	1.100991e+02
4426	1.105633e+02
4427	1.109590e+02
4428	1.111528e+02
4429	1.111724e+02
4430	1.111800e+02
4431	1.110238e+02
4432	1.108528e+02
4433	1.105717e+02
4434	1.102707e+02
4435	1.098917e+02
4436	1.095195e+02
4437	1.090370e+02
4438	1.086350e+02
4439	1.082378e+02
4440	1.078028e+02
4441	1.073203e+02
4442	1.068900e+02
4443	1.064823e+02
4444	1.060500e+02
4445	1.056491e+02
4446	1.052564e+02
4447	1.050121e+02
4448	1.047972e+02
4449	1.047647e+02
4450	1.046695e+02
4451	1.044929e+02
4452	1.042948e+02
4453	1.041886e+02
4454	1.041270e+02
4455	1.039770e+02
4456	1.038979e+02
4457	1.038633e+02
4458	1.038700e+02
4459	1.039409e+02
4460	1.039856e+02
4461	1.040722e+02
4462	1.042562e+02
4463	1.045633e+02
4464	1.050094e+02
4465	1.054081e+02
4466	1.058347e+02
4467	1.063179e+02
4468	1.068115e+02
4469	1.073079e+02
4470	1.078652e+02
4471	1.084664e+02
4472	1.090781e+02
4473	1.096705e+02
4474	1.102402e+02
4475	1.108487e+02
4476	1.114543e+02
4477	1.121110e+02
4478	1.127205e+02
4479	1.132970e+02
4480	1.137976e+02
4481	1.142539e+02
4482	1.146347e+02
4483	1.149287e+02
4484	1.151496e+02
4485	1.152566e+02
4486	1.153082e+02
4487	1.153453e+02
4488	1.154478e+02
4489	1.154050e+02
4490	1.153110e+02
4491	1.151245e+02
4492	1.148335e+02
4493	1.145074e+02
4494	1.141937e+02
4495	1.137177e+02
4496	1.131741e+02
4497	1.126894e+02
4498	1.122212e+02
4499	1.117158e+02
4500	1.111815e+02
4501	1.106797e+02
4502	1.101336e+02
4503	1.097121e+02
4504	1.093144e+02
4505	1.089230e+02
4506	1.084830e+02
4507	1.081057e+02
4508	1.078194e+02
4509	1.076427e+02
4510	1.076908e+02
4511	1.077353e+02
4512	1.078215e+02
4513	1.080739e+02
4514	1.082740e+02
4515	1.085566e+02
4516	1.088128e+02
4517	1.090554e+02
4518	1.092927e+02
4519	1.094844e+02
4520	1.095941e+02
4521	1.095886e+02
4522	1.094985e+02
4523	1.093975e+02
4524	1.092396e+02
4525	1.091514e+02
4526	1.091510e+02
4527	1.091596e+02
4528	1.091039e+02
4529	1.089630e+02
4530	1.088681e+02
4531	1.087604e+02
4532	1.085773e+02
4533	1.084146e+02
4534	1.082206e+02
4535	1.079671e+02
4536	1.076207e+02
4537	1.073566e+02
4538	1.070399e+02
4539	1.066678e+02
4540	1.063156e+02
4541	1.059028e+02
4542	1.055316e+02
4543	1.051441e+02
4544	1.048787e+02
4545	1.047217e+02
4546	1.045398e+02
4547	1.044377e+02
4548	1.044340e+02
4549	1.045408e+02
4550	1.047130e+02
4551	1.048912e+02
4552	1.051872e+02
4553	1.054901e+02
4554	1.058334e+02
4555	1.062382e+02
4556	1.066155e+02
4557	1.071535e+02
4558	1.077279e+02
4559	1.084123e+02
4560	1.090239e+02
4561	1.096385e+02
4562	1.101567e+02
4563	1.106457e+02
4564	1.111062e+02
4565	1.115967e+02
4566	1.121944e+02
4567	1.127480e+02
4568	1.133289e+02
4569	1.137946e+02
4570	1.142474e+02
4571	1.145160e+02
4572	1.147321e+02
4573	1.148188e+02
4574	1.148266e+02
4575	1.147906e+02
4576	1.146422e+02
4577	1.143133e+02
4578	1.137621e+02
4579	1.130269e+02
4580	1.122773e+02
4581	1.114067e+02
4582	1.104690e+02
4583	1.094867e+02
4584	1.085237e+02
4585	1.075024e+02
4586	1.065933e+02
4587	1.057405e+02
4588	1.050302e+02
4589	1.044929e+02
4590	1.040869e+02
4591	1.038384e+02
4592	1.037196e+02
4593	1.037144e+02
4594	1.039591e+02
4595	1.043244e+02
4596	1.048873e+02
4597	1.056716e+02
4598	1.065521e+02
4599	1.074519e+02
4600	1.084143e+02
4601	1.092650e+02
4602	1.100988e+02
4603	1.108952e+02
4604	1.117718e+02
4605	1.125624e+02
4606	1.132204e+02
4607	1.136906e+02
4608	1.140741e+02
4609	1.143998e+02
4610	1.146774e+02
4611	1.149359e+02
4612	1.150631e+02
4613	1.151483e+02
4614	1.151367e+02
4615	1.151175e+02
4616	1.149798e+02
4617	1.147732e+02
4618	1.145160e+02
4619	1.141475e+02
4620	1.136147e+02
4621	1.131034e+02
4622	1.124538e+02
4623	1.117170e+02
4624	1.108867e+02
4625	1.099630e+02
4626	1.090010e+02
4627	1.081014e+02
4628	1.072500e+02
4629	1.064445e+02
4630	1.057814e+02
4631	1.051950e+02
4632	1.046293e+02
4633	1.042068e+02
4634	1.039458e+02
4635	1.037618e+02
4636	1.037111e+02
4637	1.038106e+02
4638	1.039557e+02
4639	1.041390e+02
4640	1.045226e+02
4641	1.050529e+02
4642	1.057184e+02
4643	1.064760e+02
4644	1.071974e+02
4645	1.079979e+02
4646	1.087815e+02
4647	1.095543e+02
4648	1.102278e+02
4649	1.108082e+02
4650	1.114018e+02
4651	1.117672e+02
4652	1.122076e+02
4653	1.126103e+02
4654	1.130211e+02
4655	1.132289e+02
4656	1.133406e+02
4657	1.135324e+02
4658	1.136507e+02
4659	1.136707e+02
4660	1.137077e+02
4661	1.137293e+02
4662	1.136482e+02
4663	1.136456e+02
4664	1.136647e+02
4665	1.135972e+02
4666	1.136031e+02
4667	1.135796e+02
4668	1.135170e+02
4669	1.134319e+02
4670	1.132679e+02
4671	1.131809e+02
4672	1.130136e+02
4673	1.128646e+02
4674	1.126626e+02
4675	1.124378e+02
4676	1.121896e+02
4677	1.118818e+02
4678	1.115946e+02
4679	1.112014e+02
4680	1.108713e+02
4681	1.104606e+02
4682	1.100849e+02
4683	1.096881e+02
4684	1.092742e+02
4685	1.088791e+02
4686	1.084787e+02
4687	1.081053e+02
4688	1.077686e+02
4689	1.074522e+02
4690	1.072038e+02
4691	1.069133e+02
4692	1.065913e+02
4693	1.062255e+02
4694	1.059363e+02
4695	1.055944e+02
4696	1.053136e+02
4697	1.050670e+02
4698	1.049017e+02
4699	1.048422e+02
4700	1.048722e+02
4701	1.049553e+02
4702	1.052941e+02
4703	1.057137e+02
4704	1.061032e+02
4705	1.066057e+02
4706	1.070676e+02
4707	1.075531e+02
4708	1.080272e+02
4709	1.084191e+02
4710	1.087456e+02
4711	1.089866e+02
4712	1.092253e+02
4713	1.095142e+02
4714	1.097827e+02
4715	1.099893e+02
4716	1.103071e+02
4717	1.106156e+02
4718	1.109791e+02
4719	1.114170e+02
4720	1.118547e+02
4721	1.123521e+02
4722	1.127863e+02
4723	1.132972e+02
4724	1.137680e+02
4725	1.142286e+02
4726	1.147201e+02
4727	1.151278e+02
4728	1.155858e+02
4729	1.159555e+02
4730	1.161922e+02
4731	1.162463e+02
4732	1.162790e+02
4733	1.161255e+02
4734	1.158295e+02
4735	1.154816e+02
4736	1.150645e+02
4737	1.145196e+02
4738	1.138435e+02
4739	1.130888e+02
4740	1.123478e+02
4741	1.116123e+02
4742	1.109253e+02
4743	1.102039e+02
4744	1.095601e+02
4745	1.089560e+02
4746	1.083524e+02
4747	1.079512e+02
4748	1.076442e+02
4749	1.074482e+02
4750	1.073551e+02
4751	1.072948e+02
4752	1.074309e+02
4753	1.077111e+02
4754	1.081243e+02
4755	1.086910e+02
4756	1.093430e+02
4757	1.101169e+02
4758	1.108659e+02
4759	1.117635e+02
4760	1.126506e+02
4761	1.135890e+02
4762	1.143221e+02
4763	1.149975e+02
4764	1.156885e+02
4765	1.161431e+02
4766	1.165398e+02
4767	1.167598e+02
4768	1.167649e+02
4769	1.166927e+02
4770	1.165360e+02
4771	1.163461e+02
4772	1.160776e+02
4773	1.156303e+02
4774	1.150053e+02
4775	1.142450e+02
4776	1.134377e+02
4777	1.125380e+02
4778	1.115896e+02
4779	1.106282e+02
4780	1.095396e+02
4781	1.084052e+02
4782	1.072714e+02
4783	1.061498e+02
4784	1.051275e+02
4785	1.043190e+02
4786	1.035512e+02
4787	1.029687e+02
4788	1.025238e+02
4789	1.020901e+02
4790	1.016805e+02
4791	1.014698e+02
4792	1.013051e+02
4793	1.012406e+02
4794	1.013040e+02
4795	1.014290e+02
4796	1.016596e+02
4797	1.019485e+02
4798	1.022682e+02
4799	1.026532e+02
4800	1.031121e+02
4801	1.036065e+02
4802	1.042097e+02
4803	1.047929e+02
4804	1.053456e+02
4805	1.058236e+02
4806	1.064104e+02
4807	1.070434e+02
4808	1.076417e+02
4809	1.082869e+02
4810	1.088578e+02
4811	1.093476e+02
4812	1.097598e+02
4813	1.101451e+02
4814	1.103955e+02
4815	1.105631e+02
4816	1.107838e+02
4817	1.109450e+02
4818	1.111086e+02
4819	1.111153e+02
4820	1.111578e+02
4821	1.110858e+02
4822	1.110821e+02
4823	1.110943e+02
4824	1.110695e+02
4825	1.110716e+02
4826	1.109464e+02
4827	1.108398e+02
4828	1.106614e+02
4829	1.103982e+02
4830	1.100621e+02
4831	1.095895e+02
4832	1.091524e+02
4833	1.086355e+02
4834	1.081490e+02
4835	1.077836e+02
4836	1.075223e+02
4837	1.073430e+02
4838	1.071184e+02
4839	1.068649e+02
4840	1.067203e+02
4841	1.065549e+02
4842	1.063917e+02
4843	1.062238e+02
4844	1.061113e+02
4845	1.060752e+02
4846	1.060484e+02
4847	1.058462e+02
4848	1.055899e+02
4849	1.053158e+02
4850	1.050133e+02
4851	1.047682e+02
4852	1.045070e+02
4853	1.042326e+02
4854	1.038888e+02
4855	1.035243e+02
4856	1.031307e+02
4857	1.028431e+02
4858	1.026636e+02
4859	1.026087e+02
4860	1.026974e+02
4861	1.029078e+02
4862	1.032038e+02
4863	1.034335e+02
4864	1.036072e+02
4865	1.038487e+02
4866	1.040307e+02
4867	1.042551e+02
4868	1.044357e+02
4869	1.045587e+02
4870	1.046145e+02
4871	1.045661e+02
4872	1.044911e+02
4873	1.044189e+02
4874	1.043825e+02
4875	1.044587e+02
4876	1.045284e+02
4877	1.045468e+02
4878	1.045913e+02
4879	1.047994e+02
4880	1.049859e+02
4881	1.052276e+02
4882	1.055279e+02
4883	1.058603e+02
4884	1.063289e+02
4885	1.068188e+02
4886	1.071843e+02
4887	1.076224e+02
4888	1.079696e+02
4889	1.082229e+02
4890	1.083372e+02
4891	1.085078e+02
4892	1.084764e+02
4893	1.083139e+02
4894	1.080518e+02
4895	1.078000e+02
4896	1.073743e+02
4897	1.068824e+02
4898	1.063378e+02
4899	1.057680e+02
4900	1.052623e+02
4901	1.046540e+02
4902	1.040312e+02
4903	1.033510e+02
4904	1.027228e+02
4905	1.020650e+02
4906	1.013834e+02
4907	1.007191e+02
4908	1.001081e+02
4909	9.959687e+01
4910	9.919973e+01
4911	9.888229e+01
4912	9.868642e+01
4913	9.849006e+01
4914	9.847718e+01
4915	9.851148e+01
4916	9.870394e+01
4917	9.895550e+01
4918	9.917672e+01
4919	9.954901e+01
4920	9.997748e+01
4921	1.004973e+02
4922	1.010963e+02
4923	1.017850e+02
4924	1.025280e+02
4925	1.033706e+02
4926	1.043073e+02
4927	1.053491e+02
4928	1.064400e+02
4929	1.076207e+02
4930	1.088529e+02
4931	1.100439e+02
4932	1.111483e+02
4933	1.121699e+02
4934	1.130359e+02
4935	1.137223e+02
4936	1.142873e+02
4937	1.147371e+02
4938	1.150710e+02
4939	1.151316e+02
4940	1.149456e+02
4941	1.145848e+02
4942	1.139816e+02
4943	1.132393e+02
4944	1.124303e+02
4945	1.116167e+02
4946	1.108478e+02
4947	1.101474e+02
4948	1.094487e+02
4949	1.087965e+02
4950	1.081064e+02
4951	1.074330e+02
4952	1.066812e+02
4953	1.059474e+02
4954	1.052427e+02
4955	1.045007e+02
4956	1.037094e+02
4957	1.028774e+02
4958	1.021491e+02
4959	1.013461e+02
4960	1.006343e+02
4961	1.000831e+02
4962	9.954194e+01
4963	9.921554e+01
4964	9.914457e+01
4965	9.917585e+01
4966	9.932581e+01
4967	9.950731e+01
4968	9.975420e+01
4969	9.998567e+01
4970	1.002236e+02
4971	1.006959e+02
4972	1.012509e+02
4973	1.019199e+02
4974	1.026709e+02
4975	1.034345e+02
4976	1.042733e+02
4977	1.051996e+02
4978	1.062112e+02
4979	1.072265e+02
4980	1.083349e+02
4981	1.091708e+02
4982	1.099966e+02
4983	1.107132e+02
4984	1.113711e+02
4985	1.118371e+02
4986	1.122274e+02
4987	1.124610e+02
4988	1.125853e+02
4989	1.125510e+02
4990	1.124531e+02
4991	1.123098e+02
4992	1.122105e+02
4993	1.121684e+02
4994	1.122117e+02
4995	1.122144e+02
4996	1.120797e+02
4997	1.119267e+02
4998	1.116810e+02
4999	1.112698e+02
