# Step	Measurement
1	1.092312e+00
2	1.092061e+00
3	1.091306e+00
4	1.092762e+00
5	1.095073e+00
6	1.097066e+00
7	1.099248e+00
8	1.102284e+00
9	1.104264e+00
10	1.106069e+00
11	1.108292e+00
12	1.110533e+00
13	1.112594e+00
14	1.113490e+00
15	1.114152e+00
16	1.113095e+00
17	1.109305e+00
18	1.104026e+00
19	1.097304e+00
20	1.091497e+00
21	1.085963e+00
22	1.082131e+00
23	1.080353e+00
24	1.080450e+00
25	1.083768e+00
26	1.088276e+00
27	1.092002e+00
28	1.098635e+00
29	1.103792e+00
30	1.108571e+00
31	1.112442e+00
32	1.116268e+00
33	1.119186e+00
34	1.120903e+00
35	1.121532e+00
36	1.121006e+00
37	1.117870e+00
38	1.113189e+00
39	1.106466e+00
40	1.097558e+00
41	1.089034e+00
42	1.081233e+00
43	1.074528e+00
44	1.069187e+00
45	1.066564e+00
46	1.066163e+00
47	1.067835e+00
48	1.071911e+00
49	1.076879e+00
50	1.083547e+00
51	1.090458e+00
52	1.098299e+00
53	1.105942e+00
54	1.113807e+00
55	1.121272e+00
56	1.127886e+00
57	1.132367e+00
58	1.133998e+00
59	1.134992e+00
60	1.133391e+00
61	1.128907e+00
62	1.120984e+00
63	1.110641e+00
64	1.099738e+00
65	1.089294e+00
66	1.079612e+00
67	1.070051e+00
68	1.062190e+00
69	1.057409e+00
70	1.057560e+00
71	1.061855e+00
72	1.068685e+00
73	1.078560e+00
74	1.089582e+00
75	1.102751e+00
76	1.115603e+00
77	1.125715e+00
78	1.135088e+00
79	1.142236e+00
80	1.146284e+00
81	1.146187e+00
82	1.141952e+00
83	1.133542e+00
84	1.120972e+00
85	1.107526e+00
86	1.091876e+00
87	1.077077e+00
88	1.064200e+00
89	1.055100e+00
90	1.050634e+00
91	1.050570e+00
92	1.054189e+00
93	1.062816e+00
94	1.072648e+00
95	1.083890e+00
96	1.097605e+00
97	1.112056e+00
98	1.124454e+00
99	1.135411e+00
100	1.143023e+00
101	1.149191e+00
102	1.152489e+00
103	1.152400e+00
104	1.148045e+00
105	1.139810e+00
106	1.128489e+00
107	1.113320e+00
108	1.095876e+00
109	1.079053e+00
110	1.065554e+00
111	1.054957e+00
112	1.047807e+00
113	1.041576e+00
114	1.041229e+00
115	1.045002e+00
116	1.052299e+00
117	1.064557e+00
118	1.080728e+00
119	1.099056e+00
120	1.117543e+00
121	1.134232e+00
122	1.147330e+00
123	1.156466e+00
124	1.160447e+00
125	1.160759e+00
126	1.157555e+00
127	1.146761e+00
128	1.133592e+00
129	1.118245e+00
130	1.100523e+00
131	1.081517e+00
132	1.062510e+00
133	1.048027e+00
134	1.037138e+00
135	1.032315e+00
136	1.033860e+00
137	1.039851e+00
138	1.051015e+00
139	1.065879e+00
140	1.084045e+00
141	1.104623e+00
142	1.125331e+00
143	1.142778e+00
144	1.155690e+00
145	1.164523e+00
146	1.169238e+00
147	1.167900e+00
148	1.161763e+00
149	1.151125e+00
150	1.135297e+00
151	1.116596e+00
152	1.096364e+00
153	1.074003e+00
154	1.053705e+00
155	1.036441e+00
156	1.022363e+00
157	1.016323e+00
158	1.017730e+00
159	1.026311e+00
160	1.042282e+00
161	1.063280e+00
162	1.085261e+00
163	1.108026e+00
164	1.128869e+00
165	1.146884e+00
166	1.161536e+00
167	1.171434e+00
168	1.175734e+00
169	1.175516e+00
170	1.170151e+00
171	1.160378e+00
172	1.144242e+00
173	1.123222e+00
174	1.099569e+00
175	1.076839e+00
176	1.056997e+00
177	1.040635e+00
178	1.029336e+00
179	1.024833e+00
180	1.026837e+00
181	1.035043e+00
182	1.048703e+00
183	1.066639e+00
184	1.086227e+00
185	1.107796e+00
186	1.129153e+00
187	1.147976e+00
188	1.162765e+00
189	1.172479e+00
190	1.177452e+00
191	1.178354e+00
192	1.174169e+00
193	1.164394e+00
194	1.150433e+00
195	1.131490e+00
196	1.110359e+00
197	1.087309e+00
198	1.065704e+00
199	1.047179e+00
200	1.034440e+00
201	1.028952e+00
202	1.030563e+00
203	1.038337e+00
204	1.051302e+00
205	1.067395e+00
206	1.086168e+00
207	1.105239e+00
208	1.124901e+00
209	1.141376e+00
210	1.154065e+00
211	1.163787e+00
212	1.170133e+00
213	1.172145e+00
214	1.166959e+00
215	1.157835e+00
216	1.145882e+00
217	1.131271e+00
218	1.114960e+00
219	1.096049e+00
220	1.076286e+00
221	1.059932e+00
222	1.046636e+00
223	1.037011e+00
224	1.032409e+00
225	1.035692e+00
226	1.044624e+00
227	1.057738e+00
228	1.074876e+00
229	1.094868e+00
230	1.114975e+00
231	1.133625e+00
232	1.148982e+00
233	1.158924e+00
234	1.165402e+00
235	1.166407e+00
236	1.164163e+00
237	1.155892e+00
238	1.141633e+00
239	1.124232e+00
240	1.104476e+00
241	1.082786e+00
242	1.062795e+00
243	1.045635e+00
244	1.032170e+00
245	1.024373e+00
246	1.023253e+00
247	1.031007e+00
248	1.044375e+00
249	1.062166e+00
250	1.082036e+00
251	1.103016e+00
252	1.122997e+00
253	1.142196e+00
254	1.157825e+00
255	1.168299e+00
256	1.174171e+00
257	1.175143e+00
258	1.171551e+00
259	1.162631e+00
260	1.150562e+00
261	1.135505e+00
262	1.116530e+00
263	1.095481e+00
264	1.074360e+00
265	1.055166e+00
266	1.039306e+00
267	1.029921e+00
268	1.026717e+00
269	1.031076e+00
270	1.040127e+00
271	1.056398e+00
272	1.076230e+00
273	1.096620e+00
274	1.117320e+00
275	1.137779e+00
276	1.154140e+00
277	1.166178e+00
278	1.174077e+00
279	1.175941e+00
280	1.173280e+00
281	1.164411e+00
282	1.153422e+00
283	1.138912e+00
284	1.122521e+00
285	1.104625e+00
286	1.085684e+00
287	1.067347e+00
288	1.050196e+00
289	1.037951e+00
290	1.032443e+00
291	1.033160e+00
292	1.041279e+00
293	1.053123e+00
294	1.071578e+00
295	1.091146e+00
296	1.110788e+00
297	1.129161e+00
298	1.145560e+00
299	1.156762e+00
300	1.161938e+00
301	1.161908e+00
302	1.156821e+00
303	1.148796e+00
304	1.137712e+00
305	1.121835e+00
306	1.105401e+00
307	1.088918e+00
308	1.072832e+00
309	1.059801e+00
310	1.050834e+00
311	1.045339e+00
312	1.043693e+00
313	1.045736e+00
314	1.051685e+00
315	1.061119e+00
316	1.074886e+00
317	1.091399e+00
318	1.107009e+00
319	1.121845e+00
320	1.133765e+00
321	1.141858e+00
322	1.145499e+00
323	1.144303e+00
324	1.139008e+00
325	1.129267e+00
326	1.117477e+00
327	1.104935e+00
328	1.093321e+00
329	1.081583e+00
330	1.071737e+00
331	1.065307e+00
332	1.062644e+00
333	1.064723e+00
334	1.069705e+00
335	1.077646e+00
336	1.086766e+00
337	1.097422e+00
338	1.108623e+00
339	1.119286e+00
340	1.128638e+00
341	1.135341e+00
342	1.139457e+00
343	1.139952e+00
344	1.136253e+00
345	1.127897e+00
346	1.117444e+00
347	1.105098e+00
348	1.092393e+00
349	1.079753e+00
350	1.070639e+00
351	1.065718e+00
352	1.063507e+00
353	1.065616e+00
354	1.069154e+00
355	1.075122e+00
356	1.083309e+00
357	1.092875e+00
358	1.103168e+00
359	1.111958e+00
360	1.120809e+00
361	1.128028e+00
362	1.133091e+00
363	1.133538e+00
364	1.133050e+00
365	1.129668e+00
366	1.122728e+00
367	1.113778e+00
368	1.102328e+00
369	1.090469e+00
370	1.078469e+00
371	1.069280e+00
372	1.062790e+00
373	1.059512e+00
374	1.059383e+00
375	1.063582e+00
376	1.070518e+00
377	1.080734e+00
378	1.092501e+00
379	1.106198e+00
380	1.119716e+00
381	1.130646e+00
382	1.137918e+00
383	1.142556e+00
384	1.143535e+00
385	1.142488e+00
386	1.140528e+00
387	1.134472e+00
388	1.126599e+00
389	1.116042e+00
390	1.104895e+00
391	1.092800e+00
392	1.081755e+00
393	1.071877e+00
394	1.064155e+00
395	1.060385e+00
396	1.060600e+00
397	1.065383e+00
398	1.074561e+00
399	1.085847e+00
400	1.099411e+00
401	1.114124e+00
402	1.127398e+00
403	1.139136e+00
404	1.148641e+00
405	1.155257e+00
406	1.157656e+00
407	1.156892e+00
408	1.152828e+00
409	1.145729e+00
410	1.134433e+00
411	1.120528e+00
412	1.105408e+00
413	1.088547e+00
414	1.072860e+00
415	1.058925e+00
416	1.049247e+00
417	1.046285e+00
418	1.047957e+00
419	1.052985e+00
420	1.061752e+00
421	1.074502e+00
422	1.090730e+00
423	1.108802e+00
424	1.126079e+00
425	1.141874e+00
426	1.153275e+00
427	1.160291e+00
428	1.162846e+00
429	1.158630e+00
430	1.150131e+00
431	1.138787e+00
432	1.125233e+00
433	1.110692e+00
434	1.096137e+00
435	1.081029e+00
436	1.067747e+00
437	1.057613e+00
438	1.051257e+00
439	1.049480e+00
440	1.053226e+00
441	1.063101e+00
442	1.076335e+00
443	1.090738e+00
444	1.106343e+00
445	1.122279e+00
446	1.136834e+00
447	1.149450e+00
448	1.159177e+00
449	1.164280e+00
450	1.166111e+00
451	1.163028e+00
452	1.157726e+00
453	1.149638e+00
454	1.139677e+00
455	1.126684e+00
456	1.112984e+00
457	1.097637e+00
458	1.080536e+00
459	1.064671e+00
460	1.051924e+00
461	1.043328e+00
462	1.040764e+00
463	1.045504e+00
464	1.055487e+00
465	1.069500e+00
466	1.085969e+00
467	1.104561e+00
468	1.121831e+00
469	1.136380e+00
470	1.148664e+00
471	1.157473e+00
472	1.162722e+00
473	1.164365e+00
474	1.160248e+00
475	1.151408e+00
476	1.137859e+00
477	1.120352e+00
478	1.102609e+00
479	1.084810e+00
480	1.067242e+00
481	1.052838e+00
482	1.042729e+00
483	1.037828e+00
484	1.038176e+00
485	1.043410e+00
486	1.052155e+00
487	1.065669e+00
488	1.081862e+00
489	1.099994e+00
490	1.117714e+00
491	1.132336e+00
492	1.143190e+00
493	1.149398e+00
494	1.150970e+00
495	1.148835e+00
496	1.143417e+00
497	1.134360e+00
498	1.123746e+00
499	1.110636e+00
500	1.097667e+00
501	1.083933e+00
502	1.070548e+00
503	1.058704e+00
504	1.049232e+00
505	1.043605e+00
506	1.041003e+00
507	1.042638e+00
508	1.048877e+00
509	1.059356e+00
510	1.075170e+00
511	1.092613e+00
512	1.110843e+00
513	1.127929e+00
514	1.141305e+00
515	1.150888e+00
516	1.157668e+00
517	1.159437e+00
518	1.156559e+00
519	1.147996e+00
520	1.134199e+00
521	1.116898e+00
522	1.099080e+00
523	1.082682e+00
524	1.068192e+00
525	1.056956e+00
526	1.049819e+00
527	1.047094e+00
528	1.049962e+00
529	1.056832e+00
530	1.066752e+00
531	1.080323e+00
532	1.095342e+00
533	1.112121e+00
534	1.128414e+00
535	1.143602e+00
536	1.156525e+00
537	1.166398e+00
538	1.169275e+00
539	1.167909e+00
540	1.162548e+00
541	1.153213e+00
542	1.140229e+00
543	1.123984e+00
544	1.105871e+00
545	1.087104e+00
546	1.069432e+00
547	1.054313e+00
548	1.043864e+00
549	1.037597e+00
550	1.036687e+00
551	1.041714e+00
552	1.052376e+00
553	1.066809e+00
554	1.081826e+00
555	1.096972e+00
556	1.112755e+00
557	1.126726e+00
558	1.139384e+00
559	1.149132e+00
560	1.153844e+00
561	1.154177e+00
562	1.150804e+00
563	1.143082e+00
564	1.130821e+00
565	1.114910e+00
566	1.095763e+00
567	1.075485e+00
568	1.057160e+00
569	1.042486e+00
570	1.033008e+00
571	1.029442e+00
572	1.032503e+00
573	1.040622e+00
574	1.052214e+00
575	1.066817e+00
576	1.082142e+00
577	1.095877e+00
578	1.107791e+00
579	1.118215e+00
580	1.127091e+00
581	1.131954e+00
582	1.132653e+00
583	1.131198e+00
584	1.127526e+00
585	1.119827e+00
586	1.109955e+00
587	1.098767e+00
588	1.087813e+00
589	1.078037e+00
590	1.070067e+00
591	1.065990e+00
592	1.064270e+00
593	1.064346e+00
594	1.065778e+00
595	1.069840e+00
596	1.077217e+00
597	1.085687e+00
598	1.095764e+00
599	1.104042e+00
600	1.111678e+00
601	1.117246e+00
602	1.120898e+00
603	1.122410e+00
604	1.121341e+00
605	1.117721e+00
606	1.112770e+00
607	1.105755e+00
608	1.097000e+00
609	1.088389e+00
610	1.079491e+00
611	1.071437e+00
612	1.066153e+00
613	1.065503e+00
614	1.068625e+00
615	1.075790e+00
616	1.084628e+00
617	1.094540e+00
618	1.102668e+00
619	1.110466e+00
620	1.117607e+00
621	1.123003e+00
622	1.125285e+00
623	1.124356e+00
624	1.119946e+00
625	1.112808e+00
626	1.101719e+00
627	1.088546e+00
628	1.074784e+00
629	1.062946e+00
630	1.053842e+00
631	1.048677e+00
632	1.048973e+00
633	1.053084e+00
634	1.059214e+00
635	1.069477e+00
636	1.083632e+00
637	1.102083e+00
638	1.119815e+00
639	1.135222e+00
640	1.147211e+00
641	1.154592e+00
642	1.157396e+00
643	1.155422e+00
644	1.149378e+00
645	1.139653e+00
646	1.126176e+00
647	1.111406e+00
648	1.095804e+00
649	1.080192e+00
650	1.065853e+00
651	1.053214e+00
652	1.045106e+00
653	1.040934e+00
654	1.043072e+00
655	1.049444e+00
656	1.059423e+00
657	1.072444e+00
658	1.088134e+00
659	1.103224e+00
660	1.117048e+00
661	1.130347e+00
662	1.141120e+00
663	1.148232e+00
664	1.153042e+00
665	1.154635e+00
666	1.151814e+00
667	1.144120e+00
668	1.133273e+00
669	1.120041e+00
670	1.105434e+00
671	1.091729e+00
672	1.077748e+00
673	1.065692e+00
674	1.058142e+00
675	1.053266e+00
676	1.052194e+00
677	1.055094e+00
678	1.062523e+00
679	1.074568e+00
680	1.088344e+00
681	1.101923e+00
682	1.116894e+00
683	1.131636e+00
684	1.143348e+00
685	1.151753e+00
686	1.156722e+00
687	1.157885e+00
688	1.155353e+00
689	1.147573e+00
690	1.136460e+00
691	1.123045e+00
692	1.107336e+00
693	1.089653e+00
694	1.071561e+00
695	1.056124e+00
696	1.044903e+00
697	1.039140e+00
698	1.038521e+00
699	1.044221e+00
700	1.055619e+00
701	1.071778e+00
702	1.089306e+00
703	1.108192e+00
704	1.125326e+00
705	1.139994e+00
706	1.151229e+00
707	1.156440e+00
708	1.157163e+00
709	1.154829e+00
710	1.148260e+00
711	1.136977e+00
712	1.122832e+00
713	1.108839e+00
714	1.093267e+00
715	1.079026e+00
716	1.066732e+00
717	1.059461e+00
718	1.055184e+00
719	1.055492e+00
720	1.059012e+00
721	1.065832e+00
722	1.075728e+00
723	1.087669e+00
724	1.100045e+00
725	1.111647e+00
726	1.122856e+00
727	1.133018e+00
728	1.139224e+00
729	1.142786e+00
730	1.142518e+00
731	1.140911e+00
732	1.135248e+00
733	1.126929e+00
734	1.116975e+00
735	1.105037e+00
736	1.092556e+00
737	1.082690e+00
738	1.076401e+00
739	1.071480e+00
740	1.068517e+00
741	1.070870e+00
742	1.075540e+00
743	1.082520e+00
744	1.089304e+00
745	1.096362e+00
746	1.103750e+00
747	1.111323e+00
748	1.118527e+00
749	1.124082e+00
750	1.128947e+00
751	1.130602e+00
752	1.129096e+00
753	1.124292e+00
754	1.117131e+00
755	1.107895e+00
756	1.096227e+00
757	1.084839e+00
758	1.075839e+00
759	1.069566e+00
760	1.065352e+00
761	1.064048e+00
762	1.066715e+00
763	1.072255e+00
764	1.079624e+00
765	1.089086e+00
766	1.099079e+00
767	1.109474e+00
768	1.119406e+00
769	1.127059e+00
770	1.132806e+00
771	1.135819e+00
772	1.134885e+00
773	1.130908e+00
774	1.123424e+00
775	1.113744e+00
776	1.102593e+00
777	1.090385e+00
778	1.079517e+00
779	1.069207e+00
780	1.062973e+00
781	1.060080e+00
782	1.061163e+00
783	1.065129e+00
784	1.071442e+00
785	1.079142e+00
786	1.089646e+00
787	1.100508e+00
788	1.112068e+00
789	1.121518e+00
790	1.129387e+00
791	1.135153e+00
792	1.137921e+00
793	1.137641e+00
794	1.133301e+00
795	1.126230e+00
796	1.116890e+00
797	1.105158e+00
798	1.093147e+00
799	1.081056e+00
800	1.069082e+00
801	1.060012e+00
802	1.054421e+00
803	1.051692e+00
804	1.052860e+00
805	1.058350e+00
806	1.067170e+00
807	1.078196e+00
808	1.090669e+00
809	1.102690e+00
810	1.114362e+00
811	1.124025e+00
812	1.131146e+00
813	1.135960e+00
814	1.137595e+00
815	1.135478e+00
816	1.130576e+00
817	1.123713e+00
818	1.114634e+00
819	1.105356e+00
820	1.095684e+00
821	1.087068e+00
822	1.079736e+00
823	1.074581e+00
824	1.072344e+00
825	1.072541e+00
826	1.075055e+00
827	1.081341e+00
828	1.088034e+00
829	1.096834e+00
830	1.106578e+00
831	1.115399e+00
832	1.122507e+00
833	1.127277e+00
834	1.130413e+00
835	1.130559e+00
836	1.127434e+00
837	1.120739e+00
838	1.111183e+00
839	1.101841e+00
840	1.092191e+00
841	1.082627e+00
842	1.074060e+00
843	1.068437e+00
844	1.064934e+00
845	1.065659e+00
846	1.068924e+00
847	1.073121e+00
848	1.080888e+00
849	1.090448e+00
850	1.100126e+00
851	1.107787e+00
852	1.115700e+00
853	1.121757e+00
854	1.126044e+00
855	1.128316e+00
856	1.128191e+00
857	1.124798e+00
858	1.118241e+00
859	1.108543e+00
860	1.099240e+00
861	1.090479e+00
862	1.083500e+00
863	1.078786e+00
864	1.075428e+00
865	1.074717e+00
866	1.077545e+00
867	1.080896e+00
868	1.085015e+00
869	1.088870e+00
870	1.094861e+00
871	1.101982e+00
872	1.107694e+00
873	1.113840e+00
874	1.117707e+00
875	1.119584e+00
876	1.119237e+00
877	1.116557e+00
878	1.113438e+00
879	1.108336e+00
880	1.102807e+00
881	1.097755e+00
882	1.093236e+00
883	1.089798e+00
884	1.086618e+00
885	1.085491e+00
886	1.086711e+00
887	1.090274e+00
888	1.094703e+00
889	1.100311e+00
890	1.104987e+00
891	1.107947e+00
892	1.111485e+00
893	1.114889e+00
894	1.117696e+00
895	1.118452e+00
896	1.117065e+00
897	1.113327e+00
898	1.110655e+00
899	1.108112e+00
900	1.104536e+00
901	1.100881e+00
902	1.096231e+00
903	1.092695e+00
904	1.089750e+00
905	1.087572e+00
906	1.087673e+00
907	1.089619e+00
908	1.093648e+00
909	1.097272e+00
910	1.100049e+00
911	1.103225e+00
912	1.105918e+00
913	1.108764e+00
914	1.110479e+00
915	1.110689e+00
916	1.109726e+00
917	1.110309e+00
918	1.110998e+00
919	1.112420e+00
920	1.113193e+00
921	1.114332e+00
922	1.115142e+00
923	1.115043e+00
924	1.114378e+00
925	1.111950e+00
926	1.110467e+00
927	1.108621e+00
928	1.107417e+00
929	1.105385e+00
930	1.103563e+00
931	1.102564e+00
932	1.102706e+00
933	1.103111e+00
934	1.104452e+00
935	1.104689e+00
936	1.104828e+00
937	1.104954e+00
938	1.104492e+00
939	1.103309e+00
940	1.101560e+00
941	1.099290e+00
942	1.096599e+00
943	1.094140e+00
944	1.091666e+00
945	1.089062e+00
946	1.088446e+00
947	1.089156e+00
948	1.090023e+00
949	1.091354e+00
950	1.092717e+00
951	1.092855e+00
952	1.094387e+00
953	1.096628e+00
954	1.099781e+00
955	1.102468e+00
956	1.102955e+00
957	1.103683e+00
958	1.104797e+00
959	1.104510e+00
960	1.103365e+00
961	1.101481e+00
962	1.099448e+00
963	1.097162e+00
964	1.094524e+00
965	1.093266e+00
966	1.092020e+00
967	1.090539e+00
968	1.089886e+00
969	1.089551e+00
970	1.090250e+00
971	1.091654e+00
972	1.092909e+00
973	1.094974e+00
974	1.097186e+00
975	1.099260e+00
976	1.100606e+00
977	1.101055e+00
978	1.102851e+00
979	1.102932e+00
980	1.101103e+00
981	1.098601e+00
982	1.095153e+00
983	1.090222e+00
984	1.084327e+00
985	1.078301e+00
986	1.072631e+00
987	1.069326e+00
988	1.066775e+00
989	1.066574e+00
990	1.069227e+00
991	1.074715e+00
992	1.081305e+00
993	1.086897e+00
994	1.092389e+00
995	1.098772e+00
996	1.103259e+00
997	1.106766e+00
998	1.110334e+00
999	1.112696e+00
1000	1.113543e+00
1001	1.111904e+00
1002	1.109495e+00
1003	1.106950e+00
1004	1.103589e+00
1005	1.098024e+00
1006	1.092443e+00
1007	1.086340e+00
1008	1.081338e+00
1009	1.077923e+00
1010	1.075618e+00
1011	1.074539e+00
1012	1.074411e+00
1013	1.076633e+00
1014	1.079475e+00
1015	1.083442e+00
1016	1.089686e+00
1017	1.096362e+00
1018	1.103925e+00
1019	1.111310e+00
1020	1.116952e+00
1021	1.120838e+00
1022	1.122862e+00
1023	1.121553e+00
1024	1.117314e+00
1025	1.109835e+00
1026	1.102448e+00
1027	1.093824e+00
1028	1.086899e+00
1029	1.079761e+00
1030	1.075243e+00
1031	1.072977e+00
1032	1.072750e+00
1033	1.074745e+00
1034	1.079286e+00
1035	1.085234e+00
1036	1.092760e+00
1037	1.100561e+00
1038	1.106723e+00
1039	1.111416e+00
1040	1.114612e+00
1041	1.115826e+00
1042	1.115281e+00
1043	1.111526e+00
1044	1.107629e+00
1045	1.104026e+00
1046	1.099056e+00
1047	1.093769e+00
1048	1.087917e+00
1049	1.083154e+00
1050	1.079446e+00
1051	1.077131e+00
1052	1.075458e+00
1053	1.074498e+00
1054	1.076934e+00
1055	1.080175e+00
1056	1.083978e+00
1057	1.088508e+00
1058	1.092712e+00
1059	1.097400e+00
1060	1.101247e+00
1061	1.104906e+00
1062	1.107917e+00
1063	1.108754e+00
1064	1.107995e+00
1065	1.105980e+00
1066	1.101338e+00
1067	1.096129e+00
1068	1.091489e+00
1069	1.088231e+00
1070	1.086020e+00
1071	1.084856e+00
1072	1.085256e+00
1073	1.087110e+00
1074	1.088845e+00
1075	1.091525e+00
1076	1.094722e+00
1077	1.097678e+00
1078	1.100537e+00
1079	1.102866e+00
1080	1.104466e+00
1081	1.105849e+00
1082	1.105467e+00
1083	1.103816e+00
1084	1.101013e+00
1085	1.098273e+00
1086	1.094224e+00
1087	1.089850e+00
1088	1.084869e+00
1089	1.082292e+00
1090	1.079990e+00
1091	1.078778e+00
1092	1.079331e+00
1093	1.080237e+00
1094	1.084000e+00
1095	1.088962e+00
1096	1.094093e+00
1097	1.099707e+00
1098	1.104334e+00
1099	1.107908e+00
1100	1.110660e+00
1101	1.111243e+00
1102	1.109231e+00
1103	1.105642e+00
1104	1.100249e+00
1105	1.094214e+00
1106	1.086796e+00
1107	1.079167e+00
1108	1.074214e+00
1109	1.070301e+00
1110	1.067485e+00
1111	1.068051e+00
1112	1.071392e+00
1113	1.077253e+00
1114	1.085842e+00
1115	1.095741e+00
1116	1.107151e+00
1117	1.117143e+00
1118	1.126148e+00
1119	1.133133e+00
1120	1.136757e+00
1121	1.136368e+00
1122	1.133884e+00
1123	1.129235e+00
1124	1.121664e+00
1125	1.111577e+00
1126	1.101343e+00
1127	1.090307e+00
1128	1.081998e+00
1129	1.075377e+00
1130	1.070739e+00
1131	1.069080e+00
1132	1.069175e+00
1133	1.072949e+00
1134	1.079483e+00
1135	1.085984e+00
1136	1.092493e+00
1137	1.099542e+00
1138	1.106009e+00
1139	1.112095e+00
1140	1.116071e+00
1141	1.118600e+00
1142	1.117819e+00
1143	1.115228e+00
1144	1.110006e+00
1145	1.102591e+00
1146	1.093839e+00
1147	1.084559e+00
1148	1.075393e+00
1149	1.067902e+00
1150	1.061959e+00
1151	1.057008e+00
1152	1.054469e+00
1153	1.054637e+00
1154	1.058602e+00
1155	1.065876e+00
1156	1.076048e+00
1157	1.087621e+00
1158	1.099923e+00
1159	1.112958e+00
1160	1.123073e+00
1161	1.130809e+00
1162	1.135034e+00
1163	1.136151e+00
1164	1.134029e+00
1165	1.127875e+00
1166	1.119136e+00
1167	1.108216e+00
1168	1.095904e+00
1169	1.084075e+00
1170	1.073846e+00
1171	1.063604e+00
1172	1.055445e+00
1173	1.051322e+00
1174	1.050269e+00
1175	1.053905e+00
1176	1.062170e+00
1177	1.074224e+00
1178	1.089024e+00
1179	1.105150e+00
1180	1.121520e+00
1181	1.136064e+00
1182	1.147628e+00
1183	1.155085e+00
1184	1.157368e+00
1185	1.156609e+00
1186	1.151566e+00
1187	1.143579e+00
1188	1.133346e+00
1189	1.121702e+00
1190	1.108697e+00
1191	1.093481e+00
1192	1.080317e+00
1193	1.068410e+00
1194	1.058982e+00
1195	1.055266e+00
1196	1.055301e+00
1197	1.059775e+00
1198	1.067726e+00
1199	1.078454e+00
1200	1.090028e+00
1201	1.102605e+00
1202	1.115495e+00
1203	1.125437e+00
1204	1.133635e+00
1205	1.139541e+00
1206	1.141536e+00
1207	1.141009e+00
1208	1.137753e+00
1209	1.132394e+00
1210	1.123372e+00
1211	1.112384e+00
1212	1.099368e+00
1213	1.085437e+00
1214	1.074160e+00
1215	1.064536e+00
1216	1.056635e+00
1217	1.052105e+00
1218	1.050977e+00
1219	1.052564e+00
1220	1.058174e+00
1221	1.068920e+00
1222	1.081801e+00
1223	1.094824e+00
1224	1.106648e+00
1225	1.117012e+00
1226	1.125503e+00
1227	1.131818e+00
1228	1.133698e+00
1229	1.132723e+00
1230	1.129122e+00
1231	1.120049e+00
1232	1.109817e+00
1233	1.100077e+00
1234	1.091622e+00
1235	1.084361e+00
1236	1.079002e+00
1237	1.076781e+00
1238	1.077823e+00
1239	1.080993e+00
1240	1.085968e+00
1241	1.091681e+00
1242	1.098931e+00
1243	1.105055e+00
1244	1.110573e+00
1245	1.115266e+00
1246	1.115689e+00
1247	1.113620e+00
1248	1.109768e+00
1249	1.104958e+00
1250	1.100170e+00
1251	1.096118e+00
1252	1.093375e+00
1253	1.091811e+00
1254	1.091610e+00
1255	1.092050e+00
1256	1.093994e+00
1257	1.096287e+00
1258	1.096529e+00
1259	1.097328e+00
1260	1.097608e+00
1261	1.096585e+00
1262	1.093037e+00
1263	1.087558e+00
1264	1.082689e+00
1265	1.078144e+00
1266	1.074242e+00
1267	1.072124e+00
1268	1.072302e+00
1269	1.075497e+00
1270	1.079151e+00
1271	1.085088e+00
1272	1.092223e+00
1273	1.100131e+00
1274	1.107715e+00
1275	1.114077e+00
1276	1.119052e+00
1277	1.122723e+00
1278	1.123219e+00
1279	1.122730e+00
1280	1.120636e+00
1281	1.116246e+00
1282	1.108988e+00
1283	1.100592e+00
1284	1.091300e+00
1285	1.080930e+00
1286	1.071824e+00
1287	1.065797e+00
1288	1.061555e+00
1289	1.061431e+00
1290	1.064782e+00
1291	1.071162e+00
1292	1.078150e+00
1293	1.085922e+00
1294	1.094258e+00
1295	1.102539e+00
1296	1.109888e+00
1297	1.116471e+00
1298	1.121904e+00
1299	1.126105e+00
1300	1.128622e+00
1301	1.128589e+00
1302	1.125267e+00
1303	1.119943e+00
1304	1.112956e+00
1305	1.106937e+00
1306	1.098836e+00
1307	1.089775e+00
1308	1.081852e+00
1309	1.075029e+00
1310	1.069398e+00
1311	1.066722e+00
1312	1.067040e+00
1313	1.070378e+00
1314	1.075928e+00
1315	1.084574e+00
1316	1.095555e+00
1317	1.106390e+00
1318	1.116612e+00
1319	1.124856e+00
1320	1.130919e+00
1321	1.133311e+00
1322	1.133065e+00
1323	1.129644e+00
1324	1.124419e+00
1325	1.116976e+00
1326	1.106013e+00
1327	1.093018e+00
1328	1.079200e+00
1329	1.067016e+00
1330	1.056084e+00
1331	1.048650e+00
1332	1.046991e+00
1333	1.049011e+00
1334	1.054813e+00
1335	1.065993e+00
1336	1.079653e+00
1337	1.092800e+00
1338	1.107516e+00
1339	1.121774e+00
1340	1.133189e+00
1341	1.140451e+00
1342	1.143102e+00
1343	1.141316e+00
1344	1.135971e+00
1345	1.127614e+00
1346	1.115625e+00
1347	1.102569e+00
1348	1.089001e+00
1349	1.076734e+00
1350	1.066727e+00
1351	1.060787e+00
1352	1.056816e+00
1353	1.055756e+00
1354	1.058150e+00
1355	1.062453e+00
1356	1.070017e+00
1357	1.081335e+00
1358	1.095044e+00
1359	1.108464e+00
1360	1.120037e+00
1361	1.129678e+00
1362	1.137265e+00
1363	1.141099e+00
1364	1.140388e+00
1365	1.137484e+00
1366	1.130537e+00
1367	1.120271e+00
1368	1.108732e+00
1369	1.096721e+00
1370	1.085311e+00
1371	1.073004e+00
1372	1.063220e+00
1373	1.057828e+00
1374	1.057867e+00
1375	1.060531e+00
1376	1.065063e+00
1377	1.071124e+00
1378	1.077451e+00
1379	1.084709e+00
1380	1.092422e+00
1381	1.099556e+00
1382	1.105704e+00
1383	1.111340e+00
1384	1.115367e+00
1385	1.117740e+00
1386	1.119137e+00
1387	1.117403e+00
1388	1.114168e+00
1389	1.109693e+00
1390	1.103237e+00
1391	1.095023e+00
1392	1.085843e+00
1393	1.077888e+00
1394	1.071401e+00
1395	1.067825e+00
1396	1.066771e+00
1397	1.069032e+00
1398	1.074616e+00
1399	1.082647e+00
1400	1.092214e+00
1401	1.102601e+00
1402	1.112853e+00
1403	1.122099e+00
1404	1.130530e+00
1405	1.135197e+00
1406	1.135526e+00
1407	1.131958e+00
1408	1.123341e+00
1409	1.112993e+00
1410	1.100845e+00
1411	1.089018e+00
1412	1.075647e+00
1413	1.063441e+00
1414	1.053449e+00
1415	1.047984e+00
1416	1.047583e+00
1417	1.051448e+00
1418	1.060656e+00
1419	1.071802e+00
1420	1.084146e+00
1421	1.096028e+00
1422	1.108481e+00
1423	1.119754e+00
1424	1.128671e+00
1425	1.134500e+00
1426	1.137507e+00
1427	1.138108e+00
1428	1.135253e+00
1429	1.128944e+00
1430	1.119652e+00
1431	1.108301e+00
1432	1.096682e+00
1433	1.085015e+00
1434	1.072835e+00
1435	1.063835e+00
1436	1.059542e+00
1437	1.059189e+00
1438	1.060800e+00
1439	1.064997e+00
1440	1.071549e+00
1441	1.081330e+00
1442	1.093735e+00
1443	1.107382e+00
1444	1.119992e+00
1445	1.129455e+00
1446	1.135643e+00
1447	1.136931e+00
1448	1.134895e+00
1449	1.129256e+00
1450	1.119816e+00
1451	1.108621e+00
1452	1.096125e+00
1453	1.083569e+00
1454	1.071344e+00
1455	1.060939e+00
1456	1.053933e+00
1457	1.051241e+00
1458	1.052631e+00
1459	1.058491e+00
1460	1.066587e+00
1461	1.077624e+00
1462	1.088428e+00
1463	1.099824e+00
1464	1.110747e+00
1465	1.119236e+00
1466	1.125107e+00
1467	1.128037e+00
1468	1.129110e+00
1469	1.127844e+00
1470	1.124924e+00
1471	1.119592e+00
1472	1.112163e+00
1473	1.103145e+00
1474	1.093627e+00
1475	1.084571e+00
1476	1.077406e+00
1477	1.071105e+00
1478	1.067556e+00
1479	1.067411e+00
1480	1.069166e+00
1481	1.071686e+00
1482	1.075614e+00
1483	1.078877e+00
1484	1.081722e+00
1485	1.083601e+00
1486	1.087065e+00
1487	1.092592e+00
1488	1.097250e+00
1489	1.101256e+00
1490	1.105947e+00
1491	1.109562e+00
1492	1.111008e+00
1493	1.110482e+00
1494	1.105586e+00
1495	1.099009e+00
1496	1.091012e+00
1497	1.083477e+00
1498	1.076789e+00
1499	1.071166e+00
1500	1.066520e+00
1501	1.063695e+00
1502	1.062461e+00
1503	1.062925e+00
1504	1.064062e+00
1505	1.067771e+00
1506	1.073285e+00
1507	1.079124e+00
1508	1.085170e+00
1509	1.090742e+00
1510	1.097309e+00
1511	1.102839e+00
1512	1.107861e+00
1513	1.113452e+00
1514	1.116647e+00
1515	1.117576e+00
1516	1.116533e+00
1517	1.112935e+00
1518	1.107487e+00
1519	1.100064e+00
1520	1.092032e+00
1521	1.084235e+00
1522	1.077220e+00
1523	1.072064e+00
1524	1.068440e+00
1525	1.066147e+00
1526	1.067191e+00
1527	1.070725e+00
1528	1.077166e+00
1529	1.084505e+00
1530	1.094163e+00
1531	1.102146e+00
1532	1.110075e+00
1533	1.115505e+00
1534	1.120367e+00
1535	1.123397e+00
1536	1.125288e+00
1537	1.123915e+00
1538	1.121082e+00
1539	1.115596e+00
1540	1.108432e+00
1541	1.101160e+00
1542	1.092934e+00
1543	1.085031e+00
1544	1.077329e+00
1545	1.073249e+00
1546	1.071672e+00
1547	1.072696e+00
1548	1.075519e+00
1549	1.080271e+00
1550	1.085815e+00
1551	1.092528e+00
1552	1.098867e+00
1553	1.105364e+00
1554	1.111234e+00
1555	1.117434e+00
1556	1.122134e+00
1557	1.122832e+00
1558	1.119908e+00
1559	1.115356e+00
1560	1.108563e+00
1561	1.099389e+00
1562	1.088983e+00
1563	1.078249e+00
1564	1.067855e+00
1565	1.060242e+00
1566	1.054806e+00
1567	1.051899e+00
1568	1.051772e+00
1569	1.055437e+00
1570	1.061638e+00
1571	1.069733e+00
1572	1.079375e+00
1573	1.088676e+00
1574	1.098244e+00
1575	1.105658e+00
1576	1.111991e+00
1577	1.116712e+00
1578	1.119395e+00
1579	1.119469e+00
1580	1.117184e+00
1581	1.112710e+00
1582	1.106988e+00
1583	1.099769e+00
1584	1.091692e+00
1585	1.082571e+00
1586	1.075020e+00
1587	1.068836e+00
1588	1.066197e+00
1589	1.066617e+00
1590	1.069637e+00
1591	1.075047e+00
1592	1.082045e+00
1593	1.091408e+00
1594	1.101491e+00
1595	1.110576e+00
1596	1.118753e+00
1597	1.124482e+00
1598	1.128029e+00
1599	1.127624e+00
1600	1.125159e+00
1601	1.122427e+00
1602	1.118005e+00
1603	1.111946e+00
1604	1.103859e+00
1605	1.094990e+00
1606	1.086467e+00
1607	1.079199e+00
1608	1.073286e+00
1609	1.069579e+00
1610	1.069085e+00
1611	1.069947e+00
1612	1.073627e+00
1613	1.080167e+00
1614	1.087364e+00
1615	1.095531e+00
1616	1.104470e+00
1617	1.113054e+00
1618	1.121054e+00
1619	1.125666e+00
1620	1.127772e+00
1621	1.126204e+00
1622	1.122548e+00
1623	1.115930e+00
1624	1.107839e+00
1625	1.099623e+00
1626	1.091934e+00
1627	1.086154e+00
1628	1.080331e+00
1629	1.076596e+00
1630	1.076100e+00
1631	1.078427e+00
1632	1.083050e+00
1633	1.089069e+00
1634	1.095895e+00
1635	1.102775e+00
1636	1.110920e+00
1637	1.118645e+00
1638	1.125561e+00
1639	1.128813e+00
1640	1.130534e+00
1641	1.129885e+00
1642	1.126537e+00
1643	1.121852e+00
1644	1.116153e+00
1645	1.108288e+00
1646	1.100990e+00
1647	1.091800e+00
1648	1.084223e+00
1649	1.078352e+00
1650	1.074379e+00
1651	1.072691e+00
1652	1.073485e+00
1653	1.075936e+00
1654	1.081113e+00
1655	1.087445e+00
1656	1.093526e+00
1657	1.099720e+00
1658	1.104810e+00
1659	1.108945e+00
1660	1.111373e+00
1661	1.112140e+00
1662	1.110958e+00
1663	1.109453e+00
1664	1.106385e+00
1665	1.102656e+00
1666	1.098112e+00
1667	1.093737e+00
1668	1.089961e+00
1669	1.085625e+00
1670	1.081249e+00
1671	1.078822e+00
1672	1.077018e+00
1673	1.075910e+00
1674	1.075038e+00
1675	1.075519e+00
1676	1.077589e+00
1677	1.080813e+00
1678	1.085561e+00
1679	1.091739e+00
1680	1.098230e+00
1681	1.104095e+00
1682	1.110549e+00
1683	1.115857e+00
1684	1.117971e+00
1685	1.119806e+00
1686	1.119047e+00
1687	1.114935e+00
1688	1.109398e+00
1689	1.103787e+00
1690	1.097772e+00
1691	1.090949e+00
1692	1.085272e+00
1693	1.081433e+00
1694	1.079409e+00
1695	1.078530e+00
1696	1.080523e+00
1697	1.083530e+00
1698	1.088148e+00
1699	1.094331e+00
1700	1.100730e+00
1701	1.106438e+00
1702	1.112117e+00
1703	1.115924e+00
1704	1.116861e+00
1705	1.115276e+00
1706	1.112747e+00
1707	1.108481e+00
1708	1.105194e+00
1709	1.099390e+00
1710	1.091815e+00
1711	1.083994e+00
1712	1.075751e+00
1713	1.068219e+00
1714	1.062662e+00
1715	1.060407e+00
1716	1.060600e+00
1717	1.064092e+00
1718	1.070051e+00
1719	1.077650e+00
1720	1.087099e+00
1721	1.096754e+00
1722	1.104039e+00
1723	1.110527e+00
1724	1.115702e+00
1725	1.119137e+00
1726	1.118650e+00
1727	1.116977e+00
1728	1.112677e+00
1729	1.106104e+00
1730	1.098678e+00
1731	1.090622e+00
1732	1.082911e+00
1733	1.075984e+00
1734	1.070881e+00
1735	1.067876e+00
1736	1.068753e+00
1737	1.071383e+00
1738	1.075513e+00
1739	1.082188e+00
1740	1.089876e+00
1741	1.098815e+00
1742	1.108573e+00
1743	1.117479e+00
1744	1.125091e+00
1745	1.131131e+00
1746	1.135552e+00
1747	1.136577e+00
1748	1.134217e+00
1749	1.128427e+00
1750	1.118743e+00
1751	1.106452e+00
1752	1.092456e+00
1753	1.078140e+00
1754	1.064407e+00
1755	1.052967e+00
1756	1.045865e+00
1757	1.042668e+00
1758	1.045817e+00
1759	1.053450e+00
1760	1.065259e+00
1761	1.079304e+00
1762	1.093285e+00
1763	1.105886e+00
1764	1.116507e+00
1765	1.125606e+00
1766	1.130311e+00
1767	1.132582e+00
1768	1.131096e+00
1769	1.126518e+00
1770	1.120918e+00
1771	1.111751e+00
1772	1.099688e+00
1773	1.087206e+00
1774	1.075145e+00
1775	1.065017e+00
1776	1.058800e+00
1777	1.055259e+00
1778	1.056621e+00
1779	1.060557e+00
1780	1.067501e+00
1781	1.077378e+00
1782	1.090044e+00
1783	1.102443e+00
1784	1.113484e+00
1785	1.122600e+00
1786	1.129142e+00
1787	1.131472e+00
1788	1.130682e+00
1789	1.125943e+00
1790	1.117588e+00
1791	1.106600e+00
1792	1.095144e+00
1793	1.083297e+00
1794	1.073059e+00
1795	1.065124e+00
1796	1.059997e+00
1797	1.057749e+00
1798	1.057688e+00
1799	1.061179e+00
1800	1.067756e+00
1801	1.077397e+00
1802	1.089120e+00
1803	1.100577e+00
1804	1.109444e+00
1805	1.115135e+00
1806	1.117452e+00
1807	1.117646e+00
1808	1.115471e+00
1809	1.111107e+00
1810	1.105582e+00
1811	1.099862e+00
1812	1.094494e+00
1813	1.089043e+00
1814	1.084514e+00
1815	1.080300e+00
1816	1.076434e+00
1817	1.074804e+00
1818	1.074984e+00
1819	1.078164e+00
1820	1.082120e+00
1821	1.086128e+00
1822	1.091624e+00
1823	1.097159e+00
1824	1.101633e+00
1825	1.107155e+00
1826	1.112386e+00
1827	1.116712e+00
1828	1.121526e+00
1829	1.124201e+00
1830	1.124823e+00
1831	1.122160e+00
1832	1.117396e+00
1833	1.111488e+00
1834	1.104945e+00
1835	1.096352e+00
1836	1.087382e+00
1837	1.079325e+00
1838	1.075079e+00
1839	1.072600e+00
1840	1.071696e+00
1841	1.073230e+00
1842	1.076433e+00
1843	1.081851e+00
1844	1.086764e+00
1845	1.091875e+00
1846	1.097441e+00
1847	1.101962e+00
1848	1.104893e+00
1849	1.104864e+00
1850	1.103145e+00
1851	1.101100e+00
1852	1.098716e+00
1853	1.095577e+00
1854	1.092368e+00
1855	1.089513e+00
1856	1.087028e+00
1857	1.083873e+00
1858	1.081663e+00
1859	1.081009e+00
1860	1.080804e+00
1861	1.082204e+00
1862	1.083803e+00
1863	1.087237e+00
1864	1.092012e+00
1865	1.098358e+00
1866	1.104666e+00
1867	1.109628e+00
1868	1.113098e+00
1869	1.115911e+00
1870	1.116407e+00
1871	1.116081e+00
1872	1.114963e+00
1873	1.112253e+00
1874	1.107450e+00
1875	1.100983e+00
1876	1.093116e+00
1877	1.086015e+00
1878	1.080721e+00
1879	1.075777e+00
1880	1.071891e+00
1881	1.070168e+00
1882	1.070844e+00
1883	1.074658e+00
1884	1.081868e+00
1885	1.090935e+00
1886	1.099320e+00
1887	1.107024e+00
1888	1.114439e+00
1889	1.121133e+00
1890	1.125019e+00
1891	1.126802e+00
1892	1.127240e+00
1893	1.127386e+00
1894	1.126981e+00
1895	1.123879e+00
1896	1.116748e+00
1897	1.108859e+00
1898	1.100353e+00
1899	1.092338e+00
1900	1.085654e+00
1901	1.080417e+00
1902	1.076214e+00
1903	1.075262e+00
1904	1.075409e+00
1905	1.075592e+00
1906	1.077493e+00
1907	1.080512e+00
1908	1.085077e+00
1909	1.091119e+00
1910	1.100079e+00
1911	1.109647e+00
1912	1.118953e+00
1913	1.127786e+00
1914	1.133530e+00
1915	1.137446e+00
1916	1.140092e+00
1917	1.139028e+00
1918	1.134789e+00
1919	1.126724e+00
1920	1.116167e+00
1921	1.105045e+00
1922	1.092924e+00
1923	1.080554e+00
1924	1.069916e+00
1925	1.060861e+00
1926	1.054358e+00
1927	1.052099e+00
1928	1.054738e+00
1929	1.061236e+00
1930	1.072489e+00
1931	1.085786e+00
1932	1.100827e+00
1933	1.113851e+00
1934	1.124482e+00
1935	1.133377e+00
1936	1.139627e+00
1937	1.142042e+00
1938	1.141895e+00
1939	1.137196e+00
1940	1.129547e+00
1941	1.118561e+00
1942	1.104205e+00
1943	1.088401e+00
1944	1.073158e+00
1945	1.060800e+00
1946	1.051706e+00
1947	1.046423e+00
1948	1.046539e+00
1949	1.052881e+00
1950	1.062802e+00
1951	1.076185e+00
1952	1.089379e+00
1953	1.104457e+00
1954	1.119486e+00
1955	1.132584e+00
1956	1.142385e+00
1957	1.148298e+00
1958	1.150629e+00
1959	1.147783e+00
1960	1.140869e+00
1961	1.132019e+00
1962	1.120303e+00
1963	1.107069e+00
1964	1.093547e+00
1965	1.080507e+00
1966	1.068643e+00
1967	1.058076e+00
1968	1.051381e+00
1969	1.048030e+00
1970	1.048434e+00
1971	1.053667e+00
1972	1.061518e+00
1973	1.072445e+00
1974	1.084548e+00
1975	1.096355e+00
1976	1.106979e+00
1977	1.115348e+00
1978	1.123670e+00
1979	1.127206e+00
1980	1.127136e+00
1981	1.123192e+00
1982	1.116759e+00
1983	1.108205e+00
1984	1.099092e+00
1985	1.088459e+00
1986	1.078363e+00
1987	1.069194e+00
1988	1.059931e+00
1989	1.054999e+00
1990	1.053441e+00
1991	1.054833e+00
1992	1.059414e+00
1993	1.067472e+00
1994	1.078345e+00
1995	1.090217e+00
1996	1.102565e+00
1997	1.112773e+00
1998	1.121068e+00
1999	1.127078e+00
2000	1.130601e+00
2001	1.131151e+00
2002	1.127811e+00
2003	1.120832e+00
2004	1.111944e+00
2005	1.101774e+00
2006	1.092406e+00
2007	1.085332e+00
2008	1.078335e+00
2009	1.074336e+00
2010	1.071249e+00
2011	1.071144e+00
2012	1.072786e+00
2013	1.074428e+00
2014	1.078887e+00
2015	1.086477e+00
2016	1.095809e+00
2017	1.103545e+00
2018	1.111527e+00
2019	1.118030e+00
2020	1.123377e+00
2021	1.125737e+00
2022	1.127430e+00
2023	1.127209e+00
2024	1.124249e+00
2025	1.118852e+00
2026	1.112841e+00
2027	1.105815e+00
2028	1.099336e+00
2029	1.092817e+00
2030	1.087959e+00
2031	1.084156e+00
2032	1.081815e+00
2033	1.083153e+00
2034	1.083724e+00
2035	1.086049e+00
2036	1.089593e+00
2037	1.094102e+00
2038	1.098365e+00
2039	1.103667e+00
2040	1.108611e+00
2041	1.113725e+00
2042	1.117194e+00
2043	1.120274e+00
2044	1.121847e+00
2045	1.120381e+00
2046	1.118383e+00
2047	1.115032e+00
2048	1.109915e+00
2049	1.103305e+00
2050	1.095517e+00
2051	1.088835e+00
2052	1.082617e+00
2053	1.077899e+00
2054	1.073006e+00
2055	1.069655e+00
2056	1.068921e+00
2057	1.070948e+00
2058	1.075226e+00
2059	1.082098e+00
2060	1.090560e+00
2061	1.098826e+00
2062	1.107680e+00
2063	1.115712e+00
2064	1.123452e+00
2065	1.129149e+00
2066	1.132641e+00
2067	1.134088e+00
2068	1.133574e+00
2069	1.130251e+00
2070	1.126895e+00
2071	1.120315e+00
2072	1.112349e+00
2073	1.102118e+00
2074	1.091673e+00
2075	1.082957e+00
2076	1.076142e+00
2077	1.071538e+00
2078	1.069155e+00
2079	1.067450e+00
2080	1.067173e+00
2081	1.069919e+00
2082	1.075471e+00
2083	1.083064e+00
2084	1.092066e+00
2085	1.101034e+00
2086	1.111232e+00
2087	1.119778e+00
2088	1.127986e+00
2089	1.134374e+00
2090	1.137947e+00
2091	1.138603e+00
2092	1.136430e+00
2093	1.132410e+00
2094	1.125711e+00
2095	1.115189e+00
2096	1.103992e+00
2097	1.092758e+00
2098	1.080722e+00
2099	1.072145e+00
2100	1.065831e+00
2101	1.063191e+00
2102	1.063795e+00
2103	1.067847e+00
2104	1.076319e+00
2105	1.087614e+00
2106	1.099908e+00
2107	1.113187e+00
2108	1.124555e+00
2109	1.133981e+00
2110	1.141575e+00
2111	1.145568e+00
2112	1.146210e+00
2113	1.144512e+00
2114	1.139969e+00
2115	1.132587e+00
2116	1.123477e+00
2117	1.111814e+00
2118	1.100229e+00
2119	1.089497e+00
2120	1.080779e+00
2121	1.073959e+00
2122	1.069693e+00
2123	1.068254e+00
2124	1.068579e+00
2125	1.071345e+00
2126	1.076156e+00
2127	1.082061e+00
2128	1.089129e+00
2129	1.095324e+00
2130	1.100542e+00
2131	1.106982e+00
2132	1.111263e+00
2133	1.112826e+00
2134	1.113457e+00
2135	1.114748e+00
2136	1.115895e+00
2137	1.114487e+00
2138	1.110628e+00
2139	1.106005e+00
2140	1.098518e+00
2141	1.092474e+00
2142	1.087199e+00
2143	1.082423e+00
2144	1.077383e+00
2145	1.075583e+00
2146	1.076624e+00
2147	1.079333e+00
2148	1.085312e+00
2149	1.093003e+00
2150	1.099784e+00
2151	1.106219e+00
2152	1.112252e+00
2153	1.117751e+00
2154	1.121605e+00
2155	1.123197e+00
2156	1.122566e+00
2157	1.121750e+00
2158	1.118987e+00
2159	1.114116e+00
2160	1.109324e+00
2161	1.105427e+00
2162	1.101337e+00
2163	1.098383e+00
2164	1.095107e+00
2165	1.092547e+00
2166	1.090658e+00
2167	1.090708e+00
2168	1.092890e+00
2169	1.097357e+00
2170	1.102593e+00
2171	1.109589e+00
2172	1.116892e+00
2173	1.121133e+00
2174	1.124288e+00
2175	1.124237e+00
2176	1.123326e+00
2177	1.120747e+00
2178	1.116673e+00
2179	1.110231e+00
2180	1.103895e+00
2181	1.098958e+00
2182	1.092731e+00
2183	1.086636e+00
2184	1.080682e+00
2185	1.075938e+00
2186	1.072781e+00
2187	1.070821e+00
2188	1.071438e+00
2189	1.073374e+00
2190	1.076438e+00
2191	1.080472e+00
2192	1.085715e+00
2193	1.092699e+00
2194	1.100216e+00
2195	1.106570e+00
2196	1.112731e+00
2197	1.117619e+00
2198	1.122837e+00
2199	1.127072e+00
2200	1.129168e+00
2201	1.128351e+00
2202	1.125000e+00
2203	1.119158e+00
2204	1.112552e+00
2205	1.103388e+00
2206	1.094217e+00
2207	1.085473e+00
2208	1.078207e+00
2209	1.072063e+00
2210	1.068883e+00
2211	1.068731e+00
2212	1.071422e+00
2213	1.076666e+00
2214	1.083936e+00
2215	1.093260e+00
2216	1.102868e+00
2217	1.112296e+00
2218	1.121975e+00
2219	1.128113e+00
2220	1.132153e+00
2221	1.132620e+00
2222	1.130036e+00
2223	1.124512e+00
2224	1.117376e+00
2225	1.107656e+00
2226	1.096513e+00
2227	1.084002e+00
2228	1.073636e+00
2229	1.063377e+00
2230	1.055454e+00
2231	1.050105e+00
2232	1.048938e+00
2233	1.050645e+00
2234	1.055396e+00
2235	1.063370e+00
2236	1.074483e+00
2237	1.087642e+00
2238	1.100825e+00
2239	1.111911e+00
2240	1.122918e+00
2241	1.130942e+00
2242	1.137078e+00
2243	1.138794e+00
2244	1.136834e+00
2245	1.132181e+00
2246	1.122699e+00
2247	1.112735e+00
2248	1.100780e+00
2249	1.090142e+00
2250	1.080396e+00
2251	1.071048e+00
2252	1.062615e+00
2253	1.057531e+00
2254	1.057150e+00
2255	1.061130e+00
2256	1.068766e+00
2257	1.079583e+00
2258	1.090134e+00
2259	1.101863e+00
2260	1.111869e+00
2261	1.120820e+00
2262	1.128507e+00
2263	1.132661e+00
2264	1.134262e+00
2265	1.133351e+00
2266	1.131234e+00
2267	1.128044e+00
2268	1.123663e+00
2269	1.117209e+00
2270	1.109825e+00
2271	1.102223e+00
2272	1.096006e+00
2273	1.089174e+00
2274	1.084058e+00
2275	1.078117e+00
2276	1.074600e+00
2277	1.073852e+00
2278	1.076306e+00
2279	1.081039e+00
2280	1.088967e+00
2281	1.099290e+00
2282	1.108766e+00
2283	1.117348e+00
2284	1.125146e+00
2285	1.130126e+00
2286	1.133240e+00
2287	1.135499e+00
2288	1.133338e+00
2289	1.126956e+00
2290	1.117883e+00
2291	1.108005e+00
2292	1.096959e+00
2293	1.086583e+00
2294	1.077130e+00
2295	1.068727e+00
2296	1.062435e+00
2297	1.058890e+00
2298	1.058422e+00
2299	1.058891e+00
2300	1.061288e+00
2301	1.066125e+00
2302	1.074818e+00
2303	1.084327e+00
2304	1.094457e+00
2305	1.104699e+00
2306	1.113951e+00
2307	1.123008e+00
2308	1.131004e+00
2309	1.137437e+00
2310	1.141756e+00
2311	1.142600e+00
2312	1.139986e+00
2313	1.134325e+00
2314	1.127554e+00
2315	1.118390e+00
2316	1.108990e+00
2317	1.098326e+00
2318	1.088349e+00
2319	1.079686e+00
2320	1.072381e+00
2321	1.067312e+00
2322	1.065106e+00
2323	1.066359e+00
2324	1.071520e+00
2325	1.079678e+00
2326	1.089461e+00
2327	1.100158e+00
2328	1.110864e+00
2329	1.121015e+00
2330	1.128440e+00
2331	1.134326e+00
2332	1.135997e+00
2333	1.135702e+00
2334	1.133419e+00
2335	1.129298e+00
2336	1.123234e+00
2337	1.114922e+00
2338	1.103943e+00
2339	1.093644e+00
2340	1.084262e+00
2341	1.075529e+00
2342	1.069221e+00
2343	1.066519e+00
2344	1.065864e+00
2345	1.067556e+00
2346	1.070315e+00
2347	1.073464e+00
2348	1.076666e+00
2349	1.082682e+00
2350	1.088793e+00
2351	1.093845e+00
2352	1.099181e+00
2353	1.104794e+00
2354	1.109153e+00
2355	1.111968e+00
2356	1.112472e+00
2357	1.112266e+00
2358	1.110333e+00
2359	1.108021e+00
2360	1.104902e+00
2361	1.100961e+00
2362	1.096980e+00
2363	1.093264e+00
2364	1.089648e+00
2365	1.087964e+00
2366	1.085441e+00
2367	1.082471e+00
2368	1.081628e+00
2369	1.081927e+00
2370	1.082898e+00
2371	1.085285e+00
2372	1.089912e+00
2373	1.096165e+00
2374	1.102640e+00
2375	1.107801e+00
2376	1.111959e+00
2377	1.115593e+00
2378	1.118406e+00
2379	1.121770e+00
2380	1.123272e+00
2381	1.124160e+00
2382	1.122976e+00
2383	1.119636e+00
2384	1.113766e+00
2385	1.106475e+00
2386	1.100969e+00
2387	1.094974e+00
2388	1.088598e+00
2389	1.081859e+00
2390	1.076013e+00
2391	1.073458e+00
2392	1.073937e+00
2393	1.078158e+00
2394	1.083600e+00
2395	1.090131e+00
2396	1.098389e+00
2397	1.108021e+00
2398	1.116735e+00
2399	1.122281e+00
2400	1.125192e+00
2401	1.124420e+00
2402	1.121741e+00
2403	1.118200e+00
2404	1.112644e+00
2405	1.105320e+00
2406	1.096714e+00
2407	1.088016e+00
2408	1.078949e+00
2409	1.071236e+00
2410	1.064182e+00
2411	1.059940e+00
2412	1.059029e+00
2413	1.059532e+00
2414	1.063271e+00
2415	1.069433e+00
2416	1.078315e+00
2417	1.087983e+00
2418	1.099153e+00
2419	1.110069e+00
2420	1.119230e+00
2421	1.126782e+00
2422	1.132030e+00
2423	1.134964e+00
2424	1.135144e+00
2425	1.132643e+00
2426	1.128400e+00
2427	1.121951e+00
2428	1.112097e+00
2429	1.100589e+00
2430	1.089362e+00
2431	1.078764e+00
2432	1.069100e+00
2433	1.059809e+00
2434	1.054365e+00
2435	1.054346e+00
2436	1.058285e+00
2437	1.067078e+00
2438	1.077849e+00
2439	1.090340e+00
2440	1.104050e+00
2441	1.117038e+00
2442	1.129642e+00
2443	1.139828e+00
2444	1.148361e+00
2445	1.152450e+00
2446	1.151729e+00
2447	1.146699e+00
2448	1.138376e+00
2449	1.127612e+00
2450	1.114501e+00
2451	1.101516e+00
2452	1.087928e+00
2453	1.076999e+00
2454	1.067523e+00
2455	1.061380e+00
2456	1.058619e+00
2457	1.060602e+00
2458	1.067002e+00
2459	1.074982e+00
2460	1.082833e+00
2461	1.091553e+00
2462	1.100131e+00
2463	1.109115e+00
2464	1.116325e+00
2465	1.122175e+00
2466	1.126201e+00
2467	1.127812e+00
2468	1.126876e+00
2469	1.124084e+00
2470	1.119407e+00
2471	1.113557e+00
2472	1.107457e+00
2473	1.100698e+00
2474	1.094016e+00
2475	1.086233e+00
2476	1.080137e+00
2477	1.076482e+00
2478	1.074225e+00
2479	1.074197e+00
2480	1.076070e+00
2481	1.078459e+00
2482	1.082064e+00
2483	1.086630e+00
2484	1.092016e+00
2485	1.096362e+00
2486	1.100755e+00
2487	1.106301e+00
2488	1.110419e+00
2489	1.112745e+00
2490	1.113212e+00
2491	1.112575e+00
2492	1.109892e+00
2493	1.106302e+00
2494	1.103167e+00
2495	1.099948e+00
2496	1.094743e+00
2497	1.089288e+00
2498	1.084638e+00
2499	1.081563e+00
2500	1.080280e+00
2501	1.081064e+00
2502	1.081991e+00
2503	1.082690e+00
2504	1.081887e+00
2505	1.083213e+00
2506	1.084768e+00
2507	1.084652e+00
2508	1.085184e+00
2509	1.086536e+00
2510	1.087086e+00
2511	1.088487e+00
2512	1.089084e+00
2513	1.090083e+00
2514	1.092204e+00
2515	1.093874e+00
2516	1.094563e+00
2517	1.094581e+00
2518	1.092813e+00
2519	1.090265e+00
2520	1.088492e+00
2521	1.086623e+00
2522	1.084679e+00
2523	1.082664e+00
2524	1.082590e+00
2525	1.082998e+00
2526	1.085310e+00
2527	1.089137e+00
2528	1.092402e+00
2529	1.096314e+00
2530	1.100130e+00
2531	1.103654e+00
2532	1.106606e+00
2533	1.107646e+00
2534	1.105966e+00
2535	1.103786e+00
2536	1.102449e+00
2537	1.099478e+00
2538	1.097995e+00
2539	1.096272e+00
2540	1.093941e+00
2541	1.092507e+00
2542	1.092429e+00
2543	1.094172e+00
2544	1.097287e+00
2545	1.100055e+00
2546	1.104839e+00
2547	1.108493e+00
2548	1.111656e+00
2549	1.113193e+00
2550	1.114236e+00
2551	1.114112e+00
2552	1.113570e+00
2553	1.112554e+00
2554	1.109296e+00
2555	1.105444e+00
2556	1.102013e+00
2557	1.099551e+00
2558	1.097012e+00
2559	1.094544e+00
2560	1.092461e+00
2561	1.090474e+00
2562	1.089068e+00
2563	1.087653e+00
2564	1.088276e+00
2565	1.091072e+00
2566	1.093986e+00
2567	1.097813e+00
2568	1.101909e+00
2569	1.105405e+00
2570	1.110196e+00
2571	1.114538e+00
2572	1.117492e+00
2573	1.118330e+00
2574	1.117354e+00
2575	1.114433e+00
2576	1.109384e+00
2577	1.104083e+00
2578	1.098244e+00
2579	1.092640e+00
2580	1.088047e+00
2581	1.084632e+00
2582	1.081954e+00
2583	1.080003e+00
2584	1.080006e+00
2585	1.081996e+00
2586	1.084727e+00
2587	1.085481e+00
2588	1.086933e+00
2589	1.087673e+00
2590	1.089114e+00
2591	1.092376e+00
2592	1.095172e+00
2593	1.099279e+00
2594	1.101800e+00
2595	1.102068e+00
2596	1.101279e+00
2597	1.097760e+00
2598	1.092981e+00
2599	1.088355e+00
2600	1.082422e+00
2601	1.075743e+00
2602	1.068932e+00
2603	1.063148e+00
2604	1.059281e+00
2605	1.057118e+00
2606	1.058105e+00
2607	1.062640e+00
2608	1.070118e+00
2609	1.080735e+00
2610	1.090857e+00
2611	1.099226e+00
2612	1.107234e+00
2613	1.114846e+00
2614	1.120482e+00
2615	1.123502e+00
2616	1.124121e+00
2617	1.122070e+00
2618	1.118434e+00
2619	1.113110e+00
2620	1.106798e+00
2621	1.099650e+00
2622	1.091539e+00
2623	1.081993e+00
2624	1.072965e+00
2625	1.066837e+00
2626	1.062786e+00
2627	1.060617e+00
2628	1.062276e+00
2629	1.066843e+00
2630	1.074599e+00
2631	1.084499e+00
2632	1.094784e+00
2633	1.104051e+00
2634	1.112942e+00
2635	1.119534e+00
2636	1.124086e+00
2637	1.126516e+00
2638	1.127743e+00
2639	1.127496e+00
2640	1.125035e+00
2641	1.120535e+00
2642	1.114178e+00
2643	1.106176e+00
2644	1.096043e+00
2645	1.086157e+00
2646	1.075629e+00
2647	1.067122e+00
2648	1.060987e+00
2649	1.058229e+00
2650	1.058969e+00
2651	1.063345e+00
2652	1.071476e+00
2653	1.080432e+00
2654	1.091951e+00
2655	1.102873e+00
2656	1.111228e+00
2657	1.118068e+00
2658	1.123876e+00
2659	1.127243e+00
2660	1.127760e+00
2661	1.124386e+00
2662	1.119619e+00
2663	1.109955e+00
2664	1.099678e+00
2665	1.089397e+00
2666	1.078377e+00
2667	1.068091e+00
2668	1.060315e+00
2669	1.055588e+00
2670	1.054652e+00
2671	1.055171e+00
2672	1.057156e+00
2673	1.063432e+00
2674	1.071873e+00
2675	1.080640e+00
2676	1.092394e+00
2677	1.104444e+00
2678	1.115979e+00
2679	1.125292e+00
2680	1.133382e+00
2681	1.137421e+00
2682	1.137444e+00
2683	1.134909e+00
2684	1.128348e+00
2685	1.119695e+00
2686	1.107716e+00
2687	1.094500e+00
2688	1.080807e+00
2689	1.070090e+00
2690	1.062774e+00
2691	1.057077e+00
2692	1.053575e+00
2693	1.052595e+00
2694	1.053847e+00
2695	1.059470e+00
2696	1.067038e+00
2697	1.077731e+00
2698	1.090422e+00
2699	1.101968e+00
2700	1.113196e+00
2701	1.122459e+00
2702	1.127770e+00
2703	1.130688e+00
2704	1.129673e+00
2705	1.124867e+00
2706	1.116689e+00
2707	1.107175e+00
2708	1.097472e+00
2709	1.086815e+00
2710	1.075478e+00
2711	1.064333e+00
2712	1.055641e+00
2713	1.048423e+00
2714	1.044779e+00
2715	1.043774e+00
2716	1.048426e+00
2717	1.058235e+00
2718	1.070798e+00
2719	1.086531e+00
2720	1.103822e+00
2721	1.120374e+00
2722	1.133255e+00
2723	1.143698e+00
2724	1.150733e+00
2725	1.153379e+00
2726	1.150919e+00
2727	1.144052e+00
2728	1.133926e+00
2729	1.120825e+00
2730	1.104695e+00
2731	1.089295e+00
2732	1.074051e+00
2733	1.060253e+00
2734	1.048202e+00
2735	1.040927e+00
2736	1.039379e+00
2737	1.043630e+00
2738	1.052242e+00
2739	1.064524e+00
2740	1.078642e+00
2741	1.094102e+00
2742	1.110578e+00
2743	1.125742e+00
2744	1.138469e+00
2745	1.147247e+00
2746	1.152539e+00
2747	1.153662e+00
2748	1.149762e+00
2749	1.141496e+00
2750	1.129547e+00
2751	1.115106e+00
2752	1.099821e+00
2753	1.085549e+00
2754	1.071260e+00
2755	1.058197e+00
2756	1.047125e+00
2757	1.041206e+00
2758	1.039880e+00
2759	1.043817e+00
2760	1.050619e+00
2761	1.062079e+00
2762	1.076571e+00
2763	1.093414e+00
2764	1.108553e+00
2765	1.121047e+00
2766	1.131382e+00
2767	1.137812e+00
2768	1.141953e+00
2769	1.141034e+00
2770	1.137326e+00
2771	1.129887e+00
2772	1.118633e+00
2773	1.105516e+00
2774	1.091119e+00
2775	1.076768e+00
2776	1.063214e+00
2777	1.052863e+00
2778	1.047163e+00
2779	1.045691e+00
2780	1.048806e+00
2781	1.055131e+00
2782	1.065222e+00
2783	1.077769e+00
2784	1.088887e+00
2785	1.099955e+00
2786	1.111016e+00
2787	1.120461e+00
2788	1.128333e+00
2789	1.131998e+00
2790	1.131376e+00
2791	1.127553e+00
2792	1.121443e+00
2793	1.111949e+00
2794	1.100908e+00
2795	1.088284e+00
2796	1.074380e+00
2797	1.062352e+00
2798	1.053282e+00
2799	1.047500e+00
2800	1.046381e+00
2801	1.049086e+00
2802	1.054843e+00
2803	1.063471e+00
2804	1.073213e+00
2805	1.085723e+00
2806	1.099621e+00
2807	1.113612e+00
2808	1.124499e+00
2809	1.133025e+00
2810	1.138201e+00
2811	1.140866e+00
2812	1.141350e+00
2813	1.139640e+00
2814	1.135230e+00
2815	1.126371e+00
2816	1.115496e+00
2817	1.103565e+00
2818	1.091041e+00
2819	1.081606e+00
2820	1.074071e+00
2821	1.069386e+00
2822	1.067203e+00
2823	1.068053e+00
2824	1.070500e+00
2825	1.075936e+00
2826	1.080695e+00
2827	1.086663e+00
2828	1.092965e+00
2829	1.098221e+00
2830	1.103350e+00
2831	1.107475e+00
2832	1.109517e+00
2833	1.110738e+00
2834	1.111450e+00
2835	1.110105e+00
2836	1.107645e+00
2837	1.104709e+00
2838	1.100637e+00
2839	1.095486e+00
2840	1.088869e+00
2841	1.083047e+00
2842	1.078875e+00
2843	1.076021e+00
2844	1.075042e+00
2845	1.075523e+00
2846	1.077067e+00
2847	1.079133e+00
2848	1.080660e+00
2849	1.083307e+00
2850	1.086241e+00
2851	1.091214e+00
2852	1.095484e+00
2853	1.098487e+00
2854	1.100148e+00
2855	1.100769e+00
2856	1.101389e+00
2857	1.101008e+00
2858	1.100485e+00
2859	1.100404e+00
2860	1.100402e+00
2861	1.097815e+00
2862	1.094117e+00
2863	1.091682e+00
2864	1.089316e+00
2865	1.087873e+00
2866	1.084984e+00
2867	1.080609e+00
2868	1.077053e+00
2869	1.076392e+00
2870	1.077776e+00
2871	1.079576e+00
2872	1.082061e+00
2873	1.083942e+00
2874	1.085214e+00
2875	1.087259e+00
2876	1.090733e+00
2877	1.095528e+00
2878	1.098133e+00
2879	1.100139e+00
2880	1.100257e+00
2881	1.097482e+00
2882	1.093678e+00
2883	1.090231e+00
2884	1.086420e+00
2885	1.086169e+00
2886	1.087735e+00
2887	1.090309e+00
2888	1.093286e+00
2889	1.094771e+00
2890	1.096311e+00
2891	1.097488e+00
2892	1.097700e+00
2893	1.096502e+00
2894	1.095422e+00
2895	1.094470e+00
2896	1.092748e+00
2897	1.091775e+00
2898	1.091545e+00
2899	1.092100e+00
2900	1.093400e+00
2901	1.094730e+00
2902	1.095510e+00
2903	1.095712e+00
2904	1.094338e+00
2905	1.094328e+00
2906	1.094719e+00
2907	1.095553e+00
2908	1.096887e+00
2909	1.099062e+00
2910	1.101332e+00
2911	1.104097e+00
2912	1.107716e+00
2913	1.108530e+00
2914	1.107823e+00
2915	1.105567e+00
2916	1.102581e+00
2917	1.099058e+00
2918	1.096264e+00
2919	1.094308e+00
2920	1.094438e+00
2921	1.095275e+00
2922	1.096468e+00
2923	1.096429e+00
2924	1.096445e+00
2925	1.096828e+00
2926	1.095784e+00
2927	1.095768e+00
2928	1.095524e+00
2929	1.094412e+00
2930	1.094829e+00
2931	1.095552e+00
2932	1.096536e+00
2933	1.098082e+00
2934	1.098682e+00
2935	1.098508e+00
2936	1.097413e+00
2937	1.096093e+00
2938	1.095524e+00
2939	1.096738e+00
2940	1.098632e+00
2941	1.100469e+00
2942	1.101535e+00
2943	1.101675e+00
2944	1.102264e+00
2945	1.100756e+00
2946	1.098845e+00
2947	1.096989e+00
2948	1.095086e+00
2949	1.092711e+00
2950	1.091502e+00
2951	1.090157e+00
2952	1.088143e+00
2953	1.087127e+00
2954	1.088370e+00
2955	1.088686e+00
2956	1.090562e+00
2957	1.094120e+00
2958	1.096590e+00
2959	1.099758e+00
2960	1.102581e+00
2961	1.105089e+00
2962	1.107285e+00
2963	1.107774e+00
2964	1.106572e+00
2965	1.104194e+00
2966	1.100998e+00
2967	1.098924e+00
2968	1.097971e+00
2969	1.095846e+00
2970	1.093746e+00
2971	1.092023e+00
2972	1.089764e+00
2973	1.086654e+00
2974	1.083303e+00
2975	1.080475e+00
2976	1.079026e+00
2977	1.076299e+00
2978	1.075889e+00
2979	1.078096e+00
2980	1.083330e+00
2981	1.089213e+00
2982	1.095544e+00
2983	1.100202e+00
2984	1.105134e+00
2985	1.109205e+00
2986	1.112863e+00
2987	1.115227e+00
2988	1.115122e+00
2989	1.112853e+00
2990	1.108264e+00
2991	1.103263e+00
2992	1.097577e+00
2993	1.092625e+00
2994	1.088739e+00
2995	1.084922e+00
2996	1.082060e+00
2997	1.080294e+00
2998	1.081264e+00
2999	1.083664e+00
3000	1.087259e+00
3001	1.091346e+00
3002	1.094785e+00
3003	1.098364e+00
3004	1.100232e+00
3005	1.103054e+00
3006	1.105066e+00
3007	1.107207e+00
3008	1.108871e+00
3009	1.110450e+00
3010	1.111387e+00
3011	1.111958e+00
3012	1.110822e+00
3013	1.108344e+00
3014	1.106018e+00
3015	1.103645e+00
3016	1.100360e+00
3017	1.098185e+00
3018	1.095538e+00
3019	1.092142e+00
3020	1.087846e+00
3021	1.082477e+00
3022	1.077616e+00
3023	1.075606e+00
3024	1.074440e+00
3025	1.073634e+00
3026	1.073662e+00
3027	1.075975e+00
3028	1.079024e+00
3029	1.084028e+00
3030	1.090045e+00
3031	1.096331e+00
3032	1.101031e+00
3033	1.105533e+00
3034	1.108557e+00
3035	1.108894e+00
3036	1.108520e+00
3037	1.107891e+00
3038	1.106264e+00
3039	1.104072e+00
3040	1.100455e+00
3041	1.096106e+00
3042	1.092605e+00
3043	1.091426e+00
3044	1.088427e+00
3045	1.085837e+00
3046	1.083786e+00
3047	1.083011e+00
3048	1.084246e+00
3049	1.085377e+00
3050	1.086372e+00
3051	1.088768e+00
3052	1.093175e+00
3053	1.097897e+00
3054	1.103487e+00
3055	1.108092e+00
3056	1.112684e+00
3057	1.117003e+00
3058	1.119583e+00
3059	1.120895e+00
3060	1.120044e+00
3061	1.117778e+00
3062	1.115082e+00
3063	1.110385e+00
3064	1.104180e+00
3065	1.097406e+00
3066	1.091125e+00
3067	1.087041e+00
3068	1.084875e+00
3069	1.084131e+00
3070	1.084895e+00
3071	1.087469e+00
3072	1.091559e+00
3073	1.095419e+00
3074	1.099377e+00
3075	1.104370e+00
3076	1.108155e+00
3077	1.110718e+00
3078	1.112843e+00
3079	1.113263e+00
3080	1.112950e+00
3081	1.111501e+00
3082	1.108725e+00
3083	1.105337e+00
3084	1.102921e+00
3085	1.101069e+00
3086	1.098272e+00
3087	1.094535e+00
3088	1.091445e+00
3089	1.090090e+00
3090	1.090082e+00
3091	1.090999e+00
3092	1.093205e+00
3093	1.094801e+00
3094	1.096934e+00
3095	1.100157e+00
3096	1.102587e+00
3097	1.103759e+00
3098	1.102914e+00
3099	1.101043e+00
3100	1.097779e+00
3101	1.094269e+00
3102	1.090838e+00
3103	1.087713e+00
3104	1.085777e+00
3105	1.083512e+00
3106	1.081910e+00
3107	1.081984e+00
3108	1.083665e+00
3109	1.085898e+00
3110	1.088477e+00
3111	1.091760e+00
3112	1.095125e+00
3113	1.097834e+00
3114	1.099932e+00
3115	1.100565e+00
3116	1.100983e+00
3117	1.100786e+00
3118	1.097961e+00
3119	1.094156e+00
3120	1.090781e+00
3121	1.087506e+00
3122	1.084232e+00
3123	1.081421e+00
3124	1.079216e+00
3125	1.078468e+00
3126	1.078081e+00
3127	1.078719e+00
3128	1.079537e+00
3129	1.081158e+00
3130	1.083589e+00
3131	1.086964e+00
3132	1.090216e+00
3133	1.094451e+00
3134	1.098931e+00
3135	1.101687e+00
3136	1.103937e+00
3137	1.106219e+00
3138	1.106119e+00
3139	1.105765e+00
3140	1.105343e+00
3141	1.104078e+00
3142	1.102295e+00
3143	1.100635e+00
3144	1.098523e+00
3145	1.097475e+00
3146	1.097588e+00
3147	1.096209e+00
3148	1.093212e+00
3149	1.091735e+00
3150	1.088629e+00
3151	1.085874e+00
3152	1.083336e+00
3153	1.082394e+00
3154	1.083028e+00
3155	1.084627e+00
3156	1.087182e+00
3157	1.090724e+00
3158	1.092687e+00
3159	1.096087e+00
3160	1.100052e+00
3161	1.101785e+00
3162	1.103862e+00
3163	1.105342e+00
3164	1.107865e+00
3165	1.108715e+00
3166	1.108325e+00
3167	1.108290e+00
3168	1.108594e+00
3169	1.108337e+00
3170	1.105136e+00
3171	1.100011e+00
3172	1.094966e+00
3173	1.089637e+00
3174	1.084392e+00
3175	1.078156e+00
3176	1.073725e+00
3177	1.071315e+00
3178	1.071739e+00
3179	1.075472e+00
3180	1.081555e+00
3181	1.089069e+00
3182	1.098170e+00
3183	1.108899e+00
3184	1.119429e+00
3185	1.128231e+00
3186	1.136919e+00
3187	1.143767e+00
3188	1.148007e+00
3189	1.148924e+00
3190	1.147306e+00
3191	1.142244e+00
3192	1.134153e+00
3193	1.122720e+00
3194	1.108576e+00
3195	1.093065e+00
3196	1.076843e+00
3197	1.062318e+00
3198	1.048546e+00
3199	1.040022e+00
3200	1.036938e+00
3201	1.038048e+00
3202	1.044189e+00
3203	1.055723e+00
3204	1.072295e+00
3205	1.090742e+00
3206	1.110999e+00
3207	1.130401e+00
3208	1.147061e+00
3209	1.158118e+00
3210	1.163858e+00
3211	1.163646e+00
3212	1.158658e+00
3213	1.148668e+00
3214	1.134357e+00
3215	1.118478e+00
3216	1.100948e+00
3217	1.084542e+00
3218	1.069578e+00
3219	1.056904e+00
3220	1.049175e+00
3221	1.044465e+00
3222	1.045693e+00
3223	1.051156e+00
3224	1.060454e+00
3225	1.071473e+00
3226	1.085223e+00
3227	1.099608e+00
3228	1.114349e+00
3229	1.127055e+00
3230	1.136461e+00
3231	1.143267e+00
3232	1.146202e+00
3233	1.146921e+00
3234	1.145084e+00
3235	1.139396e+00
3236	1.129817e+00
3237	1.116501e+00
3238	1.103370e+00
3239	1.088975e+00
3240	1.076218e+00
3241	1.066542e+00
3242	1.060490e+00
3243	1.057215e+00
3244	1.058570e+00
3245	1.063881e+00
3246	1.073468e+00
3247	1.086333e+00
3248	1.101808e+00
3249	1.116723e+00
3250	1.130429e+00
3251	1.141030e+00
3252	1.149122e+00
3253	1.154300e+00
3254	1.154132e+00
3255	1.150484e+00
3256	1.145666e+00
3257	1.139560e+00
3258	1.130753e+00
3259	1.120130e+00
3260	1.107513e+00
3261	1.094754e+00
3262	1.082945e+00
3263	1.073447e+00
3264	1.067374e+00
3265	1.065185e+00
3266	1.064801e+00
3267	1.068897e+00
3268	1.075811e+00
3269	1.083535e+00
3270	1.093532e+00
3271	1.104299e+00
3272	1.114874e+00
3273	1.124105e+00
3274	1.131328e+00
3275	1.135329e+00
3276	1.136032e+00
3277	1.132719e+00
3278	1.125470e+00
3279	1.115873e+00
3280	1.106114e+00
3281	1.094875e+00
3282	1.084448e+00
3283	1.073068e+00
3284	1.062546e+00
3285	1.055212e+00
3286	1.052465e+00
3287	1.053891e+00
3288	1.060135e+00
3289	1.068908e+00
3290	1.080235e+00
3291	1.093863e+00
3292	1.107304e+00
3293	1.119324e+00
3294	1.130589e+00
3295	1.138938e+00
3296	1.144343e+00
3297	1.145824e+00
3298	1.143644e+00
3299	1.138857e+00
3300	1.130601e+00
3301	1.118943e+00
3302	1.105505e+00
3303	1.090425e+00
3304	1.074488e+00
3305	1.061851e+00
3306	1.052912e+00
3307	1.048761e+00
3308	1.049470e+00
3309	1.054816e+00
3310	1.064210e+00
3311	1.076250e+00
3312	1.090230e+00
3313	1.105186e+00
3314	1.119239e+00
3315	1.132214e+00
3316	1.142833e+00
3317	1.150013e+00
3318	1.152971e+00
3319	1.151567e+00
3320	1.147008e+00
3321	1.139847e+00
3322	1.130347e+00
3323	1.117646e+00
3324	1.103715e+00
3325	1.090331e+00
3326	1.078405e+00
3327	1.069199e+00
3328	1.062757e+00
3329	1.061484e+00
3330	1.063866e+00
3331	1.069769e+00
3332	1.077759e+00
3333	1.088112e+00
3334	1.100418e+00
3335	1.113179e+00
3336	1.123741e+00
3337	1.132545e+00
3338	1.140461e+00
3339	1.145244e+00
3340	1.146810e+00
3341	1.145948e+00
3342	1.141013e+00
3343	1.134529e+00
3344	1.125959e+00
3345	1.115489e+00
3346	1.103210e+00
3347	1.091867e+00
3348	1.081179e+00
3349	1.070992e+00
3350	1.062937e+00
3351	1.058052e+00
3352	1.057991e+00
3353	1.061156e+00
3354	1.068350e+00
3355	1.078447e+00
3356	1.090662e+00
3357	1.102785e+00
3358	1.114710e+00
3359	1.124367e+00
3360	1.132395e+00
3361	1.137230e+00
3362	1.138116e+00
3363	1.135920e+00
3364	1.130847e+00
3365	1.123747e+00
3366	1.113720e+00
3367	1.101275e+00
3368	1.089448e+00
3369	1.078853e+00
3370	1.069798e+00
3371	1.063180e+00
3372	1.059886e+00
3373	1.059011e+00
3374	1.060241e+00
3375	1.064923e+00
3376	1.072037e+00
3377	1.079997e+00
3378	1.090869e+00
3379	1.101744e+00
3380	1.112964e+00
3381	1.122471e+00
3382	1.128881e+00
3383	1.132732e+00
3384	1.133020e+00
3385	1.130256e+00
3386	1.123956e+00
3387	1.115404e+00
3388	1.105767e+00
3389	1.095884e+00
3390	1.086004e+00
3391	1.077774e+00
3392	1.071251e+00
3393	1.067781e+00
3394	1.067532e+00
3395	1.068493e+00
3396	1.069913e+00
3397	1.072699e+00
3398	1.077243e+00
3399	1.083378e+00
3400	1.090494e+00
3401	1.097746e+00
3402	1.104794e+00
3403	1.111187e+00
3404	1.116110e+00
3405	1.118853e+00
3406	1.120753e+00
3407	1.121877e+00
3408	1.121701e+00
3409	1.120701e+00
3410	1.118905e+00
3411	1.116453e+00
3412	1.111988e+00
3413	1.106198e+00
3414	1.100712e+00
3415	1.095623e+00
3416	1.091673e+00
3417	1.088303e+00
3418	1.085736e+00
3419	1.085735e+00
3420	1.088196e+00
3421	1.093482e+00
3422	1.099995e+00
3423	1.107089e+00
3424	1.113527e+00
3425	1.117804e+00
3426	1.120673e+00
3427	1.120179e+00
3428	1.118922e+00
3429	1.115470e+00
3430	1.108655e+00
3431	1.099582e+00
3432	1.090483e+00
3433	1.081620e+00
3434	1.074815e+00
3435	1.068892e+00
3436	1.066050e+00
3437	1.064775e+00
3438	1.066830e+00
3439	1.071746e+00
3440	1.079504e+00
3441	1.089532e+00
3442	1.098969e+00
3443	1.108290e+00
3444	1.116146e+00
3445	1.122995e+00
3446	1.126995e+00
3447	1.128652e+00
3448	1.127729e+00
3449	1.122521e+00
3450	1.115659e+00
3451	1.105908e+00
3452	1.095402e+00
3453	1.084902e+00
3454	1.074764e+00
3455	1.066114e+00
3456	1.058784e+00
3457	1.053833e+00
3458	1.053133e+00
3459	1.056383e+00
3460	1.063253e+00
3461	1.072931e+00
3462	1.084446e+00
3463	1.094916e+00
3464	1.105335e+00
3465	1.115185e+00
3466	1.123519e+00
3467	1.129810e+00
3468	1.133150e+00
3469	1.134128e+00
3470	1.132370e+00
3471	1.127586e+00
3472	1.119830e+00
3473	1.109644e+00
3474	1.098233e+00
3475	1.086732e+00
3476	1.076349e+00
3477	1.066907e+00
3478	1.060068e+00
3479	1.056267e+00
3480	1.058203e+00
3481	1.064304e+00
3482	1.072428e+00
3483	1.083472e+00
3484	1.095815e+00
3485	1.108747e+00
3486	1.119091e+00
3487	1.128226e+00
3488	1.137448e+00
3489	1.144667e+00
3490	1.151049e+00
3491	1.153941e+00
3492	1.153371e+00
3493	1.149350e+00
3494	1.142000e+00
3495	1.132041e+00
3496	1.119867e+00
3497	1.106875e+00
3498	1.094288e+00
3499	1.081812e+00
3500	1.070712e+00
3501	1.061305e+00
3502	1.055558e+00
3503	1.054282e+00
3504	1.056291e+00
3505	1.062419e+00
3506	1.072659e+00
3507	1.084809e+00
3508	1.098535e+00
3509	1.113151e+00
3510	1.125221e+00
3511	1.132203e+00
3512	1.136980e+00
3513	1.139118e+00
3514	1.138106e+00
3515	1.133628e+00
3516	1.126326e+00
3517	1.114835e+00
3518	1.101213e+00
3519	1.087035e+00
3520	1.073345e+00
3521	1.061667e+00
3522	1.051806e+00
3523	1.044391e+00
3524	1.042543e+00
3525	1.044906e+00
3526	1.051435e+00
3527	1.061954e+00
3528	1.076031e+00
3529	1.091021e+00
3530	1.106597e+00
3531	1.120040e+00
3532	1.130767e+00
3533	1.137897e+00
3534	1.141783e+00
3535	1.142444e+00
3536	1.139490e+00
3537	1.133600e+00
3538	1.126175e+00
3539	1.115517e+00
3540	1.100509e+00
3541	1.085320e+00
3542	1.069870e+00
3543	1.057371e+00
3544	1.048395e+00
3545	1.043099e+00
3546	1.043099e+00
3547	1.048252e+00
3548	1.055901e+00
3549	1.065678e+00
3550	1.078168e+00
3551	1.090913e+00
3552	1.103300e+00
3553	1.114910e+00
3554	1.125671e+00
3555	1.133871e+00
3556	1.139031e+00
3557	1.140745e+00
3558	1.139040e+00
3559	1.133904e+00
3560	1.126318e+00
3561	1.116272e+00
3562	1.104605e+00
3563	1.092724e+00
3564	1.080011e+00
3565	1.067975e+00
3566	1.060056e+00
3567	1.054258e+00
3568	1.053549e+00
3569	1.057888e+00
3570	1.067418e+00
3571	1.079011e+00
3572	1.093723e+00
3573	1.108077e+00
3574	1.121078e+00
3575	1.131576e+00
3576	1.138416e+00
3577	1.141858e+00
3578	1.140954e+00
3579	1.137729e+00
3580	1.130853e+00
3581	1.119900e+00
3582	1.108163e+00
3583	1.095795e+00
3584	1.083884e+00
3585	1.073724e+00
3586	1.066085e+00
3587	1.061247e+00
3588	1.061370e+00
3589	1.065005e+00
3590	1.070736e+00
3591	1.079132e+00
3592	1.089475e+00
3593	1.099034e+00
3594	1.107106e+00
3595	1.113077e+00
3596	1.116452e+00
3597	1.117517e+00
3598	1.117307e+00
3599	1.115068e+00
3600	1.109730e+00
3601	1.103053e+00
3602	1.097041e+00
3603	1.092617e+00
3604	1.089034e+00
3605	1.085839e+00
3606	1.083975e+00
3607	1.083715e+00
3608	1.083757e+00
3609	1.083062e+00
3610	1.084292e+00
3611	1.087832e+00
3612	1.092167e+00
3613	1.096159e+00
3614	1.099922e+00
3615	1.102802e+00
3616	1.106293e+00
3617	1.109612e+00
3618	1.112023e+00
3619	1.111496e+00
3620	1.110458e+00
3621	1.106215e+00
3622	1.101347e+00
3623	1.094272e+00
3624	1.087278e+00
3625	1.080670e+00
3626	1.074619e+00
3627	1.070588e+00
3628	1.067599e+00
3629	1.065776e+00
3630	1.066429e+00
3631	1.069533e+00
3632	1.074677e+00
3633	1.081878e+00
3634	1.088377e+00
3635	1.095396e+00
3636	1.102087e+00
3637	1.105909e+00
3638	1.108751e+00
3639	1.109537e+00
3640	1.107472e+00
3641	1.103716e+00
3642	1.099560e+00
3643	1.094662e+00
3644	1.087107e+00
3645	1.080569e+00
3646	1.074469e+00
3647	1.069400e+00
3648	1.066431e+00
3649	1.065583e+00
3650	1.065756e+00
3651	1.065751e+00
3652	1.069843e+00
3653	1.075399e+00
3654	1.081556e+00
3655	1.089974e+00
3656	1.098771e+00
3657	1.108374e+00
3658	1.116614e+00
3659	1.121007e+00
3660	1.123272e+00
3661	1.123252e+00
3662	1.121173e+00
3663	1.116399e+00
3664	1.109961e+00
3665	1.101807e+00
3666	1.094146e+00
3667	1.085766e+00
3668	1.078225e+00
3669	1.073798e+00
3670	1.071899e+00
3671	1.073993e+00
3672	1.079051e+00
3673	1.086402e+00
3674	1.095676e+00
3675	1.104894e+00
3676	1.113439e+00
3677	1.119417e+00
3678	1.123911e+00
3679	1.127627e+00
3680	1.128225e+00
3681	1.126277e+00
3682	1.122699e+00
3683	1.118565e+00
3684	1.113747e+00
3685	1.107029e+00
3686	1.100262e+00
3687	1.092000e+00
3688	1.085063e+00
3689	1.079018e+00
3690	1.074054e+00
3691	1.071971e+00
3692	1.072768e+00
3693	1.076734e+00
3694	1.081929e+00
3695	1.086669e+00
3696	1.093352e+00
3697	1.099396e+00
3698	1.104161e+00
3699	1.107283e+00
3700	1.109081e+00
3701	1.109505e+00
3702	1.108702e+00
3703	1.108219e+00
3704	1.107610e+00
3705	1.104657e+00
3706	1.101024e+00
3707	1.097421e+00
3708	1.093379e+00
3709	1.089266e+00
3710	1.087037e+00
3711	1.083958e+00
3712	1.082334e+00
3713	1.082500e+00
3714	1.083674e+00
3715	1.086406e+00
3716	1.089638e+00
3717	1.093670e+00
3718	1.099653e+00
3719	1.106032e+00
3720	1.112426e+00
3721	1.117885e+00
3722	1.122323e+00
3723	1.124956e+00
3724	1.124871e+00
3725	1.122031e+00
3726	1.116590e+00
3727	1.110442e+00
3728	1.104521e+00
3729	1.098113e+00
3730	1.091819e+00
3731	1.086158e+00
3732	1.081592e+00
3733	1.078355e+00
3734	1.076142e+00
3735	1.074984e+00
3736	1.075276e+00
3737	1.077282e+00
3738	1.082258e+00
3739	1.089165e+00
3740	1.097606e+00
3741	1.105109e+00
3742	1.111994e+00
3743	1.118622e+00
3744	1.124259e+00
3745	1.127532e+00
3746	1.129043e+00
3747	1.128307e+00
3748	1.126975e+00
3749	1.124019e+00
3750	1.119463e+00
3751	1.115075e+00
3752	1.109223e+00
3753	1.103912e+00
3754	1.099445e+00
3755	1.095109e+00
3756	1.092022e+00
3757	1.089657e+00
3758	1.089350e+00
3759	1.092006e+00
3760	1.095075e+00
3761	1.101348e+00
3762	1.107030e+00
3763	1.113276e+00
3764	1.121855e+00
3765	1.130156e+00
3766	1.136657e+00
3767	1.140581e+00
3768	1.142456e+00
3769	1.143349e+00
3770	1.141930e+00
3771	1.138631e+00
3772	1.132413e+00
3773	1.124262e+00
3774	1.116072e+00
3775	1.106160e+00
3776	1.097836e+00
3777	1.091062e+00
3778	1.087149e+00
3779	1.086197e+00
3780	1.086859e+00
3781	1.088712e+00
3782	1.094366e+00
3783	1.101172e+00
3784	1.107890e+00
3785	1.113815e+00
3786	1.117652e+00
3787	1.120002e+00
3788	1.120463e+00
3789	1.118943e+00
3790	1.115416e+00
3791	1.110016e+00
3792	1.103753e+00
3793	1.096641e+00
3794	1.089133e+00
3795	1.082282e+00
3796	1.079249e+00
3797	1.076241e+00
3798	1.076729e+00
3799	1.078132e+00
3800	1.080421e+00
3801	1.084555e+00
3802	1.090837e+00
3803	1.097248e+00
3804	1.103327e+00
3805	1.108151e+00
3806	1.111070e+00
3807	1.111926e+00
3808	1.111173e+00
3809	1.109921e+00
3810	1.107759e+00
3811	1.105109e+00
3812	1.102769e+00
3813	1.099227e+00
3814	1.096235e+00
3815	1.094917e+00
3816	1.094246e+00
3817	1.092932e+00
3818	1.092704e+00
3819	1.094367e+00
3820	1.097018e+00
3821	1.100021e+00
3822	1.103123e+00
3823	1.106484e+00
3824	1.109632e+00
3825	1.112116e+00
3826	1.113545e+00
3827	1.114353e+00
3828	1.115258e+00
3829	1.114198e+00
3830	1.112303e+00
3831	1.109538e+00
3832	1.107086e+00
3833	1.104430e+00
3834	1.101058e+00
3835	1.098064e+00
3836	1.095156e+00
3837	1.090922e+00
3838	1.088161e+00
3839	1.085999e+00
3840	1.086071e+00
3841	1.087188e+00
3842	1.087364e+00
3843	1.088952e+00
3844	1.090317e+00
3845	1.092535e+00
3846	1.094331e+00
3847	1.096272e+00
3848	1.098586e+00
3849	1.101976e+00
3850	1.104252e+00
3851	1.106103e+00
3852	1.106151e+00
3853	1.104993e+00
3854	1.102503e+00
3855	1.098973e+00
3856	1.097200e+00
3857	1.094307e+00
3858	1.093018e+00
3859	1.092114e+00
3860	1.091261e+00
3861	1.090940e+00
3862	1.090512e+00
3863	1.089111e+00
3864	1.089431e+00
3865	1.091137e+00
3866	1.093506e+00
3867	1.095569e+00
3868	1.098215e+00
3869	1.101852e+00
3870	1.103325e+00
3871	1.107627e+00
3872	1.110260e+00
3873	1.113781e+00
3874	1.116844e+00
3875	1.118967e+00
3876	1.118415e+00
3877	1.116325e+00
3878	1.113281e+00
3879	1.109540e+00
3880	1.106429e+00
3881	1.101965e+00
3882	1.096948e+00
3883	1.091376e+00
3884	1.085412e+00
3885	1.081173e+00
3886	1.077968e+00
3887	1.077484e+00
3888	1.078169e+00
3889	1.081491e+00
3890	1.085766e+00
3891	1.090848e+00
3892	1.097690e+00
3893	1.105710e+00
3894	1.113800e+00
3895	1.120468e+00
3896	1.125589e+00
3897	1.128324e+00
3898	1.129262e+00
3899	1.126825e+00
3900	1.121648e+00
3901	1.114026e+00
3902	1.106257e+00
3903	1.098483e+00
3904	1.089663e+00
3905	1.082373e+00
3906	1.075293e+00
3907	1.071402e+00
3908	1.071004e+00
3909	1.072589e+00
3910	1.077483e+00
3911	1.083768e+00
3912	1.091112e+00
3913	1.101276e+00
3914	1.111693e+00
3915	1.121307e+00
3916	1.127839e+00
3917	1.132888e+00
3918	1.135243e+00
3919	1.135615e+00
3920	1.133614e+00
3921	1.129831e+00
3922	1.123223e+00
3923	1.114801e+00
3924	1.103999e+00
3925	1.094180e+00
3926	1.085454e+00
3927	1.077686e+00
3928	1.072956e+00
3929	1.071700e+00
3930	1.072561e+00
3931	1.075305e+00
3932	1.080346e+00
3933	1.087515e+00
3934	1.095211e+00
3935	1.103168e+00
3936	1.109845e+00
3937	1.117372e+00
3938	1.122427e+00
3939	1.126411e+00
3940	1.128756e+00
3941	1.127688e+00
3942	1.123765e+00
3943	1.118738e+00
3944	1.113829e+00
3945	1.107960e+00
3946	1.100994e+00
3947	1.094115e+00
3948	1.088939e+00
3949	1.085705e+00
3950	1.084115e+00
3951	1.084570e+00
3952	1.085677e+00
3953	1.087381e+00
3954	1.089662e+00
3955	1.093997e+00
3956	1.100526e+00
3957	1.106432e+00
3958	1.111784e+00
3959	1.116784e+00
3960	1.120256e+00
3961	1.121135e+00
3962	1.120263e+00
3963	1.117034e+00
3964	1.112572e+00
3965	1.106808e+00
3966	1.100385e+00
3967	1.093783e+00
3968	1.087234e+00
3969	1.082342e+00
3970	1.079589e+00
3971	1.077733e+00
3972	1.079086e+00
3973	1.081172e+00
3974	1.084198e+00
3975	1.089553e+00
3976	1.095201e+00
3977	1.100888e+00
3978	1.107685e+00
3979	1.112311e+00
3980	1.116316e+00
3981	1.118135e+00
3982	1.117737e+00
3983	1.116464e+00
3984	1.114218e+00
3985	1.111203e+00
3986	1.108172e+00
3987	1.105726e+00
3988	1.102663e+00
3989	1.099428e+00
3990	1.095241e+00
3991	1.092790e+00
3992	1.091213e+00
3993	1.090396e+00
3994	1.088194e+00
3995	1.088261e+00
3996	1.089668e+00
3997	1.091394e+00
3998	1.094113e+00
3999	1.099039e+00
4000	1.102415e+00
4001	1.104334e+00
4002	1.105951e+00
4003	1.108158e+00
4004	1.110266e+00
4005	1.109924e+00
4006	1.108168e+00
4007	1.106223e+00
4008	1.103131e+00
4009	1.099572e+00
4010	1.095637e+00
4011	1.091654e+00
4012	1.087092e+00
4013	1.083280e+00
4014	1.081664e+00
4015	1.082570e+00
4016	1.084883e+00
4017	1.089563e+00
4018	1.095989e+00
4019	1.103581e+00
4020	1.110904e+00
4021	1.116424e+00
4022	1.120736e+00
4023	1.121195e+00
4024	1.120393e+00
4025	1.117008e+00
4026	1.112361e+00
4027	1.106310e+00
4028	1.099227e+00
4029	1.092028e+00
4030	1.084655e+00
4031	1.078016e+00
4032	1.072093e+00
4033	1.068886e+00
4034	1.068071e+00
4035	1.071237e+00
4036	1.076693e+00
4037	1.083041e+00
4038	1.091125e+00
4039	1.099601e+00
4040	1.107464e+00
4041	1.115525e+00
4042	1.121699e+00
4043	1.126448e+00
4044	1.128582e+00
4045	1.127497e+00
4046	1.126257e+00
4047	1.122107e+00
4048	1.117353e+00
4049	1.111219e+00
4050	1.103893e+00
4051	1.096702e+00
4052	1.089427e+00
4053	1.084512e+00
4054	1.080324e+00
4055	1.078723e+00
4056	1.078620e+00
4057	1.079604e+00
4058	1.081651e+00
4059	1.083974e+00
4060	1.087950e+00
4061	1.093228e+00
4062	1.098880e+00
4063	1.103027e+00
4064	1.106169e+00
4065	1.108847e+00
4066	1.110671e+00
4067	1.110760e+00
4068	1.109777e+00
4069	1.105984e+00
4070	1.102566e+00
4071	1.098257e+00
4072	1.094066e+00
4073	1.088979e+00
4074	1.083624e+00
4075	1.080083e+00
4076	1.077906e+00
4077	1.076180e+00
4078	1.077399e+00
4079	1.080113e+00
4080	1.084057e+00
4081	1.089748e+00
4082	1.096605e+00
4083	1.104408e+00
4084	1.110849e+00
4085	1.115964e+00
4086	1.121445e+00
4087	1.124137e+00
4088	1.124882e+00
4089	1.124858e+00
4090	1.121608e+00
4091	1.116949e+00
4092	1.111199e+00
4093	1.102434e+00
4094	1.094029e+00
4095	1.087071e+00
4096	1.081595e+00
4097	1.077389e+00
4098	1.074732e+00
4099	1.074253e+00
4100	1.075360e+00
4101	1.078837e+00
4102	1.083776e+00
4103	1.092100e+00
4104	1.100515e+00
4105	1.108138e+00
4106	1.113797e+00
4107	1.118222e+00
4108	1.120772e+00
4109	1.120617e+00
4110	1.119805e+00
4111	1.116745e+00
4112	1.110805e+00
4113	1.105070e+00
4114	1.100606e+00
4115	1.095724e+00
4116	1.091383e+00
4117	1.087461e+00
4118	1.084116e+00
4119	1.081264e+00
4120	1.079695e+00
4121	1.078809e+00
4122	1.078642e+00
4123	1.079109e+00
4124	1.079314e+00
4125	1.082850e+00
4126	1.088834e+00
4127	1.095893e+00
4128	1.103897e+00
4129	1.112806e+00
4130	1.121425e+00
4131	1.127460e+00
4132	1.131759e+00
4133	1.132064e+00
4134	1.130729e+00
4135	1.126499e+00
4136	1.120259e+00
4137	1.111999e+00
4138	1.103415e+00
4139	1.094155e+00
4140	1.085333e+00
4141	1.077316e+00
4142	1.071635e+00
4143	1.069690e+00
4144	1.071099e+00
4145	1.076263e+00
4146	1.082749e+00
4147	1.091589e+00
4148	1.101246e+00
4149	1.111104e+00
4150	1.121528e+00
4151	1.129179e+00
4152	1.135132e+00
4153	1.138662e+00
4154	1.141844e+00
4155	1.142235e+00
4156	1.139765e+00
4157	1.135161e+00
4158	1.128553e+00
4159	1.119665e+00
4160	1.109138e+00
4161	1.097897e+00
4162	1.084532e+00
4163	1.073871e+00
4164	1.066464e+00
4165	1.063280e+00
4166	1.063854e+00
4167	1.065677e+00
4168	1.070093e+00
4169	1.076260e+00
4170	1.083747e+00
4171	1.091899e+00
4172	1.100973e+00
4173	1.110785e+00
4174	1.118671e+00
4175	1.124814e+00
4176	1.129633e+00
4177	1.131981e+00
4178	1.131196e+00
4179	1.124750e+00
4180	1.116906e+00
4181	1.108391e+00
4182	1.099728e+00
4183	1.091084e+00
4184	1.082684e+00
4185	1.077019e+00
4186	1.072828e+00
4187	1.070387e+00
4188	1.071447e+00
4189	1.076484e+00
4190	1.084031e+00
4191	1.092180e+00
4192	1.100639e+00
4193	1.109724e+00
4194	1.117295e+00
4195	1.124343e+00
4196	1.130200e+00
4197	1.134421e+00
4198	1.136632e+00
4199	1.136163e+00
4200	1.133590e+00
4201	1.128939e+00
4202	1.121173e+00
4203	1.112811e+00
4204	1.102749e+00
4205	1.092507e+00
4206	1.083291e+00
4207	1.075328e+00
4208	1.069868e+00
4209	1.067014e+00
4210	1.067969e+00
4211	1.070844e+00
4212	1.076269e+00
4213	1.085334e+00
4214	1.095596e+00
4215	1.106355e+00
4216	1.116939e+00
4217	1.127321e+00
4218	1.134701e+00
4219	1.138564e+00
4220	1.140503e+00
4221	1.140831e+00
4222	1.138613e+00
4223	1.131453e+00
4224	1.121518e+00
4225	1.108883e+00
4226	1.095171e+00
4227	1.079983e+00
4228	1.067123e+00
4229	1.057662e+00
4230	1.051707e+00
4231	1.050026e+00
4232	1.053182e+00
4233	1.058715e+00
4234	1.067548e+00
4235	1.078223e+00
4236	1.090736e+00
4237	1.103554e+00
4238	1.116691e+00
4239	1.126934e+00
4240	1.135895e+00
4241	1.141265e+00
4242	1.143826e+00
4243	1.143692e+00
4244	1.141192e+00
4245	1.135024e+00
4246	1.125882e+00
4247	1.117082e+00
4248	1.106805e+00
4249	1.096266e+00
4250	1.087584e+00
4251	1.081444e+00
4252	1.077010e+00
4253	1.077186e+00
4254	1.078480e+00
4255	1.082052e+00
4256	1.087005e+00
4257	1.093659e+00
4258	1.100345e+00
4259	1.105646e+00
4260	1.110792e+00
4261	1.115986e+00
4262	1.119058e+00
4263	1.120766e+00
4264	1.121485e+00
4265	1.120240e+00
4266	1.116838e+00
4267	1.112241e+00
4268	1.106526e+00
4269	1.100202e+00
4270	1.094159e+00
4271	1.089573e+00
4272	1.085748e+00
4273	1.082757e+00
4274	1.081030e+00
4275	1.080521e+00
4276	1.081091e+00
4277	1.083173e+00
4278	1.087112e+00
4279	1.092200e+00
4280	1.098627e+00
4281	1.103723e+00
4282	1.107756e+00
4283	1.110546e+00
4284	1.113615e+00
4285	1.116041e+00
4286	1.116573e+00
4287	1.115903e+00
4288	1.114047e+00
4289	1.110028e+00
4290	1.106293e+00
4291	1.101653e+00
4292	1.097036e+00
4293	1.092186e+00
4294	1.088936e+00
4295	1.087229e+00
4296	1.086447e+00
4297	1.086793e+00
4298	1.089711e+00
4299	1.092715e+00
4300	1.096107e+00
4301	1.098870e+00
4302	1.101917e+00
4303	1.103858e+00
4304	1.105684e+00
4305	1.107049e+00
4306	1.107037e+00
4307	1.107703e+00
4308	1.107043e+00
4309	1.107480e+00
4310	1.106529e+00
4311	1.105855e+00
4312	1.105604e+00
4313	1.104035e+00
4314	1.101821e+00
4315	1.099639e+00
4316	1.097675e+00
4317	1.095683e+00
4318	1.094461e+00
4319	1.094644e+00
4320	1.095075e+00
4321	1.096581e+00
4322	1.100506e+00
4323	1.104546e+00
4324	1.108608e+00
4325	1.112907e+00
4326	1.116591e+00
4327	1.119132e+00
4328	1.121524e+00
4329	1.123481e+00
4330	1.123798e+00
4331	1.123048e+00
4332	1.119828e+00
4333	1.114451e+00
4334	1.108611e+00
4335	1.102648e+00
4336	1.096421e+00
4337	1.091007e+00
4338	1.085793e+00
4339	1.080679e+00
4340	1.077439e+00
4341	1.075561e+00
4342	1.076960e+00
4343	1.081303e+00
4344	1.087445e+00
4345	1.094607e+00
4346	1.102249e+00
4347	1.109599e+00
4348	1.115463e+00
4349	1.118511e+00
4350	1.120147e+00
4351	1.120145e+00
4352	1.118288e+00
4353	1.114563e+00
4354	1.109477e+00
4355	1.104514e+00
4356	1.098032e+00
4357	1.091270e+00
4358	1.085789e+00
4359	1.079696e+00
4360	1.076438e+00
4361	1.074659e+00
4362	1.075673e+00
4363	1.079843e+00
4364	1.086605e+00
4365	1.096819e+00
4366	1.108478e+00
4367	1.117961e+00
4368	1.124623e+00
4369	1.128422e+00
4370	1.129939e+00
4371	1.130097e+00
4372	1.129207e+00
4373	1.126596e+00
4374	1.122761e+00
4375	1.117479e+00
4376	1.109745e+00
4377	1.101013e+00
4378	1.093117e+00
4379	1.086182e+00
4380	1.080910e+00
4381	1.076735e+00
4382	1.073491e+00
4383	1.071742e+00
4384	1.072418e+00
4385	1.075674e+00
4386	1.080956e+00
4387	1.086231e+00
4388	1.092512e+00
4389	1.100184e+00
4390	1.109444e+00
4391	1.118746e+00
4392	1.127860e+00
4393	1.134390e+00
4394	1.136166e+00
4395	1.134916e+00
4396	1.130319e+00
4397	1.124799e+00
4398	1.117213e+00
4399	1.108831e+00
4400	1.101056e+00
4401	1.092131e+00
4402	1.083044e+00
4403	1.074839e+00
4404	1.068080e+00
4405	1.065246e+00
4406	1.065373e+00
4407	1.068498e+00
4408	1.072179e+00
4409	1.079275e+00
4410	1.087268e+00
4411	1.093863e+00
4412	1.101714e+00
4413	1.109111e+00
4414	1.114879e+00
4415	1.117947e+00
4416	1.120052e+00
4417	1.120141e+00
4418	1.119621e+00
4419	1.118146e+00
4420	1.115355e+00
4421	1.111647e+00
4422	1.107403e+00
4423	1.102484e+00
4424	1.097900e+00
4425	1.092611e+00
4426	1.089313e+00
4427	1.086831e+00
4428	1.084814e+00
4429	1.084401e+00
4430	1.086157e+00
4431	1.088473e+00
4432	1.090307e+00
4433	1.093642e+00
4434	1.096560e+00
4435	1.099282e+00
4436	1.102840e+00
4437	1.105241e+00
4438	1.107606e+00
4439	1.107750e+00
4440	1.106757e+00
4441	1.104024e+00
4442	1.102698e+00
4443	1.101463e+00
4444	1.099893e+00
4445	1.098349e+00
4446	1.095984e+00
4447	1.092935e+00
4448	1.091263e+00
4449	1.091511e+00
4450	1.090978e+00
4451	1.091358e+00
4452	1.093031e+00
4453	1.095041e+00
4454	1.097706e+00
4455	1.098398e+00
4456	1.097812e+00
4457	1.098011e+00
4458	1.097742e+00
4459	1.097693e+00
4460	1.098170e+00
4461	1.099584e+00
4462	1.101524e+00
4463	1.103090e+00
4464	1.104324e+00
4465	1.105337e+00
4466	1.104555e+00
4467	1.102416e+00
4468	1.100123e+00
4469	1.098796e+00
4470	1.097517e+00
4471	1.097168e+00
4472	1.097275e+00
4473	1.100612e+00
4474	1.104263e+00
4475	1.107247e+00
4476	1.109699e+00
4477	1.113475e+00
4478	1.115493e+00
4479	1.116092e+00
4480	1.116339e+00
4481	1.116282e+00
4482	1.115958e+00
4483	1.114727e+00
4484	1.114287e+00
4485	1.114054e+00
4486	1.111785e+00
4487	1.107473e+00
4488	1.103314e+00
4489	1.099547e+00
4490	1.096077e+00
4491	1.093662e+00
4492	1.091567e+00
4493	1.090762e+00
4494	1.090159e+00
4495	1.090962e+00
4496	1.091918e+00
4497	1.094126e+00
4498	1.095467e+00
4499	1.097641e+00
4500	1.100002e+00
4501	1.101750e+00
4502	1.103451e+00
4503	1.103907e+00
4504	1.104285e+00
4505	1.105535e+00
4506	1.103720e+00
4507	1.101073e+00
4508	1.098461e+00
4509	1.096672e+00
4510	1.094573e+00
4511	1.093828e+00
4512	1.094116e+00
4513	1.094105e+00
4514	1.094129e+00
4515	1.094723e+00
4516	1.095867e+00
4517	1.096281e+00
4518	1.097212e+00
4519	1.097398e+00
4520	1.097588e+00
4521	1.097586e+00
4522	1.098285e+00
4523	1.099093e+00
4524	1.099996e+00
4525	1.102204e+00
4526	1.104417e+00
4527	1.108022e+00
4528	1.112526e+00
4529	1.115483e+00
4530	1.117186e+00
4531	1.116616e+00
4532	1.115378e+00
4533	1.112146e+00
4534	1.108090e+00
4535	1.102715e+00
4536	1.096845e+00
4537	1.091644e+00
4538	1.087522e+00
4539	1.084601e+00
4540	1.084159e+00
4541	1.085118e+00
4542	1.087126e+00
4543	1.090054e+00
4544	1.093407e+00
4545	1.097917e+00
4546	1.102791e+00
4547	1.106833e+00
4548	1.111071e+00
4549	1.114546e+00
4550	1.116436e+00
4551	1.117458e+00
4552	1.116133e+00
4553	1.113483e+00
4554	1.110128e+00
4555	1.106123e+00
4556	1.102336e+00
4557	1.096303e+00
4558	1.089795e+00
4559	1.083160e+00
4560	1.078324e+00
4561	1.074727e+00
4562	1.072991e+00
4563	1.074175e+00
4564	1.077512e+00
4565	1.080941e+00
4566	1.086800e+00
4567	1.094184e+00
4568	1.102666e+00
4569	1.109740e+00
4570	1.115464e+00
4571	1.121691e+00
4572	1.126715e+00
4573	1.129031e+00
4574	1.127399e+00
4575	1.124556e+00
4576	1.120596e+00
4577	1.115281e+00
4578	1.110134e+00
4579	1.104177e+00
4580	1.096444e+00
4581	1.089667e+00
4582	1.084363e+00
4583	1.081999e+00
4584	1.081281e+00
4585	1.081861e+00
4586	1.083893e+00
4587	1.086429e+00
4588	1.090109e+00
4589	1.095191e+00
4590	1.101074e+00
4591	1.106120e+00
4592	1.110300e+00
4593	1.113820e+00
4594	1.117721e+00
4595	1.120713e+00
4596	1.120882e+00
4597	1.119387e+00
4598	1.116220e+00
4599	1.112030e+00
4600	1.107929e+00
4601	1.102889e+00
4602	1.097948e+00
4603	1.092886e+00
4604	1.089095e+00
4605	1.085004e+00
4606	1.081803e+00
4607	1.079343e+00
4608	1.078620e+00
4609	1.080163e+00
4610	1.083425e+00
4611	1.087852e+00
4612	1.093364e+00
4613	1.099986e+00
4614	1.106589e+00
4615	1.115220e+00
4616	1.123393e+00
4617	1.130324e+00
4618	1.136502e+00
4619	1.139741e+00
4620	1.139882e+00
4621	1.137280e+00
4622	1.132619e+00
4623	1.126465e+00
4624	1.120262e+00
4625	1.112697e+00
4626	1.104310e+00
4627	1.094778e+00
4628	1.086196e+00
4629	1.079202e+00
4630	1.073443e+00
4631	1.070188e+00
4632	1.070141e+00
4633	1.071856e+00
4634	1.076025e+00
4635	1.082338e+00
4636	1.090437e+00
4637	1.099919e+00
4638	1.109405e+00
4639	1.118347e+00
4640	1.125698e+00
4641	1.129774e+00
4642	1.131238e+00
4643	1.129535e+00
4644	1.125263e+00
4645	1.119976e+00
4646	1.111986e+00
4647	1.102628e+00
4648	1.091892e+00
4649	1.081518e+00
4650	1.074292e+00
4651	1.070645e+00
4652	1.069587e+00
4653	1.070551e+00
4654	1.073977e+00
4655	1.079965e+00
4656	1.087227e+00
4657	1.094428e+00
4658	1.101655e+00
4659	1.106839e+00
4660	1.111340e+00
4661	1.115405e+00
4662	1.115674e+00
4663	1.115091e+00
4664	1.112960e+00
4665	1.110747e+00
4666	1.108256e+00
4667	1.106164e+00
4668	1.102087e+00
4669	1.096170e+00
4670	1.091152e+00
4671	1.087453e+00
4672	1.084125e+00
4673	1.082769e+00
4674	1.083328e+00
4675	1.085429e+00
4676	1.087477e+00
4677	1.090500e+00
4678	1.093943e+00
4679	1.098343e+00
4680	1.104348e+00
4681	1.109612e+00
4682	1.116470e+00
4683	1.120504e+00
4684	1.124478e+00
4685	1.128645e+00
4686	1.129655e+00
4687	1.126865e+00
4688	1.123559e+00
4689	1.118472e+00
4690	1.114381e+00
4691	1.107730e+00
4692	1.102445e+00
4693	1.098183e+00
4694	1.095224e+00
4695	1.093021e+00
4696	1.091464e+00
4697	1.090444e+00
4698	1.090146e+00
4699	1.090183e+00
4700	1.091011e+00
4701	1.092321e+00
4702	1.094629e+00
4703	1.096486e+00
4704	1.099098e+00
4705	1.101453e+00
4706	1.102934e+00
4707	1.101782e+00
4708	1.100932e+00
4709	1.099196e+00
4710	1.098524e+00
4711	1.098383e+00
4712	1.099638e+00
4713	1.101798e+00
4714	1.104573e+00
4715	1.107847e+00
4716	1.112199e+00
4717	1.116222e+00
4718	1.119693e+00
4719	1.121557e+00
4720	1.121232e+00
4721	1.119378e+00
4722	1.116037e+00
4723	1.111712e+00
4724	1.107374e+00
4725	1.102760e+00
4726	1.099784e+00
4727	1.096327e+00
4728	1.095558e+00
4729	1.096113e+00
4730	1.098727e+00
4731	1.100943e+00
4732	1.103466e+00
4733	1.106480e+00
4734	1.108662e+00
4735	1.110921e+00
4736	1.111674e+00
4737	1.111236e+00
4738	1.108611e+00
4739	1.105701e+00
4740	1.101797e+00
4741	1.098789e+00
4742	1.095310e+00
4743	1.091779e+00
4744	1.088580e+00
4745	1.086622e+00
4746	1.086226e+00
4747	1.085965e+00
4748	1.086701e+00
4749	1.089646e+00
4750	1.093274e+00
4751	1.096882e+00
4752	1.101170e+00
4753	1.106478e+00
4754	1.112701e+00
4755	1.116718e+00
4756	1.119896e+00
4757	1.121114e+00
4758	1.121187e+00
4759	1.118698e+00
4760	1.113221e+00
4761	1.105981e+00
4762	1.099056e+00
4763	1.094001e+00
4764	1.090423e+00
4765	1.087761e+00
4766	1.086660e+00
4767	1.087319e+00
4768	1.086856e+00
4769	1.088693e+00
4770	1.092431e+00
4771	1.095869e+00
4772	1.099032e+00
4773	1.101778e+00
4774	1.104978e+00
4775	1.107215e+00
4776	1.108656e+00
4777	1.108428e+00
4778	1.107051e+00
4779	1.105546e+00
4780	1.101612e+00
4781	1.098472e+00
4782	1.093521e+00
4783	1.088596e+00
4784	1.085127e+00
4785	1.081986e+00
4786	1.079892e+00
4787	1.079172e+00
4788	1.077551e+00
4789	1.076730e+00
4790	1.078472e+00
4791	1.083597e+00
4792	1.088005e+00
4793	1.093230e+00
4794	1.098057e+00
4795	1.101815e+00
4796	1.104247e+00
4797	1.107270e+00
4798	1.109671e+00
4799	1.112568e+00
4800	1.113404e+00
4801	1.113240e+00
4802	1.111796e+00
4803	1.108391e+00
4804	1.105067e+00
4805	1.101435e+00
4806	1.099119e+00
4807	1.096047e+00
4808	1.094323e+00
4809	1.095063e+00
4810	1.096538e+00
4811	1.099705e+00
4812	1.103759e+00
4813	1.107675e+00
4814	1.112490e+00
4815	1.116662e+00
4816	1.120140e+00
4817	1.122278e+00
4818	1.124320e+00
4819	1.125066e+00
4820	1.123139e+00
4821	1.119710e+00
4822	1.113882e+00
4823	1.107949e+00
4824	1.101644e+00
4825	1.095858e+00
4826	1.091074e+00
4827	1.085706e+00
4828	1.081914e+00
4829	1.080054e+00
4830	1.082304e+00
4831	1.085279e+00
4832	1.089199e+00
4833	1.094195e+00
4834	1.100722e+00
4835	1.107757e+00
4836	1.113155e+00
4837	1.116945e+00
4838	1.120048e+00
4839	1.121989e+00
4840	1.122202e+00
4841	1.120740e+00
4842	1.117155e+00
4843	1.112778e+00
4844	1.106176e+00
4845	1.100266e+00
4846	1.095679e+00
4847	1.092242e+00
4848	1.090232e+00
4849	1.089268e+00
4850	1.089419e+00
4851	1.090261e+00
4852	1.093032e+00
4853	1.097361e+00
4854	1.101513e+00
4855	1.106439e+00
4856	1.110102e+00
4857	1.113029e+00
4858	1.115436e+00
4859	1.116912e+00
4860	1.117490e+00
4861	1.116124e+00
4862	1.115617e+00
4863	1.113567e+00
4864	1.109738e+00
4865	1.106123e+00
4866	1.101228e+00
4867	1.096329e+00
4868	1.092275e+00
4869	1.089277e+00
4870	1.086098e+00
4871	1.083447e+00
4872	1.082316e+00
4873	1.082670e+00
4874	1.083946e+00
4875	1.087632e+00
4876	1.091827e+00
4877	1.098780e+00
4878	1.105900e+00
4879	1.113657e+00
4880	1.120284e+00
4881	1.126541e+00
4882	1.129849e+00
4883	1.131587e+00
4884	1.131655e+00
4885	1.129850e+00
4886	1.125148e+00
4887	1.118922e+00
4888	1.112064e+00
4889	1.103871e+00
4890	1.095892e+00
4891	1.089132e+00
4892	1.084377e+00
4893	1.080789e+00
4894	1.080348e+00
4895	1.081317e+00
4896	1.086150e+00
4897	1.094771e+00
4898	1.104762e+00
4899	1.115499e+00
4900	1.126571e+00
4901	1.138229e+00
4902	1.146298e+00
4903	1.151953e+00
4904	1.153782e+00
4905	1.152770e+00
4906	1.148402e+00
4907	1.139902e+00
4908	1.127927e+00
4909	1.114728e+00
4910	1.102217e+00
4911	1.089460e+00
4912	1.078385e+00
4913	1.070018e+00
4914	1.064366e+00
4915	1.062823e+00
4916	1.065199e+00
4917	1.071788e+00
4918	1.080066e+00
4919	1.091117e+00
4920	1.102841e+00
4921	1.114297e+00
4922	1.123705e+00
4923	1.131397e+00
4924	1.136780e+00
4925	1.139809e+00
4926	1.139798e+00
4927	1.135131e+00
4928	1.127773e+00
4929	1.119858e+00
4930	1.111376e+00
4931	1.104080e+00
4932	1.096774e+00
4933	1.089763e+00
4934	1.084673e+00
4935	1.081280e+00
4936	1.079155e+00
4937	1.079371e+00
4938	1.080316e+00
4939	1.084006e+00
4940	1.090036e+00
4941	1.095499e+00
4942	1.101362e+00
4943	1.108734e+00
4944	1.116352e+00
4945	1.122847e+00
4946	1.127001e+00
4947	1.129839e+00
4948	1.129946e+00
4949	1.127809e+00
4950	1.124285e+00
4951	1.119137e+00
4952	1.111999e+00
4953	1.104018e+00
4954	1.094464e+00
4955	1.086825e+00
4956	1.080483e+00
4957	1.075711e+00
4958	1.072926e+00
4959	1.073979e+00
4960	1.077728e+00
4961	1.083340e+00
4962	1.090817e+00
4963	1.101301e+00
4964	1.111426e+00
4965	1.121434e+00
4966	1.130188e+00
4967	1.136256e+00
4968	1.140253e+00
4969	1.141287e+00
4970	1.138413e+00
4971	1.131958e+00
4972	1.122924e+00
4973	1.113438e+00
4974	1.104896e+00
4975	1.096552e+00
4976	1.089253e+00
4977	1.084725e+00
4978	1.080729e+00
4979	1.078935e+00
4980	1.079285e+00
4981	1.083037e+00
4982	1.087680e+00
4983	1.091748e+00
4984	1.097512e+00
4985	1.104491e+00
4986	1.111021e+00
4987	1.117952e+00
4988	1.123012e+00
4989	1.125559e+00
4990	1.127015e+00
4991	1.126018e+00
4992	1.122378e+00
4993	1.119708e+00
4994	1.116381e+00
4995	1.114803e+00
4996	1.112391e+00
4997	1.109932e+00
4998	1.106678e+00
4999	1.103772e+00
