# Step	Measurement
1	1.091808e+02
2	1.089692e+02
3	1.087575e+02
4	1.085449e+02
5	1.083571e+02
6	1.080877e+02
7	1.078054e+02
8	1.075608e+02
9	1.073181e+02
10	1.070652e+02
11	1.068493e+02
12	1.066553e+02
13	1.065959e+02
14	1.065109e+02
15	1.064635e+02
16	1.065009e+02
17	1.066159e+02
18	1.067534e+02
19	1.068505e+02
20	1.070062e+02
21	1.071320e+02
22	1.073442e+02
23	1.074778e+02
24	1.076075e+02
25	1.077421e+02
26	1.078081e+02
27	1.078800e+02
28	1.080391e+02
29	1.081777e+02
30	1.083210e+02
31	1.085352e+02
32	1.087971e+02
33	1.090058e+02
34	1.092407e+02
35	1.093584e+02
36	1.094525e+02
37	1.095282e+02
38	1.095810e+02
39	1.096178e+02
40	1.096965e+02
41	1.098070e+02
42	1.098823e+02
43	1.099597e+02
44	1.101077e+02
45	1.102284e+02
46	1.103196e+02
47	1.104217e+02
48	1.105316e+02
49	1.106487e+02
50	1.108051e+02
51	1.110268e+02
52	1.112733e+02
53	1.115463e+02
54	1.118528e+02
55	1.121700e+02
56	1.123891e+02
57	1.125921e+02
58	1.127225e+02
59	1.128733e+02
60	1.129001e+02
61	1.128758e+02
62	1.127285e+02
63	1.125443e+02
64	1.123022e+02
65	1.119734e+02
66	1.115632e+02
67	1.111022e+02
68	1.105861e+02
69	1.100889e+02
70	1.095598e+02
71	1.089648e+02
72	1.083878e+02
73	1.078090e+02
74	1.072253e+02
75	1.066108e+02
76	1.059928e+02
77	1.053748e+02
78	1.048423e+02
79	1.043684e+02
80	1.038737e+02
81	1.034485e+02
82	1.030091e+02
83	1.026763e+02
84	1.023799e+02
85	1.021355e+02
86	1.019473e+02
87	1.018153e+02
88	1.017599e+02
89	1.017457e+02
90	1.017790e+02
91	1.019334e+02
92	1.020942e+02
93	1.022773e+02
94	1.025306e+02
95	1.028545e+02
96	1.032751e+02
97	1.037235e+02
98	1.041722e+02
99	1.046955e+02
100	1.052471e+02
101	1.058173e+02
102	1.063953e+02
103	1.069376e+02
104	1.073974e+02
105	1.078121e+02
106	1.081829e+02
107	1.085390e+02
108	1.087968e+02
109	1.090283e+02
110	1.091957e+02
111	1.093442e+02
112	1.093806e+02
113	1.093249e+02
114	1.091083e+02
115	1.088098e+02
116	1.084161e+02
117	1.080385e+02
118	1.076209e+02
119	1.071373e+02
120	1.066526e+02
121	1.061274e+02
122	1.056118e+02
123	1.050811e+02
124	1.045818e+02
125	1.040784e+02
126	1.035104e+02
127	1.029610e+02
128	1.024457e+02
129	1.019124e+02
130	1.014461e+02
131	1.010428e+02
132	1.007376e+02
133	1.005361e+02
134	1.003720e+02
135	1.002573e+02
136	1.002060e+02
137	1.002131e+02
138	1.003389e+02
139	1.005267e+02
140	1.008627e+02
141	1.012448e+02
142	1.016642e+02
143	1.021360e+02
144	1.026778e+02
145	1.032858e+02
146	1.038990e+02
147	1.045554e+02
148	1.052009e+02
149	1.057497e+02
150	1.063136e+02
151	1.068941e+02
152	1.074944e+02
153	1.080304e+02
154	1.084958e+02
155	1.089349e+02
156	1.093469e+02
157	1.097696e+02
158	1.101063e+02
159	1.104611e+02
160	1.108025e+02
161	1.110543e+02
162	1.112728e+02
163	1.114720e+02
164	1.117216e+02
165	1.119230e+02
166	1.120698e+02
167	1.121834e+02
168	1.122485e+02
169	1.122913e+02
170	1.122681e+02
171	1.122071e+02
172	1.121528e+02
173	1.120408e+02
174	1.119185e+02
175	1.118526e+02
176	1.117985e+02
177	1.117795e+02
178	1.117399e+02
179	1.117289e+02
180	1.116870e+02
181	1.115857e+02
182	1.115001e+02
183	1.114852e+02
184	1.114685e+02
185	1.114444e+02
186	1.114578e+02
187	1.115205e+02
188	1.115427e+02
189	1.115012e+02
190	1.114380e+02
191	1.113414e+02
192	1.112249e+02
193	1.111265e+02
194	1.110359e+02
195	1.110016e+02
196	1.109360e+02
197	1.107801e+02
198	1.106421e+02
199	1.104704e+02
200	1.102454e+02
201	1.100565e+02
202	1.099128e+02
203	1.098506e+02
204	1.097586e+02
205	1.096970e+02
206	1.096472e+02
207	1.095307e+02
208	1.094685e+02
209	1.094265e+02
210	1.093620e+02
211	1.093482e+02
212	1.092359e+02
213	1.090669e+02
214	1.088366e+02
215	1.086441e+02
216	1.084324e+02
217	1.081584e+02
218	1.078187e+02
219	1.074847e+02
220	1.072298e+02
221	1.070750e+02
222	1.069290e+02
223	1.067807e+02
224	1.065838e+02
225	1.063892e+02
226	1.062110e+02
227	1.061636e+02
228	1.061562e+02
229	1.062267e+02
230	1.063475e+02
231	1.065079e+02
232	1.067624e+02
233	1.071004e+02
234	1.074732e+02
235	1.078980e+02
236	1.083941e+02
237	1.088616e+02
238	1.093879e+02
239	1.099337e+02
240	1.103893e+02
241	1.108651e+02
242	1.113029e+02
243	1.116669e+02
244	1.119881e+02
245	1.122861e+02
246	1.124975e+02
247	1.127256e+02
248	1.129356e+02
249	1.130775e+02
250	1.131202e+02
251	1.130921e+02
252	1.131017e+02
253	1.130384e+02
254	1.129138e+02
255	1.127406e+02
256	1.124786e+02
257	1.121832e+02
258	1.118231e+02
259	1.113470e+02
260	1.108216e+02
261	1.102497e+02
262	1.096719e+02
263	1.091783e+02
264	1.088175e+02
265	1.084920e+02
266	1.082069e+02
267	1.079276e+02
268	1.077040e+02
269	1.075143e+02
270	1.073394e+02
271	1.071850e+02
272	1.070945e+02
273	1.070064e+02
274	1.069464e+02
275	1.069513e+02
276	1.069553e+02
277	1.069405e+02
278	1.068890e+02
279	1.068510e+02
280	1.067713e+02
281	1.067097e+02
282	1.066332e+02
283	1.065499e+02
284	1.064598e+02
285	1.064065e+02
286	1.063427e+02
287	1.063688e+02
288	1.064471e+02
289	1.064739e+02
290	1.065109e+02
291	1.065313e+02
292	1.065548e+02
293	1.065774e+02
294	1.065577e+02
295	1.064628e+02
296	1.064199e+02
297	1.063343e+02
298	1.061939e+02
299	1.060742e+02
300	1.059496e+02
301	1.057370e+02
302	1.054181e+02
303	1.050562e+02
304	1.046059e+02
305	1.040953e+02
306	1.036122e+02
307	1.032279e+02
308	1.029542e+02
309	1.027525e+02
310	1.025563e+02
311	1.025040e+02
312	1.025053e+02
313	1.025317e+02
314	1.026106e+02
315	1.026450e+02
316	1.026633e+02
317	1.025918e+02
318	1.026116e+02
319	1.026589e+02
320	1.027114e+02
321	1.027692e+02
322	1.029105e+02
323	1.030797e+02
324	1.032268e+02
325	1.034484e+02
326	1.036986e+02
327	1.040191e+02
328	1.045046e+02
329	1.050063e+02
330	1.055089e+02
331	1.059400e+02
332	1.063675e+02
333	1.067921e+02
334	1.072734e+02
335	1.077942e+02
336	1.082771e+02
337	1.088186e+02
338	1.093413e+02
339	1.098845e+02
340	1.103453e+02
341	1.107809e+02
342	1.111604e+02
343	1.114097e+02
344	1.115679e+02
345	1.117357e+02
346	1.118557e+02
347	1.118950e+02
348	1.118820e+02
349	1.118326e+02
350	1.118351e+02
351	1.118692e+02
352	1.118563e+02
353	1.118579e+02
354	1.118483e+02
355	1.117108e+02
356	1.115615e+02
357	1.113434e+02
358	1.111062e+02
359	1.109173e+02
360	1.106200e+02
361	1.102758e+02
362	1.098604e+02
363	1.094093e+02
364	1.089778e+02
365	1.085520e+02
366	1.080156e+02
367	1.075198e+02
368	1.070152e+02
369	1.065324e+02
370	1.060306e+02
371	1.055349e+02
372	1.051224e+02
373	1.048376e+02
374	1.046586e+02
375	1.045113e+02
376	1.043647e+02
377	1.042940e+02
378	1.042493e+02
379	1.041571e+02
380	1.040597e+02
381	1.040527e+02
382	1.041146e+02
383	1.041910e+02
384	1.043619e+02
385	1.045688e+02
386	1.048414e+02
387	1.051010e+02
388	1.053370e+02
389	1.055367e+02
390	1.056783e+02
391	1.058595e+02
392	1.059569e+02
393	1.060474e+02
394	1.061491e+02
395	1.062970e+02
396	1.063598e+02
397	1.063933e+02
398	1.063913e+02
399	1.064131e+02
400	1.064334e+02
401	1.064374e+02
402	1.064888e+02
403	1.064936e+02
404	1.065690e+02
405	1.065524e+02
406	1.065613e+02
407	1.065251e+02
408	1.064402e+02
409	1.062940e+02
410	1.061772e+02
411	1.060854e+02
412	1.059983e+02
413	1.059396e+02
414	1.058705e+02
415	1.057807e+02
416	1.056016e+02
417	1.054551e+02
418	1.053481e+02
419	1.052599e+02
420	1.051962e+02
421	1.051333e+02
422	1.050423e+02
423	1.049485e+02
424	1.048434e+02
425	1.047605e+02
426	1.047728e+02
427	1.048670e+02
428	1.049097e+02
429	1.049934e+02
430	1.051116e+02
431	1.051820e+02
432	1.053377e+02
433	1.055224e+02
434	1.056836e+02
435	1.058824e+02
436	1.061316e+02
437	1.064921e+02
438	1.068451e+02
439	1.071948e+02
440	1.075197e+02
441	1.079077e+02
442	1.082823e+02
443	1.086272e+02
444	1.088853e+02
445	1.091312e+02
446	1.093553e+02
447	1.095845e+02
448	1.098205e+02
449	1.099817e+02
450	1.101372e+02
451	1.102293e+02
452	1.102588e+02
453	1.102743e+02
454	1.102043e+02
455	1.100674e+02
456	1.098988e+02
457	1.097042e+02
458	1.094186e+02
459	1.090814e+02
460	1.087023e+02
461	1.082788e+02
462	1.079305e+02
463	1.076565e+02
464	1.074671e+02
465	1.072011e+02
466	1.069446e+02
467	1.066902e+02
468	1.065029e+02
469	1.063706e+02
470	1.062752e+02
471	1.061274e+02
472	1.060284e+02
473	1.059704e+02
474	1.060281e+02
475	1.061559e+02
476	1.062447e+02
477	1.063562e+02
478	1.064781e+02
479	1.065226e+02
480	1.066656e+02
481	1.068430e+02
482	1.070441e+02
483	1.072039e+02
484	1.073871e+02
485	1.075062e+02
486	1.076222e+02
487	1.077050e+02
488	1.078720e+02
489	1.080776e+02
490	1.083435e+02
491	1.085581e+02
492	1.087319e+02
493	1.089383e+02
494	1.090388e+02
495	1.090842e+02
496	1.090380e+02
497	1.089310e+02
498	1.088001e+02
499	1.086778e+02
500	1.085308e+02
501	1.083137e+02
502	1.080841e+02
503	1.078642e+02
504	1.076245e+02
505	1.073970e+02
506	1.071532e+02
507	1.069833e+02
508	1.068517e+02
509	1.067802e+02
510	1.067919e+02
511	1.068369e+02
512	1.068439e+02
513	1.068888e+02
514	1.069698e+02
515	1.069793e+02
516	1.070276e+02
517	1.070380e+02
518	1.070529e+02
519	1.071191e+02
520	1.071572e+02
521	1.071185e+02
522	1.070747e+02
523	1.070714e+02
524	1.071421e+02
525	1.072311e+02
526	1.073286e+02
527	1.073957e+02
528	1.074939e+02
529	1.076392e+02
530	1.078742e+02
531	1.081727e+02
532	1.084885e+02
533	1.087576e+02
534	1.090094e+02
535	1.092032e+02
536	1.093232e+02
537	1.094816e+02
538	1.095926e+02
539	1.096673e+02
540	1.095623e+02
541	1.094490e+02
542	1.092516e+02
543	1.090370e+02
544	1.086948e+02
545	1.083083e+02
546	1.079028e+02
547	1.074653e+02
548	1.070527e+02
549	1.065570e+02
550	1.060969e+02
551	1.055880e+02
552	1.051186e+02
553	1.047130e+02
554	1.043032e+02
555	1.039434e+02
556	1.036070e+02
557	1.033085e+02
558	1.029708e+02
559	1.026424e+02
560	1.023706e+02
561	1.021031e+02
562	1.018448e+02
563	1.016864e+02
564	1.016002e+02
565	1.014954e+02
566	1.014869e+02
567	1.015147e+02
568	1.015426e+02
569	1.016448e+02
570	1.018471e+02
571	1.022281e+02
572	1.026415e+02
573	1.031792e+02
574	1.038534e+02
575	1.044722e+02
576	1.051848e+02
577	1.058956e+02
578	1.066091e+02
579	1.074125e+02
580	1.081903e+02
581	1.089694e+02
582	1.096794e+02
583	1.104402e+02
584	1.112150e+02
585	1.118874e+02
586	1.123951e+02
587	1.128265e+02
588	1.131878e+02
589	1.134820e+02
590	1.137052e+02
591	1.137849e+02
592	1.139128e+02
593	1.139664e+02
594	1.139972e+02
595	1.139733e+02
596	1.140149e+02
597	1.140433e+02
598	1.140326e+02
599	1.139340e+02
600	1.137799e+02
601	1.135651e+02
602	1.133896e+02
603	1.132234e+02
604	1.130436e+02
605	1.127036e+02
606	1.123967e+02
607	1.120752e+02
608	1.117576e+02
609	1.113948e+02
610	1.110071e+02
611	1.106292e+02
612	1.102967e+02
613	1.099775e+02
614	1.096678e+02
615	1.094245e+02
616	1.091930e+02
617	1.090034e+02
618	1.087838e+02
619	1.085362e+02
620	1.083093e+02
621	1.080958e+02
622	1.079333e+02
623	1.077021e+02
624	1.075100e+02
625	1.072912e+02
626	1.070183e+02
627	1.068013e+02
628	1.066503e+02
629	1.064619e+02
630	1.062297e+02
631	1.060335e+02
632	1.058625e+02
633	1.056383e+02
634	1.054270e+02
635	1.052121e+02
636	1.050357e+02
637	1.048987e+02
638	1.047778e+02
639	1.046835e+02
640	1.046757e+02
641	1.046890e+02
642	1.048214e+02
643	1.049932e+02
644	1.051824e+02
645	1.054686e+02
646	1.057283e+02
647	1.059970e+02
648	1.063026e+02
649	1.065393e+02
650	1.067715e+02
651	1.069710e+02
652	1.072112e+02
653	1.073572e+02
654	1.075051e+02
655	1.076912e+02
656	1.079560e+02
657	1.082089e+02
658	1.084673e+02
659	1.086857e+02
660	1.089201e+02
661	1.091883e+02
662	1.095565e+02
663	1.098744e+02
664	1.102668e+02
665	1.106457e+02
666	1.110550e+02
667	1.114550e+02
668	1.118759e+02
669	1.123296e+02
670	1.128307e+02
671	1.133565e+02
672	1.139218e+02
673	1.145082e+02
674	1.149866e+02
675	1.154142e+02
676	1.158370e+02
677	1.162583e+02
678	1.166676e+02
679	1.170339e+02
680	1.173766e+02
681	1.177208e+02
682	1.180056e+02
683	1.182967e+02
684	1.185520e+02
685	1.187158e+02
686	1.188277e+02
687	1.187835e+02
688	1.187421e+02
689	1.185907e+02
690	1.183470e+02
691	1.179710e+02
692	1.175261e+02
693	1.169497e+02
694	1.163613e+02
695	1.157785e+02
696	1.151746e+02
697	1.145260e+02
698	1.138559e+02
699	1.132616e+02
700	1.125884e+02
701	1.118385e+02
702	1.110234e+02
703	1.101561e+02
704	1.093035e+02
705	1.084644e+02
706	1.076525e+02
707	1.068943e+02
708	1.062141e+02
709	1.056250e+02
710	1.049930e+02
711	1.044722e+02
712	1.040248e+02
713	1.036496e+02
714	1.033212e+02
715	1.030387e+02
716	1.028080e+02
717	1.026827e+02
718	1.026079e+02
719	1.024971e+02
720	1.024448e+02
721	1.024129e+02
722	1.024653e+02
723	1.025739e+02
724	1.027404e+02
725	1.029463e+02
726	1.032115e+02
727	1.035284e+02
728	1.038574e+02
729	1.041867e+02
730	1.044664e+02
731	1.047968e+02
732	1.050999e+02
733	1.054645e+02
734	1.058629e+02
735	1.062669e+02
736	1.066628e+02
737	1.071827e+02
738	1.076689e+02
739	1.081058e+02
740	1.085117e+02
741	1.089539e+02
742	1.092959e+02
743	1.096231e+02
744	1.099209e+02
745	1.101829e+02
746	1.104021e+02
747	1.106256e+02
748	1.108569e+02
749	1.110618e+02
750	1.113514e+02
751	1.115376e+02
752	1.117939e+02
753	1.120311e+02
754	1.122627e+02
755	1.125433e+02
756	1.127570e+02
757	1.128953e+02
758	1.130219e+02
759	1.131174e+02
760	1.130922e+02
761	1.130016e+02
762	1.128320e+02
763	1.126135e+02
764	1.123819e+02
765	1.121866e+02
766	1.120108e+02
767	1.117995e+02
768	1.115925e+02
769	1.114619e+02
770	1.113556e+02
771	1.112756e+02
772	1.112307e+02
773	1.111651e+02
774	1.111675e+02
775	1.111822e+02
776	1.111935e+02
777	1.112039e+02
778	1.112372e+02
779	1.111951e+02
780	1.111066e+02
781	1.110249e+02
782	1.109589e+02
783	1.108787e+02
784	1.107516e+02
785	1.106627e+02
786	1.105049e+02
787	1.103592e+02
788	1.101516e+02
789	1.098915e+02
790	1.096068e+02
791	1.093392e+02
792	1.090972e+02
793	1.088390e+02
794	1.085938e+02
795	1.083444e+02
796	1.080347e+02
797	1.077369e+02
798	1.074281e+02
799	1.071123e+02
800	1.068244e+02
801	1.066128e+02
802	1.064601e+02
803	1.062542e+02
804	1.060737e+02
805	1.059348e+02
806	1.057750e+02
807	1.056432e+02
808	1.055336e+02
809	1.054410e+02
810	1.053540e+02
811	1.053355e+02
812	1.053585e+02
813	1.054069e+02
814	1.055339e+02
815	1.056669e+02
816	1.058402e+02
817	1.060069e+02
818	1.062918e+02
819	1.067001e+02
820	1.071811e+02
821	1.076352e+02
822	1.080644e+02
823	1.085315e+02
824	1.090352e+02
825	1.095647e+02
826	1.100968e+02
827	1.107190e+02
828	1.113434e+02
829	1.119857e+02
830	1.126015e+02
831	1.132133e+02
832	1.138926e+02
833	1.146405e+02
834	1.153500e+02
835	1.159937e+02
836	1.166321e+02
837	1.172170e+02
838	1.177550e+02
839	1.182464e+02
840	1.187038e+02
841	1.190577e+02
842	1.193143e+02
843	1.195366e+02
844	1.197800e+02
845	1.199654e+02
846	1.200493e+02
847	1.200112e+02
848	1.198906e+02
849	1.197524e+02
850	1.195072e+02
851	1.192877e+02
852	1.190220e+02
853	1.187413e+02
854	1.184261e+02
855	1.180604e+02
856	1.176818e+02
857	1.172981e+02
858	1.168735e+02
859	1.164108e+02
860	1.159598e+02
861	1.154599e+02
862	1.148708e+02
863	1.142680e+02
864	1.136697e+02
865	1.131217e+02
866	1.125825e+02
867	1.120469e+02
868	1.116680e+02
869	1.112971e+02
870	1.109853e+02
871	1.106581e+02
872	1.103321e+02
873	1.100586e+02
874	1.097696e+02
875	1.095251e+02
876	1.093794e+02
877	1.092872e+02
878	1.092180e+02
879	1.091231e+02
880	1.090452e+02
881	1.088983e+02
882	1.087531e+02
883	1.086270e+02
884	1.085271e+02
885	1.083774e+02
886	1.081602e+02
887	1.079574e+02
888	1.077294e+02
889	1.074028e+02
890	1.069981e+02
891	1.066011e+02
892	1.061937e+02
893	1.057678e+02
894	1.053801e+02
895	1.050286e+02
896	1.046829e+02
897	1.044387e+02
898	1.042177e+02
899	1.039886e+02
900	1.038510e+02
901	1.037958e+02
902	1.038318e+02
903	1.039051e+02
904	1.039975e+02
905	1.041630e+02
906	1.043363e+02
907	1.045489e+02
908	1.047183e+02
909	1.048963e+02
910	1.050822e+02
911	1.052254e+02
912	1.053052e+02
913	1.054007e+02
914	1.054753e+02
915	1.055937e+02
916	1.057083e+02
917	1.058609e+02
918	1.059613e+02
919	1.061616e+02
920	1.063669e+02
921	1.065057e+02
922	1.067034e+02
923	1.068947e+02
924	1.070980e+02
925	1.073620e+02
926	1.077010e+02
927	1.078462e+02
928	1.080066e+02
929	1.081935e+02
930	1.084911e+02
931	1.087541e+02
932	1.089708e+02
933	1.091869e+02
934	1.093088e+02
935	1.093965e+02
936	1.094327e+02
937	1.094639e+02
938	1.095254e+02
939	1.096275e+02
940	1.096758e+02
941	1.096607e+02
942	1.095737e+02
943	1.094400e+02
944	1.092571e+02
945	1.090705e+02
946	1.089230e+02
947	1.088053e+02
948	1.086876e+02
949	1.085268e+02
950	1.082625e+02
951	1.080282e+02
952	1.076780e+02
953	1.072981e+02
954	1.068447e+02
955	1.064309e+02
956	1.060614e+02
957	1.056952e+02
958	1.053176e+02
959	1.048605e+02
960	1.044903e+02
961	1.041790e+02
962	1.039191e+02
963	1.036493e+02
964	1.034273e+02
965	1.032418e+02
966	1.030269e+02
967	1.029371e+02
968	1.028752e+02
969	1.029313e+02
970	1.031295e+02
971	1.034205e+02
972	1.037298e+02
973	1.041142e+02
974	1.045493e+02
975	1.050403e+02
976	1.055035e+02
977	1.061070e+02
978	1.066985e+02
979	1.073329e+02
980	1.079891e+02
981	1.086642e+02
982	1.093347e+02
983	1.100715e+02
984	1.107213e+02
985	1.113813e+02
986	1.120371e+02
987	1.126656e+02
988	1.132421e+02
989	1.137552e+02
990	1.141432e+02
991	1.144557e+02
992	1.147429e+02
993	1.149674e+02
994	1.151767e+02
995	1.153052e+02
996	1.154029e+02
997	1.154347e+02
998	1.155127e+02
999	1.156134e+02
1000	1.156838e+02
1001	1.156791e+02
1002	1.157300e+02
1003	1.156939e+02
1004	1.156285e+02
1005	1.155606e+02
1006	1.153549e+02
1007	1.150494e+02
1008	1.146895e+02
1009	1.143301e+02
1010	1.139125e+02
1011	1.135247e+02
1012	1.131910e+02
1013	1.128700e+02
1014	1.125496e+02
1015	1.122898e+02
1016	1.121085e+02
1017	1.119611e+02
1018	1.118339e+02
1019	1.117537e+02
1020	1.117025e+02
1021	1.116066e+02
1022	1.116112e+02
1023	1.116717e+02
1024	1.118208e+02
1025	1.120350e+02
1026	1.123026e+02
1027	1.125618e+02
1028	1.129096e+02
1029	1.131459e+02
1030	1.134110e+02
1031	1.136404e+02
1032	1.139326e+02
1033	1.141955e+02
1034	1.144968e+02
1035	1.148026e+02
1036	1.151635e+02
1037	1.155270e+02
1038	1.159317e+02
1039	1.162507e+02
1040	1.165456e+02
1041	1.167831e+02
1042	1.169659e+02
1043	1.171370e+02
1044	1.171149e+02
1045	1.169989e+02
1046	1.168063e+02
1047	1.165420e+02
1048	1.162848e+02
1049	1.160257e+02
1050	1.157185e+02
1051	1.153892e+02
1052	1.150351e+02
1053	1.146698e+02
1054	1.141990e+02
1055	1.136519e+02
1056	1.130597e+02
1057	1.124519e+02
1058	1.118062e+02
1059	1.110664e+02
1060	1.102651e+02
1061	1.094617e+02
1062	1.087293e+02
1063	1.080442e+02
1064	1.072562e+02
1065	1.064421e+02
1066	1.056359e+02
1067	1.048901e+02
1068	1.042152e+02
1069	1.036541e+02
1070	1.031535e+02
1071	1.027010e+02
1072	1.023549e+02
1073	1.021105e+02
1074	1.019400e+02
1075	1.018711e+02
1076	1.019006e+02
1077	1.020363e+02
1078	1.022672e+02
1079	1.025479e+02
1080	1.028503e+02
1081	1.032064e+02
1082	1.036199e+02
1083	1.041632e+02
1084	1.047497e+02
1085	1.052813e+02
1086	1.057231e+02
1087	1.061792e+02
1088	1.067009e+02
1089	1.071305e+02
1090	1.075714e+02
1091	1.078703e+02
1092	1.081844e+02
1093	1.084226e+02
1094	1.086266e+02
1095	1.087721e+02
1096	1.088916e+02
1097	1.090091e+02
1098	1.091386e+02
1099	1.092731e+02
1100	1.093520e+02
1101	1.094304e+02
1102	1.094359e+02
1103	1.093681e+02
1104	1.093525e+02
1105	1.092928e+02
1106	1.092681e+02
1107	1.092125e+02
1108	1.091300e+02
1109	1.089222e+02
1110	1.086413e+02
1111	1.083440e+02
1112	1.079999e+02
1113	1.076176e+02
1114	1.072217e+02
1115	1.069114e+02
1116	1.066104e+02
1117	1.063633e+02
1118	1.061615e+02
1119	1.060958e+02
1120	1.061588e+02
1121	1.062466e+02
1122	1.064619e+02
1123	1.066786e+02
1124	1.070097e+02
1125	1.074121e+02
1126	1.078052e+02
1127	1.081891e+02
1128	1.085556e+02
1129	1.089376e+02
1130	1.092830e+02
1131	1.096171e+02
1132	1.099361e+02
1133	1.102177e+02
1134	1.104923e+02
1135	1.107378e+02
1136	1.110237e+02
1137	1.112054e+02
1138	1.114259e+02
1139	1.115632e+02
1140	1.115888e+02
1141	1.116174e+02
1142	1.115787e+02
1143	1.115495e+02
1144	1.114359e+02
1145	1.113055e+02
1146	1.111152e+02
1147	1.109128e+02
1148	1.107792e+02
1149	1.106131e+02
1150	1.104278e+02
1151	1.102544e+02
1152	1.100335e+02
1153	1.098244e+02
1154	1.096536e+02
1155	1.094462e+02
1156	1.092889e+02
1157	1.092003e+02
1158	1.091333e+02
1159	1.090288e+02
1160	1.089405e+02
1161	1.089523e+02
1162	1.090673e+02
1163	1.092827e+02
1164	1.094622e+02
1165	1.096669e+02
1166	1.098792e+02
1167	1.100936e+02
1168	1.103152e+02
1169	1.106630e+02
1170	1.110703e+02
1171	1.114543e+02
1172	1.118185e+02
1173	1.121510e+02
1174	1.125790e+02
1175	1.130569e+02
1176	1.135107e+02
1177	1.138894e+02
1178	1.141867e+02
1179	1.144946e+02
1180	1.147931e+02
1181	1.150741e+02
1182	1.153504e+02
1183	1.155857e+02
1184	1.157583e+02
1185	1.158826e+02
1186	1.159591e+02
1187	1.159430e+02
1188	1.159316e+02
1189	1.158213e+02
1190	1.156676e+02
1191	1.154844e+02
1192	1.152654e+02
1193	1.150110e+02
1194	1.147268e+02
1195	1.144279e+02
1196	1.140605e+02
1197	1.136614e+02
1198	1.131625e+02
1199	1.127349e+02
1200	1.122594e+02
1201	1.118596e+02
1202	1.115196e+02
1203	1.112053e+02
1204	1.109595e+02
1205	1.107215e+02
1206	1.105314e+02
1207	1.103586e+02
1208	1.102675e+02
1209	1.101812e+02
1210	1.101810e+02
1211	1.101633e+02
1212	1.101837e+02
1213	1.102710e+02
1214	1.104205e+02
1215	1.105327e+02
1216	1.106403e+02
1217	1.107673e+02
1218	1.110077e+02
1219	1.112381e+02
1220	1.114476e+02
1221	1.115529e+02
1222	1.116641e+02
1223	1.117903e+02
1224	1.118872e+02
1225	1.120314e+02
1226	1.121772e+02
1227	1.123446e+02
1228	1.125218e+02
1229	1.127372e+02
1230	1.128974e+02
1231	1.130365e+02
1232	1.131545e+02
1233	1.133124e+02
1234	1.134483e+02
1235	1.135334e+02
1236	1.136093e+02
1237	1.136950e+02
1238	1.138171e+02
1239	1.139637e+02
1240	1.141193e+02
1241	1.142524e+02
1242	1.143390e+02
1243	1.143719e+02
1244	1.144294e+02
1245	1.145392e+02
1246	1.146816e+02
1247	1.147452e+02
1248	1.146299e+02
1249	1.145083e+02
1250	1.143234e+02
1251	1.141093e+02
1252	1.137700e+02
1253	1.134160e+02
1254	1.130119e+02
1255	1.126122e+02
1256	1.122135e+02
1257	1.117666e+02
1258	1.113050e+02
1259	1.108499e+02
1260	1.103232e+02
1261	1.097247e+02
1262	1.090921e+02
1263	1.084608e+02
1264	1.078668e+02
1265	1.073220e+02
1266	1.067732e+02
1267	1.062087e+02
1268	1.056614e+02
1269	1.051133e+02
1270	1.046003e+02
1271	1.041597e+02
1272	1.037642e+02
1273	1.034780e+02
1274	1.032803e+02
1275	1.031645e+02
1276	1.030931e+02
1277	1.031557e+02
1278	1.033370e+02
1279	1.036523e+02
1280	1.039633e+02
1281	1.043763e+02
1282	1.047672e+02
1283	1.052304e+02
1284	1.057410e+02
1285	1.061898e+02
1286	1.066479e+02
1287	1.070953e+02
1288	1.074920e+02
1289	1.078771e+02
1290	1.082453e+02
1291	1.086152e+02
1292	1.089561e+02
1293	1.092579e+02
1294	1.096235e+02
1295	1.100700e+02
1296	1.104787e+02
1297	1.108942e+02
1298	1.112978e+02
1299	1.117264e+02
1300	1.121606e+02
1301	1.126262e+02
1302	1.130752e+02
1303	1.134199e+02
1304	1.137381e+02
1305	1.140083e+02
1306	1.142904e+02
1307	1.145306e+02
1308	1.147740e+02
1309	1.149902e+02
1310	1.151594e+02
1311	1.153248e+02
1312	1.154379e+02
1313	1.154655e+02
1314	1.154820e+02
1315	1.155777e+02
1316	1.156560e+02
1317	1.156196e+02
1318	1.155518e+02
1319	1.154096e+02
1320	1.151968e+02
1321	1.149798e+02
1322	1.147331e+02
1323	1.144370e+02
1324	1.141468e+02
1325	1.138139e+02
1326	1.134998e+02
1327	1.132525e+02
1328	1.129900e+02
1329	1.127301e+02
1330	1.124910e+02
1331	1.123216e+02
1332	1.122344e+02
1333	1.122117e+02
1334	1.121722e+02
1335	1.120071e+02
1336	1.118711e+02
1337	1.117816e+02
1338	1.117226e+02
1339	1.117002e+02
1340	1.117248e+02
1341	1.117685e+02
1342	1.118480e+02
1343	1.118931e+02
1344	1.119770e+02
1345	1.121495e+02
1346	1.123247e+02
1347	1.124775e+02
1348	1.125601e+02
1349	1.127043e+02
1350	1.127045e+02
1351	1.126965e+02
1352	1.126320e+02
1353	1.126307e+02
1354	1.125593e+02
1355	1.124770e+02
1356	1.123795e+02
1357	1.122921e+02
1358	1.122178e+02
1359	1.120492e+02
1360	1.118317e+02
1361	1.115632e+02
1362	1.112501e+02
1363	1.109542e+02
1364	1.106399e+02
1365	1.103457e+02
1366	1.100715e+02
1367	1.098259e+02
1368	1.095580e+02
1369	1.093501e+02
1370	1.091108e+02
1371	1.089040e+02
1372	1.087302e+02
1373	1.085563e+02
1374	1.083773e+02
1375	1.082490e+02
1376	1.081461e+02
1377	1.080185e+02
1378	1.079722e+02
1379	1.079675e+02
1380	1.079652e+02
1381	1.080364e+02
1382	1.081394e+02
1383	1.082648e+02
1384	1.083565e+02
1385	1.084017e+02
1386	1.084324e+02
1387	1.084805e+02
1388	1.085516e+02
1389	1.086240e+02
1390	1.086163e+02
1391	1.086097e+02
1392	1.086238e+02
1393	1.086284e+02
1394	1.087131e+02
1395	1.088470e+02
1396	1.090807e+02
1397	1.093360e+02
1398	1.095254e+02
1399	1.096982e+02
1400	1.098983e+02
1401	1.102162e+02
1402	1.105566e+02
1403	1.109625e+02
1404	1.114058e+02
1405	1.118952e+02
1406	1.124196e+02
1407	1.129490e+02
1408	1.134334e+02
1409	1.138225e+02
1410	1.142287e+02
1411	1.146058e+02
1412	1.148497e+02
1413	1.150078e+02
1414	1.149904e+02
1415	1.148598e+02
1416	1.146426e+02
1417	1.144372e+02
1418	1.141285e+02
1419	1.137909e+02
1420	1.134477e+02
1421	1.130897e+02
1422	1.127276e+02
1423	1.123453e+02
1424	1.119592e+02
1425	1.115595e+02
1426	1.111954e+02
1427	1.108067e+02
1428	1.102971e+02
1429	1.098006e+02
1430	1.092594e+02
1431	1.086355e+02
1432	1.080130e+02
1433	1.074059e+02
1434	1.068343e+02
1435	1.063789e+02
1436	1.060354e+02
1437	1.056582e+02
1438	1.052970e+02
1439	1.049878e+02
1440	1.048080e+02
1441	1.046567e+02
1442	1.046078e+02
1443	1.046821e+02
1444	1.047920e+02
1445	1.050284e+02
1446	1.053330e+02
1447	1.056905e+02
1448	1.061181e+02
1449	1.066115e+02
1450	1.071681e+02
1451	1.077205e+02
1452	1.083820e+02
1453	1.091386e+02
1454	1.099359e+02
1455	1.107337e+02
1456	1.115652e+02
1457	1.123433e+02
1458	1.130424e+02
1459	1.137172e+02
1460	1.144184e+02
1461	1.151430e+02
1462	1.157597e+02
1463	1.163238e+02
1464	1.168338e+02
1465	1.173367e+02
1466	1.178503e+02
1467	1.183546e+02
1468	1.188439e+02
1469	1.192702e+02
1470	1.195970e+02
1471	1.197636e+02
1472	1.197702e+02
1473	1.196498e+02
1474	1.194504e+02
1475	1.191992e+02
1476	1.187968e+02
1477	1.183781e+02
1478	1.178714e+02
1479	1.174030e+02
1480	1.168653e+02
1481	1.164030e+02
1482	1.159029e+02
1483	1.152647e+02
1484	1.146871e+02
1485	1.141745e+02
1486	1.136930e+02
1487	1.131810e+02
1488	1.127777e+02
1489	1.123786e+02
1490	1.120145e+02
1491	1.116137e+02
1492	1.112270e+02
1493	1.109347e+02
1494	1.106400e+02
1495	1.103791e+02
1496	1.101481e+02
1497	1.099741e+02
1498	1.098723e+02
1499	1.098283e+02
1500	1.098222e+02
1501	1.098888e+02
1502	1.099329e+02
1503	1.099860e+02
1504	1.101386e+02
1505	1.103200e+02
1506	1.104534e+02
1507	1.106095e+02
1508	1.107547e+02
1509	1.108915e+02
1510	1.111213e+02
1511	1.113370e+02
1512	1.115471e+02
1513	1.117904e+02
1514	1.120561e+02
1515	1.122864e+02
1516	1.123777e+02
1517	1.124087e+02
1518	1.123300e+02
1519	1.122102e+02
1520	1.119617e+02
1521	1.116723e+02
1522	1.113878e+02
1523	1.109953e+02
1524	1.105378e+02
1525	1.100891e+02
1526	1.095677e+02
1527	1.091119e+02
1528	1.086865e+02
1529	1.083032e+02
1530	1.079806e+02
1531	1.077336e+02
1532	1.075083e+02
1533	1.073089e+02
1534	1.071485e+02
1535	1.070768e+02
1536	1.070346e+02
1537	1.069319e+02
1538	1.067580e+02
1539	1.066050e+02
1540	1.064800e+02
1541	1.062823e+02
1542	1.061079e+02
1543	1.059640e+02
1544	1.060023e+02
1545	1.060604e+02
1546	1.062101e+02
1547	1.063318e+02
1548	1.064774e+02
1549	1.067083e+02
1550	1.069653e+02
1551	1.071632e+02
1552	1.074365e+02
1553	1.077388e+02
1554	1.081527e+02
1555	1.086646e+02
1556	1.091897e+02
1557	1.098175e+02
1558	1.104042e+02
1559	1.110024e+02
1560	1.115354e+02
1561	1.120776e+02
1562	1.125151e+02
1563	1.128673e+02
1564	1.131215e+02
1565	1.132556e+02
1566	1.133002e+02
1567	1.132473e+02
1568	1.130952e+02
1569	1.128534e+02
1570	1.125529e+02
1571	1.122369e+02
1572	1.118805e+02
1573	1.115131e+02
1574	1.111627e+02
1575	1.107538e+02
1576	1.102957e+02
1577	1.097817e+02
1578	1.092594e+02
1579	1.087836e+02
1580	1.082735e+02
1581	1.076757e+02
1582	1.070310e+02
1583	1.062835e+02
1584	1.055269e+02
1585	1.048165e+02
1586	1.040610e+02
1587	1.034067e+02
1588	1.028069e+02
1589	1.022083e+02
1590	1.016887e+02
1591	1.012316e+02
1592	1.008205e+02
1593	1.005473e+02
1594	1.003665e+02
1595	1.002485e+02
1596	1.001909e+02
1597	1.002082e+02
1598	1.002770e+02
1599	1.005172e+02
1600	1.007942e+02
1601	1.011548e+02
1602	1.015003e+02
1603	1.019167e+02
1604	1.024477e+02
1605	1.030082e+02
1606	1.035738e+02
1607	1.040543e+02
1608	1.045113e+02
1609	1.049095e+02
1610	1.052775e+02
1611	1.056041e+02
1612	1.058134e+02
1613	1.060928e+02
1614	1.063460e+02
1615	1.065533e+02
1616	1.067817e+02
1617	1.070545e+02
1618	1.073356e+02
1619	1.076038e+02
1620	1.078619e+02
1621	1.080159e+02
1622	1.081250e+02
1623	1.082427e+02
1624	1.082606e+02
1625	1.082675e+02
1626	1.082361e+02
1627	1.082408e+02
1628	1.081930e+02
1629	1.081844e+02
1630	1.081714e+02
1631	1.081726e+02
1632	1.081676e+02
1633	1.081086e+02
1634	1.079778e+02
1635	1.078685e+02
1636	1.079187e+02
1637	1.079399e+02
1638	1.079797e+02
1639	1.080328e+02
1640	1.080985e+02
1641	1.081843e+02
1642	1.081632e+02
1643	1.081871e+02
1644	1.081657e+02
1645	1.080800e+02
1646	1.078381e+02
1647	1.074868e+02
1648	1.071406e+02
1649	1.067669e+02
1650	1.064762e+02
1651	1.062176e+02
1652	1.059079e+02
1653	1.056579e+02
1654	1.054781e+02
1655	1.053098e+02
1656	1.050715e+02
1657	1.048020e+02
1658	1.045273e+02
1659	1.042376e+02
1660	1.039801e+02
1661	1.036974e+02
1662	1.034284e+02
1663	1.031311e+02
1664	1.027335e+02
1665	1.023640e+02
1666	1.019798e+02
1667	1.016631e+02
1668	1.014094e+02
1669	1.011167e+02
1670	1.008474e+02
1671	1.005979e+02
1672	1.002796e+02
1673	9.996514e+01
1674	9.959622e+01
1675	9.921461e+01
1676	9.884514e+01
1677	9.851727e+01
1678	9.823901e+01
1679	9.801197e+01
1680	9.785684e+01
1681	9.771438e+01
1682	9.766139e+01
1683	9.754769e+01
1684	9.759367e+01
1685	9.770685e+01
1686	9.789050e+01
1687	9.811031e+01
1688	9.845934e+01
1689	9.893139e+01
1690	9.943857e+01
1691	1.000401e+02
1692	1.006603e+02
1693	1.014303e+02
1694	1.022798e+02
1695	1.030604e+02
1696	1.038192e+02
1697	1.046135e+02
1698	1.054407e+02
1699	1.062330e+02
1700	1.070170e+02
1701	1.078345e+02
1702	1.085966e+02
1703	1.093743e+02
1704	1.101544e+02
1705	1.109915e+02
1706	1.118423e+02
1707	1.126915e+02
1708	1.134468e+02
1709	1.142211e+02
1710	1.149375e+02
1711	1.155536e+02
1712	1.160764e+02
1713	1.164606e+02
1714	1.168686e+02
1715	1.171493e+02
1716	1.173527e+02
1717	1.174704e+02
1718	1.175822e+02
1719	1.176346e+02
1720	1.176234e+02
1721	1.176086e+02
1722	1.175936e+02
1723	1.175767e+02
1724	1.175525e+02
1725	1.174791e+02
1726	1.174070e+02
1727	1.172269e+02
1728	1.169685e+02
1729	1.167438e+02
1730	1.166134e+02
1731	1.164723e+02
1732	1.163256e+02
1733	1.162180e+02
1734	1.160919e+02
1735	1.159589e+02
1736	1.158386e+02
1737	1.157978e+02
1738	1.157823e+02
1739	1.157084e+02
1740	1.156511e+02
1741	1.155467e+02
1742	1.154518e+02
1743	1.154301e+02
1744	1.154095e+02
1745	1.153867e+02
1746	1.154477e+02
1747	1.155197e+02
1748	1.155838e+02
1749	1.156885e+02
1750	1.157523e+02
1751	1.157877e+02
1752	1.157532e+02
1753	1.157973e+02
1754	1.157940e+02
1755	1.157742e+02
1756	1.157209e+02
1757	1.156692e+02
1758	1.156401e+02
1759	1.156259e+02
1760	1.156394e+02
1761	1.157053e+02
1762	1.158069e+02
1763	1.158863e+02
1764	1.159041e+02
1765	1.159336e+02
1766	1.159418e+02
1767	1.160140e+02
1768	1.161446e+02
1769	1.162668e+02
1770	1.163548e+02
1771	1.164749e+02
1772	1.165573e+02
1773	1.165966e+02
1774	1.165791e+02
1775	1.165893e+02
1776	1.166104e+02
1777	1.166547e+02
1778	1.166277e+02
1779	1.165835e+02
1780	1.164483e+02
1781	1.162433e+02
1782	1.160444e+02
1783	1.158885e+02
1784	1.157323e+02
1785	1.156015e+02
1786	1.154968e+02
1787	1.154019e+02
1788	1.153422e+02
1789	1.152512e+02
1790	1.151404e+02
1791	1.149930e+02
1792	1.148101e+02
1793	1.146022e+02
1794	1.143722e+02
1795	1.141980e+02
1796	1.139811e+02
1797	1.137806e+02
1798	1.136104e+02
1799	1.134818e+02
1800	1.133185e+02
1801	1.131988e+02
1802	1.131084e+02
1803	1.129720e+02
1804	1.128605e+02
1805	1.126593e+02
1806	1.123745e+02
1807	1.120682e+02
1808	1.118537e+02
1809	1.117284e+02
1810	1.115501e+02
1811	1.113794e+02
1812	1.112080e+02
1813	1.109739e+02
1814	1.106424e+02
1815	1.103457e+02
1816	1.099278e+02
1817	1.094627e+02
1818	1.090291e+02
1819	1.086328e+02
1820	1.081749e+02
1821	1.077195e+02
1822	1.072851e+02
1823	1.068936e+02
1824	1.065707e+02
1825	1.063423e+02
1826	1.060474e+02
1827	1.057319e+02
1828	1.054534e+02
1829	1.051789e+02
1830	1.049592e+02
1831	1.048119e+02
1832	1.047599e+02
1833	1.048213e+02
1834	1.049738e+02
1835	1.051112e+02
1836	1.052573e+02
1837	1.053638e+02
1838	1.054842e+02
1839	1.055987e+02
1840	1.057927e+02
1841	1.060284e+02
1842	1.062382e+02
1843	1.065753e+02
1844	1.069387e+02
1845	1.072721e+02
1846	1.076239e+02
1847	1.080276e+02
1848	1.084485e+02
1849	1.088426e+02
1850	1.092784e+02
1851	1.096849e+02
1852	1.100857e+02
1853	1.105246e+02
1854	1.109218e+02
1855	1.112264e+02
1856	1.114558e+02
1857	1.116101e+02
1858	1.117872e+02
1859	1.118128e+02
1860	1.117727e+02
1861	1.116599e+02
1862	1.115928e+02
1863	1.115407e+02
1864	1.115653e+02
1865	1.115884e+02
1866	1.116081e+02
1867	1.116028e+02
1868	1.116533e+02
1869	1.117124e+02
1870	1.116905e+02
1871	1.116834e+02
1872	1.117049e+02
1873	1.117731e+02
1874	1.118631e+02
1875	1.120004e+02
1876	1.121804e+02
1877	1.123392e+02
1878	1.125163e+02
1879	1.126174e+02
1880	1.126756e+02
1881	1.127284e+02
1882	1.127562e+02
1883	1.127761e+02
1884	1.128241e+02
1885	1.128981e+02
1886	1.129161e+02
1887	1.129301e+02
1888	1.129650e+02
1889	1.129752e+02
1890	1.129497e+02
1891	1.130063e+02
1892	1.129821e+02
1893	1.129015e+02
1894	1.127974e+02
1895	1.127023e+02
1896	1.125877e+02
1897	1.124068e+02
1898	1.122884e+02
1899	1.121965e+02
1900	1.120668e+02
1901	1.119947e+02
1902	1.118916e+02
1903	1.118605e+02
1904	1.117788e+02
1905	1.116682e+02
1906	1.115284e+02
1907	1.113558e+02
1908	1.112414e+02
1909	1.109917e+02
1910	1.107347e+02
1911	1.104440e+02
1912	1.101401e+02
1913	1.099277e+02
1914	1.097272e+02
1915	1.094386e+02
1916	1.091078e+02
1917	1.087362e+02
1918	1.084079e+02
1919	1.080171e+02
1920	1.075639e+02
1921	1.070566e+02
1922	1.065079e+02
1923	1.059500e+02
1924	1.054905e+02
1925	1.049717e+02
1926	1.044851e+02
1927	1.039920e+02
1928	1.035308e+02
1929	1.031885e+02
1930	1.029149e+02
1931	1.026693e+02
1932	1.024167e+02
1933	1.021627e+02
1934	1.019387e+02
1935	1.017416e+02
1936	1.016268e+02
1937	1.015322e+02
1938	1.014081e+02
1939	1.013358e+02
1940	1.013168e+02
1941	1.013209e+02
1942	1.013588e+02
1943	1.015180e+02
1944	1.017470e+02
1945	1.020512e+02
1946	1.023649e+02
1947	1.027699e+02
1948	1.032263e+02
1949	1.037104e+02
1950	1.041792e+02
1951	1.045846e+02
1952	1.050297e+02
1953	1.054453e+02
1954	1.058491e+02
1955	1.062441e+02
1956	1.066135e+02
1957	1.070107e+02
1958	1.074150e+02
1959	1.077572e+02
1960	1.081992e+02
1961	1.086146e+02
1962	1.090448e+02
1963	1.095014e+02
1964	1.099631e+02
1965	1.104696e+02
1966	1.110192e+02
1967	1.114555e+02
1968	1.118071e+02
1969	1.121997e+02
1970	1.125604e+02
1971	1.129303e+02
1972	1.132074e+02
1973	1.134764e+02
1974	1.137164e+02
1975	1.138777e+02
1976	1.140904e+02
1977	1.142597e+02
1978	1.144770e+02
1979	1.147209e+02
1980	1.150107e+02
1981	1.152885e+02
1982	1.155248e+02
1983	1.157099e+02
1984	1.158538e+02
1985	1.159510e+02
1986	1.159854e+02
1987	1.160399e+02
1988	1.161405e+02
1989	1.161730e+02
1990	1.161684e+02
1991	1.160954e+02
1992	1.160040e+02
1993	1.159184e+02
1994	1.158361e+02
1995	1.157387e+02
1996	1.155675e+02
1997	1.153088e+02
1998	1.149912e+02
1999	1.146909e+02
2000	1.143697e+02
2001	1.140810e+02
2002	1.138864e+02
2003	1.137747e+02
2004	1.137672e+02
2005	1.138107e+02
2006	1.139426e+02
2007	1.140620e+02
2008	1.142681e+02
2009	1.144363e+02
2010	1.145970e+02
2011	1.147302e+02
2012	1.149395e+02
2013	1.151841e+02
2014	1.154123e+02
2015	1.155633e+02
2016	1.156893e+02
2017	1.158493e+02
2018	1.160099e+02
2019	1.161135e+02
2020	1.161786e+02
2021	1.162520e+02
2022	1.162956e+02
2023	1.162402e+02
2024	1.162038e+02
2025	1.161841e+02
2026	1.160757e+02
2027	1.158336e+02
2028	1.155854e+02
2029	1.153314e+02
2030	1.150216e+02
2031	1.147330e+02
2032	1.143868e+02
2033	1.140056e+02
2034	1.136353e+02
2035	1.132361e+02
2036	1.128443e+02
2037	1.125436e+02
2038	1.122707e+02
2039	1.120016e+02
2040	1.116948e+02
2041	1.113070e+02
2042	1.108930e+02
2043	1.105008e+02
2044	1.100822e+02
2045	1.096261e+02
2046	1.091168e+02
2047	1.086084e+02
2048	1.081705e+02
2049	1.077862e+02
2050	1.074675e+02
2051	1.071182e+02
2052	1.068073e+02
2053	1.065695e+02
2054	1.063115e+02
2055	1.061333e+02
2056	1.059812e+02
2057	1.058074e+02
2058	1.056733e+02
2059	1.055150e+02
2060	1.054768e+02
2061	1.055871e+02
2062	1.057270e+02
2063	1.058864e+02
2064	1.060379e+02
2065	1.063408e+02
2066	1.066606e+02
2067	1.070482e+02
2068	1.074534e+02
2069	1.078525e+02
2070	1.083257e+02
2071	1.088661e+02
2072	1.093897e+02
2073	1.098721e+02
2074	1.102399e+02
2075	1.105281e+02
2076	1.108373e+02
2077	1.110931e+02
2078	1.113426e+02
2079	1.115171e+02
2080	1.116528e+02
2081	1.117822e+02
2082	1.118932e+02
2083	1.119765e+02
2084	1.121666e+02
2085	1.122490e+02
2086	1.123545e+02
2087	1.124582e+02
2088	1.124791e+02
2089	1.124462e+02
2090	1.124395e+02
2091	1.124295e+02
2092	1.124041e+02
2093	1.124235e+02
2094	1.124203e+02
2095	1.124225e+02
2096	1.123666e+02
2097	1.122355e+02
2098	1.121452e+02
2099	1.120472e+02
2100	1.120168e+02
2101	1.120210e+02
2102	1.120741e+02
2103	1.120949e+02
2104	1.120692e+02
2105	1.120979e+02
2106	1.121202e+02
2107	1.120857e+02
2108	1.119708e+02
2109	1.119042e+02
2110	1.118732e+02
2111	1.117824e+02
2112	1.117014e+02
2113	1.116074e+02
2114	1.115211e+02
2115	1.114612e+02
2116	1.114378e+02
2117	1.113843e+02
2118	1.113409e+02
2119	1.112033e+02
2120	1.111032e+02
2121	1.109978e+02
2122	1.108410e+02
2123	1.106840e+02
2124	1.105011e+02
2125	1.101817e+02
2126	1.098475e+02
2127	1.094716e+02
2128	1.090848e+02
2129	1.086753e+02
2130	1.082580e+02
2131	1.077447e+02
2132	1.072377e+02
2133	1.067764e+02
2134	1.062862e+02
2135	1.058260e+02
2136	1.054010e+02
2137	1.049763e+02
2138	1.045553e+02
2139	1.041093e+02
2140	1.036607e+02
2141	1.032545e+02
2142	1.028528e+02
2143	1.024856e+02
2144	1.022296e+02
2145	1.019845e+02
2146	1.017810e+02
2147	1.015767e+02
2148	1.014100e+02
2149	1.013086e+02
2150	1.013032e+02
2151	1.013118e+02
2152	1.013834e+02
2153	1.014612e+02
2154	1.016551e+02
2155	1.019165e+02
2156	1.022022e+02
2157	1.025522e+02
2158	1.028995e+02
2159	1.033193e+02
2160	1.038313e+02
2161	1.043640e+02
2162	1.048655e+02
2163	1.052965e+02
2164	1.056779e+02
2165	1.060821e+02
2166	1.065387e+02
2167	1.069942e+02
2168	1.075001e+02
2169	1.080976e+02
2170	1.086997e+02
2171	1.093775e+02
2172	1.100386e+02
2173	1.107483e+02
2174	1.115433e+02
2175	1.123468e+02
2176	1.131255e+02
2177	1.138032e+02
2178	1.144064e+02
2179	1.150221e+02
2180	1.156447e+02
2181	1.161875e+02
2182	1.166147e+02
2183	1.169176e+02
2184	1.171024e+02
2185	1.171937e+02
2186	1.172818e+02
2187	1.173083e+02
2188	1.172883e+02
2189	1.171694e+02
2190	1.170024e+02
2191	1.167507e+02
2192	1.163546e+02
2193	1.158885e+02
2194	1.153420e+02
2195	1.147711e+02
2196	1.141599e+02
2197	1.135741e+02
2198	1.129408e+02
2199	1.122773e+02
2200	1.115109e+02
2201	1.106367e+02
2202	1.097317e+02
2203	1.087818e+02
2204	1.078252e+02
2205	1.068556e+02
2206	1.059674e+02
2207	1.052142e+02
2208	1.045365e+02
2209	1.039477e+02
2210	1.034173e+02
2211	1.028844e+02
2212	1.024194e+02
2213	1.019411e+02
2214	1.015120e+02
2215	1.010720e+02
2216	1.006614e+02
2217	1.003910e+02
2218	1.001717e+02
2219	1.000169e+02
2220	9.992644e+01
2221	9.997210e+01
2222	1.000982e+02
2223	1.002763e+02
2224	1.005882e+02
2225	1.008394e+02
2226	1.011763e+02
2227	1.015637e+02
2228	1.020033e+02
2229	1.024292e+02
2230	1.028170e+02
2231	1.032096e+02
2232	1.036338e+02
2233	1.041282e+02
2234	1.045722e+02
2235	1.050929e+02
2236	1.056459e+02
2237	1.061330e+02
2238	1.066136e+02
2239	1.071021e+02
2240	1.075439e+02
2241	1.079616e+02
2242	1.083722e+02
2243	1.087591e+02
2244	1.091950e+02
2245	1.097227e+02
2246	1.102609e+02
2247	1.107420e+02
2248	1.112627e+02
2249	1.117856e+02
2250	1.123134e+02
2251	1.128445e+02
2252	1.133576e+02
2253	1.138663e+02
2254	1.144292e+02
2255	1.150003e+02
2256	1.155790e+02
2257	1.159609e+02
2258	1.163096e+02
2259	1.166617e+02
2260	1.170611e+02
2261	1.174259e+02
2262	1.177397e+02
2263	1.180124e+02
2264	1.183113e+02
2265	1.185585e+02
2266	1.188575e+02
2267	1.191505e+02
2268	1.193606e+02
2269	1.195955e+02
2270	1.198082e+02
2271	1.199659e+02
2272	1.201157e+02
2273	1.202410e+02
2274	1.203790e+02
2275	1.204984e+02
2276	1.206008e+02
2277	1.206179e+02
2278	1.205936e+02
2279	1.205054e+02
2280	1.203204e+02
2281	1.199919e+02
2282	1.195036e+02
2283	1.188456e+02
2284	1.180899e+02
2285	1.173089e+02
2286	1.164542e+02
2287	1.155391e+02
2288	1.146861e+02
2289	1.138871e+02
2290	1.130142e+02
2291	1.122144e+02
2292	1.114586e+02
2293	1.107216e+02
2294	1.100362e+02
2295	1.094021e+02
2296	1.087868e+02
2297	1.082425e+02
2298	1.077470e+02
2299	1.073807e+02
2300	1.070302e+02
2301	1.067551e+02
2302	1.064563e+02
2303	1.061932e+02
2304	1.059698e+02
2305	1.057570e+02
2306	1.056312e+02
2307	1.055308e+02
2308	1.054810e+02
2309	1.055627e+02
2310	1.058097e+02
2311	1.061088e+02
2312	1.064831e+02
2313	1.069760e+02
2314	1.075062e+02
2315	1.080830e+02
2316	1.087741e+02
2317	1.094925e+02
2318	1.102274e+02
2319	1.109605e+02
2320	1.117225e+02
2321	1.125475e+02
2322	1.133334e+02
2323	1.141568e+02
2324	1.148657e+02
2325	1.156136e+02
2326	1.162930e+02
2327	1.169303e+02
2328	1.175582e+02
2329	1.181017e+02
2330	1.186319e+02
2331	1.191402e+02
2332	1.195827e+02
2333	1.199742e+02
2334	1.204118e+02
2335	1.208278e+02
2336	1.211634e+02
2337	1.214347e+02
2338	1.216298e+02
2339	1.216822e+02
2340	1.217710e+02
2341	1.217626e+02
2342	1.216727e+02
2343	1.215273e+02
2344	1.213020e+02
2345	1.209967e+02
2346	1.206354e+02
2347	1.201468e+02
2348	1.195910e+02
2349	1.191011e+02
2350	1.185709e+02
2351	1.179976e+02
2352	1.174103e+02
2353	1.167930e+02
2354	1.161191e+02
2355	1.154164e+02
2356	1.147803e+02
2357	1.142193e+02
2358	1.136228e+02
2359	1.130550e+02
2360	1.125847e+02
2361	1.121182e+02
2362	1.117105e+02
2363	1.113385e+02
2364	1.110055e+02
2365	1.107135e+02
2366	1.104388e+02
2367	1.102710e+02
2368	1.101209e+02
2369	1.099959e+02
2370	1.098560e+02
2371	1.097392e+02
2372	1.095804e+02
2373	1.094681e+02
2374	1.093029e+02
2375	1.091144e+02
2376	1.089101e+02
2377	1.087779e+02
2378	1.087120e+02
2379	1.086346e+02
2380	1.085434e+02
2381	1.084974e+02
2382	1.084166e+02
2383	1.083460e+02
2384	1.082625e+02
2385	1.081765e+02
2386	1.081020e+02
2387	1.080413e+02
2388	1.080452e+02
2389	1.079951e+02
2390	1.079150e+02
2391	1.077638e+02
2392	1.075385e+02
2393	1.073337e+02
2394	1.070820e+02
2395	1.068695e+02
2396	1.067368e+02
2397	1.065931e+02
2398	1.064395e+02
2399	1.062807e+02
2400	1.062014e+02
2401	1.061317e+02
2402	1.060900e+02
2403	1.061387e+02
2404	1.061353e+02
2405	1.061379e+02
2406	1.061919e+02
2407	1.062635e+02
2408	1.063205e+02
2409	1.064828e+02
2410	1.066837e+02
2411	1.067964e+02
2412	1.068626e+02
2413	1.069934e+02
2414	1.071493e+02
2415	1.073705e+02
2416	1.076539e+02
2417	1.079994e+02
2418	1.083584e+02
2419	1.087129e+02
2420	1.091478e+02
2421	1.096761e+02
2422	1.102008e+02
2423	1.107088e+02
2424	1.113076e+02
2425	1.119509e+02
2426	1.126273e+02
2427	1.133441e+02
2428	1.140067e+02
2429	1.146517e+02
2430	1.152726e+02
2431	1.158593e+02
2432	1.164590e+02
2433	1.170083e+02
2434	1.175177e+02
2435	1.180372e+02
2436	1.184377e+02
2437	1.188264e+02
2438	1.190588e+02
2439	1.192389e+02
2440	1.193726e+02
2441	1.194752e+02
2442	1.195558e+02
2443	1.195358e+02
2444	1.194871e+02
2445	1.193666e+02
2446	1.191226e+02
2447	1.188859e+02
2448	1.185900e+02
2449	1.182528e+02
2450	1.178184e+02
2451	1.173563e+02
2452	1.168264e+02
2453	1.161752e+02
2454	1.155280e+02
2455	1.148905e+02
2456	1.141776e+02
2457	1.134440e+02
2458	1.126913e+02
2459	1.119242e+02
2460	1.112389e+02
2461	1.106039e+02
2462	1.100527e+02
2463	1.095247e+02
2464	1.090784e+02
2465	1.087019e+02
2466	1.083197e+02
2467	1.079646e+02
2468	1.076842e+02
2469	1.073979e+02
2470	1.071361e+02
2471	1.068707e+02
2472	1.066231e+02
2473	1.064637e+02
2474	1.063464e+02
2475	1.062896e+02
2476	1.063593e+02
2477	1.065086e+02
2478	1.067886e+02
2479	1.070419e+02
2480	1.072971e+02
2481	1.076374e+02
2482	1.079997e+02
2483	1.083743e+02
2484	1.088024e+02
2485	1.092786e+02
2486	1.097633e+02
2487	1.102811e+02
2488	1.108547e+02
2489	1.114628e+02
2490	1.119820e+02
2491	1.124606e+02
2492	1.129019e+02
2493	1.132866e+02
2494	1.136656e+02
2495	1.139509e+02
2496	1.142027e+02
2497	1.144559e+02
2498	1.146426e+02
2499	1.147879e+02
2500	1.148210e+02
2501	1.147925e+02
2502	1.147263e+02
2503	1.147227e+02
2504	1.146396e+02
2505	1.144994e+02
2506	1.142906e+02
2507	1.140822e+02
2508	1.138343e+02
2509	1.135346e+02
2510	1.132133e+02
2511	1.129344e+02
2512	1.125820e+02
2513	1.122187e+02
2514	1.118859e+02
2515	1.115595e+02
2516	1.112645e+02
2517	1.110473e+02
2518	1.107807e+02
2519	1.106020e+02
2520	1.104476e+02
2521	1.103493e+02
2522	1.102460e+02
2523	1.102067e+02
2524	1.102668e+02
2525	1.103391e+02
2526	1.104869e+02
2527	1.106956e+02
2528	1.109576e+02
2529	1.112817e+02
2530	1.116064e+02
2531	1.120341e+02
2532	1.124218e+02
2533	1.128625e+02
2534	1.133411e+02
2535	1.137951e+02
2536	1.142659e+02
2537	1.146833e+02
2538	1.150711e+02
2539	1.154257e+02
2540	1.157014e+02
2541	1.158727e+02
2542	1.159846e+02
2543	1.160081e+02
2544	1.160127e+02
2545	1.159505e+02
2546	1.158427e+02
2547	1.157156e+02
2548	1.156132e+02
2549	1.155373e+02
2550	1.154262e+02
2551	1.152553e+02
2552	1.149365e+02
2553	1.146071e+02
2554	1.142498e+02
2555	1.138763e+02
2556	1.135257e+02
2557	1.131469e+02
2558	1.128251e+02
2559	1.125124e+02
2560	1.121961e+02
2561	1.119071e+02
2562	1.115688e+02
2563	1.111702e+02
2564	1.108825e+02
2565	1.105708e+02
2566	1.102312e+02
2567	1.100027e+02
2568	1.098182e+02
2569	1.096758e+02
2570	1.095542e+02
2571	1.094994e+02
2572	1.095437e+02
2573	1.096024e+02
2574	1.096832e+02
2575	1.097803e+02
2576	1.099264e+02
2577	1.101110e+02
2578	1.103158e+02
2579	1.105702e+02
2580	1.108526e+02
2581	1.111708e+02
2582	1.114939e+02
2583	1.117722e+02
2584	1.120156e+02
2585	1.122724e+02
2586	1.125437e+02
2587	1.128736e+02
2588	1.131860e+02
2589	1.134871e+02
2590	1.137376e+02
2591	1.140668e+02
2592	1.144366e+02
2593	1.148063e+02
2594	1.151389e+02
2595	1.154553e+02
2596	1.157712e+02
2597	1.160305e+02
2598	1.162755e+02
2599	1.164100e+02
2600	1.164736e+02
2601	1.163987e+02
2602	1.163144e+02
2603	1.161807e+02
2604	1.160323e+02
2605	1.157626e+02
2606	1.154365e+02
2607	1.150395e+02
2608	1.145579e+02
2609	1.139694e+02
2610	1.134815e+02
2611	1.130181e+02
2612	1.125470e+02
2613	1.121283e+02
2614	1.116328e+02
2615	1.111661e+02
2616	1.106180e+02
2617	1.100949e+02
2618	1.095633e+02
2619	1.090395e+02
2620	1.085555e+02
2621	1.080294e+02
2622	1.075346e+02
2623	1.070831e+02
2624	1.066171e+02
2625	1.060987e+02
2626	1.055902e+02
2627	1.051170e+02
2628	1.046437e+02
2629	1.042205e+02
2630	1.038523e+02
2631	1.035317e+02
2632	1.032212e+02
2633	1.029432e+02
2634	1.026994e+02
2635	1.025067e+02
2636	1.023629e+02
2637	1.023556e+02
2638	1.023789e+02
2639	1.023513e+02
2640	1.023885e+02
2641	1.023789e+02
2642	1.023918e+02
2643	1.022942e+02
2644	1.023295e+02
2645	1.023784e+02
2646	1.024447e+02
2647	1.024308e+02
2648	1.023892e+02
2649	1.023059e+02
2650	1.022487e+02
2651	1.022018e+02
2652	1.021179e+02
2653	1.020444e+02
2654	1.021623e+02
2655	1.023519e+02
2656	1.025748e+02
2657	1.029113e+02
2658	1.033368e+02
2659	1.038193e+02
2660	1.043745e+02
2661	1.048469e+02
2662	1.053511e+02
2663	1.058717e+02
2664	1.064260e+02
2665	1.069319e+02
2666	1.074374e+02
2667	1.078376e+02
2668	1.082343e+02
2669	1.085546e+02
2670	1.088625e+02
2671	1.090241e+02
2672	1.090810e+02
2673	1.091296e+02
2674	1.091946e+02
2675	1.093368e+02
2676	1.094297e+02
2677	1.094363e+02
2678	1.093229e+02
2679	1.092308e+02
2680	1.091928e+02
2681	1.091983e+02
2682	1.091391e+02
2683	1.090993e+02
2684	1.089926e+02
2685	1.088216e+02
2686	1.086487e+02
2687	1.085268e+02
2688	1.083485e+02
2689	1.082259e+02
2690	1.080995e+02
2691	1.080159e+02
2692	1.079913e+02
2693	1.079062e+02
2694	1.078149e+02
2695	1.076704e+02
2696	1.075881e+02
2697	1.075014e+02
2698	1.074535e+02
2699	1.074830e+02
2700	1.076122e+02
2701	1.077621e+02
2702	1.079195e+02
2703	1.080320e+02
2704	1.081446e+02
2705	1.083018e+02
2706	1.084314e+02
2707	1.086432e+02
2708	1.088126e+02
2709	1.089076e+02
2710	1.089967e+02
2711	1.090895e+02
2712	1.091209e+02
2713	1.090534e+02
2714	1.089464e+02
2715	1.089270e+02
2716	1.088905e+02
2717	1.089300e+02
2718	1.090577e+02
2719	1.092279e+02
2720	1.094166e+02
2721	1.095035e+02
2722	1.095686e+02
2723	1.096648e+02
2724	1.097790e+02
2725	1.099288e+02
2726	1.100960e+02
2727	1.103156e+02
2728	1.105631e+02
2729	1.107730e+02
2730	1.109246e+02
2731	1.110529e+02
2732	1.111611e+02
2733	1.111719e+02
2734	1.111901e+02
2735	1.111533e+02
2736	1.111259e+02
2737	1.110203e+02
2738	1.108367e+02
2739	1.106895e+02
2740	1.105704e+02
2741	1.104558e+02
2742	1.103003e+02
2743	1.102315e+02
2744	1.101752e+02
2745	1.100884e+02
2746	1.100557e+02
2747	1.100014e+02
2748	1.099463e+02
2749	1.099138e+02
2750	1.099285e+02
2751	1.099511e+02
2752	1.099827e+02
2753	1.100108e+02
2754	1.100454e+02
2755	1.101108e+02
2756	1.101032e+02
2757	1.100574e+02
2758	1.100668e+02
2759	1.099768e+02
2760	1.099401e+02
2761	1.099466e+02
2762	1.099462e+02
2763	1.098718e+02
2764	1.098388e+02
2765	1.098175e+02
2766	1.097641e+02
2767	1.097359e+02
2768	1.096606e+02
2769	1.095780e+02
2770	1.095190e+02
2771	1.094993e+02
2772	1.094907e+02
2773	1.094998e+02
2774	1.094871e+02
2775	1.094244e+02
2776	1.093368e+02
2777	1.092814e+02
2778	1.092923e+02
2779	1.093177e+02
2780	1.092677e+02
2781	1.092350e+02
2782	1.092315e+02
2783	1.093030e+02
2784	1.092761e+02
2785	1.092227e+02
2786	1.092494e+02
2787	1.092927e+02
2788	1.094588e+02
2789	1.096726e+02
2790	1.099471e+02
2791	1.101823e+02
2792	1.103688e+02
2793	1.106362e+02
2794	1.109069e+02
2795	1.112299e+02
2796	1.115691e+02
2797	1.119036e+02
2798	1.122278e+02
2799	1.125660e+02
2800	1.129758e+02
2801	1.134734e+02
2802	1.138838e+02
2803	1.142194e+02
2804	1.144811e+02
2805	1.147278e+02
2806	1.149850e+02
2807	1.152536e+02
2808	1.154380e+02
2809	1.155931e+02
2810	1.156594e+02
2811	1.157262e+02
2812	1.158022e+02
2813	1.158206e+02
2814	1.157374e+02
2815	1.155538e+02
2816	1.153452e+02
2817	1.151194e+02
2818	1.149106e+02
2819	1.147158e+02
2820	1.145524e+02
2821	1.144049e+02
2822	1.142524e+02
2823	1.141086e+02
2824	1.139631e+02
2825	1.138475e+02
2826	1.137317e+02
2827	1.136660e+02
2828	1.135969e+02
2829	1.136045e+02
2830	1.135470e+02
2831	1.134998e+02
2832	1.133749e+02
2833	1.131780e+02
2834	1.129557e+02
2835	1.127809e+02
2836	1.126655e+02
2837	1.125929e+02
2838	1.125524e+02
2839	1.125426e+02
2840	1.125004e+02
2841	1.124422e+02
2842	1.123650e+02
2843	1.123596e+02
2844	1.123337e+02
2845	1.122573e+02
2846	1.120720e+02
2847	1.118244e+02
2848	1.115053e+02
2849	1.111649e+02
2850	1.108202e+02
2851	1.104874e+02
2852	1.100975e+02
2853	1.097293e+02
2854	1.093660e+02
2855	1.089134e+02
2856	1.083006e+02
2857	1.077680e+02
2858	1.072452e+02
2859	1.068553e+02
2860	1.064859e+02
2861	1.060610e+02
2862	1.056609e+02
2863	1.052487e+02
2864	1.048843e+02
2865	1.045219e+02
2866	1.041718e+02
2867	1.038875e+02
2868	1.035756e+02
2869	1.033074e+02
2870	1.031116e+02
2871	1.029580e+02
2872	1.028194e+02
2873	1.026997e+02
2874	1.026847e+02
2875	1.026308e+02
2876	1.025850e+02
2877	1.025548e+02
2878	1.025713e+02
2879	1.026494e+02
2880	1.027854e+02
2881	1.030048e+02
2882	1.032733e+02
2883	1.036532e+02
2884	1.040683e+02
2885	1.045492e+02
2886	1.050203e+02
2887	1.055806e+02
2888	1.061270e+02
2889	1.067530e+02
2890	1.074812e+02
2891	1.082760e+02
2892	1.090475e+02
2893	1.098994e+02
2894	1.107761e+02
2895	1.117219e+02
2896	1.127375e+02
2897	1.137729e+02
2898	1.147773e+02
2899	1.158215e+02
2900	1.167582e+02
2901	1.176715e+02
2902	1.185121e+02
2903	1.193911e+02
2904	1.202338e+02
2905	1.209844e+02
2906	1.216037e+02
2907	1.221238e+02
2908	1.225307e+02
2909	1.228324e+02
2910	1.230512e+02
2911	1.232452e+02
2912	1.233402e+02
2913	1.233198e+02
2914	1.231767e+02
2915	1.229006e+02
2916	1.225020e+02
2917	1.220168e+02
2918	1.214992e+02
2919	1.208254e+02
2920	1.201102e+02
2921	1.192949e+02
2922	1.183872e+02
2923	1.174902e+02
2924	1.165111e+02
2925	1.155500e+02
2926	1.145907e+02
2927	1.136497e+02
2928	1.127785e+02
2929	1.119204e+02
2930	1.110477e+02
2931	1.102428e+02
2932	1.094038e+02
2933	1.085825e+02
2934	1.077496e+02
2935	1.069406e+02
2936	1.062304e+02
2937	1.055784e+02
2938	1.050870e+02
2939	1.045260e+02
2940	1.039627e+02
2941	1.034261e+02
2942	1.029041e+02
2943	1.024269e+02
2944	1.020546e+02
2945	1.016861e+02
2946	1.013388e+02
2947	1.009747e+02
2948	1.006724e+02
2949	1.005422e+02
2950	1.005055e+02
2951	1.005330e+02
2952	1.006320e+02
2953	1.008383e+02
2954	1.010359e+02
2955	1.013227e+02
2956	1.016707e+02
2957	1.020747e+02
2958	1.025508e+02
2959	1.030757e+02
2960	1.036089e+02
2961	1.042325e+02
2962	1.049351e+02
2963	1.057345e+02
2964	1.065753e+02
2965	1.074426e+02
2966	1.083546e+02
2967	1.093748e+02
2968	1.103906e+02
2969	1.113767e+02
2970	1.123065e+02
2971	1.131303e+02
2972	1.138949e+02
2973	1.145263e+02
2974	1.151371e+02
2975	1.157149e+02
2976	1.162090e+02
2977	1.166310e+02
2978	1.169754e+02
2979	1.172711e+02
2980	1.174598e+02
2981	1.176492e+02
2982	1.178091e+02
2983	1.178156e+02
2984	1.177563e+02
2985	1.176735e+02
2986	1.176233e+02
2987	1.176044e+02
2988	1.175090e+02
2989	1.173481e+02
2990	1.171243e+02
2991	1.168541e+02
2992	1.166470e+02
2993	1.164208e+02
2994	1.162045e+02
2995	1.160303e+02
2996	1.158811e+02
2997	1.157419e+02
2998	1.155523e+02
2999	1.153614e+02
3000	1.151679e+02
3001	1.150742e+02
3002	1.148984e+02
3003	1.147271e+02
3004	1.145763e+02
3005	1.145036e+02
3006	1.143465e+02
3007	1.141808e+02
3008	1.140453e+02
3009	1.138608e+02
3010	1.136679e+02
3011	1.134302e+02
3012	1.131310e+02
3013	1.128250e+02
3014	1.125147e+02
3015	1.121391e+02
3016	1.116617e+02
3017	1.110894e+02
3018	1.105716e+02
3019	1.100461e+02
3020	1.094501e+02
3021	1.088202e+02
3022	1.080516e+02
3023	1.073211e+02
3024	1.066028e+02
3025	1.058133e+02
3026	1.051453e+02
3027	1.045151e+02
3028	1.039920e+02
3029	1.035012e+02
3030	1.030784e+02
3031	1.027401e+02
3032	1.025045e+02
3033	1.024001e+02
3034	1.023324e+02
3035	1.023561e+02
3036	1.024482e+02
3037	1.025543e+02
3038	1.027045e+02
3039	1.029397e+02
3040	1.032815e+02
3041	1.036655e+02
3042	1.040742e+02
3043	1.044039e+02
3044	1.047843e+02
3045	1.051972e+02
3046	1.056732e+02
3047	1.061317e+02
3048	1.066255e+02
3049	1.071926e+02
3050	1.077530e+02
3051	1.083737e+02
3052	1.090489e+02
3053	1.097726e+02
3054	1.105790e+02
3055	1.114001e+02
3056	1.122344e+02
3057	1.130888e+02
3058	1.138665e+02
3059	1.147151e+02
3060	1.156003e+02
3061	1.164347e+02
3062	1.172729e+02
3063	1.181813e+02
3064	1.190778e+02
3065	1.199668e+02
3066	1.208036e+02
3067	1.215734e+02
3068	1.223035e+02
3069	1.229806e+02
3070	1.236530e+02
3071	1.243067e+02
3072	1.249818e+02
3073	1.256023e+02
3074	1.261560e+02
3075	1.266069e+02
3076	1.270156e+02
3077	1.273609e+02
3078	1.277619e+02
3079	1.281365e+02
3080	1.284186e+02
3081	1.286377e+02
3082	1.288040e+02
3083	1.288240e+02
3084	1.287209e+02
3085	1.284755e+02
3086	1.281928e+02
3087	1.278031e+02
3088	1.272818e+02
3089	1.265475e+02
3090	1.257306e+02
3091	1.247160e+02
3092	1.236952e+02
3093	1.225526e+02
3094	1.214193e+02
3095	1.202291e+02
3096	1.190060e+02
3097	1.177540e+02
3098	1.164678e+02
3099	1.151276e+02
3100	1.137024e+02
3101	1.122992e+02
3102	1.109297e+02
3103	1.096220e+02
3104	1.083443e+02
3105	1.070089e+02
3106	1.057276e+02
3107	1.044939e+02
3108	1.033421e+02
3109	1.022261e+02
3110	1.012333e+02
3111	1.003704e+02
3112	9.961360e+01
3113	9.902288e+01
3114	9.857310e+01
3115	9.819655e+01
3116	9.792492e+01
3117	9.774479e+01
3118	9.763197e+01
3119	9.763647e+01
3120	9.781498e+01
3121	9.819763e+01
3122	9.867209e+01
3123	9.934273e+01
3124	1.001030e+02
3125	1.008819e+02
3126	1.017105e+02
3127	1.025108e+02
3128	1.033865e+02
3129	1.042700e+02
3130	1.052176e+02
3131	1.061510e+02
3132	1.070467e+02
3133	1.078856e+02
3134	1.087621e+02
3135	1.095709e+02
3136	1.103401e+02
3137	1.110734e+02
3138	1.117761e+02
3139	1.123237e+02
3140	1.128341e+02
3141	1.133285e+02
3142	1.138407e+02
3143	1.143607e+02
3144	1.148179e+02
3145	1.152054e+02
3146	1.155086e+02
3147	1.158316e+02
3148	1.161974e+02
3149	1.166295e+02
3150	1.170763e+02
3151	1.174537e+02
3152	1.178571e+02
3153	1.182564e+02
3154	1.186008e+02
3155	1.188750e+02
3156	1.191321e+02
3157	1.193847e+02
3158	1.196132e+02
3159	1.199138e+02
3160	1.202214e+02
3161	1.204691e+02
3162	1.207603e+02
3163	1.210502e+02
3164	1.213274e+02
3165	1.215218e+02
3166	1.216730e+02
3167	1.218353e+02
3168	1.219145e+02
3169	1.219391e+02
3170	1.218365e+02
3171	1.216680e+02
3172	1.213688e+02
3173	1.209753e+02
3174	1.205411e+02
3175	1.200554e+02
3176	1.194963e+02
3177	1.189318e+02
3178	1.182873e+02
3179	1.175628e+02
3180	1.168727e+02
3181	1.161497e+02
3182	1.153804e+02
3183	1.145681e+02
3184	1.137991e+02
3185	1.129693e+02
3186	1.121897e+02
3187	1.113367e+02
3188	1.105023e+02
3189	1.096997e+02
3190	1.089361e+02
3191	1.081859e+02
3192	1.075378e+02
3193	1.069863e+02
3194	1.064849e+02
3195	1.061036e+02
3196	1.058277e+02
3197	1.056216e+02
3198	1.055403e+02
3199	1.054862e+02
3200	1.055559e+02
3201	1.056693e+02
3202	1.057850e+02
3203	1.059782e+02
3204	1.062160e+02
3205	1.065771e+02
3206	1.070170e+02
3207	1.074993e+02
3208	1.080969e+02
3209	1.087243e+02
3210	1.093682e+02
3211	1.100806e+02
3212	1.107417e+02
3213	1.114126e+02
3214	1.120799e+02
3215	1.127803e+02
3216	1.134313e+02
3217	1.140690e+02
3218	1.147168e+02
3219	1.153304e+02
3220	1.159027e+02
3221	1.164449e+02
3222	1.169760e+02
3223	1.175070e+02
3224	1.180551e+02
3225	1.185728e+02
3226	1.190961e+02
3227	1.196126e+02
3228	1.200550e+02
3229	1.204361e+02
3230	1.207757e+02
3231	1.210719e+02
3232	1.213425e+02
3233	1.216790e+02
3234	1.220109e+02
3235	1.222923e+02
3236	1.223751e+02
3237	1.224044e+02
3238	1.224128e+02
3239	1.224839e+02
3240	1.225116e+02
3241	1.225254e+02
3242	1.224464e+02
3243	1.223014e+02
3244	1.219995e+02
3245	1.216950e+02
3246	1.213694e+02
3247	1.209160e+02
3248	1.205551e+02
3249	1.200686e+02
3250	1.195213e+02
3251	1.188978e+02
3252	1.181880e+02
3253	1.174266e+02
3254	1.166781e+02
3255	1.158470e+02
3256	1.149509e+02
3257	1.140696e+02
3258	1.131014e+02
3259	1.121205e+02
3260	1.111225e+02
3261	1.102067e+02
3262	1.092174e+02
3263	1.081903e+02
3264	1.071320e+02
3265	1.061162e+02
3266	1.051533e+02
3267	1.041827e+02
3268	1.032243e+02
3269	1.023720e+02
3270	1.016511e+02
3271	1.009416e+02
3272	1.003152e+02
3273	9.976764e+01
3274	9.927761e+01
3275	9.890614e+01
3276	9.861116e+01
3277	9.845709e+01
3278	9.832928e+01
3279	9.820682e+01
3280	9.816430e+01
3281	9.818589e+01
3282	9.827383e+01
3283	9.848467e+01
3284	9.877912e+01
3285	9.914254e+01
3286	9.959387e+01
3287	1.001461e+02
3288	1.008474e+02
3289	1.016281e+02
3290	1.024939e+02
3291	1.033935e+02
3292	1.043480e+02
3293	1.053142e+02
3294	1.062846e+02
3295	1.072676e+02
3296	1.082999e+02
3297	1.093595e+02
3298	1.104376e+02
3299	1.115188e+02
3300	1.126553e+02
3301	1.137196e+02
3302	1.147209e+02
3303	1.156135e+02
3304	1.164755e+02
3305	1.173586e+02
3306	1.181524e+02
3307	1.189723e+02
3308	1.197713e+02
3309	1.204425e+02
3310	1.209968e+02
3311	1.214859e+02
3312	1.218479e+02
3313	1.221383e+02
3314	1.223400e+02
3315	1.224200e+02
3316	1.223273e+02
3317	1.221839e+02
3318	1.220433e+02
3319	1.218719e+02
3320	1.216361e+02
3321	1.213341e+02
3322	1.210265e+02
3323	1.206551e+02
3324	1.202556e+02
3325	1.197439e+02
3326	1.191910e+02
3327	1.185498e+02
3328	1.178414e+02
3329	1.170790e+02
3330	1.163640e+02
3331	1.156247e+02
3332	1.148707e+02
3333	1.141163e+02
3334	1.133151e+02
3335	1.125353e+02
3336	1.117531e+02
3337	1.111345e+02
3338	1.105574e+02
3339	1.099644e+02
3340	1.094062e+02
3341	1.088615e+02
3342	1.083646e+02
3343	1.078027e+02
3344	1.071968e+02
3345	1.066910e+02
3346	1.061362e+02
3347	1.055124e+02
3348	1.048459e+02
3349	1.041355e+02
3350	1.034482e+02
3351	1.027326e+02
3352	1.021041e+02
3353	1.015418e+02
3354	1.009268e+02
3355	1.002196e+02
3356	9.962781e+01
3357	9.910416e+01
3358	9.874309e+01
3359	9.844778e+01
3360	9.827765e+01
3361	9.814084e+01
3362	9.811935e+01
3363	9.813459e+01
3364	9.822890e+01
3365	9.836768e+01
3366	9.853296e+01
3367	9.874694e+01
3368	9.897030e+01
3369	9.926637e+01
3370	9.960707e+01
3371	1.000222e+02
3372	1.004523e+02
3373	1.009589e+02
3374	1.015825e+02
3375	1.022728e+02
3376	1.030620e+02
3377	1.038738e+02
3378	1.047337e+02
3379	1.056450e+02
3380	1.065716e+02
3381	1.074981e+02
3382	1.083779e+02
3383	1.093302e+02
3384	1.101641e+02
3385	1.109487e+02
3386	1.116865e+02
3387	1.122788e+02
3388	1.128307e+02
3389	1.133695e+02
3390	1.138704e+02
3391	1.143451e+02
3392	1.147080e+02
3393	1.150431e+02
3394	1.153669e+02
3395	1.156812e+02
3396	1.159082e+02
3397	1.161184e+02
3398	1.162452e+02
3399	1.162769e+02
3400	1.161964e+02
3401	1.161282e+02
3402	1.160321e+02
3403	1.158914e+02
3404	1.156712e+02
3405	1.154421e+02
3406	1.151349e+02
3407	1.147721e+02
3408	1.142868e+02
3409	1.138310e+02
3410	1.133241e+02
3411	1.128461e+02
3412	1.123690e+02
3413	1.118810e+02
3414	1.114070e+02
3415	1.109749e+02
3416	1.105435e+02
3417	1.102222e+02
3418	1.099469e+02
3419	1.097103e+02
3420	1.095312e+02
3421	1.094079e+02
3422	1.093351e+02
3423	1.093238e+02
3424	1.094003e+02
3425	1.093572e+02
3426	1.093126e+02
3427	1.092207e+02
3428	1.090936e+02
3429	1.089687e+02
3430	1.088742e+02
3431	1.088288e+02
3432	1.087652e+02
3433	1.087278e+02
3434	1.085892e+02
3435	1.083408e+02
3436	1.080785e+02
3437	1.077950e+02
3438	1.075049e+02
3439	1.071562e+02
3440	1.067629e+02
3441	1.063966e+02
3442	1.060187e+02
3443	1.056280e+02
3444	1.051778e+02
3445	1.046934e+02
3446	1.042668e+02
3447	1.038285e+02
3448	1.034636e+02
3449	1.030515e+02
3450	1.026738e+02
3451	1.022813e+02
3452	1.020162e+02
3453	1.017767e+02
3454	1.017121e+02
3455	1.017555e+02
3456	1.018929e+02
3457	1.021485e+02
3458	1.024620e+02
3459	1.027636e+02
3460	1.031995e+02
3461	1.037006e+02
3462	1.041648e+02
3463	1.047406e+02
3464	1.052388e+02
3465	1.057586e+02
3466	1.063758e+02
3467	1.069859e+02
3468	1.075377e+02
3469	1.080996e+02
3470	1.087002e+02
3471	1.093425e+02
3472	1.099739e+02
3473	1.106085e+02
3474	1.112420e+02
3475	1.118690e+02
3476	1.125190e+02
3477	1.131629e+02
3478	1.137525e+02
3479	1.143281e+02
3480	1.147996e+02
3481	1.151900e+02
3482	1.155751e+02
3483	1.158964e+02
3484	1.162073e+02
3485	1.165308e+02
3486	1.167483e+02
3487	1.169261e+02
3488	1.169671e+02
3489	1.169582e+02
3490	1.169408e+02
3491	1.168964e+02
3492	1.168437e+02
3493	1.167939e+02
3494	1.167711e+02
3495	1.166727e+02
3496	1.165137e+02
3497	1.164000e+02
3498	1.162401e+02
3499	1.160691e+02
3500	1.159660e+02
3501	1.159110e+02
3502	1.158515e+02
3503	1.157769e+02
3504	1.157497e+02
3505	1.157111e+02
3506	1.156028e+02
3507	1.155014e+02
3508	1.153963e+02
3509	1.153646e+02
3510	1.153707e+02
3511	1.153660e+02
3512	1.154458e+02
3513	1.155714e+02
3514	1.155840e+02
3515	1.156475e+02
3516	1.157180e+02
3517	1.157731e+02
3518	1.158507e+02
3519	1.159561e+02
3520	1.160078e+02
3521	1.159674e+02
3522	1.159385e+02
3523	1.158637e+02
3524	1.157857e+02
3525	1.155949e+02
3526	1.153240e+02
3527	1.150538e+02
3528	1.147813e+02
3529	1.145203e+02
3530	1.141964e+02
3531	1.139493e+02
3532	1.137022e+02
3533	1.134097e+02
3534	1.131103e+02
3535	1.127378e+02
3536	1.122916e+02
3537	1.118019e+02
3538	1.112507e+02
3539	1.107209e+02
3540	1.102589e+02
3541	1.098284e+02
3542	1.094705e+02
3543	1.091384e+02
3544	1.088537e+02
3545	1.086574e+02
3546	1.085565e+02
3547	1.084505e+02
3548	1.084197e+02
3549	1.083606e+02
3550	1.083345e+02
3551	1.083698e+02
3552	1.085056e+02
3553	1.085919e+02
3554	1.087888e+02
3555	1.090035e+02
3556	1.092687e+02
3557	1.096035e+02
3558	1.098390e+02
3559	1.100636e+02
3560	1.102461e+02
3561	1.104195e+02
3562	1.105751e+02
3563	1.107567e+02
3564	1.108970e+02
3565	1.110248e+02
3566	1.111731e+02
3567	1.112638e+02
3568	1.112840e+02
3569	1.112610e+02
3570	1.112427e+02
3571	1.112757e+02
3572	1.112734e+02
3573	1.113068e+02
3574	1.112793e+02
3575	1.111599e+02
3576	1.110144e+02
3577	1.107967e+02
3578	1.105212e+02
3579	1.102395e+02
3580	1.099294e+02
3581	1.096483e+02
3582	1.093361e+02
3583	1.091166e+02
3584	1.088886e+02
3585	1.086918e+02
3586	1.085280e+02
3587	1.083859e+02
3588	1.082592e+02
3589	1.081592e+02
3590	1.080285e+02
3591	1.080182e+02
3592	1.080000e+02
3593	1.079589e+02
3594	1.079375e+02
3595	1.079869e+02
3596	1.080769e+02
3597	1.081597e+02
3598	1.082317e+02
3599	1.082952e+02
3600	1.084477e+02
3601	1.086653e+02
3602	1.089276e+02
3603	1.092257e+02
3604	1.094966e+02
3605	1.098053e+02
3606	1.101694e+02
3607	1.105023e+02
3608	1.107732e+02
3609	1.109547e+02
3610	1.110950e+02
3611	1.111665e+02
3612	1.112814e+02
3613	1.114390e+02
3614	1.115081e+02
3615	1.115345e+02
3616	1.115025e+02
3617	1.115067e+02
3618	1.115163e+02
3619	1.114920e+02
3620	1.114519e+02
3621	1.113762e+02
3622	1.112584e+02
3623	1.111345e+02
3624	1.110641e+02
3625	1.109559e+02
3626	1.108119e+02
3627	1.106663e+02
3628	1.105255e+02
3629	1.102983e+02
3630	1.100626e+02
3631	1.098373e+02
3632	1.096650e+02
3633	1.094802e+02
3634	1.093619e+02
3635	1.091974e+02
3636	1.090334e+02
3637	1.088664e+02
3638	1.086951e+02
3639	1.085949e+02
3640	1.085010e+02
3641	1.083938e+02
3642	1.082830e+02
3643	1.082715e+02
3644	1.082493e+02
3645	1.082369e+02
3646	1.083121e+02
3647	1.083760e+02
3648	1.085084e+02
3649	1.086881e+02
3650	1.088827e+02
3651	1.090772e+02
3652	1.092629e+02
3653	1.094970e+02
3654	1.097395e+02
3655	1.099579e+02
3656	1.101386e+02
3657	1.103008e+02
3658	1.104925e+02
3659	1.106960e+02
3660	1.109317e+02
3661	1.111630e+02
3662	1.112855e+02
3663	1.114012e+02
3664	1.115492e+02
3665	1.117265e+02
3666	1.118847e+02
3667	1.120001e+02
3668	1.120990e+02
3669	1.121741e+02
3670	1.122718e+02
3671	1.124202e+02
3672	1.125981e+02
3673	1.128093e+02
3674	1.130281e+02
3675	1.131986e+02
3676	1.134231e+02
3677	1.135941e+02
3678	1.137578e+02
3679	1.139356e+02
3680	1.141761e+02
3681	1.144000e+02
3682	1.145994e+02
3683	1.147220e+02
3684	1.148199e+02
3685	1.149543e+02
3686	1.150810e+02
3687	1.151515e+02
3688	1.151427e+02
3689	1.150128e+02
3690	1.148353e+02
3691	1.146149e+02
3692	1.143348e+02
3693	1.140538e+02
3694	1.138214e+02
3695	1.135448e+02
3696	1.133713e+02
3697	1.132800e+02
3698	1.131507e+02
3699	1.130642e+02
3700	1.129054e+02
3701	1.126879e+02
3702	1.124210e+02
3703	1.120643e+02
3704	1.116842e+02
3705	1.111832e+02
3706	1.106551e+02
3707	1.101359e+02
3708	1.095019e+02
3709	1.089383e+02
3710	1.084384e+02
3711	1.079713e+02
3712	1.076005e+02
3713	1.072571e+02
3714	1.069329e+02
3715	1.066781e+02
3716	1.065184e+02
3717	1.063907e+02
3718	1.062694e+02
3719	1.062648e+02
3720	1.062982e+02
3721	1.063976e+02
3722	1.065671e+02
3723	1.068365e+02
3724	1.070950e+02
3725	1.073753e+02
3726	1.078046e+02
3727	1.081881e+02
3728	1.085569e+02
3729	1.089334e+02
3730	1.092700e+02
3731	1.095674e+02
3732	1.099300e+02
3733	1.102807e+02
3734	1.106943e+02
3735	1.110639e+02
3736	1.114705e+02
3737	1.118942e+02
3738	1.123105e+02
3739	1.126817e+02
3740	1.129208e+02
3741	1.131397e+02
3742	1.133446e+02
3743	1.135455e+02
3744	1.137180e+02
3745	1.138802e+02
3746	1.140113e+02
3747	1.140599e+02
3748	1.141145e+02
3749	1.141118e+02
3750	1.141251e+02
3751	1.141406e+02
3752	1.140755e+02
3753	1.139357e+02
3754	1.137695e+02
3755	1.136231e+02
3756	1.134409e+02
3757	1.132218e+02
3758	1.129666e+02
3759	1.127421e+02
3760	1.125351e+02
3761	1.122943e+02
3762	1.120510e+02
3763	1.117892e+02
3764	1.115850e+02
3765	1.114669e+02
3766	1.113327e+02
3767	1.111680e+02
3768	1.109713e+02
3769	1.107316e+02
3770	1.104376e+02
3771	1.101202e+02
3772	1.097991e+02
3773	1.095513e+02
3774	1.093154e+02
3775	1.091063e+02
3776	1.088808e+02
3777	1.086377e+02
3778	1.084086e+02
3779	1.082295e+02
3780	1.080411e+02
3781	1.079097e+02
3782	1.078000e+02
3783	1.076697e+02
3784	1.075924e+02
3785	1.075666e+02
3786	1.076251e+02
3787	1.077409e+02
3788	1.078993e+02
3789	1.080792e+02
3790	1.082364e+02
3791	1.084515e+02
3792	1.085965e+02
3793	1.087866e+02
3794	1.089739e+02
3795	1.091967e+02
3796	1.093239e+02
3797	1.094460e+02
3798	1.094652e+02
3799	1.094317e+02
3800	1.093213e+02
3801	1.092360e+02
3802	1.091242e+02
3803	1.090128e+02
3804	1.088951e+02
3805	1.087247e+02
3806	1.085927e+02
3807	1.084846e+02
3808	1.083251e+02
3809	1.080865e+02
3810	1.077990e+02
3811	1.074685e+02
3812	1.071644e+02
3813	1.068089e+02
3814	1.065248e+02
3815	1.062429e+02
3816	1.059544e+02
3817	1.057023e+02
3818	1.054934e+02
3819	1.052941e+02
3820	1.050690e+02
3821	1.048833e+02
3822	1.047576e+02
3823	1.047187e+02
3824	1.047159e+02
3825	1.048231e+02
3826	1.049478e+02
3827	1.050962e+02
3828	1.053395e+02
3829	1.056844e+02
3830	1.060990e+02
3831	1.066714e+02
3832	1.073789e+02
3833	1.080993e+02
3834	1.089681e+02
3835	1.098366e+02
3836	1.106279e+02
3837	1.113755e+02
3838	1.120878e+02
3839	1.127334e+02
3840	1.133740e+02
3841	1.140454e+02
3842	1.147170e+02
3843	1.154304e+02
3844	1.161326e+02
3845	1.167560e+02
3846	1.173843e+02
3847	1.178630e+02
3848	1.182557e+02
3849	1.186620e+02
3850	1.189621e+02
3851	1.192248e+02
3852	1.193901e+02
3853	1.194754e+02
3854	1.194400e+02
3855	1.193776e+02
3856	1.191787e+02
3857	1.188456e+02
3858	1.183729e+02
3859	1.178458e+02
3860	1.172666e+02
3861	1.166269e+02
3862	1.159341e+02
3863	1.151793e+02
3864	1.143692e+02
3865	1.135933e+02
3866	1.127659e+02
3867	1.119033e+02
3868	1.110496e+02
3869	1.102205e+02
3870	1.094819e+02
3871	1.086894e+02
3872	1.078833e+02
3873	1.071120e+02
3874	1.063461e+02
3875	1.055443e+02
3876	1.047708e+02
3877	1.039732e+02
3878	1.031794e+02
3879	1.023692e+02
3880	1.016141e+02
3881	1.008687e+02
3882	1.001814e+02
3883	9.958178e+01
3884	9.911919e+01
3885	9.877071e+01
3886	9.851095e+01
3887	9.830427e+01
3888	9.819352e+01
3889	9.823762e+01
3890	9.833816e+01
3891	9.848359e+01
3892	9.868005e+01
3893	9.889903e+01
3894	9.911506e+01
3895	9.941102e+01
3896	9.976337e+01
3897	1.001851e+02
3898	1.006511e+02
3899	1.012232e+02
3900	1.018175e+02
3901	1.024506e+02
3902	1.031093e+02
3903	1.037667e+02
3904	1.043648e+02
3905	1.050002e+02
3906	1.056175e+02
3907	1.061987e+02
3908	1.067534e+02
3909	1.073298e+02
3910	1.077859e+02
3911	1.082590e+02
3912	1.087577e+02
3913	1.092418e+02
3914	1.095780e+02
3915	1.099434e+02
3916	1.103037e+02
3917	1.107388e+02
3918	1.112319e+02
3919	1.118076e+02
3920	1.123740e+02
3921	1.129466e+02
3922	1.135320e+02
3923	1.141537e+02
3924	1.147991e+02
3925	1.155104e+02
3926	1.162254e+02
3927	1.169353e+02
3928	1.175726e+02
3929	1.181475e+02
3930	1.187101e+02
3931	1.191939e+02
3932	1.195946e+02
3933	1.199724e+02
3934	1.203321e+02
3935	1.205725e+02
3936	1.207522e+02
3937	1.209037e+02
3938	1.210505e+02
3939	1.211744e+02
3940	1.212114e+02
3941	1.212040e+02
3942	1.211857e+02
3943	1.211456e+02
3944	1.210186e+02
3945	1.209114e+02
3946	1.207732e+02
3947	1.205864e+02
3948	1.203982e+02
3949	1.201324e+02
3950	1.197488e+02
3951	1.192849e+02
3952	1.186931e+02
3953	1.179924e+02
3954	1.173052e+02
3955	1.165836e+02
3956	1.158926e+02
3957	1.151260e+02
3958	1.143492e+02
3959	1.135256e+02
3960	1.126674e+02
3961	1.117920e+02
3962	1.108819e+02
3963	1.099434e+02
3964	1.090732e+02
3965	1.082299e+02
3966	1.074488e+02
3967	1.066952e+02
3968	1.059791e+02
3969	1.052529e+02
3970	1.046124e+02
3971	1.040525e+02
3972	1.035865e+02
3973	1.031553e+02
3974	1.027658e+02
3975	1.024800e+02
3976	1.022881e+02
3977	1.022038e+02
3978	1.021463e+02
3979	1.021442e+02
3980	1.023113e+02
3981	1.025696e+02
3982	1.028783e+02
3983	1.031436e+02
3984	1.033852e+02
3985	1.037047e+02
3986	1.041036e+02
3987	1.045147e+02
3988	1.048745e+02
3989	1.052190e+02
3990	1.055703e+02
3991	1.060227e+02
3992	1.065563e+02
3993	1.071094e+02
3994	1.076507e+02
3995	1.082484e+02
3996	1.089083e+02
3997	1.095778e+02
3998	1.102633e+02
3999	1.109038e+02
4000	1.114785e+02
4001	1.120209e+02
4002	1.124363e+02
4003	1.128467e+02
4004	1.132543e+02
4005	1.136805e+02
4006	1.141294e+02
4007	1.145431e+02
4008	1.148756e+02
4009	1.152263e+02
4010	1.156476e+02
4011	1.161328e+02
4012	1.165801e+02
4013	1.170438e+02
4014	1.174996e+02
4015	1.179282e+02
4016	1.182985e+02
4017	1.186841e+02
4018	1.190083e+02
4019	1.192313e+02
4020	1.194672e+02
4021	1.196501e+02
4022	1.197177e+02
4023	1.197850e+02
4024	1.198852e+02
4025	1.199805e+02
4026	1.200410e+02
4027	1.201146e+02
4028	1.201635e+02
4029	1.202407e+02
4030	1.202804e+02
4031	1.203134e+02
4032	1.202526e+02
4033	1.201334e+02
4034	1.200468e+02
4035	1.198327e+02
4036	1.195199e+02
4037	1.191751e+02
4038	1.187136e+02
4039	1.181155e+02
4040	1.174469e+02
4041	1.167685e+02
4042	1.159808e+02
4043	1.151544e+02
4044	1.143234e+02
4045	1.133891e+02
4046	1.124094e+02
4047	1.114437e+02
4048	1.104694e+02
4049	1.095392e+02
4050	1.086161e+02
4051	1.076388e+02
4052	1.066619e+02
4053	1.057869e+02
4054	1.049712e+02
4055	1.042854e+02
4056	1.036726e+02
4057	1.030958e+02
4058	1.026250e+02
4059	1.021565e+02
4060	1.017814e+02
4061	1.014005e+02
4062	1.010657e+02
4063	1.008460e+02
4064	1.007687e+02
4065	1.007819e+02
4066	1.008182e+02
4067	1.010112e+02
4068	1.012182e+02
4069	1.015045e+02
4070	1.018518e+02
4071	1.022324e+02
4072	1.026781e+02
4073	1.031455e+02
4074	1.036438e+02
4075	1.041754e+02
4076	1.047378e+02
4077	1.053749e+02
4078	1.060533e+02
4079	1.067576e+02
4080	1.075483e+02
4081	1.083242e+02
4082	1.091579e+02
4083	1.101116e+02
4084	1.110184e+02
4085	1.120141e+02
4086	1.130025e+02
4087	1.138687e+02
4088	1.146775e+02
4089	1.153986e+02
4090	1.160049e+02
4091	1.166078e+02
4092	1.171603e+02
4093	1.177129e+02
4094	1.181804e+02
4095	1.186180e+02
4096	1.190335e+02
4097	1.193935e+02
4098	1.196892e+02
4099	1.198642e+02
4100	1.199558e+02
4101	1.199770e+02
4102	1.199537e+02
4103	1.198600e+02
4104	1.196712e+02
4105	1.194752e+02
4106	1.191839e+02
4107	1.187631e+02
4108	1.182526e+02
4109	1.176625e+02
4110	1.170340e+02
4111	1.164124e+02
4112	1.158007e+02
4113	1.152103e+02
4114	1.146073e+02
4115	1.140141e+02
4116	1.133793e+02
4117	1.126894e+02
4118	1.119601e+02
4119	1.112409e+02
4120	1.104837e+02
4121	1.097416e+02
4122	1.090398e+02
4123	1.082695e+02
4124	1.075281e+02
4125	1.068082e+02
4126	1.060926e+02
4127	1.053800e+02
4128	1.046651e+02
4129	1.040447e+02
4130	1.034187e+02
4131	1.028154e+02
4132	1.021984e+02
4133	1.015935e+02
4134	1.009592e+02
4135	1.004041e+02
4136	9.986145e+01
4137	9.926576e+01
4138	9.869035e+01
4139	9.814690e+01
4140	9.765049e+01
4141	9.716161e+01
4142	9.675235e+01
4143	9.633716e+01
4144	9.590581e+01
4145	9.547661e+01
4146	9.512471e+01
4147	9.484372e+01
4148	9.456531e+01
4149	9.432829e+01
4150	9.417226e+01
4151	9.408752e+01
4152	9.407180e+01
4153	9.414124e+01
4154	9.431199e+01
4155	9.450590e+01
4156	9.484620e+01
4157	9.531273e+01
4158	9.591246e+01
4159	9.658567e+01
4160	9.742427e+01
4161	9.830356e+01
4162	9.926732e+01
4163	1.003402e+02
4164	1.014735e+02
4165	1.027364e+02
4166	1.040805e+02
4167	1.054194e+02
4168	1.067445e+02
4169	1.079742e+02
4170	1.091510e+02
4171	1.103089e+02
4172	1.114620e+02
4173	1.125870e+02
4174	1.136800e+02
4175	1.147019e+02
4176	1.157423e+02
4177	1.167118e+02
4178	1.176462e+02
4179	1.184971e+02
4180	1.193428e+02
4181	1.201792e+02
4182	1.209744e+02
4183	1.216958e+02
4184	1.223387e+02
4185	1.228202e+02
4186	1.233114e+02
4187	1.237616e+02
4188	1.241146e+02
4189	1.242731e+02
4190	1.243509e+02
4191	1.244039e+02
4192	1.243363e+02
4193	1.241580e+02
4194	1.239370e+02
4195	1.236447e+02
4196	1.232778e+02
4197	1.228647e+02
4198	1.224000e+02
4199	1.218843e+02
4200	1.213059e+02
4201	1.207070e+02
4202	1.200866e+02
4203	1.194618e+02
4204	1.187801e+02
4205	1.180914e+02
4206	1.173598e+02
4207	1.166582e+02
4208	1.160088e+02
4209	1.153912e+02
4210	1.148384e+02
4211	1.142945e+02
4212	1.137783e+02
4213	1.131807e+02
4214	1.125936e+02
4215	1.120156e+02
4216	1.114902e+02
4217	1.111111e+02
4218	1.108641e+02
4219	1.105728e+02
4220	1.103304e+02
4221	1.101011e+02
4222	1.098985e+02
4223	1.097807e+02
4224	1.096816e+02
4225	1.096068e+02
4226	1.095529e+02
4227	1.094349e+02
4228	1.093925e+02
4229	1.094158e+02
4230	1.094683e+02
4231	1.095751e+02
4232	1.097093e+02
4233	1.097355e+02
4234	1.097179e+02
4235	1.096497e+02
4236	1.096028e+02
4237	1.095639e+02
4238	1.094352e+02
4239	1.092904e+02
4240	1.091815e+02
4241	1.090136e+02
4242	1.089612e+02
4243	1.088482e+02
4244	1.087447e+02
4245	1.086194e+02
4246	1.084168e+02
4247	1.082022e+02
4248	1.079396e+02
4249	1.077127e+02
4250	1.074489e+02
4251	1.071850e+02
4252	1.070046e+02
4253	1.068227e+02
4254	1.066203e+02
4255	1.063588e+02
4256	1.062226e+02
4257	1.061730e+02
4258	1.061624e+02
4259	1.061279e+02
4260	1.060935e+02
4261	1.061540e+02
4262	1.062295e+02
4263	1.064134e+02
4264	1.066930e+02
4265	1.070160e+02
4266	1.073063e+02
4267	1.076145e+02
4268	1.079272e+02
4269	1.081396e+02
4270	1.083047e+02
4271	1.084752e+02
4272	1.086265e+02
4273	1.087612e+02
4274	1.088115e+02
4275	1.088849e+02
4276	1.088937e+02
4277	1.088902e+02
4278	1.089145e+02
4279	1.089548e+02
4280	1.089264e+02
4281	1.089032e+02
4282	1.088642e+02
4283	1.087998e+02
4284	1.088179e+02
4285	1.088061e+02
4286	1.086995e+02
4287	1.086572e+02
4288	1.085236e+02
4289	1.083374e+02
4290	1.080688e+02
4291	1.077317e+02
4292	1.074592e+02
4293	1.071479e+02
4294	1.068179e+02
4295	1.064609e+02
4296	1.061034e+02
4297	1.057523e+02
4298	1.054349e+02
4299	1.051050e+02
4300	1.047745e+02
4301	1.045773e+02
4302	1.044344e+02
4303	1.042953e+02
4304	1.042324e+02
4305	1.041955e+02
4306	1.042966e+02
4307	1.043910e+02
4308	1.045255e+02
4309	1.048013e+02
4310	1.051312e+02
4311	1.055323e+02
4312	1.059821e+02
4313	1.064476e+02
4314	1.070259e+02
4315	1.076444e+02
4316	1.082938e+02
4317	1.089948e+02
4318	1.097782e+02
4319	1.106122e+02
4320	1.114543e+02
4321	1.123129e+02
4322	1.130949e+02
4323	1.138965e+02
4324	1.147133e+02
4325	1.154765e+02
4326	1.161903e+02
4327	1.169956e+02
4328	1.178406e+02
4329	1.186249e+02
4330	1.193312e+02
4331	1.200081e+02
4332	1.206453e+02
4333	1.212308e+02
4334	1.217346e+02
4335	1.221292e+02
4336	1.223970e+02
4337	1.225883e+02
4338	1.226744e+02
4339	1.226883e+02
4340	1.225995e+02
4341	1.224614e+02
4342	1.222616e+02
4343	1.220110e+02
4344	1.217399e+02
4345	1.213819e+02
4346	1.209001e+02
4347	1.203960e+02
4348	1.198389e+02
4349	1.192017e+02
4350	1.184644e+02
4351	1.176936e+02
4352	1.168095e+02
4353	1.159068e+02
4354	1.149909e+02
4355	1.140802e+02
4356	1.131446e+02
4357	1.122697e+02
4358	1.114311e+02
4359	1.107121e+02
4360	1.099674e+02
4361	1.092690e+02
4362	1.086329e+02
4363	1.081110e+02
4364	1.076988e+02
4365	1.073488e+02
4366	1.069953e+02
4367	1.066961e+02
4368	1.064436e+02
4369	1.062436e+02
4370	1.060895e+02
4371	1.059918e+02
4372	1.060050e+02
4373	1.060844e+02
4374	1.062020e+02
4375	1.063993e+02
4376	1.067077e+02
4377	1.070567e+02
4378	1.074390e+02
4379	1.077382e+02
4380	1.080974e+02
4381	1.084398e+02
4382	1.087573e+02
4383	1.090664e+02
4384	1.093809e+02
4385	1.096107e+02
4386	1.098938e+02
4387	1.101181e+02
4388	1.102964e+02
4389	1.104380e+02
4390	1.105536e+02
4391	1.106648e+02
4392	1.107107e+02
4393	1.107387e+02
4394	1.107467e+02
4395	1.107309e+02
4396	1.106943e+02
4397	1.105995e+02
4398	1.103720e+02
4399	1.101091e+02
4400	1.097483e+02
4401	1.094111e+02
4402	1.091055e+02
4403	1.088185e+02
4404	1.085386e+02
4405	1.082400e+02
4406	1.078822e+02
4407	1.075471e+02
4408	1.072492e+02
4409	1.069903e+02
4410	1.068042e+02
4411	1.066630e+02
4412	1.065902e+02
4413	1.066056e+02
4414	1.067239e+02
4415	1.069218e+02
4416	1.070686e+02
4417	1.072944e+02
4418	1.075591e+02
4419	1.078473e+02
4420	1.081673e+02
4421	1.084017e+02
4422	1.087395e+02
4423	1.091184e+02
4424	1.095102e+02
4425	1.099268e+02
4426	1.103937e+02
4427	1.108186e+02
4428	1.113061e+02
4429	1.117375e+02
4430	1.121516e+02
4431	1.126141e+02
4432	1.131363e+02
4433	1.136115e+02
4434	1.141472e+02
4435	1.147063e+02
4436	1.152656e+02
4437	1.157890e+02
4438	1.163076e+02
4439	1.167372e+02
4440	1.171240e+02
4441	1.174756e+02
4442	1.176755e+02
4443	1.177428e+02
4444	1.177247e+02
4445	1.176070e+02
4446	1.174565e+02
4447	1.171822e+02
4448	1.168216e+02
4449	1.164182e+02
4450	1.159676e+02
4451	1.155263e+02
4452	1.150751e+02
4453	1.146848e+02
4454	1.142763e+02
4455	1.138368e+02
4456	1.133954e+02
4457	1.128830e+02
4458	1.123254e+02
4459	1.117845e+02
4460	1.112273e+02
4461	1.106531e+02
4462	1.101232e+02
4463	1.096395e+02
4464	1.092605e+02
4465	1.089829e+02
4466	1.087265e+02
4467	1.085575e+02
4468	1.084186e+02
4469	1.082974e+02
4470	1.082310e+02
4471	1.082744e+02
4472	1.083498e+02
4473	1.084411e+02
4474	1.085728e+02
4475	1.087765e+02
4476	1.090520e+02
4477	1.092982e+02
4478	1.095961e+02
4479	1.099655e+02
4480	1.104202e+02
4481	1.109255e+02
4482	1.114716e+02
4483	1.120518e+02
4484	1.126591e+02
4485	1.131995e+02
4486	1.137890e+02
4487	1.143738e+02
4488	1.148927e+02
4489	1.153722e+02
4490	1.157866e+02
4491	1.162297e+02
4492	1.166452e+02
4493	1.169533e+02
4494	1.172455e+02
4495	1.174571e+02
4496	1.175618e+02
4497	1.175807e+02
4498	1.175580e+02
4499	1.174968e+02
4500	1.172834e+02
4501	1.169772e+02
4502	1.165675e+02
4503	1.161155e+02
4504	1.155066e+02
4505	1.148206e+02
4506	1.142801e+02
4507	1.137002e+02
4508	1.131500e+02
4509	1.126433e+02
4510	1.121647e+02
4511	1.116737e+02
4512	1.112019e+02
4513	1.107673e+02
4514	1.103396e+02
4515	1.099673e+02
4516	1.096621e+02
4517	1.094571e+02
4518	1.093420e+02
4519	1.093397e+02
4520	1.093625e+02
4521	1.094637e+02
4522	1.096383e+02
4523	1.098833e+02
4524	1.101394e+02
4525	1.104118e+02
4526	1.106108e+02
4527	1.107817e+02
4528	1.110358e+02
4529	1.112467e+02
4530	1.114124e+02
4531	1.115684e+02
4532	1.117924e+02
4533	1.120569e+02
4534	1.124120e+02
4535	1.128067e+02
4536	1.132430e+02
4537	1.136909e+02
4538	1.141129e+02
4539	1.145600e+02
4540	1.150438e+02
4541	1.154410e+02
4542	1.158430e+02
4543	1.161426e+02
4544	1.163736e+02
4545	1.165588e+02
4546	1.166867e+02
4547	1.167517e+02
4548	1.168174e+02
4549	1.168382e+02
4550	1.167927e+02
4551	1.167538e+02
4552	1.167413e+02
4553	1.165886e+02
4554	1.164017e+02
4555	1.162632e+02
4556	1.160583e+02
4557	1.158043e+02
4558	1.154969e+02
4559	1.151584e+02
4560	1.147358e+02
4561	1.142686e+02
4562	1.137463e+02
4563	1.131582e+02
4564	1.125964e+02
4565	1.120181e+02
4566	1.114237e+02
4567	1.108569e+02
4568	1.102837e+02
4569	1.096944e+02
4570	1.091698e+02
4571	1.087122e+02
4572	1.082691e+02
4573	1.078280e+02
4574	1.073737e+02
4575	1.070595e+02
4576	1.067383e+02
4577	1.065104e+02
4578	1.062743e+02
4579	1.061797e+02
4580	1.061148e+02
4581	1.061417e+02
4582	1.062210e+02
4583	1.063172e+02
4584	1.064636e+02
4585	1.066408e+02
4586	1.068273e+02
4587	1.070747e+02
4588	1.073179e+02
4589	1.076154e+02
4590	1.078846e+02
4591	1.081951e+02
4592	1.085457e+02
4593	1.089197e+02
4594	1.092879e+02
4595	1.096559e+02
4596	1.099648e+02
4597	1.102258e+02
4598	1.104642e+02
4599	1.106707e+02
4600	1.108553e+02
4601	1.109496e+02
4602	1.110163e+02
4603	1.110887e+02
4604	1.111853e+02
4605	1.112121e+02
4606	1.111528e+02
4607	1.110449e+02
4608	1.109405e+02
4609	1.108495e+02
4610	1.106349e+02
4611	1.103633e+02
4612	1.100030e+02
4613	1.096926e+02
4614	1.093046e+02
4615	1.089125e+02
4616	1.085411e+02
4617	1.081347e+02
4618	1.078084e+02
4619	1.074320e+02
4620	1.071275e+02
4621	1.068399e+02
4622	1.065978e+02
4623	1.063365e+02
4624	1.060395e+02
4625	1.057236e+02
4626	1.055135e+02
4627	1.053361e+02
4628	1.051727e+02
4629	1.050286e+02
4630	1.048137e+02
4631	1.045793e+02
4632	1.043972e+02
4633	1.042867e+02
4634	1.042505e+02
4635	1.042821e+02
4636	1.043428e+02
4637	1.044796e+02
4638	1.046038e+02
4639	1.047823e+02
4640	1.050748e+02
4641	1.053975e+02
4642	1.057305e+02
4643	1.060678e+02
4644	1.064878e+02
4645	1.069754e+02
4646	1.074514e+02
4647	1.079636e+02
4648	1.085347e+02
4649	1.091352e+02
4650	1.097614e+02
4651	1.103956e+02
4652	1.109851e+02
4653	1.114204e+02
4654	1.117177e+02
4655	1.119781e+02
4656	1.121665e+02
4657	1.123212e+02
4658	1.124207e+02
4659	1.124576e+02
4660	1.124666e+02
4661	1.124772e+02
4662	1.124554e+02
4663	1.123629e+02
4664	1.121878e+02
4665	1.119854e+02
4666	1.117613e+02
4667	1.115064e+02
4668	1.111969e+02
4669	1.109029e+02
4670	1.105249e+02
4671	1.100982e+02
4672	1.097761e+02
4673	1.095527e+02
4674	1.093172e+02
4675	1.091285e+02
4676	1.089450e+02
4677	1.087660e+02
4678	1.086152e+02
4679	1.085620e+02
4680	1.085379e+02
4681	1.085384e+02
4682	1.086335e+02
4683	1.088517e+02
4684	1.091760e+02
4685	1.095222e+02
4686	1.099371e+02
4687	1.104550e+02
4688	1.110432e+02
4689	1.116906e+02
4690	1.124043e+02
4691	1.131042e+02
4692	1.137235e+02
4693	1.144139e+02
4694	1.151045e+02
4695	1.157780e+02
4696	1.163633e+02
4697	1.168897e+02
4698	1.174220e+02
4699	1.179243e+02
4700	1.184652e+02
4701	1.189132e+02
4702	1.193125e+02
4703	1.196190e+02
4704	1.198424e+02
4705	1.200463e+02
4706	1.201865e+02
4707	1.202920e+02
4708	1.202547e+02
4709	1.202178e+02
4710	1.201558e+02
4711	1.199679e+02
4712	1.197040e+02
4713	1.194724e+02
4714	1.191987e+02
4715	1.188231e+02
4716	1.184498e+02
4717	1.180206e+02
4718	1.175849e+02
4719	1.170927e+02
4720	1.166448e+02
4721	1.162803e+02
4722	1.158251e+02
4723	1.152551e+02
4724	1.147066e+02
4725	1.141644e+02
4726	1.136927e+02
4727	1.132871e+02
4728	1.129099e+02
4729	1.126063e+02
4730	1.123221e+02
4731	1.120702e+02
4732	1.118166e+02
4733	1.115775e+02
4734	1.113998e+02
4735	1.113057e+02
4736	1.112722e+02
4737	1.113116e+02
4738	1.114089e+02
4739	1.115584e+02
4740	1.117356e+02
4741	1.119224e+02
4742	1.121652e+02
4743	1.124289e+02
4744	1.127088e+02
4745	1.129976e+02
4746	1.132016e+02
4747	1.134002e+02
4748	1.135254e+02
4749	1.136473e+02
4750	1.136548e+02
4751	1.136643e+02
4752	1.136532e+02
4753	1.136809e+02
4754	1.137309e+02
4755	1.137523e+02
4756	1.137404e+02
4757	1.137267e+02
4758	1.136675e+02
4759	1.136195e+02
4760	1.135266e+02
4761	1.134651e+02
4762	1.133267e+02
4763	1.131738e+02
4764	1.129992e+02
4765	1.128909e+02
4766	1.127030e+02
4767	1.125255e+02
4768	1.123383e+02
4769	1.121583e+02
4770	1.120414e+02
4771	1.119907e+02
4772	1.120040e+02
4773	1.120288e+02
4774	1.121022e+02
4775	1.122326e+02
4776	1.124628e+02
4777	1.127253e+02
4778	1.129907e+02
4779	1.132889e+02
4780	1.135332e+02
4781	1.137940e+02
4782	1.141209e+02
4783	1.144270e+02
4784	1.147325e+02
4785	1.151111e+02
4786	1.155542e+02
4787	1.159418e+02
4788	1.162981e+02
4789	1.166884e+02
4790	1.170356e+02
4791	1.174226e+02
4792	1.178397e+02
4793	1.181686e+02
4794	1.185601e+02
4795	1.189168e+02
4796	1.193542e+02
4797	1.197587e+02
4798	1.201518e+02
4799	1.205912e+02
4800	1.209687e+02
4801	1.212321e+02
4802	1.214919e+02
4803	1.216296e+02
4804	1.216895e+02
4805	1.217145e+02
4806	1.216763e+02
4807	1.215841e+02
4808	1.212825e+02
4809	1.209913e+02
4810	1.206984e+02
4811	1.203411e+02
4812	1.198859e+02
4813	1.194255e+02
4814	1.189243e+02
4815	1.184083e+02
4816	1.178755e+02
4817	1.172672e+02
4818	1.166964e+02
4819	1.161425e+02
4820	1.156392e+02
4821	1.151527e+02
4822	1.147261e+02
4823	1.143188e+02
4824	1.139379e+02
4825	1.135280e+02
4826	1.131732e+02
4827	1.128529e+02
4828	1.125291e+02
4829	1.121626e+02
4830	1.117423e+02
4831	1.114084e+02
4832	1.111434e+02
4833	1.108700e+02
4834	1.106333e+02
4835	1.104948e+02
4836	1.104462e+02
4837	1.104586e+02
4838	1.105090e+02
4839	1.106038e+02
4840	1.107215e+02
4841	1.108058e+02
4842	1.108817e+02
4843	1.110749e+02
4844	1.112631e+02
4845	1.114980e+02
4846	1.117402e+02
4847	1.119645e+02
4848	1.121151e+02
4849	1.123241e+02
4850	1.125231e+02
4851	1.127319e+02
4852	1.128749e+02
4853	1.130236e+02
4854	1.130797e+02
4855	1.131068e+02
4856	1.130939e+02
4857	1.131259e+02
4858	1.131761e+02
4859	1.132443e+02
4860	1.133247e+02
4861	1.134147e+02
4862	1.135252e+02
4863	1.136189e+02
4864	1.137462e+02
4865	1.137979e+02
4866	1.138976e+02
4867	1.139532e+02
4868	1.139988e+02
4869	1.139681e+02
4870	1.139434e+02
4871	1.138658e+02
4872	1.137884e+02
4873	1.136361e+02
4874	1.134491e+02
4875	1.132139e+02
4876	1.130669e+02
4877	1.128801e+02
4878	1.127599e+02
4879	1.126377e+02
4880	1.125155e+02
4881	1.122942e+02
4882	1.121176e+02
4883	1.119605e+02
4884	1.117723e+02
4885	1.115754e+02
4886	1.113830e+02
4887	1.111610e+02
4888	1.110866e+02
4889	1.110719e+02
4890	1.110505e+02
4891	1.109735e+02
4892	1.109287e+02
4893	1.108386e+02
4894	1.108692e+02
4895	1.110107e+02
4896	1.112074e+02
4897	1.114371e+02
4898	1.117247e+02
4899	1.119744e+02
4900	1.123334e+02
4901	1.127693e+02
4902	1.131953e+02
4903	1.136145e+02
4904	1.140622e+02
4905	1.145344e+02
4906	1.149585e+02
4907	1.153717e+02
4908	1.157977e+02
4909	1.161379e+02
4910	1.164559e+02
4911	1.166059e+02
4912	1.167619e+02
4913	1.168250e+02
4914	1.168800e+02
4915	1.169067e+02
4916	1.168487e+02
4917	1.167562e+02
4918	1.165991e+02
4919	1.163528e+02
4920	1.160511e+02
4921	1.157459e+02
4922	1.153682e+02
4923	1.149389e+02
4924	1.145551e+02
4925	1.140495e+02
4926	1.135312e+02
4927	1.130869e+02
4928	1.126554e+02
4929	1.122266e+02
4930	1.117897e+02
4931	1.113187e+02
4932	1.108349e+02
4933	1.103877e+02
4934	1.099815e+02
4935	1.096423e+02
4936	1.092671e+02
4937	1.088901e+02
4938	1.085395e+02
4939	1.081072e+02
4940	1.076633e+02
4941	1.072138e+02
4942	1.068332e+02
4943	1.064529e+02
4944	1.061733e+02
4945	1.059702e+02
4946	1.057829e+02
4947	1.056271e+02
4948	1.055083e+02
4949	1.054272e+02
4950	1.054503e+02
4951	1.055920e+02
4952	1.058423e+02
4953	1.061110e+02
4954	1.063560e+02
4955	1.065854e+02
4956	1.068177e+02
4957	1.070558e+02
4958	1.073147e+02
4959	1.075330e+02
4960	1.077177e+02
4961	1.078497e+02
4962	1.079728e+02
4963	1.081521e+02
4964	1.083815e+02
4965	1.085818e+02
4966	1.087322e+02
4967	1.088809e+02
4968	1.091345e+02
4969	1.094260e+02
4970	1.097176e+02
4971	1.100695e+02
4972	1.103591e+02
4973	1.105890e+02
4974	1.107842e+02
4975	1.109759e+02
4976	1.111410e+02
4977	1.112806e+02
4978	1.114619e+02
4979	1.116285e+02
4980	1.117576e+02
4981	1.118566e+02
4982	1.119881e+02
4983	1.121701e+02
4984	1.124022e+02
4985	1.126801e+02
4986	1.128959e+02
4987	1.131297e+02
4988	1.133555e+02
4989	1.136339e+02
4990	1.139581e+02
4991	1.142875e+02
4992	1.145688e+02
4993	1.148906e+02
4994	1.151544e+02
4995	1.154697e+02
4996	1.158902e+02
4997	1.162489e+02
4998	1.166386e+02
4999	1.169883e+02
