# Step	Measurement
1	1.081504e+00
2	1.069721e+00
3	1.060946e+00
4	1.054405e+00
5	1.051611e+00
6	1.052643e+00
7	1.055728e+00
8	1.062058e+00
9	1.070279e+00
10	1.079471e+00
11	1.089702e+00
12	1.099291e+00
13	1.108329e+00
14	1.116761e+00
15	1.122448e+00
16	1.126012e+00
17	1.126199e+00
18	1.123167e+00
19	1.118215e+00
20	1.111665e+00
21	1.104213e+00
22	1.096068e+00
23	1.087098e+00
24	1.078457e+00
25	1.071726e+00
26	1.068111e+00
27	1.068308e+00
28	1.069683e+00
29	1.073645e+00
30	1.079339e+00
31	1.086523e+00
32	1.092291e+00
33	1.100077e+00
34	1.109755e+00
35	1.120152e+00
36	1.129153e+00
37	1.135195e+00
38	1.138795e+00
39	1.138922e+00
40	1.135658e+00
41	1.127985e+00
42	1.119290e+00
43	1.109981e+00
44	1.099436e+00
45	1.088925e+00
46	1.078888e+00
47	1.071455e+00
48	1.065923e+00
49	1.063240e+00
50	1.064813e+00
51	1.069273e+00
52	1.076156e+00
53	1.086397e+00
54	1.096957e+00
55	1.109101e+00
56	1.119325e+00
57	1.127657e+00
58	1.133441e+00
59	1.135250e+00
60	1.133905e+00
61	1.129905e+00
62	1.124734e+00
63	1.114787e+00
64	1.102688e+00
65	1.089561e+00
66	1.076351e+00
67	1.066333e+00
68	1.057593e+00
69	1.052856e+00
70	1.051726e+00
71	1.053777e+00
72	1.058879e+00
73	1.068361e+00
74	1.079929e+00
75	1.092503e+00
76	1.106577e+00
77	1.119277e+00
78	1.130253e+00
79	1.137794e+00
80	1.143049e+00
81	1.146405e+00
82	1.146375e+00
83	1.143709e+00
84	1.138620e+00
85	1.131142e+00
86	1.119265e+00
87	1.104900e+00
88	1.089330e+00
89	1.074497e+00
90	1.061351e+00
91	1.051673e+00
92	1.045567e+00
93	1.043828e+00
94	1.047174e+00
95	1.054675e+00
96	1.065890e+00
97	1.081312e+00
98	1.097974e+00
99	1.114324e+00
100	1.130016e+00
101	1.142004e+00
102	1.151644e+00
103	1.157218e+00
104	1.158639e+00
105	1.155272e+00
106	1.149135e+00
107	1.141041e+00
108	1.131025e+00
109	1.118465e+00
110	1.104588e+00
111	1.090068e+00
112	1.076850e+00
113	1.067043e+00
114	1.060616e+00
115	1.058214e+00
116	1.058659e+00
117	1.062565e+00
118	1.070358e+00
119	1.080826e+00
120	1.093542e+00
121	1.106618e+00
122	1.117891e+00
123	1.128060e+00
124	1.135059e+00
125	1.138169e+00
126	1.139037e+00
127	1.135423e+00
128	1.127979e+00
129	1.116577e+00
130	1.102374e+00
131	1.087907e+00
132	1.075613e+00
133	1.064797e+00
134	1.055154e+00
135	1.051136e+00
136	1.051074e+00
137	1.053188e+00
138	1.060002e+00
139	1.069515e+00
140	1.082799e+00
141	1.097169e+00
142	1.111530e+00
143	1.124581e+00
144	1.136049e+00
145	1.145352e+00
146	1.151022e+00
147	1.153888e+00
148	1.151981e+00
149	1.145218e+00
150	1.134672e+00
151	1.121122e+00
152	1.106026e+00
153	1.090284e+00
154	1.074488e+00
155	1.060018e+00
156	1.048890e+00
157	1.041415e+00
158	1.039275e+00
159	1.043478e+00
160	1.053087e+00
161	1.065832e+00
162	1.081891e+00
163	1.099801e+00
164	1.117651e+00
165	1.133451e+00
166	1.145343e+00
167	1.153264e+00
168	1.155882e+00
169	1.154781e+00
170	1.150101e+00
171	1.140070e+00
172	1.128658e+00
173	1.114499e+00
174	1.100431e+00
175	1.086715e+00
176	1.072529e+00
177	1.060979e+00
178	1.053221e+00
179	1.049653e+00
180	1.051418e+00
181	1.057446e+00
182	1.067503e+00
183	1.081708e+00
184	1.097624e+00
185	1.113909e+00
186	1.128001e+00
187	1.140518e+00
188	1.148886e+00
189	1.154767e+00
190	1.157065e+00
191	1.154498e+00
192	1.147169e+00
193	1.136046e+00
194	1.122426e+00
195	1.107238e+00
196	1.090646e+00
197	1.075246e+00
198	1.062421e+00
199	1.052838e+00
200	1.047619e+00
201	1.048835e+00
202	1.055055e+00
203	1.066559e+00
204	1.082031e+00
205	1.099128e+00
206	1.116412e+00
207	1.133946e+00
208	1.149003e+00
209	1.160807e+00
210	1.168705e+00
211	1.173338e+00
212	1.171884e+00
213	1.166142e+00
214	1.156440e+00
215	1.143840e+00
216	1.127877e+00
217	1.110319e+00
218	1.093192e+00
219	1.079138e+00
220	1.066521e+00
221	1.058000e+00
222	1.052377e+00
223	1.051306e+00
224	1.054682e+00
225	1.062056e+00
226	1.072319e+00
227	1.084887e+00
228	1.098212e+00
229	1.110646e+00
230	1.122451e+00
231	1.132645e+00
232	1.140177e+00
233	1.143619e+00
234	1.144594e+00
235	1.142496e+00
236	1.137554e+00
237	1.130393e+00
238	1.119952e+00
239	1.107818e+00
240	1.094961e+00
241	1.082615e+00
242	1.070813e+00
243	1.059598e+00
244	1.050815e+00
245	1.043839e+00
246	1.042220e+00
247	1.045577e+00
248	1.052603e+00
249	1.062627e+00
250	1.074873e+00
251	1.088667e+00
252	1.103283e+00
253	1.119083e+00
254	1.131301e+00
255	1.141559e+00
256	1.147666e+00
257	1.150105e+00
258	1.150002e+00
259	1.145817e+00
260	1.139994e+00
261	1.131207e+00
262	1.120674e+00
263	1.107189e+00
264	1.092945e+00
265	1.080902e+00
266	1.070369e+00
267	1.061736e+00
268	1.058330e+00
269	1.059420e+00
270	1.064932e+00
271	1.073118e+00
272	1.083616e+00
273	1.094497e+00
274	1.105486e+00
275	1.114912e+00
276	1.122542e+00
277	1.128131e+00
278	1.131851e+00
279	1.133171e+00
280	1.131836e+00
281	1.128607e+00
282	1.122297e+00
283	1.114804e+00
284	1.105802e+00
285	1.097679e+00
286	1.089185e+00
287	1.079374e+00
288	1.070184e+00
289	1.064438e+00
290	1.060931e+00
291	1.059886e+00
292	1.062009e+00
293	1.066486e+00
294	1.074013e+00
295	1.083922e+00
296	1.096306e+00
297	1.110218e+00
298	1.122467e+00
299	1.131952e+00
300	1.140058e+00
301	1.145272e+00
302	1.146097e+00
303	1.144013e+00
304	1.139624e+00
305	1.132775e+00
306	1.123701e+00
307	1.113039e+00
308	1.100336e+00
309	1.087793e+00
310	1.076522e+00
311	1.066421e+00
312	1.059997e+00
313	1.056783e+00
314	1.058925e+00
315	1.065485e+00
316	1.074972e+00
317	1.085088e+00
318	1.097661e+00
319	1.111088e+00
320	1.123160e+00
321	1.133641e+00
322	1.140652e+00
323	1.146857e+00
324	1.148932e+00
325	1.147054e+00
326	1.141445e+00
327	1.130731e+00
328	1.116868e+00
329	1.102054e+00
330	1.087161e+00
331	1.073282e+00
332	1.061044e+00
333	1.052527e+00
334	1.047665e+00
335	1.046807e+00
336	1.050951e+00
337	1.059498e+00
338	1.069975e+00
339	1.082815e+00
340	1.096633e+00
341	1.109528e+00
342	1.122008e+00
343	1.130766e+00
344	1.135693e+00
345	1.137507e+00
346	1.136309e+00
347	1.130926e+00
348	1.123340e+00
349	1.114619e+00
350	1.104415e+00
351	1.094998e+00
352	1.086586e+00
353	1.078597e+00
354	1.071455e+00
355	1.067313e+00
356	1.064177e+00
357	1.061757e+00
358	1.063290e+00
359	1.067352e+00
360	1.073774e+00
361	1.082837e+00
362	1.093205e+00
363	1.104980e+00
364	1.115599e+00
365	1.123226e+00
366	1.128002e+00
367	1.129745e+00
368	1.130213e+00
369	1.128367e+00
370	1.123343e+00
371	1.117476e+00
372	1.111078e+00
373	1.102225e+00
374	1.093129e+00
375	1.085380e+00
376	1.078705e+00
377	1.075127e+00
378	1.073612e+00
379	1.075006e+00
380	1.077576e+00
381	1.080051e+00
382	1.084637e+00
383	1.090609e+00
384	1.097310e+00
385	1.105010e+00
386	1.111895e+00
387	1.116818e+00
388	1.119464e+00
389	1.120887e+00
390	1.118840e+00
391	1.115775e+00
392	1.111239e+00
393	1.106759e+00
394	1.100793e+00
395	1.095622e+00
396	1.090145e+00
397	1.085998e+00
398	1.081753e+00
399	1.078103e+00
400	1.075970e+00
401	1.074356e+00
402	1.074940e+00
403	1.076688e+00
404	1.080079e+00
405	1.086118e+00
406	1.095355e+00
407	1.105474e+00
408	1.116729e+00
409	1.126775e+00
410	1.134181e+00
411	1.137593e+00
412	1.138668e+00
413	1.137374e+00
414	1.132984e+00
415	1.124985e+00
416	1.114825e+00
417	1.102754e+00
418	1.089907e+00
419	1.077997e+00
420	1.068617e+00
421	1.062794e+00
422	1.058310e+00
423	1.057137e+00
424	1.060708e+00
425	1.068751e+00
426	1.079531e+00
427	1.091694e+00
428	1.103497e+00
429	1.116129e+00
430	1.126488e+00
431	1.135082e+00
432	1.139609e+00
433	1.140098e+00
434	1.137195e+00
435	1.132148e+00
436	1.124399e+00
437	1.114124e+00
438	1.101782e+00
439	1.089889e+00
440	1.078376e+00
441	1.068809e+00
442	1.063184e+00
443	1.060027e+00
444	1.061324e+00
445	1.065900e+00
446	1.073860e+00
447	1.082884e+00
448	1.092886e+00
449	1.104865e+00
450	1.115321e+00
451	1.123214e+00
452	1.130425e+00
453	1.133675e+00
454	1.134983e+00
455	1.132329e+00
456	1.126977e+00
457	1.119889e+00
458	1.111662e+00
459	1.101466e+00
460	1.090217e+00
461	1.078972e+00
462	1.069041e+00
463	1.060110e+00
464	1.056600e+00
465	1.057162e+00
466	1.061986e+00
467	1.070304e+00
468	1.082591e+00
469	1.095916e+00
470	1.109966e+00
471	1.123259e+00
472	1.134626e+00
473	1.142660e+00
474	1.146857e+00
475	1.144520e+00
476	1.138303e+00
477	1.128660e+00
478	1.117884e+00
479	1.105760e+00
480	1.093007e+00
481	1.080658e+00
482	1.068153e+00
483	1.058770e+00
484	1.054494e+00
485	1.053437e+00
486	1.055478e+00
487	1.060843e+00
488	1.069844e+00
489	1.080484e+00
490	1.094070e+00
491	1.107161e+00
492	1.119670e+00
493	1.129897e+00
494	1.136944e+00
495	1.139222e+00
496	1.137670e+00
497	1.133938e+00
498	1.126445e+00
499	1.117570e+00
500	1.108964e+00
501	1.100137e+00
502	1.092140e+00
503	1.084668e+00
504	1.078749e+00
505	1.074222e+00
506	1.071365e+00
507	1.068785e+00
508	1.069416e+00
509	1.071428e+00
510	1.075641e+00
511	1.080584e+00
512	1.086589e+00
513	1.091735e+00
514	1.095686e+00
515	1.098432e+00
516	1.101103e+00
517	1.103080e+00
518	1.105143e+00
519	1.104366e+00
520	1.101185e+00
521	1.097673e+00
522	1.094586e+00
523	1.091682e+00
524	1.089114e+00
525	1.089175e+00
526	1.088684e+00
527	1.088902e+00
528	1.090219e+00
529	1.090835e+00
530	1.090899e+00
531	1.092500e+00
532	1.096391e+00
533	1.101104e+00
534	1.106136e+00
535	1.110263e+00
536	1.111690e+00
537	1.111364e+00
538	1.110830e+00
539	1.108869e+00
540	1.105082e+00
541	1.100054e+00
542	1.094118e+00
543	1.088197e+00
544	1.082475e+00
545	1.078129e+00
546	1.074386e+00
547	1.071148e+00
548	1.070306e+00
549	1.071868e+00
550	1.075129e+00
551	1.079006e+00
552	1.084128e+00
553	1.089755e+00
554	1.095198e+00
555	1.099161e+00
556	1.101787e+00
557	1.103178e+00
558	1.104366e+00
559	1.103515e+00
560	1.102328e+00
561	1.099052e+00
562	1.095382e+00
563	1.091605e+00
564	1.088582e+00
565	1.086647e+00
566	1.086355e+00
567	1.088934e+00
568	1.093227e+00
569	1.099241e+00
570	1.106708e+00
571	1.113116e+00
572	1.117326e+00
573	1.118251e+00
574	1.117100e+00
575	1.113861e+00
576	1.110452e+00
577	1.104165e+00
578	1.096980e+00
579	1.089180e+00
580	1.081453e+00
581	1.074918e+00
582	1.069283e+00
583	1.066231e+00
584	1.068257e+00
585	1.073598e+00
586	1.081763e+00
587	1.090188e+00
588	1.098747e+00
589	1.106512e+00
590	1.114254e+00
591	1.120430e+00
592	1.124158e+00
593	1.126594e+00
594	1.126738e+00
595	1.123146e+00
596	1.119325e+00
597	1.114650e+00
598	1.107909e+00
599	1.100799e+00
600	1.092956e+00
601	1.084118e+00
602	1.076498e+00
603	1.071071e+00
604	1.069249e+00
605	1.070476e+00
606	1.074532e+00
607	1.080810e+00
608	1.088304e+00
609	1.095481e+00
610	1.102370e+00
611	1.106826e+00
612	1.109788e+00
613	1.111969e+00
614	1.113339e+00
615	1.112937e+00
616	1.110778e+00
617	1.108325e+00
618	1.105921e+00
619	1.103554e+00
620	1.101088e+00
621	1.099134e+00
622	1.096573e+00
623	1.093550e+00
624	1.090330e+00
625	1.087651e+00
626	1.085671e+00
627	1.084593e+00
628	1.083057e+00
629	1.083014e+00
630	1.083559e+00
631	1.085146e+00
632	1.087595e+00
633	1.089973e+00
634	1.093989e+00
635	1.098736e+00
636	1.103172e+00
637	1.105606e+00
638	1.106790e+00
639	1.106112e+00
640	1.104841e+00
641	1.100181e+00
642	1.095152e+00
643	1.087911e+00
644	1.081072e+00
645	1.075790e+00
646	1.073570e+00
647	1.071653e+00
648	1.070218e+00
649	1.070021e+00
650	1.071774e+00
651	1.075077e+00
652	1.080462e+00
653	1.086033e+00
654	1.092010e+00
655	1.097791e+00
656	1.103059e+00
657	1.107586e+00
658	1.111757e+00
659	1.114410e+00
660	1.115498e+00
661	1.113792e+00
662	1.110111e+00
663	1.104634e+00
664	1.098762e+00
665	1.092714e+00
666	1.087832e+00
667	1.083129e+00
668	1.079670e+00
669	1.078274e+00
670	1.078644e+00
671	1.080932e+00
672	1.083745e+00
673	1.088168e+00
674	1.093366e+00
675	1.098665e+00
676	1.105852e+00
677	1.110684e+00
678	1.113503e+00
679	1.116091e+00
680	1.116328e+00
681	1.115709e+00
682	1.113123e+00
683	1.108974e+00
684	1.103213e+00
685	1.097246e+00
686	1.090958e+00
687	1.085240e+00
688	1.079305e+00
689	1.074522e+00
690	1.073323e+00
691	1.075164e+00
692	1.078811e+00
693	1.083511e+00
694	1.090420e+00
695	1.098314e+00
696	1.107250e+00
697	1.115621e+00
698	1.121052e+00
699	1.124902e+00
700	1.127694e+00
701	1.127071e+00
702	1.123701e+00
703	1.118266e+00
704	1.111415e+00
705	1.101815e+00
706	1.092483e+00
707	1.083713e+00
708	1.075907e+00
709	1.069302e+00
710	1.064168e+00
711	1.062968e+00
712	1.065035e+00
713	1.070028e+00
714	1.078616e+00
715	1.087424e+00
716	1.096483e+00
717	1.105005e+00
718	1.113078e+00
719	1.118487e+00
720	1.119895e+00
721	1.119262e+00
722	1.117707e+00
723	1.112062e+00
724	1.105405e+00
725	1.098443e+00
726	1.091585e+00
727	1.085821e+00
728	1.080540e+00
729	1.075953e+00
730	1.073222e+00
731	1.070848e+00
732	1.071790e+00
733	1.073833e+00
734	1.077834e+00
735	1.083575e+00
736	1.089125e+00
737	1.094092e+00
738	1.098089e+00
739	1.101327e+00
740	1.104379e+00
741	1.107417e+00
742	1.108896e+00
743	1.109293e+00
744	1.107365e+00
745	1.104455e+00
746	1.099873e+00
747	1.094619e+00
748	1.088130e+00
749	1.081914e+00
750	1.076577e+00
751	1.072500e+00
752	1.069024e+00
753	1.069121e+00
754	1.071828e+00
755	1.076684e+00
756	1.084390e+00
757	1.093036e+00
758	1.101162e+00
759	1.107283e+00
760	1.112625e+00
761	1.117281e+00
762	1.121391e+00
763	1.124215e+00
764	1.122732e+00
765	1.118877e+00
766	1.114063e+00
767	1.107026e+00
768	1.100288e+00
769	1.094270e+00
770	1.087696e+00
771	1.082034e+00
772	1.076938e+00
773	1.073966e+00
774	1.074409e+00
775	1.078701e+00
776	1.083498e+00
777	1.090598e+00
778	1.098695e+00
779	1.106617e+00
780	1.115494e+00
781	1.124070e+00
782	1.132008e+00
783	1.136462e+00
784	1.138256e+00
785	1.136653e+00
786	1.132890e+00
787	1.127027e+00
788	1.119278e+00
789	1.112376e+00
790	1.104468e+00
791	1.095593e+00
792	1.087225e+00
793	1.079797e+00
794	1.075879e+00
795	1.073952e+00
796	1.076316e+00
797	1.080144e+00
798	1.085316e+00
799	1.092712e+00
800	1.101017e+00
801	1.109007e+00
802	1.115680e+00
803	1.121463e+00
804	1.125330e+00
805	1.127077e+00
806	1.127379e+00
807	1.124333e+00
808	1.120256e+00
809	1.113532e+00
810	1.104932e+00
811	1.096686e+00
812	1.088640e+00
813	1.081975e+00
814	1.076834e+00
815	1.071805e+00
816	1.066848e+00
817	1.065076e+00
818	1.066672e+00
819	1.070641e+00
820	1.075486e+00
821	1.082237e+00
822	1.089226e+00
823	1.097247e+00
824	1.104924e+00
825	1.109914e+00
826	1.114853e+00
827	1.116934e+00
828	1.117827e+00
829	1.116090e+00
830	1.111078e+00
831	1.102593e+00
832	1.092035e+00
833	1.081281e+00
834	1.070800e+00
835	1.060650e+00
836	1.053757e+00
837	1.049157e+00
838	1.049562e+00
839	1.054819e+00
840	1.063890e+00
841	1.076958e+00
842	1.090599e+00
843	1.103196e+00
844	1.114467e+00
845	1.125226e+00
846	1.134177e+00
847	1.139727e+00
848	1.140234e+00
849	1.135984e+00
850	1.128506e+00
851	1.117434e+00
852	1.104304e+00
853	1.090579e+00
854	1.076493e+00
855	1.061997e+00
856	1.050069e+00
857	1.040875e+00
858	1.036883e+00
859	1.038228e+00
860	1.042076e+00
861	1.050577e+00
862	1.062741e+00
863	1.077088e+00
864	1.093626e+00
865	1.110299e+00
866	1.125758e+00
867	1.138254e+00
868	1.147112e+00
869	1.152768e+00
870	1.153577e+00
871	1.149074e+00
872	1.141135e+00
873	1.128636e+00
874	1.114026e+00
875	1.099617e+00
876	1.085045e+00
877	1.071459e+00
878	1.061221e+00
879	1.054370e+00
880	1.050433e+00
881	1.049248e+00
882	1.052709e+00
883	1.059148e+00
884	1.068304e+00
885	1.079319e+00
886	1.092259e+00
887	1.105924e+00
888	1.119777e+00
889	1.133617e+00
890	1.144667e+00
891	1.152675e+00
892	1.157315e+00
893	1.158510e+00
894	1.155919e+00
895	1.149365e+00
896	1.138688e+00
897	1.123679e+00
898	1.105277e+00
899	1.086400e+00
900	1.068227e+00
901	1.052018e+00
902	1.040942e+00
903	1.035489e+00
904	1.034502e+00
905	1.038390e+00
906	1.048699e+00
907	1.063189e+00
908	1.080009e+00
909	1.098309e+00
910	1.115607e+00
911	1.131172e+00
912	1.144082e+00
913	1.153971e+00
914	1.159733e+00
915	1.160077e+00
916	1.154985e+00
917	1.146567e+00
918	1.133239e+00
919	1.117294e+00
920	1.099847e+00
921	1.082744e+00
922	1.067872e+00
923	1.054925e+00
924	1.044297e+00
925	1.035928e+00
926	1.034027e+00
927	1.038519e+00
928	1.047448e+00
929	1.061299e+00
930	1.077111e+00
931	1.094562e+00
932	1.112169e+00
933	1.127604e+00
934	1.138768e+00
935	1.147102e+00
936	1.150952e+00
937	1.151003e+00
938	1.145670e+00
939	1.136188e+00
940	1.123928e+00
941	1.109062e+00
942	1.092651e+00
943	1.075115e+00
944	1.058343e+00
945	1.046242e+00
946	1.037668e+00
947	1.035702e+00
948	1.038304e+00
949	1.045538e+00
950	1.057949e+00
951	1.073523e+00
952	1.090471e+00
953	1.107174e+00
954	1.123944e+00
955	1.137591e+00
956	1.147267e+00
957	1.154467e+00
958	1.155832e+00
959	1.151870e+00
960	1.142412e+00
961	1.128602e+00
962	1.111055e+00
963	1.092814e+00
964	1.074317e+00
965	1.057451e+00
966	1.043680e+00
967	1.036556e+00
968	1.033624e+00
969	1.036672e+00
970	1.045524e+00
971	1.058887e+00
972	1.074904e+00
973	1.092931e+00
974	1.113105e+00
975	1.131652e+00
976	1.148432e+00
977	1.161512e+00
978	1.169276e+00
979	1.172731e+00
980	1.172035e+00
981	1.166692e+00
982	1.159275e+00
983	1.148648e+00
984	1.135067e+00
985	1.117520e+00
986	1.097986e+00
987	1.078114e+00
988	1.060765e+00
989	1.046310e+00
990	1.036457e+00
991	1.031622e+00
992	1.034572e+00
993	1.042322e+00
994	1.055679e+00
995	1.071634e+00
996	1.090383e+00
997	1.109977e+00
998	1.130211e+00
999	1.148048e+00
1000	1.161218e+00
1001	1.169118e+00
1002	1.171708e+00
1003	1.167647e+00
1004	1.158679e+00
1005	1.146149e+00
1006	1.131023e+00
1007	1.113422e+00
1008	1.094410e+00
1009	1.074390e+00
1010	1.056789e+00
1011	1.042508e+00
1012	1.032219e+00
1013	1.026919e+00
1014	1.027967e+00
1015	1.034940e+00
1016	1.046396e+00
1017	1.063192e+00
1018	1.082764e+00
1019	1.104489e+00
1020	1.125289e+00
1021	1.142038e+00
1022	1.153680e+00
1023	1.159918e+00
1024	1.161033e+00
1025	1.156773e+00
1026	1.147853e+00
1027	1.134470e+00
1028	1.117859e+00
1029	1.099807e+00
1030	1.081639e+00
1031	1.064823e+00
1032	1.052460e+00
1033	1.041651e+00
1034	1.034986e+00
1035	1.033969e+00
1036	1.038615e+00
1037	1.047615e+00
1038	1.060015e+00
1039	1.075026e+00
1040	1.091371e+00
1041	1.107090e+00
1042	1.121821e+00
1043	1.135513e+00
1044	1.147831e+00
1045	1.155503e+00
1046	1.159502e+00
1047	1.160203e+00
1048	1.156511e+00
1049	1.149213e+00
1050	1.137107e+00
1051	1.121233e+00
1052	1.102963e+00
1053	1.084477e+00
1054	1.067687e+00
1055	1.055163e+00
1056	1.046852e+00
1057	1.042652e+00
1058	1.043671e+00
1059	1.049407e+00
1060	1.059844e+00
1061	1.073406e+00
1062	1.088203e+00
1063	1.104985e+00
1064	1.120165e+00
1065	1.133412e+00
1066	1.142831e+00
1067	1.148572e+00
1068	1.151193e+00
1069	1.149160e+00
1070	1.143112e+00
1071	1.134182e+00
1072	1.123546e+00
1073	1.110232e+00
1074	1.096393e+00
1075	1.083888e+00
1076	1.072326e+00
1077	1.063948e+00
1078	1.058383e+00
1079	1.057355e+00
1080	1.060802e+00
1081	1.067698e+00
1082	1.076863e+00
1083	1.088564e+00
1084	1.101583e+00
1085	1.112166e+00
1086	1.120382e+00
1087	1.125314e+00
1088	1.128761e+00
1089	1.130626e+00
1090	1.129496e+00
1091	1.127936e+00
1092	1.124115e+00
1093	1.120456e+00
1094	1.115389e+00
1095	1.109100e+00
1096	1.102198e+00
1097	1.094405e+00
1098	1.086272e+00
1099	1.078785e+00
1100	1.072306e+00
1101	1.067330e+00
1102	1.064821e+00
1103	1.064794e+00
1104	1.067266e+00
1105	1.070832e+00
1106	1.078327e+00
1107	1.086887e+00
1108	1.095477e+00
1109	1.103265e+00
1110	1.110645e+00
1111	1.119219e+00
1112	1.125526e+00
1113	1.131449e+00
1114	1.134250e+00
1115	1.135376e+00
1116	1.134194e+00
1117	1.131496e+00
1118	1.128035e+00
1119	1.120681e+00
1120	1.112771e+00
1121	1.102923e+00
1122	1.093336e+00
1123	1.084875e+00
1124	1.075742e+00
1125	1.068458e+00
1126	1.063919e+00
1127	1.061714e+00
1128	1.062318e+00
1129	1.067084e+00
1130	1.073607e+00
1131	1.082636e+00
1132	1.092325e+00
1133	1.101157e+00
1134	1.109343e+00
1135	1.116898e+00
1136	1.122714e+00
1137	1.124728e+00
1138	1.124049e+00
1139	1.120538e+00
1140	1.116794e+00
1141	1.112405e+00
1142	1.107764e+00
1143	1.101410e+00
1144	1.093538e+00
1145	1.083747e+00
1146	1.073867e+00
1147	1.066155e+00
1148	1.059448e+00
1149	1.055670e+00
1150	1.056363e+00
1151	1.061829e+00
1152	1.068939e+00
1153	1.078634e+00
1154	1.089284e+00
1155	1.100052e+00
1156	1.111004e+00
1157	1.120401e+00
1158	1.127933e+00
1159	1.132788e+00
1160	1.135750e+00
1161	1.135155e+00
1162	1.133346e+00
1163	1.129186e+00
1164	1.123239e+00
1165	1.115588e+00
1166	1.106713e+00
1167	1.097883e+00
1168	1.090127e+00
1169	1.085815e+00
1170	1.083932e+00
1171	1.084017e+00
1172	1.084056e+00
1173	1.084735e+00
1174	1.087709e+00
1175	1.091450e+00
1176	1.097048e+00
1177	1.103585e+00
1178	1.108806e+00
1179	1.112185e+00
1180	1.113869e+00
1181	1.115712e+00
1182	1.115286e+00
1183	1.113462e+00
1184	1.111744e+00
1185	1.107883e+00
1186	1.104210e+00
1187	1.100039e+00
1188	1.095930e+00
1189	1.092291e+00
1190	1.089036e+00
1191	1.086456e+00
1192	1.084947e+00
1193	1.086631e+00
1194	1.090072e+00
1195	1.093587e+00
1196	1.097832e+00
1197	1.103875e+00
1198	1.110354e+00
1199	1.116790e+00
1200	1.122727e+00
1201	1.126820e+00
1202	1.129725e+00
1203	1.130071e+00
1204	1.127747e+00
1205	1.122604e+00
1206	1.116802e+00
1207	1.107904e+00
1208	1.097732e+00
1209	1.088442e+00
1210	1.079821e+00
1211	1.072641e+00
1212	1.067934e+00
1213	1.065838e+00
1214	1.067148e+00
1215	1.070695e+00
1216	1.078352e+00
1217	1.087758e+00
1218	1.097292e+00
1219	1.107231e+00
1220	1.115588e+00
1221	1.123200e+00
1222	1.127930e+00
1223	1.130315e+00
1224	1.129935e+00
1225	1.129459e+00
1226	1.125838e+00
1227	1.121149e+00
1228	1.115324e+00
1229	1.108996e+00
1230	1.102741e+00
1231	1.097879e+00
1232	1.093019e+00
1233	1.088402e+00
1234	1.083434e+00
1235	1.079433e+00
1236	1.076444e+00
1237	1.075830e+00
1238	1.078289e+00
1239	1.080757e+00
1240	1.085167e+00
1241	1.091152e+00
1242	1.097524e+00
1243	1.103466e+00
1244	1.108351e+00
1245	1.112807e+00
1246	1.117720e+00
1247	1.121059e+00
1248	1.123317e+00
1249	1.124701e+00
1250	1.125365e+00
1251	1.122752e+00
1252	1.120087e+00
1253	1.114837e+00
1254	1.106865e+00
1255	1.098410e+00
1256	1.091055e+00
1257	1.083921e+00
1258	1.078557e+00
1259	1.076610e+00
1260	1.076168e+00
1261	1.078416e+00
1262	1.080669e+00
1263	1.084510e+00
1264	1.089908e+00
1265	1.095801e+00
1266	1.100977e+00
1267	1.104797e+00
1268	1.107943e+00
1269	1.109500e+00
1270	1.109971e+00
1271	1.110265e+00
1272	1.111623e+00
1273	1.112338e+00
1274	1.110904e+00
1275	1.107680e+00
1276	1.102185e+00
1277	1.096611e+00
1278	1.090762e+00
1279	1.085656e+00
1280	1.081060e+00
1281	1.078002e+00
1282	1.076579e+00
1283	1.077110e+00
1284	1.077848e+00
1285	1.080685e+00
1286	1.085905e+00
1287	1.092677e+00
1288	1.100056e+00
1289	1.107026e+00
1290	1.112644e+00
1291	1.115870e+00
1292	1.117377e+00
1293	1.117472e+00
1294	1.115987e+00
1295	1.113798e+00
1296	1.111106e+00
1297	1.108225e+00
1298	1.105913e+00
1299	1.103898e+00
1300	1.100872e+00
1301	1.097882e+00
1302	1.095584e+00
1303	1.093964e+00
1304	1.092273e+00
1305	1.090444e+00
1306	1.090184e+00
1307	1.091705e+00
1308	1.094208e+00
1309	1.100018e+00
1310	1.105341e+00
1311	1.112146e+00
1312	1.117648e+00
1313	1.123755e+00
1314	1.129634e+00
1315	1.133844e+00
1316	1.134940e+00
1317	1.134012e+00
1318	1.130930e+00
1319	1.126051e+00
1320	1.120382e+00
1321	1.114084e+00
1322	1.107754e+00
1323	1.101801e+00
1324	1.096761e+00
1325	1.093316e+00
1326	1.089780e+00
1327	1.087622e+00
1328	1.086968e+00
1329	1.087323e+00
1330	1.089225e+00
1331	1.092483e+00
1332	1.096405e+00
1333	1.100100e+00
1334	1.103040e+00
1335	1.104657e+00
1336	1.107102e+00
1337	1.108871e+00
1338	1.109996e+00
1339	1.110329e+00
1340	1.110104e+00
1341	1.109571e+00
1342	1.107753e+00
1343	1.106429e+00
1344	1.105450e+00
1345	1.103038e+00
1346	1.101105e+00
1347	1.099683e+00
1348	1.099720e+00
1349	1.099155e+00
1350	1.098285e+00
1351	1.097598e+00
1352	1.098532e+00
1353	1.099756e+00
1354	1.101032e+00
1355	1.101483e+00
1356	1.101334e+00
1357	1.101063e+00
1358	1.101583e+00
1359	1.101193e+00
1360	1.101063e+00
1361	1.100603e+00
1362	1.099505e+00
1363	1.097918e+00
1364	1.095177e+00
1365	1.093646e+00
1366	1.091573e+00
1367	1.088746e+00
1368	1.085228e+00
1369	1.083606e+00
1370	1.081245e+00
1371	1.079205e+00
1372	1.078752e+00
1373	1.078431e+00
1374	1.078555e+00
1375	1.080368e+00
1376	1.082246e+00
1377	1.084699e+00
1378	1.088996e+00
1379	1.093952e+00
1380	1.100459e+00
1381	1.108204e+00
1382	1.115314e+00
1383	1.122174e+00
1384	1.123705e+00
1385	1.122894e+00
1386	1.119341e+00
1387	1.114851e+00
1388	1.108699e+00
1389	1.101635e+00
1390	1.094614e+00
1391	1.088451e+00
1392	1.082387e+00
1393	1.076442e+00
1394	1.072086e+00
1395	1.070381e+00
1396	1.071787e+00
1397	1.075507e+00
1398	1.082586e+00
1399	1.092424e+00
1400	1.104158e+00
1401	1.116434e+00
1402	1.127502e+00
1403	1.137536e+00
1404	1.145685e+00
1405	1.151503e+00
1406	1.153199e+00
1407	1.153157e+00
1408	1.150050e+00
1409	1.143542e+00
1410	1.134301e+00
1411	1.124550e+00
1412	1.112071e+00
1413	1.100482e+00
1414	1.090941e+00
1415	1.081964e+00
1416	1.073991e+00
1417	1.066977e+00
1418	1.062835e+00
1419	1.061421e+00
1420	1.062442e+00
1421	1.066373e+00
1422	1.072088e+00
1423	1.080104e+00
1424	1.087362e+00
1425	1.095124e+00
1426	1.102170e+00
1427	1.108657e+00
1428	1.113488e+00
1429	1.117634e+00
1430	1.119886e+00
1431	1.119457e+00
1432	1.118628e+00
1433	1.115422e+00
1434	1.111040e+00
1435	1.106841e+00
1436	1.101152e+00
1437	1.093687e+00
1438	1.086286e+00
1439	1.079856e+00
1440	1.073843e+00
1441	1.070980e+00
1442	1.069261e+00
1443	1.070525e+00
1444	1.075173e+00
1445	1.081712e+00
1446	1.089921e+00
1447	1.099581e+00
1448	1.108216e+00
1449	1.115835e+00
1450	1.119906e+00
1451	1.122516e+00
1452	1.122688e+00
1453	1.120757e+00
1454	1.116432e+00
1455	1.111189e+00
1456	1.106809e+00
1457	1.103257e+00
1458	1.100077e+00
1459	1.096330e+00
1460	1.094678e+00
1461	1.093147e+00
1462	1.092192e+00
1463	1.091632e+00
1464	1.092480e+00
1465	1.093824e+00
1466	1.096686e+00
1467	1.100965e+00
1468	1.103851e+00
1469	1.106841e+00
1470	1.108831e+00
1471	1.110348e+00
1472	1.111202e+00
1473	1.111069e+00
1474	1.107775e+00
1475	1.103990e+00
1476	1.100685e+00
1477	1.096769e+00
1478	1.094810e+00
1479	1.094035e+00
1480	1.093866e+00
1481	1.094230e+00
1482	1.093385e+00
1483	1.091496e+00
1484	1.090573e+00
1485	1.090832e+00
1486	1.091720e+00
1487	1.093030e+00
1488	1.093960e+00
1489	1.097380e+00
1490	1.100290e+00
1491	1.103666e+00
1492	1.106666e+00
1493	1.109401e+00
1494	1.112708e+00
1495	1.113635e+00
1496	1.113238e+00
1497	1.112179e+00
1498	1.110749e+00
1499	1.109258e+00
1500	1.106829e+00
1501	1.104176e+00
1502	1.102705e+00
1503	1.102191e+00
1504	1.100997e+00
1505	1.099504e+00
1506	1.097729e+00
1507	1.095863e+00
1508	1.094641e+00
1509	1.095544e+00
1510	1.095265e+00
1511	1.094953e+00
1512	1.095602e+00
1513	1.095120e+00
1514	1.095338e+00
1515	1.094843e+00
1516	1.093898e+00
1517	1.092359e+00
1518	1.092681e+00
1519	1.092123e+00
1520	1.089388e+00
1521	1.087168e+00
1522	1.086685e+00
1523	1.085866e+00
1524	1.087250e+00
1525	1.089415e+00
1526	1.092443e+00
1527	1.094316e+00
1528	1.096345e+00
1529	1.097742e+00
1530	1.097219e+00
1531	1.096455e+00
1532	1.097287e+00
1533	1.097389e+00
1534	1.097434e+00
1535	1.097518e+00
1536	1.098564e+00
1537	1.099185e+00
1538	1.098283e+00
1539	1.097882e+00
1540	1.098167e+00
1541	1.097316e+00
1542	1.096689e+00
1543	1.095724e+00
1544	1.094557e+00
1545	1.091824e+00
1546	1.089880e+00
1547	1.087735e+00
1548	1.085866e+00
1549	1.083599e+00
1550	1.081315e+00
1551	1.079828e+00
1552	1.080691e+00
1553	1.083414e+00
1554	1.088573e+00
1555	1.096448e+00
1556	1.104527e+00
1557	1.113257e+00
1558	1.119674e+00
1559	1.123175e+00
1560	1.126080e+00
1561	1.125063e+00
1562	1.121691e+00
1563	1.116631e+00
1564	1.109308e+00
1565	1.101797e+00
1566	1.095311e+00
1567	1.090187e+00
1568	1.086320e+00
1569	1.083167e+00
1570	1.080272e+00
1571	1.079625e+00
1572	1.080350e+00
1573	1.083833e+00
1574	1.088583e+00
1575	1.094136e+00
1576	1.098158e+00
1577	1.101862e+00
1578	1.105493e+00
1579	1.108737e+00
1580	1.109804e+00
1581	1.111015e+00
1582	1.111071e+00
1583	1.110077e+00
1584	1.108137e+00
1585	1.105589e+00
1586	1.102578e+00
1587	1.097833e+00
1588	1.093240e+00
1589	1.089199e+00
1590	1.087403e+00
1591	1.088014e+00
1592	1.091029e+00
1593	1.096491e+00
1594	1.100905e+00
1595	1.103768e+00
1596	1.107382e+00
1597	1.109283e+00
1598	1.109829e+00
1599	1.108525e+00
1600	1.108026e+00
1601	1.106868e+00
1602	1.107111e+00
1603	1.106965e+00
1604	1.106401e+00
1605	1.105833e+00
1606	1.105632e+00
1607	1.104146e+00
1608	1.100302e+00
1609	1.094376e+00
1610	1.088913e+00
1611	1.083722e+00
1612	1.080022e+00
1613	1.078028e+00
1614	1.077870e+00
1615	1.079712e+00
1616	1.086227e+00
1617	1.093169e+00
1618	1.100732e+00
1619	1.107337e+00
1620	1.112418e+00
1621	1.116714e+00
1622	1.118052e+00
1623	1.118176e+00
1624	1.116396e+00
1625	1.113053e+00
1626	1.109468e+00
1627	1.104853e+00
1628	1.097857e+00
1629	1.090471e+00
1630	1.082346e+00
1631	1.074809e+00
1632	1.068239e+00
1633	1.065059e+00
1634	1.062347e+00
1635	1.062811e+00
1636	1.065421e+00
1637	1.070106e+00
1638	1.076256e+00
1639	1.082415e+00
1640	1.089812e+00
1641	1.096562e+00
1642	1.102531e+00
1643	1.109393e+00
1644	1.116073e+00
1645	1.120953e+00
1646	1.124034e+00
1647	1.125884e+00
1648	1.125818e+00
1649	1.124339e+00
1650	1.121408e+00
1651	1.116807e+00
1652	1.110818e+00
1653	1.103862e+00
1654	1.096412e+00
1655	1.087992e+00
1656	1.081062e+00
1657	1.077128e+00
1658	1.076252e+00
1659	1.077304e+00
1660	1.080787e+00
1661	1.085813e+00
1662	1.090802e+00
1663	1.096883e+00
1664	1.103979e+00
1665	1.112524e+00
1666	1.121825e+00
1667	1.129979e+00
1668	1.133174e+00
1669	1.134158e+00
1670	1.131605e+00
1671	1.126553e+00
1672	1.119591e+00
1673	1.110843e+00
1674	1.100854e+00
1675	1.092147e+00
1676	1.084254e+00
1677	1.075997e+00
1678	1.071551e+00
1679	1.071791e+00
1680	1.075009e+00
1681	1.080472e+00
1682	1.086102e+00
1683	1.093786e+00
1684	1.103103e+00
1685	1.113118e+00
1686	1.122118e+00
1687	1.129593e+00
1688	1.133840e+00
1689	1.135742e+00
1690	1.135768e+00
1691	1.134169e+00
1692	1.128308e+00
1693	1.119367e+00
1694	1.109273e+00
1695	1.097980e+00
1696	1.087067e+00
1697	1.077113e+00
1698	1.067198e+00
1699	1.059471e+00
1700	1.054634e+00
1701	1.054206e+00
1702	1.057583e+00
1703	1.065139e+00
1704	1.076092e+00
1705	1.087745e+00
1706	1.100796e+00
1707	1.113255e+00
1708	1.123862e+00
1709	1.131114e+00
1710	1.134888e+00
1711	1.134498e+00
1712	1.131641e+00
1713	1.125259e+00
1714	1.115789e+00
1715	1.105975e+00
1716	1.094884e+00
1717	1.082108e+00
1718	1.069938e+00
1719	1.058803e+00
1720	1.052227e+00
1721	1.048884e+00
1722	1.050729e+00
1723	1.056867e+00
1724	1.067267e+00
1725	1.079788e+00
1726	1.093715e+00
1727	1.108545e+00
1728	1.124070e+00
1729	1.138045e+00
1730	1.148624e+00
1731	1.154913e+00
1732	1.155446e+00
1733	1.150125e+00
1734	1.140299e+00
1735	1.127709e+00
1736	1.113083e+00
1737	1.097297e+00
1738	1.079591e+00
1739	1.062874e+00
1740	1.050214e+00
1741	1.041388e+00
1742	1.039144e+00
1743	1.043456e+00
1744	1.054051e+00
1745	1.070220e+00
1746	1.089982e+00
1747	1.110352e+00
1748	1.129193e+00
1749	1.144252e+00
1750	1.155961e+00
1751	1.164378e+00
1752	1.168451e+00
1753	1.167232e+00
1754	1.161685e+00
1755	1.151972e+00
1756	1.138996e+00
1757	1.122438e+00
1758	1.102497e+00
1759	1.082966e+00
1760	1.064674e+00
1761	1.049353e+00
1762	1.038575e+00
1763	1.031715e+00
1764	1.031612e+00
1765	1.038528e+00
1766	1.051304e+00
1767	1.068592e+00
1768	1.087730e+00
1769	1.107192e+00
1770	1.126653e+00
1771	1.144267e+00
1772	1.157725e+00
1773	1.168003e+00
1774	1.174258e+00
1775	1.174998e+00
1776	1.170239e+00
1777	1.160341e+00
1778	1.146288e+00
1779	1.128172e+00
1780	1.108233e+00
1781	1.087146e+00
1782	1.065596e+00
1783	1.047026e+00
1784	1.033516e+00
1785	1.025483e+00
1786	1.025363e+00
1787	1.031744e+00
1788	1.044430e+00
1789	1.063215e+00
1790	1.086826e+00
1791	1.109594e+00
1792	1.130695e+00
1793	1.149799e+00
1794	1.165678e+00
1795	1.176627e+00
1796	1.181736e+00
1797	1.180015e+00
1798	1.172770e+00
1799	1.161676e+00
1800	1.145082e+00
1801	1.125243e+00
1802	1.103878e+00
1803	1.082624e+00
1804	1.062807e+00
1805	1.046625e+00
1806	1.035891e+00
1807	1.029571e+00
1808	1.031215e+00
1809	1.041449e+00
1810	1.058541e+00
1811	1.080522e+00
1812	1.105799e+00
1813	1.129530e+00
1814	1.153324e+00
1815	1.173929e+00
1816	1.188871e+00
1817	1.198480e+00
1818	1.202781e+00
1819	1.200634e+00
1820	1.192348e+00
1821	1.177370e+00
1822	1.156531e+00
1823	1.132847e+00
1824	1.106303e+00
1825	1.079272e+00
1826	1.055230e+00
1827	1.035100e+00
1828	1.019839e+00
1829	1.011639e+00
1830	1.011960e+00
1831	1.022286e+00
1832	1.040657e+00
1833	1.064387e+00
1834	1.091703e+00
1835	1.118946e+00
1836	1.144636e+00
1837	1.165705e+00
1838	1.181763e+00
1839	1.193219e+00
1840	1.197893e+00
1841	1.197322e+00
1842	1.191582e+00
1843	1.181836e+00
1844	1.165766e+00
1845	1.146279e+00
1846	1.122161e+00
1847	1.096952e+00
1848	1.072887e+00
1849	1.050218e+00
1850	1.031821e+00
1851	1.019757e+00
1852	1.014693e+00
1853	1.017800e+00
1854	1.029408e+00
1855	1.046753e+00
1856	1.069047e+00
1857	1.092444e+00
1858	1.115123e+00
1859	1.136541e+00
1860	1.155363e+00
1861	1.169705e+00
1862	1.178386e+00
1863	1.181504e+00
1864	1.178032e+00
1865	1.166509e+00
1866	1.150010e+00
1867	1.129962e+00
1868	1.106928e+00
1869	1.082718e+00
1870	1.059791e+00
1871	1.041505e+00
1872	1.028158e+00
1873	1.020550e+00
1874	1.019858e+00
1875	1.025845e+00
1876	1.038151e+00
1877	1.058114e+00
1878	1.080906e+00
1879	1.104324e+00
1880	1.125539e+00
1881	1.144241e+00
1882	1.159429e+00
1883	1.170238e+00
1884	1.176251e+00
1885	1.176840e+00
1886	1.171707e+00
1887	1.161935e+00
1888	1.146013e+00
1889	1.125563e+00
1890	1.103041e+00
1891	1.080163e+00
1892	1.057055e+00
1893	1.037305e+00
1894	1.024429e+00
1895	1.018732e+00
1896	1.018826e+00
1897	1.026355e+00
1898	1.039989e+00
1899	1.059152e+00
1900	1.079880e+00
1901	1.101427e+00
1902	1.122735e+00
1903	1.141439e+00
1904	1.159074e+00
1905	1.173304e+00
1906	1.181684e+00
1907	1.184762e+00
1908	1.181307e+00
1909	1.171586e+00
1910	1.156907e+00
1911	1.138935e+00
1912	1.118127e+00
1913	1.095634e+00
1914	1.073215e+00
1915	1.052241e+00
1916	1.036123e+00
1917	1.025252e+00
1918	1.020371e+00
1919	1.023851e+00
1920	1.034027e+00
1921	1.048830e+00
1922	1.066225e+00
1923	1.084713e+00
1924	1.105320e+00
1925	1.126272e+00
1926	1.144044e+00
1927	1.160166e+00
1928	1.171743e+00
1929	1.178361e+00
1930	1.180902e+00
1931	1.178550e+00
1932	1.173030e+00
1933	1.162511e+00
1934	1.147284e+00
1935	1.129293e+00
1936	1.110516e+00
1937	1.090297e+00
1938	1.071207e+00
1939	1.053900e+00
1940	1.039977e+00
1941	1.030680e+00
1942	1.028361e+00
1943	1.030791e+00
1944	1.038299e+00
1945	1.053693e+00
1946	1.072439e+00
1947	1.095112e+00
1948	1.118665e+00
1949	1.141388e+00
1950	1.161093e+00
1951	1.175672e+00
1952	1.183352e+00
1953	1.185005e+00
1954	1.181240e+00
1955	1.172999e+00
1956	1.160103e+00
1957	1.143941e+00
1958	1.124435e+00
1959	1.102410e+00
1960	1.079466e+00
1961	1.057100e+00
1962	1.039486e+00
1963	1.028157e+00
1964	1.023348e+00
1965	1.024591e+00
1966	1.032078e+00
1967	1.045621e+00
1968	1.062408e+00
1969	1.083452e+00
1970	1.105898e+00
1971	1.127066e+00
1972	1.147742e+00
1973	1.164713e+00
1974	1.175928e+00
1975	1.181934e+00
1976	1.183568e+00
1977	1.179531e+00
1978	1.171229e+00
1979	1.158883e+00
1980	1.142932e+00
1981	1.125574e+00
1982	1.105709e+00
1983	1.086066e+00
1984	1.069712e+00
1985	1.057561e+00
1986	1.050538e+00
1987	1.051310e+00
1988	1.057937e+00
1989	1.070139e+00
1990	1.085581e+00
1991	1.103260e+00
1992	1.121730e+00
1993	1.140235e+00
1994	1.158398e+00
1995	1.173012e+00
1996	1.184631e+00
1997	1.190697e+00
1998	1.191148e+00
1999	1.187778e+00
2000	1.178676e+00
2001	1.165366e+00
2002	1.148061e+00
2003	1.126809e+00
2004	1.105460e+00
2005	1.083829e+00
2006	1.065142e+00
2007	1.048719e+00
2008	1.039452e+00
2009	1.036530e+00
2010	1.039128e+00
2011	1.047255e+00
2012	1.060984e+00
2013	1.076502e+00
2014	1.094107e+00
2015	1.112327e+00
2016	1.128376e+00
2017	1.140761e+00
2018	1.149756e+00
2019	1.154792e+00
2020	1.156053e+00
2021	1.151986e+00
2022	1.144469e+00
2023	1.134324e+00
2024	1.121034e+00
2025	1.107231e+00
2026	1.094331e+00
2027	1.083999e+00
2028	1.075560e+00
2029	1.069635e+00
2030	1.066481e+00
2031	1.065907e+00
2032	1.070191e+00
2033	1.077918e+00
2034	1.089037e+00
2035	1.102004e+00
2036	1.114602e+00
2037	1.124935e+00
2038	1.133792e+00
2039	1.140670e+00
2040	1.145012e+00
2041	1.146361e+00
2042	1.145323e+00
2043	1.142612e+00
2044	1.136842e+00
2045	1.128052e+00
2046	1.118432e+00
2047	1.107919e+00
2048	1.097318e+00
2049	1.087329e+00
2050	1.077281e+00
2051	1.069974e+00
2052	1.066305e+00
2053	1.064510e+00
2054	1.065559e+00
2055	1.070341e+00
2056	1.076324e+00
2057	1.083627e+00
2058	1.090775e+00
2059	1.099303e+00
2060	1.107043e+00
2061	1.113541e+00
2062	1.118128e+00
2063	1.121270e+00
2064	1.121394e+00
2065	1.118109e+00
2066	1.112606e+00
2067	1.105095e+00
2068	1.097453e+00
2069	1.089831e+00
2070	1.082414e+00
2071	1.077240e+00
2072	1.075183e+00
2073	1.075958e+00
2074	1.079250e+00
2075	1.085184e+00
2076	1.092674e+00
2077	1.101595e+00
2078	1.110504e+00
2079	1.118223e+00
2080	1.125801e+00
2081	1.131834e+00
2082	1.135590e+00
2083	1.137185e+00
2084	1.134898e+00
2085	1.131845e+00
2086	1.126327e+00
2087	1.119679e+00
2088	1.111197e+00
2089	1.101403e+00
2090	1.091713e+00
2091	1.085184e+00
2092	1.080115e+00
2093	1.077004e+00
2094	1.076161e+00
2095	1.077848e+00
2096	1.080292e+00
2097	1.084722e+00
2098	1.092156e+00
2099	1.099278e+00
2100	1.107826e+00
2101	1.114030e+00
2102	1.119703e+00
2103	1.123204e+00
2104	1.123899e+00
2105	1.123161e+00
2106	1.119700e+00
2107	1.115724e+00
2108	1.110723e+00
2109	1.105714e+00
2110	1.100283e+00
2111	1.094917e+00
2112	1.092072e+00
2113	1.089625e+00
2114	1.090447e+00
2115	1.089764e+00
2116	1.091845e+00
2117	1.096053e+00
2118	1.100915e+00
2119	1.107258e+00
2120	1.112720e+00
2121	1.116845e+00
2122	1.119876e+00
2123	1.121173e+00
2124	1.120398e+00
2125	1.117268e+00
2126	1.112134e+00
2127	1.107833e+00
2128	1.103787e+00
2129	1.100831e+00
2130	1.098238e+00
2131	1.097542e+00
2132	1.097076e+00
2133	1.097117e+00
2134	1.098001e+00
2135	1.100407e+00
2136	1.103364e+00
2137	1.106603e+00
2138	1.109864e+00
2139	1.113508e+00
2140	1.114712e+00
2141	1.114260e+00
2142	1.115373e+00
2143	1.114936e+00
2144	1.113763e+00
2145	1.112512e+00
2146	1.111946e+00
2147	1.110842e+00
2148	1.109830e+00
2149	1.109908e+00
2150	1.110439e+00
2151	1.111201e+00
2152	1.110914e+00
2153	1.110700e+00
2154	1.111253e+00
2155	1.112603e+00
2156	1.113105e+00
2157	1.112211e+00
2158	1.112083e+00
2159	1.111349e+00
2160	1.109653e+00
2161	1.108171e+00
2162	1.107994e+00
2163	1.107820e+00
2164	1.107827e+00
2165	1.107808e+00
2166	1.106643e+00
2167	1.103865e+00
2168	1.100397e+00
2169	1.095109e+00
2170	1.089673e+00
2171	1.085276e+00
2172	1.081571e+00
2173	1.079157e+00
2174	1.079224e+00
2175	1.082669e+00
2176	1.087858e+00
2177	1.094720e+00
2178	1.102595e+00
2179	1.110450e+00
2180	1.119201e+00
2181	1.127753e+00
2182	1.134125e+00
2183	1.140051e+00
2184	1.144587e+00
2185	1.145832e+00
2186	1.143780e+00
2187	1.139207e+00
2188	1.130639e+00
2189	1.119701e+00
2190	1.107494e+00
2191	1.094350e+00
2192	1.083316e+00
2193	1.074580e+00
2194	1.068535e+00
2195	1.066582e+00
2196	1.066314e+00
2197	1.068388e+00
2198	1.074048e+00
2199	1.082490e+00
2200	1.093819e+00
2201	1.105467e+00
2202	1.117426e+00
2203	1.128054e+00
2204	1.136527e+00
2205	1.142055e+00
2206	1.144045e+00
2207	1.143908e+00
2208	1.141020e+00
2209	1.135352e+00
2210	1.126713e+00
2211	1.114497e+00
2212	1.099483e+00
2213	1.083568e+00
2214	1.068910e+00
2215	1.057978e+00
2216	1.050482e+00
2217	1.049096e+00
2218	1.052230e+00
2219	1.060540e+00
2220	1.071582e+00
2221	1.086021e+00
2222	1.102065e+00
2223	1.117044e+00
2224	1.128847e+00
2225	1.137663e+00
2226	1.143690e+00
2227	1.147102e+00
2228	1.145641e+00
2229	1.140661e+00
2230	1.132546e+00
2231	1.122050e+00
2232	1.110735e+00
2233	1.098469e+00
2234	1.087177e+00
2235	1.076015e+00
2236	1.068875e+00
2237	1.064543e+00
2238	1.063144e+00
2239	1.066139e+00
2240	1.073939e+00
2241	1.083643e+00
2242	1.093541e+00
2243	1.104730e+00
2244	1.114285e+00
2245	1.123971e+00
2246	1.133339e+00
2247	1.140392e+00
2248	1.143944e+00
2249	1.145487e+00
2250	1.144320e+00
2251	1.139477e+00
2252	1.131981e+00
2253	1.123047e+00
2254	1.113190e+00
2255	1.102497e+00
2256	1.091392e+00
2257	1.082758e+00
2258	1.073642e+00
2259	1.067804e+00
2260	1.065499e+00
2261	1.066918e+00
2262	1.072207e+00
2263	1.079355e+00
2264	1.088491e+00
2265	1.097546e+00
2266	1.107075e+00
2267	1.115691e+00
2268	1.124081e+00
2269	1.130329e+00
2270	1.134861e+00
2271	1.137166e+00
2272	1.136109e+00
2273	1.133445e+00
2274	1.128136e+00
2275	1.121815e+00
2276	1.113928e+00
2277	1.103593e+00
2278	1.091743e+00
2279	1.079674e+00
2280	1.068157e+00
2281	1.058396e+00
2282	1.051766e+00
2283	1.050797e+00
2284	1.053586e+00
2285	1.059313e+00
2286	1.069624e+00
2287	1.081695e+00
2288	1.095100e+00
2289	1.109143e+00
2290	1.121458e+00
2291	1.131838e+00
2292	1.140140e+00
2293	1.146292e+00
2294	1.148525e+00
2295	1.148013e+00
2296	1.143412e+00
2297	1.136685e+00
2298	1.127536e+00
2299	1.115063e+00
2300	1.099848e+00
2301	1.082508e+00
2302	1.066001e+00
2303	1.051977e+00
2304	1.043155e+00
2305	1.039830e+00
2306	1.042597e+00
2307	1.051338e+00
2308	1.065767e+00
2309	1.083839e+00
2310	1.103756e+00
2311	1.123485e+00
2312	1.141380e+00
2313	1.156883e+00
2314	1.167452e+00
2315	1.173676e+00
2316	1.175718e+00
2317	1.173153e+00
2318	1.165397e+00
2319	1.153392e+00
2320	1.137523e+00
2321	1.119741e+00
2322	1.100166e+00
2323	1.080391e+00
2324	1.062427e+00
2325	1.049518e+00
2326	1.041817e+00
2327	1.037598e+00
2328	1.039254e+00
2329	1.046028e+00
2330	1.057496e+00
2331	1.072146e+00
2332	1.089593e+00
2333	1.107994e+00
2334	1.127066e+00
2335	1.145401e+00
2336	1.160341e+00
2337	1.171602e+00
2338	1.177632e+00
2339	1.180377e+00
2340	1.179021e+00
2341	1.172978e+00
2342	1.163538e+00
2343	1.149635e+00
2344	1.132784e+00
2345	1.112167e+00
2346	1.091284e+00
2347	1.070791e+00
2348	1.052401e+00
2349	1.037561e+00
2350	1.027263e+00
2351	1.024396e+00
2352	1.029052e+00
2353	1.041386e+00
2354	1.058873e+00
2355	1.080811e+00
2356	1.103553e+00
2357	1.127052e+00
2358	1.147776e+00
2359	1.165748e+00
2360	1.179806e+00
2361	1.187710e+00
2362	1.189577e+00
2363	1.184614e+00
2364	1.175231e+00
2365	1.159232e+00
2366	1.138759e+00
2367	1.115006e+00
2368	1.092177e+00
2369	1.068846e+00
2370	1.047174e+00
2371	1.030083e+00
2372	1.019614e+00
2373	1.015885e+00
2374	1.020176e+00
2375	1.032137e+00
2376	1.050542e+00
2377	1.072736e+00
2378	1.097427e+00
2379	1.123184e+00
2380	1.148403e+00
2381	1.171296e+00
2382	1.189586e+00
2383	1.201716e+00
2384	1.207826e+00
2385	1.206947e+00
2386	1.199330e+00
2387	1.185122e+00
2388	1.166791e+00
2389	1.143750e+00
2390	1.118729e+00
2391	1.092439e+00
2392	1.068276e+00
2393	1.048266e+00
2394	1.033075e+00
2395	1.023750e+00
2396	1.023493e+00
2397	1.030163e+00
2398	1.044085e+00
2399	1.065487e+00
2400	1.089206e+00
2401	1.113046e+00
2402	1.136531e+00
2403	1.158370e+00
2404	1.176245e+00
2405	1.188168e+00
2406	1.193928e+00
2407	1.194313e+00
2408	1.188936e+00
2409	1.177214e+00
2410	1.159725e+00
2411	1.139036e+00
2412	1.116074e+00
2413	1.092361e+00
2414	1.068453e+00
2415	1.046253e+00
2416	1.029149e+00
2417	1.017633e+00
2418	1.014116e+00
2419	1.019972e+00
2420	1.033223e+00
2421	1.054555e+00
2422	1.080717e+00
2423	1.108637e+00
2424	1.135721e+00
2425	1.159638e+00
2426	1.180648e+00
2427	1.197988e+00
2428	1.209591e+00
2429	1.215148e+00
2430	1.213329e+00
2431	1.206200e+00
2432	1.193354e+00
2433	1.175061e+00
2434	1.152926e+00
2435	1.127166e+00
2436	1.099001e+00
2437	1.070778e+00
2438	1.044152e+00
2439	1.024264e+00
2440	1.010243e+00
2441	1.006567e+00
2442	1.012221e+00
2443	1.025637e+00
2444	1.046495e+00
2445	1.072281e+00
2446	1.100892e+00
2447	1.128295e+00
2448	1.153177e+00
2449	1.175461e+00
2450	1.194430e+00
2451	1.206994e+00
2452	1.213862e+00
2453	1.215508e+00
2454	1.209719e+00
2455	1.199283e+00
2456	1.184273e+00
2457	1.163948e+00
2458	1.140683e+00
2459	1.116134e+00
2460	1.090411e+00
2461	1.065876e+00
2462	1.046178e+00
2463	1.031471e+00
2464	1.023571e+00
2465	1.024780e+00
2466	1.033053e+00
2467	1.047178e+00
2468	1.065192e+00
2469	1.086786e+00
2470	1.110460e+00
2471	1.134193e+00
2472	1.157169e+00
2473	1.177575e+00
2474	1.194219e+00
2475	1.207258e+00
2476	1.214125e+00
2477	1.215432e+00
2478	1.212270e+00
2479	1.202496e+00
2480	1.187791e+00
2481	1.169289e+00
2482	1.147742e+00
2483	1.123707e+00
2484	1.097757e+00
2485	1.072267e+00
2486	1.052190e+00
2487	1.037726e+00
2488	1.030230e+00
2489	1.029619e+00
2490	1.036109e+00
2491	1.049324e+00
2492	1.066184e+00
2493	1.085968e+00
2494	1.107116e+00
2495	1.127406e+00
2496	1.145521e+00
2497	1.159106e+00
2498	1.168076e+00
2499	1.171343e+00
2500	1.170167e+00
2501	1.164374e+00
2502	1.154863e+00
2503	1.142329e+00
2504	1.128355e+00
2505	1.112242e+00
2506	1.094609e+00
2507	1.076473e+00
2508	1.061178e+00
2509	1.049671e+00
2510	1.043773e+00
2511	1.042716e+00
2512	1.047878e+00
2513	1.058476e+00
2514	1.071447e+00
2515	1.087812e+00
2516	1.105517e+00
2517	1.121154e+00
2518	1.136092e+00
2519	1.149713e+00
2520	1.160235e+00
2521	1.166879e+00
2522	1.169021e+00
2523	1.166729e+00
2524	1.160342e+00
2525	1.150368e+00
2526	1.137374e+00
2527	1.123910e+00
2528	1.110189e+00
2529	1.095027e+00
2530	1.080753e+00
2531	1.069600e+00
2532	1.062483e+00
2533	1.058529e+00
2534	1.059808e+00
2535	1.065643e+00
2536	1.073791e+00
2537	1.085657e+00
2538	1.098139e+00
2539	1.111276e+00
2540	1.124532e+00
2541	1.135302e+00
2542	1.142967e+00
2543	1.147166e+00
2544	1.148318e+00
2545	1.144280e+00
2546	1.139125e+00
2547	1.131867e+00
2548	1.123443e+00
2549	1.115288e+00
2550	1.106796e+00
2551	1.098060e+00
2552	1.088690e+00
2553	1.082065e+00
2554	1.077271e+00
2555	1.075998e+00
2556	1.077416e+00
2557	1.079892e+00
2558	1.085520e+00
2559	1.091981e+00
2560	1.098484e+00
2561	1.106083e+00
2562	1.112320e+00
2563	1.118194e+00
2564	1.124447e+00
2565	1.129008e+00
2566	1.130640e+00
2567	1.130124e+00
2568	1.128016e+00
2569	1.123707e+00
2570	1.118019e+00
2571	1.110932e+00
2572	1.104611e+00
2573	1.097167e+00
2574	1.089087e+00
2575	1.081395e+00
2576	1.074915e+00
2577	1.069978e+00
2578	1.069139e+00
2579	1.072116e+00
2580	1.078649e+00
2581	1.086361e+00
2582	1.096264e+00
2583	1.107719e+00
2584	1.117773e+00
2585	1.126214e+00
2586	1.132954e+00
2587	1.136856e+00
2588	1.137800e+00
2589	1.135729e+00
2590	1.130766e+00
2591	1.122598e+00
2592	1.112911e+00
2593	1.101118e+00
2594	1.089614e+00
2595	1.078560e+00
2596	1.069300e+00
2597	1.063786e+00
2598	1.061542e+00
2599	1.062140e+00
2600	1.065970e+00
2601	1.072861e+00
2602	1.083302e+00
2603	1.094500e+00
2604	1.105937e+00
2605	1.116531e+00
2606	1.126629e+00
2607	1.134359e+00
2608	1.139736e+00
2609	1.142272e+00
2610	1.140839e+00
2611	1.136643e+00
2612	1.130778e+00
2613	1.122272e+00
2614	1.112263e+00
2615	1.101470e+00
2616	1.090617e+00
2617	1.079737e+00
2618	1.071244e+00
2619	1.067204e+00
2620	1.066720e+00
2621	1.069729e+00
2622	1.073752e+00
2623	1.080341e+00
2624	1.088139e+00
2625	1.097635e+00
2626	1.107048e+00
2627	1.116462e+00
2628	1.124394e+00
2629	1.130621e+00
2630	1.135674e+00
2631	1.139102e+00
2632	1.138213e+00
2633	1.134020e+00
2634	1.127481e+00
2635	1.120192e+00
2636	1.111451e+00
2637	1.102788e+00
2638	1.093853e+00
2639	1.086787e+00
2640	1.079230e+00
2641	1.073186e+00
2642	1.070614e+00
2643	1.070841e+00
2644	1.074494e+00
2645	1.080365e+00
2646	1.089939e+00
2647	1.100252e+00
2648	1.112418e+00
2649	1.123246e+00
2650	1.131048e+00
2651	1.136952e+00
2652	1.140022e+00
2653	1.139851e+00
2654	1.136053e+00
2655	1.129316e+00
2656	1.119324e+00
2657	1.107177e+00
2658	1.093643e+00
2659	1.081001e+00
2660	1.070116e+00
2661	1.062984e+00
2662	1.059811e+00
2663	1.060181e+00
2664	1.062930e+00
2665	1.068739e+00
2666	1.076402e+00
2667	1.084833e+00
2668	1.093725e+00
2669	1.103483e+00
2670	1.113391e+00
2671	1.123467e+00
2672	1.131999e+00
2673	1.137472e+00
2674	1.140528e+00
2675	1.140449e+00
2676	1.136288e+00
2677	1.128553e+00
2678	1.119093e+00
2679	1.108311e+00
2680	1.097441e+00
2681	1.087885e+00
2682	1.079376e+00
2683	1.072106e+00
2684	1.066443e+00
2685	1.064819e+00
2686	1.067012e+00
2687	1.071105e+00
2688	1.077877e+00
2689	1.085143e+00
2690	1.095360e+00
2691	1.106169e+00
2692	1.118634e+00
2693	1.129137e+00
2694	1.138384e+00
2695	1.143105e+00
2696	1.144222e+00
2697	1.142969e+00
2698	1.137227e+00
2699	1.127830e+00
2700	1.116947e+00
2701	1.105163e+00
2702	1.094363e+00
2703	1.084230e+00
2704	1.076564e+00
2705	1.071445e+00
2706	1.068674e+00
2707	1.068012e+00
2708	1.071267e+00
2709	1.078811e+00
2710	1.088457e+00
2711	1.099822e+00
2712	1.110708e+00
2713	1.119677e+00
2714	1.127039e+00
2715	1.132487e+00
2716	1.135531e+00
2717	1.136524e+00
2718	1.134244e+00
2719	1.129365e+00
2720	1.124368e+00
2721	1.117974e+00
2722	1.110547e+00
2723	1.103135e+00
2724	1.095369e+00
2725	1.088776e+00
2726	1.081860e+00
2727	1.076868e+00
2728	1.074632e+00
2729	1.074919e+00
2730	1.077401e+00
2731	1.082967e+00
2732	1.089744e+00
2733	1.097268e+00
2734	1.104228e+00
2735	1.110991e+00
2736	1.117629e+00
2737	1.123365e+00
2738	1.128278e+00
2739	1.130361e+00
2740	1.130048e+00
2741	1.126107e+00
2742	1.120182e+00
2743	1.113606e+00
2744	1.105904e+00
2745	1.097316e+00
2746	1.090081e+00
2747	1.082284e+00
2748	1.076833e+00
2749	1.073512e+00
2750	1.072892e+00
2751	1.074945e+00
2752	1.078600e+00
2753	1.083411e+00
2754	1.089355e+00
2755	1.096845e+00
2756	1.102797e+00
2757	1.107531e+00
2758	1.108991e+00
2759	1.109832e+00
2760	1.109164e+00
2761	1.107238e+00
2762	1.104770e+00
2763	1.102950e+00
2764	1.100992e+00
2765	1.100233e+00
2766	1.099207e+00
2767	1.097354e+00
2768	1.095525e+00
2769	1.094658e+00
2770	1.094728e+00
2771	1.093887e+00
2772	1.093083e+00
2773	1.093660e+00
2774	1.094038e+00
2775	1.095114e+00
2776	1.097319e+00
2777	1.100474e+00
2778	1.103776e+00
2779	1.106981e+00
2780	1.109346e+00
2781	1.111060e+00
2782	1.112298e+00
2783	1.111654e+00
2784	1.110811e+00
2785	1.109843e+00
2786	1.107425e+00
2787	1.105707e+00
2788	1.103658e+00
2789	1.101288e+00
2790	1.099522e+00
2791	1.098412e+00
2792	1.097597e+00
2793	1.095883e+00
2794	1.095215e+00
2795	1.095336e+00
2796	1.095191e+00
2797	1.093527e+00
2798	1.092951e+00
2799	1.093391e+00
2800	1.094691e+00
2801	1.095782e+00
2802	1.098634e+00
2803	1.102463e+00
2804	1.106680e+00
2805	1.109827e+00
2806	1.111132e+00
2807	1.110495e+00
2808	1.109515e+00
2809	1.107484e+00
2810	1.104489e+00
2811	1.101100e+00
2812	1.096355e+00
2813	1.091745e+00
2814	1.087779e+00
2815	1.083490e+00
2816	1.082020e+00
2817	1.081237e+00
2818	1.082828e+00
2819	1.082891e+00
2820	1.084459e+00
2821	1.085845e+00
2822	1.087732e+00
2823	1.091450e+00
2824	1.095545e+00
2825	1.098423e+00
2826	1.102531e+00
2827	1.106534e+00
2828	1.109563e+00
2829	1.111276e+00
2830	1.112395e+00
2831	1.113406e+00
2832	1.113832e+00
2833	1.112247e+00
2834	1.110044e+00
2835	1.106344e+00
2836	1.101545e+00
2837	1.097887e+00
2838	1.093904e+00
2839	1.090570e+00
2840	1.087256e+00
2841	1.086501e+00
2842	1.087676e+00
2843	1.090514e+00
2844	1.094187e+00
2845	1.098726e+00
2846	1.103390e+00
2847	1.108185e+00
2848	1.111975e+00
2849	1.114762e+00
2850	1.116079e+00
2851	1.114988e+00
2852	1.113465e+00
2853	1.109306e+00
2854	1.104436e+00
2855	1.098955e+00
2856	1.094127e+00
2857	1.090782e+00
2858	1.087654e+00
2859	1.085319e+00
2860	1.083357e+00
2861	1.083908e+00
2862	1.088029e+00
2863	1.092731e+00
2864	1.098049e+00
2865	1.104590e+00
2866	1.110665e+00
2867	1.115261e+00
2868	1.119231e+00
2869	1.120648e+00
2870	1.122075e+00
2871	1.121952e+00
2872	1.121497e+00
2873	1.119203e+00
2874	1.114712e+00
2875	1.107592e+00
2876	1.098890e+00
2877	1.089101e+00
2878	1.079971e+00
2879	1.073479e+00
2880	1.070205e+00
2881	1.070382e+00
2882	1.071527e+00
2883	1.073483e+00
2884	1.076981e+00
2885	1.080813e+00
2886	1.086751e+00
2887	1.092385e+00
2888	1.098975e+00
2889	1.106915e+00
2890	1.112624e+00
2891	1.116906e+00
2892	1.119330e+00
2893	1.117418e+00
2894	1.114326e+00
2895	1.109131e+00
2896	1.103191e+00
2897	1.095726e+00
2898	1.086764e+00
2899	1.077346e+00
2900	1.071122e+00
2901	1.066930e+00
2902	1.064332e+00
2903	1.064273e+00
2904	1.066054e+00
2905	1.069583e+00
2906	1.075964e+00
2907	1.084587e+00
2908	1.094719e+00
2909	1.103351e+00
2910	1.112142e+00
2911	1.119364e+00
2912	1.124493e+00
2913	1.127997e+00
2914	1.129150e+00
2915	1.129006e+00
2916	1.125921e+00
2917	1.119940e+00
2918	1.112769e+00
2919	1.105367e+00
2920	1.098508e+00
2921	1.091184e+00
2922	1.084024e+00
2923	1.078144e+00
2924	1.074202e+00
2925	1.070472e+00
2926	1.069190e+00
2927	1.069394e+00
2928	1.073098e+00
2929	1.077924e+00
2930	1.084894e+00
2931	1.093124e+00
2932	1.100676e+00
2933	1.106879e+00
2934	1.110543e+00
2935	1.112474e+00
2936	1.112086e+00
2937	1.110505e+00
2938	1.108367e+00
2939	1.105176e+00
2940	1.101887e+00
2941	1.098628e+00
2942	1.095246e+00
2943	1.092892e+00
2944	1.091207e+00
2945	1.090287e+00
2946	1.088720e+00
2947	1.086157e+00
2948	1.086055e+00
2949	1.089304e+00
2950	1.093114e+00
2951	1.097325e+00
2952	1.101556e+00
2953	1.104453e+00
2954	1.106845e+00
2955	1.107725e+00
2956	1.107771e+00
2957	1.108563e+00
2958	1.108797e+00
2959	1.109027e+00
2960	1.109634e+00
2961	1.108781e+00
2962	1.105592e+00
2963	1.102366e+00
2964	1.099142e+00
2965	1.095901e+00
2966	1.092952e+00
2967	1.091354e+00
2968	1.089710e+00
2969	1.089815e+00
2970	1.090194e+00
2971	1.090277e+00
2972	1.089905e+00
2973	1.089113e+00
2974	1.090321e+00
2975	1.090918e+00
2976	1.090723e+00
2977	1.090186e+00
2978	1.090591e+00
2979	1.089872e+00
2980	1.087936e+00
2981	1.087325e+00
2982	1.087922e+00
2983	1.088179e+00
2984	1.090152e+00
2985	1.091547e+00
2986	1.092982e+00
2987	1.095935e+00
2988	1.099932e+00
2989	1.103481e+00
2990	1.107587e+00
2991	1.110644e+00
2992	1.110653e+00
2993	1.109409e+00
2994	1.106658e+00
2995	1.105421e+00
2996	1.102783e+00
2997	1.098228e+00
2998	1.092176e+00
2999	1.086175e+00
3000	1.081521e+00
3001	1.078736e+00
3002	1.076896e+00
3003	1.077951e+00
3004	1.081073e+00
3005	1.086637e+00
3006	1.095181e+00
3007	1.105547e+00
3008	1.116563e+00
3009	1.126201e+00
3010	1.134755e+00
3011	1.140531e+00
3012	1.143027e+00
3013	1.143154e+00
3014	1.139674e+00
3015	1.130541e+00
3016	1.120481e+00
3017	1.109309e+00
3018	1.097564e+00
3019	1.085704e+00
3020	1.074678e+00
3021	1.066906e+00
3022	1.063596e+00
3023	1.063415e+00
3024	1.065646e+00
3025	1.072736e+00
3026	1.082479e+00
3027	1.093306e+00
3028	1.104358e+00
3029	1.115155e+00
3030	1.125719e+00
3031	1.135093e+00
3032	1.142619e+00
3033	1.147953e+00
3034	1.149974e+00
3035	1.149405e+00
3036	1.145427e+00
3037	1.137000e+00
3038	1.125991e+00
3039	1.111723e+00
3040	1.097597e+00
3041	1.081696e+00
3042	1.068059e+00
3043	1.056923e+00
3044	1.051806e+00
3045	1.052114e+00
3046	1.056470e+00
3047	1.064724e+00
3048	1.076338e+00
3049	1.090614e+00
3050	1.105051e+00
3051	1.118184e+00
3052	1.129133e+00
3053	1.137264e+00
3054	1.141751e+00
3055	1.141768e+00
3056	1.138789e+00
3057	1.132162e+00
3058	1.123911e+00
3059	1.112995e+00
3060	1.101682e+00
3061	1.088814e+00
3062	1.077972e+00
3063	1.067971e+00
3064	1.059823e+00
3065	1.055028e+00
3066	1.053901e+00
3067	1.056968e+00
3068	1.062183e+00
3069	1.072329e+00
3070	1.083463e+00
3071	1.094301e+00
3072	1.104161e+00
3073	1.113622e+00
3074	1.120486e+00
3075	1.125009e+00
3076	1.126091e+00
3077	1.125043e+00
3078	1.120988e+00
3079	1.113065e+00
3080	1.103252e+00
3081	1.093126e+00
3082	1.082331e+00
3083	1.071342e+00
3084	1.062985e+00
3085	1.058173e+00
3086	1.054871e+00
3087	1.055644e+00
3088	1.060637e+00
3089	1.067969e+00
3090	1.077058e+00
3091	1.087393e+00
3092	1.098358e+00
3093	1.109243e+00
3094	1.118113e+00
3095	1.124564e+00
3096	1.127924e+00
3097	1.129013e+00
3098	1.126621e+00
3099	1.122709e+00
3100	1.118898e+00
3101	1.113219e+00
3102	1.106309e+00
3103	1.099477e+00
3104	1.093116e+00
3105	1.086782e+00
3106	1.080011e+00
3107	1.076249e+00
3108	1.076512e+00
3109	1.079594e+00
3110	1.085561e+00
3111	1.092409e+00
3112	1.099739e+00
3113	1.105484e+00
3114	1.110254e+00
3115	1.114816e+00
3116	1.117072e+00
3117	1.117937e+00
3118	1.116348e+00
3119	1.113263e+00
3120	1.108610e+00
3121	1.101671e+00
3122	1.093714e+00
3123	1.085512e+00
3124	1.077247e+00
3125	1.070179e+00
3126	1.065131e+00
3127	1.061976e+00
3128	1.060581e+00
3129	1.062093e+00
3130	1.065967e+00
3131	1.071305e+00
3132	1.078401e+00
3133	1.086763e+00
3134	1.094261e+00
3135	1.100637e+00
3136	1.106807e+00
3137	1.112068e+00
3138	1.117039e+00
3139	1.119102e+00
3140	1.119680e+00
3141	1.118521e+00
3142	1.116354e+00
3143	1.111364e+00
3144	1.104040e+00
3145	1.095433e+00
3146	1.087241e+00
3147	1.079305e+00
3148	1.073986e+00
3149	1.069402e+00
3150	1.068373e+00
3151	1.069870e+00
3152	1.075683e+00
3153	1.084274e+00
3154	1.094785e+00
3155	1.106382e+00
3156	1.118115e+00
3157	1.130293e+00
3158	1.139741e+00
3159	1.146532e+00
3160	1.151197e+00
3161	1.152669e+00
3162	1.152180e+00
3163	1.146892e+00
3164	1.138262e+00
3165	1.128711e+00
3166	1.116773e+00
3167	1.104012e+00
3168	1.091482e+00
3169	1.080087e+00
3170	1.070704e+00
3171	1.066186e+00
3172	1.064284e+00
3173	1.065756e+00
3174	1.071100e+00
3175	1.077279e+00
3176	1.084751e+00
3177	1.092934e+00
3178	1.100049e+00
3179	1.106009e+00
3180	1.110636e+00
3181	1.113700e+00
3182	1.116039e+00
3183	1.117839e+00
3184	1.117652e+00
3185	1.115250e+00
3186	1.111349e+00
3187	1.107915e+00
3188	1.105799e+00
3189	1.105147e+00
3190	1.103726e+00
3191	1.101697e+00
3192	1.099406e+00
3193	1.098448e+00
3194	1.097031e+00
3195	1.097010e+00
3196	1.098081e+00
3197	1.099669e+00
3198	1.102550e+00
3199	1.105673e+00
3200	1.111414e+00
3201	1.116559e+00
3202	1.121686e+00
3203	1.125557e+00
3204	1.126974e+00
3205	1.125249e+00
3206	1.120942e+00
3207	1.115042e+00
3208	1.108692e+00
3209	1.103712e+00
3210	1.098026e+00
3211	1.093205e+00
3212	1.089812e+00
3213	1.086772e+00
3214	1.085208e+00
3215	1.084835e+00
3216	1.086043e+00
3217	1.088548e+00
3218	1.092271e+00
3219	1.094974e+00
3220	1.099342e+00
3221	1.103742e+00
3222	1.108591e+00
3223	1.112184e+00
3224	1.114501e+00
3225	1.113944e+00
3226	1.112429e+00
3227	1.108856e+00
3228	1.103262e+00
3229	1.096564e+00
3230	1.089096e+00
3231	1.082597e+00
3232	1.078841e+00
3233	1.075166e+00
3234	1.073367e+00
3235	1.072230e+00
3236	1.073403e+00
3237	1.075529e+00
3238	1.079843e+00
3239	1.087201e+00
3240	1.095309e+00
3241	1.105307e+00
3242	1.113362e+00
3243	1.120034e+00
3244	1.124224e+00
3245	1.126295e+00
3246	1.126600e+00
3247	1.126100e+00
3248	1.122258e+00
3249	1.115672e+00
3250	1.108142e+00
3251	1.099283e+00
3252	1.090615e+00
3253	1.081976e+00
3254	1.076253e+00
3255	1.073150e+00
3256	1.072759e+00
3257	1.075123e+00
3258	1.079012e+00
3259	1.085662e+00
3260	1.093799e+00
3261	1.101747e+00
3262	1.110799e+00
3263	1.120388e+00
3264	1.130837e+00
3265	1.138358e+00
3266	1.143840e+00
3267	1.144969e+00
3268	1.143992e+00
3269	1.139356e+00
3270	1.131239e+00
3271	1.122261e+00
3272	1.109739e+00
3273	1.095909e+00
3274	1.082356e+00
3275	1.071672e+00
3276	1.062657e+00
3277	1.058395e+00
3278	1.058467e+00
3279	1.062812e+00
3280	1.070413e+00
3281	1.080302e+00
3282	1.093077e+00
3283	1.105875e+00
3284	1.116982e+00
3285	1.127090e+00
3286	1.134700e+00
3287	1.140373e+00
3288	1.145178e+00
3289	1.146809e+00
3290	1.146822e+00
3291	1.144328e+00
3292	1.138270e+00
3293	1.128724e+00
3294	1.117700e+00
3295	1.106145e+00
3296	1.094500e+00
3297	1.084569e+00
3298	1.077545e+00
3299	1.071276e+00
3300	1.067548e+00
3301	1.066082e+00
3302	1.067450e+00
3303	1.071861e+00
3304	1.078381e+00
3305	1.087207e+00
3306	1.096418e+00
3307	1.104716e+00
3308	1.112530e+00
3309	1.117541e+00
3310	1.121179e+00
3311	1.123014e+00
3312	1.122411e+00
3313	1.119013e+00
3314	1.113599e+00
3315	1.107390e+00
3316	1.101933e+00
3317	1.097416e+00
3318	1.094824e+00
3319	1.092513e+00
3320	1.091078e+00
3321	1.090811e+00
3322	1.091775e+00
3323	1.095258e+00
3324	1.097418e+00
3325	1.099687e+00
3326	1.101365e+00
3327	1.103140e+00
3328	1.102802e+00
3329	1.101476e+00
3330	1.098635e+00
3331	1.097333e+00
3332	1.096949e+00
3333	1.097992e+00
3334	1.098230e+00
3335	1.100202e+00
3336	1.104466e+00
3337	1.108707e+00
3338	1.112354e+00
3339	1.115841e+00
3340	1.118287e+00
3341	1.120051e+00
3342	1.122100e+00
3343	1.123846e+00
3344	1.124414e+00
3345	1.123225e+00
3346	1.120887e+00
3347	1.116363e+00
3348	1.113293e+00
3349	1.109363e+00
3350	1.105970e+00
3351	1.101881e+00
3352	1.099034e+00
3353	1.097285e+00
3354	1.096370e+00
3355	1.094717e+00
3356	1.093754e+00
3357	1.093315e+00
3358	1.092495e+00
3359	1.090521e+00
3360	1.089206e+00
3361	1.087741e+00
3362	1.087627e+00
3363	1.089694e+00
3364	1.093852e+00
3365	1.098095e+00
3366	1.102184e+00
3367	1.106677e+00
3368	1.110112e+00
3369	1.112292e+00
3370	1.112811e+00
3371	1.111490e+00
3372	1.107844e+00
3373	1.104012e+00
3374	1.100663e+00
3375	1.098059e+00
3376	1.096153e+00
3377	1.095302e+00
3378	1.095753e+00
3379	1.096757e+00
3380	1.096620e+00
3381	1.098978e+00
3382	1.102493e+00
3383	1.104884e+00
3384	1.107508e+00
3385	1.109222e+00
3386	1.111018e+00
3387	1.112797e+00
3388	1.114626e+00
3389	1.114159e+00
3390	1.112238e+00
3391	1.108390e+00
3392	1.103257e+00
3393	1.097690e+00
3394	1.090780e+00
3395	1.085751e+00
3396	1.081497e+00
3397	1.078919e+00
3398	1.077095e+00
3399	1.074910e+00
3400	1.075428e+00
3401	1.077119e+00
3402	1.080673e+00
3403	1.086983e+00
3404	1.095444e+00
3405	1.103117e+00
3406	1.109765e+00
3407	1.116442e+00
3408	1.120821e+00
3409	1.122001e+00
3410	1.122519e+00
3411	1.121548e+00
3412	1.118834e+00
3413	1.114142e+00
3414	1.108349e+00
3415	1.100903e+00
3416	1.092608e+00
3417	1.085445e+00
3418	1.077862e+00
3419	1.070664e+00
3420	1.064540e+00
3421	1.061259e+00
3422	1.062153e+00
3423	1.064538e+00
3424	1.069285e+00
3425	1.076657e+00
3426	1.087814e+00
3427	1.099371e+00
3428	1.111401e+00
3429	1.121412e+00
3430	1.128580e+00
3431	1.131239e+00
3432	1.132011e+00
3433	1.129651e+00
3434	1.124784e+00
3435	1.117760e+00
3436	1.110278e+00
3437	1.102966e+00
3438	1.093448e+00
3439	1.083394e+00
3440	1.075954e+00
3441	1.069803e+00
3442	1.067164e+00
3443	1.066800e+00
3444	1.068330e+00
3445	1.072134e+00
3446	1.078501e+00
3447	1.088703e+00
3448	1.101140e+00
3449	1.114831e+00
3450	1.126292e+00
3451	1.135887e+00
3452	1.143290e+00
3453	1.147441e+00
3454	1.148328e+00
3455	1.143710e+00
3456	1.136310e+00
3457	1.125892e+00
3458	1.113260e+00
3459	1.099801e+00
3460	1.086584e+00
3461	1.073228e+00
3462	1.060823e+00
3463	1.050712e+00
3464	1.043962e+00
3465	1.041900e+00
3466	1.044037e+00
3467	1.051080e+00
3468	1.060552e+00
3469	1.073028e+00
3470	1.086979e+00
3471	1.100294e+00
3472	1.112979e+00
3473	1.124083e+00
3474	1.132788e+00
3475	1.138043e+00
3476	1.140032e+00
3477	1.137750e+00
3478	1.131546e+00
3479	1.122553e+00
3480	1.111213e+00
3481	1.095821e+00
3482	1.079648e+00
3483	1.064972e+00
3484	1.052232e+00
3485	1.041528e+00
3486	1.036304e+00
3487	1.035667e+00
3488	1.040966e+00
3489	1.052223e+00
3490	1.068286e+00
3491	1.088060e+00
3492	1.108308e+00
3493	1.126507e+00
3494	1.142024e+00
3495	1.153836e+00
3496	1.160362e+00
3497	1.161474e+00
3498	1.157212e+00
3499	1.147706e+00
3500	1.133310e+00
3501	1.115839e+00
3502	1.096370e+00
3503	1.079162e+00
3504	1.063170e+00
3505	1.048975e+00
3506	1.039090e+00
3507	1.034882e+00
3508	1.037050e+00
3509	1.042213e+00
3510	1.051931e+00
3511	1.067117e+00
3512	1.085969e+00
3513	1.105753e+00
3514	1.125415e+00
3515	1.143625e+00
3516	1.159081e+00
3517	1.171463e+00
3518	1.178544e+00
3519	1.181617e+00
3520	1.178196e+00
3521	1.168718e+00
3522	1.153134e+00
3523	1.133143e+00
3524	1.110593e+00
3525	1.086876e+00
3526	1.064133e+00
3527	1.043764e+00
3528	1.029101e+00
3529	1.020353e+00
3530	1.018895e+00
3531	1.025676e+00
3532	1.039473e+00
3533	1.059799e+00
3534	1.084045e+00
3535	1.109479e+00
3536	1.134803e+00
3537	1.157819e+00
3538	1.178032e+00
3539	1.193192e+00
3540	1.202407e+00
3541	1.205615e+00
3542	1.202980e+00
3543	1.196035e+00
3544	1.183687e+00
3545	1.167479e+00
3546	1.146236e+00
3547	1.122425e+00
3548	1.098693e+00
3549	1.075795e+00
3550	1.054487e+00
3551	1.036127e+00
3552	1.023336e+00
3553	1.015724e+00
3554	1.015163e+00
3555	1.022582e+00
3556	1.038090e+00
3557	1.059954e+00
3558	1.084574e+00
3559	1.111703e+00
3560	1.138050e+00
3561	1.162176e+00
3562	1.181001e+00
3563	1.193957e+00
3564	1.199213e+00
3565	1.199530e+00
3566	1.193469e+00
3567	1.183435e+00
3568	1.168346e+00
3569	1.149142e+00
3570	1.128023e+00
3571	1.104545e+00
3572	1.081740e+00
3573	1.060478e+00
3574	1.041102e+00
3575	1.026141e+00
3576	1.018140e+00
3577	1.017185e+00
3578	1.023364e+00
3579	1.037341e+00
3580	1.056612e+00
3581	1.079919e+00
3582	1.105486e+00
3583	1.129719e+00
3584	1.150644e+00
3585	1.168814e+00
3586	1.181033e+00
3587	1.188049e+00
3588	1.189322e+00
3589	1.185016e+00
3590	1.175811e+00
3591	1.161411e+00
3592	1.141847e+00
3593	1.118367e+00
3594	1.094470e+00
3595	1.071818e+00
3596	1.051672e+00
3597	1.034262e+00
3598	1.021920e+00
3599	1.016827e+00
3600	1.020375e+00
3601	1.030443e+00
3602	1.045528e+00
3603	1.064316e+00
3604	1.084923e+00
3605	1.106508e+00
3606	1.125700e+00
3607	1.142879e+00
3608	1.155984e+00
3609	1.165881e+00
3610	1.169137e+00
3611	1.168062e+00
3612	1.162355e+00
3613	1.151998e+00
3614	1.138034e+00
3615	1.120951e+00
3616	1.102590e+00
3617	1.083966e+00
3618	1.066086e+00
3619	1.051105e+00
3620	1.043095e+00
3621	1.039299e+00
3622	1.042431e+00
3623	1.052235e+00
3624	1.067507e+00
3625	1.085419e+00
3626	1.104725e+00
3627	1.123523e+00
3628	1.141054e+00
3629	1.154859e+00
3630	1.165483e+00
3631	1.172962e+00
3632	1.175762e+00
3633	1.174041e+00
3634	1.167629e+00
3635	1.157261e+00
3636	1.142020e+00
3637	1.122920e+00
3638	1.101183e+00
3639	1.079886e+00
3640	1.061844e+00
3641	1.047205e+00
3642	1.037760e+00
3643	1.033666e+00
3644	1.035674e+00
3645	1.045470e+00
3646	1.058692e+00
3647	1.076267e+00
3648	1.095845e+00
3649	1.116374e+00
3650	1.135455e+00
3651	1.152291e+00
3652	1.164887e+00
3653	1.172875e+00
3654	1.175640e+00
3655	1.172128e+00
3656	1.162671e+00
3657	1.148959e+00
3658	1.132544e+00
3659	1.113699e+00
3660	1.094672e+00
3661	1.075020e+00
3662	1.056777e+00
3663	1.043679e+00
3664	1.036463e+00
3665	1.036617e+00
3666	1.043812e+00
3667	1.056700e+00
3668	1.074595e+00
3669	1.095332e+00
3670	1.116973e+00
3671	1.135815e+00
3672	1.152823e+00
3673	1.166541e+00
3674	1.176157e+00
3675	1.181416e+00
3676	1.181138e+00
3677	1.176643e+00
3678	1.166345e+00
3679	1.153291e+00
3680	1.138514e+00
3681	1.121359e+00
3682	1.103758e+00
3683	1.085425e+00
3684	1.069032e+00
3685	1.057922e+00
3686	1.049396e+00
3687	1.045472e+00
3688	1.046306e+00
3689	1.054159e+00
3690	1.066680e+00
3691	1.082075e+00
3692	1.098239e+00
3693	1.115882e+00
3694	1.131948e+00
3695	1.145773e+00
3696	1.157743e+00
3697	1.166102e+00
3698	1.169808e+00
3699	1.169623e+00
3700	1.164938e+00
3701	1.154899e+00
3702	1.141693e+00
3703	1.126503e+00
3704	1.109264e+00
3705	1.091077e+00
3706	1.075095e+00
3707	1.061732e+00
3708	1.050890e+00
3709	1.044310e+00
3710	1.043089e+00
3711	1.047305e+00
3712	1.056390e+00
3713	1.070298e+00
3714	1.085454e+00
3715	1.101852e+00
3716	1.118651e+00
3717	1.133581e+00
3718	1.147135e+00
3719	1.157600e+00
3720	1.165823e+00
3721	1.171711e+00
3722	1.173931e+00
3723	1.172658e+00
3724	1.166181e+00
3725	1.156141e+00
3726	1.142953e+00
3727	1.127176e+00
3728	1.110594e+00
3729	1.094110e+00
3730	1.077469e+00
3731	1.063351e+00
3732	1.052138e+00
3733	1.045688e+00
3734	1.044714e+00
3735	1.048786e+00
3736	1.057209e+00
3737	1.068809e+00
3738	1.082414e+00
3739	1.097504e+00
3740	1.113053e+00
3741	1.128348e+00
3742	1.142381e+00
3743	1.154165e+00
3744	1.161821e+00
3745	1.166765e+00
3746	1.166424e+00
3747	1.162365e+00
3748	1.156409e+00
3749	1.148164e+00
3750	1.137755e+00
3751	1.127033e+00
3752	1.114260e+00
3753	1.099884e+00
3754	1.086970e+00
3755	1.075267e+00
3756	1.068007e+00
3757	1.065298e+00
3758	1.065846e+00
3759	1.069312e+00
3760	1.075540e+00
3761	1.083911e+00
3762	1.093878e+00
3763	1.104116e+00
3764	1.114828e+00
3765	1.125291e+00
3766	1.135008e+00
3767	1.143425e+00
3768	1.150428e+00
3769	1.153072e+00
3770	1.152749e+00
3771	1.149569e+00
3772	1.143786e+00
3773	1.136042e+00
3774	1.127147e+00
3775	1.115613e+00
3776	1.103025e+00
3777	1.090826e+00
3778	1.078924e+00
3779	1.069664e+00
3780	1.064414e+00
3781	1.063278e+00
3782	1.066283e+00
3783	1.071078e+00
3784	1.078823e+00
3785	1.088797e+00
3786	1.100963e+00
3787	1.113950e+00
3788	1.125523e+00
3789	1.135771e+00
3790	1.145597e+00
3791	1.152697e+00
3792	1.154568e+00
3793	1.153303e+00
3794	1.148135e+00
3795	1.139720e+00
3796	1.129155e+00
3797	1.118259e+00
3798	1.106040e+00
3799	1.093469e+00
3800	1.081111e+00
3801	1.071317e+00
3802	1.063144e+00
3803	1.057803e+00
3804	1.056705e+00
3805	1.060135e+00
3806	1.066940e+00
3807	1.078577e+00
3808	1.091371e+00
3809	1.105955e+00
3810	1.119449e+00
3811	1.132226e+00
3812	1.142868e+00
3813	1.151572e+00
3814	1.155439e+00
3815	1.154011e+00
3816	1.148918e+00
3817	1.141121e+00
3818	1.130155e+00
3819	1.117712e+00
3820	1.103508e+00
3821	1.089735e+00
3822	1.076854e+00
3823	1.066719e+00
3824	1.057663e+00
3825	1.052171e+00
3826	1.050159e+00
3827	1.051750e+00
3828	1.056042e+00
3829	1.065312e+00
3830	1.077332e+00
3831	1.093071e+00
3832	1.108402e+00
3833	1.121309e+00
3834	1.132459e+00
3835	1.142838e+00
3836	1.149429e+00
3837	1.153136e+00
3838	1.152977e+00
3839	1.148238e+00
3840	1.141390e+00
3841	1.131240e+00
3842	1.119390e+00
3843	1.106188e+00
3844	1.092950e+00
3845	1.081311e+00
3846	1.071663e+00
3847	1.065156e+00
3848	1.063432e+00
3849	1.066441e+00
3850	1.073173e+00
3851	1.082625e+00
3852	1.092864e+00
3853	1.103135e+00
3854	1.113929e+00
3855	1.122733e+00
3856	1.130748e+00
3857	1.137013e+00
3858	1.140775e+00
3859	1.143478e+00
3860	1.142741e+00
3861	1.138954e+00
3862	1.133601e+00
3863	1.125437e+00
3864	1.116206e+00
3865	1.105926e+00
3866	1.095941e+00
3867	1.088958e+00
3868	1.083302e+00
3869	1.079671e+00
3870	1.078441e+00
3871	1.079059e+00
3872	1.081523e+00
3873	1.085214e+00
3874	1.089042e+00
3875	1.094847e+00
3876	1.102549e+00
3877	1.111280e+00
3878	1.118941e+00
3879	1.125726e+00
3880	1.130469e+00
3881	1.133268e+00
3882	1.134007e+00
3883	1.132210e+00
3884	1.128358e+00
3885	1.122598e+00
3886	1.115735e+00
3887	1.105405e+00
3888	1.094208e+00
3889	1.083248e+00
3890	1.074334e+00
3891	1.067270e+00
3892	1.063634e+00
3893	1.063089e+00
3894	1.065983e+00
3895	1.071363e+00
3896	1.078663e+00
3897	1.088369e+00
3898	1.097752e+00
3899	1.106318e+00
3900	1.113591e+00
3901	1.119434e+00
3902	1.122049e+00
3903	1.121462e+00
3904	1.117968e+00
3905	1.111767e+00
3906	1.106140e+00
3907	1.101013e+00
3908	1.097161e+00
3909	1.093266e+00
3910	1.089944e+00
3911	1.087435e+00
3912	1.085174e+00
3913	1.086620e+00
3914	1.088578e+00
3915	1.091277e+00
3916	1.094271e+00
3917	1.096708e+00
3918	1.098906e+00
3919	1.099605e+00
3920	1.099560e+00
3921	1.098428e+00
3922	1.095768e+00
3923	1.093386e+00
3924	1.091863e+00
3925	1.090551e+00
3926	1.088763e+00
3927	1.087838e+00
3928	1.088725e+00
3929	1.091525e+00
3930	1.094935e+00
3931	1.099386e+00
3932	1.106694e+00
3933	1.112843e+00
3934	1.119759e+00
3935	1.124261e+00
3936	1.126337e+00
3937	1.124800e+00
3938	1.121635e+00
3939	1.117376e+00
3940	1.111573e+00
3941	1.104434e+00
3942	1.096253e+00
3943	1.087870e+00
3944	1.081171e+00
3945	1.077222e+00
3946	1.076445e+00
3947	1.077428e+00
3948	1.080681e+00
3949	1.085192e+00
3950	1.090023e+00
3951	1.097612e+00
3952	1.105443e+00
3953	1.113963e+00
3954	1.123394e+00
3955	1.132828e+00
3956	1.142115e+00
3957	1.148037e+00
3958	1.150915e+00
3959	1.151905e+00
3960	1.150335e+00
3961	1.145600e+00
3962	1.137523e+00
3963	1.126100e+00
3964	1.112388e+00
3965	1.096676e+00
3966	1.081082e+00
3967	1.067987e+00
3968	1.058376e+00
3969	1.053916e+00
3970	1.053117e+00
3971	1.057566e+00
3972	1.066954e+00
3973	1.078739e+00
3974	1.092070e+00
3975	1.105854e+00
3976	1.119501e+00
3977	1.131013e+00
3978	1.138646e+00
3979	1.143082e+00
3980	1.143141e+00
3981	1.140480e+00
3982	1.134349e+00
3983	1.124946e+00
3984	1.114672e+00
3985	1.104013e+00
3986	1.093540e+00
3987	1.083408e+00
3988	1.074752e+00
3989	1.066701e+00
3990	1.061043e+00
3991	1.057240e+00
3992	1.056893e+00
3993	1.059788e+00
3994	1.065681e+00
3995	1.074899e+00
3996	1.087131e+00
3997	1.100756e+00
3998	1.113849e+00
3999	1.125609e+00
4000	1.134554e+00
4001	1.140040e+00
4002	1.141807e+00
4003	1.140032e+00
4004	1.134844e+00
4005	1.125643e+00
4006	1.112659e+00
4007	1.097212e+00
4008	1.082511e+00
4009	1.070021e+00
4010	1.060042e+00
4011	1.054195e+00
4012	1.052624e+00
4013	1.055034e+00
4014	1.061204e+00
4015	1.068663e+00
4016	1.077716e+00
4017	1.089544e+00
4018	1.101692e+00
4019	1.112282e+00
4020	1.121276e+00
4021	1.127260e+00
4022	1.131585e+00
4023	1.134197e+00
4024	1.134119e+00
4025	1.130195e+00
4026	1.123139e+00
4027	1.114261e+00
4028	1.104379e+00
4029	1.093763e+00
4030	1.084796e+00
4031	1.077491e+00
4032	1.072366e+00
4033	1.068856e+00
4034	1.067490e+00
4035	1.068165e+00
4036	1.071170e+00
4037	1.076218e+00
4038	1.084218e+00
4039	1.094274e+00
4040	1.105285e+00
4041	1.115455e+00
4042	1.123623e+00
4043	1.130168e+00
4044	1.134059e+00
4045	1.134386e+00
4046	1.132743e+00
4047	1.128682e+00
4048	1.122691e+00
4049	1.115723e+00
4050	1.107668e+00
4051	1.099671e+00
4052	1.094117e+00
4053	1.089431e+00
4054	1.084754e+00
4055	1.082326e+00
4056	1.080366e+00
4057	1.080756e+00
4058	1.083072e+00
4059	1.086550e+00
4060	1.091551e+00
4061	1.097978e+00
4062	1.104249e+00
4063	1.108981e+00
4064	1.113949e+00
4065	1.118397e+00
4066	1.122161e+00
4067	1.124198e+00
4068	1.125078e+00
4069	1.125223e+00
4070	1.123035e+00
4071	1.119054e+00
4072	1.114553e+00
4073	1.109505e+00
4074	1.104517e+00
4075	1.100439e+00
4076	1.095375e+00
4077	1.091248e+00
4078	1.088120e+00
4079	1.087772e+00
4080	1.087812e+00
4081	1.090267e+00
4082	1.091910e+00
4083	1.093421e+00
4084	1.094530e+00
4085	1.096724e+00
4086	1.097524e+00
4087	1.099738e+00
4088	1.101128e+00
4089	1.102701e+00
4090	1.103055e+00
4091	1.102921e+00
4092	1.103895e+00
4093	1.105167e+00
4094	1.105410e+00
4095	1.104818e+00
4096	1.104552e+00
4097	1.104699e+00
4098	1.104409e+00
4099	1.103779e+00
4100	1.102123e+00
4101	1.099362e+00
4102	1.097096e+00
4103	1.094760e+00
4104	1.092225e+00
4105	1.089726e+00
4106	1.088667e+00
4107	1.086956e+00
4108	1.083975e+00
4109	1.082052e+00
4110	1.081525e+00
4111	1.081758e+00
4112	1.084115e+00
4113	1.087570e+00
4114	1.092747e+00
4115	1.098714e+00
4116	1.105150e+00
4117	1.110521e+00
4118	1.114174e+00
4119	1.117331e+00
4120	1.119340e+00
4121	1.117965e+00
4122	1.115722e+00
4123	1.111785e+00
4124	1.106860e+00
4125	1.101360e+00
4126	1.095977e+00
4127	1.089601e+00
4128	1.085710e+00
4129	1.081549e+00
4130	1.079104e+00
4131	1.078672e+00
4132	1.078992e+00
4133	1.079797e+00
4134	1.082402e+00
4135	1.085885e+00
4136	1.090912e+00
4137	1.095904e+00
4138	1.101454e+00
4139	1.106876e+00
4140	1.110769e+00
4141	1.114595e+00
4142	1.116840e+00
4143	1.118111e+00
4144	1.118513e+00
4145	1.117660e+00
4146	1.113018e+00
4147	1.108207e+00
4148	1.104073e+00
4149	1.099307e+00
4150	1.093995e+00
4151	1.090081e+00
4152	1.085999e+00
4153	1.082178e+00
4154	1.079126e+00
4155	1.077365e+00
4156	1.078554e+00
4157	1.080267e+00
4158	1.083224e+00
4159	1.088423e+00
4160	1.095288e+00
4161	1.102863e+00
4162	1.110991e+00
4163	1.118626e+00
4164	1.124251e+00
4165	1.129036e+00
4166	1.130728e+00
4167	1.131016e+00
4168	1.130182e+00
4169	1.127448e+00
4170	1.122720e+00
4171	1.116423e+00
4172	1.108555e+00
4173	1.099493e+00
4174	1.090524e+00
4175	1.079878e+00
4176	1.069871e+00
4177	1.060770e+00
4178	1.055953e+00
4179	1.055166e+00
4180	1.057271e+00
4181	1.062041e+00
4182	1.069222e+00
4183	1.079455e+00
4184	1.090978e+00
4185	1.102087e+00
4186	1.114197e+00
4187	1.123896e+00
4188	1.131532e+00
4189	1.135093e+00
4190	1.135157e+00
4191	1.129969e+00
4192	1.121351e+00
4193	1.111658e+00
4194	1.101766e+00
4195	1.091002e+00
4196	1.080410e+00
4197	1.071164e+00
4198	1.064438e+00
4199	1.058484e+00
4200	1.056369e+00
4201	1.056258e+00
4202	1.059836e+00
4203	1.067127e+00
4204	1.077217e+00
4205	1.089087e+00
4206	1.101685e+00
4207	1.113387e+00
4208	1.123396e+00
4209	1.130090e+00
4210	1.133593e+00
4211	1.133877e+00
4212	1.131610e+00
4213	1.127218e+00
4214	1.119634e+00
4215	1.109037e+00
4216	1.097775e+00
4217	1.083968e+00
4218	1.071270e+00
4219	1.061657e+00
4220	1.053889e+00
4221	1.051044e+00
4222	1.052169e+00
4223	1.057909e+00
4224	1.067278e+00
4225	1.079949e+00
4226	1.093622e+00
4227	1.109254e+00
4228	1.124668e+00
4229	1.138449e+00
4230	1.149107e+00
4231	1.155300e+00
4232	1.157175e+00
4233	1.154818e+00
4234	1.146579e+00
4235	1.134293e+00
4236	1.118915e+00
4237	1.103255e+00
4238	1.085970e+00
4239	1.068228e+00
4240	1.052962e+00
4241	1.042317e+00
4242	1.037235e+00
4243	1.037161e+00
4244	1.042700e+00
4245	1.052809e+00
4246	1.068140e+00
4247	1.084952e+00
4248	1.102609e+00
4249	1.122628e+00
4250	1.140977e+00
4251	1.154460e+00
4252	1.163559e+00
4253	1.168344e+00
4254	1.167992e+00
4255	1.163038e+00
4256	1.154352e+00
4257	1.140927e+00
4258	1.123836e+00
4259	1.104092e+00
4260	1.083408e+00
4261	1.064171e+00
4262	1.046990e+00
4263	1.035498e+00
4264	1.028860e+00
4265	1.027264e+00
4266	1.032023e+00
4267	1.042125e+00
4268	1.056578e+00
4269	1.072590e+00
4270	1.090613e+00
4271	1.109185e+00
4272	1.127609e+00
4273	1.144529e+00
4274	1.157177e+00
4275	1.164671e+00
4276	1.165868e+00
4277	1.161856e+00
4278	1.152699e+00
4279	1.139545e+00
4280	1.123953e+00
4281	1.106793e+00
4282	1.089409e+00
4283	1.073118e+00
4284	1.058605e+00
4285	1.047605e+00
4286	1.041072e+00
4287	1.040013e+00
4288	1.044795e+00
4289	1.054699e+00
4290	1.068243e+00
4291	1.083640e+00
4292	1.100884e+00
4293	1.117357e+00
4294	1.131471e+00
4295	1.143584e+00
4296	1.151132e+00
4297	1.153793e+00
4298	1.152594e+00
4299	1.146342e+00
4300	1.137004e+00
4301	1.124214e+00
4302	1.108483e+00
4303	1.091386e+00
4304	1.074362e+00
4305	1.059227e+00
4306	1.049223e+00
4307	1.043955e+00
4308	1.044316e+00
4309	1.050718e+00
4310	1.061472e+00
4311	1.076045e+00
4312	1.093161e+00
4313	1.112051e+00
4314	1.128398e+00
4315	1.140258e+00
4316	1.149123e+00
4317	1.152979e+00
4318	1.151577e+00
4319	1.145468e+00
4320	1.135699e+00
4321	1.122802e+00
4322	1.109064e+00
4323	1.094497e+00
4324	1.079825e+00
4325	1.066479e+00
4326	1.056316e+00
4327	1.048974e+00
4328	1.045044e+00
4329	1.045848e+00
4330	1.051902e+00
4331	1.061382e+00
4332	1.073355e+00
4333	1.087148e+00
4334	1.102909e+00
4335	1.119309e+00
4336	1.133861e+00
4337	1.146264e+00
4338	1.155929e+00
4339	1.162354e+00
4340	1.163328e+00
4341	1.160855e+00
4342	1.154724e+00
4343	1.144842e+00
4344	1.132580e+00
4345	1.118108e+00
4346	1.102705e+00
4347	1.087551e+00
4348	1.073178e+00
4349	1.061326e+00
4350	1.052030e+00
4351	1.046490e+00
4352	1.045885e+00
4353	1.051099e+00
4354	1.059905e+00
4355	1.071888e+00
4356	1.087170e+00
4357	1.102305e+00
4358	1.116931e+00
4359	1.131014e+00
4360	1.144454e+00
4361	1.154422e+00
4362	1.160588e+00
4363	1.162662e+00
4364	1.159287e+00
4365	1.150718e+00
4366	1.137809e+00
4367	1.121869e+00
4368	1.105185e+00
4369	1.089598e+00
4370	1.075526e+00
4371	1.063574e+00
4372	1.054369e+00
4373	1.046018e+00
4374	1.041271e+00
4375	1.043197e+00
4376	1.050383e+00
4377	1.061423e+00
4378	1.075376e+00
4379	1.090599e+00
4380	1.104041e+00
4381	1.117543e+00
4382	1.129453e+00
4383	1.139102e+00
4384	1.145829e+00
4385	1.149222e+00
4386	1.148484e+00
4387	1.143734e+00
4388	1.135742e+00
4389	1.125413e+00
4390	1.114230e+00
4391	1.100479e+00
4392	1.086321e+00
4393	1.073942e+00
4394	1.064487e+00
4395	1.058264e+00
4396	1.056174e+00
4397	1.058347e+00
4398	1.063554e+00
4399	1.071381e+00
4400	1.082906e+00
4401	1.095820e+00
4402	1.109181e+00
4403	1.121782e+00
4404	1.132729e+00
4405	1.142297e+00
4406	1.147378e+00
4407	1.149512e+00
4408	1.148236e+00
4409	1.142968e+00
4410	1.134559e+00
4411	1.122093e+00
4412	1.108219e+00
4413	1.094081e+00
4414	1.080540e+00
4415	1.067904e+00
4416	1.058169e+00
4417	1.053013e+00
4418	1.052715e+00
4419	1.055915e+00
4420	1.062787e+00
4421	1.072823e+00
4422	1.085478e+00
4423	1.099308e+00
4424	1.113518e+00
4425	1.125978e+00
4426	1.136696e+00
4427	1.143205e+00
4428	1.146822e+00
4429	1.146310e+00
4430	1.141651e+00
4431	1.133504e+00
4432	1.122280e+00
4433	1.107725e+00
4434	1.092766e+00
4435	1.079603e+00
4436	1.069070e+00
4437	1.061575e+00
4438	1.058601e+00
4439	1.060039e+00
4440	1.065720e+00
4441	1.073019e+00
4442	1.083958e+00
4443	1.095495e+00
4444	1.107835e+00
4445	1.119358e+00
4446	1.128906e+00
4447	1.134941e+00
4448	1.136964e+00
4449	1.135963e+00
4450	1.131019e+00
4451	1.121648e+00
4452	1.110964e+00
4453	1.099261e+00
4454	1.088838e+00
4455	1.078376e+00
4456	1.070013e+00
4457	1.064083e+00
4458	1.061541e+00
4459	1.064172e+00
4460	1.070239e+00
4461	1.077397e+00
4462	1.087185e+00
4463	1.096960e+00
4464	1.106147e+00
4465	1.112566e+00
4466	1.117279e+00
4467	1.120951e+00
4468	1.122224e+00
4469	1.121201e+00
4470	1.118138e+00
4471	1.113095e+00
4472	1.107004e+00
4473	1.099652e+00
4474	1.091917e+00
4475	1.083245e+00
4476	1.076208e+00
4477	1.070020e+00
4478	1.068047e+00
4479	1.069609e+00
4480	1.072449e+00
4481	1.079681e+00
4482	1.088811e+00
4483	1.098696e+00
4484	1.106566e+00
4485	1.114500e+00
4486	1.122760e+00
4487	1.128869e+00
4488	1.133419e+00
4489	1.135083e+00
4490	1.134961e+00
4491	1.134248e+00
4492	1.130667e+00
4493	1.123980e+00
4494	1.115719e+00
4495	1.104521e+00
4496	1.090906e+00
4497	1.077535e+00
4498	1.064465e+00
4499	1.052921e+00
4500	1.046009e+00
4501	1.043563e+00
4502	1.045594e+00
4503	1.051998e+00
4504	1.060486e+00
4505	1.072010e+00
4506	1.085763e+00
4507	1.099460e+00
4508	1.112813e+00
4509	1.124006e+00
4510	1.132866e+00
4511	1.139931e+00
4512	1.143811e+00
4513	1.143642e+00
4514	1.140265e+00
4515	1.132869e+00
4516	1.123950e+00
4517	1.112574e+00
4518	1.100300e+00
4519	1.088844e+00
4520	1.077953e+00
4521	1.069235e+00
4522	1.063882e+00
4523	1.063067e+00
4524	1.064370e+00
4525	1.068836e+00
4526	1.075848e+00
4527	1.084504e+00
4528	1.094128e+00
4529	1.105348e+00
4530	1.115352e+00
4531	1.124605e+00
4532	1.131099e+00
4533	1.134290e+00
4534	1.135068e+00
4535	1.132189e+00
4536	1.126645e+00
4537	1.118687e+00
4538	1.107312e+00
4539	1.095289e+00
4540	1.083217e+00
4541	1.071419e+00
4542	1.060673e+00
4543	1.052997e+00
4544	1.048689e+00
4545	1.047767e+00
4546	1.051057e+00
4547	1.057431e+00
4548	1.067902e+00
4549	1.078971e+00
4550	1.090786e+00
4551	1.104040e+00
4552	1.115262e+00
4553	1.124515e+00
4554	1.129594e+00
4555	1.131249e+00
4556	1.129688e+00
4557	1.125999e+00
4558	1.120519e+00
4559	1.112705e+00
4560	1.102436e+00
4561	1.090451e+00
4562	1.078295e+00
4563	1.067910e+00
4564	1.058324e+00
4565	1.051126e+00
4566	1.046585e+00
4567	1.047047e+00
4568	1.052228e+00
4569	1.059820e+00
4570	1.071783e+00
4571	1.084575e+00
4572	1.099974e+00
4573	1.115597e+00
4574	1.129697e+00
4575	1.142391e+00
4576	1.151891e+00
4577	1.156723e+00
4578	1.155732e+00
4579	1.151310e+00
4580	1.143566e+00
4581	1.131747e+00
4582	1.116454e+00
4583	1.098809e+00
4584	1.081237e+00
4585	1.065431e+00
4586	1.054177e+00
4587	1.048158e+00
4588	1.047157e+00
4589	1.051507e+00
4590	1.059974e+00
4591	1.071928e+00
4592	1.086086e+00
4593	1.102818e+00
4594	1.118103e+00
4595	1.130144e+00
4596	1.140863e+00
4597	1.146695e+00
4598	1.148334e+00
4599	1.144678e+00
4600	1.136072e+00
4601	1.124390e+00
4602	1.109333e+00
4603	1.092461e+00
4604	1.074033e+00
4605	1.057406e+00
4606	1.044521e+00
4607	1.035599e+00
4608	1.032207e+00
4609	1.034129e+00
4610	1.040147e+00
4611	1.052089e+00
4612	1.067796e+00
4613	1.086598e+00
4614	1.105632e+00
4615	1.123022e+00
4616	1.137864e+00
4617	1.150254e+00
4618	1.159571e+00
4619	1.165220e+00
4620	1.166260e+00
4621	1.161114e+00
4622	1.150263e+00
4623	1.135958e+00
4624	1.118436e+00
4625	1.099274e+00
4626	1.080689e+00
4627	1.064571e+00
4628	1.050285e+00
4629	1.040480e+00
4630	1.036504e+00
4631	1.036972e+00
4632	1.041742e+00
4633	1.049789e+00
4634	1.060286e+00
4635	1.075684e+00
4636	1.093281e+00
4637	1.110912e+00
4638	1.126464e+00
4639	1.139354e+00
4640	1.148612e+00
4641	1.154557e+00
4642	1.155705e+00
4643	1.153068e+00
4644	1.146431e+00
4645	1.136518e+00
4646	1.122460e+00
4647	1.105904e+00
4648	1.088466e+00
4649	1.070712e+00
4650	1.055353e+00
4651	1.042469e+00
4652	1.035098e+00
4653	1.032592e+00
4654	1.035361e+00
4655	1.041989e+00
4656	1.054576e+00
4657	1.069488e+00
4658	1.085171e+00
4659	1.100185e+00
4660	1.115216e+00
4661	1.129109e+00
4662	1.139936e+00
4663	1.145703e+00
4664	1.146412e+00
4665	1.142477e+00
4666	1.134707e+00
4667	1.124475e+00
4668	1.111084e+00
4669	1.095677e+00
4670	1.080455e+00
4671	1.065783e+00
4672	1.055574e+00
4673	1.048936e+00
4674	1.046383e+00
4675	1.048668e+00
4676	1.056411e+00
4677	1.068145e+00
4678	1.082132e+00
4679	1.098323e+00
4680	1.113428e+00
4681	1.127326e+00
4682	1.138888e+00
4683	1.146617e+00
4684	1.149599e+00
4685	1.148879e+00
4686	1.144776e+00
4687	1.137490e+00
4688	1.127340e+00
4689	1.116244e+00
4690	1.103911e+00
4691	1.089496e+00
4692	1.076108e+00
4693	1.063903e+00
4694	1.053678e+00
4695	1.047538e+00
4696	1.043754e+00
4697	1.044306e+00
4698	1.049373e+00
4699	1.057726e+00
4700	1.069858e+00
4701	1.082798e+00
4702	1.096527e+00
4703	1.108778e+00
4704	1.119309e+00
4705	1.128306e+00
4706	1.134514e+00
4707	1.136728e+00
4708	1.134553e+00
4709	1.128588e+00
4710	1.119054e+00
4711	1.107431e+00
4712	1.095134e+00
4713	1.081632e+00
4714	1.068487e+00
4715	1.057812e+00
4716	1.051108e+00
4717	1.049233e+00
4718	1.051053e+00
4719	1.056257e+00
4720	1.064331e+00
4721	1.073750e+00
4722	1.086469e+00
4723	1.099530e+00
4724	1.113014e+00
4725	1.126454e+00
4726	1.135219e+00
4727	1.140989e+00
4728	1.143256e+00
4729	1.142121e+00
4730	1.137238e+00
4731	1.129874e+00
4732	1.120491e+00
4733	1.110000e+00
4734	1.098792e+00
4735	1.087390e+00
4736	1.077092e+00
4737	1.067034e+00
4738	1.057378e+00
4739	1.051262e+00
4740	1.048870e+00
4741	1.051212e+00
4742	1.055322e+00
4743	1.062513e+00
4744	1.071935e+00
4745	1.083655e+00
4746	1.096694e+00
4747	1.107876e+00
4748	1.117699e+00
4749	1.125484e+00
4750	1.130535e+00
4751	1.132831e+00
4752	1.130685e+00
4753	1.127362e+00
4754	1.123048e+00
4755	1.115588e+00
4756	1.109082e+00
4757	1.103161e+00
4758	1.095956e+00
4759	1.088455e+00
4760	1.081597e+00
4761	1.074337e+00
4762	1.067841e+00
4763	1.064060e+00
4764	1.061734e+00
4765	1.061497e+00
4766	1.064691e+00
4767	1.070874e+00
4768	1.079467e+00
4769	1.089503e+00
4770	1.100391e+00
4771	1.111097e+00
4772	1.121332e+00
4773	1.130596e+00
4774	1.136380e+00
4775	1.137725e+00
4776	1.135548e+00
4777	1.130351e+00
4778	1.123267e+00
4779	1.113189e+00
4780	1.102059e+00
4781	1.089534e+00
4782	1.077786e+00
4783	1.067413e+00
4784	1.058935e+00
4785	1.055139e+00
4786	1.054728e+00
4787	1.058057e+00
4788	1.064762e+00
4789	1.073505e+00
4790	1.084476e+00
4791	1.096532e+00
4792	1.106817e+00
4793	1.117119e+00
4794	1.125857e+00
4795	1.132529e+00
4796	1.135953e+00
4797	1.137049e+00
4798	1.135192e+00
4799	1.130327e+00
4800	1.121517e+00
4801	1.109289e+00
4802	1.097536e+00
4803	1.085241e+00
4804	1.074699e+00
4805	1.065860e+00
4806	1.059235e+00
4807	1.054948e+00
4808	1.053421e+00
4809	1.054693e+00
4810	1.060134e+00
4811	1.067133e+00
4812	1.076948e+00
4813	1.088502e+00
4814	1.100719e+00
4815	1.111766e+00
4816	1.119839e+00
4817	1.124987e+00
4818	1.128927e+00
4819	1.131107e+00
4820	1.131120e+00
4821	1.129145e+00
4822	1.124657e+00
4823	1.118019e+00
4824	1.109510e+00
4825	1.100660e+00
4826	1.091972e+00
4827	1.086527e+00
4828	1.081957e+00
4829	1.078175e+00
4830	1.075947e+00
4831	1.076492e+00
4832	1.078745e+00
4833	1.081647e+00
4834	1.087092e+00
4835	1.093146e+00
4836	1.099020e+00
4837	1.103555e+00
4838	1.106697e+00
4839	1.108398e+00
4840	1.109688e+00
4841	1.111210e+00
4842	1.111008e+00
4843	1.109109e+00
4844	1.105323e+00
4845	1.100713e+00
4846	1.094956e+00
4847	1.088624e+00
4848	1.082275e+00
4849	1.076781e+00
4850	1.073391e+00
4851	1.072995e+00
4852	1.074342e+00
4853	1.077688e+00
4854	1.081795e+00
4855	1.089157e+00
4856	1.096170e+00
4857	1.102940e+00
4858	1.108939e+00
4859	1.112394e+00
4860	1.112636e+00
4861	1.111253e+00
4862	1.108937e+00
4863	1.105147e+00
4864	1.100610e+00
4865	1.095250e+00
4866	1.089320e+00
4867	1.085093e+00
4868	1.080924e+00
4869	1.077498e+00
4870	1.076025e+00
4871	1.076029e+00
4872	1.076252e+00
4873	1.079350e+00
4874	1.082810e+00
4875	1.087811e+00
4876	1.093654e+00
4877	1.098936e+00
4878	1.102796e+00
4879	1.105233e+00
4880	1.106784e+00
4881	1.107269e+00
4882	1.107512e+00
4883	1.108108e+00
4884	1.108930e+00
4885	1.108768e+00
4886	1.107524e+00
4887	1.104961e+00
4888	1.098852e+00
4889	1.092243e+00
4890	1.085030e+00
4891	1.078444e+00
4892	1.074234e+00
4893	1.072170e+00
4894	1.073272e+00
4895	1.076176e+00
4896	1.081513e+00
4897	1.087668e+00
4898	1.095990e+00
4899	1.105048e+00
4900	1.113033e+00
4901	1.119987e+00
4902	1.124562e+00
4903	1.127162e+00
4904	1.126610e+00
4905	1.121896e+00
4906	1.115200e+00
4907	1.106867e+00
4908	1.098474e+00
4909	1.089782e+00
4910	1.080816e+00
4911	1.071917e+00
4912	1.065469e+00
4913	1.060634e+00
4914	1.059714e+00
4915	1.062339e+00
4916	1.069401e+00
4917	1.077545e+00
4918	1.087330e+00
4919	1.095722e+00
4920	1.102537e+00
4921	1.107423e+00
4922	1.111429e+00
4923	1.113448e+00
4924	1.114872e+00
4925	1.113776e+00
4926	1.111087e+00
4927	1.107283e+00
4928	1.101061e+00
4929	1.094878e+00
4930	1.089639e+00
4931	1.084798e+00
4932	1.079823e+00
4933	1.075547e+00
4934	1.073468e+00
4935	1.072352e+00
4936	1.072968e+00
4937	1.074569e+00
4938	1.077187e+00
4939	1.081074e+00
4940	1.086036e+00
4941	1.092574e+00
4942	1.099064e+00
4943	1.105537e+00
4944	1.110836e+00
4945	1.111837e+00
4946	1.110841e+00
4947	1.107795e+00
4948	1.104218e+00
4949	1.099617e+00
4950	1.093809e+00
4951	1.088098e+00
4952	1.082338e+00
4953	1.077732e+00
4954	1.074620e+00
4955	1.073314e+00
4956	1.073466e+00
4957	1.075230e+00
4958	1.078097e+00
4959	1.082893e+00
4960	1.088934e+00
4961	1.096856e+00
4962	1.104997e+00
4963	1.111600e+00
4964	1.116687e+00
4965	1.120676e+00
4966	1.121992e+00
4967	1.122145e+00
4968	1.120367e+00
4969	1.116911e+00
4970	1.110764e+00
4971	1.103829e+00
4972	1.095492e+00
4973	1.088666e+00
4974	1.082807e+00
4975	1.079527e+00
4976	1.076557e+00
4977	1.076446e+00
4978	1.079060e+00
4979	1.083949e+00
4980	1.089630e+00
4981	1.098066e+00
4982	1.106484e+00
4983	1.113616e+00
4984	1.120484e+00
4985	1.125569e+00
4986	1.127400e+00
4987	1.127355e+00
4988	1.124237e+00
4989	1.119163e+00
4990	1.112735e+00
4991	1.103831e+00
4992	1.094511e+00
4993	1.085650e+00
4994	1.077234e+00
4995	1.068722e+00
4996	1.062434e+00
4997	1.057830e+00
4998	1.057660e+00
4999	1.060483e+00
