# Step	Measurement
1	1.081271e+02
2	1.081778e+02
3	1.082088e+02
4	1.081982e+02
5	1.081605e+02
6	1.081070e+02
7	1.080352e+02
8	1.080512e+02
9	1.081153e+02
10	1.082088e+02
11	1.083448e+02
12	1.083530e+02
13	1.084193e+02
14	1.083486e+02
15	1.081890e+02
16	1.080939e+02
17	1.080097e+02
18	1.079043e+02
19	1.078667e+02
20	1.077769e+02
21	1.077315e+02
22	1.077487e+02
23	1.078346e+02
24	1.079279e+02
25	1.079728e+02
26	1.080360e+02
27	1.080689e+02
28	1.079695e+02
29	1.078759e+02
30	1.077284e+02
31	1.075204e+02
32	1.073088e+02
33	1.071117e+02
34	1.069773e+02
35	1.067978e+02
36	1.066607e+02
37	1.064568e+02
38	1.062454e+02
39	1.060680e+02
40	1.058916e+02
41	1.058476e+02
42	1.058598e+02
43	1.058488e+02
44	1.058440e+02
45	1.059082e+02
46	1.059329e+02
47	1.059579e+02
48	1.060948e+02
49	1.062168e+02
50	1.062714e+02
51	1.063633e+02
52	1.063787e+02
53	1.063906e+02
54	1.064588e+02
55	1.065851e+02
56	1.067636e+02
57	1.069598e+02
58	1.071698e+02
59	1.072685e+02
60	1.074063e+02
61	1.074916e+02
62	1.075421e+02
63	1.075630e+02
64	1.076073e+02
65	1.076882e+02
66	1.076891e+02
67	1.077652e+02
68	1.078158e+02
69	1.079061e+02
70	1.080387e+02
71	1.082662e+02
72	1.084617e+02
73	1.086876e+02
74	1.088321e+02
75	1.088126e+02
76	1.088465e+02
77	1.088532e+02
78	1.089149e+02
79	1.089580e+02
80	1.091113e+02
81	1.092581e+02
82	1.093511e+02
83	1.095298e+02
84	1.096577e+02
85	1.095841e+02
86	1.094760e+02
87	1.093477e+02
88	1.090646e+02
89	1.088072e+02
90	1.086119e+02
91	1.084107e+02
92	1.082887e+02
93	1.081685e+02
94	1.080186e+02
95	1.080539e+02
96	1.079312e+02
97	1.079226e+02
98	1.078167e+02
99	1.075920e+02
100	1.073617e+02
101	1.070379e+02
102	1.065963e+02
103	1.062086e+02
104	1.057952e+02
105	1.053981e+02
106	1.049489e+02
107	1.044835e+02
108	1.039990e+02
109	1.035208e+02
110	1.030069e+02
111	1.025506e+02
112	1.020027e+02
113	1.014691e+02
114	1.010560e+02
115	1.007392e+02
116	1.005690e+02
117	1.003747e+02
118	1.001892e+02
119	1.001100e+02
120	1.000989e+02
121	1.000341e+02
122	1.000130e+02
123	1.000988e+02
124	1.002795e+02
125	1.006686e+02
126	1.011992e+02
127	1.018571e+02
128	1.026625e+02
129	1.036649e+02
130	1.046700e+02
131	1.057352e+02
132	1.068714e+02
133	1.080593e+02
134	1.092467e+02
135	1.102986e+02
136	1.111986e+02
137	1.119687e+02
138	1.126229e+02
139	1.130934e+02
140	1.134157e+02
141	1.137196e+02
142	1.137503e+02
143	1.136208e+02
144	1.134701e+02
145	1.131584e+02
146	1.128036e+02
147	1.123501e+02
148	1.117641e+02
149	1.110575e+02
150	1.103597e+02
151	1.096709e+02
152	1.088993e+02
153	1.081729e+02
154	1.073819e+02
155	1.066435e+02
156	1.059181e+02
157	1.051918e+02
158	1.044918e+02
159	1.038223e+02
160	1.030866e+02
161	1.024708e+02
162	1.019569e+02
163	1.014785e+02
164	1.011198e+02
165	1.008690e+02
166	1.006476e+02
167	1.005769e+02
168	1.007107e+02
169	1.009513e+02
170	1.013459e+02
171	1.018547e+02
172	1.024812e+02
173	1.032257e+02
174	1.041427e+02
175	1.051172e+02
176	1.062067e+02
177	1.072677e+02
178	1.083996e+02
179	1.094970e+02
180	1.104984e+02
181	1.114518e+02
182	1.124308e+02
183	1.134154e+02
184	1.143680e+02
185	1.153992e+02
186	1.163188e+02
187	1.170326e+02
188	1.176134e+02
189	1.181643e+02
190	1.186577e+02
191	1.189490e+02
192	1.191395e+02
193	1.193496e+02
194	1.195052e+02
195	1.196687e+02
196	1.195477e+02
197	1.191886e+02
198	1.187189e+02
199	1.180646e+02
200	1.172457e+02
201	1.162074e+02
202	1.150527e+02
203	1.138007e+02
204	1.124285e+02
205	1.108505e+02
206	1.092150e+02
207	1.075490e+02
208	1.058427e+02
209	1.041771e+02
210	1.026878e+02
211	1.011989e+02
212	9.981872e+01
213	9.869024e+01
214	9.775886e+01
215	9.704828e+01
216	9.652368e+01
217	9.633366e+01
218	9.652525e+01
219	9.695864e+01
220	9.755785e+01
221	9.838329e+01
222	9.932891e+01
223	1.002596e+02
224	1.012675e+02
225	1.021994e+02
226	1.032935e+02
227	1.043728e+02
228	1.054935e+02
229	1.066113e+02
230	1.076766e+02
231	1.087182e+02
232	1.098137e+02
233	1.108800e+02
234	1.118717e+02
235	1.128446e+02
236	1.137932e+02
237	1.145833e+02
238	1.151422e+02
239	1.156366e+02
240	1.159416e+02
241	1.160387e+02
242	1.160582e+02
243	1.159986e+02
244	1.159264e+02
245	1.157539e+02
246	1.154268e+02
247	1.150047e+02
248	1.145051e+02
249	1.139636e+02
250	1.133072e+02
251	1.126737e+02
252	1.119499e+02
253	1.111313e+02
254	1.103203e+02
255	1.095305e+02
256	1.088244e+02
257	1.080739e+02
258	1.072210e+02
259	1.064394e+02
260	1.057644e+02
261	1.051405e+02
262	1.046459e+02
263	1.042732e+02
264	1.040349e+02
265	1.039338e+02
266	1.039454e+02
267	1.040659e+02
268	1.041351e+02
269	1.043750e+02
270	1.048022e+02
271	1.052526e+02
272	1.058357e+02
273	1.064203e+02
274	1.068910e+02
275	1.073942e+02
276	1.079140e+02
277	1.084218e+02
278	1.089176e+02
279	1.095679e+02
280	1.101748e+02
281	1.107657e+02
282	1.113907e+02
283	1.119815e+02
284	1.125606e+02
285	1.131230e+02
286	1.136014e+02
287	1.138099e+02
288	1.139767e+02
289	1.140865e+02
290	1.141091e+02
291	1.140649e+02
292	1.139234e+02
293	1.137417e+02
294	1.134644e+02
295	1.131351e+02
296	1.128461e+02
297	1.124879e+02
298	1.121206e+02
299	1.116592e+02
300	1.111702e+02
301	1.106788e+02
302	1.101163e+02
303	1.096062e+02
304	1.091338e+02
305	1.086014e+02
306	1.081759e+02
307	1.077815e+02
308	1.074471e+02
309	1.071503e+02
310	1.068466e+02
311	1.066403e+02
312	1.064694e+02
313	1.063256e+02
314	1.062144e+02
315	1.061557e+02
316	1.061858e+02
317	1.063357e+02
318	1.064200e+02
319	1.064957e+02
320	1.065736e+02
321	1.066520e+02
322	1.068734e+02
323	1.070610e+02
324	1.073848e+02
325	1.076510e+02
326	1.078736e+02
327	1.080767e+02
328	1.083549e+02
329	1.087551e+02
330	1.091409e+02
331	1.095701e+02
332	1.100224e+02
333	1.104428e+02
334	1.108778e+02
335	1.112992e+02
336	1.117905e+02
337	1.122212e+02
338	1.126421e+02
339	1.130431e+02
340	1.133418e+02
341	1.135650e+02
342	1.136713e+02
343	1.137211e+02
344	1.137174e+02
345	1.134824e+02
346	1.131201e+02
347	1.127067e+02
348	1.121609e+02
349	1.114829e+02
350	1.107653e+02
351	1.100543e+02
352	1.093398e+02
353	1.085186e+02
354	1.077116e+02
355	1.068502e+02
356	1.059653e+02
357	1.050717e+02
358	1.042348e+02
359	1.035298e+02
360	1.028915e+02
361	1.024532e+02
362	1.021124e+02
363	1.018928e+02
364	1.018171e+02
365	1.018043e+02
366	1.019415e+02
367	1.022356e+02
368	1.026940e+02
369	1.032801e+02
370	1.040348e+02
371	1.049009e+02
372	1.057958e+02
373	1.068210e+02
374	1.079096e+02
375	1.090016e+02
376	1.099950e+02
377	1.109949e+02
378	1.118500e+02
379	1.125516e+02
380	1.132684e+02
381	1.139188e+02
382	1.144160e+02
383	1.147755e+02
384	1.150322e+02
385	1.152132e+02
386	1.152339e+02
387	1.151672e+02
388	1.150121e+02
389	1.147999e+02
390	1.144271e+02
391	1.139826e+02
392	1.134383e+02
393	1.128178e+02
394	1.121291e+02
395	1.113324e+02
396	1.103994e+02
397	1.094626e+02
398	1.084196e+02
399	1.073517e+02
400	1.063449e+02
401	1.053999e+02
402	1.046436e+02
403	1.039933e+02
404	1.034328e+02
405	1.029721e+02
406	1.026081e+02
407	1.023528e+02
408	1.023500e+02
409	1.023741e+02
410	1.024840e+02
411	1.026615e+02
412	1.029984e+02
413	1.035829e+02
414	1.042225e+02
415	1.048980e+02
416	1.056853e+02
417	1.067183e+02
418	1.078786e+02
419	1.090765e+02
420	1.101652e+02
421	1.112935e+02
422	1.124628e+02
423	1.136049e+02
424	1.145888e+02
425	1.154664e+02
426	1.162496e+02
427	1.168046e+02
428	1.171611e+02
429	1.173920e+02
430	1.175573e+02
431	1.176257e+02
432	1.176082e+02
433	1.174355e+02
434	1.170083e+02
435	1.164102e+02
436	1.155674e+02
437	1.146420e+02
438	1.136446e+02
439	1.126357e+02
440	1.115541e+02
441	1.104096e+02
442	1.093127e+02
443	1.082780e+02
444	1.072919e+02
445	1.063187e+02
446	1.053805e+02
447	1.045215e+02
448	1.036570e+02
449	1.026804e+02
450	1.018026e+02
451	1.009004e+02
452	1.001790e+02
453	9.965444e+01
454	9.935944e+01
455	9.928865e+01
456	9.945455e+01
457	9.983640e+01
458	1.004189e+02
459	1.011141e+02
460	1.019822e+02
461	1.029895e+02
462	1.041773e+02
463	1.055145e+02
464	1.069323e+02
465	1.083975e+02
466	1.098982e+02
467	1.114065e+02
468	1.127528e+02
469	1.140334e+02
470	1.151845e+02
471	1.162458e+02
472	1.171337e+02
473	1.179347e+02
474	1.184828e+02
475	1.188725e+02
476	1.190148e+02
477	1.190657e+02
478	1.190661e+02
479	1.189087e+02
480	1.186423e+02
481	1.182052e+02
482	1.176022e+02
483	1.167974e+02
484	1.159447e+02
485	1.149764e+02
486	1.138665e+02
487	1.126142e+02
488	1.112133e+02
489	1.098497e+02
490	1.084950e+02
491	1.071289e+02
492	1.058898e+02
493	1.048186e+02
494	1.039202e+02
495	1.031074e+02
496	1.024044e+02
497	1.017996e+02
498	1.013343e+02
499	1.009579e+02
500	1.006892e+02
501	1.005228e+02
502	1.005946e+02
503	1.008764e+02
504	1.013024e+02
505	1.018652e+02
506	1.025621e+02
507	1.032810e+02
508	1.040631e+02
509	1.049164e+02
510	1.058529e+02
511	1.069554e+02
512	1.081348e+02
513	1.094180e+02
514	1.106614e+02
515	1.118952e+02
516	1.130584e+02
517	1.141015e+02
518	1.150542e+02
519	1.160226e+02
520	1.169882e+02
521	1.180282e+02
522	1.189147e+02
523	1.197191e+02
524	1.203013e+02
525	1.206558e+02
526	1.206862e+02
527	1.204532e+02
528	1.199397e+02
529	1.191587e+02
530	1.181469e+02
531	1.168717e+02
532	1.154542e+02
533	1.138551e+02
534	1.121517e+02
535	1.103997e+02
536	1.085745e+02
537	1.067859e+02
538	1.052077e+02
539	1.037289e+02
540	1.024291e+02
541	1.013887e+02
542	1.005102e+02
543	9.976522e+01
544	9.916926e+01
545	9.871029e+01
546	9.840829e+01
547	9.826472e+01
548	9.827111e+01
549	9.851026e+01
550	9.896175e+01
551	9.963301e+01
552	1.004286e+02
553	1.012689e+02
554	1.022343e+02
555	1.032768e+02
556	1.042524e+02
557	1.051935e+02
558	1.061507e+02
559	1.070912e+02
560	1.080170e+02
561	1.088786e+02
562	1.096405e+02
563	1.104073e+02
564	1.111774e+02
565	1.119166e+02
566	1.125631e+02
567	1.130967e+02
568	1.135949e+02
569	1.140655e+02
570	1.143948e+02
571	1.146354e+02
572	1.147546e+02
573	1.147562e+02
574	1.145900e+02
575	1.143481e+02
576	1.140436e+02
577	1.136826e+02
578	1.132759e+02
579	1.127616e+02
580	1.121310e+02
581	1.114521e+02
582	1.106659e+02
583	1.098519e+02
584	1.091451e+02
585	1.085446e+02
586	1.079292e+02
587	1.074742e+02
588	1.070698e+02
589	1.066581e+02
590	1.063185e+02
591	1.061172e+02
592	1.060061e+02
593	1.060595e+02
594	1.062211e+02
595	1.063221e+02
596	1.064603e+02
597	1.066515e+02
598	1.069636e+02
599	1.073208e+02
600	1.076445e+02
601	1.080990e+02
602	1.085653e+02
603	1.089562e+02
604	1.093231e+02
605	1.096147e+02
606	1.098363e+02
607	1.101895e+02
608	1.104294e+02
609	1.106670e+02
610	1.110219e+02
611	1.114243e+02
612	1.117849e+02
613	1.121755e+02
614	1.125157e+02
615	1.130056e+02
616	1.134392e+02
617	1.137314e+02
618	1.140142e+02
619	1.141596e+02
620	1.141109e+02
621	1.139256e+02
622	1.136598e+02
623	1.132864e+02
624	1.128025e+02
625	1.121889e+02
626	1.114959e+02
627	1.106403e+02
628	1.097449e+02
629	1.090235e+02
630	1.084267e+02
631	1.079116e+02
632	1.074440e+02
633	1.070303e+02
634	1.067021e+02
635	1.064106e+02
636	1.061086e+02
637	1.059240e+02
638	1.059115e+02
639	1.060104e+02
640	1.060905e+02
641	1.061891e+02
642	1.063077e+02
643	1.064614e+02
644	1.067085e+02
645	1.070253e+02
646	1.074227e+02
647	1.079729e+02
648	1.085700e+02
649	1.091750e+02
650	1.098222e+02
651	1.103497e+02
652	1.107867e+02
653	1.112005e+02
654	1.114726e+02
655	1.117155e+02
656	1.120183e+02
657	1.123000e+02
658	1.125903e+02
659	1.127454e+02
660	1.126934e+02
661	1.125401e+02
662	1.123575e+02
663	1.120555e+02
664	1.116794e+02
665	1.113183e+02
666	1.108302e+02
667	1.103283e+02
668	1.096959e+02
669	1.090964e+02
670	1.084742e+02
671	1.078823e+02
672	1.073949e+02
673	1.069566e+02
674	1.065938e+02
675	1.062801e+02
676	1.060438e+02
677	1.058166e+02
678	1.057315e+02
679	1.057472e+02
680	1.058042e+02
681	1.060061e+02
682	1.062932e+02
683	1.065192e+02
684	1.067397e+02
685	1.069671e+02
686	1.073039e+02
687	1.076520e+02
688	1.080423e+02
689	1.084128e+02
690	1.088114e+02
691	1.091108e+02
692	1.095033e+02
693	1.098771e+02
694	1.101850e+02
695	1.105119e+02
696	1.108619e+02
697	1.112829e+02
698	1.116758e+02
699	1.120265e+02
700	1.124055e+02
701	1.128135e+02
702	1.132722e+02
703	1.136033e+02
704	1.138691e+02
705	1.140020e+02
706	1.139387e+02
707	1.137717e+02
708	1.133988e+02
709	1.128408e+02
710	1.120755e+02
711	1.111568e+02
712	1.101297e+02
713	1.091145e+02
714	1.080421e+02
715	1.069264e+02
716	1.058340e+02
717	1.046781e+02
718	1.037374e+02
719	1.028802e+02
720	1.020775e+02
721	1.012900e+02
722	1.006660e+02
723	1.000666e+02
724	9.952210e+01
725	9.909590e+01
726	9.873029e+01
727	9.850602e+01
728	9.844427e+01
729	9.855147e+01
730	9.872050e+01
731	9.911688e+01
732	9.946929e+01
733	9.997637e+01
734	1.005450e+02
735	1.011808e+02
736	1.019001e+02
737	1.026926e+02
738	1.035050e+02
739	1.043428e+02
740	1.051671e+02
741	1.061450e+02
742	1.071189e+02
743	1.079588e+02
744	1.086622e+02
745	1.093659e+02
746	1.100589e+02
747	1.107573e+02
748	1.113459e+02
749	1.118186e+02
750	1.122406e+02
751	1.125302e+02
752	1.127532e+02
753	1.128174e+02
754	1.128881e+02
755	1.129513e+02
756	1.130018e+02
757	1.129949e+02
758	1.130363e+02
759	1.130152e+02
760	1.128872e+02
761	1.127106e+02
762	1.124737e+02
763	1.121379e+02
764	1.116871e+02
765	1.111655e+02
766	1.106695e+02
767	1.101175e+02
768	1.096497e+02
769	1.092196e+02
770	1.088438e+02
771	1.084194e+02
772	1.079966e+02
773	1.076619e+02
774	1.075117e+02
775	1.073891e+02
776	1.074011e+02
777	1.074081e+02
778	1.073911e+02
779	1.073547e+02
780	1.071837e+02
781	1.071413e+02
782	1.071464e+02
783	1.072043e+02
784	1.073012e+02
785	1.074523e+02
786	1.076792e+02
787	1.079635e+02
788	1.083342e+02
789	1.086287e+02
790	1.088836e+02
791	1.092022e+02
792	1.095199e+02
793	1.097216e+02
794	1.099343e+02
795	1.101181e+02
796	1.102226e+02
797	1.102168e+02
798	1.102714e+02
799	1.104184e+02
800	1.105816e+02
801	1.107709e+02
802	1.109615e+02
803	1.110601e+02
804	1.111646e+02
805	1.113322e+02
806	1.115070e+02
807	1.116685e+02
808	1.118709e+02
809	1.120336e+02
810	1.120879e+02
811	1.120120e+02
812	1.118483e+02
813	1.116385e+02
814	1.113364e+02
815	1.109665e+02
816	1.105680e+02
817	1.102017e+02
818	1.098796e+02
819	1.095489e+02
820	1.092371e+02
821	1.088583e+02
822	1.085452e+02
823	1.082822e+02
824	1.079525e+02
825	1.075804e+02
826	1.072949e+02
827	1.069729e+02
828	1.065824e+02
829	1.061969e+02
830	1.058613e+02
831	1.055972e+02
832	1.053793e+02
833	1.052461e+02
834	1.052006e+02
835	1.052427e+02
836	1.052623e+02
837	1.053569e+02
838	1.054583e+02
839	1.056793e+02
840	1.059823e+02
841	1.063560e+02
842	1.068008e+02
843	1.072735e+02
844	1.078602e+02
845	1.084469e+02
846	1.090504e+02
847	1.096264e+02
848	1.100951e+02
849	1.105887e+02
850	1.110306e+02
851	1.115577e+02
852	1.119347e+02
853	1.122728e+02
854	1.124738e+02
855	1.127463e+02
856	1.129527e+02
857	1.130397e+02
858	1.130089e+02
859	1.128977e+02
860	1.126631e+02
861	1.122962e+02
862	1.118564e+02
863	1.113119e+02
864	1.108290e+02
865	1.102196e+02
866	1.097982e+02
867	1.094036e+02
868	1.090662e+02
869	1.087291e+02
870	1.084636e+02
871	1.082531e+02
872	1.081346e+02
873	1.078607e+02
874	1.075290e+02
875	1.072404e+02
876	1.069556e+02
877	1.067976e+02
878	1.066389e+02
879	1.063990e+02
880	1.061278e+02
881	1.058295e+02
882	1.054907e+02
883	1.052419e+02
884	1.049892e+02
885	1.047912e+02
886	1.046371e+02
887	1.046263e+02
888	1.045681e+02
889	1.045527e+02
890	1.046208e+02
891	1.048042e+02
892	1.049964e+02
893	1.052268e+02
894	1.055051e+02
895	1.058861e+02
896	1.062140e+02
897	1.065071e+02
898	1.068697e+02
899	1.074199e+02
900	1.080534e+02
901	1.087119e+02
902	1.093695e+02
903	1.099395e+02
904	1.104293e+02
905	1.109310e+02
906	1.114335e+02
907	1.119922e+02
908	1.126038e+02
909	1.131482e+02
910	1.136442e+02
911	1.139995e+02
912	1.142509e+02
913	1.143380e+02
914	1.142601e+02
915	1.140508e+02
916	1.137884e+02
917	1.133237e+02
918	1.128221e+02
919	1.122066e+02
920	1.114604e+02
921	1.105586e+02
922	1.097455e+02
923	1.088549e+02
924	1.080113e+02
925	1.071190e+02
926	1.062547e+02
927	1.054354e+02
928	1.045771e+02
929	1.037938e+02
930	1.031513e+02
931	1.026409e+02
932	1.022256e+02
933	1.018167e+02
934	1.015172e+02
935	1.013795e+02
936	1.013518e+02
937	1.013934e+02
938	1.015057e+02
939	1.016554e+02
940	1.019353e+02
941	1.022574e+02
942	1.025313e+02
943	1.028073e+02
944	1.030359e+02
945	1.033728e+02
946	1.038915e+02
947	1.043817e+02
948	1.049800e+02
949	1.055747e+02
950	1.061644e+02
951	1.066548e+02
952	1.071258e+02
953	1.075123e+02
954	1.080776e+02
955	1.086084e+02
956	1.090895e+02
957	1.096702e+02
958	1.102637e+02
959	1.107878e+02
960	1.112789e+02
961	1.117053e+02
962	1.120975e+02
963	1.125044e+02
964	1.128319e+02
965	1.130129e+02
966	1.129116e+02
967	1.126892e+02
968	1.123323e+02
969	1.119939e+02
970	1.116650e+02
971	1.113034e+02
972	1.109257e+02
973	1.104867e+02
974	1.098614e+02
975	1.092208e+02
976	1.086361e+02
977	1.080404e+02
978	1.074405e+02
979	1.069275e+02
980	1.063483e+02
981	1.057307e+02
982	1.051849e+02
983	1.046516e+02
984	1.041709e+02
985	1.037578e+02
986	1.034644e+02
987	1.032467e+02
988	1.030841e+02
989	1.029731e+02
990	1.029181e+02
991	1.030071e+02
992	1.031266e+02
993	1.032845e+02
994	1.034578e+02
995	1.035936e+02
996	1.037092e+02
997	1.038299e+02
998	1.040014e+02
999	1.040880e+02
1000	1.042209e+02
1001	1.044134e+02
1002	1.046912e+02
1003	1.050530e+02
1004	1.054445e+02
1005	1.057153e+02
1006	1.059006e+02
1007	1.059815e+02
1008	1.060489e+02
1009	1.061347e+02
1010	1.062053e+02
1011	1.061481e+02
1012	1.061214e+02
1013	1.061967e+02
1014	1.062357e+02
1015	1.062875e+02
1016	1.063475e+02
1017	1.064419e+02
1018	1.065171e+02
1019	1.066640e+02
1020	1.068141e+02
1021	1.069637e+02
1022	1.071483e+02
1023	1.072579e+02
1024	1.073919e+02
1025	1.075497e+02
1026	1.075618e+02
1027	1.074756e+02
1028	1.072955e+02
1029	1.070568e+02
1030	1.068094e+02
1031	1.065085e+02
1032	1.061736e+02
1033	1.058373e+02
1034	1.055840e+02
1035	1.054610e+02
1036	1.053581e+02
1037	1.052553e+02
1038	1.052135e+02
1039	1.052083e+02
1040	1.051920e+02
1041	1.051591e+02
1042	1.051718e+02
1043	1.052544e+02
1044	1.053304e+02
1045	1.055024e+02
1046	1.056504e+02
1047	1.058434e+02
1048	1.060587e+02
1049	1.062986e+02
1050	1.065773e+02
1051	1.068852e+02
1052	1.072868e+02
1053	1.077458e+02
1054	1.081625e+02
1055	1.086217e+02
1056	1.091197e+02
1057	1.096867e+02
1058	1.101705e+02
1059	1.106151e+02
1060	1.109042e+02
1061	1.110545e+02
1062	1.110672e+02
1063	1.109754e+02
1064	1.108274e+02
1065	1.106489e+02
1066	1.104921e+02
1067	1.103691e+02
1068	1.101014e+02
1069	1.098970e+02
1070	1.097662e+02
1071	1.097642e+02
1072	1.098027e+02
1073	1.098688e+02
1074	1.100254e+02
1075	1.101927e+02
1076	1.103594e+02
1077	1.104762e+02
1078	1.105957e+02
1079	1.107111e+02
1080	1.109128e+02
1081	1.111018e+02
1082	1.113302e+02
1083	1.115417e+02
1084	1.117423e+02
1085	1.119184e+02
1086	1.119697e+02
1087	1.119593e+02
1088	1.118761e+02
1089	1.116234e+02
1090	1.112530e+02
1091	1.108478e+02
1092	1.105104e+02
1093	1.101667e+02
1094	1.099491e+02
1095	1.097866e+02
1096	1.096133e+02
1097	1.093587e+02
1098	1.090000e+02
1099	1.086392e+02
1100	1.082790e+02
1101	1.078878e+02
1102	1.075984e+02
1103	1.073188e+02
1104	1.069796e+02
1105	1.066472e+02
1106	1.062688e+02
1107	1.058973e+02
1108	1.055534e+02
1109	1.052817e+02
1110	1.050070e+02
1111	1.047115e+02
1112	1.045613e+02
1113	1.043716e+02
1114	1.043269e+02
1115	1.042821e+02
1116	1.043683e+02
1117	1.044293e+02
1118	1.046814e+02
1119	1.050260e+02
1120	1.054309e+02
1121	1.058698e+02
1122	1.063506e+02
1123	1.068468e+02
1124	1.072991e+02
1125	1.076782e+02
1126	1.080108e+02
1127	1.084007e+02
1128	1.087977e+02
1129	1.092144e+02
1130	1.096541e+02
1131	1.100620e+02
1132	1.105363e+02
1133	1.109034e+02
1134	1.111611e+02
1135	1.111697e+02
1136	1.110430e+02
1137	1.108950e+02
1138	1.107991e+02
1139	1.106373e+02
1140	1.104896e+02
1141	1.102882e+02
1142	1.099892e+02
1143	1.096183e+02
1144	1.090993e+02
1145	1.085764e+02
1146	1.079449e+02
1147	1.074229e+02
1148	1.069465e+02
1149	1.065423e+02
1150	1.062097e+02
1151	1.059768e+02
1152	1.059561e+02
1153	1.061334e+02
1154	1.064180e+02
1155	1.067907e+02
1156	1.071902e+02
1157	1.075075e+02
1158	1.079671e+02
1159	1.084732e+02
1160	1.089842e+02
1161	1.095396e+02
1162	1.100506e+02
1163	1.105009e+02
1164	1.108439e+02
1165	1.112438e+02
1166	1.115829e+02
1167	1.119143e+02
1168	1.123012e+02
1169	1.127117e+02
1170	1.130777e+02
1171	1.133746e+02
1172	1.135903e+02
1173	1.137689e+02
1174	1.137623e+02
1175	1.135450e+02
1176	1.133242e+02
1177	1.130159e+02
1178	1.126126e+02
1179	1.120573e+02
1180	1.116432e+02
1181	1.111760e+02
1182	1.106725e+02
1183	1.101673e+02
1184	1.096017e+02
1185	1.090068e+02
1186	1.084274e+02
1187	1.076775e+02
1188	1.069446e+02
1189	1.061084e+02
1190	1.053036e+02
1191	1.044709e+02
1192	1.037152e+02
1193	1.031227e+02
1194	1.027244e+02
1195	1.023606e+02
1196	1.020886e+02
1197	1.019824e+02
1198	1.020691e+02
1199	1.022306e+02
1200	1.024956e+02
1201	1.027855e+02
1202	1.031765e+02
1203	1.036860e+02
1204	1.043301e+02
1205	1.051303e+02
1206	1.060383e+02
1207	1.070915e+02
1208	1.082350e+02
1209	1.094425e+02
1210	1.106440e+02
1211	1.119153e+02
1212	1.131660e+02
1213	1.144098e+02
1214	1.155787e+02
1215	1.167667e+02
1216	1.178298e+02
1217	1.188438e+02
1218	1.196452e+02
1219	1.202304e+02
1220	1.205928e+02
1221	1.207872e+02
1222	1.208828e+02
1223	1.209332e+02
1224	1.207337e+02
1225	1.204485e+02
1226	1.199508e+02
1227	1.193126e+02
1228	1.184781e+02
1229	1.175484e+02
1230	1.164941e+02
1231	1.153716e+02
1232	1.141429e+02
1233	1.129232e+02
1234	1.116876e+02
1235	1.104558e+02
1236	1.092395e+02
1237	1.080430e+02
1238	1.068679e+02
1239	1.056879e+02
1240	1.045702e+02
1241	1.034393e+02
1242	1.024465e+02
1243	1.016086e+02
1244	1.009103e+02
1245	1.003907e+02
1246	9.990246e+01
1247	9.951008e+01
1248	9.930295e+01
1249	9.932651e+01
1250	9.949164e+01
1251	9.980433e+01
1252	1.003120e+02
1253	1.010194e+02
1254	1.018501e+02
1255	1.028197e+02
1256	1.038752e+02
1257	1.050134e+02
1258	1.061807e+02
1259	1.075094e+02
1260	1.088563e+02
1261	1.102508e+02
1262	1.116541e+02
1263	1.129930e+02
1264	1.142717e+02
1265	1.153166e+02
1266	1.161272e+02
1267	1.166819e+02
1268	1.170632e+02
1269	1.171696e+02
1270	1.170038e+02
1271	1.167370e+02
1272	1.162806e+02
1273	1.157035e+02
1274	1.149310e+02
1275	1.139660e+02
1276	1.128892e+02
1277	1.115428e+02
1278	1.101541e+02
1279	1.086942e+02
1280	1.072603e+02
1281	1.057496e+02
1282	1.041838e+02
1283	1.026300e+02
1284	1.010741e+02
1285	9.967750e+01
1286	9.841251e+01
1287	9.732221e+01
1288	9.647293e+01
1289	9.586136e+01
1290	9.544527e+01
1291	9.536858e+01
1292	9.556229e+01
1293	9.600021e+01
1294	9.665346e+01
1295	9.744420e+01
1296	9.827825e+01
1297	9.933919e+01
1298	1.004941e+02
1299	1.017093e+02
1300	1.030349e+02
1301	1.044044e+02
1302	1.057447e+02
1303	1.070534e+02
1304	1.084477e+02
1305	1.098580e+02
1306	1.111594e+02
1307	1.124071e+02
1308	1.136218e+02
1309	1.147338e+02
1310	1.156115e+02
1311	1.163254e+02
1312	1.168481e+02
1313	1.172476e+02
1314	1.174549e+02
1315	1.176298e+02
1316	1.175813e+02
1317	1.174077e+02
1318	1.171702e+02
1319	1.168880e+02
1320	1.165035e+02
1321	1.159850e+02
1322	1.153198e+02
1323	1.145535e+02
1324	1.137743e+02
1325	1.129085e+02
1326	1.119931e+02
1327	1.112181e+02
1328	1.104490e+02
1329	1.097207e+02
1330	1.089380e+02
1331	1.082970e+02
1332	1.076905e+02
1333	1.072372e+02
1334	1.068411e+02
1335	1.065409e+02
1336	1.062289e+02
1337	1.059976e+02
1338	1.058814e+02
1339	1.058660e+02
1340	1.058282e+02
1341	1.058136e+02
1342	1.058450e+02
1343	1.059315e+02
1344	1.060583e+02
1345	1.061728e+02
1346	1.062644e+02
1347	1.065441e+02
1348	1.068506e+02
1349	1.071942e+02
1350	1.074756e+02
1351	1.077573e+02
1352	1.080410e+02
1353	1.083050e+02
1354	1.085997e+02
1355	1.087934e+02
1356	1.088944e+02
1357	1.089505e+02
1358	1.090388e+02
1359	1.091040e+02
1360	1.091563e+02
1361	1.092090e+02
1362	1.093141e+02
1363	1.093478e+02
1364	1.092900e+02
1365	1.090101e+02
1366	1.086997e+02
1367	1.083697e+02
1368	1.078934e+02
1369	1.074613e+02
1370	1.071002e+02
1371	1.066759e+02
1372	1.062743e+02
1373	1.058528e+02
1374	1.053966e+02
1375	1.049611e+02
1376	1.046238e+02
1377	1.042043e+02
1378	1.037957e+02
1379	1.035562e+02
1380	1.033856e+02
1381	1.032878e+02
1382	1.032595e+02
1383	1.032882e+02
1384	1.033588e+02
1385	1.034728e+02
1386	1.037503e+02
1387	1.041661e+02
1388	1.047388e+02
1389	1.053343e+02
1390	1.060085e+02
1391	1.068062e+02
1392	1.074914e+02
1393	1.081910e+02
1394	1.088493e+02
1395	1.095829e+02
1396	1.101903e+02
1397	1.107685e+02
1398	1.112699e+02
1399	1.118480e+02
1400	1.124304e+02
1401	1.129703e+02
1402	1.134788e+02
1403	1.140115e+02
1404	1.145847e+02
1405	1.150856e+02
1406	1.154716e+02
1407	1.157850e+02
1408	1.159401e+02
1409	1.158934e+02
1410	1.158453e+02
1411	1.155726e+02
1412	1.151685e+02
1413	1.145621e+02
1414	1.139277e+02
1415	1.131817e+02
1416	1.125023e+02
1417	1.116957e+02
1418	1.108832e+02
1419	1.102080e+02
1420	1.094289e+02
1421	1.086574e+02
1422	1.078603e+02
1423	1.070581e+02
1424	1.063142e+02
1425	1.057307e+02
1426	1.050930e+02
1427	1.047087e+02
1428	1.043490e+02
1429	1.040341e+02
1430	1.037398e+02
1431	1.034459e+02
1432	1.032683e+02
1433	1.031295e+02
1434	1.031089e+02
1435	1.031689e+02
1436	1.033162e+02
1437	1.034674e+02
1438	1.036143e+02
1439	1.037950e+02
1440	1.040887e+02
1441	1.044583e+02
1442	1.047907e+02
1443	1.052143e+02
1444	1.056814e+02
1445	1.061517e+02
1446	1.065817e+02
1447	1.071074e+02
1448	1.075832e+02
1449	1.080403e+02
1450	1.085402e+02
1451	1.089697e+02
1452	1.092835e+02
1453	1.094543e+02
1454	1.097367e+02
1455	1.099571e+02
1456	1.100983e+02
1457	1.101678e+02
1458	1.102001e+02
1459	1.100223e+02
1460	1.098222e+02
1461	1.095296e+02
1462	1.092090e+02
1463	1.087797e+02
1464	1.083367e+02
1465	1.077854e+02
1466	1.072408e+02
1467	1.067111e+02
1468	1.061437e+02
1469	1.055936e+02
1470	1.051753e+02
1471	1.048182e+02
1472	1.044992e+02
1473	1.041531e+02
1474	1.039256e+02
1475	1.037831e+02
1476	1.036926e+02
1477	1.036780e+02
1478	1.037559e+02
1479	1.038028e+02
1480	1.038982e+02
1481	1.040754e+02
1482	1.043151e+02
1483	1.046263e+02
1484	1.049354e+02
1485	1.053713e+02
1486	1.058584e+02
1487	1.063964e+02
1488	1.069990e+02
1489	1.076144e+02
1490	1.083400e+02
1491	1.091848e+02
1492	1.099726e+02
1493	1.107717e+02
1494	1.115978e+02
1495	1.123683e+02
1496	1.130252e+02
1497	1.137087e+02
1498	1.143701e+02
1499	1.150000e+02
1500	1.155154e+02
1501	1.157698e+02
1502	1.157639e+02
1503	1.155777e+02
1504	1.153296e+02
1505	1.149534e+02
1506	1.145279e+02
1507	1.140176e+02
1508	1.133958e+02
1509	1.127804e+02
1510	1.121769e+02
1511	1.115285e+02
1512	1.108525e+02
1513	1.101326e+02
1514	1.093720e+02
1515	1.086708e+02
1516	1.079961e+02
1517	1.073531e+02
1518	1.066265e+02
1519	1.059120e+02
1520	1.051813e+02
1521	1.043631e+02
1522	1.035819e+02
1523	1.027656e+02
1524	1.019790e+02
1525	1.012346e+02
1526	1.004478e+02
1527	9.960680e+01
1528	9.895709e+01
1529	9.850697e+01
1530	9.819400e+01
1531	9.801729e+01
1532	9.809342e+01
1533	9.839419e+01
1534	9.878235e+01
1535	9.930836e+01
1536	1.000221e+02
1537	1.008975e+02
1538	1.018798e+02
1539	1.029366e+02
1540	1.040710e+02
1541	1.051589e+02
1542	1.063075e+02
1543	1.073685e+02
1544	1.083109e+02
1545	1.091781e+02
1546	1.100450e+02
1547	1.108231e+02
1548	1.114507e+02
1549	1.119876e+02
1550	1.124106e+02
1551	1.127530e+02
1552	1.131050e+02
1553	1.132777e+02
1554	1.134431e+02
1555	1.135055e+02
1556	1.136030e+02
1557	1.136248e+02
1558	1.136728e+02
1559	1.136107e+02
1560	1.134912e+02
1561	1.133063e+02
1562	1.130421e+02
1563	1.126127e+02
1564	1.120484e+02
1565	1.112752e+02
1566	1.104988e+02
1567	1.096801e+02
1568	1.088473e+02
1569	1.078433e+02
1570	1.069219e+02
1571	1.060261e+02
1572	1.052023e+02
1573	1.045375e+02
1574	1.040680e+02
1575	1.036775e+02
1576	1.032703e+02
1577	1.029501e+02
1578	1.027162e+02
1579	1.026722e+02
1580	1.028014e+02
1581	1.029874e+02
1582	1.032937e+02
1583	1.037049e+02
1584	1.041860e+02
1585	1.046426e+02
1586	1.052817e+02
1587	1.059626e+02
1588	1.067649e+02
1589	1.076626e+02
1590	1.085507e+02
1591	1.094332e+02
1592	1.102727e+02
1593	1.109815e+02
1594	1.117202e+02
1595	1.123566e+02
1596	1.130139e+02
1597	1.136523e+02
1598	1.143019e+02
1599	1.149552e+02
1600	1.154755e+02
1601	1.159603e+02
1602	1.163801e+02
1603	1.167028e+02
1604	1.168098e+02
1605	1.166899e+02
1606	1.164098e+02
1607	1.160636e+02
1608	1.156353e+02
1609	1.151841e+02
1610	1.146316e+02
1611	1.139390e+02
1612	1.131084e+02
1613	1.122501e+02
1614	1.113532e+02
1615	1.103120e+02
1616	1.092637e+02
1617	1.081534e+02
1618	1.070335e+02
1619	1.059590e+02
1620	1.050215e+02
1621	1.040526e+02
1622	1.029104e+02
1623	1.018892e+02
1624	1.009210e+02
1625	1.000204e+02
1626	9.913453e+01
1627	9.827893e+01
1628	9.756409e+01
1629	9.687554e+01
1630	9.638530e+01
1631	9.603268e+01
1632	9.570816e+01
1633	9.554483e+01
1634	9.559253e+01
1635	9.584269e+01
1636	9.625693e+01
1637	9.678115e+01
1638	9.749607e+01
1639	9.839346e+01
1640	9.940667e+01
1641	1.005780e+02
1642	1.018914e+02
1643	1.032281e+02
1644	1.046764e+02
1645	1.061840e+02
1646	1.076817e+02
1647	1.089483e+02
1648	1.102562e+02
1649	1.115513e+02
1650	1.127435e+02
1651	1.137857e+02
1652	1.147301e+02
1653	1.155643e+02
1654	1.161997e+02
1655	1.166632e+02
1656	1.170180e+02
1657	1.172398e+02
1658	1.172297e+02
1659	1.170723e+02
1660	1.168793e+02
1661	1.164688e+02
1662	1.159597e+02
1663	1.153667e+02
1664	1.147415e+02
1665	1.140568e+02
1666	1.133077e+02
1667	1.125303e+02
1668	1.116977e+02
1669	1.107763e+02
1670	1.098526e+02
1671	1.089744e+02
1672	1.081180e+02
1673	1.072017e+02
1674	1.062259e+02
1675	1.053592e+02
1676	1.045379e+02
1677	1.039112e+02
1678	1.034118e+02
1679	1.030976e+02
1680	1.028747e+02
1681	1.027909e+02
1682	1.028148e+02
1683	1.028836e+02
1684	1.031008e+02
1685	1.034046e+02
1686	1.038248e+02
1687	1.044312e+02
1688	1.051071e+02
1689	1.057328e+02
1690	1.063954e+02
1691	1.071696e+02
1692	1.079844e+02
1693	1.089044e+02
1694	1.097849e+02
1695	1.106527e+02
1696	1.114430e+02
1697	1.121199e+02
1698	1.127065e+02
1699	1.130966e+02
1700	1.133594e+02
1701	1.133744e+02
1702	1.132611e+02
1703	1.130626e+02
1704	1.126470e+02
1705	1.120859e+02
1706	1.113570e+02
1707	1.104296e+02
1708	1.095302e+02
1709	1.085405e+02
1710	1.075476e+02
1711	1.065801e+02
1712	1.056535e+02
1713	1.047684e+02
1714	1.038978e+02
1715	1.030307e+02
1716	1.023125e+02
1717	1.017255e+02
1718	1.012738e+02
1719	1.010072e+02
1720	1.008370e+02
1721	1.006989e+02
1722	1.006453e+02
1723	1.006056e+02
1724	1.006369e+02
1725	1.007408e+02
1726	1.008192e+02
1727	1.008042e+02
1728	1.009199e+02
1729	1.012437e+02
1730	1.016850e+02
1731	1.021060e+02
1732	1.026570e+02
1733	1.031835e+02
1734	1.038586e+02
1735	1.045812e+02
1736	1.053749e+02
1737	1.062842e+02
1738	1.071892e+02
1739	1.082016e+02
1740	1.091629e+02
1741	1.102239e+02
1742	1.111537e+02
1743	1.120087e+02
1744	1.128324e+02
1745	1.134923e+02
1746	1.140932e+02
1747	1.146555e+02
1748	1.151289e+02
1749	1.154510e+02
1750	1.155672e+02
1751	1.156258e+02
1752	1.155121e+02
1753	1.152916e+02
1754	1.149681e+02
1755	1.145112e+02
1756	1.140566e+02
1757	1.135073e+02
1758	1.129217e+02
1759	1.122822e+02
1760	1.115580e+02
1761	1.108964e+02
1762	1.103563e+02
1763	1.097328e+02
1764	1.091149e+02
1765	1.084632e+02
1766	1.079329e+02
1767	1.076042e+02
1768	1.074336e+02
1769	1.072251e+02
1770	1.071161e+02
1771	1.070902e+02
1772	1.071620e+02
1773	1.072019e+02
1774	1.073092e+02
1775	1.074806e+02
1776	1.076378e+02
1777	1.077964e+02
1778	1.080059e+02
1779	1.082452e+02
1780	1.083497e+02
1781	1.084380e+02
1782	1.085148e+02
1783	1.084739e+02
1784	1.083608e+02
1785	1.082625e+02
1786	1.081133e+02
1787	1.079768e+02
1788	1.078931e+02
1789	1.078589e+02
1790	1.079241e+02
1791	1.080500e+02
1792	1.082351e+02
1793	1.084275e+02
1794	1.086530e+02
1795	1.088707e+02
1796	1.091356e+02
1797	1.094053e+02
1798	1.096440e+02
1799	1.098746e+02
1800	1.100438e+02
1801	1.101095e+02
1802	1.100608e+02
1803	1.099190e+02
1804	1.096437e+02
1805	1.092028e+02
1806	1.087988e+02
1807	1.084267e+02
1808	1.079965e+02
1809	1.076301e+02
1810	1.073090e+02
1811	1.068855e+02
1812	1.064772e+02
1813	1.060366e+02
1814	1.057383e+02
1815	1.055887e+02
1816	1.055201e+02
1817	1.056459e+02
1818	1.058544e+02
1819	1.061211e+02
1820	1.065041e+02
1821	1.070222e+02
1822	1.075098e+02
1823	1.080255e+02
1824	1.086157e+02
1825	1.092067e+02
1826	1.097658e+02
1827	1.101959e+02
1828	1.105438e+02
1829	1.107980e+02
1830	1.108945e+02
1831	1.109279e+02
1832	1.108654e+02
1833	1.106955e+02
1834	1.105452e+02
1835	1.102556e+02
1836	1.100476e+02
1837	1.098388e+02
1838	1.095342e+02
1839	1.092415e+02
1840	1.089598e+02
1841	1.087178e+02
1842	1.084070e+02
1843	1.080621e+02
1844	1.077002e+02
1845	1.073017e+02
1846	1.070092e+02
1847	1.066783e+02
1848	1.065065e+02
1849	1.062257e+02
1850	1.059949e+02
1851	1.058478e+02
1852	1.058294e+02
1853	1.058047e+02
1854	1.058823e+02
1855	1.061127e+02
1856	1.063543e+02
1857	1.065982e+02
1858	1.067979e+02
1859	1.070176e+02
1860	1.073873e+02
1861	1.076799e+02
1862	1.080399e+02
1863	1.084763e+02
1864	1.089657e+02
1865	1.093136e+02
1866	1.096885e+02
1867	1.099676e+02
1868	1.102126e+02
1869	1.104204e+02
1870	1.106104e+02
1871	1.107413e+02
1872	1.107678e+02
1873	1.106834e+02
1874	1.104631e+02
1875	1.102397e+02
1876	1.100125e+02
1877	1.097389e+02
1878	1.095295e+02
1879	1.093709e+02
1880	1.090781e+02
1881	1.088054e+02
1882	1.085158e+02
1883	1.082347e+02
1884	1.079699e+02
1885	1.076628e+02
1886	1.072636e+02
1887	1.068308e+02
1888	1.063626e+02
1889	1.058063e+02
1890	1.051793e+02
1891	1.045685e+02
1892	1.039085e+02
1893	1.031313e+02
1894	1.023293e+02
1895	1.015139e+02
1896	1.008461e+02
1897	1.004084e+02
1898	1.001179e+02
1899	9.980714e+01
1900	9.974397e+01
1901	9.985163e+01
1902	1.001994e+02
1903	1.007846e+02
1904	1.015411e+02
1905	1.023595e+02
1906	1.032251e+02
1907	1.042221e+02
1908	1.053006e+02
1909	1.064702e+02
1910	1.076157e+02
1911	1.087187e+02
1912	1.097605e+02
1913	1.107538e+02
1914	1.116939e+02
1915	1.125956e+02
1916	1.135504e+02
1917	1.145103e+02
1918	1.154632e+02
1919	1.162898e+02
1920	1.169111e+02
1921	1.172953e+02
1922	1.174495e+02
1923	1.176269e+02
1924	1.175810e+02
1925	1.173876e+02
1926	1.170301e+02
1927	1.166626e+02
1928	1.162135e+02
1929	1.156096e+02
1930	1.149362e+02
1931	1.141453e+02
1932	1.133646e+02
1933	1.124402e+02
1934	1.114494e+02
1935	1.103341e+02
1936	1.090998e+02
1937	1.078135e+02
1938	1.064925e+02
1939	1.052801e+02
1940	1.042293e+02
1941	1.031486e+02
1942	1.022317e+02
1943	1.014105e+02
1944	1.006445e+02
1945	1.000715e+02
1946	9.962447e+01
1947	9.940315e+01
1948	9.921512e+01
1949	9.910622e+01
1950	9.911169e+01
1951	9.926791e+01
1952	9.953457e+01
1953	9.992023e+01
1954	1.003658e+02
1955	1.008717e+02
1956	1.013609e+02
1957	1.019050e+02
1958	1.025032e+02
1959	1.032243e+02
1960	1.039558e+02
1961	1.046719e+02
1962	1.055584e+02
1963	1.064460e+02
1964	1.074220e+02
1965	1.083405e+02
1966	1.091505e+02
1967	1.098649e+02
1968	1.105968e+02
1969	1.111836e+02
1970	1.116362e+02
1971	1.120038e+02
1972	1.123025e+02
1973	1.125088e+02
1974	1.127074e+02
1975	1.129908e+02
1976	1.131546e+02
1977	1.132374e+02
1978	1.132434e+02
1979	1.132844e+02
1980	1.133538e+02
1981	1.132690e+02
1982	1.130811e+02
1983	1.128484e+02
1984	1.125196e+02
1985	1.121140e+02
1986	1.117370e+02
1987	1.112783e+02
1988	1.108374e+02
1989	1.103491e+02
1990	1.097694e+02
1991	1.091949e+02
1992	1.087601e+02
1993	1.082314e+02
1994	1.078089e+02
1995	1.073799e+02
1996	1.071349e+02
1997	1.068501e+02
1998	1.066373e+02
1999	1.064625e+02
2000	1.063702e+02
2001	1.063632e+02
2002	1.063658e+02
2003	1.063910e+02
2004	1.064846e+02
2005	1.065178e+02
2006	1.066183e+02
2007	1.067265e+02
2008	1.068161e+02
2009	1.069498e+02
2010	1.072596e+02
2011	1.076121e+02
2012	1.079825e+02
2013	1.083382e+02
2014	1.086721e+02
2015	1.089935e+02
2016	1.092155e+02
2017	1.094346e+02
2018	1.096226e+02
2019	1.097379e+02
2020	1.097921e+02
2021	1.099031e+02
2022	1.100376e+02
2023	1.101439e+02
2024	1.100807e+02
2025	1.100568e+02
2026	1.099794e+02
2027	1.098956e+02
2028	1.097648e+02
2029	1.096484e+02
2030	1.095797e+02
2031	1.094834e+02
2032	1.094189e+02
2033	1.093465e+02
2034	1.092091e+02
2035	1.090112e+02
2036	1.088079e+02
2037	1.085604e+02
2038	1.083530e+02
2039	1.079932e+02
2040	1.076466e+02
2041	1.072744e+02
2042	1.068530e+02
2043	1.064973e+02
2044	1.061366e+02
2045	1.058480e+02
2046	1.055396e+02
2047	1.051802e+02
2048	1.049037e+02
2049	1.045577e+02
2050	1.042861e+02
2051	1.040931e+02
2052	1.039705e+02
2053	1.039727e+02
2054	1.040565e+02
2055	1.042362e+02
2056	1.044135e+02
2057	1.046594e+02
2058	1.050663e+02
2059	1.055024e+02
2060	1.058376e+02
2061	1.062063e+02
2062	1.066390e+02
2063	1.070808e+02
2064	1.074954e+02
2065	1.078881e+02
2066	1.082927e+02
2067	1.086742e+02
2068	1.091698e+02
2069	1.095128e+02
2070	1.097047e+02
2071	1.098769e+02
2072	1.099139e+02
2073	1.098079e+02
2074	1.096154e+02
2075	1.093136e+02
2076	1.089811e+02
2077	1.084912e+02
2078	1.078518e+02
2079	1.072469e+02
2080	1.065999e+02
2081	1.060355e+02
2082	1.054089e+02
2083	1.048266e+02
2084	1.041628e+02
2085	1.036375e+02
2086	1.032635e+02
2087	1.028840e+02
2088	1.025634e+02
2089	1.022644e+02
2090	1.019463e+02
2091	1.017890e+02
2092	1.016411e+02
2093	1.016468e+02
2094	1.016709e+02
2095	1.016014e+02
2096	1.016422e+02
2097	1.018630e+02
2098	1.021863e+02
2099	1.025389e+02
2100	1.030404e+02
2101	1.035760e+02
2102	1.042317e+02
2103	1.049368e+02
2104	1.056725e+02
2105	1.063979e+02
2106	1.072548e+02
2107	1.081598e+02
2108	1.090225e+02
2109	1.099106e+02
2110	1.108194e+02
2111	1.116353e+02
2112	1.123334e+02
2113	1.129511e+02
2114	1.134761e+02
2115	1.137899e+02
2116	1.140421e+02
2117	1.141702e+02
2118	1.142087e+02
2119	1.142415e+02
2120	1.142428e+02
2121	1.140404e+02
2122	1.138119e+02
2123	1.134843e+02
2124	1.131320e+02
2125	1.127214e+02
2126	1.122595e+02
2127	1.117913e+02
2128	1.113925e+02
2129	1.109543e+02
2130	1.104162e+02
2131	1.098913e+02
2132	1.093120e+02
2133	1.087470e+02
2134	1.081252e+02
2135	1.075555e+02
2136	1.069817e+02
2137	1.063108e+02
2138	1.056819e+02
2139	1.050342e+02
2140	1.043020e+02
2141	1.036436e+02
2142	1.031399e+02
2143	1.027160e+02
2144	1.025435e+02
2145	1.025117e+02
2146	1.025740e+02
2147	1.028302e+02
2148	1.031272e+02
2149	1.035539e+02
2150	1.040681e+02
2151	1.046913e+02
2152	1.053137e+02
2153	1.059003e+02
2154	1.064143e+02
2155	1.070653e+02
2156	1.076290e+02
2157	1.082377e+02
2158	1.088167e+02
2159	1.092434e+02
2160	1.095858e+02
2161	1.098555e+02
2162	1.101312e+02
2163	1.103835e+02
2164	1.106814e+02
2165	1.109179e+02
2166	1.110557e+02
2167	1.111000e+02
2168	1.110566e+02
2169	1.109218e+02
2170	1.107708e+02
2171	1.106395e+02
2172	1.104203e+02
2173	1.102356e+02
2174	1.100461e+02
2175	1.098127e+02
2176	1.095355e+02
2177	1.092401e+02
2178	1.090202e+02
2179	1.086918e+02
2180	1.083543e+02
2181	1.079129e+02
2182	1.074770e+02
2183	1.070636e+02
2184	1.066308e+02
2185	1.061839e+02
2186	1.057608e+02
2187	1.053842e+02
2188	1.051548e+02
2189	1.049342e+02
2190	1.047680e+02
2191	1.047088e+02
2192	1.047321e+02
2193	1.048238e+02
2194	1.049450e+02
2195	1.050875e+02
2196	1.053333e+02
2197	1.055691e+02
2198	1.058290e+02
2199	1.061556e+02
2200	1.064655e+02
2201	1.068390e+02
2202	1.070381e+02
2203	1.072721e+02
2204	1.074754e+02
2205	1.077704e+02
2206	1.080542e+02
2207	1.082710e+02
2208	1.084444e+02
2209	1.085931e+02
2210	1.087183e+02
2211	1.088027e+02
2212	1.088741e+02
2213	1.090694e+02
2214	1.092010e+02
2215	1.093443e+02
2216	1.094520e+02
2217	1.096396e+02
2218	1.098204e+02
2219	1.099757e+02
2220	1.101571e+02
2221	1.102266e+02
2222	1.102330e+02
2223	1.101735e+02
2224	1.101500e+02
2225	1.100810e+02
2226	1.099567e+02
2227	1.098046e+02
2228	1.096438e+02
2229	1.094839e+02
2230	1.092593e+02
2231	1.090190e+02
2232	1.086689e+02
2233	1.082720e+02
2234	1.078497e+02
2235	1.074236e+02
2236	1.069620e+02
2237	1.066035e+02
2238	1.061892e+02
2239	1.058850e+02
2240	1.055532e+02
2241	1.052580e+02
2242	1.049126e+02
2243	1.045047e+02
2244	1.042449e+02
2245	1.040884e+02
2246	1.040308e+02
2247	1.041030e+02
2248	1.042342e+02
2249	1.044644e+02
2250	1.049637e+02
2251	1.055621e+02
2252	1.062630e+02
2253	1.070125e+02
2254	1.078691e+02
2255	1.087334e+02
2256	1.095944e+02
2257	1.102869e+02
2258	1.108350e+02
2259	1.111866e+02
2260	1.115385e+02
2261	1.119212e+02
2262	1.122799e+02
2263	1.125474e+02
2264	1.126983e+02
2265	1.127481e+02
2266	1.127379e+02
2267	1.126412e+02
2268	1.124227e+02
2269	1.121113e+02
2270	1.118291e+02
2271	1.114836e+02
2272	1.110799e+02
2273	1.105955e+02
2274	1.101440e+02
2275	1.097214e+02
2276	1.091627e+02
2277	1.085394e+02
2278	1.079434e+02
2279	1.074060e+02
2280	1.069897e+02
2281	1.067076e+02
2282	1.065057e+02
2283	1.063609e+02
2284	1.062578e+02
2285	1.063060e+02
2286	1.064580e+02
2287	1.067246e+02
2288	1.070287e+02
2289	1.073739e+02
2290	1.077843e+02
2291	1.081378e+02
2292	1.085139e+02
2293	1.089593e+02
2294	1.094802e+02
2295	1.100281e+02
2296	1.105750e+02
2297	1.111156e+02
2298	1.116148e+02
2299	1.120394e+02
2300	1.124176e+02
2301	1.127482e+02
2302	1.131876e+02
2303	1.135306e+02
2304	1.137906e+02
2305	1.138903e+02
2306	1.137865e+02
2307	1.135341e+02
2308	1.130550e+02
2309	1.124397e+02
2310	1.117468e+02
2311	1.109984e+02
2312	1.103352e+02
2313	1.096278e+02
2314	1.088472e+02
2315	1.079292e+02
2316	1.069721e+02
2317	1.060882e+02
2318	1.052543e+02
2319	1.045470e+02
2320	1.038979e+02
2321	1.032717e+02
2322	1.027465e+02
2323	1.023620e+02
2324	1.021519e+02
2325	1.019613e+02
2326	1.019306e+02
2327	1.021388e+02
2328	1.024715e+02
2329	1.030039e+02
2330	1.036355e+02
2331	1.042674e+02
2332	1.049389e+02
2333	1.057013e+02
2334	1.064704e+02
2335	1.073464e+02
2336	1.082139e+02
2337	1.091975e+02
2338	1.101555e+02
2339	1.110651e+02
2340	1.118754e+02
2341	1.125923e+02
2342	1.132439e+02
2343	1.137246e+02
2344	1.140347e+02
2345	1.141904e+02
2346	1.142211e+02
2347	1.141133e+02
2348	1.139286e+02
2349	1.137299e+02
2350	1.135448e+02
2351	1.132759e+02
2352	1.129292e+02
2353	1.124102e+02
2354	1.118592e+02
2355	1.112991e+02
2356	1.106876e+02
2357	1.098977e+02
2358	1.089437e+02
2359	1.079282e+02
2360	1.069249e+02
2361	1.058937e+02
2362	1.050087e+02
2363	1.042004e+02
2364	1.034539e+02
2365	1.025921e+02
2366	1.017661e+02
2367	1.009704e+02
2368	1.002595e+02
2369	9.961813e+01
2370	9.894184e+01
2371	9.842607e+01
2372	9.815112e+01
2373	9.794952e+01
2374	9.796090e+01
2375	9.802222e+01
2376	9.824657e+01
2377	9.869028e+01
2378	9.929732e+01
2379	1.000371e+02
2380	1.008112e+02
2381	1.017774e+02
2382	1.028269e+02
2383	1.040532e+02
2384	1.053114e+02
2385	1.065900e+02
2386	1.079341e+02
2387	1.093056e+02
2388	1.106479e+02
2389	1.120399e+02
2390	1.134083e+02
2391	1.146288e+02
2392	1.157727e+02
2393	1.167670e+02
2394	1.176381e+02
2395	1.184089e+02
2396	1.189823e+02
2397	1.193527e+02
2398	1.194443e+02
2399	1.193025e+02
2400	1.188860e+02
2401	1.182383e+02
2402	1.174604e+02
2403	1.166176e+02
2404	1.156112e+02
2405	1.144628e+02
2406	1.132931e+02
2407	1.121021e+02
2408	1.107118e+02
2409	1.093674e+02
2410	1.080102e+02
2411	1.067000e+02
2412	1.054787e+02
2413	1.043313e+02
2414	1.032758e+02
2415	1.022609e+02
2416	1.013778e+02
2417	1.006812e+02
2418	1.002998e+02
2419	1.000826e+02
2420	1.000800e+02
2421	1.002730e+02
2422	1.007521e+02
2423	1.014033e+02
2424	1.021082e+02
2425	1.029025e+02
2426	1.039139e+02
2427	1.050509e+02
2428	1.061699e+02
2429	1.072867e+02
2430	1.084509e+02
2431	1.096096e+02
2432	1.108253e+02
2433	1.118807e+02
2434	1.128997e+02
2435	1.138256e+02
2436	1.147150e+02
2437	1.155675e+02
2438	1.162492e+02
2439	1.168086e+02
2440	1.172302e+02
2441	1.175353e+02
2442	1.177452e+02
2443	1.177659e+02
2444	1.175419e+02
2445	1.171843e+02
2446	1.165714e+02
2447	1.158563e+02
2448	1.149159e+02
2449	1.139499e+02
2450	1.129273e+02
2451	1.119054e+02
2452	1.109072e+02
2453	1.097954e+02
2454	1.087080e+02
2455	1.076612e+02
2456	1.065317e+02
2457	1.053053e+02
2458	1.040836e+02
2459	1.029315e+02
2460	1.017821e+02
2461	1.008430e+02
2462	1.000399e+02
2463	9.934646e+01
2464	9.873707e+01
2465	9.824311e+01
2466	9.792937e+01
2467	9.789084e+01
2468	9.798554e+01
2469	9.824401e+01
2470	9.867086e+01
2471	9.919783e+01
2472	9.988368e+01
2473	1.007703e+02
2474	1.018150e+02
2475	1.030477e+02
2476	1.043793e+02
2477	1.057461e+02
2478	1.071858e+02
2479	1.086475e+02
2480	1.101626e+02
2481	1.116350e+02
2482	1.131572e+02
2483	1.145915e+02
2484	1.159318e+02
2485	1.171807e+02
2486	1.182422e+02
2487	1.192050e+02
2488	1.198979e+02
2489	1.203273e+02
2490	1.205330e+02
2491	1.205509e+02
2492	1.203438e+02
2493	1.199391e+02
2494	1.193660e+02
2495	1.187063e+02
2496	1.179908e+02
2497	1.172352e+02
2498	1.164285e+02
2499	1.156253e+02
2500	1.147607e+02
2501	1.138428e+02
2502	1.130385e+02
2503	1.120816e+02
2504	1.110257e+02
2505	1.098702e+02
2506	1.088251e+02
2507	1.077023e+02
2508	1.065792e+02
2509	1.055625e+02
2510	1.046297e+02
2511	1.037782e+02
2512	1.030305e+02
2513	1.023472e+02
2514	1.018991e+02
2515	1.017019e+02
2516	1.016326e+02
2517	1.017995e+02
2518	1.020403e+02
2519	1.023373e+02
2520	1.026791e+02
2521	1.030895e+02
2522	1.036963e+02
2523	1.044049e+02
2524	1.051729e+02
2525	1.060014e+02
2526	1.069562e+02
2527	1.078818e+02
2528	1.087176e+02
2529	1.095634e+02
2530	1.102646e+02
2531	1.109208e+02
2532	1.115350e+02
2533	1.120013e+02
2534	1.124461e+02
2535	1.127080e+02
2536	1.128188e+02
2537	1.128884e+02
2538	1.129065e+02
2539	1.129082e+02
2540	1.128171e+02
2541	1.126357e+02
2542	1.123644e+02
2543	1.119722e+02
2544	1.115776e+02
2545	1.110701e+02
2546	1.104366e+02
2547	1.098715e+02
2548	1.092528e+02
2549	1.085788e+02
2550	1.078053e+02
2551	1.068763e+02
2552	1.059376e+02
2553	1.050225e+02
2554	1.040436e+02
2555	1.029738e+02
2556	1.018582e+02
2557	1.006980e+02
2558	9.967946e+01
2559	9.862707e+01
2560	9.767020e+01
2561	9.705455e+01
2562	9.655787e+01
2563	9.619355e+01
2564	9.604712e+01
2565	9.610728e+01
2566	9.630938e+01
2567	9.665195e+01
2568	9.709690e+01
2569	9.771003e+01
2570	9.858080e+01
2571	9.960527e+01
2572	1.009018e+02
2573	1.023653e+02
2574	1.039048e+02
2575	1.054609e+02
2576	1.071243e+02
2577	1.087819e+02
2578	1.104444e+02
2579	1.120218e+02
2580	1.134883e+02
2581	1.147969e+02
2582	1.159476e+02
2583	1.171084e+02
2584	1.179653e+02
2585	1.186718e+02
2586	1.193350e+02
2587	1.199144e+02
2588	1.203359e+02
2589	1.205487e+02
2590	1.206584e+02
2591	1.207022e+02
2592	1.205575e+02
2593	1.202061e+02
2594	1.196167e+02
2595	1.188207e+02
2596	1.177865e+02
2597	1.166427e+02
2598	1.153587e+02
2599	1.138835e+02
2600	1.123532e+02
2601	1.106996e+02
2602	1.090131e+02
2603	1.073584e+02
2604	1.056383e+02
2605	1.040808e+02
2606	1.026704e+02
2607	1.014338e+02
2608	1.005038e+02
2609	9.975017e+01
2610	9.925564e+01
2611	9.896040e+01
2612	9.869053e+01
2613	9.843093e+01
2614	9.823467e+01
2615	9.820146e+01
2616	9.844681e+01
2617	9.889253e+01
2618	9.945241e+01
2619	1.001807e+02
2620	1.010387e+02
2621	1.020241e+02
2622	1.031466e+02
2623	1.042008e+02
2624	1.052798e+02
2625	1.064583e+02
2626	1.076391e+02
2627	1.089295e+02
2628	1.101875e+02
2629	1.113826e+02
2630	1.125085e+02
2631	1.135284e+02
2632	1.145895e+02
2633	1.155599e+02
2634	1.164531e+02
2635	1.172026e+02
2636	1.177526e+02
2637	1.182355e+02
2638	1.185109e+02
2639	1.186276e+02
2640	1.185891e+02
2641	1.184073e+02
2642	1.179135e+02
2643	1.171265e+02
2644	1.161365e+02
2645	1.150088e+02
2646	1.138270e+02
2647	1.124954e+02
2648	1.111040e+02
2649	1.097627e+02
2650	1.083967e+02
2651	1.071128e+02
2652	1.059376e+02
2653	1.049251e+02
2654	1.039380e+02
2655	1.031917e+02
2656	1.025656e+02
2657	1.021326e+02
2658	1.018321e+02
2659	1.017065e+02
2660	1.016771e+02
2661	1.017367e+02
2662	1.018861e+02
2663	1.021473e+02
2664	1.025345e+02
2665	1.029778e+02
2666	1.035808e+02
2667	1.043840e+02
2668	1.052198e+02
2669	1.062098e+02
2670	1.071504e+02
2671	1.081493e+02
2672	1.091809e+02
2673	1.102814e+02
2674	1.112831e+02
2675	1.120912e+02
2676	1.128577e+02
2677	1.135349e+02
2678	1.141219e+02
2679	1.145987e+02
2680	1.150429e+02
2681	1.153181e+02
2682	1.154633e+02
2683	1.154575e+02
2684	1.153385e+02
2685	1.151406e+02
2686	1.147978e+02
2687	1.143304e+02
2688	1.136948e+02
2689	1.129009e+02
2690	1.119307e+02
2691	1.109216e+02
2692	1.098071e+02
2693	1.086559e+02
2694	1.075580e+02
2695	1.066306e+02
2696	1.057852e+02
2697	1.050691e+02
2698	1.045909e+02
2699	1.041041e+02
2700	1.037578e+02
2701	1.035710e+02
2702	1.034649e+02
2703	1.034978e+02
2704	1.034593e+02
2705	1.035233e+02
2706	1.036066e+02
2707	1.037567e+02
2708	1.039683e+02
2709	1.044109e+02
2710	1.049058e+02
2711	1.055327e+02
2712	1.062445e+02
2713	1.069901e+02
2714	1.078563e+02
2715	1.087416e+02
2716	1.094586e+02
2717	1.101004e+02
2718	1.108681e+02
2719	1.115610e+02
2720	1.121972e+02
2721	1.128423e+02
2722	1.134742e+02
2723	1.140432e+02
2724	1.145272e+02
2725	1.149972e+02
2726	1.154169e+02
2727	1.158201e+02
2728	1.162000e+02
2729	1.165104e+02
2730	1.166235e+02
2731	1.166179e+02
2732	1.164749e+02
2733	1.160636e+02
2734	1.155249e+02
2735	1.149211e+02
2736	1.142062e+02
2737	1.135047e+02
2738	1.128077e+02
2739	1.121862e+02
2740	1.115808e+02
2741	1.109637e+02
2742	1.103628e+02
2743	1.098305e+02
2744	1.093566e+02
2745	1.089441e+02
2746	1.085085e+02
2747	1.081891e+02
2748	1.078440e+02
2749	1.074574e+02
2750	1.069583e+02
2751	1.064825e+02
2752	1.060053e+02
2753	1.055186e+02
2754	1.049709e+02
2755	1.044110e+02
2756	1.038756e+02
2757	1.034374e+02
2758	1.030251e+02
2759	1.026936e+02
2760	1.025428e+02
2761	1.024609e+02
2762	1.024764e+02
2763	1.025838e+02
2764	1.027125e+02
2765	1.028995e+02
2766	1.032378e+02
2767	1.035861e+02
2768	1.039175e+02
2769	1.042121e+02
2770	1.045087e+02
2771	1.048262e+02
2772	1.052420e+02
2773	1.057049e+02
2774	1.061990e+02
2775	1.066770e+02
2776	1.071430e+02
2777	1.075973e+02
2778	1.080512e+02
2779	1.083907e+02
2780	1.086632e+02
2781	1.089115e+02
2782	1.090755e+02
2783	1.092348e+02
2784	1.094251e+02
2785	1.095282e+02
2786	1.095666e+02
2787	1.095348e+02
2788	1.095583e+02
2789	1.096637e+02
2790	1.098276e+02
2791	1.099344e+02
2792	1.100787e+02
2793	1.102138e+02
2794	1.105018e+02
2795	1.107722e+02
2796	1.111531e+02
2797	1.114932e+02
2798	1.118928e+02
2799	1.123009e+02
2800	1.127128e+02
2801	1.130712e+02
2802	1.133486e+02
2803	1.136225e+02
2804	1.137645e+02
2805	1.138359e+02
2806	1.139888e+02
2807	1.139246e+02
2808	1.137726e+02
2809	1.135894e+02
2810	1.132459e+02
2811	1.129344e+02
2812	1.125162e+02
2813	1.121573e+02
2814	1.117273e+02
2815	1.112493e+02
2816	1.106746e+02
2817	1.101081e+02
2818	1.095699e+02
2819	1.091676e+02
2820	1.087351e+02
2821	1.082526e+02
2822	1.077788e+02
2823	1.073036e+02
2824	1.069791e+02
2825	1.066981e+02
2826	1.063577e+02
2827	1.060507e+02
2828	1.057768e+02
2829	1.056662e+02
2830	1.055220e+02
2831	1.053272e+02
2832	1.050867e+02
2833	1.048626e+02
2834	1.045149e+02
2835	1.041876e+02
2836	1.038830e+02
2837	1.036144e+02
2838	1.034107e+02
2839	1.033311e+02
2840	1.032372e+02
2841	1.033079e+02
2842	1.033423e+02
2843	1.034764e+02
2844	1.037550e+02
2845	1.042375e+02
2846	1.047933e+02
2847	1.053200e+02
2848	1.058515e+02
2849	1.063166e+02
2850	1.069259e+02
2851	1.076014e+02
2852	1.083659e+02
2853	1.090814e+02
2854	1.097445e+02
2855	1.104726e+02
2856	1.111485e+02
2857	1.117158e+02
2858	1.123138e+02
2859	1.128392e+02
2860	1.132448e+02
2861	1.136051e+02
2862	1.137876e+02
2863	1.137556e+02
2864	1.136117e+02
2865	1.133335e+02
2866	1.129478e+02
2867	1.124901e+02
2868	1.118108e+02
2869	1.109748e+02
2870	1.099356e+02
2871	1.088317e+02
2872	1.076638e+02
2873	1.065572e+02
2874	1.055790e+02
2875	1.047472e+02
2876	1.039425e+02
2877	1.032012e+02
2878	1.025543e+02
2879	1.020030e+02
2880	1.016089e+02
2881	1.014814e+02
2882	1.015849e+02
2883	1.018380e+02
2884	1.022712e+02
2885	1.027603e+02
2886	1.033201e+02
2887	1.040370e+02
2888	1.047949e+02
2889	1.054293e+02
2890	1.060793e+02
2891	1.067414e+02
2892	1.074530e+02
2893	1.080804e+02
2894	1.086963e+02
2895	1.093510e+02
2896	1.098787e+02
2897	1.105132e+02
2898	1.111557e+02
2899	1.118081e+02
2900	1.124262e+02
2901	1.130549e+02
2902	1.136870e+02
2903	1.142583e+02
2904	1.147967e+02
2905	1.151569e+02
2906	1.154060e+02
2907	1.155073e+02
2908	1.155437e+02
2909	1.155523e+02
2910	1.154111e+02
2911	1.151572e+02
2912	1.148786e+02
2913	1.145688e+02
2914	1.141469e+02
2915	1.137271e+02
2916	1.132692e+02
2917	1.127625e+02
2918	1.123011e+02
2919	1.119071e+02
2920	1.114518e+02
2921	1.109148e+02
2922	1.103604e+02
2923	1.098261e+02
2924	1.092971e+02
2925	1.087205e+02
2926	1.080693e+02
2927	1.072772e+02
2928	1.065741e+02
2929	1.059828e+02
2930	1.054295e+02
2931	1.049576e+02
2932	1.044801e+02
2933	1.039977e+02
2934	1.036730e+02
2935	1.034449e+02
2936	1.033371e+02
2937	1.032459e+02
2938	1.032560e+02
2939	1.033818e+02
2940	1.035756e+02
2941	1.038437e+02
2942	1.041523e+02
2943	1.045841e+02
2944	1.050988e+02
2945	1.056009e+02
2946	1.060671e+02
2947	1.066509e+02
2948	1.072661e+02
2949	1.078679e+02
2950	1.084362e+02
2951	1.090343e+02
2952	1.096310e+02
2953	1.103002e+02
2954	1.108795e+02
2955	1.114097e+02
2956	1.119168e+02
2957	1.122603e+02
2958	1.125203e+02
2959	1.127376e+02
2960	1.129507e+02
2961	1.131905e+02
2962	1.132954e+02
2963	1.132393e+02
2964	1.132303e+02
2965	1.132317e+02
2966	1.131240e+02
2967	1.129041e+02
2968	1.126138e+02
2969	1.121819e+02
2970	1.117729e+02
2971	1.113278e+02
2972	1.106545e+02
2973	1.098886e+02
2974	1.090742e+02
2975	1.081508e+02
2976	1.071843e+02
2977	1.062001e+02
2978	1.052531e+02
2979	1.043760e+02
2980	1.035686e+02
2981	1.027136e+02
2982	1.019650e+02
2983	1.012771e+02
2984	1.007764e+02
2985	1.003799e+02
2986	1.001978e+02
2987	1.001927e+02
2988	1.003268e+02
2989	1.007256e+02
2990	1.012469e+02
2991	1.018527e+02
2992	1.025457e+02
2993	1.033173e+02
2994	1.041163e+02
2995	1.050225e+02
2996	1.060130e+02
2997	1.070945e+02
2998	1.082272e+02
2999	1.094321e+02
3000	1.106664e+02
3001	1.120338e+02
3002	1.132917e+02
3003	1.145304e+02
3004	1.157465e+02
3005	1.168548e+02
3006	1.177739e+02
3007	1.185545e+02
3008	1.190855e+02
3009	1.194675e+02
3010	1.196765e+02
3011	1.197606e+02
3012	1.196462e+02
3013	1.194264e+02
3014	1.190024e+02
3015	1.185450e+02
3016	1.180351e+02
3017	1.174503e+02
3018	1.167882e+02
3019	1.161423e+02
3020	1.155091e+02
3021	1.147240e+02
3022	1.138541e+02
3023	1.129037e+02
3024	1.119861e+02
3025	1.109347e+02
3026	1.100136e+02
3027	1.091572e+02
3028	1.083880e+02
3029	1.076790e+02
3030	1.069128e+02
3031	1.061490e+02
3032	1.055042e+02
3033	1.048916e+02
3034	1.043308e+02
3035	1.038860e+02
3036	1.036434e+02
3037	1.035957e+02
3038	1.037335e+02
3039	1.040009e+02
3040	1.042373e+02
3041	1.045607e+02
3042	1.049585e+02
3043	1.053537e+02
3044	1.056923e+02
3045	1.061618e+02
3046	1.065963e+02
3047	1.070922e+02
3048	1.075562e+02
3049	1.079339e+02
3050	1.082839e+02
3051	1.086344e+02
3052	1.089754e+02
3053	1.093105e+02
3054	1.095799e+02
3055	1.098817e+02
3056	1.101723e+02
3057	1.103928e+02
3058	1.105030e+02
3059	1.105929e+02
3060	1.105542e+02
3061	1.104868e+02
3062	1.103470e+02
3063	1.100413e+02
3064	1.096918e+02
3065	1.093345e+02
3066	1.088543e+02
3067	1.083524e+02
3068	1.077396e+02
3069	1.071108e+02
3070	1.065287e+02
3071	1.059362e+02
3072	1.054148e+02
3073	1.048300e+02
3074	1.043314e+02
3075	1.039401e+02
3076	1.036551e+02
3077	1.034160e+02
3078	1.032710e+02
3079	1.032125e+02
3080	1.031286e+02
3081	1.031109e+02
3082	1.031485e+02
3083	1.032163e+02
3084	1.032608e+02
3085	1.033554e+02
3086	1.033585e+02
3087	1.033944e+02
3088	1.034347e+02
3089	1.035065e+02
3090	1.036095e+02
3091	1.037519e+02
3092	1.040028e+02
3093	1.042658e+02
3094	1.046039e+02
3095	1.049623e+02
3096	1.053471e+02
3097	1.057445e+02
3098	1.061748e+02
3099	1.065970e+02
3100	1.071356e+02
3101	1.076078e+02
3102	1.081749e+02
3103	1.087454e+02
3104	1.092783e+02
3105	1.098728e+02
3106	1.104464e+02
3107	1.109823e+02
3108	1.113972e+02
3109	1.118177e+02
3110	1.121610e+02
3111	1.124715e+02
3112	1.127552e+02
3113	1.129408e+02
3114	1.129966e+02
3115	1.129470e+02
3116	1.127984e+02
3117	1.126214e+02
3118	1.123615e+02
3119	1.120955e+02
3120	1.117557e+02
3121	1.114911e+02
3122	1.111696e+02
3123	1.109216e+02
3124	1.106624e+02
3125	1.104118e+02
3126	1.101568e+02
3127	1.099284e+02
3128	1.097181e+02
3129	1.095266e+02
3130	1.092919e+02
3131	1.090134e+02
3132	1.088599e+02
3133	1.087180e+02
3134	1.085638e+02
3135	1.083187e+02
3136	1.080705e+02
3137	1.077649e+02
3138	1.074390e+02
3139	1.071709e+02
3140	1.069941e+02
3141	1.069136e+02
3142	1.069083e+02
3143	1.069562e+02
3144	1.068950e+02
3145	1.067974e+02
3146	1.067424e+02
3147	1.066685e+02
3148	1.065753e+02
3149	1.064830e+02
3150	1.064244e+02
3151	1.063531e+02
3152	1.062945e+02
3153	1.061726e+02
3154	1.061490e+02
3155	1.061983e+02
3156	1.062518e+02
3157	1.063651e+02
3158	1.065696e+02
3159	1.067274e+02
3160	1.068391e+02
3161	1.070724e+02
3162	1.073093e+02
3163	1.075136e+02
3164	1.077383e+02
3165	1.078637e+02
3166	1.080072e+02
3167	1.080185e+02
3168	1.081307e+02
3169	1.082211e+02
3170	1.083873e+02
3171	1.085022e+02
3172	1.085081e+02
3173	1.085912e+02
3174	1.085703e+02
3175	1.084302e+02
3176	1.082066e+02
3177	1.079132e+02
3178	1.075819e+02
3179	1.072741e+02
3180	1.069563e+02
3181	1.067452e+02
3182	1.065544e+02
3183	1.064790e+02
3184	1.064993e+02
3185	1.067244e+02
3186	1.069796e+02
3187	1.073372e+02
3188	1.077625e+02
3189	1.082829e+02
3190	1.088415e+02
3191	1.093285e+02
3192	1.098368e+02
3193	1.103830e+02
3194	1.108229e+02
3195	1.112230e+02
3196	1.116321e+02
3197	1.119554e+02
3198	1.122970e+02
3199	1.125482e+02
3200	1.126985e+02
3201	1.128433e+02
3202	1.129534e+02
3203	1.130429e+02
3204	1.131265e+02
3205	1.130855e+02
3206	1.129166e+02
3207	1.126638e+02
3208	1.123121e+02
3209	1.118585e+02
3210	1.113390e+02
3211	1.108698e+02
3212	1.103501e+02
3213	1.098667e+02
3214	1.093303e+02
3215	1.087338e+02
3216	1.082508e+02
3217	1.078654e+02
3218	1.075228e+02
3219	1.071979e+02
3220	1.069115e+02
3221	1.066719e+02
3222	1.064456e+02
3223	1.062330e+02
3224	1.061691e+02
3225	1.061697e+02
3226	1.062057e+02
3227	1.062673e+02
3228	1.063180e+02
3229	1.064575e+02
3230	1.065434e+02
3231	1.066513e+02
3232	1.068072e+02
3233	1.070569e+02
3234	1.072598e+02
3235	1.074024e+02
3236	1.074292e+02
3237	1.074795e+02
3238	1.074599e+02
3239	1.074474e+02
3240	1.074376e+02
3241	1.074564e+02
3242	1.075114e+02
3243	1.075594e+02
3244	1.074771e+02
3245	1.074408e+02
3246	1.074136e+02
3247	1.074832e+02
3248	1.075556e+02
3249	1.075959e+02
3250	1.077603e+02
3251	1.078946e+02
3252	1.079871e+02
3253	1.080608e+02
3254	1.081093e+02
3255	1.081072e+02
3256	1.081117e+02
3257	1.081257e+02
3258	1.082412e+02
3259	1.083661e+02
3260	1.084040e+02
3261	1.084996e+02
3262	1.086173e+02
3263	1.086848e+02
3264	1.087693e+02
3265	1.087578e+02
3266	1.087083e+02
3267	1.086035e+02
3268	1.083174e+02
3269	1.081369e+02
3270	1.080270e+02
3271	1.079351e+02
3272	1.080055e+02
3273	1.081888e+02
3274	1.084459e+02
3275	1.086548e+02
3276	1.088255e+02
3277	1.089557e+02
3278	1.091802e+02
3279	1.094501e+02
3280	1.096314e+02
3281	1.097566e+02
3282	1.098781e+02
3283	1.100208e+02
3284	1.101838e+02
3285	1.103381e+02
3286	1.103794e+02
3287	1.103527e+02
3288	1.103869e+02
3289	1.104477e+02
3290	1.104273e+02
3291	1.104747e+02
3292	1.104852e+02
3293	1.105324e+02
3294	1.104892e+02
3295	1.105192e+02
3296	1.105446e+02
3297	1.105069e+02
3298	1.104768e+02
3299	1.102963e+02
3300	1.100598e+02
3301	1.097529e+02
3302	1.094058e+02
3303	1.088900e+02
3304	1.083849e+02
3305	1.079212e+02
3306	1.074115e+02
3307	1.068103e+02
3308	1.062962e+02
3309	1.057271e+02
3310	1.052243e+02
3311	1.047947e+02
3312	1.043909e+02
3313	1.039646e+02
3314	1.035464e+02
3315	1.032422e+02
3316	1.029948e+02
3317	1.028901e+02
3318	1.029487e+02
3319	1.031133e+02
3320	1.031563e+02
3321	1.032102e+02
3322	1.034027e+02
3323	1.036424e+02
3324	1.039248e+02
3325	1.042473e+02
3326	1.046543e+02
3327	1.050675e+02
3328	1.053383e+02
3329	1.055362e+02
3330	1.058997e+02
3331	1.062788e+02
3332	1.067266e+02
3333	1.070560e+02
3334	1.073716e+02
3335	1.077062e+02
3336	1.080407e+02
3337	1.083525e+02
3338	1.086369e+02
3339	1.089276e+02
3340	1.091841e+02
3341	1.094229e+02
3342	1.097108e+02
3343	1.099098e+02
3344	1.100283e+02
3345	1.101064e+02
3346	1.100908e+02
3347	1.099625e+02
3348	1.099166e+02
3349	1.099091e+02
3350	1.100697e+02
3351	1.101689e+02
3352	1.102544e+02
3353	1.102496e+02
3354	1.102042e+02
3355	1.101606e+02
3356	1.101001e+02
3357	1.100628e+02
3358	1.101197e+02
3359	1.102733e+02
3360	1.104370e+02
3361	1.105914e+02
3362	1.106984e+02
3363	1.107716e+02
3364	1.107488e+02
3365	1.106826e+02
3366	1.106434e+02
3367	1.104511e+02
3368	1.103377e+02
3369	1.102432e+02
3370	1.101000e+02
3371	1.099384e+02
3372	1.098284e+02
3373	1.096834e+02
3374	1.095534e+02
3375	1.094150e+02
3376	1.092985e+02
3377	1.092029e+02
3378	1.090817e+02
3379	1.087952e+02
3380	1.085379e+02
3381	1.082285e+02
3382	1.078532e+02
3383	1.074568e+02
3384	1.071525e+02
3385	1.069228e+02
3386	1.068533e+02
3387	1.066925e+02
3388	1.065727e+02
3389	1.064463e+02
3390	1.062979e+02
3391	1.062923e+02
3392	1.063947e+02
3393	1.065343e+02
3394	1.065870e+02
3395	1.066572e+02
3396	1.067085e+02
3397	1.067892e+02
3398	1.069134e+02
3399	1.070030e+02
3400	1.072009e+02
3401	1.074858e+02
3402	1.077499e+02
3403	1.080624e+02
3404	1.084210e+02
3405	1.087407e+02
3406	1.089703e+02
3407	1.091812e+02
3408	1.093356e+02
3409	1.094833e+02
3410	1.095927e+02
3411	1.096211e+02
3412	1.095391e+02
3413	1.094189e+02
3414	1.092644e+02
3415	1.090996e+02
3416	1.088800e+02
3417	1.085511e+02
3418	1.082881e+02
3419	1.080951e+02
3420	1.079350e+02
3421	1.078432e+02
3422	1.078395e+02
3423	1.078274e+02
3424	1.077978e+02
3425	1.078205e+02
3426	1.078851e+02
3427	1.080025e+02
3428	1.081092e+02
3429	1.082219e+02
3430	1.082614e+02
3431	1.083112e+02
3432	1.083678e+02
3433	1.083783e+02
3434	1.084269e+02
3435	1.085148e+02
3436	1.085467e+02
3437	1.086629e+02
3438	1.088568e+02
3439	1.090534e+02
3440	1.092224e+02
3441	1.094055e+02
3442	1.096541e+02
3443	1.099332e+02
3444	1.103018e+02
3445	1.106929e+02
3446	1.110892e+02
3447	1.114232e+02
3448	1.117656e+02
3449	1.120956e+02
3450	1.122280e+02
3451	1.122739e+02
3452	1.122391e+02
3453	1.123027e+02
3454	1.122463e+02
3455	1.121396e+02
3456	1.119646e+02
3457	1.117933e+02
3458	1.115951e+02
3459	1.114103e+02
3460	1.112034e+02
3461	1.109560e+02
3462	1.107933e+02
3463	1.106064e+02
3464	1.103064e+02
3465	1.100795e+02
3466	1.096934e+02
3467	1.091420e+02
3468	1.085804e+02
3469	1.079835e+02
3470	1.074130e+02
3471	1.069612e+02
3472	1.065601e+02
3473	1.062534e+02
3474	1.059205e+02
3475	1.056063e+02
3476	1.053947e+02
3477	1.051745e+02
3478	1.050713e+02
3479	1.049582e+02
3480	1.047949e+02
3481	1.046980e+02
3482	1.046888e+02
3483	1.046602e+02
3484	1.046679e+02
3485	1.046535e+02
3486	1.045722e+02
3487	1.046300e+02
3488	1.048518e+02
3489	1.050875e+02
3490	1.052927e+02
3491	1.055761e+02
3492	1.059045e+02
3493	1.061410e+02
3494	1.063713e+02
3495	1.065271e+02
3496	1.066228e+02
3497	1.066602e+02
3498	1.067101e+02
3499	1.067149e+02
3500	1.065938e+02
3501	1.063234e+02
3502	1.060571e+02
3503	1.058854e+02
3504	1.057323e+02
3505	1.054793e+02
3506	1.053379e+02
3507	1.051880e+02
3508	1.050594e+02
3509	1.049569e+02
3510	1.048328e+02
3511	1.048040e+02
3512	1.047806e+02
3513	1.047222e+02
3514	1.047368e+02
3515	1.047950e+02
3516	1.050228e+02
3517	1.053349e+02
3518	1.057552e+02
3519	1.062638e+02
3520	1.068346e+02
3521	1.073712e+02
3522	1.078042e+02
3523	1.081947e+02
3524	1.084768e+02
3525	1.088070e+02
3526	1.090336e+02
3527	1.091361e+02
3528	1.093115e+02
3529	1.094100e+02
3530	1.093435e+02
3531	1.092553e+02
3532	1.090607e+02
3533	1.089477e+02
3534	1.088705e+02
3535	1.088131e+02
3536	1.087707e+02
3537	1.087441e+02
3538	1.088880e+02
3539	1.090741e+02
3540	1.093220e+02
3541	1.095879e+02
3542	1.098517e+02
3543	1.099990e+02
3544	1.100738e+02
3545	1.102259e+02
3546	1.103465e+02
3547	1.105692e+02
3548	1.107288e+02
3549	1.108894e+02
3550	1.110241e+02
3551	1.112827e+02
3552	1.115091e+02
3553	1.115717e+02
3554	1.114816e+02
3555	1.112759e+02
3556	1.111652e+02
3557	1.110038e+02
3558	1.109070e+02
3559	1.108577e+02
3560	1.107408e+02
3561	1.105348e+02
3562	1.102995e+02
3563	1.100460e+02
3564	1.098638e+02
3565	1.097458e+02
3566	1.096045e+02
3567	1.094528e+02
3568	1.092600e+02
3569	1.089845e+02
3570	1.086535e+02
3571	1.083140e+02
3572	1.079151e+02
3573	1.075966e+02
3574	1.073001e+02
3575	1.070090e+02
3576	1.066607e+02
3577	1.062574e+02
3578	1.058948e+02
3579	1.054816e+02
3580	1.051029e+02
3581	1.048345e+02
3582	1.046498e+02
3583	1.044921e+02
3584	1.043201e+02
3585	1.041484e+02
3586	1.040436e+02
3587	1.039971e+02
3588	1.040649e+02
3589	1.043669e+02
3590	1.047710e+02
3591	1.052668e+02
3592	1.058010e+02
3593	1.064279e+02
3594	1.071119e+02
3595	1.077079e+02
3596	1.082471e+02
3597	1.087320e+02
3598	1.090793e+02
3599	1.092790e+02
3600	1.093606e+02
3601	1.094403e+02
3602	1.095084e+02
3603	1.094941e+02
3604	1.094475e+02
3605	1.094002e+02
3606	1.092956e+02
3607	1.091241e+02
3608	1.090118e+02
3609	1.088913e+02
3610	1.086896e+02
3611	1.084759e+02
3612	1.083420e+02
3613	1.081883e+02
3614	1.079402e+02
3615	1.076175e+02
3616	1.072652e+02
3617	1.068759e+02
3618	1.065218e+02
3619	1.061492e+02
3620	1.057311e+02
3621	1.053679e+02
3622	1.050943e+02
3623	1.048874e+02
3624	1.046768e+02
3625	1.044294e+02
3626	1.042396e+02
3627	1.041093e+02
3628	1.039267e+02
3629	1.037797e+02
3630	1.036324e+02
3631	1.036274e+02
3632	1.036923e+02
3633	1.039876e+02
3634	1.043775e+02
3635	1.048079e+02
3636	1.052969e+02
3637	1.058365e+02
3638	1.063753e+02
3639	1.068526e+02
3640	1.073645e+02
3641	1.080028e+02
3642	1.086181e+02
3643	1.092019e+02
3644	1.098059e+02
3645	1.103782e+02
3646	1.108798e+02
3647	1.114974e+02
3648	1.120948e+02
3649	1.125665e+02
3650	1.129308e+02
3651	1.132216e+02
3652	1.134283e+02
3653	1.135679e+02
3654	1.137290e+02
3655	1.138913e+02
3656	1.140637e+02
3657	1.142139e+02
3658	1.142281e+02
3659	1.141260e+02
3660	1.140260e+02
3661	1.138114e+02
3662	1.135291e+02
3663	1.131347e+02
3664	1.125013e+02
3665	1.116478e+02
3666	1.107658e+02
3667	1.097773e+02
3668	1.087846e+02
3669	1.077989e+02
3670	1.068542e+02
3671	1.059903e+02
3672	1.052610e+02
3673	1.045038e+02
3674	1.038409e+02
3675	1.032482e+02
3676	1.027221e+02
3677	1.022919e+02
3678	1.021309e+02
3679	1.021309e+02
3680	1.020573e+02
3681	1.020043e+02
3682	1.022161e+02
3683	1.026512e+02
3684	1.032079e+02
3685	1.038366e+02
3686	1.045915e+02
3687	1.053772e+02
3688	1.061903e+02
3689	1.069631e+02
3690	1.076523e+02
3691	1.082269e+02
3692	1.087795e+02
3693	1.092227e+02
3694	1.095248e+02
3695	1.097941e+02
3696	1.099293e+02
3697	1.099964e+02
3698	1.100738e+02
3699	1.101703e+02
3700	1.102069e+02
3701	1.102309e+02
3702	1.102347e+02
3703	1.101392e+02
3704	1.099754e+02
3705	1.097266e+02
3706	1.094038e+02
3707	1.091685e+02
3708	1.089024e+02
3709	1.085732e+02
3710	1.082589e+02
3711	1.078406e+02
3712	1.074221e+02
3713	1.070413e+02
3714	1.067531e+02
3715	1.064755e+02
3716	1.063084e+02
3717	1.061664e+02
3718	1.060719e+02
3719	1.061274e+02
3720	1.062854e+02
3721	1.064004e+02
3722	1.066183e+02
3723	1.068415e+02
3724	1.070568e+02
3725	1.072651e+02
3726	1.074749e+02
3727	1.075870e+02
3728	1.078364e+02
3729	1.079643e+02
3730	1.081864e+02
3731	1.083406e+02
3732	1.084506e+02
3733	1.085567e+02
3734	1.086267e+02
3735	1.085410e+02
3736	1.084009e+02
3737	1.082356e+02
3738	1.081028e+02
3739	1.080181e+02
3740	1.079553e+02
3741	1.078563e+02
3742	1.077020e+02
3743	1.076130e+02
3744	1.076080e+02
3745	1.076239e+02
3746	1.076197e+02
3747	1.077046e+02
3748	1.076587e+02
3749	1.076323e+02
3750	1.075746e+02
3751	1.075953e+02
3752	1.076294e+02
3753	1.076920e+02
3754	1.077339e+02
3755	1.076606e+02
3756	1.076541e+02
3757	1.076619e+02
3758	1.076684e+02
3759	1.076399e+02
3760	1.075010e+02
3761	1.072860e+02
3762	1.071111e+02
3763	1.069715e+02
3764	1.067790e+02
3765	1.066624e+02
3766	1.064835e+02
3767	1.063474e+02
3768	1.062425e+02
3769	1.060655e+02
3770	1.059018e+02
3771	1.056171e+02
3772	1.055246e+02
3773	1.054564e+02
3774	1.053427e+02
3775	1.051827e+02
3776	1.051921e+02
3777	1.051778e+02
3778	1.051495e+02
3779	1.050863e+02
3780	1.051317e+02
3781	1.053754e+02
3782	1.056295e+02
3783	1.060364e+02
3784	1.064872e+02
3785	1.069850e+02
3786	1.075473e+02
3787	1.081601e+02
3788	1.088310e+02
3789	1.094884e+02
3790	1.101511e+02
3791	1.108006e+02
3792	1.113283e+02
3793	1.117676e+02
3794	1.121394e+02
3795	1.124481e+02
3796	1.126895e+02
3797	1.128483e+02
3798	1.129805e+02
3799	1.129806e+02
3800	1.128944e+02
3801	1.127696e+02
3802	1.125766e+02
3803	1.122852e+02
3804	1.120588e+02
3805	1.117625e+02
3806	1.114494e+02
3807	1.112046e+02
3808	1.110833e+02
3809	1.109344e+02
3810	1.108301e+02
3811	1.106736e+02
3812	1.104501e+02
3813	1.101815e+02
3814	1.098424e+02
3815	1.095421e+02
3816	1.092300e+02
3817	1.089584e+02
3818	1.086810e+02
3819	1.083047e+02
3820	1.078559e+02
3821	1.073625e+02
3822	1.069257e+02
3823	1.065573e+02
3824	1.061787e+02
3825	1.058592e+02
3826	1.055383e+02
3827	1.053167e+02
3828	1.051576e+02
3829	1.050163e+02
3830	1.049784e+02
3831	1.050115e+02
3832	1.050884e+02
3833	1.052485e+02
3834	1.055070e+02
3835	1.059617e+02
3836	1.064915e+02
3837	1.070086e+02
3838	1.077168e+02
3839	1.083405e+02
3840	1.090601e+02
3841	1.097294e+02
3842	1.103475e+02
3843	1.110170e+02
3844	1.115770e+02
3845	1.120103e+02
3846	1.124191e+02
3847	1.127679e+02
3848	1.129353e+02
3849	1.129634e+02
3850	1.128944e+02
3851	1.126577e+02
3852	1.123108e+02
3853	1.117881e+02
3854	1.111697e+02
3855	1.105001e+02
3856	1.097266e+02
3857	1.089291e+02
3858	1.081375e+02
3859	1.072813e+02
3860	1.064368e+02
3861	1.054759e+02
3862	1.045794e+02
3863	1.036657e+02
3864	1.026870e+02
3865	1.017846e+02
3866	1.009101e+02
3867	1.002058e+02
3868	9.953033e+01
3869	9.892662e+01
3870	9.850793e+01
3871	9.817508e+01
3872	9.796045e+01
3873	9.786884e+01
3874	9.785683e+01
3875	9.805267e+01
3876	9.852206e+01
3877	9.906973e+01
3878	9.993236e+01
3879	1.008364e+02
3880	1.017826e+02
3881	1.028576e+02
3882	1.039309e+02
3883	1.050138e+02
3884	1.061810e+02
3885	1.072994e+02
3886	1.084507e+02
3887	1.096105e+02
3888	1.108891e+02
3889	1.121095e+02
3890	1.132101e+02
3891	1.142457e+02
3892	1.153283e+02
3893	1.162346e+02
3894	1.170551e+02
3895	1.177453e+02
3896	1.182201e+02
3897	1.184820e+02
3898	1.185346e+02
3899	1.183852e+02
3900	1.182152e+02
3901	1.179025e+02
3902	1.174651e+02
3903	1.168820e+02
3904	1.162108e+02
3905	1.154131e+02
3906	1.145366e+02
3907	1.136338e+02
3908	1.127365e+02
3909	1.118780e+02
3910	1.109293e+02
3911	1.100283e+02
3912	1.091995e+02
3913	1.084725e+02
3914	1.078618e+02
3915	1.071628e+02
3916	1.065826e+02
3917	1.060750e+02
3918	1.056057e+02
3919	1.051459e+02
3920	1.048894e+02
3921	1.047503e+02
3922	1.046849e+02
3923	1.048037e+02
3924	1.048975e+02
3925	1.051076e+02
3926	1.052982e+02
3927	1.056079e+02
3928	1.059518e+02
3929	1.063231e+02
3930	1.068333e+02
3931	1.073656e+02
3932	1.079732e+02
3933	1.086986e+02
3934	1.094405e+02
3935	1.102872e+02
3936	1.111245e+02
3937	1.118556e+02
3938	1.126053e+02
3939	1.132473e+02
3940	1.137762e+02
3941	1.141306e+02
3942	1.144965e+02
3943	1.147266e+02
3944	1.147679e+02
3945	1.145842e+02
3946	1.142870e+02
3947	1.139347e+02
3948	1.134958e+02
3949	1.130355e+02
3950	1.125693e+02
3951	1.119882e+02
3952	1.114440e+02
3953	1.107843e+02
3954	1.100194e+02
3955	1.092934e+02
3956	1.086488e+02
3957	1.079645e+02
3958	1.072573e+02
3959	1.066400e+02
3960	1.060949e+02
3961	1.055914e+02
3962	1.051951e+02
3963	1.048646e+02
3964	1.047443e+02
3965	1.047243e+02
3966	1.046352e+02
3967	1.045028e+02
3968	1.045763e+02
3969	1.046573e+02
3970	1.048904e+02
3971	1.052018e+02
3972	1.058289e+02
3973	1.065805e+02
3974	1.073713e+02
3975	1.082372e+02
3976	1.091266e+02
3977	1.099846e+02
3978	1.108311e+02
3979	1.117312e+02
3980	1.126398e+02
3981	1.134234e+02
3982	1.142175e+02
3983	1.149337e+02
3984	1.154694e+02
3985	1.159461e+02
3986	1.163827e+02
3987	1.165693e+02
3988	1.165606e+02
3989	1.164130e+02
3990	1.162344e+02
3991	1.159909e+02
3992	1.156317e+02
3993	1.152473e+02
3994	1.147177e+02
3995	1.141449e+02
3996	1.135372e+02
3997	1.128175e+02
3998	1.120481e+02
3999	1.111305e+02
4000	1.101118e+02
4001	1.090270e+02
4002	1.079139e+02
4003	1.067757e+02
4004	1.055187e+02
4005	1.042337e+02
4006	1.028597e+02
4007	1.014690e+02
4008	1.001469e+02
4009	9.877479e+01
4010	9.759812e+01
4011	9.662127e+01
4012	9.582384e+01
4013	9.519403e+01
4014	9.473662e+01
4015	9.435685e+01
4016	9.415379e+01
4017	9.406815e+01
4018	9.418444e+01
4019	9.440963e+01
4020	9.469548e+01
4021	9.513831e+01
4022	9.582274e+01
4023	9.664554e+01
4024	9.758349e+01
4025	9.869773e+01
4026	9.999978e+01
4027	1.014990e+02
4028	1.030606e+02
4029	1.047859e+02
4030	1.064471e+02
4031	1.081548e+02
4032	1.099058e+02
4033	1.114402e+02
4034	1.128781e+02
4035	1.141112e+02
4036	1.151588e+02
4037	1.159073e+02
4038	1.164502e+02
4039	1.169432e+02
4040	1.173534e+02
4041	1.176119e+02
4042	1.177162e+02
4043	1.177076e+02
4044	1.175517e+02
4045	1.171992e+02
4046	1.166802e+02
4047	1.161001e+02
4048	1.153896e+02
4049	1.146595e+02
4050	1.136650e+02
4051	1.126590e+02
4052	1.116736e+02
4053	1.105816e+02
4054	1.093987e+02
4055	1.081799e+02
4056	1.072041e+02
4057	1.063127e+02
4058	1.054692e+02
4059	1.046376e+02
4060	1.039635e+02
4061	1.033430e+02
4062	1.028359e+02
4063	1.025019e+02
4064	1.022445e+02
4065	1.020268e+02
4066	1.019966e+02
4067	1.021422e+02
4068	1.026037e+02
4069	1.031431e+02
4070	1.038118e+02
4071	1.046534e+02
4072	1.055770e+02
4073	1.065984e+02
4074	1.077272e+02
4075	1.090065e+02
4076	1.102497e+02
4077	1.115467e+02
4078	1.127467e+02
4079	1.139522e+02
4080	1.151038e+02
4081	1.161531e+02
4082	1.171651e+02
4083	1.180239e+02
4084	1.187511e+02
4085	1.192692e+02
4086	1.196082e+02
4087	1.198800e+02
4088	1.198820e+02
4089	1.197240e+02
4090	1.192591e+02
4091	1.185820e+02
4092	1.176966e+02
4093	1.166643e+02
4094	1.154571e+02
4095	1.141118e+02
4096	1.126464e+02
4097	1.110888e+02
4098	1.094491e+02
4099	1.078416e+02
4100	1.062595e+02
4101	1.047705e+02
4102	1.034223e+02
4103	1.022071e+02
4104	1.010694e+02
4105	1.001363e+02
4106	9.933977e+01
4107	9.872182e+01
4108	9.823988e+01
4109	9.784796e+01
4110	9.760630e+01
4111	9.748206e+01
4112	9.748580e+01
4113	9.765833e+01
4114	9.799573e+01
4115	9.845151e+01
4116	9.902049e+01
4117	9.974696e+01
4118	1.005284e+02
4119	1.015088e+02
4120	1.023716e+02
4121	1.034709e+02
4122	1.045254e+02
4123	1.055142e+02
4124	1.065139e+02
4125	1.075250e+02
4126	1.085881e+02
4127	1.096966e+02
4128	1.107332e+02
4129	1.117440e+02
4130	1.127038e+02
4131	1.134787e+02
4132	1.141531e+02
4133	1.147624e+02
4134	1.152665e+02
4135	1.155408e+02
4136	1.156234e+02
4137	1.155282e+02
4138	1.151266e+02
4139	1.145199e+02
4140	1.137782e+02
4141	1.129614e+02
4142	1.121261e+02
4143	1.112464e+02
4144	1.102455e+02
4145	1.092710e+02
4146	1.084438e+02
4147	1.077222e+02
4148	1.070258e+02
4149	1.063208e+02
4150	1.056359e+02
4151	1.049474e+02
4152	1.042579e+02
4153	1.035529e+02
4154	1.029808e+02
4155	1.024299e+02
4156	1.019447e+02
4157	1.016038e+02
4158	1.013525e+02
4159	1.011468e+02
4160	1.011036e+02
4161	1.011289e+02
4162	1.011858e+02
4163	1.012961e+02
4164	1.015638e+02
4165	1.019270e+02
4166	1.024400e+02
4167	1.030003e+02
4168	1.036194e+02
4169	1.043015e+02
4170	1.050377e+02
4171	1.058032e+02
4172	1.066040e+02
4173	1.073695e+02
4174	1.080705e+02
4175	1.088349e+02
4176	1.095474e+02
4177	1.102253e+02
4178	1.108610e+02
4179	1.114668e+02
4180	1.119367e+02
4181	1.123091e+02
4182	1.125428e+02
4183	1.126719e+02
4184	1.127115e+02
4185	1.126812e+02
4186	1.125345e+02
4187	1.122609e+02
4188	1.118496e+02
4189	1.113001e+02
4190	1.105933e+02
4191	1.099191e+02
4192	1.092048e+02
4193	1.083674e+02
4194	1.075324e+02
4195	1.066500e+02
4196	1.056988e+02
4197	1.047749e+02
4198	1.038815e+02
4199	1.030588e+02
4200	1.023402e+02
4201	1.017423e+02
4202	1.012858e+02
4203	1.009579e+02
4204	1.007093e+02
4205	1.006183e+02
4206	1.006333e+02
4207	1.008925e+02
4208	1.013153e+02
4209	1.019310e+02
4210	1.025924e+02
4211	1.034638e+02
4212	1.043931e+02
4213	1.055006e+02
4214	1.065734e+02
4215	1.077915e+02
4216	1.088830e+02
4217	1.099858e+02
4218	1.111236e+02
4219	1.122039e+02
4220	1.133114e+02
4221	1.143099e+02
4222	1.151813e+02
4223	1.158554e+02
4224	1.163339e+02
4225	1.167617e+02
4226	1.169635e+02
4227	1.169964e+02
4228	1.167535e+02
4229	1.163823e+02
4230	1.157951e+02
4231	1.151177e+02
4232	1.142905e+02
4233	1.134973e+02
4234	1.125827e+02
4235	1.116011e+02
4236	1.105073e+02
4237	1.094220e+02
4238	1.084033e+02
4239	1.074798e+02
4240	1.065525e+02
4241	1.055793e+02
4242	1.046109e+02
4243	1.036680e+02
4244	1.027068e+02
4245	1.017986e+02
4246	1.010563e+02
4247	1.005550e+02
4248	1.001386e+02
4249	9.982632e+01
4250	9.964595e+01
4251	9.973589e+01
4252	9.993404e+01
4253	1.002352e+02
4254	1.007539e+02
4255	1.013266e+02
4256	1.019453e+02
4257	1.025842e+02
4258	1.033326e+02
4259	1.041396e+02
4260	1.048734e+02
4261	1.057024e+02
4262	1.065393e+02
4263	1.075095e+02
4264	1.085340e+02
4265	1.095116e+02
4266	1.104251e+02
4267	1.112537e+02
4268	1.120089e+02
4269	1.126917e+02
4270	1.133337e+02
4271	1.137928e+02
4272	1.140352e+02
4273	1.142187e+02
4274	1.141343e+02
4275	1.139174e+02
4276	1.135206e+02
4277	1.130358e+02
4278	1.124210e+02
4279	1.117444e+02
4280	1.110173e+02
4281	1.101697e+02
4282	1.091945e+02
4283	1.081939e+02
4284	1.071413e+02
4285	1.060210e+02
4286	1.048200e+02
4287	1.035040e+02
4288	1.022158e+02
4289	1.009750e+02
4290	9.972832e+01
4291	9.864830e+01
4292	9.773124e+01
4293	9.697796e+01
4294	9.639713e+01
4295	9.595675e+01
4296	9.572269e+01
4297	9.575186e+01
4298	9.591687e+01
4299	9.630301e+01
4300	9.691465e+01
4301	9.765119e+01
4302	9.858659e+01
4303	9.970965e+01
4304	1.009513e+02
4305	1.022597e+02
4306	1.035969e+02
4307	1.049431e+02
4308	1.062868e+02
4309	1.076281e+02
4310	1.089417e+02
4311	1.103192e+02
4312	1.117568e+02
4313	1.131004e+02
4314	1.143157e+02
4315	1.154667e+02
4316	1.164176e+02
4317	1.172666e+02
4318	1.179722e+02
4319	1.185402e+02
4320	1.189239e+02
4321	1.192182e+02
4322	1.193402e+02
4323	1.193811e+02
4324	1.194453e+02
4325	1.194357e+02
4326	1.193394e+02
4327	1.189776e+02
4328	1.183832e+02
4329	1.175928e+02
4330	1.166747e+02
4331	1.156061e+02
4332	1.144100e+02
4333	1.130520e+02
4334	1.116497e+02
4335	1.103277e+02
4336	1.090361e+02
4337	1.078279e+02
4338	1.066585e+02
4339	1.056845e+02
4340	1.047199e+02
4341	1.038562e+02
4342	1.030986e+02
4343	1.025769e+02
4344	1.022250e+02
4345	1.019377e+02
4346	1.018437e+02
4347	1.018731e+02
4348	1.019540e+02
4349	1.020899e+02
4350	1.022842e+02
4351	1.025862e+02
4352	1.028370e+02
4353	1.032364e+02
4354	1.035929e+02
4355	1.040412e+02
4356	1.045671e+02
4357	1.052779e+02
4358	1.059992e+02
4359	1.067192e+02
4360	1.074965e+02
4361	1.083508e+02
4362	1.092481e+02
4363	1.100845e+02
4364	1.109512e+02
4365	1.117251e+02
4366	1.124779e+02
4367	1.132979e+02
4368	1.140375e+02
4369	1.147038e+02
4370	1.153030e+02
4371	1.158437e+02
4372	1.162979e+02
4373	1.165841e+02
4374	1.167109e+02
4375	1.166040e+02
4376	1.163224e+02
4377	1.160048e+02
4378	1.154508e+02
4379	1.148251e+02
4380	1.139568e+02
4381	1.130258e+02
4382	1.120589e+02
4383	1.111111e+02
4384	1.102765e+02
4385	1.094699e+02
4386	1.087365e+02
4387	1.081057e+02
4388	1.075805e+02
4389	1.070939e+02
4390	1.065910e+02
4391	1.061779e+02
4392	1.057819e+02
4393	1.053449e+02
4394	1.049914e+02
4395	1.046470e+02
4396	1.043613e+02
4397	1.042263e+02
4398	1.041647e+02
4399	1.040936e+02
4400	1.041407e+02
4401	1.042309e+02
4402	1.044437e+02
4403	1.046870e+02
4404	1.050073e+02
4405	1.053785e+02
4406	1.056870e+02
4407	1.061727e+02
4408	1.067691e+02
4409	1.074059e+02
4410	1.081503e+02
4411	1.088995e+02
4412	1.096876e+02
4413	1.105640e+02
4414	1.114390e+02
4415	1.122664e+02
4416	1.130003e+02
4417	1.136528e+02
4418	1.141735e+02
4419	1.145559e+02
4420	1.146957e+02
4421	1.146157e+02
4422	1.143244e+02
4423	1.138331e+02
4424	1.132778e+02
4425	1.125839e+02
4426	1.117528e+02
4427	1.110150e+02
4428	1.101996e+02
4429	1.095486e+02
4430	1.089751e+02
4431	1.084873e+02
4432	1.079887e+02
4433	1.074827e+02
4434	1.069761e+02
4435	1.066193e+02
4436	1.064044e+02
4437	1.061591e+02
4438	1.060189e+02
4439	1.059056e+02
4440	1.056707e+02
4441	1.055786e+02
4442	1.054543e+02
4443	1.053478e+02
4444	1.052492e+02
4445	1.051426e+02
4446	1.050340e+02
4447	1.050794e+02
4448	1.050430e+02
4449	1.050799e+02
4450	1.051193e+02
4451	1.052899e+02
4452	1.054730e+02
4453	1.057873e+02
4454	1.061030e+02
4455	1.064813e+02
4456	1.068707e+02
4457	1.072260e+02
4458	1.074536e+02
4459	1.076265e+02
4460	1.080732e+02
4461	1.084914e+02
4462	1.088333e+02
4463	1.090270e+02
4464	1.090170e+02
4465	1.090888e+02
4466	1.091252e+02
4467	1.090813e+02
4468	1.090394e+02
4469	1.089682e+02
4470	1.089819e+02
4471	1.090434e+02
4472	1.090550e+02
4473	1.090491e+02
4474	1.090935e+02
4475	1.092226e+02
4476	1.093641e+02
4477	1.094991e+02
4478	1.095371e+02
4479	1.095492e+02
4480	1.095301e+02
4481	1.094177e+02
4482	1.092481e+02
4483	1.089779e+02
4484	1.085380e+02
4485	1.081051e+02
4486	1.076514e+02
4487	1.072753e+02
4488	1.069130e+02
4489	1.066880e+02
4490	1.065244e+02
4491	1.065395e+02
4492	1.065648e+02
4493	1.066192e+02
4494	1.067596e+02
4495	1.069195e+02
4496	1.071531e+02
4497	1.073637e+02
4498	1.076547e+02
4499	1.079296e+02
4500	1.081986e+02
4501	1.085610e+02
4502	1.089574e+02
4503	1.094909e+02
4504	1.099920e+02
4505	1.104252e+02
4506	1.108447e+02
4507	1.112772e+02
4508	1.117009e+02
4509	1.121184e+02
4510	1.124343e+02
4511	1.128102e+02
4512	1.132200e+02
4513	1.136331e+02
4514	1.139066e+02
4515	1.142189e+02
4516	1.144451e+02
4517	1.146053e+02
4518	1.147225e+02
4519	1.147935e+02
4520	1.147360e+02
4521	1.146373e+02
4522	1.144129e+02
4523	1.139942e+02
4524	1.133647e+02
4525	1.125649e+02
4526	1.116837e+02
4527	1.107193e+02
4528	1.096459e+02
4529	1.084814e+02
4530	1.073947e+02
4531	1.063511e+02
4532	1.054406e+02
4533	1.045030e+02
4534	1.037389e+02
4535	1.031417e+02
4536	1.025985e+02
4537	1.020423e+02
4538	1.015554e+02
4539	1.012074e+02
4540	1.010495e+02
4541	1.008936e+02
4542	1.007286e+02
4543	1.006388e+02
4544	1.007250e+02
4545	1.008924e+02
4546	1.011802e+02
4547	1.016600e+02
4548	1.022429e+02
4549	1.027862e+02
4550	1.032624e+02
4551	1.037170e+02
4552	1.042019e+02
4553	1.048135e+02
4554	1.054212e+02
4555	1.060521e+02
4556	1.066571e+02
4557	1.072605e+02
4558	1.078589e+02
4559	1.082858e+02
4560	1.087138e+02
4561	1.092026e+02
4562	1.097115e+02
4563	1.102481e+02
4564	1.107319e+02
4565	1.111382e+02
4566	1.115357e+02
4567	1.118753e+02
4568	1.121059e+02
4569	1.122177e+02
4570	1.122969e+02
4571	1.122966e+02
4572	1.122001e+02
4573	1.119687e+02
4574	1.116776e+02
4575	1.112588e+02
4576	1.108166e+02
4577	1.102638e+02
4578	1.096642e+02
4579	1.090443e+02
4580	1.083387e+02
4581	1.076195e+02
4582	1.069333e+02
4583	1.063516e+02
4584	1.058908e+02
4585	1.054339e+02
4586	1.050117e+02
4587	1.046070e+02
4588	1.043529e+02
4589	1.040667e+02
4590	1.037757e+02
4591	1.035060e+02
4592	1.033607e+02
4593	1.034153e+02
4594	1.035459e+02
4595	1.037789e+02
4596	1.040190e+02
4597	1.041922e+02
4598	1.043885e+02
4599	1.046798e+02
4600	1.050702e+02
4601	1.055951e+02
4602	1.061617e+02
4603	1.067549e+02
4604	1.074442e+02
4605	1.082503e+02
4606	1.091782e+02
4607	1.101486e+02
4608	1.111248e+02
4609	1.121537e+02
4610	1.131778e+02
4611	1.140575e+02
4612	1.147874e+02
4613	1.154353e+02
4614	1.159023e+02
4615	1.161299e+02
4616	1.161526e+02
4617	1.160781e+02
4618	1.158025e+02
4619	1.153904e+02
4620	1.148545e+02
4621	1.141853e+02
4622	1.134114e+02
4623	1.125277e+02
4624	1.116982e+02
4625	1.107823e+02
4626	1.098192e+02
4627	1.089725e+02
4628	1.079959e+02
4629	1.070011e+02
4630	1.060362e+02
4631	1.049616e+02
4632	1.038945e+02
4633	1.029675e+02
4634	1.021664e+02
4635	1.014535e+02
4636	1.008838e+02
4637	1.003421e+02
4638	9.999094e+01
4639	9.987696e+01
4640	9.986099e+01
4641	1.000462e+02
4642	1.004447e+02
4643	1.009470e+02
4644	1.016002e+02
4645	1.023149e+02
4646	1.031386e+02
4647	1.040623e+02
4648	1.050564e+02
4649	1.060380e+02
4650	1.070466e+02
4651	1.080359e+02
4652	1.089347e+02
4653	1.097952e+02
4654	1.106005e+02
4655	1.113569e+02
4656	1.120808e+02
4657	1.128152e+02
4658	1.133636e+02
4659	1.138624e+02
4660	1.142647e+02
4661	1.146523e+02
4662	1.149973e+02
4663	1.151229e+02
4664	1.150766e+02
4665	1.150927e+02
4666	1.150010e+02
4667	1.148387e+02
4668	1.145798e+02
4669	1.141831e+02
4670	1.137483e+02
4671	1.132439e+02
4672	1.127167e+02
4673	1.121682e+02
4674	1.115304e+02
4675	1.107856e+02
4676	1.099957e+02
4677	1.091885e+02
4678	1.082117e+02
4679	1.072550e+02
4680	1.062964e+02
4681	1.054516e+02
4682	1.047197e+02
4683	1.040857e+02
4684	1.036120e+02
4685	1.031496e+02
4686	1.026740e+02
4687	1.022969e+02
4688	1.021199e+02
4689	1.020807e+02
4690	1.021914e+02
4691	1.024694e+02
4692	1.028130e+02
4693	1.032426e+02
4694	1.037848e+02
4695	1.044408e+02
4696	1.050578e+02
4697	1.057369e+02
4698	1.064988e+02
4699	1.073409e+02
4700	1.082532e+02
4701	1.091939e+02
4702	1.101156e+02
4703	1.109890e+02
4704	1.117564e+02
4705	1.124758e+02
4706	1.130101e+02
4707	1.134928e+02
4708	1.139518e+02
4709	1.144035e+02
4710	1.147825e+02
4711	1.151132e+02
4712	1.153986e+02
4713	1.155814e+02
4714	1.155811e+02
4715	1.155071e+02
4716	1.154171e+02
4717	1.152258e+02
4718	1.149621e+02
4719	1.145905e+02
4720	1.140704e+02
4721	1.135411e+02
4722	1.128496e+02
4723	1.120068e+02
4724	1.109846e+02
4725	1.099053e+02
4726	1.088062e+02
4727	1.075160e+02
4728	1.062890e+02
4729	1.050301e+02
4730	1.038360e+02
4731	1.027926e+02
4732	1.018276e+02
4733	1.008752e+02
4734	1.000220e+02
4735	9.926253e+01
4736	9.861410e+01
4737	9.809346e+01
4738	9.778228e+01
4739	9.778523e+01
4740	9.796907e+01
4741	9.816321e+01
4742	9.857876e+01
4743	9.916553e+01
4744	1.000149e+02
4745	1.010004e+02
4746	1.021791e+02
4747	1.034550e+02
4748	1.050024e+02
4749	1.066490e+02
4750	1.082523e+02
4751	1.099016e+02
4752	1.115635e+02
4753	1.131347e+02
4754	1.147322e+02
4755	1.162047e+02
4756	1.174327e+02
4757	1.185585e+02
4758	1.195398e+02
4759	1.204681e+02
4760	1.211666e+02
4761	1.217392e+02
4762	1.222208e+02
4763	1.225435e+02
4764	1.227101e+02
4765	1.227179e+02
4766	1.224295e+02
4767	1.219930e+02
4768	1.213412e+02
4769	1.204875e+02
4770	1.194862e+02
4771	1.182309e+02
4772	1.167879e+02
4773	1.151540e+02
4774	1.134450e+02
4775	1.116852e+02
4776	1.098637e+02
4777	1.081201e+02
4778	1.064383e+02
4779	1.048477e+02
4780	1.034268e+02
4781	1.020879e+02
4782	1.009574e+02
4783	1.000045e+02
4784	9.939154e+01
4785	9.887929e+01
4786	9.850928e+01
4787	9.835152e+01
4788	9.831838e+01
4789	9.851553e+01
4790	9.879631e+01
4791	9.909112e+01
4792	9.948055e+01
4793	9.991352e+01
4794	1.004811e+02
4795	1.011153e+02
4796	1.018766e+02
4797	1.026876e+02
4798	1.036340e+02
4799	1.046024e+02
4800	1.056336e+02
4801	1.066079e+02
4802	1.075764e+02
4803	1.084917e+02
4804	1.093090e+02
4805	1.101910e+02
4806	1.111726e+02
4807	1.119769e+02
4808	1.126094e+02
4809	1.131171e+02
4810	1.133894e+02
4811	1.136566e+02
4812	1.138896e+02
4813	1.139542e+02
4814	1.140014e+02
4815	1.139474e+02
4816	1.138122e+02
4817	1.135127e+02
4818	1.130575e+02
4819	1.125401e+02
4820	1.118234e+02
4821	1.109960e+02
4822	1.100722e+02
4823	1.090663e+02
4824	1.080356e+02
4825	1.070988e+02
4826	1.063825e+02
4827	1.057734e+02
4828	1.052465e+02
4829	1.047359e+02
4830	1.042155e+02
4831	1.037360e+02
4832	1.033503e+02
4833	1.029882e+02
4834	1.025725e+02
4835	1.022179e+02
4836	1.020260e+02
4837	1.018867e+02
4838	1.017786e+02
4839	1.017326e+02
4840	1.018107e+02
4841	1.019994e+02
4842	1.021982e+02
4843	1.026167e+02
4844	1.032080e+02
4845	1.040161e+02
4846	1.047909e+02
4847	1.057292e+02
4848	1.066694e+02
4849	1.075201e+02
4850	1.082841e+02
4851	1.089331e+02
4852	1.095729e+02
4853	1.101510e+02
4854	1.106133e+02
4855	1.108817e+02
4856	1.111680e+02
4857	1.114256e+02
4858	1.116840e+02
4859	1.119552e+02
4860	1.122323e+02
4861	1.124304e+02
4862	1.126462e+02
4863	1.127783e+02
4864	1.127651e+02
4865	1.125216e+02
4866	1.121722e+02
4867	1.117857e+02
4868	1.111931e+02
4869	1.105914e+02
4870	1.100185e+02
4871	1.094385e+02
4872	1.088173e+02
4873	1.081520e+02
4874	1.075372e+02
4875	1.069102e+02
4876	1.061737e+02
4877	1.054908e+02
4878	1.049176e+02
4879	1.043107e+02
4880	1.036667e+02
4881	1.030556e+02
4882	1.023648e+02
4883	1.017450e+02
4884	1.010978e+02
4885	1.004535e+02
4886	9.990570e+01
4887	9.952695e+01
4888	9.919173e+01
4889	9.905861e+01
4890	9.906078e+01
4891	9.911858e+01
4892	9.918690e+01
4893	9.933179e+01
4894	9.970382e+01
4895	1.001330e+02
4896	1.007109e+02
4897	1.012224e+02
4898	1.017159e+02
4899	1.022992e+02
4900	1.029134e+02
4901	1.035975e+02
4902	1.044480e+02
4903	1.052897e+02
4904	1.061649e+02
4905	1.070631e+02
4906	1.079093e+02
4907	1.086613e+02
4908	1.093170e+02
4909	1.098510e+02
4910	1.102708e+02
4911	1.106895e+02
4912	1.110350e+02
4913	1.113546e+02
4914	1.116102e+02
4915	1.118162e+02
4916	1.118901e+02
4917	1.118338e+02
4918	1.116988e+02
4919	1.114345e+02
4920	1.109463e+02
4921	1.104796e+02
4922	1.099545e+02
4923	1.094121e+02
4924	1.088913e+02
4925	1.083246e+02
4926	1.076672e+02
4927	1.069193e+02
4928	1.062117e+02
4929	1.053974e+02
4930	1.045523e+02
4931	1.038388e+02
4932	1.031728e+02
4933	1.025890e+02
4934	1.020796e+02
4935	1.017443e+02
4936	1.015209e+02
4937	1.012637e+02
4938	1.010573e+02
4939	1.009227e+02
4940	1.008418e+02
4941	1.007479e+02
4942	1.006095e+02
4943	1.006083e+02
4944	1.006366e+02
4945	1.007129e+02
4946	1.007721e+02
4947	1.008257e+02
4948	1.009991e+02
4949	1.012302e+02
4950	1.015628e+02
4951	1.018888e+02
4952	1.022968e+02
4953	1.027296e+02
4954	1.031211e+02
4955	1.034541e+02
4956	1.038212e+02
4957	1.041292e+02
4958	1.044655e+02
4959	1.047709e+02
4960	1.050878e+02
4961	1.055147e+02
4962	1.059438e+02
4963	1.063429e+02
4964	1.067549e+02
4965	1.070365e+02
4966	1.072152e+02
4967	1.072654e+02
4968	1.071430e+02
4969	1.070014e+02
4970	1.069033e+02
4971	1.066166e+02
4972	1.063919e+02
4973	1.060557e+02
4974	1.057333e+02
4975	1.053996e+02
4976	1.050590e+02
4977	1.047309e+02
4978	1.045461e+02
4979	1.044024e+02
4980	1.043033e+02
4981	1.041863e+02
4982	1.040760e+02
4983	1.040207e+02
4984	1.040575e+02
4985	1.042801e+02
4986	1.046765e+02
4987	1.050565e+02
4988	1.055236e+02
4989	1.060199e+02
4990	1.066324e+02
4991	1.073878e+02
4992	1.082043e+02
4993	1.089641e+02
4994	1.096733e+02
4995	1.103202e+02
4996	1.109454e+02
4997	1.116137e+02
4998	1.121283e+02
4999	1.125530e+02
