# Step	Measurement
1	9.692241e-01
2	9.660039e-01
3	9.639204e-01
4	9.644588e-01
5	9.651179e-01
6	9.681895e-01
7	9.733678e-01
8	9.797043e-01
9	9.842461e-01
10	9.867143e-01
11	9.882728e-01
12	9.880642e-01
13	9.860126e-01
14	9.832248e-01
15	9.781227e-01
16	9.736410e-01
17	9.698601e-01
18	9.661126e-01
19	9.633803e-01
20	9.609568e-01
21	9.603498e-01
22	9.632572e-01
23	9.686338e-01
24	9.759845e-01
25	9.835409e-01
26	9.891428e-01
27	9.934559e-01
28	9.961923e-01
29	9.966164e-01
30	9.946073e-01
31	9.897304e-01
32	9.835306e-01
33	9.771055e-01
34	9.719383e-01
35	9.663603e-01
36	9.612902e-01
37	9.588354e-01
38	9.585306e-01
39	9.611329e-01
40	9.640450e-01
41	9.670306e-01
42	9.706158e-01
43	9.752483e-01
44	9.795046e-01
45	9.836883e-01
46	9.871666e-01
47	9.894244e-01
48	9.885728e-01
49	9.877254e-01
50	9.865443e-01
51	9.834553e-01
52	9.802461e-01
53	9.782581e-01
54	9.753732e-01
55	9.722466e-01
56	9.699105e-01
57	9.685566e-01
58	9.683310e-01
59	9.702351e-01
60	9.741481e-01
61	9.788282e-01
62	9.836311e-01
63	9.901706e-01
64	9.956538e-01
65	9.986363e-01
66	1.000486e+00
67	1.000493e+00
68	9.976556e-01
69	9.924925e-01
70	9.848707e-01
71	9.759705e-01
72	9.673041e-01
73	9.603145e-01
74	9.578358e-01
75	9.584009e-01
76	9.618982e-01
77	9.671913e-01
78	9.731093e-01
79	9.779883e-01
80	9.824527e-01
81	9.856098e-01
82	9.889039e-01
83	9.911102e-01
84	9.914335e-01
85	9.888684e-01
86	9.821233e-01
87	9.750835e-01
88	9.682501e-01
89	9.630052e-01
90	9.593269e-01
91	9.570693e-01
92	9.564117e-01
93	9.572099e-01
94	9.589981e-01
95	9.609839e-01
96	9.656259e-01
97	9.720978e-01
98	9.786565e-01
99	9.843510e-01
100	9.871497e-01
101	9.873165e-01
102	9.879213e-01
103	9.855749e-01
104	9.809606e-01
105	9.749833e-01
106	9.681820e-01
107	9.632975e-01
108	9.598853e-01
109	9.591418e-01
110	9.607377e-01
111	9.652421e-01
112	9.704499e-01
113	9.756425e-01
114	9.809044e-01
115	9.856655e-01
116	9.894019e-01
117	9.913792e-01
118	9.917256e-01
119	9.893685e-01
120	9.860249e-01
121	9.800514e-01
122	9.729468e-01
123	9.649691e-01
124	9.580900e-01
125	9.535704e-01
126	9.517158e-01
127	9.528489e-01
128	9.566797e-01
129	9.630704e-01
130	9.721852e-01
131	9.799467e-01
132	9.872136e-01
133	9.926084e-01
134	9.961200e-01
135	9.972339e-01
136	9.953451e-01
137	9.920477e-01
138	9.858373e-01
139	9.783683e-01
140	9.703365e-01
141	9.632556e-01
142	9.569674e-01
143	9.522881e-01
144	9.503108e-01
145	9.519859e-01
146	9.544950e-01
147	9.596788e-01
148	9.651415e-01
149	9.729725e-01
150	9.790840e-01
151	9.836118e-01
152	9.854305e-01
153	9.855806e-01
154	9.848710e-01
155	9.823182e-01
156	9.779005e-01
157	9.712521e-01
158	9.654993e-01
159	9.596851e-01
160	9.562993e-01
161	9.549692e-01
162	9.549883e-01
163	9.583402e-01
164	9.642640e-01
165	9.714347e-01
166	9.779665e-01
167	9.841880e-01
168	9.884180e-01
169	9.915760e-01
170	9.938867e-01
171	9.937620e-01
172	9.912371e-01
173	9.861315e-01
174	9.780035e-01
175	9.683902e-01
176	9.580293e-01
177	9.489627e-01
178	9.420490e-01
179	9.384433e-01
180	9.381395e-01
181	9.422888e-01
182	9.496853e-01
183	9.595045e-01
184	9.712826e-01
185	9.835326e-01
186	9.932855e-01
187	1.000299e+00
188	1.003034e+00
189	1.001885e+00
190	9.979271e-01
191	9.916469e-01
192	9.827465e-01
193	9.720427e-01
194	9.618139e-01
195	9.516963e-01
196	9.431481e-01
197	9.379229e-01
198	9.370845e-01
199	9.407406e-01
200	9.465216e-01
201	9.555355e-01
202	9.659357e-01
203	9.772664e-01
204	9.859822e-01
205	9.916395e-01
206	9.942017e-01
207	9.928316e-01
208	9.894557e-01
209	9.820160e-01
210	9.734800e-01
211	9.652007e-01
212	9.583662e-01
213	9.538203e-01
214	9.515914e-01
215	9.531755e-01
216	9.574222e-01
217	9.613527e-01
218	9.664983e-01
219	9.715506e-01
220	9.773586e-01
221	9.804353e-01
222	9.819188e-01
223	9.818894e-01
224	9.816663e-01
225	9.806110e-01
226	9.800928e-01
227	9.784908e-01
228	9.764910e-01
229	9.723907e-01
230	9.679337e-01
231	9.627723e-01
232	9.584985e-01
233	9.552061e-01
234	9.544423e-01
235	9.564136e-01
236	9.599762e-01
237	9.664922e-01
238	9.742603e-01
239	9.812003e-01
240	9.868743e-01
241	9.919448e-01
242	9.938083e-01
243	9.921738e-01
244	9.867396e-01
245	9.812634e-01
246	9.733030e-01
247	9.635272e-01
248	9.546223e-01
249	9.468817e-01
250	9.431532e-01
251	9.426412e-01
252	9.449015e-01
253	9.513548e-01
254	9.605978e-01
255	9.703765e-01
256	9.799174e-01
257	9.882088e-01
258	9.957310e-01
259	9.995769e-01
260	9.996142e-01
261	9.953434e-01
262	9.887099e-01
263	9.804870e-01
264	9.712698e-01
265	9.622327e-01
266	9.539183e-01
267	9.479505e-01
268	9.429672e-01
269	9.415261e-01
270	9.445894e-01
271	9.511158e-01
272	9.598351e-01
273	9.700939e-01
274	9.789735e-01
275	9.861272e-01
276	9.913548e-01
277	9.954329e-01
278	9.960441e-01
279	9.934012e-01
280	9.870041e-01
281	9.788417e-01
282	9.697742e-01
283	9.615336e-01
284	9.540364e-01
285	9.493003e-01
286	9.478438e-01
287	9.483021e-01
288	9.517144e-01
289	9.570631e-01
290	9.627309e-01
291	9.691266e-01
292	9.760124e-01
293	9.820218e-01
294	9.857038e-01
295	9.878255e-01
296	9.879786e-01
297	9.877560e-01
298	9.852785e-01
299	9.812762e-01
300	9.755338e-01
301	9.716435e-01
302	9.674450e-01
303	9.642593e-01
304	9.609772e-01
305	9.599581e-01
306	9.601004e-01
307	9.609750e-01
308	9.640044e-01
309	9.694476e-01
310	9.753518e-01
311	9.804450e-01
312	9.845666e-01
313	9.874027e-01
314	9.901385e-01
315	9.913542e-01
316	9.902795e-01
317	9.872800e-01
318	9.843268e-01
319	9.808786e-01
320	9.762315e-01
321	9.720120e-01
322	9.680773e-01
323	9.659217e-01
324	9.654921e-01
325	9.664070e-01
326	9.674739e-01
327	9.682774e-01
328	9.675168e-01
329	9.665186e-01
330	9.675923e-01
331	9.690436e-01
332	9.698872e-01
333	9.732238e-01
334	9.755242e-01
335	9.768135e-01
336	9.759465e-01
337	9.738050e-01
338	9.722573e-01
339	9.722824e-01
340	9.729342e-01
341	9.726410e-01
342	9.709976e-01
343	9.704122e-01
344	9.701124e-01
345	9.713988e-01
346	9.716718e-01
347	9.697993e-01
348	9.668029e-01
349	9.639547e-01
350	9.622537e-01
351	9.616557e-01
352	9.610661e-01
353	9.599944e-01
354	9.596159e-01
355	9.597947e-01
356	9.614314e-01
357	9.643601e-01
358	9.682717e-01
359	9.711652e-01
360	9.749826e-01
361	9.769999e-01
362	9.779967e-01
363	9.783670e-01
364	9.777938e-01
365	9.776197e-01
366	9.750940e-01
367	9.725838e-01
368	9.707275e-01
369	9.689394e-01
370	9.679200e-01
371	9.675459e-01
372	9.673079e-01
373	9.680580e-01
374	9.687783e-01
375	9.703934e-01
376	9.715365e-01
377	9.731034e-01
378	9.743569e-01
379	9.757360e-01
380	9.765189e-01
381	9.751975e-01
382	9.736517e-01
383	9.716371e-01
384	9.696900e-01
385	9.700976e-01
386	9.705505e-01
387	9.725850e-01
388	9.756799e-01
389	9.790153e-01
390	9.819041e-01
391	9.844562e-01
392	9.869576e-01
393	9.876689e-01
394	9.861724e-01
395	9.855867e-01
396	9.833263e-01
397	9.792778e-01
398	9.752772e-01
399	9.717420e-01
400	9.695380e-01
401	9.679340e-01
402	9.672597e-01
403	9.669191e-01
404	9.684793e-01
405	9.699217e-01
406	9.716174e-01
407	9.752016e-01
408	9.786838e-01
409	9.806264e-01
410	9.819773e-01
411	9.812983e-01
412	9.803826e-01
413	9.777548e-01
414	9.746119e-01
415	9.708998e-01
416	9.671487e-01
417	9.661589e-01
418	9.678798e-01
419	9.700925e-01
420	9.729389e-01
421	9.765379e-01
422	9.787869e-01
423	9.814236e-01
424	9.844189e-01
425	9.868487e-01
426	9.873322e-01
427	9.860858e-01
428	9.848252e-01
429	9.825636e-01
430	9.797170e-01
431	9.779105e-01
432	9.779125e-01
433	9.788975e-01
434	9.813129e-01
435	9.834716e-01
436	9.861169e-01
437	9.869179e-01
438	9.869741e-01
439	9.859128e-01
440	9.838018e-01
441	9.803278e-01
442	9.762258e-01
443	9.723393e-01
444	9.690023e-01
445	9.658883e-01
446	9.648560e-01
447	9.650011e-01
448	9.672386e-01
449	9.704820e-01
450	9.749922e-01
451	9.801187e-01
452	9.839146e-01
453	9.856724e-01
454	9.861058e-01
455	9.850586e-01
456	9.828991e-01
457	9.794272e-01
458	9.756539e-01
459	9.718469e-01
460	9.695136e-01
461	9.681761e-01
462	9.662250e-01
463	9.657333e-01
464	9.672107e-01
465	9.689346e-01
466	9.706178e-01
467	9.720729e-01
468	9.727485e-01
469	9.722939e-01
470	9.704266e-01
471	9.690428e-01
472	9.683639e-01
473	9.691223e-01
474	9.705536e-01
475	9.719626e-01
476	9.737726e-01
477	9.756010e-01
478	9.758286e-01
479	9.753041e-01
480	9.741945e-01
481	9.723442e-01
482	9.714737e-01
483	9.699612e-01
484	9.692852e-01
485	9.689605e-01
486	9.702966e-01
487	9.736111e-01
488	9.790540e-01
489	9.840597e-01
490	9.883781e-01
491	9.909636e-01
492	9.913933e-01
493	9.901396e-01
494	9.869424e-01
495	9.814049e-01
496	9.761729e-01
497	9.718473e-01
498	9.684785e-01
499	9.661819e-01
500	9.661809e-01
501	9.682986e-01
502	9.716675e-01
503	9.761831e-01
504	9.815251e-01
505	9.868485e-01
506	9.911095e-01
507	9.934768e-01
508	9.927664e-01
509	9.910256e-01
510	9.877754e-01
511	9.828772e-01
512	9.776984e-01
513	9.724796e-01
514	9.673252e-01
515	9.639529e-01
516	9.616080e-01
517	9.623098e-01
518	9.629086e-01
519	9.663412e-01
520	9.714787e-01
521	9.767850e-01
522	9.822816e-01
523	9.876854e-01
524	9.909152e-01
525	9.920077e-01
526	9.916151e-01
527	9.892345e-01
528	9.862685e-01
529	9.818229e-01
530	9.782773e-01
531	9.749494e-01
532	9.705721e-01
533	9.683772e-01
534	9.673664e-01
535	9.683177e-01
536	9.701165e-01
537	9.737333e-01
538	9.779761e-01
539	9.828980e-01
540	9.861954e-01
541	9.907936e-01
542	9.956315e-01
543	9.977841e-01
544	9.963296e-01
545	9.936664e-01
546	9.889395e-01
547	9.839256e-01
548	9.774661e-01
549	9.694702e-01
550	9.634149e-01
551	9.586773e-01
552	9.568580e-01
553	9.583194e-01
554	9.615947e-01
555	9.678088e-01
556	9.753791e-01
557	9.824148e-01
558	9.894361e-01
559	9.947066e-01
560	9.996577e-01
561	1.001658e+00
562	1.000041e+00
563	9.955112e-01
564	9.896457e-01
565	9.841937e-01
566	9.777422e-01
567	9.700602e-01
568	9.645026e-01
569	9.597222e-01
570	9.566154e-01
571	9.561818e-01
572	9.582618e-01
573	9.627872e-01
574	9.677084e-01
575	9.746221e-01
576	9.818594e-01
577	9.883955e-01
578	9.925295e-01
579	9.940284e-01
580	9.933400e-01
581	9.887524e-01
582	9.827686e-01
583	9.744166e-01
584	9.639951e-01
585	9.570238e-01
586	9.527388e-01
587	9.510777e-01
588	9.510815e-01
589	9.529216e-01
590	9.570474e-01
591	9.618285e-01
592	9.688963e-01
593	9.767754e-01
594	9.832066e-01
595	9.885332e-01
596	9.921140e-01
597	9.947212e-01
598	9.935206e-01
599	9.904825e-01
600	9.858860e-01
601	9.795782e-01
602	9.736137e-01
603	9.660729e-01
604	9.599143e-01
605	9.553621e-01
606	9.524542e-01
607	9.510515e-01
608	9.526618e-01
609	9.566320e-01
610	9.614201e-01
611	9.678738e-01
612	9.749225e-01
613	9.818228e-01
614	9.859258e-01
615	9.873438e-01
616	9.860189e-01
617	9.833550e-01
618	9.792569e-01
619	9.761640e-01
620	9.716960e-01
621	9.669153e-01
622	9.617824e-01
623	9.564226e-01
624	9.522445e-01
625	9.502214e-01
626	9.523683e-01
627	9.575821e-01
628	9.642253e-01
629	9.723444e-01
630	9.792563e-01
631	9.846567e-01
632	9.885200e-01
633	9.912238e-01
634	9.919749e-01
635	9.900317e-01
636	9.845737e-01
637	9.789328e-01
638	9.735611e-01
639	9.694425e-01
640	9.672775e-01
641	9.677847e-01
642	9.693141e-01
643	9.734294e-01
644	9.787183e-01
645	9.846197e-01
646	9.888421e-01
647	9.911433e-01
648	9.902705e-01
649	9.865437e-01
650	9.816343e-01
651	9.753460e-01
652	9.697278e-01
653	9.652062e-01
654	9.620212e-01
655	9.618594e-01
656	9.628053e-01
657	9.644020e-01
658	9.678427e-01
659	9.714555e-01
660	9.760934e-01
661	9.818606e-01
662	9.859893e-01
663	9.909961e-01
664	9.936625e-01
665	9.949600e-01
666	9.918025e-01
667	9.863858e-01
668	9.807940e-01
669	9.755070e-01
670	9.709481e-01
671	9.670861e-01
672	9.630750e-01
673	9.627373e-01
674	9.638791e-01
675	9.655902e-01
676	9.681039e-01
677	9.724348e-01
678	9.761454e-01
679	9.792484e-01
680	9.808594e-01
681	9.832991e-01
682	9.852964e-01
683	9.864734e-01
684	9.878194e-01
685	9.870584e-01
686	9.840570e-01
687	9.814008e-01
688	9.783550e-01
689	9.754203e-01
690	9.730325e-01
691	9.706730e-01
692	9.701087e-01
693	9.713042e-01
694	9.744257e-01
695	9.795717e-01
696	9.843072e-01
697	9.892960e-01
698	9.927204e-01
699	9.964464e-01
700	9.982391e-01
701	9.983393e-01
702	9.965474e-01
703	9.919787e-01
704	9.852235e-01
705	9.764131e-01
706	9.681485e-01
707	9.616142e-01
708	9.566229e-01
709	9.551711e-01
710	9.579230e-01
711	9.629273e-01
712	9.718690e-01
713	9.817002e-01
714	9.886635e-01
715	9.942298e-01
716	9.980530e-01
717	1.001168e+00
718	1.002772e+00
719	1.001413e+00
720	9.969246e-01
721	9.901368e-01
722	9.814302e-01
723	9.727832e-01
724	9.655914e-01
725	9.598237e-01
726	9.569843e-01
727	9.570739e-01
728	9.593234e-01
729	9.629545e-01
730	9.688465e-01
731	9.748042e-01
732	9.805638e-01
733	9.847298e-01
734	9.868482e-01
735	9.855667e-01
736	9.815904e-01
737	9.765900e-01
738	9.694143e-01
739	9.619789e-01
740	9.554861e-01
741	9.508292e-01
742	9.491616e-01
743	9.497539e-01
744	9.504511e-01
745	9.535495e-01
746	9.585772e-01
747	9.644982e-01
748	9.721771e-01
749	9.794064e-01
750	9.852731e-01
751	9.904144e-01
752	9.931878e-01
753	9.947998e-01
754	9.938227e-01
755	9.923078e-01
756	9.883313e-01
757	9.819231e-01
758	9.752252e-01
759	9.693354e-01
760	9.651338e-01
761	9.617848e-01
762	9.603739e-01
763	9.622761e-01
764	9.666027e-01
765	9.726902e-01
766	9.784920e-01
767	9.837997e-01
768	9.880594e-01
769	9.918731e-01
770	9.929481e-01
771	9.922497e-01
772	9.889637e-01
773	9.838017e-01
774	9.781056e-01
775	9.707702e-01
776	9.631607e-01
777	9.569680e-01
778	9.515574e-01
779	9.490252e-01
780	9.492426e-01
781	9.518405e-01
782	9.569256e-01
783	9.645506e-01
784	9.738094e-01
785	9.838341e-01
786	9.919718e-01
787	9.970316e-01
788	1.000524e+00
789	1.000761e+00
790	9.979908e-01
791	9.918685e-01
792	9.836173e-01
793	9.746717e-01
794	9.663956e-01
795	9.589692e-01
796	9.541355e-01
797	9.518262e-01
798	9.527931e-01
799	9.537008e-01
800	9.589672e-01
801	9.656143e-01
802	9.747360e-01
803	9.841656e-01
804	9.912619e-01
805	9.965537e-01
806	9.985040e-01
807	9.976077e-01
808	9.939226e-01
809	9.870789e-01
810	9.789255e-01
811	9.716255e-01
812	9.654099e-01
813	9.616891e-01
814	9.590757e-01
815	9.581582e-01
816	9.595181e-01
817	9.619539e-01
818	9.666265e-01
819	9.709152e-01
820	9.757115e-01
821	9.793715e-01
822	9.801100e-01
823	9.801308e-01
824	9.798107e-01
825	9.788936e-01
826	9.777026e-01
827	9.770577e-01
828	9.746408e-01
829	9.724816e-01
830	9.690524e-01
831	9.664848e-01
832	9.660451e-01
833	9.661571e-01
834	9.692496e-01
835	9.723613e-01
836	9.773143e-01
837	9.816211e-01
838	9.843995e-01
839	9.870620e-01
840	9.876022e-01
841	9.873074e-01
842	9.857746e-01
843	9.837664e-01
844	9.801551e-01
845	9.760146e-01
846	9.719592e-01
847	9.676880e-01
848	9.635279e-01
849	9.615277e-01
850	9.615776e-01
851	9.621283e-01
852	9.656904e-01
853	9.718131e-01
854	9.786649e-01
855	9.845274e-01
856	9.896719e-01
857	9.935803e-01
858	9.963894e-01
859	9.963576e-01
860	9.927547e-01
861	9.875985e-01
862	9.810347e-01
863	9.741047e-01
864	9.692543e-01
865	9.650549e-01
866	9.632796e-01
867	9.635626e-01
868	9.661948e-01
869	9.703795e-01
870	9.744851e-01
871	9.786404e-01
872	9.810883e-01
873	9.828058e-01
874	9.844616e-01
875	9.847549e-01
876	9.823586e-01
877	9.801132e-01
878	9.764662e-01
879	9.734233e-01
880	9.705487e-01
881	9.682732e-01
882	9.656627e-01
883	9.646540e-01
884	9.642157e-01
885	9.652404e-01
886	9.673086e-01
887	9.710510e-01
888	9.739431e-01
889	9.774278e-01
890	9.804572e-01
891	9.831859e-01
892	9.853207e-01
893	9.860274e-01
894	9.855522e-01
895	9.833325e-01
896	9.807906e-01
897	9.772173e-01
898	9.733526e-01
899	9.703436e-01
900	9.680653e-01
901	9.678403e-01
902	9.683335e-01
903	9.705258e-01
904	9.751709e-01
905	9.811236e-01
906	9.867481e-01
907	9.909059e-01
908	9.938888e-01
909	9.964298e-01
910	9.968043e-01
911	9.944151e-01
912	9.907395e-01
913	9.844169e-01
914	9.772786e-01
915	9.716699e-01
916	9.671305e-01
917	9.643079e-01
918	9.638012e-01
919	9.651847e-01
920	9.671028e-01
921	9.710765e-01
922	9.765578e-01
923	9.831043e-01
924	9.886484e-01
925	9.933347e-01
926	9.973803e-01
927	1.000833e+00
928	1.000587e+00
929	9.967993e-01
930	9.911842e-01
931	9.847011e-01
932	9.771411e-01
933	9.700734e-01
934	9.641312e-01
935	9.600094e-01
936	9.582427e-01
937	9.594670e-01
938	9.656997e-01
939	9.737847e-01
940	9.815530e-01
941	9.888953e-01
942	9.966671e-01
943	1.001761e+00
944	1.005375e+00
945	1.006366e+00
946	1.004504e+00
947	9.990382e-01
948	9.914103e-01
949	9.839224e-01
950	9.764023e-01
951	9.688961e-01
952	9.621475e-01
953	9.572145e-01
954	9.560571e-01
955	9.565942e-01
956	9.607332e-01
957	9.657154e-01
958	9.725302e-01
959	9.790423e-01
960	9.852120e-01
961	9.902662e-01
962	9.938309e-01
963	9.959740e-01
964	9.936617e-01
965	9.901633e-01
966	9.856678e-01
967	9.807627e-01
968	9.738258e-01
969	9.679364e-01
970	9.626304e-01
971	9.608303e-01
972	9.614702e-01
973	9.654911e-01
974	9.729329e-01
975	9.801327e-01
976	9.870115e-01
977	9.917514e-01
978	9.955927e-01
979	9.976547e-01
980	9.988503e-01
981	9.986690e-01
982	9.964072e-01
983	9.930086e-01
984	9.904887e-01
985	9.891248e-01
986	9.876788e-01
987	9.857015e-01
988	9.843251e-01
989	9.815337e-01
990	9.794061e-01
991	9.782380e-01
992	9.774022e-01
993	9.778134e-01
994	9.797857e-01
995	9.832171e-01
996	9.856120e-01
997	9.861165e-01
998	9.882967e-01
999	9.902247e-01
1000	9.914067e-01
1001	9.922419e-01
1002	9.916414e-01
1003	9.898563e-01
1004	9.881346e-01
1005	9.862636e-01
1006	9.835775e-01
1007	9.815830e-01
1008	9.785784e-01
1009	9.744938e-01
1010	9.705838e-01
1011	9.685430e-01
1012	9.684373e-01
1013	9.687826e-01
1014	9.718185e-01
1015	9.763821e-01
1016	9.801206e-01
1017	9.836092e-01
1018	9.877783e-01
1019	9.912571e-01
1020	9.935061e-01
1021	9.948878e-01
1022	9.956115e-01
1023	9.945083e-01
1024	9.926941e-01
1025	9.901233e-01
1026	9.866717e-01
1027	9.810291e-01
1028	9.743553e-01
1029	9.687214e-01
1030	9.636921e-01
1031	9.597267e-01
1032	9.577471e-01
1033	9.583542e-01
1034	9.619593e-01
1035	9.661362e-01
1036	9.721769e-01
1037	9.776295e-01
1038	9.843052e-01
1039	9.907062e-01
1040	9.963089e-01
1041	9.988213e-01
1042	9.984119e-01
1043	9.954640e-01
1044	9.894989e-01
1045	9.819538e-01
1046	9.740856e-01
1047	9.649789e-01
1048	9.569627e-01
1049	9.505249e-01
1050	9.473738e-01
1051	9.479022e-01
1052	9.506517e-01
1053	9.551041e-01
1054	9.627926e-01
1055	9.730077e-01
1056	9.840244e-01
1057	9.937419e-01
1058	1.002300e+00
1059	1.007930e+00
1060	1.010694e+00
1061	1.010654e+00
1062	1.007174e+00
1063	9.999962e-01
1064	9.892843e-01
1065	9.774277e-01
1066	9.663451e-01
1067	9.566724e-01
1068	9.500385e-01
1069	9.469678e-01
1070	9.487947e-01
1071	9.551409e-01
1072	9.634801e-01
1073	9.734215e-01
1074	9.850862e-01
1075	9.949849e-01
1076	1.003093e+00
1077	1.008059e+00
1078	1.010666e+00
1079	1.009035e+00
1080	1.003937e+00
1081	9.966512e-01
1082	9.882440e-01
1083	9.797023e-01
1084	9.718545e-01
1085	9.650557e-01
1086	9.597042e-01
1087	9.557437e-01
1088	9.545420e-01
1089	9.563826e-01
1090	9.623222e-01
1091	9.686991e-01
1092	9.762455e-01
1093	9.832251e-01
1094	9.899608e-01
1095	9.949544e-01
1096	9.979466e-01
1097	9.985502e-01
1098	9.957267e-01
1099	9.913928e-01
1100	9.854031e-01
1101	9.789602e-01
1102	9.724224e-01
1103	9.667800e-01
1104	9.625266e-01
1105	9.604400e-01
1106	9.613240e-01
1107	9.638894e-01
1108	9.683263e-01
1109	9.732304e-01
1110	9.772176e-01
1111	9.818722e-01
1112	9.833867e-01
1113	9.857149e-01
1114	9.861189e-01
1115	9.844910e-01
1116	9.815894e-01
1117	9.777688e-01
1118	9.746381e-01
1119	9.725725e-01
1120	9.706944e-01
1121	9.706085e-01
1122	9.699515e-01
1123	9.686926e-01
1124	9.678635e-01
1125	9.676661e-01
1126	9.677142e-01
1127	9.671337e-01
1128	9.668216e-01
1129	9.660251e-01
1130	9.642715e-01
1131	9.616674e-01
1132	9.597070e-01
1133	9.576451e-01
1134	9.575271e-01
1135	9.592874e-01
1136	9.627461e-01
1137	9.668614e-01
1138	9.713542e-01
1139	9.761688e-01
1140	9.804733e-01
1141	9.840461e-01
1142	9.864297e-01
1143	9.869048e-01
1144	9.855261e-01
1145	9.834624e-01
1146	9.802551e-01
1147	9.771793e-01
1148	9.741054e-01
1149	9.718975e-01
1150	9.689757e-01
1151	9.674389e-01
1152	9.667797e-01
1153	9.689575e-01
1154	9.724103e-01
1155	9.773467e-01
1156	9.838293e-01
1157	9.892763e-01
1158	9.939731e-01
1159	9.975239e-01
1160	9.988818e-01
1161	9.997967e-01
1162	9.994230e-01
1163	9.953065e-01
1164	9.888321e-01
1165	9.816049e-01
1166	9.739582e-01
1167	9.667526e-01
1168	9.606962e-01
1169	9.566775e-01
1170	9.552580e-01
1171	9.570535e-01
1172	9.611806e-01
1173	9.691366e-01
1174	9.783172e-01
1175	9.876197e-01
1176	9.954239e-01
1177	1.000249e+00
1178	1.001815e+00
1179	1.000045e+00
1180	9.960104e-01
1181	9.909747e-01
1182	9.839687e-01
1183	9.742697e-01
1184	9.648618e-01
1185	9.576642e-01
1186	9.514372e-01
1187	9.481917e-01
1188	9.477302e-01
1189	9.509688e-01
1190	9.568033e-01
1191	9.662074e-01
1192	9.773389e-01
1193	9.895542e-01
1194	1.000771e+00
1195	1.008792e+00
1196	1.013475e+00
1197	1.014494e+00
1198	1.010015e+00
1199	1.003416e+00
1200	9.934470e-01
1201	9.825711e-01
1202	9.700151e-01
1203	9.582476e-01
1204	9.500412e-01
1205	9.450395e-01
1206	9.440452e-01
1207	9.459125e-01
1208	9.499217e-01
1209	9.565953e-01
1210	9.656475e-01
1211	9.755509e-01
1212	9.846785e-01
1213	9.913079e-01
1214	9.945192e-01
1215	9.941601e-01
1216	9.909412e-01
1217	9.855396e-01
1218	9.778981e-01
1219	9.703332e-01
1220	9.645209e-01
1221	9.609547e-01
1222	9.579175e-01
1223	9.545919e-01
1224	9.528566e-01
1225	9.530142e-01
1226	9.558260e-01
1227	9.594585e-01
1228	9.647987e-01
1229	9.699823e-01
1230	9.751998e-01
1231	9.803535e-01
1232	9.835193e-01
1233	9.855824e-01
1234	9.845296e-01
1235	9.817990e-01
1236	9.788800e-01
1237	9.750261e-01
1238	9.719273e-01
1239	9.697800e-01
1240	9.671148e-01
1241	9.648348e-01
1242	9.636084e-01
1243	9.626149e-01
1244	9.639715e-01
1245	9.682245e-01
1246	9.728263e-01
1247	9.778035e-01
1248	9.828135e-01
1249	9.865710e-01
1250	9.886481e-01
1251	9.888337e-01
1252	9.865857e-01
1253	9.824143e-01
1254	9.775474e-01
1255	9.712355e-01
1256	9.645127e-01
1257	9.588927e-01
1258	9.564837e-01
1259	9.558231e-01
1260	9.575361e-01
1261	9.609655e-01
1262	9.660106e-01
1263	9.730883e-01
1264	9.809882e-01
1265	9.897589e-01
1266	9.953358e-01
1267	9.986441e-01
1268	1.000235e+00
1269	9.995455e-01
1270	9.963865e-01
1271	9.905943e-01
1272	9.819913e-01
1273	9.725123e-01
1274	9.639095e-01
1275	9.561922e-01
1276	9.514207e-01
1277	9.516548e-01
1278	9.562276e-01
1279	9.636256e-01
1280	9.715600e-01
1281	9.796680e-01
1282	9.880438e-01
1283	9.952931e-01
1284	9.998779e-01
1285	1.002521e+00
1286	1.001842e+00
1287	9.982145e-01
1288	9.920500e-01
1289	9.845136e-01
1290	9.763013e-01
1291	9.676569e-01
1292	9.617095e-01
1293	9.597353e-01
1294	9.598524e-01
1295	9.619200e-01
1296	9.670524e-01
1297	9.730341e-01
1298	9.784541e-01
1299	9.839163e-01
1300	9.885892e-01
1301	9.918769e-01
1302	9.938517e-01
1303	9.939711e-01
1304	9.929005e-01
1305	9.889403e-01
1306	9.841401e-01
1307	9.790210e-01
1308	9.747898e-01
1309	9.704704e-01
1310	9.656848e-01
1311	9.626015e-01
1312	9.624325e-01
1313	9.649746e-01
1314	9.674510e-01
1315	9.705031e-01
1316	9.743613e-01
1317	9.805330e-01
1318	9.877990e-01
1319	9.942008e-01
1320	9.980133e-01
1321	9.992554e-01
1322	9.975060e-01
1323	9.948324e-01
1324	9.905281e-01
1325	9.862707e-01
1326	9.815931e-01
1327	9.782494e-01
1328	9.738237e-01
1329	9.692137e-01
1330	9.667297e-01
1331	9.657039e-01
1332	9.676063e-01
1333	9.722877e-01
1334	9.788847e-01
1335	9.864376e-01
1336	9.936136e-01
1337	9.988965e-01
1338	1.002877e+00
1339	1.003407e+00
1340	1.000353e+00
1341	9.960809e-01
1342	9.891860e-01
1343	9.821217e-01
1344	9.753385e-01
1345	9.688470e-01
1346	9.624873e-01
1347	9.572650e-01
1348	9.535090e-01
1349	9.523818e-01
1350	9.542143e-01
1351	9.571907e-01
1352	9.615743e-01
1353	9.661092e-01
1354	9.709408e-01
1355	9.769038e-01
1356	9.820680e-01
1357	9.862381e-01
1358	9.891073e-01
1359	9.893000e-01
1360	9.889364e-01
1361	9.865703e-01
1362	9.812263e-01
1363	9.754062e-01
1364	9.706837e-01
1365	9.669057e-01
1366	9.636251e-01
1367	9.620368e-01
1368	9.619265e-01
1369	9.645849e-01
1370	9.675422e-01
1371	9.719458e-01
1372	9.778792e-01
1373	9.833298e-01
1374	9.884170e-01
1375	9.944392e-01
1376	9.993334e-01
1377	1.000720e+00
1378	1.000670e+00
1379	9.972302e-01
1380	9.917318e-01
1381	9.823955e-01
1382	9.740922e-01
1383	9.671247e-01
1384	9.601941e-01
1385	9.533389e-01
1386	9.486802e-01
1387	9.468387e-01
1388	9.492713e-01
1389	9.551262e-01
1390	9.624639e-01
1391	9.714932e-01
1392	9.791475e-01
1393	9.850574e-01
1394	9.903142e-01
1395	9.942258e-01
1396	9.956341e-01
1397	9.960697e-01
1398	9.929500e-01
1399	9.877823e-01
1400	9.814238e-01
1401	9.751214e-01
1402	9.703099e-01
1403	9.668288e-01
1404	9.634504e-01
1405	9.610315e-01
1406	9.619166e-01
1407	9.653480e-01
1408	9.692965e-01
1409	9.726148e-01
1410	9.767349e-01
1411	9.812872e-01
1412	9.849379e-01
1413	9.876349e-01
1414	9.910303e-01
1415	9.924748e-01
1416	9.919193e-01
1417	9.893411e-01
1418	9.840121e-01
1419	9.788656e-01
1420	9.728014e-01
1421	9.664179e-01
1422	9.597535e-01
1423	9.550932e-01
1424	9.520930e-01
1425	9.500707e-01
1426	9.509375e-01
1427	9.534521e-01
1428	9.565752e-01
1429	9.617716e-01
1430	9.682608e-01
1431	9.749561e-01
1432	9.811892e-01
1433	9.867677e-01
1434	9.893945e-01
1435	9.887277e-01
1436	9.857404e-01
1437	9.827451e-01
1438	9.788982e-01
1439	9.728981e-01
1440	9.659478e-01
1441	9.602581e-01
1442	9.553548e-01
1443	9.528342e-01
1444	9.517179e-01
1445	9.555636e-01
1446	9.615731e-01
1447	9.690094e-01
1448	9.768324e-01
1449	9.853123e-01
1450	9.939415e-01
1451	1.000047e+00
1452	1.001660e+00
1453	1.000789e+00
1454	9.987222e-01
1455	9.954415e-01
1456	9.897870e-01
1457	9.837171e-01
1458	9.777661e-01
1459	9.718990e-01
1460	9.667094e-01
1461	9.627407e-01
1462	9.602317e-01
1463	9.614371e-01
1464	9.656960e-01
1465	9.723493e-01
1466	9.810806e-01
1467	9.897250e-01
1468	9.987098e-01
1469	1.004525e+00
1470	1.007143e+00
1471	1.006585e+00
1472	1.001859e+00
1473	9.953256e-01
1474	9.867812e-01
1475	9.767388e-01
1476	9.668104e-01
1477	9.588615e-01
1478	9.525441e-01
1479	9.471581e-01
1480	9.440273e-01
1481	9.453956e-01
1482	9.506058e-01
1483	9.589200e-01
1484	9.690069e-01
1485	9.807985e-01
1486	9.918949e-01
1487	1.000444e+00
1488	1.006843e+00
1489	1.008538e+00
1490	1.006774e+00
1491	1.000672e+00
1492	9.919615e-01
1493	9.810874e-01
1494	9.711582e-01
1495	9.612474e-01
1496	9.528284e-01
1497	9.453486e-01
1498	9.413009e-01
1499	9.425420e-01
1500	9.484570e-01
1501	9.583092e-01
1502	9.687671e-01
1503	9.797053e-01
1504	9.907968e-01
1505	1.000553e+00
1506	1.007887e+00
1507	1.009430e+00
1508	1.006823e+00
1509	1.000497e+00
1510	9.903598e-01
1511	9.789244e-01
1512	9.676954e-01
1513	9.568969e-01
1514	9.478037e-01
1515	9.414440e-01
1516	9.382987e-01
1517	9.401534e-01
1518	9.467773e-01
1519	9.560698e-01
1520	9.663680e-01
1521	9.768777e-01
1522	9.859700e-01
1523	9.931210e-01
1524	9.982755e-01
1525	9.998254e-01
1526	9.972441e-01
1527	9.921225e-01
1528	9.841987e-01
1529	9.759319e-01
1530	9.688114e-01
1531	9.629668e-01
1532	9.575169e-01
1533	9.526863e-01
1534	9.517360e-01
1535	9.539157e-01
1536	9.596379e-01
1537	9.663033e-01
1538	9.730247e-01
1539	9.820802e-01
1540	9.886031e-01
1541	9.920757e-01
1542	9.931389e-01
1543	9.926387e-01
1544	9.905904e-01
1545	9.872075e-01
1546	9.815580e-01
1547	9.753207e-01
1548	9.691522e-01
1549	9.621707e-01
1550	9.585370e-01
1551	9.572326e-01
1552	9.575075e-01
1553	9.610827e-01
1554	9.665731e-01
1555	9.724476e-01
1556	9.793533e-01
1557	9.849874e-01
1558	9.887995e-01
1559	9.919233e-01
1560	9.935967e-01
1561	9.926795e-01
1562	9.897633e-01
1563	9.854252e-01
1564	9.794383e-01
1565	9.722935e-01
1566	9.654396e-01
1567	9.591803e-01
1568	9.562860e-01
1569	9.552414e-01
1570	9.567035e-01
1571	9.604008e-01
1572	9.652554e-01
1573	9.711473e-01
1574	9.773651e-01
1575	9.837196e-01
1576	9.902616e-01
1577	9.939721e-01
1578	9.950526e-01
1579	9.952014e-01
1580	9.920625e-01
1581	9.864947e-01
1582	9.796523e-01
1583	9.713475e-01
1584	9.606511e-01
1585	9.505653e-01
1586	9.435344e-01
1587	9.395907e-01
1588	9.378269e-01
1589	9.398763e-01
1590	9.464294e-01
1591	9.556233e-01
1592	9.666858e-01
1593	9.765680e-01
1594	9.861360e-01
1595	9.947605e-01
1596	9.997295e-01
1597	9.995349e-01
1598	9.956061e-01
1599	9.893654e-01
1600	9.805947e-01
1601	9.719957e-01
1602	9.618265e-01
1603	9.517319e-01
1604	9.443286e-01
1605	9.409788e-01
1606	9.426352e-01
1607	9.480127e-01
1608	9.566376e-01
1609	9.658989e-01
1610	9.746047e-01
1611	9.841563e-01
1612	9.925433e-01
1613	9.983742e-01
1614	1.002025e+00
1615	1.000731e+00
1616	9.955851e-01
1617	9.871836e-01
1618	9.777665e-01
1619	9.674415e-01
1620	9.573610e-01
1621	9.504239e-01
1622	9.468362e-01
1623	9.470185e-01
1624	9.506543e-01
1625	9.557933e-01
1626	9.631955e-01
1627	9.703984e-01
1628	9.771825e-01
1629	9.823610e-01
1630	9.869683e-01
1631	9.911868e-01
1632	9.942603e-01
1633	9.954721e-01
1634	9.953588e-01
1635	9.914639e-01
1636	9.875103e-01
1637	9.828540e-01
1638	9.780715e-01
1639	9.739405e-01
1640	9.721471e-01
1641	9.697478e-01
1642	9.683573e-01
1643	9.678242e-01
1644	9.681895e-01
1645	9.695156e-01
1646	9.725936e-01
1647	9.773863e-01
1648	9.818707e-01
1649	9.857152e-01
1650	9.883973e-01
1651	9.912845e-01
1652	9.930020e-01
1653	9.935175e-01
1654	9.907593e-01
1655	9.865822e-01
1656	9.826826e-01
1657	9.794262e-01
1658	9.776055e-01
1659	9.771431e-01
1660	9.773439e-01
1661	9.769148e-01
1662	9.776317e-01
1663	9.784610e-01
1664	9.791298e-01
1665	9.802981e-01
1666	9.801580e-01
1667	9.796328e-01
1668	9.780417e-01
1669	9.761999e-01
1670	9.749196e-01
1671	9.738777e-01
1672	9.735900e-01
1673	9.738069e-01
1674	9.765371e-01
1675	9.788871e-01
1676	9.807242e-01
1677	9.817512e-01
1678	9.825701e-01
1679	9.820774e-01
1680	9.802879e-01
1681	9.798422e-01
1682	9.794943e-01
1683	9.791496e-01
1684	9.803313e-01
1685	9.817796e-01
1686	9.826695e-01
1687	9.823364e-01
1688	9.822780e-01
1689	9.820884e-01
1690	9.815979e-01
1691	9.808480e-01
1692	9.802501e-01
1693	9.795589e-01
1694	9.798544e-01
1695	9.797463e-01
1696	9.787656e-01
1697	9.779259e-01
1698	9.776627e-01
1699	9.773504e-01
1700	9.780266e-01
1701	9.793410e-01
1702	9.798030e-01
1703	9.800943e-01
1704	9.798045e-01
1705	9.799685e-01
1706	9.809415e-01
1707	9.813621e-01
1708	9.826917e-01
1709	9.837588e-01
1710	9.850501e-01
1711	9.841063e-01
1712	9.831926e-01
1713	9.810625e-01
1714	9.780713e-01
1715	9.751523e-01
1716	9.719914e-01
1717	9.700386e-01
1718	9.696164e-01
1719	9.705036e-01
1720	9.720814e-01
1721	9.752315e-01
1722	9.791277e-01
1723	9.815789e-01
1724	9.833153e-01
1725	9.857434e-01
1726	9.879750e-01
1727	9.881167e-01
1728	9.887770e-01
1729	9.873927e-01
1730	9.855602e-01
1731	9.817374e-01
1732	9.769304e-01
1733	9.720335e-01
1734	9.676624e-01
1735	9.658157e-01
1736	9.672822e-01
1737	9.711825e-01
1738	9.749871e-01
1739	9.805857e-01
1740	9.862334e-01
1741	9.917196e-01
1742	9.964531e-01
1743	9.988577e-01
1744	9.994604e-01
1745	9.975700e-01
1746	9.939115e-01
1747	9.877364e-01
1748	9.814228e-01
1749	9.756794e-01
1750	9.709269e-01
1751	9.658453e-01
1752	9.635475e-01
1753	9.628731e-01
1754	9.644352e-01
1755	9.673191e-01
1756	9.708938e-01
1757	9.755465e-01
1758	9.816075e-01
1759	9.875028e-01
1760	9.921937e-01
1761	9.946749e-01
1762	9.955152e-01
1763	9.948632e-01
1764	9.919002e-01
1765	9.882762e-01
1766	9.826705e-01
1767	9.754778e-01
1768	9.686336e-01
1769	9.622033e-01
1770	9.568904e-01
1771	9.530340e-01
1772	9.524003e-01
1773	9.528438e-01
1774	9.554267e-01
1775	9.601609e-01
1776	9.664632e-01
1777	9.736283e-01
1778	9.821565e-01
1779	9.896148e-01
1780	9.960832e-01
1781	1.000710e+00
1782	1.002639e+00
1783	1.001238e+00
1784	9.974940e-01
1785	9.924097e-01
1786	9.847300e-01
1787	9.764221e-01
1788	9.699040e-01
1789	9.650117e-01
1790	9.621709e-01
1791	9.617171e-01
1792	9.615667e-01
1793	9.646740e-01
1794	9.686215e-01
1795	9.738795e-01
1796	9.798711e-01
1797	9.863150e-01
1798	9.918070e-01
1799	9.964909e-01
1800	9.994560e-01
1801	9.995647e-01
1802	9.967773e-01
1803	9.922398e-01
1804	9.854666e-01
1805	9.784896e-01
1806	9.718394e-01
1807	9.660670e-01
1808	9.612738e-01
1809	9.571198e-01
1810	9.552055e-01
1811	9.561849e-01
1812	9.589324e-01
1813	9.646512e-01
1814	9.727965e-01
1815	9.824259e-01
1816	9.909516e-01
1817	9.982892e-01
1818	1.004401e+00
1819	1.008372e+00
1820	1.008934e+00
1821	1.005590e+00
1822	9.983721e-01
1823	9.888468e-01
1824	9.782380e-01
1825	9.674727e-01
1826	9.576344e-01
1827	9.514527e-01
1828	9.489558e-01
1829	9.513584e-01
1830	9.555713e-01
1831	9.638420e-01
1832	9.748970e-01
1833	9.859926e-01
1834	9.971666e-01
1835	1.006583e+00
1836	1.011790e+00
1837	1.015212e+00
1838	1.014020e+00
1839	1.007989e+00
1840	9.989241e-01
1841	9.872219e-01
1842	9.752827e-01
1843	9.631283e-01
1844	9.538145e-01
1845	9.495082e-01
1846	9.508377e-01
1847	9.561942e-01
1848	9.645433e-01
1849	9.747890e-01
1850	9.857958e-01
1851	9.952677e-01
1852	1.003828e+00
1853	1.008673e+00
1854	1.011125e+00
1855	1.011938e+00
1856	1.009852e+00
1857	1.005118e+00
1858	9.976601e-01
1859	9.890638e-01
1860	9.808043e-01
1861	9.747258e-01
1862	9.704713e-01
1863	9.696028e-01
1864	9.703291e-01
1865	9.731466e-01
1866	9.773789e-01
1867	9.830458e-01
1868	9.882066e-01
1869	9.921953e-01
1870	9.947513e-01
1871	9.967231e-01
1872	9.970203e-01
1873	9.948260e-01
1874	9.902823e-01
1875	9.847521e-01
1876	9.778485e-01
1877	9.711057e-01
1878	9.659010e-01
1879	9.625238e-01
1880	9.622555e-01
1881	9.641572e-01
1882	9.668486e-01
1883	9.694098e-01
1884	9.739477e-01
1885	9.794804e-01
1886	9.853191e-01
1887	9.904828e-01
1888	9.947279e-01
1889	9.972842e-01
1890	9.986650e-01
1891	9.982674e-01
1892	9.969502e-01
1893	9.947101e-01
1894	9.911932e-01
1895	9.884596e-01
1896	9.860031e-01
1897	9.837777e-01
1898	9.822397e-01
1899	9.820779e-01
1900	9.832822e-01
1901	9.852238e-01
1902	9.859178e-01
1903	9.867436e-01
1904	9.878450e-01
1905	9.881172e-01
1906	9.890702e-01
1907	9.911128e-01
1908	9.937430e-01
1909	9.954696e-01
1910	9.937765e-01
1911	9.896115e-01
1912	9.833832e-01
1913	9.776882e-01
1914	9.733231e-01
1915	9.704033e-01
1916	9.693736e-01
1917	9.693356e-01
1918	9.708783e-01
1919	9.733522e-01
1920	9.773475e-01
1921	9.829640e-01
1922	9.907882e-01
1923	9.980203e-01
1924	1.004784e+00
1925	1.007954e+00
1926	1.006602e+00
1927	1.001902e+00
1928	9.955635e-01
1929	9.864379e-01
1930	9.771365e-01
1931	9.680606e-01
1932	9.602837e-01
1933	9.549710e-01
1934	9.524874e-01
1935	9.534581e-01
1936	9.592432e-01
1937	9.675430e-01
1938	9.778337e-01
1939	9.885930e-01
1940	9.963490e-01
1941	1.001462e+00
1942	1.003324e+00
1943	1.001767e+00
1944	9.963853e-01
1945	9.868954e-01
1946	9.761876e-01
1947	9.655828e-01
1948	9.568277e-01
1949	9.504608e-01
1950	9.461786e-01
1951	9.460925e-01
1952	9.475199e-01
1953	9.536072e-01
1954	9.598748e-01
1955	9.665056e-01
1956	9.742409e-01
1957	9.819389e-01
1958	9.901429e-01
1959	9.963650e-01
1960	9.997432e-01
1961	9.999831e-01
1962	9.969625e-01
1963	9.914977e-01
1964	9.843417e-01
1965	9.750237e-01
1966	9.654968e-01
1967	9.570884e-01
1968	9.516529e-01
1969	9.494506e-01
1970	9.515289e-01
1971	9.579728e-01
1972	9.652431e-01
1973	9.729114e-01
1974	9.805534e-01
1975	9.882965e-01
1976	9.945928e-01
1977	9.986379e-01
1978	9.997988e-01
1979	9.978613e-01
1980	9.935054e-01
1981	9.873593e-01
1982	9.804688e-01
1983	9.743935e-01
1984	9.682354e-01
1985	9.638784e-01
1986	9.614735e-01
1987	9.607995e-01
1988	9.619356e-01
1989	9.648535e-01
1990	9.704224e-01
1991	9.762111e-01
1992	9.810805e-01
1993	9.869861e-01
1994	9.906009e-01
1995	9.923896e-01
1996	9.927855e-01
1997	9.924719e-01
1998	9.909393e-01
1999	9.874702e-01
2000	9.843857e-01
2001	9.799826e-01
2002	9.749710e-01
2003	9.700489e-01
2004	9.664917e-01
2005	9.653133e-01
2006	9.640085e-01
2007	9.633167e-01
2008	9.642118e-01
2009	9.667013e-01
2010	9.707604e-01
2011	9.746894e-01
2012	9.791894e-01
2013	9.819076e-01
2014	9.830880e-01
2015	9.828008e-01
2016	9.815603e-01
2017	9.790187e-01
2018	9.753330e-01
2019	9.707288e-01
2020	9.655723e-01
2021	9.611991e-01
2022	9.573992e-01
2023	9.551200e-01
2024	9.542511e-01
2025	9.553520e-01
2026	9.572536e-01
2027	9.611225e-01
2028	9.664433e-01
2029	9.706066e-01
2030	9.742536e-01
2031	9.774340e-01
2032	9.794762e-01
2033	9.795579e-01
2034	9.786171e-01
2035	9.761010e-01
2036	9.722837e-01
2037	9.687567e-01
2038	9.643435e-01
2039	9.616916e-01
2040	9.608900e-01
2041	9.608034e-01
2042	9.635091e-01
2043	9.671125e-01
2044	9.706531e-01
2045	9.726757e-01
2046	9.741003e-01
2047	9.767989e-01
2048	9.792202e-01
2049	9.815782e-01
2050	9.839432e-01
2051	9.843364e-01
2052	9.817250e-01
2053	9.790114e-01
2054	9.745044e-01
2055	9.692366e-01
2056	9.638987e-01
2057	9.608815e-01
2058	9.581289e-01
2059	9.581230e-01
2060	9.597625e-01
2061	9.637830e-01
2062	9.690107e-01
2063	9.758881e-01
2064	9.829212e-01
2065	9.863159e-01
2066	9.869662e-01
2067	9.859390e-01
2068	9.824954e-01
2069	9.783110e-01
2070	9.729467e-01
2071	9.680881e-01
2072	9.650863e-01
2073	9.624937e-01
2074	9.623011e-01
2075	9.631536e-01
2076	9.651175e-01
2077	9.667957e-01
2078	9.668386e-01
2079	9.668041e-01
2080	9.674622e-01
2081	9.692757e-01
2082	9.718443e-01
2083	9.741333e-01
2084	9.757507e-01
2085	9.782168e-01
2086	9.799818e-01
2087	9.791078e-01
2088	9.780668e-01
2089	9.747897e-01
2090	9.706121e-01
2091	9.653203e-01
2092	9.609790e-01
2093	9.585334e-01
2094	9.583858e-01
2095	9.602497e-01
2096	9.629975e-01
2097	9.669313e-01
2098	9.713731e-01
2099	9.752364e-01
2100	9.793696e-01
2101	9.828298e-01
2102	9.851332e-01
2103	9.835684e-01
2104	9.796244e-01
2105	9.750200e-01
2106	9.690459e-01
2107	9.631802e-01
2108	9.581583e-01
2109	9.545706e-01
2110	9.516914e-01
2111	9.511582e-01
2112	9.547895e-01
2113	9.607645e-01
2114	9.664882e-01
2115	9.724374e-01
2116	9.789253e-01
2117	9.856900e-01
2118	9.912180e-01
2119	9.949832e-01
2120	9.955114e-01
2121	9.944769e-01
2122	9.928319e-01
2123	9.878917e-01
2124	9.804980e-01
2125	9.722932e-01
2126	9.642902e-01
2127	9.561926e-01
2128	9.494449e-01
2129	9.457536e-01
2130	9.448884e-01
2131	9.457817e-01
2132	9.482147e-01
2133	9.529058e-01
2134	9.602099e-01
2135	9.690942e-01
2136	9.785530e-01
2137	9.866660e-01
2138	9.935626e-01
2139	9.970288e-01
2140	9.961163e-01
2141	9.917364e-01
2142	9.848641e-01
2143	9.752865e-01
2144	9.655600e-01
2145	9.565668e-01
2146	9.488266e-01
2147	9.446630e-01
2148	9.435166e-01
2149	9.462017e-01
2150	9.494936e-01
2151	9.548552e-01
2152	9.615034e-01
2153	9.692955e-01
2154	9.775553e-01
2155	9.840040e-01
2156	9.897985e-01
2157	9.949368e-01
2158	9.976116e-01
2159	9.961377e-01
2160	9.910148e-01
2161	9.825465e-01
2162	9.721487e-01
2163	9.614716e-01
2164	9.509198e-01
2165	9.416335e-01
2166	9.356665e-01
2167	9.338014e-01
2168	9.371515e-01
2169	9.438321e-01
2170	9.541087e-01
2171	9.649288e-01
2172	9.764179e-01
2173	9.868379e-01
2174	9.972401e-01
2175	1.005506e+00
2176	1.008824e+00
2177	1.007531e+00
2178	1.001115e+00
2179	9.912429e-01
2180	9.807945e-01
2181	9.702337e-01
2182	9.603893e-01
2183	9.529453e-01
2184	9.494093e-01
2185	9.476642e-01
2186	9.484431e-01
2187	9.530687e-01
2188	9.602191e-01
2189	9.696101e-01
2190	9.793356e-01
2191	9.888674e-01
2192	9.970820e-01
2193	1.001688e+00
2194	1.005566e+00
2195	1.006423e+00
2196	1.004938e+00
2197	9.992030e-01
2198	9.929461e-01
2199	9.843249e-01
2200	9.750039e-01
2201	9.656663e-01
2202	9.579525e-01
2203	9.527713e-01
2204	9.510463e-01
2205	9.528917e-01
2206	9.586347e-01
2207	9.669180e-01
2208	9.769956e-01
2209	9.884010e-01
2210	9.985982e-01
2211	1.005556e+00
2212	1.010184e+00
2213	1.009613e+00
2214	1.005867e+00
2215	9.976833e-01
2216	9.877362e-01
2217	9.775421e-01
2218	9.650267e-01
2219	9.545562e-01
2220	9.484198e-01
2221	9.464950e-01
2222	9.486818e-01
2223	9.544896e-01
2224	9.644370e-01
2225	9.767656e-01
2226	9.893251e-01
2227	1.001878e+00
2228	1.011228e+00
2229	1.015969e+00
2230	1.016676e+00
2231	1.012015e+00
2232	1.004170e+00
2233	9.944735e-01
2234	9.838696e-01
2235	9.730629e-01
2236	9.626095e-01
2237	9.552730e-01
2238	9.512460e-01
2239	9.505581e-01
2240	9.534767e-01
2241	9.578604e-01
2242	9.661903e-01
2243	9.763398e-01
2244	9.879171e-01
2245	9.966285e-01
2246	1.004201e+00
2247	1.008502e+00
2248	1.009206e+00
2249	1.006737e+00
2250	1.000479e+00
2251	9.920767e-01
2252	9.822165e-01
2253	9.720905e-01
2254	9.638158e-01
2255	9.570127e-01
2256	9.523544e-01
2257	9.510372e-01
2258	9.530824e-01
2259	9.593641e-01
2260	9.669532e-01
2261	9.753233e-01
2262	9.837760e-01
2263	9.926177e-01
2264	1.001697e+00
2265	1.007888e+00
2266	1.009508e+00
2267	1.006211e+00
2268	1.000472e+00
2269	9.918174e-01
2270	9.810352e-01
2271	9.701148e-01
2272	9.608830e-01
2273	9.533065e-01
2274	9.489776e-01
2275	9.494246e-01
2276	9.514070e-01
2277	9.559627e-01
2278	9.629315e-01
2279	9.717031e-01
2280	9.816045e-01
2281	9.902038e-01
2282	9.969406e-01
2283	1.000708e+00
2284	1.001905e+00
2285	9.994432e-01
2286	9.943001e-01
2287	9.878517e-01
2288	9.824462e-01
2289	9.755645e-01
2290	9.687560e-01
2291	9.632486e-01
2292	9.588383e-01
2293	9.558096e-01
2294	9.559361e-01
2295	9.589743e-01
2296	9.632004e-01
2297	9.672923e-01
2298	9.718471e-01
2299	9.766822e-01
2300	9.821815e-01
2301	9.886272e-01
2302	9.940223e-01
2303	9.972490e-01
2304	9.962923e-01
2305	9.936192e-01
2306	9.914719e-01
2307	9.869445e-01
2308	9.798350e-01
2309	9.734857e-01
2310	9.673016e-01
2311	9.623392e-01
2312	9.613261e-01
2313	9.613545e-01
2314	9.621055e-01
2315	9.664410e-01
2316	9.726381e-01
2317	9.802877e-01
2318	9.868444e-01
2319	9.926892e-01
2320	9.960903e-01
2321	9.969189e-01
2322	9.961697e-01
2323	9.932344e-01
2324	9.877974e-01
2325	9.816121e-01
2326	9.752567e-01
2327	9.675171e-01
2328	9.599739e-01
2329	9.542174e-01
2330	9.514341e-01
2331	9.515330e-01
2332	9.548217e-01
2333	9.601540e-01
2334	9.668125e-01
2335	9.744733e-01
2336	9.820611e-01
2337	9.875493e-01
2338	9.906616e-01
2339	9.912508e-01
2340	9.899131e-01
2341	9.863926e-01
2342	9.800414e-01
2343	9.729899e-01
2344	9.662076e-01
2345	9.605189e-01
2346	9.590648e-01
2347	9.587682e-01
2348	9.586779e-01
2349	9.610905e-01
2350	9.638481e-01
2351	9.678801e-01
2352	9.736472e-01
2353	9.807333e-01
2354	9.851993e-01
2355	9.868890e-01
2356	9.875514e-01
2357	9.859487e-01
2358	9.823444e-01
2359	9.781278e-01
2360	9.728403e-01
2361	9.672742e-01
2362	9.622683e-01
2363	9.572077e-01
2364	9.545145e-01
2365	9.526342e-01
2366	9.521656e-01
2367	9.532491e-01
2368	9.555774e-01
2369	9.601038e-01
2370	9.661154e-01
2371	9.710489e-01
2372	9.752352e-01
2373	9.796798e-01
2374	9.821836e-01
2375	9.835059e-01
2376	9.826080e-01
2377	9.813040e-01
2378	9.790328e-01
2379	9.760712e-01
2380	9.716858e-01
2381	9.663424e-01
2382	9.627065e-01
2383	9.618073e-01
2384	9.620552e-01
2385	9.629072e-01
2386	9.656496e-01
2387	9.695075e-01
2388	9.733748e-01
2389	9.772919e-01
2390	9.818411e-01
2391	9.837740e-01
2392	9.838716e-01
2393	9.830280e-01
2394	9.806227e-01
2395	9.772358e-01
2396	9.737916e-01
2397	9.709996e-01
2398	9.677578e-01
2399	9.654629e-01
2400	9.633567e-01
2401	9.620355e-01
2402	9.622256e-01
2403	9.634015e-01
2404	9.667456e-01
2405	9.711703e-01
2406	9.762770e-01
2407	9.798640e-01
2408	9.849082e-01
2409	9.897249e-01
2410	9.937581e-01
2411	9.971991e-01
2412	9.994253e-01
2413	9.999514e-01
2414	9.978391e-01
2415	9.937218e-01
2416	9.885102e-01
2417	9.820122e-01
2418	9.759372e-01
2419	9.690041e-01
2420	9.622091e-01
2421	9.576464e-01
2422	9.561084e-01
2423	9.566719e-01
2424	9.605289e-01
2425	9.674179e-01
2426	9.768825e-01
2427	9.862777e-01
2428	9.954496e-01
2429	1.002759e+00
2430	1.005981e+00
2431	1.005344e+00
2432	1.001170e+00
2433	9.940532e-01
2434	9.841782e-01
2435	9.726996e-01
2436	9.621795e-01
2437	9.540198e-01
2438	9.459196e-01
2439	9.422141e-01
2440	9.413459e-01
2441	9.447190e-01
2442	9.507896e-01
2443	9.609309e-01
2444	9.701286e-01
2445	9.780324e-01
2446	9.855146e-01
2447	9.921303e-01
2448	9.961267e-01
2449	9.985213e-01
2450	9.972411e-01
2451	9.929422e-01
2452	9.863747e-01
2453	9.784337e-01
2454	9.692920e-01
2455	9.595263e-01
2456	9.535878e-01
2457	9.499311e-01
2458	9.497323e-01
2459	9.518577e-01
2460	9.560437e-01
2461	9.625789e-01
2462	9.713876e-01
2463	9.791659e-01
2464	9.867084e-01
2465	9.919955e-01
2466	9.963835e-01
2467	9.984265e-01
2468	9.969074e-01
2469	9.930724e-01
2470	9.862673e-01
2471	9.780509e-01
2472	9.693658e-01
2473	9.602195e-01
2474	9.530889e-01
2475	9.488785e-01
2476	9.472209e-01
2477	9.487461e-01
2478	9.531440e-01
2479	9.607259e-01
2480	9.686593e-01
2481	9.756069e-01
2482	9.816517e-01
2483	9.859836e-01
2484	9.895821e-01
2485	9.906647e-01
2486	9.899573e-01
2487	9.883372e-01
2488	9.845797e-01
2489	9.809506e-01
2490	9.764296e-01
2491	9.735678e-01
2492	9.721569e-01
2493	9.712109e-01
2494	9.699586e-01
2495	9.691702e-01
2496	9.695361e-01
2497	9.702044e-01
2498	9.708661e-01
2499	9.717462e-01
2500	9.743108e-01
2501	9.762570e-01
2502	9.799423e-01
2503	9.830390e-01
2504	9.854396e-01
2505	9.881840e-01
2506	9.895080e-01
2507	9.899757e-01
2508	9.880836e-01
2509	9.832915e-01
2510	9.767407e-01
2511	9.710859e-01
2512	9.652563e-01
2513	9.605503e-01
2514	9.580990e-01
2515	9.577965e-01
2516	9.605159e-01
2517	9.648857e-01
2518	9.718672e-01
2519	9.782864e-01
2520	9.847371e-01
2521	9.902523e-01
2522	9.944150e-01
2523	9.961758e-01
2524	9.964700e-01
2525	9.938345e-01
2526	9.901048e-01
2527	9.852277e-01
2528	9.784101e-01
2529	9.698324e-01
2530	9.630312e-01
2531	9.584777e-01
2532	9.556499e-01
2533	9.539490e-01
2534	9.558714e-01
2535	9.598728e-01
2536	9.662395e-01
2537	9.725315e-01
2538	9.796937e-01
2539	9.860984e-01
2540	9.913690e-01
2541	9.944439e-01
2542	9.966444e-01
2543	9.969685e-01
2544	9.941899e-01
2545	9.893393e-01
2546	9.824502e-01
2547	9.754767e-01
2548	9.672716e-01
2549	9.602835e-01
2550	9.560111e-01
2551	9.551312e-01
2552	9.572675e-01
2553	9.607631e-01
2554	9.657702e-01
2555	9.722395e-01
2556	9.781072e-01
2557	9.840750e-01
2558	9.880386e-01
2559	9.911034e-01
2560	9.925794e-01
2561	9.910519e-01
2562	9.887704e-01
2563	9.856966e-01
2564	9.800841e-01
2565	9.745488e-01
2566	9.693026e-01
2567	9.658673e-01
2568	9.651131e-01
2569	9.658251e-01
2570	9.674152e-01
2571	9.721104e-01
2572	9.784674e-01
2573	9.859018e-01
2574	9.931879e-01
2575	9.981494e-01
2576	1.003758e+00
2577	1.006935e+00
2578	1.006702e+00
2579	1.004688e+00
2580	1.001874e+00
2581	9.965606e-01
2582	9.899837e-01
2583	9.820717e-01
2584	9.733867e-01
2585	9.658956e-01
2586	9.614126e-01
2587	9.592039e-01
2588	9.604654e-01
2589	9.629566e-01
2590	9.676627e-01
2591	9.720640e-01
2592	9.767472e-01
2593	9.815502e-01
2594	9.855670e-01
2595	9.887829e-01
2596	9.912522e-01
2597	9.896596e-01
2598	9.866979e-01
2599	9.810403e-01
2600	9.746871e-01
2601	9.687277e-01
2602	9.627511e-01
2603	9.573082e-01
2604	9.524608e-01
2605	9.492913e-01
2606	9.481284e-01
2607	9.481945e-01
2608	9.521823e-01
2609	9.587651e-01
2610	9.666519e-01
2611	9.763753e-01
2612	9.847857e-01
2613	9.921241e-01
2614	9.973107e-01
2615	1.000276e+00
2616	1.002462e+00
2617	1.001650e+00
2618	9.982990e-01
2619	9.931621e-01
2620	9.866529e-01
2621	9.800835e-01
2622	9.725055e-01
2623	9.661290e-01
2624	9.636316e-01
2625	9.638989e-01
2626	9.668286e-01
2627	9.691575e-01
2628	9.732822e-01
2629	9.776341e-01
2630	9.821097e-01
2631	9.856014e-01
2632	9.864522e-01
2633	9.863277e-01
2634	9.837951e-01
2635	9.801318e-01
2636	9.780124e-01
2637	9.761407e-01
2638	9.739361e-01
2639	9.721267e-01
2640	9.704226e-01
2641	9.692613e-01
2642	9.711564e-01
2643	9.743684e-01
2644	9.764875e-01
2645	9.774062e-01
2646	9.772929e-01
2647	9.765037e-01
2648	9.741686e-01
2649	9.721117e-01
2650	9.701137e-01
2651	9.672349e-01
2652	9.650334e-01
2653	9.650338e-01
2654	9.668135e-01
2655	9.684597e-01
2656	9.708554e-01
2657	9.750025e-01
2658	9.788756e-01
2659	9.814908e-01
2660	9.823918e-01
2661	9.815034e-01
2662	9.792430e-01
2663	9.781099e-01
2664	9.765877e-01
2665	9.733721e-01
2666	9.694227e-01
2667	9.657133e-01
2668	9.624464e-01
2669	9.600996e-01
2670	9.599539e-01
2671	9.611407e-01
2672	9.634295e-01
2673	9.675835e-01
2674	9.722447e-01
2675	9.767687e-01
2676	9.811630e-01
2677	9.842330e-01
2678	9.867331e-01
2679	9.879122e-01
2680	9.877872e-01
2681	9.855633e-01
2682	9.822017e-01
2683	9.772725e-01
2684	9.727387e-01
2685	9.679478e-01
2686	9.634094e-01
2687	9.597942e-01
2688	9.581361e-01
2689	9.582124e-01
2690	9.603604e-01
2691	9.634269e-01
2692	9.669805e-01
2693	9.707859e-01
2694	9.758679e-01
2695	9.799714e-01
2696	9.822679e-01
2697	9.828535e-01
2698	9.825538e-01
2699	9.794481e-01
2700	9.740194e-01
2701	9.673757e-01
2702	9.612589e-01
2703	9.565022e-01
2704	9.522449e-01
2705	9.503115e-01
2706	9.518260e-01
2707	9.558775e-01
2708	9.604594e-01
2709	9.662181e-01
2710	9.726596e-01
2711	9.777868e-01
2712	9.823537e-01
2713	9.842367e-01
2714	9.834415e-01
2715	9.808045e-01
2716	9.746103e-01
2717	9.690618e-01
2718	9.644326e-01
2719	9.608262e-01
2720	9.590326e-01
2721	9.588007e-01
2722	9.604660e-01
2723	9.616237e-01
2724	9.644652e-01
2725	9.673100e-01
2726	9.700056e-01
2727	9.726603e-01
2728	9.737272e-01
2729	9.748277e-01
2730	9.736439e-01
2731	9.712516e-01
2732	9.687059e-01
2733	9.666868e-01
2734	9.652409e-01
2735	9.645322e-01
2736	9.646188e-01
2737	9.662867e-01
2738	9.683214e-01
2739	9.699495e-01
2740	9.730901e-01
2741	9.747692e-01
2742	9.749107e-01
2743	9.735626e-01
2744	9.700349e-01
2745	9.668890e-01
2746	9.639945e-01
2747	9.614471e-01
2748	9.591339e-01
2749	9.580940e-01
2750	9.579966e-01
2751	9.595024e-01
2752	9.617445e-01
2753	9.652610e-01
2754	9.685898e-01
2755	9.722384e-01
2756	9.738958e-01
2757	9.755227e-01
2758	9.765166e-01
2759	9.746231e-01
2760	9.729454e-01
2761	9.709497e-01
2762	9.673718e-01
2763	9.645768e-01
2764	9.630062e-01
2765	9.624904e-01
2766	9.621544e-01
2767	9.636794e-01
2768	9.655285e-01
2769	9.687627e-01
2770	9.717030e-01
2771	9.749458e-01
2772	9.788149e-01
2773	9.805430e-01
2774	9.797360e-01
2775	9.770685e-01
2776	9.747254e-01
2777	9.710846e-01
2778	9.664512e-01
2779	9.639749e-01
2780	9.640999e-01
2781	9.664461e-01
2782	9.698022e-01
2783	9.738654e-01
2784	9.773128e-01
2785	9.799903e-01
2786	9.844714e-01
2787	9.870991e-01
2788	9.876664e-01
2789	9.873696e-01
2790	9.841474e-01
2791	9.804473e-01
2792	9.763030e-01
2793	9.734104e-01
2794	9.702591e-01
2795	9.685144e-01
2796	9.675384e-01
2797	9.699218e-01
2798	9.736532e-01
2799	9.767628e-01
2800	9.788980e-01
2801	9.812955e-01
2802	9.836123e-01
2803	9.874342e-01
2804	9.894136e-01
2805	9.913410e-01
2806	9.919528e-01
2807	9.899499e-01
2808	9.858532e-01
2809	9.800705e-01
2810	9.716634e-01
2811	9.631992e-01
2812	9.549900e-01
2813	9.494430e-01
2814	9.467943e-01
2815	9.476682e-01
2816	9.530652e-01
2817	9.604736e-01
2818	9.689761e-01
2819	9.777628e-01
2820	9.877110e-01
2821	9.955155e-01
2822	1.001319e+00
2823	1.003735e+00
2824	1.003505e+00
2825	9.996668e-01
2826	9.937530e-01
2827	9.859153e-01
2828	9.762573e-01
2829	9.670446e-01
2830	9.581993e-01
2831	9.514007e-01
2832	9.455065e-01
2833	9.422728e-01
2834	9.423538e-01
2835	9.483038e-01
2836	9.595614e-01
2837	9.736353e-01
2838	9.870639e-01
2839	9.990051e-01
2840	1.008197e+00
2841	1.014973e+00
2842	1.018853e+00
2843	1.017298e+00
2844	1.013129e+00
2845	1.005049e+00
2846	9.951473e-01
2847	9.829338e-01
2848	9.693158e-01
2849	9.571440e-01
2850	9.475437e-01
2851	9.411887e-01
2852	9.405612e-01
2853	9.444755e-01
2854	9.528708e-01
2855	9.645675e-01
2856	9.765446e-01
2857	9.886996e-01
2858	9.975525e-01
2859	1.003257e+00
2860	1.006503e+00
2861	1.007958e+00
2862	1.007805e+00
2863	1.004627e+00
2864	9.987445e-01
2865	9.912561e-01
2866	9.803977e-01
2867	9.691684e-01
2868	9.577824e-01
2869	9.486172e-01
2870	9.424981e-01
2871	9.397375e-01
2872	9.417709e-01
2873	9.470723e-01
2874	9.567465e-01
2875	9.692882e-01
2876	9.822015e-01
2877	9.934938e-01
2878	1.002967e+00
2879	1.009473e+00
2880	1.011502e+00
2881	1.010057e+00
2882	1.006190e+00
2883	1.000075e+00
2884	9.925055e-01
2885	9.836116e-01
2886	9.746511e-01
2887	9.659600e-01
2888	9.579189e-01
2889	9.517157e-01
2890	9.459030e-01
2891	9.452185e-01
2892	9.487068e-01
2893	9.543275e-01
2894	9.617968e-01
2895	9.708106e-01
2896	9.814162e-01
2897	9.901239e-01
2898	9.966486e-01
2899	1.000962e+00
2900	1.001961e+00
2901	1.000101e+00
2902	9.961604e-01
2903	9.897648e-01
2904	9.833366e-01
2905	9.772811e-01
2906	9.720610e-01
2907	9.686625e-01
2908	9.663848e-01
2909	9.652322e-01
2910	9.654361e-01
2911	9.654564e-01
2912	9.662516e-01
2913	9.680062e-01
2914	9.718950e-01
2915	9.775839e-01
2916	9.829839e-01
2917	9.889755e-01
2918	9.942479e-01
2919	9.961531e-01
2920	9.949365e-01
2921	9.925321e-01
2922	9.876491e-01
2923	9.826544e-01
2924	9.784315e-01
2925	9.753121e-01
2926	9.727937e-01
2927	9.697235e-01
2928	9.676526e-01
2929	9.673546e-01
2930	9.669710e-01
2931	9.676840e-01
2932	9.715061e-01
2933	9.774518e-01
2934	9.834866e-01
2935	9.887303e-01
2936	9.915634e-01
2937	9.925811e-01
2938	9.926666e-01
2939	9.906157e-01
2940	9.865311e-01
2941	9.808891e-01
2942	9.756756e-01
2943	9.717822e-01
2944	9.683197e-01
2945	9.649646e-01
2946	9.634720e-01
2947	9.633990e-01
2948	9.651701e-01
2949	9.688079e-01
2950	9.731117e-01
2951	9.765880e-01
2952	9.788069e-01
2953	9.801668e-01
2954	9.803698e-01
2955	9.810667e-01
2956	9.823164e-01
2957	9.848164e-01
2958	9.858409e-01
2959	9.862742e-01
2960	9.851223e-01
2961	9.829632e-01
2962	9.814378e-01
2963	9.803210e-01
2964	9.796275e-01
2965	9.779681e-01
2966	9.771362e-01
2967	9.755062e-01
2968	9.751313e-01
2969	9.762851e-01
2970	9.779439e-01
2971	9.780766e-01
2972	9.777397e-01
2973	9.765107e-01
2974	9.753038e-01
2975	9.736813e-01
2976	9.728189e-01
2977	9.725741e-01
2978	9.724719e-01
2979	9.720701e-01
2980	9.709246e-01
2981	9.701673e-01
2982	9.690389e-01
2983	9.683964e-01
2984	9.684957e-01
2985	9.689774e-01
2986	9.700094e-01
2987	9.726133e-01
2988	9.752129e-01
2989	9.767479e-01
2990	9.774057e-01
2991	9.769541e-01
2992	9.760212e-01
2993	9.741485e-01
2994	9.720765e-01
2995	9.698071e-01
2996	9.668930e-01
2997	9.633293e-01
2998	9.607045e-01
2999	9.592452e-01
3000	9.596520e-01
3001	9.602064e-01
3002	9.619299e-01
3003	9.649248e-01
3004	9.686806e-01
3005	9.723246e-01
3006	9.766793e-01
3007	9.803184e-01
3008	9.827431e-01
3009	9.848113e-01
3010	9.862690e-01
3011	9.866777e-01
3012	9.846358e-01
3013	9.817505e-01
3014	9.779274e-01
3015	9.717943e-01
3016	9.670544e-01
3017	9.624934e-01
3018	9.592201e-01
3019	9.569899e-01
3020	9.549943e-01
3021	9.557055e-01
3022	9.571142e-01
3023	9.607440e-01
3024	9.658260e-01
3025	9.717044e-01
3026	9.776497e-01
3027	9.826588e-01
3028	9.868272e-01
3029	9.891117e-01
3030	9.892591e-01
3031	9.880708e-01
3032	9.843376e-01
3033	9.798137e-01
3034	9.755511e-01
3035	9.704604e-01
3036	9.652401e-01
3037	9.607660e-01
3038	9.588897e-01
3039	9.587478e-01
3040	9.608948e-01
3041	9.645589e-01
3042	9.680833e-01
3043	9.717543e-01
3044	9.742895e-01
3045	9.781117e-01
3046	9.808117e-01
3047	9.825598e-01
3048	9.825081e-01
3049	9.798948e-01
3050	9.761173e-01
3051	9.720687e-01
3052	9.673955e-01
3053	9.646425e-01
3054	9.626724e-01
3055	9.612886e-01
3056	9.616678e-01
3057	9.628953e-01
3058	9.641508e-01
3059	9.670721e-01
3060	9.689957e-01
3061	9.711044e-01
3062	9.730235e-01
3063	9.740863e-01
3064	9.755211e-01
3065	9.768182e-01
3066	9.762365e-01
3067	9.751811e-01
3068	9.720443e-01
3069	9.675126e-01
3070	9.621901e-01
3071	9.575700e-01
3072	9.553033e-01
3073	9.565821e-01
3074	9.598169e-01
3075	9.636308e-01
3076	9.683495e-01
3077	9.732052e-01
3078	9.783773e-01
3079	9.816940e-01
3080	9.840033e-01
3081	9.852190e-01
3082	9.851405e-01
3083	9.836760e-01
3084	9.803887e-01
3085	9.759171e-01
3086	9.714170e-01
3087	9.661393e-01
3088	9.600198e-01
3089	9.552755e-01
3090	9.518102e-01
3091	9.486191e-01
3092	9.484757e-01
3093	9.521020e-01
3094	9.578523e-01
3095	9.661386e-01
3096	9.734111e-01
3097	9.803046e-01
3098	9.861500e-01
3099	9.897233e-01
3100	9.921680e-01
3101	9.923274e-01
3102	9.897654e-01
3103	9.857942e-01
3104	9.792961e-01
3105	9.706999e-01
3106	9.616514e-01
3107	9.547390e-01
3108	9.496539e-01
3109	9.468857e-01
3110	9.473357e-01
3111	9.498073e-01
3112	9.553038e-01
3113	9.626784e-01
3114	9.712202e-01
3115	9.787961e-01
3116	9.854833e-01
3117	9.899979e-01
3118	9.926985e-01
3119	9.927060e-01
3120	9.903041e-01
3121	9.869776e-01
3122	9.823102e-01
3123	9.781082e-01
3124	9.733467e-01
3125	9.698254e-01
3126	9.678526e-01
3127	9.671343e-01
3128	9.681128e-01
3129	9.704830e-01
3130	9.750631e-01
3131	9.793777e-01
3132	9.832238e-01
3133	9.865509e-01
3134	9.890107e-01
3135	9.905076e-01
3136	9.898277e-01
3137	9.864640e-01
3138	9.812531e-01
3139	9.741580e-01
3140	9.666971e-01
3141	9.613296e-01
3142	9.593479e-01
3143	9.596425e-01
3144	9.616849e-01
3145	9.645586e-01
3146	9.690792e-01
3147	9.740730e-01
3148	9.772075e-01
3149	9.797120e-01
3150	9.811305e-01
3151	9.809306e-01
3152	9.802547e-01
3153	9.784545e-01
3154	9.767571e-01
3155	9.757940e-01
3156	9.736307e-01
3157	9.716518e-01
3158	9.702107e-01
3159	9.680572e-01
3160	9.668536e-01
3161	9.665527e-01
3162	9.667057e-01
3163	9.691492e-01
3164	9.731764e-01
3165	9.788239e-01
3166	9.829956e-01
3167	9.867522e-01
3168	9.896886e-01
3169	9.914189e-01
3170	9.910230e-01
3171	9.888620e-01
3172	9.857848e-01
3173	9.809449e-01
3174	9.750877e-01
3175	9.706440e-01
3176	9.672655e-01
3177	9.649895e-01
3178	9.639793e-01
3179	9.651677e-01
3180	9.671611e-01
3181	9.699248e-01
3182	9.739666e-01
3183	9.790989e-01
3184	9.833582e-01
3185	9.871653e-01
3186	9.889354e-01
3187	9.901364e-01
3188	9.887010e-01
3189	9.857368e-01
3190	9.818336e-01
3191	9.777347e-01
3192	9.740520e-01
3193	9.700093e-01
3194	9.666075e-01
3195	9.646219e-01
3196	9.638344e-01
3197	9.631184e-01
3198	9.632093e-01
3199	9.651012e-01
3200	9.698171e-01
3201	9.743240e-01
3202	9.785404e-01
3203	9.811388e-01
3204	9.829088e-01
3205	9.832078e-01
3206	9.822363e-01
3207	9.808769e-01
3208	9.802135e-01
3209	9.794632e-01
3210	9.797582e-01
3211	9.806215e-01
3212	9.805530e-01
3213	9.789041e-01
3214	9.769885e-01
3215	9.748271e-01
3216	9.735725e-01
3217	9.728132e-01
3218	9.726667e-01
3219	9.725234e-01
3220	9.739061e-01
3221	9.759539e-01
3222	9.781305e-01
3223	9.796899e-01
3224	9.823523e-01
3225	9.847920e-01
3226	9.853474e-01
3227	9.838036e-01
3228	9.810264e-01
3229	9.774846e-01
3230	9.735948e-01
3231	9.695239e-01
3232	9.672750e-01
3233	9.663435e-01
3234	9.683844e-01
3235	9.713813e-01
3236	9.742925e-01
3237	9.768424e-01
3238	9.781741e-01
3239	9.796439e-01
3240	9.809840e-01
3241	9.830703e-01
3242	9.853265e-01
3243	9.874077e-01
3244	9.886146e-01
3245	9.875629e-01
3246	9.854965e-01
3247	9.823205e-01
3248	9.795822e-01
3249	9.766502e-01
3250	9.747184e-01
3251	9.723579e-01
3252	9.717423e-01
3253	9.724391e-01
3254	9.726063e-01
3255	9.743804e-01
3256	9.767877e-01
3257	9.807669e-01
3258	9.833502e-01
3259	9.844805e-01
3260	9.837535e-01
3261	9.818935e-01
3262	9.798869e-01
3263	9.777532e-01
3264	9.752150e-01
3265	9.731767e-01
3266	9.716049e-01
3267	9.700329e-01
3268	9.695652e-01
3269	9.714101e-01
3270	9.749916e-01
3271	9.780775e-01
3272	9.800345e-01
3273	9.811026e-01
3274	9.835824e-01
3275	9.862072e-01
3276	9.883863e-01
3277	9.899755e-01
3278	9.913340e-01
3279	9.921666e-01
3280	9.905525e-01
3281	9.894224e-01
3282	9.857637e-01
3283	9.812923e-01
3284	9.787059e-01
3285	9.766621e-01
3286	9.741857e-01
3287	9.725605e-01
3288	9.715681e-01
3289	9.713540e-01
3290	9.722359e-01
3291	9.741360e-01
3292	9.779033e-01
3293	9.813125e-01
3294	9.846442e-01
3295	9.890416e-01
3296	9.932164e-01
3297	9.959135e-01
3298	9.961629e-01
3299	9.935760e-01
3300	9.904189e-01
3301	9.848802e-01
3302	9.782051e-01
3303	9.726080e-01
3304	9.675621e-01
3305	9.637555e-01
3306	9.617146e-01
3307	9.619321e-01
3308	9.639147e-01
3309	9.669135e-01
3310	9.716083e-01
3311	9.760253e-01
3312	9.813472e-01
3313	9.862482e-01
3314	9.914790e-01
3315	9.944772e-01
3316	9.959048e-01
3317	9.955764e-01
3318	9.936900e-01
3319	9.916828e-01
3320	9.883178e-01
3321	9.841821e-01
3322	9.804765e-01
3323	9.759970e-01
3324	9.706731e-01
3325	9.649751e-01
3326	9.623321e-01
3327	9.596762e-01
3328	9.587659e-01
3329	9.580734e-01
3330	9.593181e-01
3331	9.619725e-01
3332	9.677895e-01
3333	9.743188e-01
3334	9.814130e-01
3335	9.890423e-01
3336	9.959156e-01
3337	1.000524e+00
3338	1.002937e+00
3339	1.002486e+00
3340	1.000141e+00
3341	9.959323e-01
3342	9.917385e-01
3343	9.854162e-01
3344	9.777968e-01
3345	9.734439e-01
3346	9.705944e-01
3347	9.697757e-01
3348	9.705425e-01
3349	9.725409e-01
3350	9.752014e-01
3351	9.782405e-01
3352	9.822495e-01
3353	9.864000e-01
3354	9.902319e-01
3355	9.940758e-01
3356	9.984829e-01
3357	1.000621e+00
3358	1.001108e+00
3359	1.000790e+00
3360	9.989537e-01
3361	9.944862e-01
3362	9.885104e-01
3363	9.821487e-01
3364	9.774691e-01
3365	9.729126e-01
3366	9.694935e-01
3367	9.686017e-01
3368	9.690273e-01
3369	9.698425e-01
3370	9.735262e-01
3371	9.776488e-01
3372	9.821482e-01
3373	9.847757e-01
3374	9.865077e-01
3375	9.867345e-01
3376	9.856988e-01
3377	9.851602e-01
3378	9.839009e-01
3379	9.818656e-01
3380	9.798302e-01
3381	9.776164e-01
3382	9.754933e-01
3383	9.730585e-01
3384	9.709334e-01
3385	9.690942e-01
3386	9.678385e-01
3387	9.671975e-01
3388	9.673168e-01
3389	9.672588e-01
3390	9.684983e-01
3391	9.709867e-01
3392	9.733121e-01
3393	9.757296e-01
3394	9.790937e-01
3395	9.820176e-01
3396	9.848190e-01
3397	9.865036e-01
3398	9.879571e-01
3399	9.876641e-01
3400	9.855651e-01
3401	9.832340e-01
3402	9.802203e-01
3403	9.752382e-01
3404	9.699372e-01
3405	9.672452e-01
3406	9.657093e-01
3407	9.666988e-01
3408	9.689463e-01
3409	9.705752e-01
3410	9.723968e-01
3411	9.749182e-01
3412	9.780729e-01
3413	9.791903e-01
3414	9.802061e-01
3415	9.805662e-01
3416	9.813569e-01
3417	9.803595e-01
3418	9.797234e-01
3419	9.777522e-01
3420	9.764983e-01
3421	9.756384e-01
3422	9.763757e-01
3423	9.764714e-01
3424	9.758888e-01
3425	9.759563e-01
3426	9.761874e-01
3427	9.765922e-01
3428	9.765091e-01
3429	9.766139e-01
3430	9.769128e-01
3431	9.781341e-01
3432	9.796543e-01
3433	9.802929e-01
3434	9.812702e-01
3435	9.818619e-01
3436	9.830705e-01
3437	9.837903e-01
3438	9.835262e-01
3439	9.832668e-01
3440	9.819524e-01
3441	9.787983e-01
3442	9.760767e-01
3443	9.741456e-01
3444	9.742844e-01
3445	9.749684e-01
3446	9.757070e-01
3447	9.745795e-01
3448	9.736014e-01
3449	9.725420e-01
3450	9.721952e-01
3451	9.736758e-01
3452	9.764456e-01
3453	9.791579e-01
3454	9.825318e-01
3455	9.869826e-01
3456	9.905375e-01
3457	9.927362e-01
3458	9.936144e-01
3459	9.942190e-01
3460	9.932470e-01
3461	9.904717e-01
3462	9.871111e-01
3463	9.838844e-01
3464	9.804407e-01
3465	9.768262e-01
3466	9.737060e-01
3467	9.702771e-01
3468	9.678780e-01
3469	9.659313e-01
3470	9.650903e-01
3471	9.660818e-01
3472	9.686560e-01
3473	9.722348e-01
3474	9.754555e-01
3475	9.775086e-01
3476	9.797864e-01
3477	9.807652e-01
3478	9.801682e-01
3479	9.792534e-01
3480	9.795525e-01
3481	9.788302e-01
3482	9.767753e-01
3483	9.726369e-01
3484	9.661120e-01
3485	9.606913e-01
3486	9.555145e-01
3487	9.510117e-01
3488	9.485412e-01
3489	9.482739e-01
3490	9.507918e-01
3491	9.563294e-01
3492	9.631017e-01
3493	9.730681e-01
3494	9.833947e-01
3495	9.929688e-01
3496	1.001538e+00
3497	1.008130e+00
3498	1.011515e+00
3499	1.011158e+00
3500	1.006803e+00
3501	9.990469e-01
3502	9.899279e-01
3503	9.784819e-01
3504	9.669025e-01
3505	9.568945e-01
3506	9.498940e-01
3507	9.464609e-01
3508	9.459167e-01
3509	9.489172e-01
3510	9.548895e-01
3511	9.643014e-01
3512	9.748075e-01
3513	9.841553e-01
3514	9.922591e-01
3515	1.000347e+00
3516	1.006454e+00
3517	1.010053e+00
3518	1.009160e+00
3519	1.005221e+00
3520	9.979052e-01
3521	9.887875e-01
3522	9.777024e-01
3523	9.661399e-01
3524	9.553538e-01
3525	9.469920e-01
3526	9.415043e-01
3527	9.400377e-01
3528	9.427638e-01
3529	9.499659e-01
3530	9.626117e-01
3531	9.769139e-01
3532	9.919307e-01
3533	1.006295e+00
3534	1.017676e+00
3535	1.025208e+00
3536	1.027972e+00
3537	1.024571e+00
3538	1.015806e+00
3539	1.003758e+00
3540	9.904723e-01
3541	9.763736e-01
3542	9.643129e-01
3543	9.526861e-01
3544	9.463591e-01
3545	9.444577e-01
3546	9.470051e-01
3547	9.536685e-01
3548	9.615316e-01
3549	9.713056e-01
3550	9.822206e-01
3551	9.925350e-01
3552	1.000822e+00
3553	1.006717e+00
3554	1.009318e+00
3555	1.008137e+00
3556	1.003549e+00
3557	9.958640e-01
3558	9.881474e-01
3559	9.785303e-01
3560	9.667711e-01
3561	9.564359e-01
3562	9.481499e-01
3563	9.450786e-01
3564	9.458570e-01
3565	9.497278e-01
3566	9.551615e-01
3567	9.615777e-01
3568	9.675711e-01
3569	9.735795e-01
3570	9.786733e-01
3571	9.835232e-01
3572	9.887422e-01
3573	9.919060e-01
3574	9.916346e-01
3575	9.906871e-01
3576	9.881023e-01
3577	9.842520e-01
3578	9.803234e-01
3579	9.770479e-01
3580	9.744637e-01
3581	9.725427e-01
3582	9.725925e-01
3583	9.739367e-01
3584	9.764690e-01
3585	9.807003e-01
3586	9.846046e-01
3587	9.880083e-01
3588	9.900979e-01
3589	9.906734e-01
3590	9.895362e-01
3591	9.862514e-01
3592	9.826706e-01
3593	9.782195e-01
3594	9.733081e-01
3595	9.687113e-01
3596	9.668628e-01
3597	9.666185e-01
3598	9.673866e-01
3599	9.708128e-01
3600	9.744965e-01
3601	9.780101e-01
3602	9.812191e-01
3603	9.837831e-01
3604	9.856096e-01
3605	9.860909e-01
3606	9.863273e-01
3607	9.851582e-01
3608	9.844173e-01
3609	9.809877e-01
3610	9.768033e-01
3611	9.718332e-01
3612	9.671280e-01
3613	9.634473e-01
3614	9.626718e-01
3615	9.660484e-01
3616	9.715859e-01
3617	9.763490e-01
3618	9.811117e-01
3619	9.846864e-01
3620	9.863086e-01
3621	9.859728e-01
3622	9.826058e-01
3623	9.774368e-01
3624	9.726176e-01
3625	9.675957e-01
3626	9.625965e-01
3627	9.590894e-01
3628	9.558821e-01
3629	9.554598e-01
3630	9.598154e-01
3631	9.660653e-01
3632	9.724838e-01
3633	9.793841e-01
3634	9.860229e-01
3635	9.910580e-01
3636	9.936469e-01
3637	9.940345e-01
3638	9.909523e-01
3639	9.855714e-01
3640	9.797398e-01
3641	9.732985e-01
3642	9.674559e-01
3643	9.629612e-01
3644	9.604276e-01
3645	9.594493e-01
3646	9.605090e-01
3647	9.631433e-01
3648	9.684538e-01
3649	9.747208e-01
3650	9.819626e-01
3651	9.887487e-01
3652	9.958111e-01
3653	1.001738e+00
3654	1.003955e+00
3655	1.003146e+00
3656	9.992868e-01
3657	9.913764e-01
3658	9.812682e-01
3659	9.696487e-01
3660	9.585914e-01
3661	9.506544e-01
3662	9.454338e-01
3663	9.428255e-01
3664	9.451108e-01
3665	9.507188e-01
3666	9.593995e-01
3667	9.701424e-01
3668	9.815717e-01
3669	9.932872e-01
3670	1.002756e+00
3671	1.009225e+00
3672	1.011152e+00
3673	1.008605e+00
3674	1.000840e+00
3675	9.897588e-01
3676	9.763145e-01
3677	9.627218e-01
3678	9.494587e-01
3679	9.391226e-01
3680	9.328880e-01
3681	9.305627e-01
3682	9.337694e-01
3683	9.422754e-01
3684	9.556614e-01
3685	9.698975e-01
3686	9.854688e-01
3687	9.984377e-01
3688	1.009410e+00
3689	1.014862e+00
3690	1.016708e+00
3691	1.012804e+00
3692	1.003574e+00
3693	9.916281e-01
3694	9.765600e-01
3695	9.610933e-01
3696	9.463816e-01
3697	9.353184e-01
3698	9.287707e-01
3699	9.270514e-01
3700	9.307658e-01
3701	9.403684e-01
3702	9.547513e-01
3703	9.705832e-01
3704	9.871504e-01
3705	1.002226e+00
3706	1.015044e+00
3707	1.023996e+00
3708	1.027257e+00
3709	1.024828e+00
3710	1.017245e+00
3711	1.004595e+00
3712	9.881219e-01
3713	9.719176e-01
3714	9.568746e-01
3715	9.426853e-01
3716	9.330065e-01
3717	9.280352e-01
3718	9.290683e-01
3719	9.353486e-01
3720	9.457311e-01
3721	9.591543e-01
3722	9.741351e-01
3723	9.883995e-01
3724	1.000304e+00
3725	1.009453e+00
3726	1.014983e+00
3727	1.017620e+00
3728	1.016043e+00
3729	1.009947e+00
3730	1.000706e+00
3731	9.889156e-01
3732	9.756313e-01
3733	9.619418e-01
3734	9.505577e-01
3735	9.425682e-01
3736	9.379514e-01
3737	9.384662e-01
3738	9.434532e-01
3739	9.515142e-01
3740	9.623807e-01
3741	9.745729e-01
3742	9.860914e-01
3743	9.948678e-01
3744	1.000916e+00
3745	1.003569e+00
3746	1.002647e+00
3747	9.967666e-01
3748	9.880741e-01
3749	9.772453e-01
3750	9.652092e-01
3751	9.530058e-01
3752	9.430356e-01
3753	9.374516e-01
3754	9.369825e-01
3755	9.395956e-01
3756	9.459473e-01
3757	9.569994e-01
3758	9.699120e-01
3759	9.840611e-01
3760	9.960496e-01
3761	1.005568e+00
3762	1.011894e+00
3763	1.013752e+00
3764	1.010654e+00
3765	1.004358e+00
3766	9.949224e-01
3767	9.831857e-01
3768	9.698651e-01
3769	9.563813e-01
3770	9.445146e-01
3771	9.362764e-01
3772	9.339435e-01
3773	9.368381e-01
3774	9.457323e-01
3775	9.560621e-01
3776	9.676794e-01
3777	9.783604e-01
3778	9.872295e-01
3779	9.925557e-01
3780	9.964382e-01
3781	9.986400e-01
3782	9.959732e-01
3783	9.901268e-01
3784	9.816482e-01
3785	9.717418e-01
3786	9.614681e-01
3787	9.525283e-01
3788	9.461957e-01
3789	9.416561e-01
3790	9.405377e-01
3791	9.417057e-01
3792	9.440555e-01
3793	9.487970e-01
3794	9.543656e-01
3795	9.618675e-01
3796	9.684773e-01
3797	9.758154e-01
3798	9.813105e-01
3799	9.859545e-01
3800	9.886615e-01
3801	9.900657e-01
3802	9.899317e-01
3803	9.867792e-01
3804	9.810172e-01
3805	9.735233e-01
3806	9.662855e-01
3807	9.595196e-01
3808	9.536700e-01
3809	9.499150e-01
3810	9.505599e-01
3811	9.533303e-01
3812	9.591222e-01
3813	9.654732e-01
3814	9.734028e-01
3815	9.823067e-01
3816	9.901992e-01
3817	9.964536e-01
3818	1.000703e+00
3819	1.000387e+00
3820	9.978566e-01
3821	9.942514e-01
3822	9.881628e-01
3823	9.795056e-01
3824	9.705112e-01
3825	9.615930e-01
3826	9.565615e-01
3827	9.560528e-01
3828	9.585646e-01
3829	9.615862e-01
3830	9.656539e-01
3831	9.727544e-01
3832	9.793692e-01
3833	9.844544e-01
3834	9.879866e-01
3835	9.910277e-01
3836	9.916016e-01
3837	9.905675e-01
3838	9.883107e-01
3839	9.836944e-01
3840	9.790942e-01
3841	9.739279e-01
3842	9.680644e-01
3843	9.644835e-01
3844	9.624850e-01
3845	9.634765e-01
3846	9.680943e-01
3847	9.735903e-01
3848	9.798579e-01
3849	9.872061e-01
3850	9.936623e-01
3851	9.990641e-01
3852	1.003348e+00
3853	1.004475e+00
3854	1.002392e+00
3855	9.969167e-01
3856	9.884557e-01
3857	9.786325e-01
3858	9.686423e-01
3859	9.596722e-01
3860	9.541611e-01
3861	9.512532e-01
3862	9.509120e-01
3863	9.547332e-01
3864	9.608710e-01
3865	9.690035e-01
3866	9.778976e-01
3867	9.862636e-01
3868	9.928192e-01
3869	9.950317e-01
3870	9.947792e-01
3871	9.919790e-01
3872	9.875308e-01
3873	9.830990e-01
3874	9.766890e-01
3875	9.691230e-01
3876	9.619442e-01
3877	9.576238e-01
3878	9.551038e-01
3879	9.540431e-01
3880	9.562220e-01
3881	9.606489e-01
3882	9.647826e-01
3883	9.690235e-01
3884	9.737535e-01
3885	9.778162e-01
3886	9.804839e-01
3887	9.819902e-01
3888	9.814085e-01
3889	9.790433e-01
3890	9.767567e-01
3891	9.728014e-01
3892	9.683797e-01
3893	9.622228e-01
3894	9.578348e-01
3895	9.560274e-01
3896	9.561035e-01
3897	9.573405e-01
3898	9.594710e-01
3899	9.623895e-01
3900	9.666880e-01
3901	9.717728e-01
3902	9.775640e-01
3903	9.810882e-01
3904	9.826883e-01
3905	9.828623e-01
3906	9.805525e-01
3907	9.764794e-01
3908	9.719128e-01
3909	9.667215e-01
3910	9.615556e-01
3911	9.565217e-01
3912	9.528093e-01
3913	9.520914e-01
3914	9.555162e-01
3915	9.633104e-01
3916	9.718094e-01
3917	9.808909e-01
3918	9.891930e-01
3919	9.947209e-01
3920	9.971767e-01
3921	9.970698e-01
3922	9.934174e-01
3923	9.855010e-01
3924	9.764452e-01
3925	9.676039e-01
3926	9.573586e-01
3927	9.483136e-01
3928	9.423136e-01
3929	9.414179e-01
3930	9.448599e-01
3931	9.505149e-01
3932	9.601144e-01
3933	9.710212e-01
3934	9.834556e-01
3935	9.939413e-01
3936	1.000846e+00
3937	1.004693e+00
3938	1.002790e+00
3939	9.975710e-01
3940	9.884391e-01
3941	9.762481e-01
3942	9.627860e-01
3943	9.503357e-01
3944	9.397910e-01
3945	9.342476e-01
3946	9.344809e-01
3947	9.391305e-01
3948	9.474799e-01
3949	9.575552e-01
3950	9.692695e-01
3951	9.818563e-01
3952	9.927474e-01
3953	1.000415e+00
3954	1.004567e+00
3955	1.003916e+00
3956	9.997026e-01
3957	9.917242e-01
3958	9.814629e-01
3959	9.701204e-01
3960	9.584054e-01
3961	9.497305e-01
3962	9.448940e-01
3963	9.426321e-01
3964	9.446665e-01
3965	9.498615e-01
3966	9.579800e-01
3967	9.691480e-01
3968	9.803675e-01
3969	9.904278e-01
3970	9.963185e-01
3971	9.983172e-01
3972	9.992986e-01
3973	9.970477e-01
3974	9.926158e-01
3975	9.855047e-01
3976	9.761680e-01
3977	9.670266e-01
3978	9.583229e-01
3979	9.511395e-01
3980	9.461418e-01
3981	9.435700e-01
3982	9.455265e-01
3983	9.491919e-01
3984	9.553566e-01
3985	9.628792e-01
3986	9.725571e-01
3987	9.812842e-01
3988	9.881673e-01
3989	9.927567e-01
3990	9.961331e-01
3991	9.959491e-01
3992	9.928231e-01
3993	9.871131e-01
3994	9.790378e-01
3995	9.696675e-01
3996	9.602268e-01
3997	9.518180e-01
3998	9.456645e-01
3999	9.427189e-01
4000	9.441170e-01
4001	9.466722e-01
4002	9.525517e-01
4003	9.608452e-01
4004	9.693731e-01
4005	9.753422e-01
4006	9.801601e-01
4007	9.847086e-01
4008	9.889043e-01
4009	9.923080e-01
4010	9.922470e-01
4011	9.908681e-01
4012	9.867790e-01
4013	9.819115e-01
4014	9.753961e-01
4015	9.677884e-01
4016	9.612113e-01
4017	9.560179e-01
4018	9.531141e-01
4019	9.516213e-01
4020	9.523043e-01
4021	9.538989e-01
4022	9.573649e-01
4023	9.611036e-01
4024	9.665786e-01
4025	9.722250e-01
4026	9.772049e-01
4027	9.822119e-01
4028	9.870935e-01
4029	9.889092e-01
4030	9.878653e-01
4031	9.862828e-01
4032	9.833337e-01
4033	9.804841e-01
4034	9.756326e-01
4035	9.709865e-01
4036	9.680416e-01
4037	9.661196e-01
4038	9.642999e-01
4039	9.638313e-01
4040	9.641078e-01
4041	9.667416e-01
4042	9.684549e-01
4043	9.718758e-01
4044	9.750113e-01
4045	9.778129e-01
4046	9.790562e-01
4047	9.804829e-01
4048	9.794993e-01
4049	9.784899e-01
4050	9.768052e-01
4051	9.736384e-01
4052	9.703224e-01
4053	9.678546e-01
4054	9.655665e-01
4055	9.616298e-01
4056	9.595202e-01
4057	9.593381e-01
4058	9.601107e-01
4059	9.626572e-01
4060	9.669749e-01
4061	9.717336e-01
4062	9.768803e-01
4063	9.799307e-01
4064	9.826232e-01
4065	9.858289e-01
4066	9.888506e-01
4067	9.922373e-01
4068	9.941358e-01
4069	9.952352e-01
4070	9.936585e-01
4071	9.887136e-01
4072	9.802827e-01
4073	9.720005e-01
4074	9.647103e-01
4075	9.600444e-01
4076	9.564836e-01
4077	9.556423e-01
4078	9.584002e-01
4079	9.646008e-01
4080	9.721853e-01
4081	9.796304e-01
4082	9.873935e-01
4083	9.918665e-01
4084	9.946069e-01
4085	9.952040e-01
4086	9.945587e-01
4087	9.929936e-01
4088	9.894508e-01
4089	9.856690e-01
4090	9.808338e-01
4091	9.768615e-01
4092	9.724531e-01
4093	9.675414e-01
4094	9.642616e-01
4095	9.623614e-01
4096	9.643392e-01
4097	9.687667e-01
4098	9.749419e-01
4099	9.817985e-01
4100	9.869163e-01
4101	9.900382e-01
4102	9.910854e-01
4103	9.911081e-01
4104	9.900114e-01
4105	9.873258e-01
4106	9.836969e-01
4107	9.795912e-01
4108	9.755434e-01
4109	9.716020e-01
4110	9.671309e-01
4111	9.625507e-01
4112	9.587214e-01
4113	9.566097e-01
4114	9.565834e-01
4115	9.573884e-01
4116	9.610947e-01
4117	9.674834e-01
4118	9.766825e-01
4119	9.852771e-01
4120	9.926911e-01
4121	9.975071e-01
4122	1.000763e+00
4123	1.000709e+00
4124	9.990553e-01
4125	9.950352e-01
4126	9.888754e-01
4127	9.803055e-01
4128	9.707798e-01
4129	9.619401e-01
4130	9.553772e-01
4131	9.508281e-01
4132	9.499490e-01
4133	9.526148e-01
4134	9.568073e-01
4135	9.629656e-01
4136	9.703059e-01
4137	9.793677e-01
4138	9.892540e-01
4139	9.964913e-01
4140	1.001707e+00
4141	1.004466e+00
4142	1.003999e+00
4143	9.999777e-01
4144	9.935219e-01
4145	9.840851e-01
4146	9.738736e-01
4147	9.638975e-01
4148	9.537935e-01
4149	9.452928e-01
4150	9.405515e-01
4151	9.392089e-01
4152	9.428222e-01
4153	9.480478e-01
4154	9.545681e-01
4155	9.625940e-01
4156	9.711207e-01
4157	9.796811e-01
4158	9.867965e-01
4159	9.905538e-01
4160	9.913922e-01
4161	9.916327e-01
4162	9.899772e-01
4163	9.860487e-01
4164	9.800171e-01
4165	9.719156e-01
4166	9.632085e-01
4167	9.548458e-01
4168	9.470823e-01
4169	9.429133e-01
4170	9.432673e-01
4171	9.472657e-01
4172	9.538413e-01
4173	9.614637e-01
4174	9.705648e-01
4175	9.788372e-01
4176	9.866730e-01
4177	9.916382e-01
4178	9.932444e-01
4179	9.942725e-01
4180	9.927763e-01
4181	9.893144e-01
4182	9.824033e-01
4183	9.737640e-01
4184	9.660791e-01
4185	9.597439e-01
4186	9.546682e-01
4187	9.522323e-01
4188	9.542659e-01
4189	9.578579e-01
4190	9.638531e-01
4191	9.710407e-01
4192	9.773988e-01
4193	9.827729e-01
4194	9.878907e-01
4195	9.911239e-01
4196	9.930279e-01
4197	9.927492e-01
4198	9.915073e-01
4199	9.875523e-01
4200	9.819787e-01
4201	9.771729e-01
4202	9.728123e-01
4203	9.691831e-01
4204	9.661021e-01
4205	9.644064e-01
4206	9.663622e-01
4207	9.700363e-01
4208	9.739361e-01
4209	9.782438e-01
4210	9.813815e-01
4211	9.849764e-01
4212	9.884423e-01
4213	9.900217e-01
4214	9.900215e-01
4215	9.874725e-01
4216	9.839139e-01
4217	9.802802e-01
4218	9.764616e-01
4219	9.706281e-01
4220	9.652895e-01
4221	9.620140e-01
4222	9.596387e-01
4223	9.590693e-01
4224	9.610355e-01
4225	9.648675e-01
4226	9.691119e-01
4227	9.736730e-01
4228	9.793998e-01
4229	9.849594e-01
4230	9.906476e-01
4231	9.944015e-01
4232	9.968039e-01
4233	9.969726e-01
4234	9.940079e-01
4235	9.868170e-01
4236	9.790869e-01
4237	9.685808e-01
4238	9.597666e-01
4239	9.521503e-01
4240	9.460863e-01
4241	9.444193e-01
4242	9.477148e-01
4243	9.534297e-01
4244	9.612693e-01
4245	9.701417e-01
4246	9.808238e-01
4247	9.890673e-01
4248	9.952303e-01
4249	9.999271e-01
4250	1.000249e+00
4251	9.989393e-01
4252	9.944190e-01
4253	9.890716e-01
4254	9.822470e-01
4255	9.767923e-01
4256	9.732183e-01
4257	9.705905e-01
4258	9.678628e-01
4259	9.660247e-01
4260	9.663200e-01
4261	9.671081e-01
4262	9.696847e-01
4263	9.727242e-01
4264	9.749083e-01
4265	9.763588e-01
4266	9.792735e-01
4267	9.823443e-01
4268	9.847282e-01
4269	9.875267e-01
4270	9.888591e-01
4271	9.906548e-01
4272	9.921891e-01
4273	9.917545e-01
4274	9.897165e-01
4275	9.869386e-01
4276	9.825844e-01
4277	9.774202e-01
4278	9.724949e-01
4279	9.681211e-01
4280	9.633263e-01
4281	9.610660e-01
4282	9.602612e-01
4283	9.609573e-01
4284	9.639319e-01
4285	9.675948e-01
4286	9.732916e-01
4287	9.799501e-01
4288	9.868392e-01
4289	9.915813e-01
4290	9.948874e-01
4291	9.958623e-01
4292	9.963436e-01
4293	9.956198e-01
4294	9.926950e-01
4295	9.870389e-01
4296	9.810160e-01
4297	9.723158e-01
4298	9.648459e-01
4299	9.590665e-01
4300	9.550638e-01
4301	9.541735e-01
4302	9.570673e-01
4303	9.636140e-01
4304	9.724486e-01
4305	9.819481e-01
4306	9.905736e-01
4307	9.973608e-01
4308	1.003905e+00
4309	1.009032e+00
4310	1.009104e+00
4311	1.005976e+00
4312	1.000991e+00
4313	9.943585e-01
4314	9.862083e-01
4315	9.775554e-01
4316	9.695287e-01
4317	9.636430e-01
4318	9.604874e-01
4319	9.594019e-01
4320	9.608448e-01
4321	9.657384e-01
4322	9.718357e-01
4323	9.785709e-01
4324	9.852973e-01
4325	9.920470e-01
4326	9.982842e-01
4327	1.002404e+00
4328	1.003894e+00
4329	1.003062e+00
4330	9.987327e-01
4331	9.922806e-01
4332	9.848677e-01
4333	9.761696e-01
4334	9.679124e-01
4335	9.602102e-01
4336	9.533878e-01
4337	9.507813e-01
4338	9.517540e-01
4339	9.571194e-01
4340	9.658170e-01
4341	9.740192e-01
4342	9.813964e-01
4343	9.892010e-01
4344	9.958975e-01
4345	9.996849e-01
4346	1.000261e+00
4347	9.985135e-01
4348	9.933154e-01
4349	9.858833e-01
4350	9.774664e-01
4351	9.684205e-01
4352	9.606586e-01
4353	9.548821e-01
4354	9.521400e-01
4355	9.523362e-01
4356	9.548752e-01
4357	9.604881e-01
4358	9.683324e-01
4359	9.765652e-01
4360	9.872593e-01
4361	9.952623e-01
4362	1.001925e+00
4363	1.004440e+00
4364	1.002558e+00
4365	9.978235e-01
4366	9.914906e-01
4367	9.826744e-01
4368	9.755438e-01
4369	9.704792e-01
4370	9.664114e-01
4371	9.645450e-01
4372	9.638366e-01
4373	9.661048e-01
4374	9.700270e-01
4375	9.760191e-01
4376	9.855012e-01
4377	9.934255e-01
4378	1.000329e+00
4379	1.006063e+00
4380	1.009025e+00
4381	1.007724e+00
4382	1.003930e+00
4383	9.969212e-01
4384	9.883269e-01
4385	9.816423e-01
4386	9.754308e-01
4387	9.706127e-01
4388	9.675071e-01
4389	9.656627e-01
4390	9.656654e-01
4391	9.685690e-01
4392	9.744726e-01
4393	9.829791e-01
4394	9.922186e-01
4395	1.000377e+00
4396	1.006936e+00
4397	1.009999e+00
4398	1.008242e+00
4399	1.000432e+00
4400	9.886504e-01
4401	9.761692e-01
4402	9.646183e-01
4403	9.554685e-01
4404	9.490308e-01
4405	9.483595e-01
4406	9.512451e-01
4407	9.587755e-01
4408	9.674806e-01
4409	9.773820e-01
4410	9.874561e-01
4411	9.945724e-01
4412	9.987337e-01
4413	9.985825e-01
4414	9.942667e-01
4415	9.854467e-01
4416	9.746257e-01
4417	9.638759e-01
4418	9.556465e-01
4419	9.494885e-01
4420	9.445682e-01
4421	9.443521e-01
4422	9.462793e-01
4423	9.511015e-01
4424	9.595573e-01
4425	9.693642e-01
4426	9.804431e-01
4427	9.898013e-01
4428	9.957274e-01
4429	9.984782e-01
4430	9.962421e-01
4431	9.892283e-01
4432	9.803142e-01
4433	9.677423e-01
4434	9.549425e-01
4435	9.436063e-01
4436	9.339812e-01
4437	9.299342e-01
4438	9.324530e-01
4439	9.404937e-01
4440	9.526714e-01
4441	9.675326e-01
4442	9.841569e-01
4443	9.989438e-01
4444	1.011982e+00
4445	1.020036e+00
4446	1.022426e+00
4447	1.018591e+00
4448	1.010495e+00
4449	9.982955e-01
4450	9.835499e-01
4451	9.673362e-01
4452	9.527724e-01
4453	9.414798e-01
4454	9.356088e-01
4455	9.364441e-01
4456	9.451434e-01
4457	9.582010e-01
4458	9.741926e-01
4459	9.903099e-01
4460	1.004218e+00
4461	1.015455e+00
4462	1.022845e+00
4463	1.026744e+00
4464	1.025479e+00
4465	1.020951e+00
4466	1.011914e+00
4467	9.987160e-01
4468	9.840817e-01
4469	9.699425e-01
4470	9.591847e-01
4471	9.512964e-01
4472	9.479415e-01
4473	9.495823e-01
4474	9.538355e-01
4475	9.613107e-01
4476	9.720602e-01
4477	9.841722e-01
4478	9.962951e-01
4479	1.007075e+00
4480	1.012639e+00
4481	1.012678e+00
4482	1.007255e+00
4483	9.982854e-01
4484	9.854670e-01
4485	9.716046e-01
4486	9.567222e-01
4487	9.443769e-01
4488	9.357349e-01
4489	9.309472e-01
4490	9.324551e-01
4491	9.389283e-01
4492	9.474584e-01
4493	9.596717e-01
4494	9.727796e-01
4495	9.860877e-01
4496	9.966223e-01
4497	1.003665e+00
4498	1.007244e+00
4499	1.007194e+00
4500	1.002780e+00
4501	9.944007e-01
4502	9.842862e-01
4503	9.714097e-01
4504	9.583720e-01
4505	9.486528e-01
4506	9.417362e-01
4507	9.387226e-01
4508	9.404321e-01
4509	9.460761e-01
4510	9.558088e-01
4511	9.682766e-01
4512	9.809667e-01
4513	9.930370e-01
4514	1.002576e+00
4515	1.008796e+00
4516	1.011175e+00
4517	1.008788e+00
4518	1.003708e+00
4519	9.956066e-01
4520	9.866553e-01
4521	9.785672e-01
4522	9.712316e-01
4523	9.617964e-01
4524	9.539085e-01
4525	9.515257e-01
4526	9.534348e-01
4527	9.585164e-01
4528	9.665533e-01
4529	9.756565e-01
4530	9.857852e-01
4531	9.951885e-01
4532	1.002806e+00
4533	1.008523e+00
4534	1.010422e+00
4535	1.009395e+00
4536	1.004949e+00
4537	9.974066e-01
4538	9.882224e-01
4539	9.782565e-01
4540	9.683219e-01
4541	9.605033e-01
4542	9.552758e-01
4543	9.534162e-01
4544	9.546415e-01
4545	9.595096e-01
4546	9.682906e-01
4547	9.776378e-01
4548	9.876170e-01
4549	9.949883e-01
4550	9.982783e-01
4551	1.000025e+00
4552	9.998020e-01
4553	9.981204e-01
4554	9.941097e-01
4555	9.879779e-01
4556	9.796360e-01
4557	9.726980e-01
4558	9.675371e-01
4559	9.636482e-01
4560	9.614758e-01
4561	9.615952e-01
4562	9.643729e-01
4563	9.687580e-01
4564	9.739904e-01
4565	9.798900e-01
4566	9.876019e-01
4567	9.937430e-01
4568	9.973048e-01
4569	9.998044e-01
4570	9.999593e-01
4571	9.970671e-01
4572	9.920426e-01
4573	9.858593e-01
4574	9.790932e-01
4575	9.719277e-01
4576	9.658197e-01
4577	9.622360e-01
4578	9.600314e-01
4579	9.597327e-01
4580	9.609317e-01
4581	9.643114e-01
4582	9.687520e-01
4583	9.736783e-01
4584	9.791046e-01
4585	9.830629e-01
4586	9.854120e-01
4587	9.875285e-01
4588	9.880247e-01
4589	9.883918e-01
4590	9.864432e-01
4591	9.830618e-01
4592	9.795938e-01
4593	9.749646e-01
4594	9.715359e-01
4595	9.691169e-01
4596	9.676671e-01
4597	9.665518e-01
4598	9.655978e-01
4599	9.667230e-01
4600	9.693898e-01
4601	9.731148e-01
4602	9.769692e-01
4603	9.806185e-01
4604	9.843562e-01
4605	9.883852e-01
4606	9.899785e-01
4607	9.886217e-01
4608	9.872044e-01
4609	9.840930e-01
4610	9.786757e-01
4611	9.738707e-01
4612	9.698035e-01
4613	9.666039e-01
4614	9.635113e-01
4615	9.617209e-01
4616	9.605945e-01
4617	9.616616e-01
4618	9.639501e-01
4619	9.689932e-01
4620	9.739226e-01
4621	9.786526e-01
4622	9.829206e-01
4623	9.860201e-01
4624	9.880671e-01
4625	9.887227e-01
4626	9.875509e-01
4627	9.858987e-01
4628	9.813223e-01
4629	9.757138e-01
4630	9.714419e-01
4631	9.668892e-01
4632	9.628884e-01
4633	9.614290e-01
4634	9.625272e-01
4635	9.654849e-01
4636	9.694444e-01
4637	9.745382e-01
4638	9.809538e-01
4639	9.874364e-01
4640	9.916743e-01
4641	9.940068e-01
4642	9.944202e-01
4643	9.930272e-01
4644	9.895078e-01
4645	9.847250e-01
4646	9.801556e-01
4647	9.737206e-01
4648	9.665424e-01
4649	9.609763e-01
4650	9.560066e-01
4651	9.535549e-01
4652	9.548796e-01
4653	9.592895e-01
4654	9.653122e-01
4655	9.715496e-01
4656	9.789064e-01
4657	9.855697e-01
4658	9.906935e-01
4659	9.936616e-01
4660	9.954192e-01
4661	9.950823e-01
4662	9.932602e-01
4663	9.897445e-01
4664	9.854380e-01
4665	9.810639e-01
4666	9.760229e-01
4667	9.705236e-01
4668	9.648892e-01
4669	9.605369e-01
4670	9.576242e-01
4671	9.580607e-01
4672	9.604852e-01
4673	9.652097e-01
4674	9.730389e-01
4675	9.812047e-01
4676	9.883866e-01
4677	9.937904e-01
4678	9.974257e-01
4679	9.993394e-01
4680	9.980375e-01
4681	9.957852e-01
4682	9.923598e-01
4683	9.861858e-01
4684	9.783354e-01
4685	9.703127e-01
4686	9.635167e-01
4687	9.593441e-01
4688	9.564900e-01
4689	9.552727e-01
4690	9.550259e-01
4691	9.588742e-01
4692	9.635643e-01
4693	9.706406e-01
4694	9.791480e-01
4695	9.883580e-01
4696	9.969157e-01
4697	1.003995e+00
4698	1.009302e+00
4699	1.009754e+00
4700	1.007051e+00
4701	1.000231e+00
4702	9.893321e-01
4703	9.773535e-01
4704	9.660878e-01
4705	9.554363e-01
4706	9.470578e-01
4707	9.426443e-01
4708	9.425189e-01
4709	9.469766e-01
4710	9.549064e-01
4711	9.658871e-01
4712	9.763855e-01
4713	9.869169e-01
4714	9.969562e-01
4715	1.004871e+00
4716	1.008898e+00
4717	1.009808e+00
4718	1.007130e+00
4719	1.001166e+00
4720	9.944012e-01
4721	9.852553e-01
4722	9.738794e-01
4723	9.630580e-01
4724	9.534309e-01
4725	9.474774e-01
4726	9.452969e-01
4727	9.479652e-01
4728	9.543190e-01
4729	9.631693e-01
4730	9.725295e-01
4731	9.828267e-01
4732	9.918124e-01
4733	1.000589e+00
4734	1.005820e+00
4735	1.007896e+00
4736	1.005867e+00
4737	1.000524e+00
4738	9.928608e-01
4739	9.814262e-01
4740	9.694301e-01
4741	9.588636e-01
4742	9.496384e-01
4743	9.433342e-01
4744	9.418916e-01
4745	9.442771e-01
4746	9.511325e-01
4747	9.616161e-01
4748	9.731493e-01
4749	9.868221e-01
4750	9.997763e-01
4751	1.009333e+00
4752	1.014808e+00
4753	1.015802e+00
4754	1.011172e+00
4755	1.004278e+00
4756	9.940470e-01
4757	9.821814e-01
4758	9.698335e-01
4759	9.578825e-01
4760	9.489979e-01
4761	9.445053e-01
4762	9.434005e-01
4763	9.470103e-01
4764	9.552688e-01
4765	9.649059e-01
4766	9.770220e-01
4767	9.894108e-01
4768	1.002058e+00
4769	1.011901e+00
4770	1.018585e+00
4771	1.021573e+00
4772	1.018904e+00
4773	1.010344e+00
4774	9.976174e-01
4775	9.840057e-01
4776	9.704735e-01
4777	9.581843e-01
4778	9.501634e-01
4779	9.455864e-01
4780	9.437421e-01
4781	9.456057e-01
4782	9.517691e-01
4783	9.617477e-01
4784	9.738007e-01
4785	9.868945e-01
4786	9.980643e-01
4787	1.008677e+00
4788	1.016725e+00
4789	1.020927e+00
4790	1.021321e+00
4791	1.015366e+00
4792	1.006415e+00
4793	9.932829e-01
4794	9.800216e-01
4795	9.679667e-01
4796	9.575163e-01
4797	9.496494e-01
4798	9.446864e-01
4799	9.437756e-01
4800	9.452272e-01
4801	9.492944e-01
4802	9.560005e-01
4803	9.662483e-01
4804	9.786675e-01
4805	9.913790e-01
4806	1.002675e+00
4807	1.011254e+00
4808	1.016440e+00
4809	1.018630e+00
4810	1.017603e+00
4811	1.012372e+00
4812	1.002909e+00
4813	9.904371e-01
4814	9.773328e-01
4815	9.654684e-01
4816	9.541567e-01
4817	9.467607e-01
4818	9.431681e-01
4819	9.434805e-01
4820	9.479191e-01
4821	9.553868e-01
4822	9.656236e-01
4823	9.765598e-01
4824	9.885300e-01
4825	1.000034e+00
4826	1.009079e+00
4827	1.014199e+00
4828	1.014935e+00
4829	1.011376e+00
4830	1.005041e+00
4831	9.947808e-01
4832	9.832465e-01
4833	9.712073e-01
4834	9.595966e-01
4835	9.495944e-01
4836	9.424452e-01
4837	9.399420e-01
4838	9.421328e-01
4839	9.498808e-01
4840	9.600388e-01
4841	9.714264e-01
4842	9.843909e-01
4843	9.972975e-01
4844	1.008077e+00
4845	1.016348e+00
4846	1.021452e+00
4847	1.024151e+00
4848	1.021933e+00
4849	1.013831e+00
4850	1.001275e+00
4851	9.861982e-01
4852	9.703976e-01
4853	9.572025e-01
4854	9.472448e-01
4855	9.415848e-01
4856	9.396467e-01
4857	9.423672e-01
4858	9.506331e-01
4859	9.615138e-01
4860	9.749411e-01
4861	9.886540e-01
4862	1.001939e+00
4863	1.012441e+00
4864	1.018654e+00
4865	1.020977e+00
4866	1.019782e+00
4867	1.013879e+00
4868	1.003352e+00
4869	9.890388e-01
4870	9.742823e-01
4871	9.607678e-01
4872	9.492711e-01
4873	9.419608e-01
4874	9.397654e-01
4875	9.433641e-01
4876	9.503841e-01
4877	9.608322e-01
4878	9.724286e-01
4879	9.841612e-01
4880	9.954585e-01
4881	1.002784e+00
4882	1.007605e+00
4883	1.008798e+00
4884	1.005857e+00
4885	9.986448e-01
4886	9.891892e-01
4887	9.790039e-01
4888	9.694969e-01
4889	9.605072e-01
4890	9.533674e-01
4891	9.504499e-01
4892	9.508580e-01
4893	9.533433e-01
4894	9.587765e-01
4895	9.656352e-01
4896	9.728793e-01
4897	9.821267e-01
4898	9.901087e-01
4899	9.958619e-01
4900	1.000875e+00
4901	1.003915e+00
4902	1.001100e+00
4903	9.960756e-01
4904	9.872833e-01
4905	9.768515e-01
4906	9.658091e-01
4907	9.552068e-01
4908	9.473077e-01
4909	9.438975e-01
4910	9.458209e-01
4911	9.514374e-01
4912	9.598215e-01
4913	9.699576e-01
4914	9.809615e-01
4915	9.915707e-01
4916	1.001389e+00
4917	1.010905e+00
4918	1.015151e+00
4919	1.014831e+00
4920	1.009853e+00
4921	1.000974e+00
4922	9.892821e-01
4923	9.771654e-01
4924	9.654375e-01
4925	9.553613e-01
4926	9.491880e-01
4927	9.459203e-01
4928	9.465775e-01
4929	9.512864e-01
4930	9.576002e-01
4931	9.669588e-01
4932	9.779536e-01
4933	9.884595e-01
4934	9.987147e-01
4935	1.004741e+00
4936	1.006823e+00
4937	1.004038e+00
4938	9.978018e-01
4939	9.887751e-01
4940	9.762285e-01
4941	9.636037e-01
4942	9.516647e-01
4943	9.410861e-01
4944	9.343567e-01
4945	9.327078e-01
4946	9.364439e-01
4947	9.431224e-01
4948	9.525480e-01
4949	9.652289e-01
4950	9.781019e-01
4951	9.900796e-01
4952	9.999791e-01
4953	1.006383e+00
4954	1.007300e+00
4955	1.003955e+00
4956	9.955800e-01
4957	9.837446e-01
4958	9.694539e-01
4959	9.544625e-01
4960	9.416217e-01
4961	9.312454e-01
4962	9.272209e-01
4963	9.283365e-01
4964	9.361387e-01
4965	9.483756e-01
4966	9.634105e-01
4967	9.806488e-01
4968	9.957514e-01
4969	1.009976e+00
4970	1.018854e+00
4971	1.021229e+00
4972	1.018210e+00
4973	1.009914e+00
4974	9.964130e-01
4975	9.802301e-01
4976	9.635634e-01
4977	9.479753e-01
4978	9.348173e-01
4979	9.277833e-01
4980	9.264977e-01
4981	9.323287e-01
4982	9.434307e-01
4983	9.588964e-01
4984	9.756498e-01
4985	9.927272e-01
4986	1.007972e+00
4987	1.020106e+00
4988	1.025925e+00
4989	1.026199e+00
4990	1.020433e+00
4991	1.010422e+00
4992	9.954896e-01
4993	9.771043e-01
4994	9.592397e-01
4995	9.436633e-01
4996	9.331078e-01
4997	9.268643e-01
4998	9.262316e-01
4999	9.313759e-01
