# Step	Measurement
1	1.082697e+02
2	1.086005e+02
3	1.089450e+02
4	1.092266e+02
5	1.095871e+02
6	1.098841e+02
7	1.100211e+02
8	1.101369e+02
9	1.102118e+02
10	1.102744e+02
11	1.103397e+02
12	1.102804e+02
13	1.102991e+02
14	1.102290e+02
15	1.101834e+02
16	1.101979e+02
17	1.102149e+02
18	1.101585e+02
19	1.100276e+02
20	1.097374e+02
21	1.094516e+02
22	1.092362e+02
23	1.090857e+02
24	1.090248e+02
25	1.090558e+02
26	1.091856e+02
27	1.093042e+02
28	1.094388e+02
29	1.094879e+02
30	1.095753e+02
31	1.096128e+02
32	1.096099e+02
33	1.096188e+02
34	1.095647e+02
35	1.096030e+02
36	1.097069e+02
37	1.099226e+02
38	1.100055e+02
39	1.101061e+02
40	1.101398e+02
41	1.102095e+02
42	1.102495e+02
43	1.102712e+02
44	1.102925e+02
45	1.102625e+02
46	1.101956e+02
47	1.100559e+02
48	1.099045e+02
49	1.097952e+02
50	1.097558e+02
51	1.097875e+02
52	1.099003e+02
53	1.100260e+02
54	1.101023e+02
55	1.101724e+02
56	1.103333e+02
57	1.104569e+02
58	1.105691e+02
59	1.106878e+02
60	1.107991e+02
61	1.109091e+02
62	1.109503e+02
63	1.109082e+02
64	1.107611e+02
65	1.106100e+02
66	1.103257e+02
67	1.100173e+02
68	1.095984e+02
69	1.090742e+02
70	1.085401e+02
71	1.080123e+02
72	1.075347e+02
73	1.071296e+02
74	1.066851e+02
75	1.061881e+02
76	1.057230e+02
77	1.052799e+02
78	1.049141e+02
79	1.046518e+02
80	1.043913e+02
81	1.041700e+02
82	1.040026e+02
83	1.038779e+02
84	1.038775e+02
85	1.040421e+02
86	1.043886e+02
87	1.048005e+02
88	1.052455e+02
89	1.057309e+02
90	1.063071e+02
91	1.069738e+02
92	1.077031e+02
93	1.083705e+02
94	1.090386e+02
95	1.098103e+02
96	1.106302e+02
97	1.114410e+02
98	1.122803e+02
99	1.131309e+02
100	1.140044e+02
101	1.147436e+02
102	1.154586e+02
103	1.160673e+02
104	1.166378e+02
105	1.171696e+02
106	1.176363e+02
107	1.180753e+02
108	1.183975e+02
109	1.185675e+02
110	1.186477e+02
111	1.185263e+02
112	1.183656e+02
113	1.180350e+02
114	1.175182e+02
115	1.167480e+02
116	1.158072e+02
117	1.147694e+02
118	1.136700e+02
119	1.124654e+02
120	1.112860e+02
121	1.102108e+02
122	1.092501e+02
123	1.082389e+02
124	1.072712e+02
125	1.063558e+02
126	1.055713e+02
127	1.047526e+02
128	1.040334e+02
129	1.034247e+02
130	1.029539e+02
131	1.026192e+02
132	1.024537e+02
133	1.024215e+02
134	1.024212e+02
135	1.025661e+02
136	1.028420e+02
137	1.033324e+02
138	1.039709e+02
139	1.047166e+02
140	1.055732e+02
141	1.065256e+02
142	1.074904e+02
143	1.083524e+02
144	1.091552e+02
145	1.099735e+02
146	1.106965e+02
147	1.114398e+02
148	1.121166e+02
149	1.128219e+02
150	1.134403e+02
151	1.140385e+02
152	1.145684e+02
153	1.149598e+02
154	1.153400e+02
155	1.155581e+02
156	1.155628e+02
157	1.154704e+02
158	1.152064e+02
159	1.147895e+02
160	1.142197e+02
161	1.135132e+02
162	1.127599e+02
163	1.119158e+02
164	1.110734e+02
165	1.102145e+02
166	1.092892e+02
167	1.083326e+02
168	1.074612e+02
169	1.066038e+02
170	1.058921e+02
171	1.051840e+02
172	1.044775e+02
173	1.039208e+02
174	1.034715e+02
175	1.030462e+02
176	1.026403e+02
177	1.023299e+02
178	1.022164e+02
179	1.022168e+02
180	1.023207e+02
181	1.024411e+02
182	1.026916e+02
183	1.029935e+02
184	1.033944e+02
185	1.037674e+02
186	1.042224e+02
187	1.046160e+02
188	1.050293e+02
189	1.056589e+02
190	1.063053e+02
191	1.068730e+02
192	1.074416e+02
193	1.080554e+02
194	1.085291e+02
195	1.087914e+02
196	1.090828e+02
197	1.093675e+02
198	1.096058e+02
199	1.098562e+02
200	1.100709e+02
201	1.104518e+02
202	1.107232e+02
203	1.109208e+02
204	1.109852e+02
205	1.109607e+02
206	1.108872e+02
207	1.107553e+02
208	1.105703e+02
209	1.102157e+02
210	1.098624e+02
211	1.094164e+02
212	1.089158e+02
213	1.083464e+02
214	1.076915e+02
215	1.071032e+02
216	1.065485e+02
217	1.060166e+02
218	1.055755e+02
219	1.052514e+02
220	1.049816e+02
221	1.047365e+02
222	1.046301e+02
223	1.045692e+02
224	1.045303e+02
225	1.045370e+02
226	1.047370e+02
227	1.050832e+02
228	1.055003e+02
229	1.059711e+02
230	1.064675e+02
231	1.070066e+02
232	1.077223e+02
233	1.084769e+02
234	1.091937e+02
235	1.099503e+02
236	1.106389e+02
237	1.112780e+02
238	1.118850e+02
239	1.123507e+02
240	1.127629e+02
241	1.130394e+02
242	1.132278e+02
243	1.132748e+02
244	1.132575e+02
245	1.132283e+02
246	1.131544e+02
247	1.130111e+02
248	1.128100e+02
249	1.125027e+02
250	1.122299e+02
251	1.120161e+02
252	1.117409e+02
253	1.113791e+02
254	1.110399e+02
255	1.106544e+02
256	1.100741e+02
257	1.095214e+02
258	1.089439e+02
259	1.083444e+02
260	1.078490e+02
261	1.073891e+02
262	1.069177e+02
263	1.065349e+02
264	1.061648e+02
265	1.057830e+02
266	1.054702e+02
267	1.051776e+02
268	1.048879e+02
269	1.047875e+02
270	1.048476e+02
271	1.050396e+02
272	1.052990e+02
273	1.056983e+02
274	1.061838e+02
275	1.068627e+02
276	1.075520e+02
277	1.083300e+02
278	1.090115e+02
279	1.097617e+02
280	1.104904e+02
281	1.111830e+02
282	1.118430e+02
283	1.124287e+02
284	1.130205e+02
285	1.134323e+02
286	1.137567e+02
287	1.138788e+02
288	1.137687e+02
289	1.134742e+02
290	1.131209e+02
291	1.127200e+02
292	1.122702e+02
293	1.117217e+02
294	1.111463e+02
295	1.105811e+02
296	1.099282e+02
297	1.092329e+02
298	1.084731e+02
299	1.077124e+02
300	1.070229e+02
301	1.063226e+02
302	1.056896e+02
303	1.051400e+02
304	1.046375e+02
305	1.041565e+02
306	1.036846e+02
307	1.032649e+02
308	1.029796e+02
309	1.028769e+02
310	1.029239e+02
311	1.030959e+02
312	1.034020e+02
313	1.037375e+02
314	1.041551e+02
315	1.047157e+02
316	1.053889e+02
317	1.061085e+02
318	1.068621e+02
319	1.075847e+02
320	1.083646e+02
321	1.091822e+02
322	1.099596e+02
323	1.106821e+02
324	1.113327e+02
325	1.120278e+02
326	1.126284e+02
327	1.131652e+02
328	1.135146e+02
329	1.137720e+02
330	1.139351e+02
331	1.140039e+02
332	1.138799e+02
333	1.137831e+02
334	1.136726e+02
335	1.134959e+02
336	1.133116e+02
337	1.129707e+02
338	1.126063e+02
339	1.122885e+02
340	1.118565e+02
341	1.112849e+02
342	1.106622e+02
343	1.100256e+02
344	1.094250e+02
345	1.087365e+02
346	1.080985e+02
347	1.073750e+02
348	1.066960e+02
349	1.060676e+02
350	1.055441e+02
351	1.050142e+02
352	1.045829e+02
353	1.042658e+02
354	1.040923e+02
355	1.040456e+02
356	1.040170e+02
357	1.042091e+02
358	1.044792e+02
359	1.048055e+02
360	1.052253e+02
361	1.057216e+02
362	1.062385e+02
363	1.068528e+02
364	1.074553e+02
365	1.081630e+02
366	1.089138e+02
367	1.096873e+02
368	1.104251e+02
369	1.110432e+02
370	1.116799e+02
371	1.123249e+02
372	1.128703e+02
373	1.132198e+02
374	1.134907e+02
375	1.137590e+02
376	1.139981e+02
377	1.141237e+02
378	1.141761e+02
379	1.142815e+02
380	1.144608e+02
381	1.145933e+02
382	1.146556e+02
383	1.146205e+02
384	1.143513e+02
385	1.140167e+02
386	1.136420e+02
387	1.131121e+02
388	1.124133e+02
389	1.116833e+02
390	1.108128e+02
391	1.099510e+02
392	1.089471e+02
393	1.079306e+02
394	1.069737e+02
395	1.060763e+02
396	1.052289e+02
397	1.044123e+02
398	1.036778e+02
399	1.029103e+02
400	1.023061e+02
401	1.017581e+02
402	1.013246e+02
403	1.011344e+02
404	1.011548e+02
405	1.013146e+02
406	1.015877e+02
407	1.018349e+02
408	1.021797e+02
409	1.025997e+02
410	1.032037e+02
411	1.039827e+02
412	1.048362e+02
413	1.056724e+02
414	1.065227e+02
415	1.074200e+02
416	1.082978e+02
417	1.091434e+02
418	1.098975e+02
419	1.107009e+02
420	1.114827e+02
421	1.122040e+02
422	1.128857e+02
423	1.133691e+02
424	1.138515e+02
425	1.142216e+02
426	1.144809e+02
427	1.146565e+02
428	1.147887e+02
429	1.148538e+02
430	1.148736e+02
431	1.147940e+02
432	1.146019e+02
433	1.142581e+02
434	1.137945e+02
435	1.132388e+02
436	1.126641e+02
437	1.119331e+02
438	1.111634e+02
439	1.104298e+02
440	1.096919e+02
441	1.089465e+02
442	1.081723e+02
443	1.074593e+02
444	1.067248e+02
445	1.059787e+02
446	1.053482e+02
447	1.047095e+02
448	1.041066e+02
449	1.034651e+02
450	1.029120e+02
451	1.023732e+02
452	1.018385e+02
453	1.013853e+02
454	1.010582e+02
455	1.008462e+02
456	1.007195e+02
457	1.007277e+02
458	1.009320e+02
459	1.012764e+02
460	1.016258e+02
461	1.021590e+02
462	1.027624e+02
463	1.034648e+02
464	1.041548e+02
465	1.049550e+02
466	1.057018e+02
467	1.064564e+02
468	1.071363e+02
469	1.077721e+02
470	1.084385e+02
471	1.090984e+02
472	1.096085e+02
473	1.100567e+02
474	1.104686e+02
475	1.108550e+02
476	1.112296e+02
477	1.115345e+02
478	1.117659e+02
479	1.120292e+02
480	1.122797e+02
481	1.125554e+02
482	1.129026e+02
483	1.131902e+02
484	1.133785e+02
485	1.134651e+02
486	1.135302e+02
487	1.134631e+02
488	1.133030e+02
489	1.130567e+02
490	1.127535e+02
491	1.125443e+02
492	1.122672e+02
493	1.118412e+02
494	1.112471e+02
495	1.107678e+02
496	1.100541e+02
497	1.093094e+02
498	1.085596e+02
499	1.077229e+02
500	1.068904e+02
501	1.060611e+02
502	1.053073e+02
503	1.046136e+02
504	1.039979e+02
505	1.035023e+02
506	1.029838e+02
507	1.024436e+02
508	1.019624e+02
509	1.014312e+02
510	1.009918e+02
511	1.005629e+02
512	1.002955e+02
513	1.000618e+02
514	9.999672e+01
515	1.000383e+02
516	1.002870e+02
517	1.006473e+02
518	1.010795e+02
519	1.015545e+02
520	1.021323e+02
521	1.027385e+02
522	1.035406e+02
523	1.043931e+02
524	1.053469e+02
525	1.063184e+02
526	1.072786e+02
527	1.082812e+02
528	1.093361e+02
529	1.103367e+02
530	1.113728e+02
531	1.125616e+02
532	1.136802e+02
533	1.146497e+02
534	1.156685e+02
535	1.167156e+02
536	1.176322e+02
537	1.183594e+02
538	1.189630e+02
539	1.193975e+02
540	1.195237e+02
541	1.195045e+02
542	1.193223e+02
543	1.189845e+02
544	1.185089e+02
545	1.177978e+02
546	1.168042e+02
547	1.157012e+02
548	1.145885e+02
549	1.135206e+02
550	1.124091e+02
551	1.112974e+02
552	1.100095e+02
553	1.087653e+02
554	1.075491e+02
555	1.063345e+02
556	1.051663e+02
557	1.041353e+02
558	1.031766e+02
559	1.022643e+02
560	1.013525e+02
561	1.005242e+02
562	9.978966e+01
563	9.927664e+01
564	9.879934e+01
565	9.841472e+01
566	9.836067e+01
567	9.863865e+01
568	9.897109e+01
569	9.949323e+01
570	1.000550e+02
571	1.007041e+02
572	1.014115e+02
573	1.023348e+02
574	1.032600e+02
575	1.042252e+02
576	1.050580e+02
577	1.057991e+02
578	1.065135e+02
579	1.071691e+02
580	1.078737e+02
581	1.086654e+02
582	1.094361e+02
583	1.101382e+02
584	1.107922e+02
585	1.113034e+02
586	1.117856e+02
587	1.122313e+02
588	1.125199e+02
589	1.126744e+02
590	1.126849e+02
591	1.125853e+02
592	1.123033e+02
593	1.119392e+02
594	1.114820e+02
595	1.108343e+02
596	1.100220e+02
597	1.091791e+02
598	1.083684e+02
599	1.074928e+02
600	1.066321e+02
601	1.057789e+02
602	1.047907e+02
603	1.038222e+02
604	1.029209e+02
605	1.019826e+02
606	1.011367e+02
607	1.002509e+02
608	9.946462e+01
609	9.860758e+01
610	9.780556e+01
611	9.722990e+01
612	9.672211e+01
613	9.638715e+01
614	9.627832e+01
615	9.619469e+01
616	9.625573e+01
617	9.647059e+01
618	9.672440e+01
619	9.716106e+01
620	9.783968e+01
621	9.870172e+01
622	9.965010e+01
623	1.007287e+02
624	1.020406e+02
625	1.033703e+02
626	1.047035e+02
627	1.061295e+02
628	1.075639e+02
629	1.090474e+02
630	1.104345e+02
631	1.117412e+02
632	1.129731e+02
633	1.141438e+02
634	1.152504e+02
635	1.161109e+02
636	1.168309e+02
637	1.175193e+02
638	1.182026e+02
639	1.187295e+02
640	1.192048e+02
641	1.195448e+02
642	1.196265e+02
643	1.195736e+02
644	1.193532e+02
645	1.191086e+02
646	1.186686e+02
647	1.180706e+02
648	1.173308e+02
649	1.165422e+02
650	1.157019e+02
651	1.146944e+02
652	1.135948e+02
653	1.124848e+02
654	1.113661e+02
655	1.102617e+02
656	1.092219e+02
657	1.081715e+02
658	1.072185e+02
659	1.062288e+02
660	1.054100e+02
661	1.046117e+02
662	1.039852e+02
663	1.033513e+02
664	1.027446e+02
665	1.022848e+02
666	1.019066e+02
667	1.016356e+02
668	1.015443e+02
669	1.015319e+02
670	1.015965e+02
671	1.016986e+02
672	1.018740e+02
673	1.021310e+02
674	1.025355e+02
675	1.029395e+02
676	1.033353e+02
677	1.037340e+02
678	1.042855e+02
679	1.048896e+02
680	1.055471e+02
681	1.062767e+02
682	1.069913e+02
683	1.077126e+02
684	1.083799e+02
685	1.089783e+02
686	1.095523e+02
687	1.100933e+02
688	1.105710e+02
689	1.109935e+02
690	1.113708e+02
691	1.117561e+02
692	1.121091e+02
693	1.123505e+02
694	1.124925e+02
695	1.125857e+02
696	1.126641e+02
697	1.126174e+02
698	1.125134e+02
699	1.123589e+02
700	1.121935e+02
701	1.120191e+02
702	1.118359e+02
703	1.116288e+02
704	1.114819e+02
705	1.113333e+02
706	1.112317e+02
707	1.110838e+02
708	1.109332e+02
709	1.106725e+02
710	1.103958e+02
711	1.101333e+02
712	1.097118e+02
713	1.091986e+02
714	1.086319e+02
715	1.080209e+02
716	1.074231e+02
717	1.068118e+02
718	1.062914e+02
719	1.058307e+02
720	1.054257e+02
721	1.050850e+02
722	1.048405e+02
723	1.047826e+02
724	1.048847e+02
725	1.050957e+02
726	1.054378e+02
727	1.058895e+02
728	1.064650e+02
729	1.070234e+02
730	1.076626e+02
731	1.083695e+02
732	1.091218e+02
733	1.098411e+02
734	1.106517e+02
735	1.114171e+02
736	1.121906e+02
737	1.129002e+02
738	1.136269e+02
739	1.142755e+02
740	1.148704e+02
741	1.154749e+02
742	1.159260e+02
743	1.162233e+02
744	1.163773e+02
745	1.164921e+02
746	1.165351e+02
747	1.164562e+02
748	1.161420e+02
749	1.156952e+02
750	1.151963e+02
751	1.146812e+02
752	1.140063e+02
753	1.132555e+02
754	1.124011e+02
755	1.114685e+02
756	1.104001e+02
757	1.092337e+02
758	1.078883e+02
759	1.064917e+02
760	1.051284e+02
761	1.037681e+02
762	1.023905e+02
763	1.011334e+02
764	9.996419e+01
765	9.895288e+01
766	9.825537e+01
767	9.753090e+01
768	9.704114e+01
769	9.668659e+01
770	9.658215e+01
771	9.653849e+01
772	9.668361e+01
773	9.700681e+01
774	9.750783e+01
775	9.821960e+01
776	9.917990e+01
777	1.003093e+02
778	1.016423e+02
779	1.030116e+02
780	1.044289e+02
781	1.058633e+02
782	1.072867e+02
783	1.087253e+02
784	1.102438e+02
785	1.117484e+02
786	1.131936e+02
787	1.144803e+02
788	1.156496e+02
789	1.166573e+02
790	1.174957e+02
791	1.182224e+02
792	1.187213e+02
793	1.190248e+02
794	1.190603e+02
795	1.188037e+02
796	1.184650e+02
797	1.180184e+02
798	1.173723e+02
799	1.166361e+02
800	1.158329e+02
801	1.150270e+02
802	1.141020e+02
803	1.131507e+02
804	1.120765e+02
805	1.109567e+02
806	1.099011e+02
807	1.086792e+02
808	1.074962e+02
809	1.063628e+02
810	1.052929e+02
811	1.042375e+02
812	1.033433e+02
813	1.025599e+02
814	1.019003e+02
815	1.013612e+02
816	1.008339e+02
817	1.005174e+02
818	1.003658e+02
819	1.003333e+02
820	1.003724e+02
821	1.005979e+02
822	1.009222e+02
823	1.014012e+02
824	1.021747e+02
825	1.031166e+02
826	1.041462e+02
827	1.051709e+02
828	1.063243e+02
829	1.074749e+02
830	1.086106e+02
831	1.097452e+02
832	1.108682e+02
833	1.119615e+02
834	1.129494e+02
835	1.139470e+02
836	1.148770e+02
837	1.157660e+02
838	1.166179e+02
839	1.173506e+02
840	1.178445e+02
841	1.179678e+02
842	1.179438e+02
843	1.176869e+02
844	1.172199e+02
845	1.166484e+02
846	1.159155e+02
847	1.151117e+02
848	1.141644e+02
849	1.131467e+02
850	1.120320e+02
851	1.108177e+02
852	1.094560e+02
853	1.079859e+02
854	1.065426e+02
855	1.051505e+02
856	1.038626e+02
857	1.026678e+02
858	1.015784e+02
859	1.005862e+02
860	9.985195e+01
861	9.932465e+01
862	9.888476e+01
863	9.859354e+01
864	9.848512e+01
865	9.852892e+01
866	9.871093e+01
867	9.906243e+01
868	9.943443e+01
869	9.991393e+01
870	1.004983e+02
871	1.011626e+02
872	1.018744e+02
873	1.026141e+02
874	1.034908e+02
875	1.042256e+02
876	1.049486e+02
877	1.057489e+02
878	1.065702e+02
879	1.073178e+02
880	1.079573e+02
881	1.086197e+02
882	1.091462e+02
883	1.096240e+02
884	1.099167e+02
885	1.101142e+02
886	1.101797e+02
887	1.102783e+02
888	1.102777e+02
889	1.101806e+02
890	1.100498e+02
891	1.098224e+02
892	1.095170e+02
893	1.091772e+02
894	1.088213e+02
895	1.084980e+02
896	1.080611e+02
897	1.075803e+02
898	1.070361e+02
899	1.064897e+02
900	1.058811e+02
901	1.052755e+02
902	1.047226e+02
903	1.042633e+02
904	1.038906e+02
905	1.036133e+02
906	1.034420e+02
907	1.034261e+02
908	1.035413e+02
909	1.037113e+02
910	1.039654e+02
911	1.043343e+02
912	1.047049e+02
913	1.050917e+02
914	1.053851e+02
915	1.056667e+02
916	1.059500e+02
917	1.062131e+02
918	1.065677e+02
919	1.068570e+02
920	1.071332e+02
921	1.074250e+02
922	1.075200e+02
923	1.075894e+02
924	1.076428e+02
925	1.076552e+02
926	1.075392e+02
927	1.073961e+02
928	1.073246e+02
929	1.073106e+02
930	1.071452e+02
931	1.070164e+02
932	1.068061e+02
933	1.066096e+02
934	1.064778e+02
935	1.064082e+02
936	1.064285e+02
937	1.064571e+02
938	1.064110e+02
939	1.064777e+02
940	1.064336e+02
941	1.065012e+02
942	1.065269e+02
943	1.065473e+02
944	1.066397e+02
945	1.066733e+02
946	1.067468e+02
947	1.067486e+02
948	1.068317e+02
949	1.069073e+02
950	1.070648e+02
951	1.072798e+02
952	1.075048e+02
953	1.078325e+02
954	1.082132e+02
955	1.084961e+02
956	1.088760e+02
957	1.092419e+02
958	1.096700e+02
959	1.100767e+02
960	1.105487e+02
961	1.109291e+02
962	1.111963e+02
963	1.114946e+02
964	1.118500e+02
965	1.121750e+02
966	1.124582e+02
967	1.126664e+02
968	1.127161e+02
969	1.125744e+02
970	1.123803e+02
971	1.121531e+02
972	1.118363e+02
973	1.114825e+02
974	1.110938e+02
975	1.106420e+02
976	1.100653e+02
977	1.094644e+02
978	1.088167e+02
979	1.082548e+02
980	1.076549e+02
981	1.071264e+02
982	1.066902e+02
983	1.063271e+02
984	1.061515e+02
985	1.060131e+02
986	1.059396e+02
987	1.059199e+02
988	1.059733e+02
989	1.059314e+02
990	1.060007e+02
991	1.059834e+02
992	1.058843e+02
993	1.058586e+02
994	1.058127e+02
995	1.058581e+02
996	1.059957e+02
997	1.060876e+02
998	1.062159e+02
999	1.063601e+02
1000	1.065035e+02
1001	1.066407e+02
1002	1.067666e+02
1003	1.070998e+02
1004	1.074257e+02
1005	1.077801e+02
1006	1.081853e+02
1007	1.085694e+02
1008	1.090638e+02
1009	1.096805e+02
1010	1.104754e+02
1011	1.112284e+02
1012	1.120992e+02
1013	1.128371e+02
1014	1.135053e+02
1015	1.141260e+02
1016	1.146643e+02
1017	1.149909e+02
1018	1.151654e+02
1019	1.151468e+02
1020	1.150100e+02
1021	1.145802e+02
1022	1.140655e+02
1023	1.134160e+02
1024	1.127179e+02
1025	1.119602e+02
1026	1.112421e+02
1027	1.105044e+02
1028	1.096969e+02
1029	1.088825e+02
1030	1.082235e+02
1031	1.076785e+02
1032	1.071695e+02
1033	1.067600e+02
1034	1.064293e+02
1035	1.061534e+02
1036	1.058636e+02
1037	1.056012e+02
1038	1.055391e+02
1039	1.053804e+02
1040	1.052295e+02
1041	1.050443e+02
1042	1.048365e+02
1043	1.047386e+02
1044	1.046540e+02
1045	1.045274e+02
1046	1.043426e+02
1047	1.041175e+02
1048	1.039157e+02
1049	1.036999e+02
1050	1.035844e+02
1051	1.035543e+02
1052	1.035919e+02
1053	1.037725e+02
1054	1.040093e+02
1055	1.043690e+02
1056	1.048582e+02
1057	1.053560e+02
1058	1.059881e+02
1059	1.066663e+02
1060	1.073349e+02
1061	1.079157e+02
1062	1.085524e+02
1063	1.090915e+02
1064	1.096070e+02
1065	1.101148e+02
1066	1.107378e+02
1067	1.114326e+02
1068	1.121398e+02
1069	1.128857e+02
1070	1.135348e+02
1071	1.142088e+02
1072	1.147308e+02
1073	1.151855e+02
1074	1.155848e+02
1075	1.159166e+02
1076	1.162795e+02
1077	1.165029e+02
1078	1.166346e+02
1079	1.167019e+02
1080	1.165854e+02
1081	1.163008e+02
1082	1.159465e+02
1083	1.154782e+02
1084	1.150283e+02
1085	1.145427e+02
1086	1.139689e+02
1087	1.133180e+02
1088	1.125871e+02
1089	1.119470e+02
1090	1.113518e+02
1091	1.106762e+02
1092	1.100105e+02
1093	1.094833e+02
1094	1.089117e+02
1095	1.084303e+02
1096	1.079326e+02
1097	1.073765e+02
1098	1.068883e+02
1099	1.063851e+02
1100	1.058475e+02
1101	1.052426e+02
1102	1.046390e+02
1103	1.040829e+02
1104	1.035611e+02
1105	1.031412e+02
1106	1.027998e+02
1107	1.025584e+02
1108	1.024159e+02
1109	1.024075e+02
1110	1.025679e+02
1111	1.029670e+02
1112	1.033472e+02
1113	1.039498e+02
1114	1.046080e+02
1115	1.053637e+02
1116	1.062225e+02
1117	1.071853e+02
1118	1.081597e+02
1119	1.093669e+02
1120	1.106552e+02
1121	1.118931e+02
1122	1.130334e+02
1123	1.141396e+02
1124	1.152392e+02
1125	1.162299e+02
1126	1.169557e+02
1127	1.176078e+02
1128	1.180892e+02
1129	1.183880e+02
1130	1.185167e+02
1131	1.185586e+02
1132	1.184688e+02
1133	1.182473e+02
1134	1.178718e+02
1135	1.172750e+02
1136	1.166082e+02
1137	1.158985e+02
1138	1.149672e+02
1139	1.139162e+02
1140	1.127610e+02
1141	1.115729e+02
1142	1.102520e+02
1143	1.088356e+02
1144	1.074718e+02
1145	1.060599e+02
1146	1.047692e+02
1147	1.035165e+02
1148	1.022143e+02
1149	1.010869e+02
1150	1.000047e+02
1151	9.906950e+01
1152	9.838979e+01
1153	9.792631e+01
1154	9.756320e+01
1155	9.736387e+01
1156	9.729998e+01
1157	9.739380e+01
1158	9.774611e+01
1159	9.817733e+01
1160	9.885683e+01
1161	9.967057e+01
1162	1.006359e+02
1163	1.016789e+02
1164	1.028533e+02
1165	1.041177e+02
1166	1.054910e+02
1167	1.069278e+02
1168	1.083945e+02
1169	1.098728e+02
1170	1.112355e+02
1171	1.125085e+02
1172	1.136671e+02
1173	1.148564e+02
1174	1.158868e+02
1175	1.167350e+02
1176	1.174129e+02
1177	1.179662e+02
1178	1.183822e+02
1179	1.186995e+02
1180	1.188740e+02
1181	1.189997e+02
1182	1.190117e+02
1183	1.189340e+02
1184	1.187362e+02
1185	1.183597e+02
1186	1.177393e+02
1187	1.169137e+02
1188	1.161443e+02
1189	1.151839e+02
1190	1.141111e+02
1191	1.129746e+02
1192	1.117760e+02
1193	1.104661e+02
1194	1.091516e+02
1195	1.079634e+02
1196	1.069177e+02
1197	1.058762e+02
1198	1.048314e+02
1199	1.038680e+02
1200	1.030999e+02
1201	1.023828e+02
1202	1.018068e+02
1203	1.013600e+02
1204	1.009849e+02
1205	1.008760e+02
1206	1.009309e+02
1207	1.012140e+02
1208	1.016549e+02
1209	1.021415e+02
1210	1.027816e+02
1211	1.035292e+02
1212	1.042538e+02
1213	1.050426e+02
1214	1.058920e+02
1215	1.068735e+02
1216	1.079527e+02
1217	1.089510e+02
1218	1.097512e+02
1219	1.106338e+02
1220	1.114711e+02
1221	1.123286e+02
1222	1.129992e+02
1223	1.136199e+02
1224	1.142484e+02
1225	1.148861e+02
1226	1.154596e+02
1227	1.159056e+02
1228	1.162552e+02
1229	1.164054e+02
1230	1.165111e+02
1231	1.163956e+02
1232	1.161073e+02
1233	1.157814e+02
1234	1.154029e+02
1235	1.148295e+02
1236	1.142197e+02
1237	1.135276e+02
1238	1.126682e+02
1239	1.117947e+02
1240	1.109418e+02
1241	1.102039e+02
1242	1.094764e+02
1243	1.088031e+02
1244	1.081894e+02
1245	1.076045e+02
1246	1.071016e+02
1247	1.066114e+02
1248	1.062081e+02
1249	1.059620e+02
1250	1.056730e+02
1251	1.054012e+02
1252	1.052071e+02
1253	1.048706e+02
1254	1.045511e+02
1255	1.043544e+02
1256	1.042443e+02
1257	1.042579e+02
1258	1.043608e+02
1259	1.045636e+02
1260	1.047416e+02
1261	1.050268e+02
1262	1.053875e+02
1263	1.057687e+02
1264	1.062885e+02
1265	1.068070e+02
1266	1.072977e+02
1267	1.078690e+02
1268	1.085467e+02
1269	1.094350e+02
1270	1.102893e+02
1271	1.111912e+02
1272	1.121073e+02
1273	1.130583e+02
1274	1.139775e+02
1275	1.147907e+02
1276	1.154906e+02
1277	1.159748e+02
1278	1.163463e+02
1279	1.165162e+02
1280	1.164868e+02
1281	1.162695e+02
1282	1.158778e+02
1283	1.153879e+02
1284	1.148502e+02
1285	1.142821e+02
1286	1.137518e+02
1287	1.132050e+02
1288	1.127122e+02
1289	1.123077e+02
1290	1.118921e+02
1291	1.114139e+02
1292	1.108711e+02
1293	1.102595e+02
1294	1.096360e+02
1295	1.090570e+02
1296	1.084735e+02
1297	1.080525e+02
1298	1.077492e+02
1299	1.075657e+02
1300	1.073963e+02
1301	1.073677e+02
1302	1.072479e+02
1303	1.071745e+02
1304	1.071040e+02
1305	1.070034e+02
1306	1.069298e+02
1307	1.069897e+02
1308	1.070585e+02
1309	1.071324e+02
1310	1.072950e+02
1311	1.075243e+02
1312	1.077930e+02
1313	1.080856e+02
1314	1.084455e+02
1315	1.088417e+02
1316	1.091524e+02
1317	1.094878e+02
1318	1.098691e+02
1319	1.102137e+02
1320	1.104788e+02
1321	1.106608e+02
1322	1.108084e+02
1323	1.109807e+02
1324	1.111633e+02
1325	1.112342e+02
1326	1.113858e+02
1327	1.113397e+02
1328	1.112542e+02
1329	1.111681e+02
1330	1.110344e+02
1331	1.109394e+02
1332	1.107344e+02
1333	1.105214e+02
1334	1.103869e+02
1335	1.103359e+02
1336	1.102357e+02
1337	1.100698e+02
1338	1.098451e+02
1339	1.095438e+02
1340	1.092398e+02
1341	1.089942e+02
1342	1.087785e+02
1343	1.085183e+02
1344	1.081356e+02
1345	1.077177e+02
1346	1.073293e+02
1347	1.069150e+02
1348	1.065253e+02
1349	1.062311e+02
1350	1.060319e+02
1351	1.058927e+02
1352	1.058063e+02
1353	1.057857e+02
1354	1.057708e+02
1355	1.058432e+02
1356	1.059552e+02
1357	1.061170e+02
1358	1.063908e+02
1359	1.067536e+02
1360	1.072592e+02
1361	1.077038e+02
1362	1.082463e+02
1363	1.087732e+02
1364	1.092941e+02
1365	1.098280e+02
1366	1.104482e+02
1367	1.110056e+02
1368	1.114141e+02
1369	1.116873e+02
1370	1.119018e+02
1371	1.120705e+02
1372	1.122664e+02
1373	1.124935e+02
1374	1.127136e+02
1375	1.128365e+02
1376	1.129199e+02
1377	1.128094e+02
1378	1.125742e+02
1379	1.122467e+02
1380	1.119876e+02
1381	1.117499e+02
1382	1.114471e+02
1383	1.110796e+02
1384	1.107719e+02
1385	1.104218e+02
1386	1.100609e+02
1387	1.096508e+02
1388	1.092320e+02
1389	1.088435e+02
1390	1.085561e+02
1391	1.083350e+02
1392	1.080957e+02
1393	1.080746e+02
1394	1.080222e+02
1395	1.080835e+02
1396	1.082975e+02
1397	1.085578e+02
1398	1.088001e+02
1399	1.089665e+02
1400	1.091365e+02
1401	1.093586e+02
1402	1.096487e+02
1403	1.100258e+02
1404	1.103249e+02
1405	1.105434e+02
1406	1.107545e+02
1407	1.109854e+02
1408	1.111508e+02
1409	1.112446e+02
1410	1.112833e+02
1411	1.113075e+02
1412	1.113830e+02
1413	1.114499e+02
1414	1.114607e+02
1415	1.114742e+02
1416	1.115410e+02
1417	1.115258e+02
1418	1.115219e+02
1419	1.114994e+02
1420	1.114884e+02
1421	1.113536e+02
1422	1.110706e+02
1423	1.108400e+02
1424	1.106407e+02
1425	1.103437e+02
1426	1.098975e+02
1427	1.094402e+02
1428	1.089967e+02
1429	1.084698e+02
1430	1.079267e+02
1431	1.073502e+02
1432	1.067654e+02
1433	1.062578e+02
1434	1.057344e+02
1435	1.053429e+02
1436	1.049566e+02
1437	1.045398e+02
1438	1.041518e+02
1439	1.039133e+02
1440	1.038789e+02
1441	1.038749e+02
1442	1.039415e+02
1443	1.040637e+02
1444	1.043024e+02
1445	1.046363e+02
1446	1.050560e+02
1447	1.055076e+02
1448	1.060806e+02
1449	1.067208e+02
1450	1.074708e+02
1451	1.081735e+02
1452	1.088468e+02
1453	1.095254e+02
1454	1.102563e+02
1455	1.108586e+02
1456	1.113693e+02
1457	1.118810e+02
1458	1.123027e+02
1459	1.126852e+02
1460	1.128992e+02
1461	1.129887e+02
1462	1.130040e+02
1463	1.129575e+02
1464	1.128801e+02
1465	1.126745e+02
1466	1.122609e+02
1467	1.118088e+02
1468	1.112040e+02
1469	1.106476e+02
1470	1.100850e+02
1471	1.095471e+02
1472	1.090462e+02
1473	1.086230e+02
1474	1.082794e+02
1475	1.080190e+02
1476	1.077096e+02
1477	1.073210e+02
1478	1.070405e+02
1479	1.067262e+02
1480	1.065195e+02
1481	1.063395e+02
1482	1.061791e+02
1483	1.061179e+02
1484	1.061047e+02
1485	1.061237e+02
1486	1.061711e+02
1487	1.062635e+02
1488	1.063021e+02
1489	1.063361e+02
1490	1.063947e+02
1491	1.065332e+02
1492	1.066810e+02
1493	1.068729e+02
1494	1.071351e+02
1495	1.073569e+02
1496	1.076696e+02
1497	1.079558e+02
1498	1.083736e+02
1499	1.088264e+02
1500	1.092969e+02
1501	1.097723e+02
1502	1.103083e+02
1503	1.108775e+02
1504	1.113936e+02
1505	1.117734e+02
1506	1.121253e+02
1507	1.123446e+02
1508	1.124985e+02
1509	1.126929e+02
1510	1.127805e+02
1511	1.128359e+02
1512	1.128171e+02
1513	1.125902e+02
1514	1.122739e+02
1515	1.120500e+02
1516	1.117812e+02
1517	1.115136e+02
1518	1.112942e+02
1519	1.110524e+02
1520	1.109191e+02
1521	1.107752e+02
1522	1.106260e+02
1523	1.104815e+02
1524	1.103691e+02
1525	1.102132e+02
1526	1.100853e+02
1527	1.099596e+02
1528	1.098532e+02
1529	1.097881e+02
1530	1.096800e+02
1531	1.095356e+02
1532	1.093721e+02
1533	1.091199e+02
1534	1.089808e+02
1535	1.088134e+02
1536	1.086542e+02
1537	1.084611e+02
1538	1.082553e+02
1539	1.079206e+02
1540	1.075014e+02
1541	1.071114e+02
1542	1.067886e+02
1543	1.065199e+02
1544	1.063786e+02
1545	1.062876e+02
1546	1.062189e+02
1547	1.063093e+02
1548	1.064794e+02
1549	1.067037e+02
1550	1.069594e+02
1551	1.073564e+02
1552	1.077369e+02
1553	1.080968e+02
1554	1.084469e+02
1555	1.087372e+02
1556	1.089650e+02
1557	1.092708e+02
1558	1.097031e+02
1559	1.101011e+02
1560	1.104602e+02
1561	1.107948e+02
1562	1.111897e+02
1563	1.115355e+02
1564	1.118801e+02
1565	1.122003e+02
1566	1.124212e+02
1567	1.127146e+02
1568	1.129782e+02
1569	1.131474e+02
1570	1.132181e+02
1571	1.132938e+02
1572	1.132449e+02
1573	1.131371e+02
1574	1.129455e+02
1575	1.127268e+02
1576	1.123485e+02
1577	1.119642e+02
1578	1.114268e+02
1579	1.107918e+02
1580	1.100660e+02
1581	1.092990e+02
1582	1.085771e+02
1583	1.077118e+02
1584	1.068782e+02
1585	1.060821e+02
1586	1.052801e+02
1587	1.045854e+02
1588	1.040084e+02
1589	1.035093e+02
1590	1.030014e+02
1591	1.026530e+02
1592	1.024268e+02
1593	1.022483e+02
1594	1.021855e+02
1595	1.023343e+02
1596	1.026202e+02
1597	1.029967e+02
1598	1.033713e+02
1599	1.038672e+02
1600	1.043156e+02
1601	1.048091e+02
1602	1.053696e+02
1603	1.060957e+02
1604	1.068367e+02
1605	1.075204e+02
1606	1.081610e+02
1607	1.088053e+02
1608	1.093953e+02
1609	1.099759e+02
1610	1.105357e+02
1611	1.111436e+02
1612	1.117191e+02
1613	1.123259e+02
1614	1.129743e+02
1615	1.134936e+02
1616	1.138675e+02
1617	1.142207e+02
1618	1.144231e+02
1619	1.145229e+02
1620	1.145110e+02
1621	1.144284e+02
1622	1.143269e+02
1623	1.140333e+02
1624	1.135929e+02
1625	1.131262e+02
1626	1.126360e+02
1627	1.120894e+02
1628	1.115458e+02
1629	1.108906e+02
1630	1.103078e+02
1631	1.097763e+02
1632	1.093058e+02
1633	1.089203e+02
1634	1.084918e+02
1635	1.080115e+02
1636	1.076209e+02
1637	1.072769e+02
1638	1.069381e+02
1639	1.066668e+02
1640	1.064602e+02
1641	1.062886e+02
1642	1.061860e+02
1643	1.060368e+02
1644	1.059160e+02
1645	1.058194e+02
1646	1.057639e+02
1647	1.058184e+02
1648	1.060087e+02
1649	1.062051e+02
1650	1.064188e+02
1651	1.067153e+02
1652	1.071129e+02
1653	1.074889e+02
1654	1.079156e+02
1655	1.082885e+02
1656	1.085398e+02
1657	1.087683e+02
1658	1.089740e+02
1659	1.090724e+02
1660	1.090882e+02
1661	1.090354e+02
1662	1.089573e+02
1663	1.087889e+02
1664	1.086710e+02
1665	1.083066e+02
1666	1.080047e+02
1667	1.076566e+02
1668	1.073953e+02
1669	1.071505e+02
1670	1.069318e+02
1671	1.067897e+02
1672	1.066620e+02
1673	1.065829e+02
1674	1.065277e+02
1675	1.065505e+02
1676	1.066249e+02
1677	1.067586e+02
1678	1.069191e+02
1679	1.071559e+02
1680	1.075211e+02
1681	1.079346e+02
1682	1.083724e+02
1683	1.087316e+02
1684	1.090475e+02
1685	1.093719e+02
1686	1.096291e+02
1687	1.097267e+02
1688	1.099307e+02
1689	1.101141e+02
1690	1.101532e+02
1691	1.101252e+02
1692	1.100284e+02
1693	1.100098e+02
1694	1.100724e+02
1695	1.101570e+02
1696	1.101959e+02
1697	1.102128e+02
1698	1.102637e+02
1699	1.102147e+02
1700	1.101802e+02
1701	1.101208e+02
1702	1.100564e+02
1703	1.098723e+02
1704	1.095832e+02
1705	1.092991e+02
1706	1.091087e+02
1707	1.089051e+02
1708	1.086711e+02
1709	1.083956e+02
1710	1.080513e+02
1711	1.077747e+02
1712	1.074887e+02
1713	1.072614e+02
1714	1.070813e+02
1715	1.069035e+02
1716	1.068093e+02
1717	1.067823e+02
1718	1.067449e+02
1719	1.067933e+02
1720	1.069780e+02
1721	1.070528e+02
1722	1.070945e+02
1723	1.070546e+02
1724	1.070557e+02
1725	1.069721e+02
1726	1.069053e+02
1727	1.067839e+02
1728	1.067465e+02
1729	1.067327e+02
1730	1.068388e+02
1731	1.071546e+02
1732	1.075928e+02
1733	1.080763e+02
1734	1.085763e+02
1735	1.091678e+02
1736	1.097818e+02
1737	1.104987e+02
1738	1.112776e+02
1739	1.120073e+02
1740	1.126215e+02
1741	1.131134e+02
1742	1.135870e+02
1743	1.139176e+02
1744	1.140810e+02
1745	1.140927e+02
1746	1.140683e+02
1747	1.138003e+02
1748	1.135014e+02
1749	1.132063e+02
1750	1.128755e+02
1751	1.122879e+02
1752	1.115541e+02
1753	1.106445e+02
1754	1.097178e+02
1755	1.088380e+02
1756	1.079642e+02
1757	1.071941e+02
1758	1.065513e+02
1759	1.060120e+02
1760	1.054800e+02
1761	1.050304e+02
1762	1.045081e+02
1763	1.040921e+02
1764	1.035997e+02
1765	1.032584e+02
1766	1.030770e+02
1767	1.030677e+02
1768	1.032150e+02
1769	1.034486e+02
1770	1.039100e+02
1771	1.044799e+02
1772	1.050895e+02
1773	1.057598e+02
1774	1.064577e+02
1775	1.071968e+02
1776	1.079498e+02
1777	1.087701e+02
1778	1.096651e+02
1779	1.105428e+02
1780	1.114389e+02
1781	1.122681e+02
1782	1.131006e+02
1783	1.137877e+02
1784	1.144888e+02
1785	1.152042e+02
1786	1.159278e+02
1787	1.165302e+02
1788	1.170518e+02
1789	1.173610e+02
1790	1.175993e+02
1791	1.177335e+02
1792	1.176318e+02
1793	1.174352e+02
1794	1.170235e+02
1795	1.165230e+02
1796	1.158890e+02
1797	1.151787e+02
1798	1.145210e+02
1799	1.138038e+02
1800	1.129761e+02
1801	1.120707e+02
1802	1.112662e+02
1803	1.105173e+02
1804	1.098272e+02
1805	1.091477e+02
1806	1.083436e+02
1807	1.076478e+02
1808	1.070724e+02
1809	1.066509e+02
1810	1.062173e+02
1811	1.057496e+02
1812	1.053831e+02
1813	1.051020e+02
1814	1.049354e+02
1815	1.048368e+02
1816	1.048810e+02
1817	1.049038e+02
1818	1.050421e+02
1819	1.051706e+02
1820	1.052873e+02
1821	1.054319e+02
1822	1.056096e+02
1823	1.057701e+02
1824	1.060046e+02
1825	1.063998e+02
1826	1.068666e+02
1827	1.072266e+02
1828	1.074949e+02
1829	1.077195e+02
1830	1.078831e+02
1831	1.079450e+02
1832	1.079968e+02
1833	1.080089e+02
1834	1.081322e+02
1835	1.083081e+02
1836	1.085000e+02
1837	1.087261e+02
1838	1.089024e+02
1839	1.090542e+02
1840	1.091612e+02
1841	1.092143e+02
1842	1.092165e+02
1843	1.092466e+02
1844	1.092714e+02
1845	1.092384e+02
1846	1.091510e+02
1847	1.091816e+02
1848	1.091879e+02
1849	1.091308e+02
1850	1.090519e+02
1851	1.088285e+02
1852	1.086339e+02
1853	1.084878e+02
1854	1.084544e+02
1855	1.085057e+02
1856	1.086320e+02
1857	1.087473e+02
1858	1.088594e+02
1859	1.090025e+02
1860	1.091267e+02
1861	1.093053e+02
1862	1.095252e+02
1863	1.097617e+02
1864	1.100279e+02
1865	1.102538e+02
1866	1.104639e+02
1867	1.106854e+02
1868	1.108908e+02
1869	1.111225e+02
1870	1.114468e+02
1871	1.118435e+02
1872	1.122778e+02
1873	1.126785e+02
1874	1.129515e+02
1875	1.131588e+02
1876	1.133677e+02
1877	1.135742e+02
1878	1.136902e+02
1879	1.137327e+02
1880	1.137976e+02
1881	1.137983e+02
1882	1.136638e+02
1883	1.134657e+02
1884	1.133556e+02
1885	1.131522e+02
1886	1.128776e+02
1887	1.124990e+02
1888	1.121630e+02
1889	1.117066e+02
1890	1.113113e+02
1891	1.109507e+02
1892	1.104500e+02
1893	1.099403e+02
1894	1.093731e+02
1895	1.088074e+02
1896	1.081975e+02
1897	1.076663e+02
1898	1.071974e+02
1899	1.067350e+02
1900	1.061898e+02
1901	1.057053e+02
1902	1.052450e+02
1903	1.049256e+02
1904	1.047345e+02
1905	1.046563e+02
1906	1.045717e+02
1907	1.045718e+02
1908	1.046481e+02
1909	1.048904e+02
1910	1.053092e+02
1911	1.058102e+02
1912	1.062142e+02
1913	1.068119e+02
1914	1.073732e+02
1915	1.078559e+02
1916	1.082699e+02
1917	1.086375e+02
1918	1.089029e+02
1919	1.092997e+02
1920	1.096404e+02
1921	1.100612e+02
1922	1.104922e+02
1923	1.108824e+02
1924	1.113149e+02
1925	1.117632e+02
1926	1.121063e+02
1927	1.123077e+02
1928	1.124393e+02
1929	1.123784e+02
1930	1.123223e+02
1931	1.122583e+02
1932	1.121245e+02
1933	1.119381e+02
1934	1.116749e+02
1935	1.113410e+02
1936	1.109589e+02
1937	1.105352e+02
1938	1.100838e+02
1939	1.096973e+02
1940	1.094007e+02
1941	1.091487e+02
1942	1.089013e+02
1943	1.085959e+02
1944	1.083631e+02
1945	1.081490e+02
1946	1.080175e+02
1947	1.079390e+02
1948	1.078252e+02
1949	1.076873e+02
1950	1.075489e+02
1951	1.074494e+02
1952	1.074052e+02
1953	1.073514e+02
1954	1.072658e+02
1955	1.071999e+02
1956	1.072377e+02
1957	1.073152e+02
1958	1.073516e+02
1959	1.075142e+02
1960	1.076749e+02
1961	1.079299e+02
1962	1.082172e+02
1963	1.085847e+02
1964	1.090481e+02
1965	1.095457e+02
1966	1.099920e+02
1967	1.104637e+02
1968	1.107712e+02
1969	1.110859e+02
1970	1.112754e+02
1971	1.114564e+02
1972	1.115402e+02
1973	1.114915e+02
1974	1.114000e+02
1975	1.113155e+02
1976	1.110269e+02
1977	1.107666e+02
1978	1.103820e+02
1979	1.100291e+02
1980	1.095978e+02
1981	1.091609e+02
1982	1.086515e+02
1983	1.081288e+02
1984	1.076452e+02
1985	1.072024e+02
1986	1.066924e+02
1987	1.063383e+02
1988	1.060095e+02
1989	1.056388e+02
1990	1.053244e+02
1991	1.050800e+02
1992	1.049228e+02
1993	1.048669e+02
1994	1.049659e+02
1995	1.050688e+02
1996	1.051552e+02
1997	1.053477e+02
1998	1.056443e+02
1999	1.060225e+02
2000	1.064060e+02
2001	1.069011e+02
2002	1.074220e+02
2003	1.079959e+02
2004	1.085597e+02
2005	1.091470e+02
2006	1.096929e+02
2007	1.101447e+02
2008	1.106297e+02
2009	1.111010e+02
2010	1.114978e+02
2011	1.117990e+02
2012	1.121568e+02
2013	1.124549e+02
2014	1.127543e+02
2015	1.129876e+02
2016	1.131170e+02
2017	1.131884e+02
2018	1.131306e+02
2019	1.129991e+02
2020	1.127532e+02
2021	1.123538e+02
2022	1.118399e+02
2023	1.112798e+02
2024	1.107830e+02
2025	1.102450e+02
2026	1.095987e+02
2027	1.088441e+02
2028	1.081717e+02
2029	1.074601e+02
2030	1.067428e+02
2031	1.061068e+02
2032	1.054933e+02
2033	1.049317e+02
2034	1.043782e+02
2035	1.039520e+02
2036	1.035869e+02
2037	1.031734e+02
2038	1.028385e+02
2039	1.026474e+02
2040	1.025991e+02
2041	1.026264e+02
2042	1.027648e+02
2043	1.029641e+02
2044	1.031317e+02
2045	1.031860e+02
2046	1.033363e+02
2047	1.034550e+02
2048	1.035416e+02
2049	1.036755e+02
2050	1.039009e+02
2051	1.042291e+02
2052	1.045976e+02
2053	1.050478e+02
2054	1.055827e+02
2055	1.059867e+02
2056	1.063810e+02
2057	1.066264e+02
2058	1.068496e+02
2059	1.070987e+02
2060	1.073200e+02
2061	1.075571e+02
2062	1.078539e+02
2063	1.082052e+02
2064	1.085346e+02
2065	1.088088e+02
2066	1.089942e+02
2067	1.090226e+02
2068	1.090383e+02
2069	1.089490e+02
2070	1.088475e+02
2071	1.087881e+02
2072	1.086959e+02
2073	1.085706e+02
2074	1.084837e+02
2075	1.083692e+02
2076	1.081657e+02
2077	1.080306e+02
2078	1.078828e+02
2079	1.078550e+02
2080	1.078393e+02
2081	1.078961e+02
2082	1.080454e+02
2083	1.082199e+02
2084	1.084423e+02
2085	1.086342e+02
2086	1.088467e+02
2087	1.091251e+02
2088	1.093056e+02
2089	1.094588e+02
2090	1.095002e+02
2091	1.093708e+02
2092	1.091789e+02
2093	1.089784e+02
2094	1.087406e+02
2095	1.085411e+02
2096	1.083200e+02
2097	1.080271e+02
2098	1.077451e+02
2099	1.074668e+02
2100	1.071622e+02
2101	1.069923e+02
2102	1.069938e+02
2103	1.070336e+02
2104	1.070172e+02
2105	1.069586e+02
2106	1.069292e+02
2107	1.070135e+02
2108	1.070203e+02
2109	1.070734e+02
2110	1.071282e+02
2111	1.071744e+02
2112	1.071668e+02
2113	1.072226e+02
2114	1.072481e+02
2115	1.072763e+02
2116	1.073301e+02
2117	1.074539e+02
2118	1.076246e+02
2119	1.078747e+02
2120	1.081090e+02
2121	1.083747e+02
2122	1.085860e+02
2123	1.087765e+02
2124	1.089754e+02
2125	1.090283e+02
2126	1.090327e+02
2127	1.089786e+02
2128	1.088778e+02
2129	1.086615e+02
2130	1.084602e+02
2131	1.082909e+02
2132	1.081695e+02
2133	1.081467e+02
2134	1.082122e+02
2135	1.082209e+02
2136	1.083191e+02
2137	1.085184e+02
2138	1.087830e+02
2139	1.092042e+02
2140	1.096117e+02
2141	1.100664e+02
2142	1.105929e+02
2143	1.110849e+02
2144	1.114817e+02
2145	1.118415e+02
2146	1.120941e+02
2147	1.122532e+02
2148	1.122704e+02
2149	1.122078e+02
2150	1.120600e+02
2151	1.118298e+02
2152	1.115475e+02
2153	1.110919e+02
2154	1.106332e+02
2155	1.100976e+02
2156	1.095234e+02
2157	1.089935e+02
2158	1.085194e+02
2159	1.080694e+02
2160	1.076122e+02
2161	1.072473e+02
2162	1.068506e+02
2163	1.065744e+02
2164	1.062988e+02
2165	1.059902e+02
2166	1.056820e+02
2167	1.054306e+02
2168	1.051999e+02
2169	1.050094e+02
2170	1.048458e+02
2171	1.047797e+02
2172	1.048080e+02
2173	1.049263e+02
2174	1.051254e+02
2175	1.053132e+02
2176	1.054624e+02
2177	1.056300e+02
2178	1.058609e+02
2179	1.060395e+02
2180	1.062281e+02
2181	1.064690e+02
2182	1.066948e+02
2183	1.070310e+02
2184	1.074592e+02
2185	1.078187e+02
2186	1.082742e+02
2187	1.087323e+02
2188	1.092229e+02
2189	1.096200e+02
2190	1.100047e+02
2191	1.103534e+02
2192	1.105532e+02
2193	1.107353e+02
2194	1.108658e+02
2195	1.109051e+02
2196	1.109412e+02
2197	1.109451e+02
2198	1.109516e+02
2199	1.109208e+02
2200	1.109372e+02
2201	1.110513e+02
2202	1.109893e+02
2203	1.109756e+02
2204	1.109157e+02
2205	1.108769e+02
2206	1.107031e+02
2207	1.105053e+02
2208	1.102440e+02
2209	1.098773e+02
2210	1.094095e+02
2211	1.089315e+02
2212	1.084580e+02
2213	1.079489e+02
2214	1.074674e+02
2215	1.071801e+02
2216	1.070326e+02
2217	1.069248e+02
2218	1.068270e+02
2219	1.067764e+02
2220	1.067737e+02
2221	1.067489e+02
2222	1.067500e+02
2223	1.067600e+02
2224	1.069556e+02
2225	1.072634e+02
2226	1.076853e+02
2227	1.081808e+02
2228	1.087991e+02
2229	1.094582e+02
2230	1.101944e+02
2231	1.108871e+02
2232	1.113769e+02
2233	1.118078e+02
2234	1.121873e+02
2235	1.125811e+02
2236	1.130324e+02
2237	1.134494e+02
2238	1.137436e+02
2239	1.140123e+02
2240	1.141787e+02
2241	1.142583e+02
2242	1.142406e+02
2243	1.140961e+02
2244	1.139176e+02
2245	1.137189e+02
2246	1.134015e+02
2247	1.129235e+02
2248	1.124203e+02
2249	1.118759e+02
2250	1.112849e+02
2251	1.106448e+02
2252	1.100822e+02
2253	1.095301e+02
2254	1.089814e+02
2255	1.084581e+02
2256	1.079340e+02
2257	1.074158e+02
2258	1.069544e+02
2259	1.064620e+02
2260	1.059887e+02
2261	1.055397e+02
2262	1.051136e+02
2263	1.048114e+02
2264	1.044876e+02
2265	1.043417e+02
2266	1.042180e+02
2267	1.041529e+02
2268	1.042735e+02
2269	1.044525e+02
2270	1.045951e+02
2271	1.048621e+02
2272	1.053492e+02
2273	1.059304e+02
2274	1.064154e+02
2275	1.069442e+02
2276	1.075196e+02
2277	1.081211e+02
2278	1.087248e+02
2279	1.092870e+02
2280	1.099136e+02
2281	1.105512e+02
2282	1.109476e+02
2283	1.113755e+02
2284	1.117362e+02
2285	1.120327e+02
2286	1.124103e+02
2287	1.127646e+02
2288	1.131337e+02
2289	1.133152e+02
2290	1.134927e+02
2291	1.136984e+02
2292	1.138162e+02
2293	1.138931e+02
2294	1.138543e+02
2295	1.136623e+02
2296	1.134503e+02
2297	1.132096e+02
2298	1.129919e+02
2299	1.127641e+02
2300	1.125639e+02
2301	1.124960e+02
2302	1.124377e+02
2303	1.124182e+02
2304	1.124512e+02
2305	1.126128e+02
2306	1.127514e+02
2307	1.128754e+02
2308	1.130535e+02
2309	1.131116e+02
2310	1.130874e+02
2311	1.130975e+02
2312	1.130318e+02
2313	1.129539e+02
2314	1.128932e+02
2315	1.127893e+02
2316	1.126946e+02
2317	1.125406e+02
2318	1.123903e+02
2319	1.122039e+02
2320	1.121248e+02
2321	1.120730e+02
2322	1.121356e+02
2323	1.122742e+02
2324	1.124198e+02
2325	1.126217e+02
2326	1.128781e+02
2327	1.130450e+02
2328	1.131290e+02
2329	1.132694e+02
2330	1.133814e+02
2331	1.134283e+02
2332	1.135085e+02
2333	1.135225e+02
2334	1.135137e+02
2335	1.134667e+02
2336	1.132341e+02
2337	1.129679e+02
2338	1.126408e+02
2339	1.122852e+02
2340	1.119305e+02
2341	1.114343e+02
2342	1.108113e+02
2343	1.101090e+02
2344	1.094153e+02
2345	1.087522e+02
2346	1.080240e+02
2347	1.072882e+02
2348	1.065064e+02
2349	1.057361e+02
2350	1.050159e+02
2351	1.044428e+02
2352	1.039172e+02
2353	1.034326e+02
2354	1.030908e+02
2355	1.029310e+02
2356	1.028459e+02
2357	1.027992e+02
2358	1.028443e+02
2359	1.029869e+02
2360	1.032084e+02
2361	1.035649e+02
2362	1.041228e+02
2363	1.047896e+02
2364	1.054568e+02
2365	1.063427e+02
2366	1.071332e+02
2367	1.078243e+02
2368	1.085005e+02
2369	1.091120e+02
2370	1.097099e+02
2371	1.102987e+02
2372	1.109065e+02
2373	1.113025e+02
2374	1.116174e+02
2375	1.118443e+02
2376	1.120183e+02
2377	1.120881e+02
2378	1.120581e+02
2379	1.118585e+02
2380	1.115825e+02
2381	1.111949e+02
2382	1.106965e+02
2383	1.100831e+02
2384	1.093893e+02
2385	1.086702e+02
2386	1.078908e+02
2387	1.070215e+02
2388	1.062704e+02
2389	1.054742e+02
2390	1.047266e+02
2391	1.039844e+02
2392	1.034285e+02
2393	1.029351e+02
2394	1.025513e+02
2395	1.022799e+02
2396	1.020491e+02
2397	1.019694e+02
2398	1.020526e+02
2399	1.023278e+02
2400	1.026056e+02
2401	1.031002e+02
2402	1.038162e+02
2403	1.046644e+02
2404	1.056581e+02
2405	1.067945e+02
2406	1.081979e+02
2407	1.097045e+02
2408	1.112295e+02
2409	1.126859e+02
2410	1.140878e+02
2411	1.154859e+02
2412	1.167594e+02
2413	1.178496e+02
2414	1.188768e+02
2415	1.198056e+02
2416	1.206567e+02
2417	1.212873e+02
2418	1.218128e+02
2419	1.221934e+02
2420	1.223226e+02
2421	1.223673e+02
2422	1.221135e+02
2423	1.216391e+02
2424	1.209523e+02
2425	1.200540e+02
2426	1.188101e+02
2427	1.174822e+02
2428	1.159153e+02
2429	1.140964e+02
2430	1.122577e+02
2431	1.104148e+02
2432	1.085911e+02
2433	1.067822e+02
2434	1.049640e+02
2435	1.032740e+02
2436	1.016246e+02
2437	1.002457e+02
2438	9.903254e+01
2439	9.796873e+01
2440	9.707755e+01
2441	9.641718e+01
2442	9.595088e+01
2443	9.573487e+01
2444	9.565962e+01
2445	9.574499e+01
2446	9.601933e+01
2447	9.658347e+01
2448	9.726883e+01
2449	9.822493e+01
2450	9.938765e+01
2451	1.007350e+02
2452	1.021142e+02
2453	1.034789e+02
2454	1.048708e+02
2455	1.062310e+02
2456	1.076077e+02
2457	1.089670e+02
2458	1.102384e+02
2459	1.113976e+02
2460	1.125373e+02
2461	1.136359e+02
2462	1.147576e+02
2463	1.159765e+02
2464	1.171139e+02
2465	1.181496e+02
2466	1.190630e+02
2467	1.199039e+02
2468	1.205864e+02
2469	1.211390e+02
2470	1.213802e+02
2471	1.213713e+02
2472	1.211572e+02
2473	1.206930e+02
2474	1.201189e+02
2475	1.194437e+02
2476	1.186577e+02
2477	1.176797e+02
2478	1.165585e+02
2479	1.153777e+02
2480	1.140156e+02
2481	1.126421e+02
2482	1.112235e+02
2483	1.097736e+02
2484	1.084098e+02
2485	1.071714e+02
2486	1.060919e+02
2487	1.049754e+02
2488	1.038441e+02
2489	1.026950e+02
2490	1.015423e+02
2491	1.005173e+02
2492	9.969362e+01
2493	9.898702e+01
2494	9.844702e+01
2495	9.806610e+01
2496	9.783326e+01
2497	9.780404e+01
2498	9.796508e+01
2499	9.831798e+01
2500	9.877101e+01
2501	9.945616e+01
2502	1.002571e+02
2503	1.011646e+02
2504	1.022688e+02
2505	1.035464e+02
2506	1.049055e+02
2507	1.063141e+02
2508	1.077791e+02
2509	1.092901e+02
2510	1.107674e+02
2511	1.122016e+02
2512	1.134636e+02
2513	1.146017e+02
2514	1.156362e+02
2515	1.166512e+02
2516	1.174609e+02
2517	1.182246e+02
2518	1.188437e+02
2519	1.192156e+02
2520	1.193035e+02
2521	1.191099e+02
2522	1.187050e+02
2523	1.182834e+02
2524	1.175734e+02
2525	1.166069e+02
2526	1.155102e+02
2527	1.143039e+02
2528	1.130086e+02
2529	1.116179e+02
2530	1.102221e+02
2531	1.087657e+02
2532	1.073902e+02
2533	1.060303e+02
2534	1.046672e+02
2535	1.032503e+02
2536	1.018863e+02
2537	1.005710e+02
2538	9.935608e+01
2539	9.813668e+01
2540	9.701227e+01
2541	9.603303e+01
2542	9.514447e+01
2543	9.455562e+01
2544	9.416204e+01
2545	9.396414e+01
2546	9.409125e+01
2547	9.440688e+01
2548	9.489707e+01
2549	9.557705e+01
2550	9.651271e+01
2551	9.763454e+01
2552	9.889244e+01
2553	1.003029e+02
2554	1.019438e+02
2555	1.036660e+02
2556	1.054725e+02
2557	1.073886e+02
2558	1.092709e+02
2559	1.111580e+02
2560	1.129390e+02
2561	1.145411e+02
2562	1.160401e+02
2563	1.174047e+02
2564	1.184865e+02
2565	1.193915e+02
2566	1.201058e+02
2567	1.206702e+02
2568	1.210809e+02
2569	1.213467e+02
2570	1.213285e+02
2571	1.209415e+02
2572	1.203925e+02
2573	1.195873e+02
2574	1.186586e+02
2575	1.174799e+02
2576	1.160399e+02
2577	1.144986e+02
2578	1.129001e+02
2579	1.112627e+02
2580	1.095869e+02
2581	1.079322e+02
2582	1.063684e+02
2583	1.048609e+02
2584	1.034149e+02
2585	1.021003e+02
2586	1.009444e+02
2587	9.975708e+01
2588	9.875233e+01
2589	9.790349e+01
2590	9.723516e+01
2591	9.675541e+01
2592	9.647450e+01
2593	9.633426e+01
2594	9.640154e+01
2595	9.667015e+01
2596	9.712962e+01
2597	9.771858e+01
2598	9.852878e+01
2599	9.948381e+01
2600	1.004905e+02
2601	1.017187e+02
2602	1.030612e+02
2603	1.045290e+02
2604	1.059939e+02
2605	1.073976e+02
2606	1.087639e+02
2607	1.101367e+02
2608	1.114337e+02
2609	1.126068e+02
2610	1.137177e+02
2611	1.147465e+02
2612	1.155600e+02
2613	1.162867e+02
2614	1.169104e+02
2615	1.173181e+02
2616	1.175907e+02
2617	1.177112e+02
2618	1.176529e+02
2619	1.174292e+02
2620	1.170107e+02
2621	1.163512e+02
2622	1.155843e+02
2623	1.146394e+02
2624	1.135451e+02
2625	1.123569e+02
2626	1.109685e+02
2627	1.094333e+02
2628	1.078878e+02
2629	1.063600e+02
2630	1.049948e+02
2631	1.037361e+02
2632	1.026105e+02
2633	1.016051e+02
2634	1.006925e+02
2635	9.994723e+01
2636	9.935402e+01
2637	9.897471e+01
2638	9.868184e+01
2639	9.856927e+01
2640	9.856762e+01
2641	9.868053e+01
2642	9.887062e+01
2643	9.917625e+01
2644	9.956384e+01
2645	1.000680e+02
2646	1.007965e+02
2647	1.015258e+02
2648	1.024535e+02
2649	1.034870e+02
2650	1.046244e+02
2651	1.058695e+02
2652	1.071995e+02
2653	1.084608e+02
2654	1.097495e+02
2655	1.108946e+02
2656	1.118283e+02
2657	1.126392e+02
2658	1.133280e+02
2659	1.138891e+02
2660	1.141605e+02
2661	1.142242e+02
2662	1.141334e+02
2663	1.139353e+02
2664	1.137038e+02
2665	1.134603e+02
2666	1.131910e+02
2667	1.129248e+02
2668	1.126975e+02
2669	1.123319e+02
2670	1.118072e+02
2671	1.111428e+02
2672	1.103995e+02
2673	1.095013e+02
2674	1.084673e+02
2675	1.073269e+02
2676	1.061857e+02
2677	1.049441e+02
2678	1.038095e+02
2679	1.026714e+02
2680	1.016348e+02
2681	1.007995e+02
2682	1.001999e+02
2683	9.973097e+01
2684	9.946852e+01
2685	9.942640e+01
2686	9.950238e+01
2687	9.959833e+01
2688	9.976301e+01
2689	1.000130e+02
2690	1.004433e+02
2691	1.011095e+02
2692	1.020913e+02
2693	1.031512e+02
2694	1.042995e+02
2695	1.054935e+02
2696	1.066372e+02
2697	1.076428e+02
2698	1.085276e+02
2699	1.093516e+02
2700	1.101482e+02
2701	1.109575e+02
2702	1.117892e+02
2703	1.126075e+02
2704	1.132831e+02
2705	1.138214e+02
2706	1.141457e+02
2707	1.143828e+02
2708	1.145211e+02
2709	1.144334e+02
2710	1.142231e+02
2711	1.138974e+02
2712	1.135178e+02
2713	1.130895e+02
2714	1.124244e+02
2715	1.115389e+02
2716	1.105227e+02
2717	1.093689e+02
2718	1.080827e+02
2719	1.067080e+02
2720	1.053758e+02
2721	1.040987e+02
2722	1.029151e+02
2723	1.018832e+02
2724	1.009415e+02
2725	1.001419e+02
2726	9.943956e+01
2727	9.898438e+01
2728	9.864319e+01
2729	9.841137e+01
2730	9.853151e+01
2731	9.875214e+01
2732	9.910353e+01
2733	9.967559e+01
2734	1.003589e+02
2735	1.011358e+02
2736	1.020685e+02
2737	1.031056e+02
2738	1.043135e+02
2739	1.055466e+02
2740	1.068352e+02
2741	1.081779e+02
2742	1.094411e+02
2743	1.106332e+02
2744	1.117595e+02
2745	1.128814e+02
2746	1.138749e+02
2747	1.146873e+02
2748	1.152843e+02
2749	1.157211e+02
2750	1.159824e+02
2751	1.161222e+02
2752	1.161822e+02
2753	1.161641e+02
2754	1.160072e+02
2755	1.156840e+02
2756	1.153379e+02
2757	1.148595e+02
2758	1.143339e+02
2759	1.136840e+02
2760	1.130137e+02
2761	1.123016e+02
2762	1.115611e+02
2763	1.107710e+02
2764	1.099829e+02
2765	1.091105e+02
2766	1.083315e+02
2767	1.075035e+02
2768	1.067691e+02
2769	1.060376e+02
2770	1.053475e+02
2771	1.047174e+02
2772	1.041582e+02
2773	1.036910e+02
2774	1.032836e+02
2775	1.028755e+02
2776	1.025530e+02
2777	1.023156e+02
2778	1.023011e+02
2779	1.024630e+02
2780	1.028472e+02
2781	1.032818e+02
2782	1.037515e+02
2783	1.042781e+02
2784	1.048428e+02
2785	1.053711e+02
2786	1.059090e+02
2787	1.064785e+02
2788	1.069917e+02
2789	1.075508e+02
2790	1.081393e+02
2791	1.086180e+02
2792	1.091217e+02
2793	1.094767e+02
2794	1.098931e+02
2795	1.103650e+02
2796	1.108321e+02
2797	1.113052e+02
2798	1.116747e+02
2799	1.119480e+02
2800	1.122282e+02
2801	1.124982e+02
2802	1.126947e+02
2803	1.127742e+02
2804	1.127075e+02
2805	1.126454e+02
2806	1.124900e+02
2807	1.122707e+02
2808	1.119322e+02
2809	1.114368e+02
2810	1.109443e+02
2811	1.105156e+02
2812	1.101178e+02
2813	1.097963e+02
2814	1.094692e+02
2815	1.090191e+02
2816	1.085441e+02
2817	1.081082e+02
2818	1.078018e+02
2819	1.074598e+02
2820	1.071518e+02
2821	1.069853e+02
2822	1.068421e+02
2823	1.065994e+02
2824	1.063584e+02
2825	1.061012e+02
2826	1.058728e+02
2827	1.056905e+02
2828	1.054966e+02
2829	1.054753e+02
2830	1.056159e+02
2831	1.058461e+02
2832	1.060954e+02
2833	1.064052e+02
2834	1.067821e+02
2835	1.071772e+02
2836	1.077508e+02
2837	1.083243e+02
2838	1.089422e+02
2839	1.096470e+02
2840	1.104328e+02
2841	1.111963e+02
2842	1.120612e+02
2843	1.128287e+02
2844	1.136021e+02
2845	1.142287e+02
2846	1.146999e+02
2847	1.152364e+02
2848	1.155292e+02
2849	1.157276e+02
2850	1.157467e+02
2851	1.156423e+02
2852	1.154049e+02
2853	1.150282e+02
2854	1.146162e+02
2855	1.140125e+02
2856	1.135024e+02
2857	1.128342e+02
2858	1.121844e+02
2859	1.114045e+02
2860	1.105273e+02
2861	1.095491e+02
2862	1.085156e+02
2863	1.074501e+02
2864	1.064161e+02
2865	1.054686e+02
2866	1.046014e+02
2867	1.037505e+02
2868	1.030561e+02
2869	1.024111e+02
2870	1.020903e+02
2871	1.017266e+02
2872	1.015124e+02
2873	1.014082e+02
2874	1.013175e+02
2875	1.012421e+02
2876	1.013918e+02
2877	1.017011e+02
2878	1.020368e+02
2879	1.025276e+02
2880	1.031037e+02
2881	1.037424e+02
2882	1.043851e+02
2883	1.051296e+02
2884	1.058059e+02
2885	1.064962e+02
2886	1.071783e+02
2887	1.078705e+02
2888	1.085937e+02
2889	1.093077e+02
2890	1.098899e+02
2891	1.102921e+02
2892	1.105261e+02
2893	1.106493e+02
2894	1.107141e+02
2895	1.107046e+02
2896	1.105855e+02
2897	1.104207e+02
2898	1.101244e+02
2899	1.097877e+02
2900	1.094078e+02
2901	1.090314e+02
2902	1.086184e+02
2903	1.082056e+02
2904	1.078257e+02
2905	1.074644e+02
2906	1.072206e+02
2907	1.070039e+02
2908	1.068337e+02
2909	1.065383e+02
2910	1.061450e+02
2911	1.058087e+02
2912	1.054691e+02
2913	1.049911e+02
2914	1.046375e+02
2915	1.042803e+02
2916	1.040215e+02
2917	1.038378e+02
2918	1.038413e+02
2919	1.038826e+02
2920	1.040214e+02
2921	1.041680e+02
2922	1.044254e+02
2923	1.046617e+02
2924	1.049521e+02
2925	1.052660e+02
2926	1.056412e+02
2927	1.061267e+02
2928	1.066781e+02
2929	1.072309e+02
2930	1.076887e+02
2931	1.080494e+02
2932	1.084540e+02
2933	1.089113e+02
2934	1.092710e+02
2935	1.095705e+02
2936	1.097130e+02
2937	1.097749e+02
2938	1.097467e+02
2939	1.096147e+02
2940	1.093561e+02
2941	1.090410e+02
2942	1.087952e+02
2943	1.085660e+02
2944	1.082982e+02
2945	1.081779e+02
2946	1.080439e+02
2947	1.078670e+02
2948	1.077525e+02
2949	1.076577e+02
2950	1.075133e+02
2951	1.073239e+02
2952	1.071981e+02
2953	1.069436e+02
2954	1.067017e+02
2955	1.063121e+02
2956	1.060162e+02
2957	1.058381e+02
2958	1.055871e+02
2959	1.053435e+02
2960	1.050547e+02
2961	1.047342e+02
2962	1.044111e+02
2963	1.041442e+02
2964	1.039112e+02
2965	1.037819e+02
2966	1.037691e+02
2967	1.038702e+02
2968	1.039601e+02
2969	1.040635e+02
2970	1.042476e+02
2971	1.044919e+02
2972	1.047194e+02
2973	1.049921e+02
2974	1.053009e+02
2975	1.056893e+02
2976	1.061441e+02
2977	1.065216e+02
2978	1.068814e+02
2979	1.071792e+02
2980	1.074924e+02
2981	1.078479e+02
2982	1.082572e+02
2983	1.086289e+02
2984	1.089388e+02
2985	1.092895e+02
2986	1.096195e+02
2987	1.098692e+02
2988	1.099551e+02
2989	1.099773e+02
2990	1.099190e+02
2991	1.098862e+02
2992	1.097896e+02
2993	1.097190e+02
2994	1.096136e+02
2995	1.095693e+02
2996	1.094956e+02
2997	1.094041e+02
2998	1.093174e+02
2999	1.091254e+02
3000	1.089818e+02
3001	1.088717e+02
3002	1.087954e+02
3003	1.087119e+02
3004	1.086451e+02
3005	1.085434e+02
3006	1.085087e+02
3007	1.086195e+02
3008	1.087145e+02
3009	1.088123e+02
3010	1.089767e+02
3011	1.091941e+02
3012	1.093083e+02
3013	1.094442e+02
3014	1.095470e+02
3015	1.096496e+02
3016	1.097528e+02
3017	1.098108e+02
3018	1.097374e+02
3019	1.096913e+02
3020	1.096540e+02
3021	1.094892e+02
3022	1.093240e+02
3023	1.091472e+02
3024	1.090202e+02
3025	1.088548e+02
3026	1.087519e+02
3027	1.086003e+02
3028	1.083295e+02
3029	1.080744e+02
3030	1.079018e+02
3031	1.077963e+02
3032	1.078076e+02
3033	1.077500e+02
3034	1.076825e+02
3035	1.077377e+02
3036	1.078769e+02
3037	1.080622e+02
3038	1.082888e+02
3039	1.085710e+02
3040	1.088841e+02
3041	1.091672e+02
3042	1.094191e+02
3043	1.097831e+02
3044	1.102018e+02
3045	1.105828e+02
3046	1.110617e+02
3047	1.115256e+02
3048	1.120004e+02
3049	1.124706e+02
3050	1.128871e+02
3051	1.132694e+02
3052	1.135671e+02
3053	1.137649e+02
3054	1.138050e+02
3055	1.138505e+02
3056	1.137793e+02
3057	1.136691e+02
3058	1.134341e+02
3059	1.131128e+02
3060	1.126581e+02
3061	1.121325e+02
3062	1.116337e+02
3063	1.111345e+02
3064	1.106606e+02
3065	1.102290e+02
3066	1.097625e+02
3067	1.093169e+02
3068	1.088955e+02
3069	1.085157e+02
3070	1.081265e+02
3071	1.077975e+02
3072	1.074886e+02
3073	1.072346e+02
3074	1.070960e+02
3075	1.069850e+02
3076	1.069436e+02
3077	1.070141e+02
3078	1.071096e+02
3079	1.072943e+02
3080	1.074961e+02
3081	1.077172e+02
3082	1.080054e+02
3083	1.083554e+02
3084	1.086216e+02
3085	1.089470e+02
3086	1.092626e+02
3087	1.094843e+02
3088	1.095142e+02
3089	1.094949e+02
3090	1.094506e+02
3091	1.092885e+02
3092	1.092296e+02
3093	1.092342e+02
3094	1.093127e+02
3095	1.093396e+02
3096	1.093039e+02
3097	1.093351e+02
3098	1.093601e+02
3099	1.093891e+02
3100	1.094225e+02
3101	1.095876e+02
3102	1.097052e+02
3103	1.098341e+02
3104	1.100566e+02
3105	1.101800e+02
3106	1.103359e+02
3107	1.104033e+02
3108	1.104686e+02
3109	1.105701e+02
3110	1.107153e+02
3111	1.108530e+02
3112	1.109446e+02
3113	1.110048e+02
3114	1.111109e+02
3115	1.112317e+02
3116	1.113358e+02
3117	1.114243e+02
3118	1.114195e+02
3119	1.114247e+02
3120	1.114904e+02
3121	1.116796e+02
3122	1.117326e+02
3123	1.116152e+02
3124	1.114444e+02
3125	1.112515e+02
3126	1.109694e+02
3127	1.107038e+02
3128	1.103922e+02
3129	1.101105e+02
3130	1.098265e+02
3131	1.095610e+02
3132	1.093536e+02
3133	1.091528e+02
3134	1.088930e+02
3135	1.087335e+02
3136	1.084915e+02
3137	1.083232e+02
3138	1.081898e+02
3139	1.080533e+02
3140	1.078882e+02
3141	1.078576e+02
3142	1.077302e+02
3143	1.074731e+02
3144	1.071280e+02
3145	1.067683e+02
3146	1.064330e+02
3147	1.061186e+02
3148	1.058174e+02
3149	1.055495e+02
3150	1.052421e+02
3151	1.050187e+02
3152	1.048708e+02
3153	1.047813e+02
3154	1.047630e+02
3155	1.048267e+02
3156	1.050312e+02
3157	1.053833e+02
3158	1.058101e+02
3159	1.062490e+02
3160	1.068136e+02
3161	1.073729e+02
3162	1.079698e+02
3163	1.086681e+02
3164	1.093647e+02
3165	1.101510e+02
3166	1.109545e+02
3167	1.117002e+02
3168	1.124521e+02
3169	1.131646e+02
3170	1.137364e+02
3171	1.141661e+02
3172	1.145411e+02
3173	1.148375e+02
3174	1.150219e+02
3175	1.150935e+02
3176	1.150345e+02
3177	1.148845e+02
3178	1.145584e+02
3179	1.141168e+02
3180	1.136004e+02
3181	1.128899e+02
3182	1.120289e+02
3183	1.110411e+02
3184	1.099164e+02
3185	1.087092e+02
3186	1.074323e+02
3187	1.061804e+02
3188	1.050091e+02
3189	1.038903e+02
3190	1.028887e+02
3191	1.019216e+02
3192	1.010685e+02
3193	1.004225e+02
3194	9.989036e+01
3195	9.955277e+01
3196	9.942951e+01
3197	9.950463e+01
3198	9.976065e+01
3199	1.002047e+02
3200	1.007406e+02
3201	1.016018e+02
3202	1.026753e+02
3203	1.038527e+02
3204	1.051349e+02
3205	1.065337e+02
3206	1.079370e+02
3207	1.092058e+02
3208	1.104416e+02
3209	1.115822e+02
3210	1.127826e+02
3211	1.138557e+02
3212	1.149641e+02
3213	1.158886e+02
3214	1.166714e+02
3215	1.174386e+02
3216	1.181055e+02
3217	1.186755e+02
3218	1.190383e+02
3219	1.191930e+02
3220	1.191419e+02
3221	1.188913e+02
3222	1.185713e+02
3223	1.181706e+02
3224	1.176225e+02
3225	1.169407e+02
3226	1.160863e+02
3227	1.149950e+02
3228	1.137685e+02
3229	1.124201e+02
3230	1.109475e+02
3231	1.093794e+02
3232	1.077048e+02
3233	1.059989e+02
3234	1.044062e+02
3235	1.029663e+02
3236	1.016156e+02
3237	1.003599e+02
3238	9.916228e+01
3239	9.811449e+01
3240	9.724723e+01
3241	9.666266e+01
3242	9.624853e+01
3243	9.593713e+01
3244	9.570253e+01
3245	9.563017e+01
3246	9.576464e+01
3247	9.598403e+01
3248	9.638441e+01
3249	9.695471e+01
3250	9.769826e+01
3251	9.878175e+01
3252	9.999145e+01
3253	1.013313e+02
3254	1.027986e+02
3255	1.044095e+02
3256	1.061589e+02
3257	1.079524e+02
3258	1.097281e+02
3259	1.115228e+02
3260	1.131686e+02
3261	1.146862e+02
3262	1.160877e+02
3263	1.174231e+02
3264	1.187055e+02
3265	1.198099e+02
3266	1.206653e+02
3267	1.213475e+02
3268	1.219302e+02
3269	1.222534e+02
3270	1.223234e+02
3271	1.221187e+02
3272	1.217206e+02
3273	1.211587e+02
3274	1.204390e+02
3275	1.195381e+02
3276	1.185327e+02
3277	1.173661e+02
3278	1.160187e+02
3279	1.145488e+02
3280	1.130138e+02
3281	1.114241e+02
3282	1.098214e+02
3283	1.082850e+02
3284	1.067974e+02
3285	1.053228e+02
3286	1.038813e+02
3287	1.025314e+02
3288	1.014060e+02
3289	1.004031e+02
3290	9.949462e+01
3291	9.883320e+01
3292	9.833731e+01
3293	9.812311e+01
3294	9.825255e+01
3295	9.847410e+01
3296	9.888939e+01
3297	9.942910e+01
3298	1.001284e+02
3299	1.009178e+02
3300	1.017947e+02
3301	1.027846e+02
3302	1.038882e+02
3303	1.051389e+02
3304	1.065764e+02
3305	1.080611e+02
3306	1.097855e+02
3307	1.115267e+02
3308	1.132064e+02
3309	1.148398e+02
3310	1.164464e+02
3311	1.179460e+02
3312	1.191850e+02
3313	1.202842e+02
3314	1.211448e+02
3315	1.216730e+02
3316	1.219652e+02
3317	1.219855e+02
3318	1.217605e+02
3319	1.212992e+02
3320	1.205941e+02
3321	1.196437e+02
3322	1.185832e+02
3323	1.173911e+02
3324	1.160412e+02
3325	1.144496e+02
3326	1.127385e+02
3327	1.108926e+02
3328	1.090856e+02
3329	1.072758e+02
3330	1.054185e+02
3331	1.036251e+02
3332	1.017713e+02
3333	1.000359e+02
3334	9.847261e+01
3335	9.712298e+01
3336	9.592388e+01
3337	9.479758e+01
3338	9.386474e+01
3339	9.313494e+01
3340	9.273366e+01
3341	9.261520e+01
3342	9.274714e+01
3343	9.313537e+01
3344	9.379475e+01
3345	9.470934e+01
3346	9.576751e+01
3347	9.697931e+01
3348	9.832826e+01
3349	9.987854e+01
3350	1.015784e+02
3351	1.033517e+02
3352	1.051307e+02
3353	1.069204e+02
3354	1.087161e+02
3355	1.105104e+02
3356	1.122690e+02
3357	1.139177e+02
3358	1.153267e+02
3359	1.165836e+02
3360	1.176751e+02
3361	1.185842e+02
3362	1.192688e+02
3363	1.197821e+02
3364	1.201501e+02
3365	1.203024e+02
3366	1.203365e+02
3367	1.202270e+02
3368	1.199909e+02
3369	1.196150e+02
3370	1.189656e+02
3371	1.182016e+02
3372	1.172608e+02
3373	1.161147e+02
3374	1.149260e+02
3375	1.135945e+02
3376	1.121322e+02
3377	1.105403e+02
3378	1.088084e+02
3379	1.070975e+02
3380	1.053639e+02
3381	1.036005e+02
3382	1.019419e+02
3383	1.004099e+02
3384	9.921060e+01
3385	9.825399e+01
3386	9.752183e+01
3387	9.705402e+01
3388	9.684138e+01
3389	9.675299e+01
3390	9.679173e+01
3391	9.700687e+01
3392	9.734923e+01
3393	9.780821e+01
3394	9.846674e+01
3395	9.931474e+01
3396	1.003901e+02
3397	1.015566e+02
3398	1.028694e+02
3399	1.042815e+02
3400	1.057940e+02
3401	1.073375e+02
3402	1.088698e+02
3403	1.103608e+02
3404	1.117248e+02
3405	1.129595e+02
3406	1.140315e+02
3407	1.149326e+02
3408	1.156256e+02
3409	1.161884e+02
3410	1.166592e+02
3411	1.169515e+02
3412	1.170983e+02
3413	1.170410e+02
3414	1.167681e+02
3415	1.161828e+02
3416	1.154152e+02
3417	1.144853e+02
3418	1.135783e+02
3419	1.126428e+02
3420	1.116442e+02
3421	1.106487e+02
3422	1.095936e+02
3423	1.084617e+02
3424	1.072384e+02
3425	1.059918e+02
3426	1.047753e+02
3427	1.036708e+02
3428	1.026941e+02
3429	1.018416e+02
3430	1.011443e+02
3431	1.005226e+02
3432	1.000056e+02
3433	9.965647e+01
3434	9.944149e+01
3435	9.944800e+01
3436	9.968116e+01
3437	1.001025e+02
3438	1.006563e+02
3439	1.014467e+02
3440	1.022902e+02
3441	1.032367e+02
3442	1.042061e+02
3443	1.052207e+02
3444	1.063391e+02
3445	1.075514e+02
3446	1.087457e+02
3447	1.100367e+02
3448	1.114424e+02
3449	1.127723e+02
3450	1.141903e+02
3451	1.156010e+02
3452	1.168510e+02
3453	1.180337e+02
3454	1.190778e+02
3455	1.200024e+02
3456	1.208808e+02
3457	1.215302e+02
3458	1.220558e+02
3459	1.223780e+02
3460	1.224966e+02
3461	1.223350e+02
3462	1.220222e+02
3463	1.214812e+02
3464	1.207078e+02
3465	1.197644e+02
3466	1.187182e+02
3467	1.174600e+02
3468	1.161885e+02
3469	1.148908e+02
3470	1.135420e+02
3471	1.121709e+02
3472	1.108009e+02
3473	1.093555e+02
3474	1.079001e+02
3475	1.064714e+02
3476	1.050734e+02
3477	1.037244e+02
3478	1.024582e+02
3479	1.013283e+02
3480	1.003137e+02
3481	9.952349e+01
3482	9.877609e+01
3483	9.815220e+01
3484	9.761196e+01
3485	9.727197e+01
3486	9.713338e+01
3487	9.711337e+01
3488	9.731015e+01
3489	9.764781e+01
3490	9.815398e+01
3491	9.872980e+01
3492	9.942657e+01
3493	1.002438e+02
3494	1.011043e+02
3495	1.020264e+02
3496	1.029612e+02
3497	1.040864e+02
3498	1.052481e+02
3499	1.063200e+02
3500	1.073253e+02
3501	1.081896e+02
3502	1.090067e+02
3503	1.097860e+02
3504	1.105057e+02
3505	1.111247e+02
3506	1.115524e+02
3507	1.118745e+02
3508	1.120773e+02
3509	1.121410e+02
3510	1.121422e+02
3511	1.120581e+02
3512	1.119379e+02
3513	1.118340e+02
3514	1.117148e+02
3515	1.114593e+02
3516	1.111305e+02
3517	1.106835e+02
3518	1.101842e+02
3519	1.096409e+02
3520	1.091363e+02
3521	1.085982e+02
3522	1.079797e+02
3523	1.072664e+02
3524	1.065099e+02
3525	1.058186e+02
3526	1.051181e+02
3527	1.045445e+02
3528	1.039736e+02
3529	1.035090e+02
3530	1.031927e+02
3531	1.029200e+02
3532	1.027237e+02
3533	1.025754e+02
3534	1.026284e+02
3535	1.027177e+02
3536	1.028901e+02
3537	1.031278e+02
3538	1.035026e+02
3539	1.040907e+02
3540	1.047217e+02
3541	1.054079e+02
3542	1.061608e+02
3543	1.070123e+02
3544	1.079111e+02
3545	1.089740e+02
3546	1.100722e+02
3547	1.111312e+02
3548	1.122579e+02
3549	1.133381e+02
3550	1.144285e+02
3551	1.153780e+02
3552	1.163639e+02
3553	1.171742e+02
3554	1.178666e+02
3555	1.185102e+02
3556	1.188972e+02
3557	1.191511e+02
3558	1.193275e+02
3559	1.192605e+02
3560	1.190059e+02
3561	1.185502e+02
3562	1.179196e+02
3563	1.172463e+02
3564	1.164916e+02
3565	1.155318e+02
3566	1.143575e+02
3567	1.131973e+02
3568	1.119256e+02
3569	1.106032e+02
3570	1.093745e+02
3571	1.081325e+02
3572	1.068900e+02
3573	1.057021e+02
3574	1.045643e+02
3575	1.033384e+02
3576	1.020613e+02
3577	1.009446e+02
3578	9.996733e+01
3579	9.911349e+01
3580	9.841731e+01
3581	9.802939e+01
3582	9.781177e+01
3583	9.777342e+01
3584	9.791884e+01
3585	9.823103e+01
3586	9.866475e+01
3587	9.923361e+01
3588	9.990987e+01
3589	1.006836e+02
3590	1.015359e+02
3591	1.024627e+02
3592	1.033589e+02
3593	1.043262e+02
3594	1.053099e+02
3595	1.062926e+02
3596	1.072254e+02
3597	1.081393e+02
3598	1.089793e+02
3599	1.096458e+02
3600	1.102194e+02
3601	1.107953e+02
3602	1.112901e+02
3603	1.116310e+02
3604	1.118855e+02
3605	1.120451e+02
3606	1.121622e+02
3607	1.122863e+02
3608	1.121985e+02
3609	1.119636e+02
3610	1.115938e+02
3611	1.111751e+02
3612	1.106731e+02
3613	1.100714e+02
3614	1.093102e+02
3615	1.084405e+02
3616	1.076277e+02
3617	1.068598e+02
3618	1.059064e+02
3619	1.049594e+02
3620	1.040992e+02
3621	1.034360e+02
3622	1.029304e+02
3623	1.025695e+02
3624	1.024349e+02
3625	1.023554e+02
3626	1.024159e+02
3627	1.025847e+02
3628	1.028380e+02
3629	1.033198e+02
3630	1.037301e+02
3631	1.042958e+02
3632	1.049393e+02
3633	1.055957e+02
3634	1.063290e+02
3635	1.070794e+02
3636	1.077940e+02
3637	1.085487e+02
3638	1.092810e+02
3639	1.099342e+02
3640	1.104590e+02
3641	1.110991e+02
3642	1.117233e+02
3643	1.123019e+02
3644	1.127695e+02
3645	1.130311e+02
3646	1.132309e+02
3647	1.133502e+02
3648	1.134335e+02
3649	1.135200e+02
3650	1.135016e+02
3651	1.133758e+02
3652	1.130273e+02
3653	1.125635e+02
3654	1.119924e+02
3655	1.114132e+02
3656	1.106670e+02
3657	1.099200e+02
3658	1.091004e+02
3659	1.082765e+02
3660	1.073614e+02
3661	1.064481e+02
3662	1.054855e+02
3663	1.046031e+02
3664	1.038661e+02
3665	1.031902e+02
3666	1.026565e+02
3667	1.023288e+02
3668	1.020671e+02
3669	1.019164e+02
3670	1.018128e+02
3671	1.018303e+02
3672	1.021442e+02
3673	1.026023e+02
3674	1.031357e+02
3675	1.036951e+02
3676	1.043735e+02
3677	1.050896e+02
3678	1.058429e+02
3679	1.065675e+02
3680	1.072012e+02
3681	1.077973e+02
3682	1.083697e+02
3683	1.089774e+02
3684	1.094838e+02
3685	1.100243e+02
3686	1.104995e+02
3687	1.109222e+02
3688	1.113498e+02
3689	1.116259e+02
3690	1.118449e+02
3691	1.119237e+02
3692	1.118753e+02
3693	1.115753e+02
3694	1.112288e+02
3695	1.108066e+02
3696	1.102736e+02
3697	1.097454e+02
3698	1.091259e+02
3699	1.084870e+02
3700	1.077999e+02
3701	1.071124e+02
3702	1.064435e+02
3703	1.057719e+02
3704	1.052700e+02
3705	1.048692e+02
3706	1.045718e+02
3707	1.044305e+02
3708	1.043238e+02
3709	1.042648e+02
3710	1.043367e+02
3711	1.045216e+02
3712	1.048580e+02
3713	1.052280e+02
3714	1.056902e+02
3715	1.061731e+02
3716	1.067665e+02
3717	1.073499e+02
3718	1.078802e+02
3719	1.084313e+02
3720	1.090176e+02
3721	1.096242e+02
3722	1.101475e+02
3723	1.106239e+02
3724	1.109060e+02
3725	1.111744e+02
3726	1.115775e+02
3727	1.119621e+02
3728	1.123118e+02
3729	1.126297e+02
3730	1.129535e+02
3731	1.132795e+02
3732	1.135340e+02
3733	1.137058e+02
3734	1.138146e+02
3735	1.136371e+02
3736	1.133862e+02
3737	1.130316e+02
3738	1.124658e+02
3739	1.118336e+02
3740	1.110870e+02
3741	1.104705e+02
3742	1.097626e+02
3743	1.089906e+02
3744	1.081675e+02
3745	1.072301e+02
3746	1.063169e+02
3747	1.054262e+02
3748	1.046105e+02
3749	1.037796e+02
3750	1.029463e+02
3751	1.021587e+02
3752	1.014749e+02
3753	1.008895e+02
3754	1.004058e+02
3755	9.999943e+01
3756	9.977098e+01
3757	9.962203e+01
3758	9.963445e+01
3759	9.978804e+01
3760	1.000297e+02
3761	1.003361e+02
3762	1.007324e+02
3763	1.012341e+02
3764	1.018032e+02
3765	1.024742e+02
3766	1.032298e+02
3767	1.041460e+02
3768	1.052185e+02
3769	1.064199e+02
3770	1.075944e+02
3771	1.087350e+02
3772	1.098252e+02
3773	1.109031e+02
3774	1.119828e+02
3775	1.130860e+02
3776	1.140920e+02
3777	1.150575e+02
3778	1.159897e+02
3779	1.167951e+02
3780	1.175593e+02
3781	1.182890e+02
3782	1.188639e+02
3783	1.193107e+02
3784	1.194826e+02
3785	1.195048e+02
3786	1.193651e+02
3787	1.191469e+02
3788	1.188528e+02
3789	1.184213e+02
3790	1.178330e+02
3791	1.170989e+02
3792	1.162113e+02
3793	1.152798e+02
3794	1.142818e+02
3795	1.132241e+02
3796	1.121398e+02
3797	1.111615e+02
3798	1.101141e+02
3799	1.091154e+02
3800	1.081635e+02
3801	1.073031e+02
3802	1.064429e+02
3803	1.056031e+02
3804	1.048498e+02
3805	1.043476e+02
3806	1.039307e+02
3807	1.035645e+02
3808	1.033019e+02
3809	1.031587e+02
3810	1.031671e+02
3811	1.032623e+02
3812	1.034684e+02
3813	1.037902e+02
3814	1.041637e+02
3815	1.046739e+02
3816	1.053044e+02
3817	1.060257e+02
3818	1.067358e+02
3819	1.075222e+02
3820	1.084060e+02
3821	1.093431e+02
3822	1.102930e+02
3823	1.112377e+02
3824	1.122163e+02
3825	1.131075e+02
3826	1.140327e+02
3827	1.148110e+02
3828	1.154353e+02
3829	1.159139e+02
3830	1.162937e+02
3831	1.165887e+02
3832	1.167243e+02
3833	1.166940e+02
3834	1.166077e+02
3835	1.164281e+02
3836	1.162011e+02
3837	1.159295e+02
3838	1.154507e+02
3839	1.149400e+02
3840	1.144215e+02
3841	1.137849e+02
3842	1.130805e+02
3843	1.123770e+02
3844	1.115353e+02
3845	1.107286e+02
3846	1.099782e+02
3847	1.091995e+02
3848	1.085116e+02
3849	1.076849e+02
3850	1.068217e+02
3851	1.060162e+02
3852	1.052560e+02
3853	1.046588e+02
3854	1.041099e+02
3855	1.036654e+02
3856	1.033639e+02
3857	1.032765e+02
3858	1.033424e+02
3859	1.034455e+02
3860	1.037103e+02
3861	1.041200e+02
3862	1.045390e+02
3863	1.050560e+02
3864	1.055002e+02
3865	1.060770e+02
3866	1.066769e+02
3867	1.073353e+02
3868	1.080723e+02
3869	1.087137e+02
3870	1.092373e+02
3871	1.098429e+02
3872	1.104637e+02
3873	1.110316e+02
3874	1.114039e+02
3875	1.117838e+02
3876	1.121619e+02
3877	1.126708e+02
3878	1.131584e+02
3879	1.136119e+02
3880	1.139577e+02
3881	1.143093e+02
3882	1.146351e+02
3883	1.149286e+02
3884	1.151136e+02
3885	1.152428e+02
3886	1.152628e+02
3887	1.152263e+02
3888	1.151126e+02
3889	1.149306e+02
3890	1.146818e+02
3891	1.142750e+02
3892	1.138254e+02
3893	1.133251e+02
3894	1.128381e+02
3895	1.122218e+02
3896	1.116746e+02
3897	1.109928e+02
3898	1.101812e+02
3899	1.094215e+02
3900	1.086345e+02
3901	1.078207e+02
3902	1.068971e+02
3903	1.060296e+02
3904	1.052136e+02
3905	1.044867e+02
3906	1.038399e+02
3907	1.033148e+02
3908	1.027791e+02
3909	1.023042e+02
3910	1.018854e+02
3911	1.014906e+02
3912	1.011295e+02
3913	1.008870e+02
3914	1.007774e+02
3915	1.006995e+02
3916	1.006340e+02
3917	1.006569e+02
3918	1.008201e+02
3919	1.010628e+02
3920	1.013647e+02
3921	1.016946e+02
3922	1.021880e+02
3923	1.027870e+02
3924	1.034743e+02
3925	1.042959e+02
3926	1.052340e+02
3927	1.062449e+02
3928	1.073828e+02
3929	1.086567e+02
3930	1.099074e+02
3931	1.110636e+02
3932	1.121571e+02
3933	1.132034e+02
3934	1.139744e+02
3935	1.147780e+02
3936	1.153922e+02
3937	1.158935e+02
3938	1.162551e+02
3939	1.164853e+02
3940	1.166242e+02
3941	1.166619e+02
3942	1.166758e+02
3943	1.164743e+02
3944	1.163513e+02
3945	1.161401e+02
3946	1.158088e+02
3947	1.153346e+02
3948	1.147205e+02
3949	1.141112e+02
3950	1.134011e+02
3951	1.126576e+02
3952	1.119429e+02
3953	1.111416e+02
3954	1.104264e+02
3955	1.097261e+02
3956	1.089035e+02
3957	1.079681e+02
3958	1.071077e+02
3959	1.061778e+02
3960	1.053158e+02
3961	1.045078e+02
3962	1.037304e+02
3963	1.030922e+02
3964	1.026575e+02
3965	1.023809e+02
3966	1.021132e+02
3967	1.019925e+02
3968	1.019954e+02
3969	1.022829e+02
3970	1.027118e+02
3971	1.031948e+02
3972	1.038975e+02
3973	1.048227e+02
3974	1.058542e+02
3975	1.068614e+02
3976	1.078726e+02
3977	1.087656e+02
3978	1.096937e+02
3979	1.105622e+02
3980	1.112850e+02
3981	1.119266e+02
3982	1.124996e+02
3983	1.129136e+02
3984	1.133290e+02
3985	1.138488e+02
3986	1.142622e+02
3987	1.145556e+02
3988	1.148795e+02
3989	1.151018e+02
3990	1.152695e+02
3991	1.153923e+02
3992	1.152786e+02
3993	1.150646e+02
3994	1.147417e+02
3995	1.142962e+02
3996	1.138019e+02
3997	1.132926e+02
3998	1.127931e+02
3999	1.122109e+02
4000	1.115927e+02
4001	1.108972e+02
4002	1.100837e+02
4003	1.094103e+02
4004	1.087784e+02
4005	1.081374e+02
4006	1.074830e+02
4007	1.067422e+02
4008	1.060438e+02
4009	1.054228e+02
4010	1.048999e+02
4011	1.044263e+02
4012	1.040821e+02
4013	1.038047e+02
4014	1.036444e+02
4015	1.035509e+02
4016	1.035546e+02
4017	1.035357e+02
4018	1.035570e+02
4019	1.035330e+02
4020	1.036904e+02
4021	1.038434e+02
4022	1.040188e+02
4023	1.042511e+02
4024	1.045708e+02
4025	1.048774e+02
4026	1.051403e+02
4027	1.054570e+02
4028	1.058106e+02
4029	1.062037e+02
4030	1.065081e+02
4031	1.068005e+02
4032	1.070834e+02
4033	1.072734e+02
4034	1.073624e+02
4035	1.074156e+02
4036	1.074189e+02
4037	1.075141e+02
4038	1.075362e+02
4039	1.075789e+02
4040	1.076361e+02
4041	1.077411e+02
4042	1.078246e+02
4043	1.078991e+02
4044	1.080079e+02
4045	1.081808e+02
4046	1.084464e+02
4047	1.087541e+02
4048	1.089871e+02
4049	1.092573e+02
4050	1.095917e+02
4051	1.098782e+02
4052	1.100504e+02
4053	1.100948e+02
4054	1.100078e+02
4055	1.098540e+02
4056	1.096620e+02
4057	1.094437e+02
4058	1.091033e+02
4059	1.087975e+02
4060	1.084116e+02
4061	1.080501e+02
4062	1.076962e+02
4063	1.072538e+02
4064	1.068042e+02
4065	1.061795e+02
4066	1.054819e+02
4067	1.047922e+02
4068	1.041215e+02
4069	1.034809e+02
4070	1.028217e+02
4071	1.021900e+02
4072	1.016406e+02
4073	1.012432e+02
4074	1.009663e+02
4075	1.007777e+02
4076	1.006874e+02
4077	1.006843e+02
4078	1.006905e+02
4079	1.007989e+02
4080	1.009610e+02
4081	1.012122e+02
4082	1.014866e+02
4083	1.018129e+02
4084	1.022107e+02
4085	1.027020e+02
4086	1.032431e+02
4087	1.037076e+02
4088	1.042794e+02
4089	1.049398e+02
4090	1.056839e+02
4091	1.064354e+02
4092	1.071734e+02
4093	1.079353e+02
4094	1.086626e+02
4095	1.092642e+02
4096	1.099338e+02
4097	1.105767e+02
4098	1.111257e+02
4099	1.115477e+02
4100	1.118599e+02
4101	1.120204e+02
4102	1.121455e+02
4103	1.122149e+02
4104	1.122741e+02
4105	1.122565e+02
4106	1.122189e+02
4107	1.119844e+02
4108	1.116330e+02
4109	1.112551e+02
4110	1.107941e+02
4111	1.102584e+02
4112	1.096116e+02
4113	1.090254e+02
4114	1.084269e+02
4115	1.078001e+02
4116	1.071349e+02
4117	1.064664e+02
4118	1.057139e+02
4119	1.050119e+02
4120	1.043562e+02
4121	1.037216e+02
4122	1.030485e+02
4123	1.023815e+02
4124	1.018135e+02
4125	1.012729e+02
4126	1.008717e+02
4127	1.005901e+02
4128	1.003997e+02
4129	1.003470e+02
4130	1.004152e+02
4131	1.005725e+02
4132	1.008852e+02
4133	1.011945e+02
4134	1.016643e+02
4135	1.022576e+02
4136	1.030137e+02
4137	1.038375e+02
4138	1.046963e+02
4139	1.055898e+02
4140	1.063600e+02
4141	1.072565e+02
4142	1.081164e+02
4143	1.089300e+02
4144	1.096593e+02
4145	1.105065e+02
4146	1.113749e+02
4147	1.122053e+02
4148	1.128666e+02
4149	1.133324e+02
4150	1.136566e+02
4151	1.138898e+02
4152	1.140526e+02
4153	1.140574e+02
4154	1.140199e+02
4155	1.138529e+02
4156	1.135970e+02
4157	1.132316e+02
4158	1.126738e+02
4159	1.120317e+02
4160	1.113795e+02
4161	1.106978e+02
4162	1.100175e+02
4163	1.093214e+02
4164	1.086770e+02
4165	1.079849e+02
4166	1.072845e+02
4167	1.065721e+02
4168	1.058719e+02
4169	1.051517e+02
4170	1.044747e+02
4171	1.038124e+02
4172	1.032120e+02
4173	1.028338e+02
4174	1.024426e+02
4175	1.022145e+02
4176	1.020649e+02
4177	1.020089e+02
4178	1.020627e+02
4179	1.022568e+02
4180	1.025347e+02
4181	1.030104e+02
4182	1.035505e+02
4183	1.040989e+02
4184	1.045973e+02
4185	1.050828e+02
4186	1.055295e+02
4187	1.059449e+02
4188	1.063550e+02
4189	1.068002e+02
4190	1.071972e+02
4191	1.075749e+02
4192	1.079200e+02
4193	1.081083e+02
4194	1.080934e+02
4195	1.080346e+02
4196	1.079056e+02
4197	1.077798e+02
4198	1.075641e+02
4199	1.072536e+02
4200	1.070092e+02
4201	1.066853e+02
4202	1.063186e+02
4203	1.059381e+02
4204	1.055518e+02
4205	1.051461e+02
4206	1.046794e+02
4207	1.043776e+02
4208	1.040629e+02
4209	1.039054e+02
4210	1.037480e+02
4211	1.035250e+02
4212	1.033463e+02
4213	1.032985e+02
4214	1.033545e+02
4215	1.035577e+02
4216	1.037736e+02
4217	1.041384e+02
4218	1.045552e+02
4219	1.050130e+02
4220	1.055065e+02
4221	1.060904e+02
4222	1.067980e+02
4223	1.075993e+02
4224	1.083052e+02
4225	1.090141e+02
4226	1.096132e+02
4227	1.101416e+02
4228	1.106808e+02
4229	1.110564e+02
4230	1.114795e+02
4231	1.118778e+02
4232	1.123094e+02
4233	1.126051e+02
4234	1.128819e+02
4235	1.131117e+02
4236	1.132796e+02
4237	1.133914e+02
4238	1.134758e+02
4239	1.135534e+02
4240	1.136025e+02
4241	1.136435e+02
4242	1.135822e+02
4243	1.134695e+02
4244	1.132665e+02
4245	1.130745e+02
4246	1.129753e+02
4247	1.127624e+02
4248	1.124911e+02
4249	1.121331e+02
4250	1.116493e+02
4251	1.111874e+02
4252	1.105725e+02
4253	1.098901e+02
4254	1.090967e+02
4255	1.081956e+02
4256	1.073210e+02
4257	1.064368e+02
4258	1.054423e+02
4259	1.045415e+02
4260	1.037181e+02
4261	1.031021e+02
4262	1.026126e+02
4263	1.022046e+02
4264	1.019778e+02
4265	1.018776e+02
4266	1.018387e+02
4267	1.018928e+02
4268	1.020420e+02
4269	1.023364e+02
4270	1.027393e+02
4271	1.033630e+02
4272	1.039980e+02
4273	1.047838e+02
4274	1.056233e+02
4275	1.065083e+02
4276	1.073296e+02
4277	1.081641e+02
4278	1.088580e+02
4279	1.094397e+02
4280	1.099318e+02
4281	1.103627e+02
4282	1.107007e+02
4283	1.108009e+02
4284	1.107555e+02
4285	1.105100e+02
4286	1.101474e+02
4287	1.095892e+02
4288	1.090220e+02
4289	1.083996e+02
4290	1.077202e+02
4291	1.068827e+02
4292	1.060384e+02
4293	1.051935e+02
4294	1.045078e+02
4295	1.037786e+02
4296	1.029891e+02
4297	1.021626e+02
4298	1.013462e+02
4299	1.006846e+02
4300	9.992714e+01
4301	9.938090e+01
4302	9.887790e+01
4303	9.848175e+01
4304	9.830223e+01
4305	9.817138e+01
4306	9.815085e+01
4307	9.842645e+01
4308	9.882192e+01
4309	9.931278e+01
4310	1.000369e+02
4311	1.008550e+02
4312	1.017355e+02
4313	1.028093e+02
4314	1.039115e+02
4315	1.050116e+02
4316	1.060566e+02
4317	1.070260e+02
4318	1.080507e+02
4319	1.090526e+02
4320	1.101033e+02
4321	1.111046e+02
4322	1.119411e+02
4323	1.126484e+02
4324	1.131809e+02
4325	1.135012e+02
4326	1.136866e+02
4327	1.137631e+02
4328	1.137114e+02
4329	1.135929e+02
4330	1.133989e+02
4331	1.129922e+02
4332	1.124782e+02
4333	1.119887e+02
4334	1.115560e+02
4335	1.110704e+02
4336	1.105682e+02
4337	1.100570e+02
4338	1.095792e+02
4339	1.090222e+02
4340	1.083574e+02
4341	1.077727e+02
4342	1.071410e+02
4343	1.065318e+02
4344	1.058843e+02
4345	1.053247e+02
4346	1.047734e+02
4347	1.042047e+02
4348	1.037660e+02
4349	1.034423e+02
4350	1.031965e+02
4351	1.029939e+02
4352	1.029742e+02
4353	1.030644e+02
4354	1.032470e+02
4355	1.035061e+02
4356	1.039614e+02
4357	1.045380e+02
4358	1.051613e+02
4359	1.058787e+02
4360	1.065977e+02
4361	1.074454e+02
4362	1.085079e+02
4363	1.095853e+02
4364	1.106901e+02
4365	1.118920e+02
4366	1.131906e+02
4367	1.144249e+02
4368	1.156701e+02
4369	1.167716e+02
4370	1.177640e+02
4371	1.187324e+02
4372	1.196704e+02
4373	1.204247e+02
4374	1.211443e+02
4375	1.215873e+02
4376	1.218618e+02
4377	1.219285e+02
4378	1.218131e+02
4379	1.216438e+02
4380	1.212279e+02
4381	1.206350e+02
4382	1.198420e+02
4383	1.188346e+02
4384	1.176863e+02
4385	1.164496e+02
4386	1.150249e+02
4387	1.133837e+02
4388	1.116912e+02
4389	1.098533e+02
4390	1.079457e+02
4391	1.060571e+02
4392	1.040457e+02
4393	1.020124e+02
4394	1.000626e+02
4395	9.814016e+01
4396	9.631963e+01
4397	9.483318e+01
4398	9.354607e+01
4399	9.241056e+01
4400	9.151088e+01
4401	9.085927e+01
4402	9.048356e+01
4403	9.039228e+01
4404	9.055515e+01
4405	9.093034e+01
4406	9.144002e+01
4407	9.218611e+01
4408	9.312028e+01
4409	9.418998e+01
4410	9.539649e+01
4411	9.674904e+01
4412	9.834590e+01
4413	1.000709e+02
4414	1.018597e+02
4415	1.037038e+02
4416	1.056366e+02
4417	1.076431e+02
4418	1.095199e+02
4419	1.114122e+02
4420	1.132326e+02
4421	1.148716e+02
4422	1.164162e+02
4423	1.178249e+02
4424	1.190981e+02
4425	1.203285e+02
4426	1.213486e+02
4427	1.222075e+02
4428	1.228526e+02
4429	1.232381e+02
4430	1.232637e+02
4431	1.230587e+02
4432	1.226358e+02
4433	1.218963e+02
4434	1.210185e+02
4435	1.198999e+02
4436	1.186596e+02
4437	1.171927e+02
4438	1.156560e+02
4439	1.140211e+02
4440	1.123254e+02
4441	1.105338e+02
4442	1.087791e+02
4443	1.070193e+02
4444	1.054135e+02
4445	1.039011e+02
4446	1.025256e+02
4447	1.012459e+02
4448	1.000457e+02
4449	9.901427e+01
4450	9.808078e+01
4451	9.742634e+01
4452	9.690041e+01
4453	9.652948e+01
4454	9.641416e+01
4455	9.656533e+01
4456	9.691876e+01
4457	9.730284e+01
4458	9.776163e+01
4459	9.833526e+01
4460	9.912032e+01
4461	1.000231e+02
4462	1.010211e+02
4463	1.020408e+02
4464	1.031737e+02
4465	1.042378e+02
4466	1.053463e+02
4467	1.065032e+02
4468	1.077247e+02
4469	1.089283e+02
4470	1.100676e+02
4471	1.111181e+02
4472	1.119704e+02
4473	1.126898e+02
4474	1.132827e+02
4475	1.137859e+02
4476	1.141531e+02
4477	1.144016e+02
4478	1.145284e+02
4479	1.145474e+02
4480	1.143194e+02
4481	1.139418e+02
4482	1.133683e+02
4483	1.126360e+02
4484	1.117524e+02
4485	1.107838e+02
4486	1.098645e+02
4487	1.088930e+02
4488	1.078190e+02
4489	1.066985e+02
4490	1.055564e+02
4491	1.043988e+02
4492	1.032117e+02
4493	1.019450e+02
4494	1.007633e+02
4495	9.960200e+01
4496	9.838525e+01
4497	9.739314e+01
4498	9.665368e+01
4499	9.614038e+01
4500	9.577514e+01
4501	9.547020e+01
4502	9.530363e+01
4503	9.540257e+01
4504	9.570478e+01
4505	9.611169e+01
4506	9.657152e+01
4507	9.715964e+01
4508	9.780296e+01
4509	9.847109e+01
4510	9.927233e+01
4511	1.001687e+02
4512	1.011401e+02
4513	1.021806e+02
4514	1.033430e+02
4515	1.046166e+02
4516	1.059714e+02
4517	1.073742e+02
4518	1.087736e+02
4519	1.100074e+02
4520	1.111110e+02
4521	1.122051e+02
4522	1.131821e+02
4523	1.140865e+02
4524	1.148639e+02
4525	1.155229e+02
4526	1.161014e+02
4527	1.164445e+02
4528	1.166798e+02
4529	1.167896e+02
4530	1.167354e+02
4531	1.165705e+02
4532	1.161815e+02
4533	1.156664e+02
4534	1.150891e+02
4535	1.144645e+02
4536	1.137017e+02
4537	1.128796e+02
4538	1.119079e+02
4539	1.108736e+02
4540	1.097843e+02
4541	1.086698e+02
4542	1.077099e+02
4543	1.068035e+02
4544	1.059619e+02
4545	1.052963e+02
4546	1.046860e+02
4547	1.042650e+02
4548	1.038844e+02
4549	1.035650e+02
4550	1.033907e+02
4551	1.032957e+02
4552	1.032430e+02
4553	1.032941e+02
4554	1.033558e+02
4555	1.035180e+02
4556	1.038426e+02
4557	1.041984e+02
4558	1.045721e+02
4559	1.049119e+02
4560	1.054002e+02
4561	1.058230e+02
4562	1.063008e+02
4563	1.067475e+02
4564	1.072193e+02
4565	1.077299e+02
4566	1.082342e+02
4567	1.087830e+02
4568	1.094438e+02
4569	1.100852e+02
4570	1.107179e+02
4571	1.112897e+02
4572	1.118640e+02
4573	1.123339e+02
4574	1.126092e+02
4575	1.127492e+02
4576	1.127666e+02
4577	1.126744e+02
4578	1.124606e+02
4579	1.121726e+02
4580	1.118543e+02
4581	1.114636e+02
4582	1.110121e+02
4583	1.104797e+02
4584	1.099572e+02
4585	1.094866e+02
4586	1.090037e+02
4587	1.086678e+02
4588	1.083385e+02
4589	1.080673e+02
4590	1.078192e+02
4591	1.076085e+02
4592	1.074033e+02
4593	1.071999e+02
4594	1.070552e+02
4595	1.070893e+02
4596	1.071142e+02
4597	1.072257e+02
4598	1.074325e+02
4599	1.075569e+02
4600	1.076767e+02
4601	1.077985e+02
4602	1.078924e+02
4603	1.078861e+02
4604	1.078547e+02
4605	1.079528e+02
4606	1.079804e+02
4607	1.080744e+02
4608	1.082424e+02
4609	1.083272e+02
4610	1.085170e+02
4611	1.087244e+02
4612	1.088916e+02
4613	1.091101e+02
4614	1.093070e+02
4615	1.093787e+02
4616	1.094643e+02
4617	1.094902e+02
4618	1.095493e+02
4619	1.095924e+02
4620	1.096525e+02
4621	1.098126e+02
4622	1.100055e+02
4623	1.101660e+02
4624	1.103510e+02
4625	1.105232e+02
4626	1.107474e+02
4627	1.109352e+02
4628	1.111972e+02
4629	1.113441e+02
4630	1.114889e+02
4631	1.117252e+02
4632	1.119546e+02
4633	1.120883e+02
4634	1.123368e+02
4635	1.124594e+02
4636	1.126910e+02
4637	1.128442e+02
4638	1.129055e+02
4639	1.128883e+02
4640	1.128637e+02
4641	1.128326e+02
4642	1.127766e+02
4643	1.125482e+02
4644	1.123019e+02
4645	1.120399e+02
4646	1.117992e+02
4647	1.115708e+02
4648	1.113627e+02
4649	1.111052e+02
4650	1.109042e+02
4651	1.107649e+02
4652	1.106839e+02
4653	1.106799e+02
4654	1.106686e+02
4655	1.106426e+02
4656	1.105639e+02
4657	1.104631e+02
4658	1.103734e+02
4659	1.103069e+02
4660	1.103015e+02
4661	1.103064e+02
4662	1.102298e+02
4663	1.100833e+02
4664	1.098916e+02
4665	1.095346e+02
4666	1.090966e+02
4667	1.087705e+02
4668	1.084434e+02
4669	1.080845e+02
4670	1.076745e+02
4671	1.072169e+02
4672	1.067723e+02
4673	1.063839e+02
4674	1.059553e+02
4675	1.055132e+02
4676	1.051930e+02
4677	1.049228e+02
4678	1.046016e+02
4679	1.042983e+02
4680	1.038686e+02
4681	1.034018e+02
4682	1.031122e+02
4683	1.029280e+02
4684	1.027663e+02
4685	1.026320e+02
4686	1.024245e+02
4687	1.023083e+02
4688	1.022716e+02
4689	1.023189e+02
4690	1.024694e+02
4691	1.027578e+02
4692	1.031261e+02
4693	1.034707e+02
4694	1.038355e+02
4695	1.043857e+02
4696	1.049658e+02
4697	1.055736e+02
4698	1.062600e+02
4699	1.069730e+02
4700	1.076527e+02
4701	1.083315e+02
4702	1.089935e+02
4703	1.096460e+02
4704	1.102668e+02
4705	1.107800e+02
4706	1.113754e+02
4707	1.118622e+02
4708	1.123372e+02
4709	1.127460e+02
4710	1.131063e+02
4711	1.133794e+02
4712	1.136477e+02
4713	1.138632e+02
4714	1.140168e+02
4715	1.141043e+02
4716	1.141516e+02
4717	1.139696e+02
4718	1.135741e+02
4719	1.130107e+02
4720	1.123668e+02
4721	1.116329e+02
4722	1.108795e+02
4723	1.099604e+02
4724	1.089548e+02
4725	1.080205e+02
4726	1.071111e+02
4727	1.063416e+02
4728	1.054834e+02
4729	1.046077e+02
4730	1.037177e+02
4731	1.027840e+02
4732	1.019273e+02
4733	1.012784e+02
4734	1.007672e+02
4735	1.004022e+02
4736	1.003145e+02
4737	1.005223e+02
4738	1.008410e+02
4739	1.013813e+02
4740	1.020888e+02
4741	1.029319e+02
4742	1.038827e+02
4743	1.050237e+02
4744	1.062014e+02
4745	1.074623e+02
4746	1.088307e+02
4747	1.101297e+02
4748	1.113911e+02
4749	1.126273e+02
4750	1.138082e+02
4751	1.147955e+02
4752	1.157065e+02
4753	1.164433e+02
4754	1.170313e+02
4755	1.174721e+02
4756	1.177601e+02
4757	1.178829e+02
4758	1.178655e+02
4759	1.177841e+02
4760	1.175071e+02
4761	1.171221e+02
4762	1.166485e+02
4763	1.159614e+02
4764	1.150884e+02
4765	1.141557e+02
4766	1.132548e+02
4767	1.121796e+02
4768	1.110453e+02
4769	1.099660e+02
4770	1.089184e+02
4771	1.078382e+02
4772	1.067184e+02
4773	1.056111e+02
4774	1.045907e+02
4775	1.036884e+02
4776	1.028557e+02
4777	1.021540e+02
4778	1.016102e+02
4779	1.012072e+02
4780	1.010126e+02
4781	1.009039e+02
4782	1.009385e+02
4783	1.009895e+02
4784	1.011666e+02
4785	1.014609e+02
4786	1.018567e+02
4787	1.021840e+02
4788	1.026712e+02
4789	1.033064e+02
4790	1.041246e+02
4791	1.049933e+02
4792	1.059670e+02
4793	1.069819e+02
4794	1.080111e+02
4795	1.090305e+02
4796	1.101450e+02
4797	1.111906e+02
4798	1.121694e+02
4799	1.130850e+02
4800	1.139489e+02
4801	1.147445e+02
4802	1.153932e+02
4803	1.158343e+02
4804	1.160995e+02
4805	1.162683e+02
4806	1.162464e+02
4807	1.159900e+02
4808	1.155102e+02
4809	1.150032e+02
4810	1.144109e+02
4811	1.136711e+02
4812	1.129218e+02
4813	1.121061e+02
4814	1.112425e+02
4815	1.103675e+02
4816	1.094526e+02
4817	1.084736e+02
4818	1.075905e+02
4819	1.066767e+02
4820	1.058418e+02
4821	1.050634e+02
4822	1.044825e+02
4823	1.039926e+02
4824	1.035647e+02
4825	1.033658e+02
4826	1.032529e+02
4827	1.033175e+02
4828	1.035001e+02
4829	1.038240e+02
4830	1.043896e+02
4831	1.049729e+02
4832	1.055839e+02
4833	1.062739e+02
4834	1.069583e+02
4835	1.076328e+02
4836	1.082373e+02
4837	1.088562e+02
4838	1.095292e+02
4839	1.101301e+02
4840	1.107535e+02
4841	1.114020e+02
4842	1.120567e+02
4843	1.125704e+02
4844	1.129956e+02
4845	1.133399e+02
4846	1.137295e+02
4847	1.139503e+02
4848	1.141258e+02
4849	1.141240e+02
4850	1.139732e+02
4851	1.137697e+02
4852	1.134847e+02
4853	1.130931e+02
4854	1.126239e+02
4855	1.120053e+02
4856	1.112019e+02
4857	1.103843e+02
4858	1.094567e+02
4859	1.085055e+02
4860	1.075278e+02
4861	1.065583e+02
4862	1.055698e+02
4863	1.045533e+02
4864	1.037305e+02
4865	1.029282e+02
4866	1.022051e+02
4867	1.015615e+02
4868	1.010850e+02
4869	1.007064e+02
4870	1.003072e+02
4871	9.999692e+01
4872	9.979616e+01
4873	9.989002e+01
4874	1.000986e+02
4875	1.004391e+02
4876	1.008793e+02
4877	1.014433e+02
4878	1.021158e+02
4879	1.030374e+02
4880	1.040700e+02
4881	1.052216e+02
4882	1.064737e+02
4883	1.076898e+02
4884	1.089538e+02
4885	1.102884e+02
4886	1.115424e+02
4887	1.128307e+02
4888	1.139926e+02
4889	1.150413e+02
4890	1.160922e+02
4891	1.170335e+02
4892	1.178672e+02
4893	1.186146e+02
4894	1.191701e+02
4895	1.195787e+02
4896	1.197625e+02
4897	1.196403e+02
4898	1.193364e+02
4899	1.187961e+02
4900	1.181568e+02
4901	1.173635e+02
4902	1.164538e+02
4903	1.154029e+02
4904	1.143204e+02
4905	1.131771e+02
4906	1.120060e+02
4907	1.108055e+02
4908	1.096356e+02
4909	1.084092e+02
4910	1.071132e+02
4911	1.057651e+02
4912	1.044715e+02
4913	1.032529e+02
4914	1.021453e+02
4915	1.011580e+02
4916	1.002527e+02
4917	9.960830e+01
4918	9.917615e+01
4919	9.888506e+01
4920	9.877932e+01
4921	9.882539e+01
4922	9.897653e+01
4923	9.936861e+01
4924	1.000335e+02
4925	1.007852e+02
4926	1.018157e+02
4927	1.029208e+02
4928	1.041173e+02
4929	1.054304e+02
4930	1.068043e+02
4931	1.081753e+02
4932	1.094593e+02
4933	1.107225e+02
4934	1.119689e+02
4935	1.132490e+02
4936	1.144965e+02
4937	1.155577e+02
4938	1.163828e+02
4939	1.169689e+02
4940	1.174520e+02
4941	1.176612e+02
4942	1.176790e+02
4943	1.175008e+02
4944	1.172977e+02
4945	1.168639e+02
4946	1.163816e+02
4947	1.156869e+02
4948	1.149590e+02
4949	1.140482e+02
4950	1.129121e+02
4951	1.117617e+02
4952	1.105190e+02
4953	1.091700e+02
4954	1.078320e+02
4955	1.064705e+02
4956	1.051052e+02
4957	1.038080e+02
4958	1.026232e+02
4959	1.015741e+02
4960	1.006036e+02
4961	9.980844e+01
4962	9.910274e+01
4963	9.855472e+01
4964	9.825198e+01
4965	9.823425e+01
4966	9.843143e+01
4967	9.878008e+01
4968	9.933723e+01
4969	9.995400e+01
4970	1.007681e+02
4971	1.016902e+02
4972	1.026437e+02
4973	1.037294e+02
4974	1.048262e+02
4975	1.059680e+02
4976	1.070769e+02
4977	1.082268e+02
4978	1.093754e+02
4979	1.104179e+02
4980	1.113454e+02
4981	1.121945e+02
4982	1.129316e+02
4983	1.135900e+02
4984	1.141859e+02
4985	1.147563e+02
4986	1.152529e+02
4987	1.156919e+02
4988	1.159014e+02
4989	1.159192e+02
4990	1.157339e+02
4991	1.153986e+02
4992	1.149272e+02
4993	1.144061e+02
4994	1.137864e+02
4995	1.131782e+02
4996	1.126645e+02
4997	1.121115e+02
4998	1.115555e+02
4999	1.109405e+02
