# Step	Measurement
1	1.631932e+00
2	1.631921e+00
3	1.632257e+00
4	1.632532e+00
5	1.632943e+00
6	1.633290e+00
7	1.633426e+00
8	1.633762e+00
9	1.634021e+00
10	1.634529e+00
11	1.635149e+00
12	1.636113e+00
13	1.637019e+00
14	1.637789e+00
15	1.638587e+00
16	1.639207e+00
17	1.639967e+00
18	1.640945e+00
19	1.641957e+00
20	1.642700e+00
21	1.643411e+00
22	1.643847e+00
23	1.643982e+00
24	1.643997e+00
25	1.643749e+00
26	1.643824e+00
27	1.643693e+00
28	1.643596e+00
29	1.643482e+00
30	1.643217e+00
31	1.642888e+00
32	1.642488e+00
33	1.641862e+00
34	1.640922e+00
35	1.639895e+00
36	1.638745e+00
37	1.637220e+00
38	1.635378e+00
39	1.633264e+00
40	1.630942e+00
41	1.628836e+00
42	1.626816e+00
43	1.624588e+00
44	1.622514e+00
45	1.620586e+00
46	1.618626e+00
47	1.617239e+00
48	1.615950e+00
49	1.614951e+00
50	1.614170e+00
51	1.613599e+00
52	1.613405e+00
53	1.613767e+00
54	1.614379e+00
55	1.615048e+00
56	1.615856e+00
57	1.616684e+00
58	1.617576e+00
59	1.618337e+00
60	1.619209e+00
61	1.620253e+00
62	1.621318e+00
63	1.622592e+00
64	1.623986e+00
65	1.625434e+00
66	1.627208e+00
67	1.629173e+00
68	1.631545e+00
69	1.633846e+00
70	1.636305e+00
71	1.638583e+00
72	1.640830e+00
73	1.643170e+00
74	1.645177e+00
75	1.647207e+00
76	1.649126e+00
77	1.651126e+00
78	1.653009e+00
79	1.654796e+00
80	1.656070e+00
81	1.657323e+00
82	1.658742e+00
83	1.659972e+00
84	1.660934e+00
85	1.661892e+00
86	1.663019e+00
87	1.664042e+00
88	1.664882e+00
89	1.665645e+00
90	1.666411e+00
91	1.666528e+00
92	1.666446e+00
93	1.665904e+00
94	1.664940e+00
95	1.663791e+00
96	1.662471e+00
97	1.660853e+00
98	1.659131e+00
99	1.657166e+00
100	1.655369e+00
101	1.653685e+00
102	1.652261e+00
103	1.650786e+00
104	1.649469e+00
105	1.648229e+00
106	1.646903e+00
107	1.645293e+00
108	1.643602e+00
109	1.642052e+00
110	1.640344e+00
111	1.638480e+00
112	1.636826e+00
113	1.635370e+00
114	1.633782e+00
115	1.632510e+00
116	1.631087e+00
117	1.629952e+00
118	1.628946e+00
119	1.628211e+00
120	1.627968e+00
121	1.627874e+00
122	1.627669e+00
123	1.627762e+00
124	1.627992e+00
125	1.628190e+00
126	1.628460e+00
127	1.628848e+00
128	1.629097e+00
129	1.629496e+00
130	1.629664e+00
131	1.629731e+00
132	1.629894e+00
133	1.630031e+00
134	1.630378e+00
135	1.630998e+00
136	1.632032e+00
137	1.633061e+00
138	1.634404e+00
139	1.635733e+00
140	1.637192e+00
141	1.638932e+00
142	1.640599e+00
143	1.642350e+00
144	1.643929e+00
145	1.645472e+00
146	1.646670e+00
147	1.647740e+00
148	1.648779e+00
149	1.649564e+00
150	1.650252e+00
151	1.651046e+00
152	1.651528e+00
153	1.651684e+00
154	1.651927e+00
155	1.652224e+00
156	1.652438e+00
157	1.652276e+00
158	1.651824e+00
159	1.651191e+00
160	1.650627e+00
161	1.649574e+00
162	1.648442e+00
163	1.647083e+00
164	1.645369e+00
165	1.643568e+00
166	1.641305e+00
167	1.638802e+00
168	1.636804e+00
169	1.634582e+00
170	1.632405e+00
171	1.630028e+00
172	1.627710e+00
173	1.625434e+00
174	1.623739e+00
175	1.622313e+00
176	1.621067e+00
177	1.619976e+00
178	1.618774e+00
179	1.617462e+00
180	1.616525e+00
181	1.615561e+00
182	1.614555e+00
183	1.613272e+00
184	1.611824e+00
185	1.610418e+00
186	1.609166e+00
187	1.608224e+00
188	1.607604e+00
189	1.607320e+00
190	1.607107e+00
191	1.607204e+00
192	1.607503e+00
193	1.608182e+00
194	1.609501e+00
195	1.610815e+00
196	1.612287e+00
197	1.614058e+00
198	1.616062e+00
199	1.617984e+00
200	1.619695e+00
201	1.621798e+00
202	1.623656e+00
203	1.625609e+00
204	1.627901e+00
205	1.630092e+00
206	1.632078e+00
207	1.633813e+00
208	1.635129e+00
209	1.636446e+00
210	1.637794e+00
211	1.639267e+00
212	1.640802e+00
213	1.642356e+00
214	1.643582e+00
215	1.644881e+00
216	1.646034e+00
217	1.647503e+00
218	1.648698e+00
219	1.649464e+00
220	1.650303e+00
221	1.651180e+00
222	1.651974e+00
223	1.652720e+00
224	1.653300e+00
225	1.653696e+00
226	1.653637e+00
227	1.653347e+00
228	1.653011e+00
229	1.652719e+00
230	1.652105e+00
231	1.651211e+00
232	1.649854e+00
233	1.648593e+00
234	1.647045e+00
235	1.645595e+00
236	1.643969e+00
237	1.642098e+00
238	1.640371e+00
239	1.638527e+00
240	1.636669e+00
241	1.634810e+00
242	1.633081e+00
243	1.630935e+00
244	1.628956e+00
245	1.627138e+00
246	1.625472e+00
247	1.623928e+00
248	1.621967e+00
249	1.620217e+00
250	1.618433e+00
251	1.616834e+00
252	1.615183e+00
253	1.613512e+00
254	1.612127e+00
255	1.610955e+00
256	1.609651e+00
257	1.608589e+00
258	1.607763e+00
259	1.606976e+00
260	1.606340e+00
261	1.605928e+00
262	1.605583e+00
263	1.605408e+00
264	1.605303e+00
265	1.605606e+00
266	1.605967e+00
267	1.606755e+00
268	1.607816e+00
269	1.609029e+00
270	1.610422e+00
271	1.611972e+00
272	1.613551e+00
273	1.615288e+00
274	1.617394e+00
275	1.619487e+00
276	1.621544e+00
277	1.623901e+00
278	1.626340e+00
279	1.628532e+00
280	1.630525e+00
281	1.632572e+00
282	1.634329e+00
283	1.636531e+00
284	1.638815e+00
285	1.641155e+00
286	1.643643e+00
287	1.646025e+00
288	1.648510e+00
289	1.650931e+00
290	1.653294e+00
291	1.655423e+00
292	1.657512e+00
293	1.659698e+00
294	1.661934e+00
295	1.663896e+00
296	1.665249e+00
297	1.666374e+00
298	1.667193e+00
299	1.667875e+00
300	1.667960e+00
301	1.667997e+00
302	1.667645e+00
303	1.666766e+00
304	1.665505e+00
305	1.663901e+00
306	1.661799e+00
307	1.659279e+00
308	1.656649e+00
309	1.653869e+00
310	1.650845e+00
311	1.647709e+00
312	1.644474e+00
313	1.640965e+00
314	1.637532e+00
315	1.633951e+00
316	1.630667e+00
317	1.627442e+00
318	1.624297e+00
319	1.621267e+00
320	1.618106e+00
321	1.615265e+00
322	1.612170e+00
323	1.609031e+00
324	1.606154e+00
325	1.603052e+00
326	1.599993e+00
327	1.597171e+00
328	1.594565e+00
329	1.592050e+00
330	1.589726e+00
331	1.587530e+00
332	1.586201e+00
333	1.585348e+00
334	1.584726e+00
335	1.584355e+00
336	1.583985e+00
337	1.583996e+00
338	1.584417e+00
339	1.585342e+00
340	1.586447e+00
341	1.588006e+00
342	1.589749e+00
343	1.591410e+00
344	1.593448e+00
345	1.596148e+00
346	1.599176e+00
347	1.602473e+00
348	1.606220e+00
349	1.609952e+00
350	1.613693e+00
351	1.617628e+00
352	1.621667e+00
353	1.625927e+00
354	1.630252e+00
355	1.634806e+00
356	1.639139e+00
357	1.643161e+00
358	1.647071e+00
359	1.651045e+00
360	1.654685e+00
361	1.658146e+00
362	1.661146e+00
363	1.664031e+00
364	1.666678e+00
365	1.669185e+00
366	1.671585e+00
367	1.673735e+00
368	1.675342e+00
369	1.677019e+00
370	1.678195e+00
371	1.679161e+00
372	1.680097e+00
373	1.680310e+00
374	1.680198e+00
375	1.679527e+00
376	1.678645e+00
377	1.677172e+00
378	1.675218e+00
379	1.672970e+00
380	1.670455e+00
381	1.668315e+00
382	1.665806e+00
383	1.662844e+00
384	1.659801e+00
385	1.656345e+00
386	1.652622e+00
387	1.648916e+00
388	1.645154e+00
389	1.641165e+00
390	1.637098e+00
391	1.632867e+00
392	1.628602e+00
393	1.624722e+00
394	1.621227e+00
395	1.618091e+00
396	1.615376e+00
397	1.613201e+00
398	1.611203e+00
399	1.609766e+00
400	1.608816e+00
401	1.607922e+00
402	1.607331e+00
403	1.607162e+00
404	1.607077e+00
405	1.607422e+00
406	1.607972e+00
407	1.608997e+00
408	1.610183e+00
409	1.611728e+00
410	1.613568e+00
411	1.615497e+00
412	1.617723e+00
413	1.620029e+00
414	1.622732e+00
415	1.625613e+00
416	1.628301e+00
417	1.630921e+00
418	1.633682e+00
419	1.636767e+00
420	1.639613e+00
421	1.642570e+00
422	1.645335e+00
423	1.647785e+00
424	1.650106e+00
425	1.652095e+00
426	1.653503e+00
427	1.654701e+00
428	1.655495e+00
429	1.655831e+00
430	1.656264e+00
431	1.656294e+00
432	1.655906e+00
433	1.655276e+00
434	1.654484e+00
435	1.653734e+00
436	1.652789e+00
437	1.651523e+00
438	1.649887e+00
439	1.647670e+00
440	1.644919e+00
441	1.641822e+00
442	1.638324e+00
443	1.634375e+00
444	1.630070e+00
445	1.625656e+00
446	1.621312e+00
447	1.617150e+00
448	1.613077e+00
449	1.608678e+00
450	1.604257e+00
451	1.599748e+00
452	1.595364e+00
453	1.590720e+00
454	1.586418e+00
455	1.582328e+00
456	1.578535e+00
457	1.575089e+00
458	1.572069e+00
459	1.569167e+00
460	1.566595e+00
461	1.564884e+00
462	1.563485e+00
463	1.562645e+00
464	1.562534e+00
465	1.562729e+00
466	1.563263e+00
467	1.564211e+00
468	1.565426e+00
469	1.566902e+00
470	1.568432e+00
471	1.570165e+00
472	1.572253e+00
473	1.574722e+00
474	1.577816e+00
475	1.581149e+00
476	1.584642e+00
477	1.588897e+00
478	1.593493e+00
479	1.598175e+00
480	1.603105e+00
481	1.608292e+00
482	1.613569e+00
483	1.618960e+00
484	1.624696e+00
485	1.630500e+00
486	1.636099e+00
487	1.641704e+00
488	1.647187e+00
489	1.652492e+00
490	1.657370e+00
491	1.662047e+00
492	1.666706e+00
493	1.670800e+00
494	1.674844e+00
495	1.678505e+00
496	1.682062e+00
497	1.685263e+00
498	1.688254e+00
499	1.691344e+00
500	1.694503e+00
501	1.697412e+00
502	1.699883e+00
503	1.701701e+00
504	1.703307e+00
505	1.704430e+00
506	1.705542e+00
507	1.706056e+00
508	1.706357e+00
509	1.705963e+00
510	1.705240e+00
511	1.704182e+00
512	1.702588e+00
513	1.700423e+00
514	1.697839e+00
515	1.694779e+00
516	1.691119e+00
517	1.687364e+00
518	1.683457e+00
519	1.679381e+00
520	1.675071e+00
521	1.670328e+00
522	1.665290e+00
523	1.660071e+00
524	1.655011e+00
525	1.649775e+00
526	1.644346e+00
527	1.638967e+00
528	1.633551e+00
529	1.628259e+00
530	1.622963e+00
531	1.617828e+00
532	1.612617e+00
533	1.607669e+00
534	1.603387e+00
535	1.599339e+00
536	1.595609e+00
537	1.592262e+00
538	1.589299e+00
539	1.586875e+00
540	1.584878e+00
541	1.583053e+00
542	1.581533e+00
543	1.580302e+00
544	1.579139e+00
545	1.578408e+00
546	1.577874e+00
547	1.577663e+00
548	1.577719e+00
549	1.578350e+00
550	1.579197e+00
551	1.580518e+00
552	1.582158e+00
553	1.584406e+00
554	1.587224e+00
555	1.590016e+00
556	1.592951e+00
557	1.596184e+00
558	1.599497e+00
559	1.603093e+00
560	1.606842e+00
561	1.610779e+00
562	1.614624e+00
563	1.618377e+00
564	1.622440e+00
565	1.626111e+00
566	1.629953e+00
567	1.633565e+00
568	1.637178e+00
569	1.640467e+00
570	1.643790e+00
571	1.646860e+00
572	1.649878e+00
573	1.652634e+00
574	1.654949e+00
575	1.657038e+00
576	1.658671e+00
577	1.660020e+00
578	1.660937e+00
579	1.661658e+00
580	1.662041e+00
581	1.662288e+00
582	1.662287e+00
583	1.662100e+00
584	1.661814e+00
585	1.661422e+00
586	1.660149e+00
587	1.658567e+00
588	1.656837e+00
589	1.654808e+00
590	1.652721e+00
591	1.650727e+00
592	1.648763e+00
593	1.646415e+00
594	1.643857e+00
595	1.641249e+00
596	1.638593e+00
597	1.636011e+00
598	1.633316e+00
599	1.630494e+00
600	1.627826e+00
601	1.625410e+00
602	1.623450e+00
603	1.621665e+00
604	1.619999e+00
605	1.618312e+00
606	1.616814e+00
607	1.615622e+00
608	1.614638e+00
609	1.613938e+00
610	1.613482e+00
611	1.613353e+00
612	1.613213e+00
613	1.613565e+00
614	1.614101e+00
615	1.614875e+00
616	1.615621e+00
617	1.616358e+00
618	1.616906e+00
619	1.617405e+00
620	1.618267e+00
621	1.619075e+00
622	1.620102e+00
623	1.621343e+00
624	1.623290e+00
625	1.625348e+00
626	1.627449e+00
627	1.629596e+00
628	1.631513e+00
629	1.633259e+00
630	1.634448e+00
631	1.635366e+00
632	1.636123e+00
633	1.636791e+00
634	1.637397e+00
635	1.637919e+00
636	1.638383e+00
637	1.638882e+00
638	1.639574e+00
639	1.639889e+00
640	1.640255e+00
641	1.640853e+00
642	1.641570e+00
643	1.642194e+00
644	1.642547e+00
645	1.642547e+00
646	1.642323e+00
647	1.641994e+00
648	1.641777e+00
649	1.641435e+00
650	1.641236e+00
651	1.640737e+00
652	1.640299e+00
653	1.639770e+00
654	1.639111e+00
655	1.638284e+00
656	1.637362e+00
657	1.636521e+00
658	1.635770e+00
659	1.635127e+00
660	1.634655e+00
661	1.634488e+00
662	1.634332e+00
663	1.634328e+00
664	1.634414e+00
665	1.634501e+00
666	1.634543e+00
667	1.634520e+00
668	1.634513e+00
669	1.634600e+00
670	1.634270e+00
671	1.633993e+00
672	1.633941e+00
673	1.634083e+00
674	1.634204e+00
675	1.634301e+00
676	1.634413e+00
677	1.634772e+00
678	1.635005e+00
679	1.635165e+00
680	1.635457e+00
681	1.635883e+00
682	1.636191e+00
683	1.636447e+00
684	1.636863e+00
685	1.637444e+00
686	1.638034e+00
687	1.638377e+00
688	1.638847e+00
689	1.639167e+00
690	1.639509e+00
691	1.639916e+00
692	1.640370e+00
693	1.641018e+00
694	1.641626e+00
695	1.642174e+00
696	1.642841e+00
697	1.643556e+00
698	1.644220e+00
699	1.645063e+00
700	1.645963e+00
701	1.646925e+00
702	1.647665e+00
703	1.648072e+00
704	1.648505e+00
705	1.648939e+00
706	1.649248e+00
707	1.649328e+00
708	1.649282e+00
709	1.649177e+00
710	1.649013e+00
711	1.648660e+00
712	1.648097e+00
713	1.647637e+00
714	1.647201e+00
715	1.646542e+00
716	1.645490e+00
717	1.644287e+00
718	1.642723e+00
719	1.641572e+00
720	1.640285e+00
721	1.638915e+00
722	1.637597e+00
723	1.636433e+00
724	1.635197e+00
725	1.633626e+00
726	1.632265e+00
727	1.630880e+00
728	1.629281e+00
729	1.627710e+00
730	1.625988e+00
731	1.624451e+00
732	1.623324e+00
733	1.622263e+00
734	1.621329e+00
735	1.620249e+00
736	1.619127e+00
737	1.618362e+00
738	1.617964e+00
739	1.617825e+00
740	1.617910e+00
741	1.618211e+00
742	1.618418e+00
743	1.618566e+00
744	1.618994e+00
745	1.619445e+00
746	1.620165e+00
747	1.621283e+00
748	1.622623e+00
749	1.623795e+00
750	1.625326e+00
751	1.627174e+00
752	1.629063e+00
753	1.631186e+00
754	1.633526e+00
755	1.636387e+00
756	1.639295e+00
757	1.642316e+00
758	1.645349e+00
759	1.648346e+00
760	1.651075e+00
761	1.653948e+00
762	1.656714e+00
763	1.659391e+00
764	1.661849e+00
765	1.664513e+00
766	1.667124e+00
767	1.669458e+00
768	1.671633e+00
769	1.673323e+00
770	1.674849e+00
771	1.676304e+00
772	1.677851e+00
773	1.679159e+00
774	1.680633e+00
775	1.681821e+00
776	1.682597e+00
777	1.682709e+00
778	1.682561e+00
779	1.681914e+00
780	1.681049e+00
781	1.679870e+00
782	1.678097e+00
783	1.676019e+00
784	1.673924e+00
785	1.671142e+00
786	1.667793e+00
787	1.664533e+00
788	1.661385e+00
789	1.658273e+00
790	1.654871e+00
791	1.651487e+00
792	1.647873e+00
793	1.644309e+00
794	1.640538e+00
795	1.636664e+00
796	1.632787e+00
797	1.628637e+00
798	1.624494e+00
799	1.620061e+00
800	1.615923e+00
801	1.611400e+00
802	1.607226e+00
803	1.603148e+00
804	1.599633e+00
805	1.596776e+00
806	1.594089e+00
807	1.591732e+00
808	1.589886e+00
809	1.588849e+00
810	1.588158e+00
811	1.588463e+00
812	1.589283e+00
813	1.590659e+00
814	1.592509e+00
815	1.595041e+00
816	1.597626e+00
817	1.600488e+00
818	1.603637e+00
819	1.607099e+00
820	1.610849e+00
821	1.614850e+00
822	1.618970e+00
823	1.623471e+00
824	1.628412e+00
825	1.633657e+00
826	1.638871e+00
827	1.644337e+00
828	1.649700e+00
829	1.655267e+00
830	1.660656e+00
831	1.665903e+00
832	1.670926e+00
833	1.675254e+00
834	1.678967e+00
835	1.682247e+00
836	1.685129e+00
837	1.687494e+00
838	1.689503e+00
839	1.690739e+00
840	1.691813e+00
841	1.693090e+00
842	1.694039e+00
843	1.694482e+00
844	1.694364e+00
845	1.694099e+00
846	1.693383e+00
847	1.692414e+00
848	1.690853e+00
849	1.689092e+00
850	1.687100e+00
851	1.684607e+00
852	1.681690e+00
853	1.678796e+00
854	1.675711e+00
855	1.672265e+00
856	1.668615e+00
857	1.664810e+00
858	1.660496e+00
859	1.656201e+00
860	1.651839e+00
861	1.647545e+00
862	1.643239e+00
863	1.638875e+00
864	1.634694e+00
865	1.630512e+00
866	1.626078e+00
867	1.621631e+00
868	1.616991e+00
869	1.612671e+00
870	1.608412e+00
871	1.604308e+00
872	1.600419e+00
873	1.596905e+00
874	1.593418e+00
875	1.590237e+00
876	1.587341e+00
877	1.584817e+00
878	1.582748e+00
879	1.581127e+00
880	1.580032e+00
881	1.579526e+00
882	1.579220e+00
883	1.579189e+00
884	1.579439e+00
885	1.580022e+00
886	1.580633e+00
887	1.581503e+00
888	1.582642e+00
889	1.584080e+00
890	1.585929e+00
891	1.587728e+00
892	1.589725e+00
893	1.591997e+00
894	1.594426e+00
895	1.597028e+00
896	1.600028e+00
897	1.603323e+00
898	1.606527e+00
899	1.610120e+00
900	1.613788e+00
901	1.617773e+00
902	1.622186e+00
903	1.627035e+00
904	1.631878e+00
905	1.636935e+00
906	1.641826e+00
907	1.646559e+00
908	1.651090e+00
909	1.655163e+00
910	1.659283e+00
911	1.663274e+00
912	1.666910e+00
913	1.670270e+00
914	1.673390e+00
915	1.676309e+00
916	1.679161e+00
917	1.681597e+00
918	1.683831e+00
919	1.685652e+00
920	1.686996e+00
921	1.687794e+00
922	1.688539e+00
923	1.688801e+00
924	1.688595e+00
925	1.688000e+00
926	1.686976e+00
927	1.685245e+00
928	1.683217e+00
929	1.680681e+00
930	1.677812e+00
931	1.674950e+00
932	1.671687e+00
933	1.668194e+00
934	1.664536e+00
935	1.660907e+00
936	1.657129e+00
937	1.653348e+00
938	1.649532e+00
939	1.645991e+00
940	1.642225e+00
941	1.638354e+00
942	1.634326e+00
943	1.630238e+00
944	1.626227e+00
945	1.622302e+00
946	1.618557e+00
947	1.615205e+00
948	1.612050e+00
949	1.609326e+00
950	1.607071e+00
951	1.605180e+00
952	1.603275e+00
953	1.601736e+00
954	1.600452e+00
955	1.599766e+00
956	1.599444e+00
957	1.599344e+00
958	1.599602e+00
959	1.600323e+00
960	1.601512e+00
961	1.603102e+00
962	1.604861e+00
963	1.606773e+00
964	1.608963e+00
965	1.611313e+00
966	1.614056e+00
967	1.617052e+00
968	1.620062e+00
969	1.623434e+00
970	1.627074e+00
971	1.631073e+00
972	1.635299e+00
973	1.639430e+00
974	1.643611e+00
975	1.647676e+00
976	1.651904e+00
977	1.656019e+00
978	1.659762e+00
979	1.663170e+00
980	1.666445e+00
981	1.669383e+00
982	1.672134e+00
983	1.674553e+00
984	1.676826e+00
985	1.678921e+00
986	1.681006e+00
987	1.682525e+00
988	1.683692e+00
989	1.684336e+00
990	1.684707e+00
991	1.684682e+00
992	1.684217e+00
993	1.683874e+00
994	1.683305e+00
995	1.682254e+00
996	1.680655e+00
997	1.678470e+00
998	1.675837e+00
999	1.672737e+00
1000	1.669804e+00
1001	1.666581e+00
1002	1.663345e+00
1003	1.659520e+00
1004	1.655649e+00
1005	1.651736e+00
1006	1.647844e+00
1007	1.643921e+00
1008	1.639967e+00
1009	1.636047e+00
1010	1.632328e+00
1011	1.628266e+00
1012	1.624201e+00
1013	1.619970e+00
1014	1.615562e+00
1015	1.611392e+00
1016	1.607406e+00
1017	1.603219e+00
1018	1.599215e+00
1019	1.595407e+00
1020	1.591720e+00
1021	1.588368e+00
1022	1.585327e+00
1023	1.582564e+00
1024	1.580013e+00
1025	1.577708e+00
1026	1.575790e+00
1027	1.574145e+00
1028	1.573141e+00
1029	1.572567e+00
1030	1.572324e+00
1031	1.572174e+00
1032	1.572279e+00
1033	1.573023e+00
1034	1.573845e+00
1035	1.575194e+00
1036	1.576764e+00
1037	1.578356e+00
1038	1.579960e+00
1039	1.581445e+00
1040	1.583179e+00
1041	1.585224e+00
1042	1.587496e+00
1043	1.590451e+00
1044	1.593711e+00
1045	1.597451e+00
1046	1.601578e+00
1047	1.605951e+00
1048	1.610079e+00
1049	1.614374e+00
1050	1.618638e+00
1051	1.622862e+00
1052	1.626880e+00
1053	1.630641e+00
1054	1.634357e+00
1055	1.637977e+00
1056	1.641420e+00
1057	1.644626e+00
1058	1.647614e+00
1059	1.650568e+00
1060	1.653378e+00
1061	1.656338e+00
1062	1.659317e+00
1063	1.662295e+00
1064	1.665282e+00
1065	1.668426e+00
1066	1.671706e+00
1067	1.675080e+00
1068	1.678027e+00
1069	1.680767e+00
1070	1.683295e+00
1071	1.685520e+00
1072	1.687196e+00
1073	1.689008e+00
1074	1.690005e+00
1075	1.690683e+00
1076	1.691053e+00
1077	1.690636e+00
1078	1.689932e+00
1079	1.689294e+00
1080	1.688563e+00
1081	1.687462e+00
1082	1.686225e+00
1083	1.684691e+00
1084	1.682620e+00
1085	1.680575e+00
1086	1.678416e+00
1087	1.676039e+00
1088	1.673494e+00
1089	1.670756e+00
1090	1.667756e+00
1091	1.664653e+00
1092	1.661490e+00
1093	1.658059e+00
1094	1.654348e+00
1095	1.650909e+00
1096	1.647343e+00
1097	1.643746e+00
1098	1.639944e+00
1099	1.636049e+00
1100	1.632050e+00
1101	1.628031e+00
1102	1.623636e+00
1103	1.618945e+00
1104	1.614391e+00
1105	1.609505e+00
1106	1.604483e+00
1107	1.599634e+00
1108	1.594693e+00
1109	1.589651e+00
1110	1.585129e+00
1111	1.580597e+00
1112	1.576286e+00
1113	1.572267e+00
1114	1.568739e+00
1115	1.565447e+00
1116	1.562740e+00
1117	1.560664e+00
1118	1.559047e+00
1119	1.557718e+00
1120	1.557085e+00
1121	1.557164e+00
1122	1.557853e+00
1123	1.558979e+00
1124	1.560626e+00
1125	1.562737e+00
1126	1.565244e+00
1127	1.568057e+00
1128	1.571175e+00
1129	1.574736e+00
1130	1.578526e+00
1131	1.582729e+00
1132	1.587259e+00
1133	1.591934e+00
1134	1.596960e+00
1135	1.601924e+00
1136	1.607104e+00
1137	1.612335e+00
1138	1.617436e+00
1139	1.622409e+00
1140	1.627370e+00
1141	1.631975e+00
1142	1.636259e+00
1143	1.640382e+00
1144	1.644515e+00
1145	1.648521e+00
1146	1.652490e+00
1147	1.656726e+00
1148	1.660943e+00
1149	1.664898e+00
1150	1.668595e+00
1151	1.672257e+00
1152	1.675772e+00
1153	1.678782e+00
1154	1.681420e+00
1155	1.683452e+00
1156	1.684965e+00
1157	1.686000e+00
1158	1.686446e+00
1159	1.686495e+00
1160	1.686283e+00
1161	1.685860e+00
1162	1.685148e+00
1163	1.684187e+00
1164	1.683257e+00
1165	1.682359e+00
1166	1.681421e+00
1167	1.680114e+00
1168	1.678811e+00
1169	1.677467e+00
1170	1.675630e+00
1171	1.673519e+00
1172	1.671181e+00
1173	1.668984e+00
1174	1.666485e+00
1175	1.663724e+00
1176	1.660611e+00
1177	1.656978e+00
1178	1.653184e+00
1179	1.649477e+00
1180	1.645629e+00
1181	1.641880e+00
1182	1.638350e+00
1183	1.634820e+00
1184	1.631102e+00
1185	1.627606e+00
1186	1.624336e+00
1187	1.621386e+00
1188	1.618262e+00
1189	1.615158e+00
1190	1.612106e+00
1191	1.609174e+00
1192	1.606333e+00
1193	1.603915e+00
1194	1.601597e+00
1195	1.599635e+00
1196	1.598130e+00
1197	1.597107e+00
1198	1.596375e+00
1199	1.595967e+00
1200	1.596057e+00
1201	1.596306e+00
1202	1.597264e+00
1203	1.598299e+00
1204	1.599593e+00
1205	1.601216e+00
1206	1.603162e+00
1207	1.605154e+00
1208	1.606949e+00
1209	1.608930e+00
1210	1.611019e+00
1211	1.613344e+00
1212	1.615680e+00
1213	1.617971e+00
1214	1.620296e+00
1215	1.622954e+00
1216	1.625623e+00
1217	1.628472e+00
1218	1.631494e+00
1219	1.634796e+00
1220	1.638244e+00
1221	1.641888e+00
1222	1.645480e+00
1223	1.648974e+00
1224	1.652404e+00
1225	1.655791e+00
1226	1.658664e+00
1227	1.661240e+00
1228	1.663347e+00
1229	1.665016e+00
1230	1.666551e+00
1231	1.668512e+00
1232	1.670270e+00
1233	1.671509e+00
1234	1.672306e+00
1235	1.672677e+00
1236	1.672818e+00
1237	1.673013e+00
1238	1.672943e+00
1239	1.672937e+00
1240	1.672888e+00
1241	1.672893e+00
1242	1.672509e+00
1243	1.672206e+00
1244	1.671585e+00
1245	1.670420e+00
1246	1.669324e+00
1247	1.667919e+00
1248	1.666425e+00
1249	1.664594e+00
1250	1.662312e+00
1251	1.659922e+00
1252	1.657317e+00
1253	1.654775e+00
1254	1.651977e+00
1255	1.649109e+00
1256	1.646614e+00
1257	1.644060e+00
1258	1.641533e+00
1259	1.639247e+00
1260	1.637170e+00
1261	1.635169e+00
1262	1.633028e+00
1263	1.631022e+00
1264	1.629229e+00
1265	1.627611e+00
1266	1.626226e+00
1267	1.625351e+00
1268	1.624568e+00
1269	1.623889e+00
1270	1.623131e+00
1271	1.622375e+00
1272	1.621547e+00
1273	1.620783e+00
1274	1.620315e+00
1275	1.619955e+00
1276	1.619865e+00
1277	1.619825e+00
1278	1.619781e+00
1279	1.619647e+00
1280	1.619461e+00
1281	1.619213e+00
1282	1.618717e+00
1283	1.618299e+00
1284	1.617923e+00
1285	1.617631e+00
1286	1.617761e+00
1287	1.618008e+00
1288	1.618774e+00
1289	1.619597e+00
1290	1.620244e+00
1291	1.620940e+00
1292	1.621453e+00
1293	1.621871e+00
1294	1.622270e+00
1295	1.622929e+00
1296	1.623679e+00
1297	1.624301e+00
1298	1.625065e+00
1299	1.625945e+00
1300	1.626825e+00
1301	1.627908e+00
1302	1.629007e+00
1303	1.629812e+00
1304	1.630492e+00
1305	1.631225e+00
1306	1.632168e+00
1307	1.633172e+00
1308	1.634187e+00
1309	1.635372e+00
1310	1.636684e+00
1311	1.637694e+00
1312	1.638777e+00
1313	1.640279e+00
1314	1.641502e+00
1315	1.642462e+00
1316	1.643649e+00
1317	1.644918e+00
1318	1.645709e+00
1319	1.646448e+00
1320	1.647090e+00
1321	1.647500e+00
1322	1.648036e+00
1323	1.648508e+00
1324	1.648806e+00
1325	1.649095e+00
1326	1.649065e+00
1327	1.648868e+00
1328	1.648294e+00
1329	1.647432e+00
1330	1.646601e+00
1331	1.645770e+00
1332	1.644856e+00
1333	1.643989e+00
1334	1.643201e+00
1335	1.641739e+00
1336	1.640176e+00
1337	1.638438e+00
1338	1.636835e+00
1339	1.635225e+00
1340	1.633588e+00
1341	1.632120e+00
1342	1.630658e+00
1343	1.629186e+00
1344	1.627845e+00
1345	1.626535e+00
1346	1.625088e+00
1347	1.623680e+00
1348	1.622366e+00
1349	1.621145e+00
1350	1.619448e+00
1351	1.617535e+00
1352	1.615668e+00
1353	1.613541e+00
1354	1.611195e+00
1355	1.608977e+00
1356	1.606668e+00
1357	1.604848e+00
1358	1.603185e+00
1359	1.601575e+00
1360	1.600479e+00
1361	1.599502e+00
1362	1.599072e+00
1363	1.599044e+00
1364	1.599571e+00
1365	1.600467e+00
1366	1.601352e+00
1367	1.602503e+00
1368	1.603694e+00
1369	1.604705e+00
1370	1.605642e+00
1371	1.606609e+00
1372	1.607278e+00
1373	1.607847e+00
1374	1.608583e+00
1375	1.609342e+00
1376	1.609919e+00
1377	1.610609e+00
1378	1.611434e+00
1379	1.612542e+00
1380	1.613710e+00
1381	1.615088e+00
1382	1.616548e+00
1383	1.618406e+00
1384	1.620489e+00
1385	1.622490e+00
1386	1.624355e+00
1387	1.626020e+00
1388	1.627630e+00
1389	1.629273e+00
1390	1.631121e+00
1391	1.632871e+00
1392	1.634425e+00
1393	1.636226e+00
1394	1.638285e+00
1395	1.640173e+00
1396	1.641867e+00
1397	1.643762e+00
1398	1.645542e+00
1399	1.647291e+00
1400	1.649201e+00
1401	1.650990e+00
1402	1.652589e+00
1403	1.653896e+00
1404	1.654989e+00
1405	1.656112e+00
1406	1.656955e+00
1407	1.657655e+00
1408	1.658112e+00
1409	1.658620e+00
1410	1.659139e+00
1411	1.659563e+00
1412	1.660388e+00
1413	1.661359e+00
1414	1.662637e+00
1415	1.663741e+00
1416	1.665037e+00
1417	1.666110e+00
1418	1.666924e+00
1419	1.667507e+00
1420	1.668110e+00
1421	1.668328e+00
1422	1.668588e+00
1423	1.668692e+00
1424	1.668762e+00
1425	1.668828e+00
1426	1.668713e+00
1427	1.668725e+00
1428	1.668927e+00
1429	1.669022e+00
1430	1.669149e+00
1431	1.669102e+00
1432	1.668815e+00
1433	1.668269e+00
1434	1.667426e+00
1435	1.666839e+00
1436	1.665955e+00
1437	1.664879e+00
1438	1.663444e+00
1439	1.661717e+00
1440	1.659825e+00
1441	1.658099e+00
1442	1.656400e+00
1443	1.654789e+00
1444	1.653020e+00
1445	1.651248e+00
1446	1.649161e+00
1447	1.647119e+00
1448	1.644877e+00
1449	1.642375e+00
1450	1.639724e+00
1451	1.637061e+00
1452	1.634425e+00
1453	1.631422e+00
1454	1.628241e+00
1455	1.624691e+00
1456	1.621108e+00
1457	1.617711e+00
1458	1.614681e+00
1459	1.611554e+00
1460	1.608650e+00
1461	1.605695e+00
1462	1.603053e+00
1463	1.600307e+00
1464	1.597819e+00
1465	1.595182e+00
1466	1.592507e+00
1467	1.590363e+00
1468	1.588871e+00
1469	1.587522e+00
1470	1.586315e+00
1471	1.585490e+00
1472	1.585015e+00
1473	1.584594e+00
1474	1.584467e+00
1475	1.584573e+00
1476	1.584705e+00
1477	1.584829e+00
1478	1.585279e+00
1479	1.586402e+00
1480	1.587681e+00
1481	1.589629e+00
1482	1.591874e+00
1483	1.594346e+00
1484	1.596933e+00
1485	1.599726e+00
1486	1.602757e+00
1487	1.606066e+00
1488	1.609047e+00
1489	1.611824e+00
1490	1.614817e+00
1491	1.617891e+00
1492	1.620932e+00
1493	1.624262e+00
1494	1.627553e+00
1495	1.630503e+00
1496	1.633310e+00
1497	1.636213e+00
1498	1.638893e+00
1499	1.641343e+00
1500	1.643505e+00
1501	1.645589e+00
1502	1.647696e+00
1503	1.649055e+00
1504	1.650069e+00
1505	1.650968e+00
1506	1.651403e+00
1507	1.651880e+00
1508	1.652158e+00
1509	1.652237e+00
1510	1.652515e+00
1511	1.652690e+00
1512	1.652713e+00
1513	1.652683e+00
1514	1.652329e+00
1515	1.651712e+00
1516	1.650892e+00
1517	1.650373e+00
1518	1.649610e+00
1519	1.648393e+00
1520	1.647138e+00
1521	1.645643e+00
1522	1.644164e+00
1523	1.643182e+00
1524	1.642571e+00
1525	1.642277e+00
1526	1.641553e+00
1527	1.640924e+00
1528	1.640401e+00
1529	1.639870e+00
1530	1.639450e+00
1531	1.639139e+00
1532	1.638799e+00
1533	1.638669e+00
1534	1.638810e+00
1535	1.638964e+00
1536	1.639257e+00
1537	1.639692e+00
1538	1.640044e+00
1539	1.640290e+00
1540	1.640243e+00
1541	1.640474e+00
1542	1.640886e+00
1543	1.641272e+00
1544	1.642051e+00
1545	1.642826e+00
1546	1.643428e+00
1547	1.644248e+00
1548	1.644747e+00
1549	1.644951e+00
1550	1.645542e+00
1551	1.646404e+00
1552	1.647200e+00
1553	1.647739e+00
1554	1.648218e+00
1555	1.648625e+00
1556	1.648827e+00
1557	1.648931e+00
1558	1.649226e+00
1559	1.649478e+00
1560	1.649668e+00
1561	1.649789e+00
1562	1.649926e+00
1563	1.649978e+00
1564	1.649946e+00
1565	1.649786e+00
1566	1.649216e+00
1567	1.648540e+00
1568	1.647775e+00
1569	1.647098e+00
1570	1.646291e+00
1571	1.645167e+00
1572	1.643876e+00
1573	1.642469e+00
1574	1.640848e+00
1575	1.639330e+00
1576	1.637351e+00
1577	1.635577e+00
1578	1.633671e+00
1579	1.631837e+00
1580	1.629935e+00
1581	1.628298e+00
1582	1.626759e+00
1583	1.625124e+00
1584	1.623145e+00
1585	1.621136e+00
1586	1.618751e+00
1587	1.616331e+00
1588	1.614070e+00
1589	1.611728e+00
1590	1.609444e+00
1591	1.607110e+00
1592	1.605053e+00
1593	1.603427e+00
1594	1.601956e+00
1595	1.601145e+00
1596	1.600389e+00
1597	1.599870e+00
1598	1.599953e+00
1599	1.600107e+00
1600	1.600333e+00
1601	1.600817e+00
1602	1.601692e+00
1603	1.603055e+00
1604	1.604774e+00
1605	1.606552e+00
1606	1.608394e+00
1607	1.610669e+00
1608	1.613045e+00
1609	1.615516e+00
1610	1.617787e+00
1611	1.620187e+00
1612	1.623135e+00
1613	1.626273e+00
1614	1.629469e+00
1615	1.632931e+00
1616	1.636379e+00
1617	1.639892e+00
1618	1.643474e+00
1619	1.646898e+00
1620	1.650239e+00
1621	1.653422e+00
1622	1.656402e+00
1623	1.658890e+00
1624	1.661058e+00
1625	1.663103e+00
1626	1.665169e+00
1627	1.666965e+00
1628	1.668806e+00
1629	1.670124e+00
1630	1.671257e+00
1631	1.672022e+00
1632	1.672616e+00
1633	1.673135e+00
1634	1.673045e+00
1635	1.672643e+00
1636	1.672272e+00
1637	1.671888e+00
1638	1.671405e+00
1639	1.670587e+00
1640	1.669219e+00
1641	1.667487e+00
1642	1.665414e+00
1643	1.663003e+00
1644	1.659836e+00
1645	1.656343e+00
1646	1.652618e+00
1647	1.648733e+00
1648	1.644766e+00
1649	1.640800e+00
1650	1.636809e+00
1651	1.633314e+00
1652	1.629998e+00
1653	1.627135e+00
1654	1.624249e+00
1655	1.622060e+00
1656	1.620098e+00
1657	1.618575e+00
1658	1.617420e+00
1659	1.616496e+00
1660	1.615898e+00
1661	1.615269e+00
1662	1.615133e+00
1663	1.615125e+00
1664	1.615944e+00
1665	1.616950e+00
1666	1.618152e+00
1667	1.619681e+00
1668	1.621839e+00
1669	1.624354e+00
1670	1.627355e+00
1671	1.630823e+00
1672	1.634446e+00
1673	1.638283e+00
1674	1.642250e+00
1675	1.646252e+00
1676	1.650316e+00
1677	1.654314e+00
1678	1.658365e+00
1679	1.662218e+00
1680	1.666066e+00
1681	1.669916e+00
1682	1.673673e+00
1683	1.677090e+00
1684	1.680287e+00
1685	1.683434e+00
1686	1.686288e+00
1687	1.688971e+00
1688	1.691131e+00
1689	1.692920e+00
1690	1.694284e+00
1691	1.695290e+00
1692	1.696155e+00
1693	1.696505e+00
1694	1.696436e+00
1695	1.695817e+00
1696	1.694493e+00
1697	1.692760e+00
1698	1.690468e+00
1699	1.687694e+00
1700	1.684509e+00
1701	1.680983e+00
1702	1.677288e+00
1703	1.673278e+00
1704	1.669037e+00
1705	1.664701e+00
1706	1.660325e+00
1707	1.655900e+00
1708	1.651659e+00
1709	1.647329e+00
1710	1.643077e+00
1711	1.638570e+00
1712	1.634381e+00
1713	1.630036e+00
1714	1.625784e+00
1715	1.621496e+00
1716	1.617048e+00
1717	1.612680e+00
1718	1.608982e+00
1719	1.605114e+00
1720	1.601268e+00
1721	1.597577e+00
1722	1.594537e+00
1723	1.591865e+00
1724	1.589522e+00
1725	1.587509e+00
1726	1.586006e+00
1727	1.584837e+00
1728	1.584194e+00
1729	1.584069e+00
1730	1.584461e+00
1731	1.584790e+00
1732	1.585669e+00
1733	1.586866e+00
1734	1.588440e+00
1735	1.590290e+00
1736	1.592523e+00
1737	1.595048e+00
1738	1.597940e+00
1739	1.601293e+00
1740	1.605068e+00
1741	1.609254e+00
1742	1.613503e+00
1743	1.617603e+00
1744	1.622060e+00
1745	1.626704e+00
1746	1.631766e+00
1747	1.636575e+00
1748	1.641632e+00
1749	1.646533e+00
1750	1.651220e+00
1751	1.655277e+00
1752	1.658741e+00
1753	1.662156e+00
1754	1.665498e+00
1755	1.668826e+00
1756	1.672031e+00
1757	1.674608e+00
1758	1.676924e+00
1759	1.679095e+00
1760	1.681094e+00
1761	1.683088e+00
1762	1.684740e+00
1763	1.686192e+00
1764	1.687489e+00
1765	1.688412e+00
1766	1.688660e+00
1767	1.688372e+00
1768	1.687771e+00
1769	1.686856e+00
1770	1.685605e+00
1771	1.684167e+00
1772	1.682337e+00
1773	1.679814e+00
1774	1.676771e+00
1775	1.673488e+00
1776	1.669714e+00
1777	1.665421e+00
1778	1.660936e+00
1779	1.656372e+00
1780	1.651646e+00
1781	1.646834e+00
1782	1.642414e+00
1783	1.638334e+00
1784	1.634487e+00
1785	1.630613e+00
1786	1.626763e+00
1787	1.622946e+00
1788	1.619165e+00
1789	1.615334e+00
1790	1.611636e+00
1791	1.608274e+00
1792	1.605373e+00
1793	1.602606e+00
1794	1.599951e+00
1795	1.597612e+00
1796	1.595844e+00
1797	1.594270e+00
1798	1.593069e+00
1799	1.592133e+00
1800	1.591918e+00
1801	1.592255e+00
1802	1.593009e+00
1803	1.594407e+00
1804	1.596457e+00
1805	1.598688e+00
1806	1.601087e+00
1807	1.603736e+00
1808	1.606779e+00
1809	1.610162e+00
1810	1.613772e+00
1811	1.617709e+00
1812	1.621917e+00
1813	1.626187e+00
1814	1.630412e+00
1815	1.634743e+00
1816	1.639243e+00
1817	1.643629e+00
1818	1.647951e+00
1819	1.652197e+00
1820	1.656420e+00
1821	1.660823e+00
1822	1.665086e+00
1823	1.669232e+00
1824	1.673331e+00
1825	1.677246e+00
1826	1.680994e+00
1827	1.684412e+00
1828	1.687661e+00
1829	1.690595e+00
1830	1.693489e+00
1831	1.695918e+00
1832	1.697839e+00
1833	1.699400e+00
1834	1.701090e+00
1835	1.702437e+00
1836	1.703181e+00
1837	1.703628e+00
1838	1.703582e+00
1839	1.703020e+00
1840	1.702100e+00
1841	1.700871e+00
1842	1.699063e+00
1843	1.697199e+00
1844	1.694894e+00
1845	1.692242e+00
1846	1.688973e+00
1847	1.685400e+00
1848	1.681726e+00
1849	1.677811e+00
1850	1.673945e+00
1851	1.669617e+00
1852	1.664612e+00
1853	1.659270e+00
1854	1.654011e+00
1855	1.648732e+00
1856	1.643902e+00
1857	1.639139e+00
1858	1.634607e+00
1859	1.629868e+00
1860	1.624978e+00
1861	1.620382e+00
1862	1.615674e+00
1863	1.610924e+00
1864	1.606359e+00
1865	1.601965e+00
1866	1.598051e+00
1867	1.594797e+00
1868	1.592155e+00
1869	1.589735e+00
1870	1.587711e+00
1871	1.586145e+00
1872	1.584857e+00
1873	1.584119e+00
1874	1.583911e+00
1875	1.584133e+00
1876	1.584737e+00
1877	1.585710e+00
1878	1.586927e+00
1879	1.588696e+00
1880	1.590660e+00
1881	1.592975e+00
1882	1.595160e+00
1883	1.597590e+00
1884	1.600092e+00
1885	1.602712e+00
1886	1.605437e+00
1887	1.608531e+00
1888	1.611813e+00
1889	1.615249e+00
1890	1.618782e+00
1891	1.622724e+00
1892	1.626596e+00
1893	1.630279e+00
1894	1.633974e+00
1895	1.637434e+00
1896	1.640684e+00
1897	1.643837e+00
1898	1.646799e+00
1899	1.649772e+00
1900	1.652581e+00
1901	1.655217e+00
1902	1.657357e+00
1903	1.659364e+00
1904	1.660930e+00
1905	1.662492e+00
1906	1.663766e+00
1907	1.665091e+00
1908	1.666526e+00
1909	1.667673e+00
1910	1.668758e+00
1911	1.669909e+00
1912	1.670486e+00
1913	1.671107e+00
1914	1.671531e+00
1915	1.671713e+00
1916	1.671666e+00
1917	1.671475e+00
1918	1.670878e+00
1919	1.669733e+00
1920	1.668267e+00
1921	1.666655e+00
1922	1.664977e+00
1923	1.663180e+00
1924	1.661012e+00
1925	1.658803e+00
1926	1.656679e+00
1927	1.654318e+00
1928	1.651561e+00
1929	1.648892e+00
1930	1.646041e+00
1931	1.643146e+00
1932	1.640145e+00
1933	1.637139e+00
1934	1.634159e+00
1935	1.631387e+00
1936	1.628611e+00
1937	1.625919e+00
1938	1.623349e+00
1939	1.620796e+00
1940	1.618750e+00
1941	1.617106e+00
1942	1.615633e+00
1943	1.614546e+00
1944	1.613321e+00
1945	1.612322e+00
1946	1.611530e+00
1947	1.610517e+00
1948	1.609750e+00
1949	1.608751e+00
1950	1.608391e+00
1951	1.608411e+00
1952	1.608395e+00
1953	1.608406e+00
1954	1.608655e+00
1955	1.609049e+00
1956	1.609773e+00
1957	1.610732e+00
1958	1.611966e+00
1959	1.613455e+00
1960	1.615392e+00
1961	1.617280e+00
1962	1.619236e+00
1963	1.621287e+00
1964	1.623409e+00
1965	1.625848e+00
1966	1.628206e+00
1967	1.630733e+00
1968	1.633332e+00
1969	1.636173e+00
1970	1.639175e+00
1971	1.642309e+00
1972	1.645580e+00
1973	1.648737e+00
1974	1.651845e+00
1975	1.654724e+00
1976	1.657292e+00
1977	1.659553e+00
1978	1.661285e+00
1979	1.662618e+00
1980	1.663746e+00
1981	1.664652e+00
1982	1.665633e+00
1983	1.666316e+00
1984	1.666996e+00
1985	1.667881e+00
1986	1.668668e+00
1987	1.669419e+00
1988	1.670091e+00
1989	1.670306e+00
1990	1.670108e+00
1991	1.669759e+00
1992	1.669364e+00
1993	1.668538e+00
1994	1.667350e+00
1995	1.665735e+00
1996	1.663871e+00
1997	1.661915e+00
1998	1.659637e+00
1999	1.657342e+00
2000	1.654990e+00
2001	1.652492e+00
2002	1.649840e+00
2003	1.646776e+00
2004	1.643224e+00
2005	1.639695e+00
2006	1.636296e+00
2007	1.632967e+00
2008	1.629583e+00
2009	1.626203e+00
2010	1.623035e+00
2011	1.619728e+00
2012	1.616798e+00
2013	1.613794e+00
2014	1.610791e+00
2015	1.607629e+00
2016	1.604887e+00
2017	1.602473e+00
2018	1.600406e+00
2019	1.598665e+00
2020	1.597144e+00
2021	1.595964e+00
2022	1.595255e+00
2023	1.594890e+00
2024	1.594631e+00
2025	1.594273e+00
2026	1.593918e+00
2027	1.593951e+00
2028	1.594049e+00
2029	1.594259e+00
2030	1.594672e+00
2031	1.595052e+00
2032	1.595806e+00
2033	1.597007e+00
2034	1.598381e+00
2035	1.599535e+00
2036	1.600906e+00
2037	1.602854e+00
2038	1.605347e+00
2039	1.607908e+00
2040	1.610638e+00
2041	1.613750e+00
2042	1.616764e+00
2043	1.619723e+00
2044	1.622194e+00
2045	1.624750e+00
2046	1.627100e+00
2047	1.629072e+00
2048	1.630851e+00
2049	1.632695e+00
2050	1.634653e+00
2051	1.636691e+00
2052	1.638888e+00
2053	1.641065e+00
2054	1.643104e+00
2055	1.644887e+00
2056	1.646789e+00
2057	1.648866e+00
2058	1.650645e+00
2059	1.652781e+00
2060	1.654455e+00
2061	1.656210e+00
2062	1.657905e+00
2063	1.659444e+00
2064	1.660693e+00
2065	1.661867e+00
2066	1.662855e+00
2067	1.663455e+00
2068	1.663811e+00
2069	1.664127e+00
2070	1.664404e+00
2071	1.664265e+00
2072	1.663838e+00
2073	1.663227e+00
2074	1.662694e+00
2075	1.661991e+00
2076	1.661032e+00
2077	1.660030e+00
2078	1.658911e+00
2079	1.657584e+00
2080	1.655937e+00
2081	1.654196e+00
2082	1.652465e+00
2083	1.650133e+00
2084	1.647632e+00
2085	1.644975e+00
2086	1.642205e+00
2087	1.639579e+00
2088	1.636690e+00
2089	1.633877e+00
2090	1.630976e+00
2091	1.628093e+00
2092	1.625154e+00
2093	1.622364e+00
2094	1.619597e+00
2095	1.617282e+00
2096	1.615145e+00
2097	1.613409e+00
2098	1.611727e+00
2099	1.609944e+00
2100	1.608353e+00
2101	1.607078e+00
2102	1.605794e+00
2103	1.604776e+00
2104	1.604223e+00
2105	1.603800e+00
2106	1.603570e+00
2107	1.603616e+00
2108	1.603823e+00
2109	1.604353e+00
2110	1.605165e+00
2111	1.606389e+00
2112	1.607681e+00
2113	1.609119e+00
2114	1.610714e+00
2115	1.612309e+00
2116	1.614074e+00
2117	1.616007e+00
2118	1.618329e+00
2119	1.620527e+00
2120	1.622825e+00
2121	1.625107e+00
2122	1.627585e+00
2123	1.630354e+00
2124	1.633141e+00
2125	1.635770e+00
2126	1.638301e+00
2127	1.640800e+00
2128	1.643085e+00
2129	1.645353e+00
2130	1.647570e+00
2131	1.649747e+00
2132	1.651846e+00
2133	1.653789e+00
2134	1.655854e+00
2135	1.657447e+00
2136	1.658782e+00
2137	1.660291e+00
2138	1.661648e+00
2139	1.662850e+00
2140	1.663915e+00
2141	1.665090e+00
2142	1.666275e+00
2143	1.667397e+00
2144	1.668279e+00
2145	1.668840e+00
2146	1.668752e+00
2147	1.668063e+00
2148	1.667390e+00
2149	1.666301e+00
2150	1.665044e+00
2151	1.663367e+00
2152	1.661607e+00
2153	1.659729e+00
2154	1.657713e+00
2155	1.655763e+00
2156	1.653767e+00
2157	1.651679e+00
2158	1.649529e+00
2159	1.647691e+00
2160	1.645794e+00
2161	1.643684e+00
2162	1.641425e+00
2163	1.639078e+00
2164	1.636568e+00
2165	1.633995e+00
2166	1.631279e+00
2167	1.628861e+00
2168	1.626591e+00
2169	1.624246e+00
2170	1.622203e+00
2171	1.620312e+00
2172	1.618506e+00
2173	1.616778e+00
2174	1.615106e+00
2175	1.613560e+00
2176	1.612206e+00
2177	1.611149e+00
2178	1.610649e+00
2179	1.610116e+00
2180	1.609878e+00
2181	1.609814e+00
2182	1.610039e+00
2183	1.610264e+00
2184	1.610561e+00
2185	1.610932e+00
2186	1.611325e+00
2187	1.611631e+00
2188	1.611996e+00
2189	1.612768e+00
2190	1.613477e+00
2191	1.614208e+00
2192	1.615409e+00
2193	1.617071e+00
2194	1.619007e+00
2195	1.621385e+00
2196	1.623775e+00
2197	1.626285e+00
2198	1.628532e+00
2199	1.630632e+00
2200	1.632398e+00
2201	1.633876e+00
2202	1.635103e+00
2203	1.635772e+00
2204	1.636571e+00
2205	1.637588e+00
2206	1.638404e+00
2207	1.639389e+00
2208	1.640149e+00
2209	1.641083e+00
2210	1.642074e+00
2211	1.643303e+00
2212	1.644486e+00
2213	1.645641e+00
2214	1.646843e+00
2215	1.648086e+00
2216	1.649329e+00
2217	1.650053e+00
2218	1.650566e+00
2219	1.650855e+00
2220	1.650885e+00
2221	1.650741e+00
2222	1.650244e+00
2223	1.649730e+00
2224	1.649050e+00
2225	1.648294e+00
2226	1.647936e+00
2227	1.647462e+00
2228	1.646903e+00
2229	1.646188e+00
2230	1.645424e+00
2231	1.644479e+00
2232	1.643322e+00
2233	1.642017e+00
2234	1.640777e+00
2235	1.639294e+00
2236	1.637843e+00
2237	1.636251e+00
2238	1.634394e+00
2239	1.632447e+00
2240	1.630939e+00
2241	1.629590e+00
2242	1.628299e+00
2243	1.627140e+00
2244	1.626460e+00
2245	1.625968e+00
2246	1.625387e+00
2247	1.625145e+00
2248	1.624784e+00
2249	1.624558e+00
2250	1.624656e+00
2251	1.625108e+00
2252	1.625997e+00
2253	1.626691e+00
2254	1.627243e+00
2255	1.627722e+00
2256	1.628000e+00
2257	1.628246e+00
2258	1.628447e+00
2259	1.628538e+00
2260	1.628596e+00
2261	1.628661e+00
2262	1.629183e+00
2263	1.629946e+00
2264	1.630695e+00
2265	1.631799e+00
2266	1.632499e+00
2267	1.633405e+00
2268	1.634003e+00
2269	1.634612e+00
2270	1.634978e+00
2271	1.635089e+00
2272	1.634973e+00
2273	1.634376e+00
2274	1.633372e+00
2275	1.632250e+00
2276	1.630728e+00
2277	1.629092e+00
2278	1.627261e+00
2279	1.625154e+00
2280	1.623312e+00
2281	1.621537e+00
2282	1.620133e+00
2283	1.618720e+00
2284	1.617458e+00
2285	1.616131e+00
2286	1.614752e+00
2287	1.613690e+00
2288	1.612510e+00
2289	1.611377e+00
2290	1.610274e+00
2291	1.609165e+00
2292	1.608125e+00
2293	1.607017e+00
2294	1.605635e+00
2295	1.604193e+00
2296	1.602956e+00
2297	1.601764e+00
2298	1.601126e+00
2299	1.600847e+00
2300	1.600863e+00
2301	1.601785e+00
2302	1.603128e+00
2303	1.604724e+00
2304	1.606869e+00
2305	1.609332e+00
2306	1.612320e+00
2307	1.615312e+00
2308	1.618600e+00
2309	1.621849e+00
2310	1.624846e+00
2311	1.627486e+00
2312	1.630202e+00
2313	1.632583e+00
2314	1.634860e+00
2315	1.636755e+00
2316	1.638566e+00
2317	1.640798e+00
2318	1.643142e+00
2319	1.645787e+00
2320	1.648619e+00
2321	1.651861e+00
2322	1.655051e+00
2323	1.658359e+00
2324	1.661823e+00
2325	1.665139e+00
2326	1.667998e+00
2327	1.670946e+00
2328	1.673526e+00
2329	1.675891e+00
2330	1.677746e+00
2331	1.679359e+00
2332	1.680753e+00
2333	1.681726e+00
2334	1.682467e+00
2335	1.682964e+00
2336	1.683081e+00
2337	1.683241e+00
2338	1.683072e+00
2339	1.682858e+00
2340	1.682391e+00
2341	1.681445e+00
2342	1.680452e+00
2343	1.679231e+00
2344	1.677797e+00
2345	1.675860e+00
2346	1.673620e+00
2347	1.671128e+00
2348	1.668317e+00
2349	1.665420e+00
2350	1.662168e+00
2351	1.658576e+00
2352	1.654817e+00
2353	1.651223e+00
2354	1.647538e+00
2355	1.644121e+00
2356	1.640938e+00
2357	1.637809e+00
2358	1.634636e+00
2359	1.631645e+00
2360	1.628962e+00
2361	1.626240e+00
2362	1.623533e+00
2363	1.620948e+00
2364	1.618307e+00
2365	1.615520e+00
2366	1.612634e+00
2367	1.609884e+00
2368	1.607086e+00
2369	1.604606e+00
2370	1.602315e+00
2371	1.600495e+00
2372	1.599092e+00
2373	1.598208e+00
2374	1.597748e+00
2375	1.597662e+00
2376	1.598262e+00
2377	1.598886e+00
2378	1.599687e+00
2379	1.600231e+00
2380	1.600924e+00
2381	1.601482e+00
2382	1.602384e+00
2383	1.603425e+00
2384	1.604659e+00
2385	1.606284e+00
2386	1.608176e+00
2387	1.610385e+00
2388	1.612416e+00
2389	1.614635e+00
2390	1.617037e+00
2391	1.619488e+00
2392	1.622540e+00
2393	1.625596e+00
2394	1.628902e+00
2395	1.632113e+00
2396	1.635402e+00
2397	1.638533e+00
2398	1.641542e+00
2399	1.644478e+00
2400	1.647086e+00
2401	1.649632e+00
2402	1.651885e+00
2403	1.654134e+00
2404	1.656542e+00
2405	1.658385e+00
2406	1.660210e+00
2407	1.662080e+00
2408	1.663823e+00
2409	1.665440e+00
2410	1.666742e+00
2411	1.668159e+00
2412	1.669303e+00
2413	1.670197e+00
2414	1.670606e+00
2415	1.670886e+00
2416	1.670944e+00
2417	1.670677e+00
2418	1.669955e+00
2419	1.668997e+00
2420	1.667662e+00
2421	1.665972e+00
2422	1.663859e+00
2423	1.661449e+00
2424	1.658934e+00
2425	1.656064e+00
2426	1.653169e+00
2427	1.650285e+00
2428	1.647816e+00
2429	1.645753e+00
2430	1.644042e+00
2431	1.642304e+00
2432	1.640634e+00
2433	1.638922e+00
2434	1.637057e+00
2435	1.634998e+00
2436	1.632854e+00
2437	1.630546e+00
2438	1.627895e+00
2439	1.625196e+00
2440	1.622621e+00
2441	1.620260e+00
2442	1.617399e+00
2443	1.614534e+00
2444	1.612098e+00
2445	1.609818e+00
2446	1.607897e+00
2447	1.606241e+00
2448	1.604710e+00
2449	1.603301e+00
2450	1.602101e+00
2451	1.601170e+00
2452	1.600367e+00
2453	1.599660e+00
2454	1.598798e+00
2455	1.598123e+00
2456	1.597439e+00
2457	1.596995e+00
2458	1.596666e+00
2459	1.596695e+00
2460	1.596527e+00
2461	1.596295e+00
2462	1.596418e+00
2463	1.596716e+00
2464	1.597452e+00
2465	1.598758e+00
2466	1.600673e+00
2467	1.603002e+00
2468	1.605744e+00
2469	1.608401e+00
2470	1.611158e+00
2471	1.614035e+00
2472	1.616963e+00
2473	1.619366e+00
2474	1.621436e+00
2475	1.623278e+00
2476	1.625067e+00
2477	1.626867e+00
2478	1.628531e+00
2479	1.629986e+00
2480	1.631339e+00
2481	1.632705e+00
2482	1.634329e+00
2483	1.636044e+00
2484	1.638089e+00
2485	1.640189e+00
2486	1.642328e+00
2487	1.644748e+00
2488	1.647264e+00
2489	1.649620e+00
2490	1.652142e+00
2491	1.654250e+00
2492	1.656323e+00
2493	1.658205e+00
2494	1.659839e+00
2495	1.661137e+00
2496	1.662356e+00
2497	1.663581e+00
2498	1.664670e+00
2499	1.665472e+00
2500	1.666419e+00
2501	1.667245e+00
2502	1.668016e+00
2503	1.669084e+00
2504	1.670168e+00
2505	1.671130e+00
2506	1.671930e+00
2507	1.672589e+00
2508	1.672710e+00
2509	1.672335e+00
2510	1.671536e+00
2511	1.670816e+00
2512	1.669912e+00
2513	1.668506e+00
2514	1.666620e+00
2515	1.664371e+00
2516	1.661998e+00
2517	1.659461e+00
2518	1.656897e+00
2519	1.654718e+00
2520	1.652744e+00
2521	1.650890e+00
2522	1.649010e+00
2523	1.647143e+00
2524	1.645309e+00
2525	1.643488e+00
2526	1.641889e+00
2527	1.640612e+00
2528	1.639138e+00
2529	1.637737e+00
2530	1.636407e+00
2531	1.635006e+00
2532	1.633387e+00
2533	1.631455e+00
2534	1.629397e+00
2535	1.627266e+00
2536	1.625278e+00
2537	1.623441e+00
2538	1.621903e+00
2539	1.620490e+00
2540	1.619224e+00
2541	1.618032e+00
2542	1.617215e+00
2543	1.616659e+00
2544	1.616085e+00
2545	1.615461e+00
2546	1.614812e+00
2547	1.613881e+00
2548	1.612694e+00
2549	1.611302e+00
2550	1.609961e+00
2551	1.608596e+00
2552	1.606942e+00
2553	1.605548e+00
2554	1.604232e+00
2555	1.603174e+00
2556	1.602253e+00
2557	1.601804e+00
2558	1.601561e+00
2559	1.601613e+00
2560	1.601964e+00
2561	1.602285e+00
2562	1.602711e+00
2563	1.602920e+00
2564	1.603406e+00
2565	1.604033e+00
2566	1.604365e+00
2567	1.604743e+00
2568	1.604805e+00
2569	1.604871e+00
2570	1.604865e+00
2571	1.604989e+00
2572	1.605413e+00
2573	1.606035e+00
2574	1.607240e+00
2575	1.608929e+00
2576	1.610999e+00
2577	1.613708e+00
2578	1.616776e+00
2579	1.619934e+00
2580	1.623322e+00
2581	1.627000e+00
2582	1.630578e+00
2583	1.634056e+00
2584	1.637636e+00
2585	1.640938e+00
2586	1.644225e+00
2587	1.647293e+00
2588	1.650252e+00
2589	1.653020e+00
2590	1.655674e+00
2591	1.658306e+00
2592	1.660744e+00
2593	1.663299e+00
2594	1.665999e+00
2595	1.668601e+00
2596	1.670892e+00
2597	1.673312e+00
2598	1.675296e+00
2599	1.676665e+00
2600	1.678059e+00
2601	1.679133e+00
2602	1.679987e+00
2603	1.680243e+00
2604	1.679975e+00
2605	1.679128e+00
2606	1.677900e+00
2607	1.676227e+00
2608	1.674343e+00
2609	1.672155e+00
2610	1.669608e+00
2611	1.666996e+00
2612	1.664188e+00
2613	1.661321e+00
2614	1.658380e+00
2615	1.654943e+00
2616	1.651489e+00
2617	1.647788e+00
2618	1.643788e+00
2619	1.639372e+00
2620	1.634792e+00
2621	1.630020e+00
2622	1.625301e+00
2623	1.620734e+00
2624	1.616298e+00
2625	1.611984e+00
2626	1.607425e+00
2627	1.603105e+00
2628	1.599049e+00
2629	1.595179e+00
2630	1.591384e+00
2631	1.587791e+00
2632	1.584681e+00
2633	1.582038e+00
2634	1.579486e+00
2635	1.577208e+00
2636	1.575060e+00
2637	1.573181e+00
2638	1.571799e+00
2639	1.570891e+00
2640	1.570267e+00
2641	1.569845e+00
2642	1.569559e+00
2643	1.569493e+00
2644	1.569617e+00
2645	1.570216e+00
2646	1.571384e+00
2647	1.572941e+00
2648	1.575031e+00
2649	1.577353e+00
2650	1.580338e+00
2651	1.583811e+00
2652	1.587469e+00
2653	1.591093e+00
2654	1.594812e+00
2655	1.598881e+00
2656	1.603110e+00
2657	1.607187e+00
2658	1.611181e+00
2659	1.615223e+00
2660	1.619084e+00
2661	1.622993e+00
2662	1.626812e+00
2663	1.630832e+00
2664	1.634754e+00
2665	1.638595e+00
2666	1.642516e+00
2667	1.646169e+00
2668	1.649602e+00
2669	1.652964e+00
2670	1.656369e+00
2671	1.659677e+00
2672	1.662890e+00
2673	1.666077e+00
2674	1.668819e+00
2675	1.671410e+00
2676	1.673424e+00
2677	1.674783e+00
2678	1.675481e+00
2679	1.675711e+00
2680	1.675402e+00
2681	1.674524e+00
2682	1.673032e+00
2683	1.671236e+00
2684	1.669304e+00
2685	1.667040e+00
2686	1.664626e+00
2687	1.662288e+00
2688	1.659745e+00
2689	1.657138e+00
2690	1.654348e+00
2691	1.650874e+00
2692	1.647255e+00
2693	1.643412e+00
2694	1.639467e+00
2695	1.634996e+00
2696	1.629944e+00
2697	1.624651e+00
2698	1.619514e+00
2699	1.614298e+00
2700	1.609089e+00
2701	1.604022e+00
2702	1.598971e+00
2703	1.594205e+00
2704	1.589802e+00
2705	1.585587e+00
2706	1.581961e+00
2707	1.578335e+00
2708	1.574665e+00
2709	1.571285e+00
2710	1.568014e+00
2711	1.565201e+00
2712	1.562869e+00
2713	1.560840e+00
2714	1.559231e+00
2715	1.558155e+00
2716	1.557547e+00
2717	1.557279e+00
2718	1.557463e+00
2719	1.558003e+00
2720	1.558849e+00
2721	1.560001e+00
2722	1.561347e+00
2723	1.563183e+00
2724	1.565444e+00
2725	1.568227e+00
2726	1.571205e+00
2727	1.574614e+00
2728	1.578455e+00
2729	1.582948e+00
2730	1.587975e+00
2731	1.593111e+00
2732	1.598540e+00
2733	1.604369e+00
2734	1.610279e+00
2735	1.616333e+00
2736	1.622300e+00
2737	1.627910e+00
2738	1.633303e+00
2739	1.638670e+00
2740	1.643795e+00
2741	1.649104e+00
2742	1.654309e+00
2743	1.659334e+00
2744	1.664332e+00
2745	1.669050e+00
2746	1.673517e+00
2747	1.677822e+00
2748	1.681880e+00
2749	1.685164e+00
2750	1.688139e+00
2751	1.690558e+00
2752	1.692877e+00
2753	1.694576e+00
2754	1.695915e+00
2755	1.697081e+00
2756	1.697716e+00
2757	1.698162e+00
2758	1.698376e+00
2759	1.698286e+00
2760	1.698164e+00
2761	1.697457e+00
2762	1.696420e+00
2763	1.695374e+00
2764	1.693829e+00
2765	1.691947e+00
2766	1.689689e+00
2767	1.687081e+00
2768	1.684226e+00
2769	1.681003e+00
2770	1.677590e+00
2771	1.673872e+00
2772	1.669824e+00
2773	1.665452e+00
2774	1.661172e+00
2775	1.656546e+00
2776	1.651860e+00
2777	1.647594e+00
2778	1.643569e+00
2779	1.639894e+00
2780	1.636221e+00
2781	1.632920e+00
2782	1.629871e+00
2783	1.627011e+00
2784	1.624551e+00
2785	1.622108e+00
2786	1.619981e+00
2787	1.618070e+00
2788	1.616182e+00
2789	1.614640e+00
2790	1.613020e+00
2791	1.611412e+00
2792	1.610065e+00
2793	1.608932e+00
2794	1.608041e+00
2795	1.607294e+00
2796	1.606705e+00
2797	1.605901e+00
2798	1.605260e+00
2799	1.604615e+00
2800	1.604237e+00
2801	1.604330e+00
2802	1.604809e+00
2803	1.605321e+00
2804	1.606015e+00
2805	1.606727e+00
2806	1.607268e+00
2807	1.607454e+00
2808	1.608106e+00
2809	1.608921e+00
2810	1.609794e+00
2811	1.610860e+00
2812	1.612106e+00
2813	1.613684e+00
2814	1.615244e+00
2815	1.616421e+00
2816	1.617594e+00
2817	1.618863e+00
2818	1.620322e+00
2819	1.621992e+00
2820	1.623866e+00
2821	1.626125e+00
2822	1.628665e+00
2823	1.631564e+00
2824	1.634258e+00
2825	1.637186e+00
2826	1.640196e+00
2827	1.643154e+00
2828	1.646403e+00
2829	1.649303e+00
2830	1.652019e+00
2831	1.654640e+00
2832	1.657158e+00
2833	1.659747e+00
2834	1.662128e+00
2835	1.664353e+00
2836	1.666435e+00
2837	1.668373e+00
2838	1.670247e+00
2839	1.672143e+00
2840	1.674114e+00
2841	1.675952e+00
2842	1.677655e+00
2843	1.679304e+00
2844	1.680912e+00
2845	1.682071e+00
2846	1.682902e+00
2847	1.683554e+00
2848	1.683976e+00
2849	1.683845e+00
2850	1.683656e+00
2851	1.683155e+00
2852	1.682111e+00
2853	1.680574e+00
2854	1.679014e+00
2855	1.677391e+00
2856	1.675570e+00
2857	1.673758e+00
2858	1.671804e+00
2859	1.669692e+00
2860	1.667455e+00
2861	1.665142e+00
2862	1.662828e+00
2863	1.660658e+00
2864	1.657941e+00
2865	1.655116e+00
2866	1.651951e+00
2867	1.648273e+00
2868	1.644599e+00
2869	1.640725e+00
2870	1.636497e+00
2871	1.631901e+00
2872	1.626817e+00
2873	1.621792e+00
2874	1.617025e+00
2875	1.612421e+00
2876	1.607901e+00
2877	1.603656e+00
2878	1.600139e+00
2879	1.597134e+00
2880	1.594260e+00
2881	1.591960e+00
2882	1.590014e+00
2883	1.588145e+00
2884	1.586306e+00
2885	1.584289e+00
2886	1.582506e+00
2887	1.581075e+00
2888	1.579704e+00
2889	1.578561e+00
2890	1.577529e+00
2891	1.576966e+00
2892	1.576864e+00
2893	1.577394e+00
2894	1.578586e+00
2895	1.580288e+00
2896	1.582412e+00
2897	1.585148e+00
2898	1.588336e+00
2899	1.591971e+00
2900	1.595914e+00
2901	1.600097e+00
2902	1.604880e+00
2903	1.609451e+00
2904	1.614116e+00
2905	1.618923e+00
2906	1.623773e+00
2907	1.628611e+00
2908	1.633532e+00
2909	1.638748e+00
2910	1.643786e+00
2911	1.648861e+00
2912	1.654197e+00
2913	1.659328e+00
2914	1.664243e+00
2915	1.668741e+00
2916	1.673212e+00
2917	1.677864e+00
2918	1.682685e+00
2919	1.687193e+00
2920	1.691435e+00
2921	1.695128e+00
2922	1.698350e+00
2923	1.701017e+00
2924	1.703179e+00
2925	1.704878e+00
2926	1.705720e+00
2927	1.706322e+00
2928	1.706452e+00
2929	1.706378e+00
2930	1.706007e+00
2931	1.705634e+00
2932	1.704994e+00
2933	1.704227e+00
2934	1.703015e+00
2935	1.701732e+00
2936	1.700292e+00
2937	1.698459e+00
2938	1.696301e+00
2939	1.693553e+00
2940	1.690200e+00
2941	1.686673e+00
2942	1.682700e+00
2943	1.678155e+00
2944	1.673394e+00
2945	1.668509e+00
2946	1.663445e+00
2947	1.658147e+00
2948	1.652648e+00
2949	1.647136e+00
2950	1.641885e+00
2951	1.636770e+00
2952	1.632086e+00
2953	1.627770e+00
2954	1.624195e+00
2955	1.620889e+00
2956	1.617606e+00
2957	1.614486e+00
2958	1.611539e+00
2959	1.608739e+00
2960	1.606016e+00
2961	1.603510e+00
2962	1.601071e+00
2963	1.598530e+00
2964	1.596346e+00
2965	1.594463e+00
2966	1.593025e+00
2967	1.592162e+00
2968	1.592057e+00
2969	1.592532e+00
2970	1.593571e+00
2971	1.595341e+00
2972	1.597818e+00
2973	1.600451e+00
2974	1.603433e+00
2975	1.606760e+00
2976	1.609937e+00
2977	1.613370e+00
2978	1.616741e+00
2979	1.619939e+00
2980	1.623592e+00
2981	1.627502e+00
2982	1.631413e+00
2983	1.635556e+00
2984	1.639899e+00
2985	1.644515e+00
2986	1.649159e+00
2987	1.653894e+00
2988	1.658455e+00
2989	1.662769e+00
2990	1.666945e+00
2991	1.671069e+00
2992	1.674630e+00
2993	1.677804e+00
2994	1.680513e+00
2995	1.682749e+00
2996	1.684443e+00
2997	1.685629e+00
2998	1.686433e+00
2999	1.686505e+00
3000	1.686012e+00
3001	1.685537e+00
3002	1.684345e+00
3003	1.682791e+00
3004	1.680929e+00
3005	1.678642e+00
3006	1.676223e+00
3007	1.674050e+00
3008	1.671422e+00
3009	1.668931e+00
3010	1.665924e+00
3011	1.662387e+00
3012	1.658533e+00
3013	1.654101e+00
3014	1.649183e+00
3015	1.643972e+00
3016	1.638411e+00
3017	1.632780e+00
3018	1.626905e+00
3019	1.621364e+00
3020	1.615797e+00
3021	1.610143e+00
3022	1.604806e+00
3023	1.599649e+00
3024	1.594399e+00
3025	1.589538e+00
3026	1.585031e+00
3027	1.580811e+00
3028	1.576724e+00
3029	1.572904e+00
3030	1.569515e+00
3031	1.566717e+00
3032	1.564112e+00
3033	1.562030e+00
3034	1.560353e+00
3035	1.559366e+00
3036	1.559230e+00
3037	1.559526e+00
3038	1.560648e+00
3039	1.562166e+00
3040	1.564028e+00
3041	1.566189e+00
3042	1.569114e+00
3043	1.572575e+00
3044	1.576536e+00
3045	1.581361e+00
3046	1.586780e+00
3047	1.592438e+00
3048	1.598513e+00
3049	1.604954e+00
3050	1.611826e+00
3051	1.618928e+00
3052	1.626172e+00
3053	1.633171e+00
3054	1.640117e+00
3055	1.646850e+00
3056	1.653700e+00
3057	1.660356e+00
3058	1.666883e+00
3059	1.673365e+00
3060	1.679693e+00
3061	1.685705e+00
3062	1.691518e+00
3063	1.697071e+00
3064	1.702403e+00
3065	1.707588e+00
3066	1.712388e+00
3067	1.716576e+00
3068	1.720443e+00
3069	1.723714e+00
3070	1.726550e+00
3071	1.728906e+00
3072	1.730832e+00
3073	1.732280e+00
3074	1.733161e+00
3075	1.733493e+00
3076	1.733172e+00
3077	1.732302e+00
3078	1.730707e+00
3079	1.728978e+00
3080	1.726726e+00
3081	1.723842e+00
3082	1.720516e+00
3083	1.717150e+00
3084	1.713458e+00
3085	1.709509e+00
3086	1.705132e+00
3087	1.700457e+00
3088	1.695538e+00
3089	1.690208e+00
3090	1.684931e+00
3091	1.679491e+00
3092	1.673580e+00
3093	1.667615e+00
3094	1.661070e+00
3095	1.654585e+00
3096	1.648002e+00
3097	1.641874e+00
3098	1.635721e+00
3099	1.629599e+00
3100	1.623899e+00
3101	1.618224e+00
3102	1.612897e+00
3103	1.607912e+00
3104	1.602860e+00
3105	1.598090e+00
3106	1.593270e+00
3107	1.588794e+00
3108	1.584687e+00
3109	1.580958e+00
3110	1.577789e+00
3111	1.575014e+00
3112	1.572787e+00
3113	1.570975e+00
3114	1.569454e+00
3115	1.568700e+00
3116	1.568535e+00
3117	1.569158e+00
3118	1.570471e+00
3119	1.572185e+00
3120	1.574151e+00
3121	1.576594e+00
3122	1.579856e+00
3123	1.583403e+00
3124	1.586960e+00
3125	1.590532e+00
3126	1.594483e+00
3127	1.598630e+00
3128	1.602928e+00
3129	1.606979e+00
3130	1.611055e+00
3131	1.615133e+00
3132	1.619084e+00
3133	1.622916e+00
3134	1.626657e+00
3135	1.630341e+00
3136	1.634085e+00
3137	1.638117e+00
3138	1.642135e+00
3139	1.645813e+00
3140	1.649420e+00
3141	1.652559e+00
3142	1.655273e+00
3143	1.657755e+00
3144	1.659752e+00
3145	1.661425e+00
3146	1.662838e+00
3147	1.664004e+00
3148	1.664729e+00
3149	1.665154e+00
3150	1.665281e+00
3151	1.665182e+00
3152	1.664645e+00
3153	1.663872e+00
3154	1.662765e+00
3155	1.661606e+00
3156	1.660143e+00
3157	1.658504e+00
3158	1.656628e+00
3159	1.654300e+00
3160	1.651676e+00
3161	1.648854e+00
3162	1.645723e+00
3163	1.642352e+00
3164	1.638963e+00
3165	1.635501e+00
3166	1.631795e+00
3167	1.628304e+00
3168	1.625173e+00
3169	1.622021e+00
3170	1.619098e+00
3171	1.616271e+00
3172	1.613957e+00
3173	1.612029e+00
3174	1.610209e+00
3175	1.608601e+00
3176	1.607194e+00
3177	1.606395e+00
3178	1.605754e+00
3179	1.605159e+00
3180	1.604699e+00
3181	1.604297e+00
3182	1.603769e+00
3183	1.603460e+00
3184	1.603203e+00
3185	1.603179e+00
3186	1.603487e+00
3187	1.603673e+00
3188	1.604180e+00
3189	1.605099e+00
3190	1.606332e+00
3191	1.607909e+00
3192	1.609896e+00
3193	1.611915e+00
3194	1.614292e+00
3195	1.616997e+00
3196	1.619923e+00
3197	1.622954e+00
3198	1.625858e+00
3199	1.628778e+00
3200	1.631832e+00
3201	1.634917e+00
3202	1.637696e+00
3203	1.640397e+00
3204	1.643084e+00
3205	1.645580e+00
3206	1.648109e+00
3207	1.650759e+00
3208	1.653008e+00
3209	1.654909e+00
3210	1.656852e+00
3211	1.658850e+00
3212	1.660582e+00
3213	1.662409e+00
3214	1.664270e+00
3215	1.665565e+00
3216	1.666577e+00
3217	1.667654e+00
3218	1.668429e+00
3219	1.669061e+00
3220	1.669458e+00
3221	1.669671e+00
3222	1.669525e+00
3223	1.668840e+00
3224	1.667404e+00
3225	1.665751e+00
3226	1.663437e+00
3227	1.660968e+00
3228	1.658357e+00
3229	1.655578e+00
3230	1.652793e+00
3231	1.649711e+00
3232	1.646525e+00
3233	1.643462e+00
3234	1.640384e+00
3235	1.637418e+00
3236	1.634515e+00
3237	1.631794e+00
3238	1.629190e+00
3239	1.626437e+00
3240	1.623949e+00
3241	1.621972e+00
3242	1.619991e+00
3243	1.618001e+00
3244	1.616229e+00
3245	1.614668e+00
3246	1.613307e+00
3247	1.612073e+00
3248	1.610977e+00
3249	1.609921e+00
3250	1.609254e+00
3251	1.608829e+00
3252	1.608776e+00
3253	1.608991e+00
3254	1.609313e+00
3255	1.609692e+00
3256	1.610064e+00
3257	1.610539e+00
3258	1.611150e+00
3259	1.611783e+00
3260	1.612433e+00
3261	1.613173e+00
3262	1.613922e+00
3263	1.614867e+00
3264	1.616235e+00
3265	1.617776e+00
3266	1.619248e+00
3267	1.620798e+00
3268	1.622559e+00
3269	1.624409e+00
3270	1.626349e+00
3271	1.628102e+00
3272	1.630125e+00
3273	1.631974e+00
3274	1.633604e+00
3275	1.634906e+00
3276	1.636236e+00
3277	1.637512e+00
3278	1.638669e+00
3279	1.639767e+00
3280	1.641155e+00
3281	1.642441e+00
3282	1.643519e+00
3283	1.644701e+00
3284	1.645853e+00
3285	1.647199e+00
3286	1.648747e+00
3287	1.650383e+00
3288	1.652140e+00
3289	1.653579e+00
3290	1.654948e+00
3291	1.656087e+00
3292	1.657262e+00
3293	1.658402e+00
3294	1.658978e+00
3295	1.659375e+00
3296	1.659835e+00
3297	1.660089e+00
3298	1.660207e+00
3299	1.660059e+00
3300	1.659631e+00
3301	1.659015e+00
3302	1.658197e+00
3303	1.657266e+00
3304	1.656258e+00
3305	1.655245e+00
3306	1.654254e+00
3307	1.653128e+00
3308	1.651952e+00
3309	1.650905e+00
3310	1.649712e+00
3311	1.648584e+00
3312	1.647398e+00
3313	1.645782e+00
3314	1.643946e+00
3315	1.642253e+00
3316	1.640446e+00
3317	1.638782e+00
3318	1.636739e+00
3319	1.634577e+00
3320	1.632238e+00
3321	1.630102e+00
3322	1.628148e+00
3323	1.626131e+00
3324	1.624192e+00
3325	1.622387e+00
3326	1.620753e+00
3327	1.618969e+00
3328	1.617715e+00
3329	1.616578e+00
3330	1.615518e+00
3331	1.614187e+00
3332	1.612824e+00
3333	1.611700e+00
3334	1.610572e+00
3335	1.609720e+00
3336	1.609229e+00
3337	1.609289e+00
3338	1.609476e+00
3339	1.609848e+00
3340	1.610481e+00
3341	1.611473e+00
3342	1.612678e+00
3343	1.613858e+00
3344	1.615052e+00
3345	1.616688e+00
3346	1.618236e+00
3347	1.619948e+00
3348	1.621480e+00
3349	1.622998e+00
3350	1.624601e+00
3351	1.626043e+00
3352	1.627440e+00
3353	1.628664e+00
3354	1.629768e+00
3355	1.630354e+00
3356	1.630329e+00
3357	1.630132e+00
3358	1.629912e+00
3359	1.629781e+00
3360	1.630067e+00
3361	1.630342e+00
3362	1.630623e+00
3363	1.631089e+00
3364	1.631055e+00
3365	1.630945e+00
3366	1.630645e+00
3367	1.629939e+00
3368	1.628860e+00
3369	1.627466e+00
3370	1.625974e+00
3371	1.623999e+00
3372	1.621755e+00
3373	1.619407e+00
3374	1.617028e+00
3375	1.614559e+00
3376	1.612178e+00
3377	1.610113e+00
3378	1.608111e+00
3379	1.606347e+00
3380	1.604648e+00
3381	1.603397e+00
3382	1.602216e+00
3383	1.601305e+00
3384	1.600605e+00
3385	1.600012e+00
3386	1.599295e+00
3387	1.598182e+00
3388	1.596906e+00
3389	1.595738e+00
3390	1.594891e+00
3391	1.594329e+00
3392	1.594277e+00
3393	1.594652e+00
3394	1.595307e+00
3395	1.596097e+00
3396	1.597340e+00
3397	1.598573e+00
3398	1.600270e+00
3399	1.602250e+00
3400	1.604448e+00
3401	1.606717e+00
3402	1.609178e+00
3403	1.611726e+00
3404	1.614345e+00
3405	1.617469e+00
3406	1.620455e+00
3407	1.623490e+00
3408	1.626584e+00
3409	1.629545e+00
3410	1.632618e+00
3411	1.635722e+00
3412	1.638687e+00
3413	1.641719e+00
3414	1.645166e+00
3415	1.648544e+00
3416	1.651943e+00
3417	1.654967e+00
3418	1.658157e+00
3419	1.661168e+00
3420	1.664040e+00
3421	1.666522e+00
3422	1.668773e+00
3423	1.670870e+00
3424	1.672285e+00
3425	1.673495e+00
3426	1.674130e+00
3427	1.674576e+00
3428	1.674958e+00
3429	1.675012e+00
3430	1.675402e+00
3431	1.675346e+00
3432	1.674683e+00
3433	1.673897e+00
3434	1.673035e+00
3435	1.672339e+00
3436	1.671109e+00
3437	1.669776e+00
3438	1.668139e+00
3439	1.666072e+00
3440	1.663924e+00
3441	1.661716e+00
3442	1.659676e+00
3443	1.657386e+00
3444	1.654866e+00
3445	1.652224e+00
3446	1.649513e+00
3447	1.646966e+00
3448	1.644385e+00
3449	1.641917e+00
3450	1.639436e+00
3451	1.637068e+00
3452	1.634868e+00
3453	1.632694e+00
3454	1.630708e+00
3455	1.629132e+00
3456	1.627573e+00
3457	1.625934e+00
3458	1.624249e+00
3459	1.622509e+00
3460	1.621063e+00
3461	1.619884e+00
3462	1.618537e+00
3463	1.617550e+00
3464	1.616425e+00
3465	1.615625e+00
3466	1.615417e+00
3467	1.615471e+00
3468	1.615636e+00
3469	1.615977e+00
3470	1.616734e+00
3471	1.617434e+00
3472	1.618139e+00
3473	1.619232e+00
3474	1.620598e+00
3475	1.622185e+00
3476	1.623889e+00
3477	1.625616e+00
3478	1.627601e+00
3479	1.629962e+00
3480	1.632371e+00
3481	1.635055e+00
3482	1.637557e+00
3483	1.639844e+00
3484	1.641892e+00
3485	1.643955e+00
3486	1.645768e+00
3487	1.647802e+00
3488	1.649884e+00
3489	1.652412e+00
3490	1.654815e+00
3491	1.657154e+00
3492	1.659232e+00
3493	1.661235e+00
3494	1.663067e+00
3495	1.665074e+00
3496	1.666853e+00
3497	1.668751e+00
3498	1.670192e+00
3499	1.671271e+00
3500	1.672196e+00
3501	1.672861e+00
3502	1.673316e+00
3503	1.673676e+00
3504	1.673933e+00
3505	1.673504e+00
3506	1.672524e+00
3507	1.671423e+00
3508	1.669939e+00
3509	1.668219e+00
3510	1.666289e+00
3511	1.663996e+00
3512	1.661438e+00
3513	1.658800e+00
3514	1.656002e+00
3515	1.653095e+00
3516	1.650270e+00
3517	1.647585e+00
3518	1.644634e+00
3519	1.641807e+00
3520	1.639060e+00
3521	1.636488e+00
3522	1.633598e+00
3523	1.630546e+00
3524	1.627526e+00
3525	1.624737e+00
3526	1.622001e+00
3527	1.619462e+00
3528	1.617592e+00
3529	1.615803e+00
3530	1.614243e+00
3531	1.613158e+00
3532	1.612077e+00
3533	1.611182e+00
3534	1.610388e+00
3535	1.609782e+00
3536	1.609416e+00
3537	1.609483e+00
3538	1.609704e+00
3539	1.610100e+00
3540	1.610636e+00
3541	1.611046e+00
3542	1.611794e+00
3543	1.612581e+00
3544	1.613393e+00
3545	1.614216e+00
3546	1.615379e+00
3547	1.616621e+00
3548	1.617850e+00
3549	1.619085e+00
3550	1.620374e+00
3551	1.621908e+00
3552	1.623438e+00
3553	1.625297e+00
3554	1.627303e+00
3555	1.629372e+00
3556	1.631542e+00
3557	1.633840e+00
3558	1.636193e+00
3559	1.638195e+00
3560	1.639912e+00
3561	1.641518e+00
3562	1.642664e+00
3563	1.643559e+00
3564	1.644248e+00
3565	1.644643e+00
3566	1.644582e+00
3567	1.644119e+00
3568	1.643629e+00
3569	1.642920e+00
3570	1.642124e+00
3571	1.641304e+00
3572	1.640489e+00
3573	1.639753e+00
3574	1.638908e+00
3575	1.637720e+00
3576	1.636415e+00
3577	1.635087e+00
3578	1.633832e+00
3579	1.632282e+00
3580	1.630667e+00
3581	1.628881e+00
3582	1.627331e+00
3583	1.625835e+00
3584	1.624564e+00
3585	1.623626e+00
3586	1.622937e+00
3587	1.622489e+00
3588	1.622160e+00
3589	1.621995e+00
3590	1.621854e+00
3591	1.621602e+00
3592	1.621654e+00
3593	1.622135e+00
3594	1.622993e+00
3595	1.623299e+00
3596	1.623723e+00
3597	1.624070e+00
3598	1.624531e+00
3599	1.625026e+00
3600	1.625855e+00
3601	1.626602e+00
3602	1.627125e+00
3603	1.627822e+00
3604	1.628616e+00
3605	1.629409e+00
3606	1.630486e+00
3607	1.631407e+00
3608	1.632219e+00
3609	1.633167e+00
3610	1.634287e+00
3611	1.635581e+00
3612	1.636631e+00
3613	1.637925e+00
3614	1.639350e+00
3615	1.640659e+00
3616	1.641862e+00
3617	1.642835e+00
3618	1.643895e+00
3619	1.644596e+00
3620	1.645188e+00
3621	1.645394e+00
3622	1.645470e+00
3623	1.645424e+00
3624	1.645429e+00
3625	1.645323e+00
3626	1.644990e+00
3627	1.644573e+00
3628	1.643617e+00
3629	1.642481e+00
3630	1.641127e+00
3631	1.639728e+00
3632	1.637985e+00
3633	1.636036e+00
3634	1.634084e+00
3635	1.632118e+00
3636	1.629875e+00
3637	1.627477e+00
3638	1.625191e+00
3639	1.623243e+00
3640	1.621584e+00
3641	1.620048e+00
3642	1.618734e+00
3643	1.617375e+00
3644	1.616274e+00
3645	1.615264e+00
3646	1.614491e+00
3647	1.613450e+00
3648	1.612563e+00
3649	1.611610e+00
3650	1.610774e+00
3651	1.609862e+00
3652	1.609151e+00
3653	1.608721e+00
3654	1.608272e+00
3655	1.608123e+00
3656	1.608172e+00
3657	1.608535e+00
3658	1.608546e+00
3659	1.608967e+00
3660	1.608932e+00
3661	1.608907e+00
3662	1.608922e+00
3663	1.609028e+00
3664	1.609033e+00
3665	1.609602e+00
3666	1.610318e+00
3667	1.611126e+00
3668	1.612115e+00
3669	1.613420e+00
3670	1.614869e+00
3671	1.616437e+00
3672	1.618137e+00
3673	1.619968e+00
3674	1.621728e+00
3675	1.623488e+00
3676	1.625294e+00
3677	1.627164e+00
3678	1.628887e+00
3679	1.630715e+00
3680	1.632433e+00
3681	1.633978e+00
3682	1.635383e+00
3683	1.636471e+00
3684	1.637350e+00
3685	1.638000e+00
3686	1.638420e+00
3687	1.638752e+00
3688	1.639302e+00
3689	1.639685e+00
3690	1.639770e+00
3691	1.639848e+00
3692	1.639579e+00
3693	1.639358e+00
3694	1.639085e+00
3695	1.638933e+00
3696	1.638345e+00
3697	1.637189e+00
3698	1.635900e+00
3699	1.634736e+00
3700	1.633600e+00
3701	1.632403e+00
3702	1.630815e+00
3703	1.629073e+00
3704	1.627164e+00
3705	1.625057e+00
3706	1.623221e+00
3707	1.621593e+00
3708	1.620253e+00
3709	1.618925e+00
3710	1.617696e+00
3711	1.616773e+00
3712	1.616318e+00
3713	1.616163e+00
3714	1.616446e+00
3715	1.616752e+00
3716	1.617476e+00
3717	1.618437e+00
3718	1.619996e+00
3719	1.621849e+00
3720	1.624201e+00
3721	1.626802e+00
3722	1.629090e+00
3723	1.631495e+00
3724	1.633990e+00
3725	1.636396e+00
3726	1.638854e+00
3727	1.641461e+00
3728	1.644210e+00
3729	1.646996e+00
3730	1.649886e+00
3731	1.653158e+00
3732	1.656630e+00
3733	1.660111e+00
3734	1.663508e+00
3735	1.666797e+00
3736	1.669895e+00
3737	1.672790e+00
3738	1.675136e+00
3739	1.677278e+00
3740	1.679204e+00
3741	1.680888e+00
3742	1.682404e+00
3743	1.683758e+00
3744	1.685001e+00
3745	1.685931e+00
3746	1.686594e+00
3747	1.687345e+00
3748	1.687421e+00
3749	1.687038e+00
3750	1.686146e+00
3751	1.685073e+00
3752	1.683319e+00
3753	1.681043e+00
3754	1.678582e+00
3755	1.675775e+00
3756	1.672778e+00
3757	1.669627e+00
3758	1.665781e+00
3759	1.661624e+00
3760	1.657498e+00
3761	1.653102e+00
3762	1.648511e+00
3763	1.643946e+00
3764	1.639256e+00
3765	1.634583e+00
3766	1.629845e+00
3767	1.625080e+00
3768	1.620233e+00
3769	1.615359e+00
3770	1.610310e+00
3771	1.605501e+00
3772	1.600979e+00
3773	1.596688e+00
3774	1.592734e+00
3775	1.589064e+00
3776	1.585497e+00
3777	1.582626e+00
3778	1.579985e+00
3779	1.577409e+00
3780	1.574992e+00
3781	1.572752e+00
3782	1.570538e+00
3783	1.568830e+00
3784	1.567368e+00
3785	1.566400e+00
3786	1.566044e+00
3787	1.566415e+00
3788	1.567475e+00
3789	1.569239e+00
3790	1.571510e+00
3791	1.574375e+00
3792	1.577815e+00
3793	1.581165e+00
3794	1.584710e+00
3795	1.588911e+00
3796	1.593511e+00
3797	1.598161e+00
3798	1.603275e+00
3799	1.608440e+00
3800	1.613474e+00
3801	1.618690e+00
3802	1.623637e+00
3803	1.628775e+00
3804	1.633783e+00
3805	1.639032e+00
3806	1.644122e+00
3807	1.649325e+00
3808	1.654347e+00
3809	1.659078e+00
3810	1.663484e+00
3811	1.667940e+00
3812	1.672024e+00
3813	1.675681e+00
3814	1.679633e+00
3815	1.683201e+00
3816	1.686439e+00
3817	1.689441e+00
3818	1.692057e+00
3819	1.694484e+00
3820	1.696550e+00
3821	1.697954e+00
3822	1.698940e+00
3823	1.699792e+00
3824	1.700451e+00
3825	1.700927e+00
3826	1.700740e+00
3827	1.700300e+00
3828	1.699728e+00
3829	1.698465e+00
3830	1.696773e+00
3831	1.694563e+00
3832	1.692002e+00
3833	1.688814e+00
3834	1.685318e+00
3835	1.681146e+00
3836	1.676221e+00
3837	1.671071e+00
3838	1.665651e+00
3839	1.660161e+00
3840	1.654479e+00
3841	1.648659e+00
3842	1.642860e+00
3843	1.637183e+00
3844	1.631593e+00
3845	1.626019e+00
3846	1.620421e+00
3847	1.614726e+00
3848	1.608791e+00
3849	1.603386e+00
3850	1.598237e+00
3851	1.593585e+00
3852	1.589251e+00
3853	1.585808e+00
3854	1.582689e+00
3855	1.580072e+00
3856	1.577558e+00
3857	1.575723e+00
3858	1.574652e+00
3859	1.574270e+00
3860	1.574580e+00
3861	1.575193e+00
3862	1.576450e+00
3863	1.578278e+00
3864	1.580743e+00
3865	1.583411e+00
3866	1.586567e+00
3867	1.590050e+00
3868	1.593702e+00
3869	1.597774e+00
3870	1.602395e+00
3871	1.607416e+00
3872	1.612559e+00
3873	1.617755e+00
3874	1.623301e+00
3875	1.629417e+00
3876	1.635604e+00
3877	1.641895e+00
3878	1.648059e+00
3879	1.654230e+00
3880	1.660226e+00
3881	1.665964e+00
3882	1.671293e+00
3883	1.676323e+00
3884	1.681338e+00
3885	1.686010e+00
3886	1.690485e+00
3887	1.694860e+00
3888	1.699108e+00
3889	1.703196e+00
3890	1.706538e+00
3891	1.709374e+00
3892	1.712019e+00
3893	1.714422e+00
3894	1.716460e+00
3895	1.718051e+00
3896	1.718867e+00
3897	1.719224e+00
3898	1.719381e+00
3899	1.719201e+00
3900	1.718608e+00
3901	1.717631e+00
3902	1.716034e+00
3903	1.714433e+00
3904	1.712511e+00
3905	1.710399e+00
3906	1.708158e+00
3907	1.705733e+00
3908	1.703117e+00
3909	1.700197e+00
3910	1.697161e+00
3911	1.693592e+00
3912	1.689828e+00
3913	1.685895e+00
3914	1.681783e+00
3915	1.677334e+00
3916	1.672564e+00
3917	1.667465e+00
3918	1.662233e+00
3919	1.656944e+00
3920	1.652102e+00
3921	1.647128e+00
3922	1.641879e+00
3923	1.636788e+00
3924	1.631703e+00
3925	1.626909e+00
3926	1.622012e+00
3927	1.617505e+00
3928	1.613406e+00
3929	1.609801e+00
3930	1.606588e+00
3931	1.603889e+00
3932	1.601567e+00
3933	1.599347e+00
3934	1.597478e+00
3935	1.595702e+00
3936	1.594122e+00
3937	1.592819e+00
3938	1.592160e+00
3939	1.591826e+00
3940	1.591939e+00
3941	1.592557e+00
3942	1.593435e+00
3943	1.594738e+00
3944	1.596452e+00
3945	1.598494e+00
3946	1.601089e+00
3947	1.603812e+00
3948	1.606960e+00
3949	1.610455e+00
3950	1.614164e+00
3951	1.618014e+00
3952	1.621863e+00
3953	1.625760e+00
3954	1.629712e+00
3955	1.633572e+00
3956	1.637127e+00
3957	1.640336e+00
3958	1.643393e+00
3959	1.646237e+00
3960	1.648322e+00
3961	1.650006e+00
3962	1.651626e+00
3963	1.653093e+00
3964	1.654768e+00
3965	1.656382e+00
3966	1.657884e+00
3967	1.659283e+00
3968	1.660754e+00
3969	1.662066e+00
3970	1.663184e+00
3971	1.663945e+00
3972	1.664326e+00
3973	1.664416e+00
3974	1.664215e+00
3975	1.664067e+00
3976	1.663377e+00
3977	1.662627e+00
3978	1.661508e+00
3979	1.660041e+00
3980	1.658178e+00
3981	1.656259e+00
3982	1.654379e+00
3983	1.652410e+00
3984	1.650879e+00
3985	1.649407e+00
3986	1.647688e+00
3987	1.646065e+00
3988	1.644451e+00
3989	1.642961e+00
3990	1.641498e+00
3991	1.640132e+00
3992	1.638721e+00
3993	1.637363e+00
3994	1.635900e+00
3995	1.634325e+00
3996	1.632684e+00
3997	1.631315e+00
3998	1.629863e+00
3999	1.628601e+00
4000	1.627393e+00
4001	1.626176e+00
4002	1.625109e+00
4003	1.624307e+00
4004	1.623498e+00
4005	1.622903e+00
4006	1.622242e+00
4007	1.621927e+00
4008	1.621622e+00
4009	1.621478e+00
4010	1.621639e+00
4011	1.621825e+00
4012	1.622529e+00
4013	1.623716e+00
4014	1.624655e+00
4015	1.625826e+00
4016	1.627050e+00
4017	1.628450e+00
4018	1.630035e+00
4019	1.631648e+00
4020	1.633638e+00
4021	1.635835e+00
4022	1.638137e+00
4023	1.640840e+00
4024	1.643370e+00
4025	1.645674e+00
4026	1.647891e+00
4027	1.649950e+00
4028	1.651940e+00
4029	1.653297e+00
4030	1.654331e+00
4031	1.655478e+00
4032	1.656233e+00
4033	1.657043e+00
4034	1.657809e+00
4035	1.658521e+00
4036	1.659032e+00
4037	1.659859e+00
4038	1.660770e+00
4039	1.661928e+00
4040	1.662722e+00
4041	1.663386e+00
4042	1.664021e+00
4043	1.664959e+00
4044	1.665995e+00
4045	1.666770e+00
4046	1.667355e+00
4047	1.667956e+00
4048	1.668192e+00
4049	1.668007e+00
4050	1.667299e+00
4051	1.666187e+00
4052	1.664653e+00
4053	1.662816e+00
4054	1.661143e+00
4055	1.659427e+00
4056	1.657966e+00
4057	1.656485e+00
4058	1.655039e+00
4059	1.653480e+00
4060	1.652158e+00
4061	1.650900e+00
4062	1.649687e+00
4063	1.648787e+00
4064	1.647985e+00
4065	1.647167e+00
4066	1.646573e+00
4067	1.645548e+00
4068	1.644452e+00
4069	1.643276e+00
4070	1.642067e+00
4071	1.640645e+00
4072	1.639351e+00
4073	1.637960e+00
4074	1.636673e+00
4075	1.635649e+00
4076	1.634624e+00
4077	1.633933e+00
4078	1.633175e+00
4079	1.632595e+00
4080	1.632162e+00
4081	1.631600e+00
4082	1.631162e+00
4083	1.630724e+00
4084	1.630247e+00
4085	1.629782e+00
4086	1.628841e+00
4087	1.627737e+00
4088	1.626949e+00
4089	1.625908e+00
4090	1.624974e+00
4091	1.624154e+00
4092	1.623864e+00
4093	1.624068e+00
4094	1.624546e+00
4095	1.625539e+00
4096	1.626845e+00
4097	1.628213e+00
4098	1.629605e+00
4099	1.631188e+00
4100	1.632685e+00
4101	1.634270e+00
4102	1.635443e+00
4103	1.636590e+00
4104	1.637377e+00
4105	1.638046e+00
4106	1.638677e+00
4107	1.639584e+00
4108	1.640349e+00
4109	1.640907e+00
4110	1.641600e+00
4111	1.642230e+00
4112	1.642907e+00
4113	1.643638e+00
4114	1.644495e+00
4115	1.645562e+00
4116	1.646516e+00
4117	1.647337e+00
4118	1.647676e+00
4119	1.647830e+00
4120	1.647896e+00
4121	1.647548e+00
4122	1.646772e+00
4123	1.645607e+00
4124	1.644101e+00
4125	1.642177e+00
4126	1.639820e+00
4127	1.637327e+00
4128	1.634776e+00
4129	1.632304e+00
4130	1.629917e+00
4131	1.627732e+00
4132	1.625892e+00
4133	1.624535e+00
4134	1.623693e+00
4135	1.623174e+00
4136	1.622952e+00
4137	1.622766e+00
4138	1.622547e+00
4139	1.622280e+00
4140	1.622286e+00
4141	1.622402e+00
4142	1.622446e+00
4143	1.622496e+00
4144	1.622674e+00
4145	1.622725e+00
4146	1.622787e+00
4147	1.622875e+00
4148	1.623217e+00
4149	1.623721e+00
4150	1.624602e+00
4151	1.625961e+00
4152	1.627772e+00
4153	1.629381e+00
4154	1.630988e+00
4155	1.633060e+00
4156	1.635288e+00
4157	1.637296e+00
4158	1.638948e+00
4159	1.640209e+00
4160	1.641098e+00
4161	1.641659e+00
4162	1.642132e+00
4163	1.642249e+00
4164	1.642200e+00
4165	1.642387e+00
4166	1.642714e+00
4167	1.643130e+00
4168	1.643928e+00
4169	1.644732e+00
4170	1.645772e+00
4171	1.646751e+00
4172	1.648054e+00
4173	1.649150e+00
4174	1.649830e+00
4175	1.650416e+00
4176	1.650715e+00
4177	1.650668e+00
4178	1.650243e+00
4179	1.649588e+00
4180	1.648614e+00
4181	1.647521e+00
4182	1.646356e+00
4183	1.644711e+00
4184	1.643173e+00
4185	1.641620e+00
4186	1.640176e+00
4187	1.638842e+00
4188	1.636990e+00
4189	1.635095e+00
4190	1.633124e+00
4191	1.630931e+00
4192	1.628553e+00
4193	1.626142e+00
4194	1.623715e+00
4195	1.621319e+00
4196	1.618875e+00
4197	1.616280e+00
4198	1.613761e+00
4199	1.611288e+00
4200	1.608926e+00
4201	1.607052e+00
4202	1.605331e+00
4203	1.604007e+00
4204	1.603159e+00
4205	1.602827e+00
4206	1.603024e+00
4207	1.603226e+00
4208	1.603799e+00
4209	1.604843e+00
4210	1.605905e+00
4211	1.606506e+00
4212	1.606862e+00
4213	1.607340e+00
4214	1.607809e+00
4215	1.608491e+00
4216	1.609207e+00
4217	1.610099e+00
4218	1.611300e+00
4219	1.612435e+00
4220	1.613753e+00
4221	1.615539e+00
4222	1.617272e+00
4223	1.619299e+00
4224	1.621264e+00
4225	1.623597e+00
4226	1.625938e+00
4227	1.628159e+00
4228	1.630012e+00
4229	1.631951e+00
4230	1.633392e+00
4231	1.634688e+00
4232	1.635685e+00
4233	1.636612e+00
4234	1.637505e+00
4235	1.638043e+00
4236	1.638549e+00
4237	1.639153e+00
4238	1.639838e+00
4239	1.640445e+00
4240	1.641556e+00
4241	1.642371e+00
4242	1.643179e+00
4243	1.644409e+00
4244	1.645808e+00
4245	1.647249e+00
4246	1.648635e+00
4247	1.649965e+00
4248	1.650909e+00
4249	1.651704e+00
4250	1.652389e+00
4251	1.652642e+00
4252	1.652691e+00
4253	1.652437e+00
4254	1.651820e+00
4255	1.651111e+00
4256	1.650586e+00
4257	1.650117e+00
4258	1.649655e+00
4259	1.649089e+00
4260	1.648422e+00
4261	1.647894e+00
4262	1.647120e+00
4263	1.646610e+00
4264	1.645986e+00
4265	1.644943e+00
4266	1.644081e+00
4267	1.643313e+00
4268	1.642741e+00
4269	1.641838e+00
4270	1.640927e+00
4271	1.639968e+00
4272	1.638767e+00
4273	1.637782e+00
4274	1.636914e+00
4275	1.636220e+00
4276	1.635659e+00
4277	1.635372e+00
4278	1.635127e+00
4279	1.635262e+00
4280	1.635538e+00
4281	1.635889e+00
4282	1.636371e+00
4283	1.636829e+00
4284	1.637078e+00
4285	1.637183e+00
4286	1.637301e+00
4287	1.637183e+00
4288	1.636914e+00
4289	1.636603e+00
4290	1.636238e+00
4291	1.636005e+00
4292	1.635371e+00
4293	1.634547e+00
4294	1.634018e+00
4295	1.633828e+00
4296	1.633899e+00
4297	1.634251e+00
4298	1.634457e+00
4299	1.635068e+00
4300	1.635841e+00
4301	1.636642e+00
4302	1.637325e+00
4303	1.638351e+00
4304	1.639232e+00
4305	1.639981e+00
4306	1.640293e+00
4307	1.640639e+00
4308	1.640662e+00
4309	1.640698e+00
4310	1.640783e+00
4311	1.641042e+00
4312	1.641373e+00
4313	1.641749e+00
4314	1.642552e+00
4315	1.643721e+00
4316	1.644776e+00
4317	1.646122e+00
4318	1.647442e+00
4319	1.648671e+00
4320	1.649727e+00
4321	1.650775e+00
4322	1.651842e+00
4323	1.652866e+00
4324	1.654114e+00
4325	1.654966e+00
4326	1.655759e+00
4327	1.656619e+00
4328	1.657623e+00
4329	1.658832e+00
4330	1.659893e+00
4331	1.661198e+00
4332	1.662531e+00
4333	1.664055e+00
4334	1.665958e+00
4335	1.668102e+00
4336	1.670335e+00
4337	1.672420e+00
4338	1.674650e+00
4339	1.676835e+00
4340	1.678583e+00
4341	1.680022e+00
4342	1.680982e+00
4343	1.681594e+00
4344	1.682329e+00
4345	1.682490e+00
4346	1.682519e+00
4347	1.682398e+00
4348	1.682088e+00
4349	1.681765e+00
4350	1.681184e+00
4351	1.680177e+00
4352	1.679396e+00
4353	1.678655e+00
4354	1.677953e+00
4355	1.677141e+00
4356	1.676187e+00
4357	1.674710e+00
4358	1.672497e+00
4359	1.670337e+00
4360	1.667930e+00
4361	1.664919e+00
4362	1.661191e+00
4363	1.657434e+00
4364	1.653450e+00
4365	1.649179e+00
4366	1.644651e+00
4367	1.639835e+00
4368	1.635174e+00
4369	1.630681e+00
4370	1.626373e+00
4371	1.622228e+00
4372	1.618393e+00
4373	1.614741e+00
4374	1.611381e+00
4375	1.608276e+00
4376	1.605085e+00
4377	1.601904e+00
4378	1.598607e+00
4379	1.595514e+00
4380	1.592750e+00
4381	1.590130e+00
4382	1.587881e+00
4383	1.585662e+00
4384	1.583575e+00
4385	1.581475e+00
4386	1.579686e+00
4387	1.578280e+00
4388	1.577025e+00
4389	1.576210e+00
4390	1.575968e+00
4391	1.575854e+00
4392	1.576325e+00
4393	1.576924e+00
4394	1.577966e+00
4395	1.579396e+00
4396	1.581017e+00
4397	1.582889e+00
4398	1.585024e+00
4399	1.587376e+00
4400	1.589552e+00
4401	1.591923e+00
4402	1.594502e+00
4403	1.597233e+00
4404	1.599894e+00
4405	1.602795e+00
4406	1.606127e+00
4407	1.609972e+00
4408	1.614279e+00
4409	1.618641e+00
4410	1.623020e+00
4411	1.627526e+00
4412	1.632172e+00
4413	1.636933e+00
4414	1.641217e+00
4415	1.645385e+00
4416	1.649410e+00
4417	1.653054e+00
4418	1.656468e+00
4419	1.659751e+00
4420	1.662825e+00
4421	1.665757e+00
4422	1.668360e+00
4423	1.670516e+00
4424	1.672501e+00
4425	1.674243e+00
4426	1.676122e+00
4427	1.677940e+00
4428	1.679641e+00
4429	1.681164e+00
4430	1.682578e+00
4431	1.684089e+00
4432	1.685219e+00
4433	1.686168e+00
4434	1.686681e+00
4435	1.686804e+00
4436	1.686339e+00
4437	1.685900e+00
4438	1.685295e+00
4439	1.683904e+00
4440	1.681968e+00
4441	1.679630e+00
4442	1.677288e+00
4443	1.674838e+00
4444	1.671893e+00
4445	1.668861e+00
4446	1.665801e+00
4447	1.662479e+00
4448	1.658975e+00
4449	1.655367e+00
4450	1.651555e+00
4451	1.647822e+00
4452	1.643961e+00
4453	1.639892e+00
4454	1.635557e+00
4455	1.631174e+00
4456	1.626878e+00
4457	1.622366e+00
4458	1.617868e+00
4459	1.613341e+00
4460	1.609392e+00
4461	1.605618e+00
4462	1.602193e+00
4463	1.599338e+00
4464	1.596842e+00
4465	1.594752e+00
4466	1.593090e+00
4467	1.591836e+00
4468	1.590715e+00
4469	1.589788e+00
4470	1.589072e+00
4471	1.588595e+00
4472	1.588017e+00
4473	1.587846e+00
4474	1.588299e+00
4475	1.589467e+00
4476	1.590770e+00
4477	1.592486e+00
4478	1.594291e+00
4479	1.596374e+00
4480	1.598762e+00
4481	1.601387e+00
4482	1.603953e+00
4483	1.606379e+00
4484	1.609223e+00
4485	1.611870e+00
4486	1.614511e+00
4487	1.617281e+00
4488	1.619863e+00
4489	1.622484e+00
4490	1.625110e+00
4491	1.627672e+00
4492	1.630076e+00
4493	1.632787e+00
4494	1.635507e+00
4495	1.637766e+00
4496	1.639947e+00
4497	1.642085e+00
4498	1.644007e+00
4499	1.645981e+00
4500	1.647989e+00
4501	1.650182e+00
4502	1.652347e+00
4503	1.654578e+00
4504	1.656368e+00
4505	1.657903e+00
4506	1.659174e+00
4507	1.660033e+00
4508	1.660659e+00
4509	1.660861e+00
4510	1.660829e+00
4511	1.660665e+00
4512	1.660182e+00
4513	1.659640e+00
4514	1.658842e+00
4515	1.657796e+00
4516	1.656525e+00
4517	1.655279e+00
4518	1.653963e+00
4519	1.652489e+00
4520	1.650638e+00
4521	1.648143e+00
4522	1.645572e+00
4523	1.643008e+00
4524	1.640079e+00
4525	1.637222e+00
4526	1.634387e+00
4527	1.631440e+00
4528	1.628518e+00
4529	1.625951e+00
4530	1.623659e+00
4531	1.621586e+00
4532	1.619676e+00
4533	1.617891e+00
4534	1.616268e+00
4535	1.614905e+00
4536	1.613721e+00
4537	1.612614e+00
4538	1.611632e+00
4539	1.610547e+00
4540	1.609745e+00
4541	1.608778e+00
4542	1.608117e+00
4543	1.607655e+00
4544	1.607534e+00
4545	1.608010e+00
4546	1.608961e+00
4547	1.609907e+00
4548	1.611154e+00
4549	1.612783e+00
4550	1.614422e+00
4551	1.616389e+00
4552	1.618616e+00
4553	1.621447e+00
4554	1.624350e+00
4555	1.627484e+00
4556	1.630769e+00
4557	1.634195e+00
4558	1.638160e+00
4559	1.642365e+00
4560	1.646694e+00
4561	1.651034e+00
4562	1.655216e+00
4563	1.659052e+00
4564	1.663293e+00
4565	1.667304e+00
4566	1.670874e+00
4567	1.674019e+00
4568	1.676943e+00
4569	1.679695e+00
4570	1.682428e+00
4571	1.684892e+00
4572	1.687437e+00
4573	1.689879e+00
4574	1.692178e+00
4575	1.694298e+00
4576	1.696448e+00
4577	1.698489e+00
4578	1.700461e+00
4579	1.702196e+00
4580	1.703849e+00
4581	1.705132e+00
4582	1.706288e+00
4583	1.707058e+00
4584	1.707228e+00
4585	1.706979e+00
4586	1.706332e+00
4587	1.705014e+00
4588	1.703368e+00
4589	1.701367e+00
4590	1.699015e+00
4591	1.696370e+00
4592	1.693536e+00
4593	1.690161e+00
4594	1.686334e+00
4595	1.682164e+00
4596	1.677727e+00
4597	1.673270e+00
4598	1.668379e+00
4599	1.663368e+00
4600	1.658463e+00
4601	1.653520e+00
4602	1.647989e+00
4603	1.642453e+00
4604	1.637002e+00
4605	1.631529e+00
4606	1.625995e+00
4607	1.620657e+00
4608	1.615520e+00
4609	1.610755e+00
4610	1.606260e+00
4611	1.602099e+00
4612	1.598453e+00
4613	1.595392e+00
4614	1.592755e+00
4615	1.590530e+00
4616	1.589024e+00
4617	1.587465e+00
4618	1.586487e+00
4619	1.586250e+00
4620	1.586455e+00
4621	1.587206e+00
4622	1.588511e+00
4623	1.590231e+00
4624	1.592410e+00
4625	1.594795e+00
4626	1.597401e+00
4627	1.600163e+00
4628	1.603403e+00
4629	1.606922e+00
4630	1.611160e+00
4631	1.615252e+00
4632	1.619724e+00
4633	1.624474e+00
4634	1.629543e+00
4635	1.634765e+00
4636	1.640158e+00
4637	1.645807e+00
4638	1.651572e+00
4639	1.657028e+00
4640	1.662433e+00
4641	1.667321e+00
4642	1.672144e+00
4643	1.676812e+00
4644	1.681552e+00
4645	1.686067e+00
4646	1.690627e+00
4647	1.695043e+00
4648	1.699004e+00
4649	1.702911e+00
4650	1.706264e+00
4651	1.708750e+00
4652	1.710470e+00
4653	1.711979e+00
4654	1.713471e+00
4655	1.714548e+00
4656	1.715357e+00
4657	1.715854e+00
4658	1.715613e+00
4659	1.715089e+00
4660	1.714266e+00
4661	1.713241e+00
4662	1.711648e+00
4663	1.709668e+00
4664	1.707638e+00
4665	1.705192e+00
4666	1.702459e+00
4667	1.699282e+00
4668	1.695850e+00
4669	1.692088e+00
4670	1.687865e+00
4671	1.683775e+00
4672	1.679713e+00
4673	1.675371e+00
4674	1.670753e+00
4675	1.665895e+00
4676	1.660922e+00
4677	1.655510e+00
4678	1.649964e+00
4679	1.644703e+00
4680	1.639558e+00
4681	1.634297e+00
4682	1.629153e+00
4683	1.624195e+00
4684	1.619693e+00
4685	1.615529e+00
4686	1.611778e+00
4687	1.608256e+00
4688	1.604801e+00
4689	1.601899e+00
4690	1.599433e+00
4691	1.597314e+00
4692	1.595418e+00
4693	1.593539e+00
4694	1.591701e+00
4695	1.589947e+00
4696	1.588443e+00
4697	1.587021e+00
4698	1.586022e+00
4699	1.585441e+00
4700	1.585117e+00
4701	1.585055e+00
4702	1.585257e+00
4703	1.585744e+00
4704	1.586775e+00
4705	1.588192e+00
4706	1.590034e+00
4707	1.592175e+00
4708	1.594191e+00
4709	1.596440e+00
4710	1.598553e+00
4711	1.600598e+00
4712	1.602954e+00
4713	1.605247e+00
4714	1.607897e+00
4715	1.611265e+00
4716	1.614597e+00
4717	1.617858e+00
4718	1.621154e+00
4719	1.624490e+00
4720	1.627959e+00
4721	1.631206e+00
4722	1.634231e+00
4723	1.637044e+00
4724	1.639883e+00
4725	1.643037e+00
4726	1.646136e+00
4727	1.648808e+00
4728	1.651439e+00
4729	1.653838e+00
4730	1.656138e+00
4731	1.658028e+00
4732	1.659701e+00
4733	1.661202e+00
4734	1.662093e+00
4735	1.663185e+00
4736	1.663924e+00
4737	1.664356e+00
4738	1.664606e+00
4739	1.664788e+00
4740	1.664636e+00
4741	1.664358e+00
4742	1.663979e+00
4743	1.663408e+00
4744	1.662511e+00
4745	1.661558e+00
4746	1.660840e+00
4747	1.659941e+00
4748	1.658658e+00
4749	1.657425e+00
4750	1.656434e+00
4751	1.655659e+00
4752	1.654899e+00
4753	1.653887e+00
4754	1.652921e+00
4755	1.651863e+00
4756	1.651006e+00
4757	1.650210e+00
4758	1.649451e+00
4759	1.648518e+00
4760	1.647762e+00
4761	1.646706e+00
4762	1.645456e+00
4763	1.644270e+00
4764	1.643305e+00
4765	1.642152e+00
4766	1.641189e+00
4767	1.640141e+00
4768	1.639156e+00
4769	1.638256e+00
4770	1.637292e+00
4771	1.636701e+00
4772	1.635747e+00
4773	1.634875e+00
4774	1.633985e+00
4775	1.632992e+00
4776	1.631770e+00
4777	1.630635e+00
4778	1.629312e+00
4779	1.627836e+00
4780	1.626534e+00
4781	1.625386e+00
4782	1.624297e+00
4783	1.623139e+00
4784	1.622010e+00
4785	1.620786e+00
4786	1.619585e+00
4787	1.618278e+00
4788	1.617159e+00
4789	1.616431e+00
4790	1.616157e+00
4791	1.615947e+00
4792	1.615866e+00
4793	1.615763e+00
4794	1.615709e+00
4795	1.615522e+00
4796	1.615049e+00
4797	1.614408e+00
4798	1.613811e+00
4799	1.613383e+00
4800	1.612816e+00
4801	1.612303e+00
4802	1.611688e+00
4803	1.611086e+00
4804	1.610513e+00
4805	1.610129e+00
4806	1.610159e+00
4807	1.610272e+00
4808	1.610737e+00
4809	1.611253e+00
4810	1.611484e+00
4811	1.611884e+00
4812	1.612165e+00
4813	1.612851e+00
4814	1.613374e+00
4815	1.613820e+00
4816	1.614365e+00
4817	1.615317e+00
4818	1.616579e+00
4819	1.618194e+00
4820	1.619654e+00
4821	1.621298e+00
4822	1.623335e+00
4823	1.625427e+00
4824	1.627760e+00
4825	1.630209e+00
4826	1.632908e+00
4827	1.635643e+00
4828	1.638436e+00
4829	1.641343e+00
4830	1.644249e+00
4831	1.646932e+00
4832	1.649104e+00
4833	1.651029e+00
4834	1.652853e+00
4835	1.654683e+00
4836	1.656528e+00
4837	1.658634e+00
4838	1.660294e+00
4839	1.661882e+00
4840	1.663425e+00
4841	1.665301e+00
4842	1.667081e+00
4843	1.668633e+00
4844	1.669985e+00
4845	1.671259e+00
4846	1.672335e+00
4847	1.673061e+00
4848	1.673275e+00
4849	1.673134e+00
4850	1.672671e+00
4851	1.672047e+00
4852	1.671179e+00
4853	1.669791e+00
4854	1.668347e+00
4855	1.666957e+00
4856	1.665520e+00
4857	1.663617e+00
4858	1.661289e+00
4859	1.658827e+00
4860	1.656293e+00
4861	1.653605e+00
4862	1.650878e+00
4863	1.648014e+00
4864	1.644794e+00
4865	1.641387e+00
4866	1.637976e+00
4867	1.634229e+00
4868	1.630221e+00
4869	1.626374e+00
4870	1.622438e+00
4871	1.618468e+00
4872	1.614696e+00
4873	1.611315e+00
4874	1.608202e+00
4875	1.605391e+00
4876	1.603097e+00
4877	1.601162e+00
4878	1.599688e+00
4879	1.598760e+00
4880	1.598025e+00
4881	1.597424e+00
4882	1.597426e+00
4883	1.597421e+00
4884	1.597745e+00
4885	1.598205e+00
4886	1.598961e+00
4887	1.600142e+00
4888	1.601752e+00
4889	1.603624e+00
4890	1.605757e+00
4891	1.607976e+00
4892	1.610834e+00
4893	1.614058e+00
4894	1.617485e+00
4895	1.620974e+00
4896	1.624688e+00
4897	1.628647e+00
4898	1.632493e+00
4899	1.636255e+00
4900	1.640441e+00
4901	1.644595e+00
4902	1.648588e+00
4903	1.652441e+00
4904	1.656254e+00
4905	1.660019e+00
4906	1.663830e+00
4907	1.667399e+00
4908	1.670560e+00
4909	1.673668e+00
4910	1.676604e+00
4911	1.679339e+00
4912	1.682066e+00
4913	1.684561e+00
4914	1.687072e+00
4915	1.689025e+00
4916	1.690776e+00
4917	1.692224e+00
4918	1.692771e+00
4919	1.693088e+00
4920	1.693154e+00
4921	1.692792e+00
4922	1.692198e+00
4923	1.690740e+00
4924	1.689218e+00
4925	1.687352e+00
4926	1.685240e+00
4927	1.682637e+00
4928	1.679744e+00
4929	1.676679e+00
4930	1.673754e+00
4931	1.670655e+00
4932	1.667603e+00
4933	1.664138e+00
4934	1.660578e+00
4935	1.656839e+00
4936	1.652778e+00
4937	1.648658e+00
4938	1.644483e+00
4939	1.640459e+00
4940	1.636475e+00
4941	1.632358e+00
4942	1.628150e+00
4943	1.624354e+00
4944	1.620541e+00
4945	1.617285e+00
4946	1.614347e+00
4947	1.611730e+00
4948	1.609427e+00
4949	1.607437e+00
4950	1.605800e+00
4951	1.604671e+00
4952	1.603807e+00
4953	1.603274e+00
4954	1.602963e+00
4955	1.602698e+00
4956	1.602500e+00
4957	1.602370e+00
4958	1.602212e+00
4959	1.602137e+00
4960	1.602284e+00
4961	1.602910e+00
4962	1.603888e+00
4963	1.605425e+00
4964	1.607372e+00
4965	1.609771e+00
4966	1.612491e+00
4967	1.615388e+00
4968	1.618346e+00
4969	1.621258e+00
4970	1.624453e+00
4971	1.627789e+00
4972	1.631096e+00
4973	1.634484e+00
4974	1.637864e+00
4975	1.641023e+00
4976	1.644134e+00
4977	1.647163e+00
4978	1.649913e+00
4979	1.652435e+00
4980	1.654952e+00
4981	1.657541e+00
4982	1.660351e+00
4983	1.663127e+00
4984	1.665862e+00
4985	1.668723e+00
4986	1.671488e+00
4987	1.674075e+00
4988	1.676824e+00
4989	1.679458e+00
4990	1.681676e+00
4991	1.683609e+00
4992	1.685240e+00
4993	1.686390e+00
4994	1.687128e+00
4995	1.687335e+00
4996	1.686994e+00
4997	1.686837e+00
4998	1.686365e+00
4999	1.685604e+00
