# Step	Measurement
1	1.079987e+00
2	1.068880e+00
3	1.060602e+00
4	1.053633e+00
5	1.049811e+00
6	1.050141e+00
7	1.055124e+00
8	1.062432e+00
9	1.072878e+00
10	1.085574e+00
11	1.100623e+00
12	1.113571e+00
13	1.125552e+00
14	1.135419e+00
15	1.141057e+00
16	1.144915e+00
17	1.145112e+00
18	1.142875e+00
19	1.137503e+00
20	1.129781e+00
21	1.121454e+00
22	1.113164e+00
23	1.102740e+00
24	1.091477e+00
25	1.080985e+00
26	1.071998e+00
27	1.065514e+00
28	1.062830e+00
29	1.063924e+00
30	1.067436e+00
31	1.073110e+00
32	1.081074e+00
33	1.089734e+00
34	1.099158e+00
35	1.108154e+00
36	1.115822e+00
37	1.121864e+00
38	1.125514e+00
39	1.127113e+00
40	1.125409e+00
41	1.121429e+00
42	1.116993e+00
43	1.110911e+00
44	1.104029e+00
45	1.096358e+00
46	1.087196e+00
47	1.079437e+00
48	1.073643e+00
49	1.069095e+00
50	1.066649e+00
51	1.067649e+00
52	1.070784e+00
53	1.076855e+00
54	1.083620e+00
55	1.091079e+00
56	1.100125e+00
57	1.109275e+00
58	1.116582e+00
59	1.124003e+00
60	1.130458e+00
61	1.134112e+00
62	1.136475e+00
63	1.135902e+00
64	1.133478e+00
65	1.129173e+00
66	1.122381e+00
67	1.114630e+00
68	1.106220e+00
69	1.097188e+00
70	1.087278e+00
71	1.076805e+00
72	1.068344e+00
73	1.062181e+00
74	1.058992e+00
75	1.058372e+00
76	1.062327e+00
77	1.069319e+00
78	1.077936e+00
79	1.088229e+00
80	1.100095e+00
81	1.110684e+00
82	1.120356e+00
83	1.128346e+00
84	1.133952e+00
85	1.136352e+00
86	1.134317e+00
87	1.130293e+00
88	1.123398e+00
89	1.113708e+00
90	1.102272e+00
91	1.089994e+00
92	1.077850e+00
93	1.065956e+00
94	1.055945e+00
95	1.048207e+00
96	1.042402e+00
97	1.040733e+00
98	1.042949e+00
99	1.049849e+00
100	1.058620e+00
101	1.070061e+00
102	1.083829e+00
103	1.098719e+00
104	1.113420e+00
105	1.125697e+00
106	1.134928e+00
107	1.142205e+00
108	1.144984e+00
109	1.144082e+00
110	1.138974e+00
111	1.131808e+00
112	1.121904e+00
113	1.110914e+00
114	1.098171e+00
115	1.085326e+00
116	1.073424e+00
117	1.063638e+00
118	1.058610e+00
119	1.054921e+00
120	1.054215e+00
121	1.057937e+00
122	1.066040e+00
123	1.075259e+00
124	1.085325e+00
125	1.096614e+00
126	1.108533e+00
127	1.121188e+00
128	1.131662e+00
129	1.139142e+00
130	1.142154e+00
131	1.142941e+00
132	1.137322e+00
133	1.128766e+00
134	1.117818e+00
135	1.104469e+00
136	1.090495e+00
137	1.075288e+00
138	1.060871e+00
139	1.050950e+00
140	1.046362e+00
141	1.045760e+00
142	1.050628e+00
143	1.061574e+00
144	1.074416e+00
145	1.088641e+00
146	1.103974e+00
147	1.119088e+00
148	1.133691e+00
149	1.146707e+00
150	1.154890e+00
151	1.158811e+00
152	1.157573e+00
153	1.151885e+00
154	1.140757e+00
155	1.126241e+00
156	1.108009e+00
157	1.088621e+00
158	1.070198e+00
159	1.054659e+00
160	1.042786e+00
161	1.035686e+00
162	1.032164e+00
163	1.034359e+00
164	1.042477e+00
165	1.052680e+00
166	1.066215e+00
167	1.081939e+00
168	1.100100e+00
169	1.118964e+00
170	1.135945e+00
171	1.149507e+00
172	1.159553e+00
173	1.165696e+00
174	1.169127e+00
175	1.166290e+00
176	1.159892e+00
177	1.149515e+00
178	1.136665e+00
179	1.121184e+00
180	1.102879e+00
181	1.083911e+00
182	1.065001e+00
183	1.049379e+00
184	1.037349e+00
185	1.029594e+00
186	1.030448e+00
187	1.040175e+00
188	1.056048e+00
189	1.076013e+00
190	1.096694e+00
191	1.116842e+00
192	1.134587e+00
193	1.150914e+00
194	1.162305e+00
195	1.168681e+00
196	1.170784e+00
197	1.167324e+00
198	1.161348e+00
199	1.150602e+00
200	1.137689e+00
201	1.120698e+00
202	1.101205e+00
203	1.081366e+00
204	1.062900e+00
205	1.048004e+00
206	1.038338e+00
207	1.034970e+00
208	1.037861e+00
209	1.046898e+00
210	1.060147e+00
211	1.075331e+00
212	1.093033e+00
213	1.110438e+00
214	1.126687e+00
215	1.141521e+00
216	1.152295e+00
217	1.159192e+00
218	1.163291e+00
219	1.161965e+00
220	1.154337e+00
221	1.141807e+00
222	1.127373e+00
223	1.110291e+00
224	1.093358e+00
225	1.076738e+00
226	1.062631e+00
227	1.051259e+00
228	1.043193e+00
229	1.039402e+00
230	1.039580e+00
231	1.046278e+00
232	1.058256e+00
233	1.074633e+00
234	1.093192e+00
235	1.111116e+00
236	1.128837e+00
237	1.145417e+00
238	1.157722e+00
239	1.164022e+00
240	1.164410e+00
241	1.160680e+00
242	1.151954e+00
243	1.137570e+00
244	1.120527e+00
245	1.102253e+00
246	1.082088e+00
247	1.065734e+00
248	1.051574e+00
249	1.040347e+00
250	1.033915e+00
251	1.034671e+00
252	1.040601e+00
253	1.051680e+00
254	1.066647e+00
255	1.083128e+00
256	1.100522e+00
257	1.116828e+00
258	1.130870e+00
259	1.142342e+00
260	1.151672e+00
261	1.156589e+00
262	1.156560e+00
263	1.153867e+00
264	1.147571e+00
265	1.136834e+00
266	1.124800e+00
267	1.110456e+00
268	1.094632e+00
269	1.078795e+00
270	1.065396e+00
271	1.055663e+00
272	1.051127e+00
273	1.050744e+00
274	1.056187e+00
275	1.067055e+00
276	1.082558e+00
277	1.098266e+00
278	1.113940e+00
279	1.127948e+00
280	1.140724e+00
281	1.151646e+00
282	1.158051e+00
283	1.160442e+00
284	1.159190e+00
285	1.153616e+00
286	1.145223e+00
287	1.132900e+00
288	1.118700e+00
289	1.104940e+00
290	1.090120e+00
291	1.077680e+00
292	1.068495e+00
293	1.062129e+00
294	1.058778e+00
295	1.059735e+00
296	1.064592e+00
297	1.072494e+00
298	1.082619e+00
299	1.093826e+00
300	1.103163e+00
301	1.111693e+00
302	1.119669e+00
303	1.126685e+00
304	1.130139e+00
305	1.130412e+00
306	1.129099e+00
307	1.123421e+00
308	1.115705e+00
309	1.106739e+00
310	1.096227e+00
311	1.086314e+00
312	1.075999e+00
313	1.067386e+00
314	1.062207e+00
315	1.060097e+00
316	1.059413e+00
317	1.062645e+00
318	1.068270e+00
319	1.073373e+00
320	1.079409e+00
321	1.088536e+00
322	1.099164e+00
323	1.109493e+00
324	1.120118e+00
325	1.128461e+00
326	1.134052e+00
327	1.137030e+00
328	1.135676e+00
329	1.131185e+00
330	1.125366e+00
331	1.117634e+00
332	1.107085e+00
333	1.095070e+00
334	1.083213e+00
335	1.072559e+00
336	1.064139e+00
337	1.057573e+00
338	1.055252e+00
339	1.057890e+00
340	1.062610e+00
341	1.070940e+00
342	1.081771e+00
343	1.093709e+00
344	1.105996e+00
345	1.119013e+00
346	1.128557e+00
347	1.135204e+00
348	1.140431e+00
349	1.140919e+00
350	1.138921e+00
351	1.133262e+00
352	1.125303e+00
353	1.114257e+00
354	1.101623e+00
355	1.089163e+00
356	1.076854e+00
357	1.068123e+00
358	1.063825e+00
359	1.062499e+00
360	1.063447e+00
361	1.068271e+00
362	1.077574e+00
363	1.089409e+00
364	1.102357e+00
365	1.114713e+00
366	1.127153e+00
367	1.136766e+00
368	1.144869e+00
369	1.151493e+00
370	1.154893e+00
371	1.155398e+00
372	1.151524e+00
373	1.144578e+00
374	1.133607e+00
375	1.119581e+00
376	1.103765e+00
377	1.088669e+00
378	1.073676e+00
379	1.059347e+00
380	1.049512e+00
381	1.045471e+00
382	1.045588e+00
383	1.052123e+00
384	1.063645e+00
385	1.078799e+00
386	1.096442e+00
387	1.115591e+00
388	1.134509e+00
389	1.150801e+00
390	1.162642e+00
391	1.170594e+00
392	1.173942e+00
393	1.172832e+00
394	1.166629e+00
395	1.154987e+00
396	1.139886e+00
397	1.124275e+00
398	1.106917e+00
399	1.089451e+00
400	1.073500e+00
401	1.057514e+00
402	1.044598e+00
403	1.034657e+00
404	1.031238e+00
405	1.033952e+00
406	1.041795e+00
407	1.054951e+00
408	1.072690e+00
409	1.093283e+00
410	1.113790e+00
411	1.132445e+00
412	1.148868e+00
413	1.162486e+00
414	1.171993e+00
415	1.177296e+00
416	1.176008e+00
417	1.169719e+00
418	1.160201e+00
419	1.145584e+00
420	1.127407e+00
421	1.106477e+00
422	1.083919e+00
423	1.062071e+00
424	1.043554e+00
425	1.028509e+00
426	1.020211e+00
427	1.018653e+00
428	1.025233e+00
429	1.038999e+00
430	1.057274e+00
431	1.081037e+00
432	1.106880e+00
433	1.131574e+00
434	1.153571e+00
435	1.173144e+00
436	1.188455e+00
437	1.197857e+00
438	1.201945e+00
439	1.200061e+00
440	1.189948e+00
441	1.175684e+00
442	1.156570e+00
443	1.133388e+00
444	1.106360e+00
445	1.077291e+00
446	1.050060e+00
447	1.027263e+00
448	1.011181e+00
449	1.000650e+00
450	9.997323e-01
451	1.008378e+00
452	1.026228e+00
453	1.050061e+00
454	1.077545e+00
455	1.107881e+00
456	1.138315e+00
457	1.165657e+00
458	1.188848e+00
459	1.206042e+00
460	1.217437e+00
461	1.222004e+00
462	1.220294e+00
463	1.211071e+00
464	1.196461e+00
465	1.178383e+00
466	1.155135e+00
467	1.128210e+00
468	1.099692e+00
469	1.073220e+00
470	1.048671e+00
471	1.030506e+00
472	1.019665e+00
473	1.014924e+00
474	1.017144e+00
475	1.027215e+00
476	1.043810e+00
477	1.065603e+00
478	1.090400e+00
479	1.115536e+00
480	1.141128e+00
481	1.164197e+00
482	1.183238e+00
483	1.198651e+00
484	1.208741e+00
485	1.213292e+00
486	1.211941e+00
487	1.203568e+00
488	1.189410e+00
489	1.170525e+00
490	1.147825e+00
491	1.122887e+00
492	1.096199e+00
493	1.069004e+00
494	1.043481e+00
495	1.022574e+00
496	1.010106e+00
497	1.006685e+00
498	1.011846e+00
499	1.025276e+00
500	1.046418e+00
501	1.070848e+00
502	1.098212e+00
503	1.124452e+00
504	1.147585e+00
505	1.167906e+00
506	1.182301e+00
507	1.191930e+00
508	1.195541e+00
509	1.193050e+00
510	1.186069e+00
511	1.174574e+00
512	1.159539e+00
513	1.140794e+00
514	1.118802e+00
515	1.096256e+00
516	1.074139e+00
517	1.055287e+00
518	1.041080e+00
519	1.032646e+00
520	1.031929e+00
521	1.038344e+00
522	1.050798e+00
523	1.067830e+00
524	1.088272e+00
525	1.110575e+00
526	1.133040e+00
527	1.153754e+00
528	1.171439e+00
529	1.184394e+00
530	1.192894e+00
531	1.197688e+00
532	1.196581e+00
533	1.190631e+00
534	1.179963e+00
535	1.165349e+00
536	1.147210e+00
537	1.128317e+00
538	1.109385e+00
539	1.090076e+00
540	1.072608e+00
541	1.058203e+00
542	1.046536e+00
543	1.039563e+00
544	1.037382e+00
545	1.039677e+00
546	1.047229e+00
547	1.058506e+00
548	1.073706e+00
549	1.090505e+00
550	1.108170e+00
551	1.125672e+00
552	1.140725e+00
553	1.151788e+00
554	1.160694e+00
555	1.165982e+00
556	1.166791e+00
557	1.164870e+00
558	1.159340e+00
559	1.150499e+00
560	1.137581e+00
561	1.122357e+00
562	1.106846e+00
563	1.090907e+00
564	1.075348e+00
565	1.062553e+00
566	1.053133e+00
567	1.048463e+00
568	1.048349e+00
569	1.052927e+00
570	1.061154e+00
571	1.071646e+00
572	1.084410e+00
573	1.097843e+00
574	1.111281e+00
575	1.122112e+00
576	1.130755e+00
577	1.136726e+00
578	1.138294e+00
579	1.136445e+00
580	1.133291e+00
581	1.130738e+00
582	1.125518e+00
583	1.119045e+00
584	1.109597e+00
585	1.098306e+00
586	1.087790e+00
587	1.079103e+00
588	1.073017e+00
589	1.069048e+00
590	1.068371e+00
591	1.069855e+00
592	1.072913e+00
593	1.079055e+00
594	1.086546e+00
595	1.095487e+00
596	1.103627e+00
597	1.111411e+00
598	1.119195e+00
599	1.127686e+00
600	1.133904e+00
601	1.138663e+00
602	1.140238e+00
603	1.139975e+00
604	1.136859e+00
605	1.130738e+00
606	1.122947e+00
607	1.113839e+00
608	1.103844e+00
609	1.094746e+00
610	1.085647e+00
611	1.077767e+00
612	1.073045e+00
613	1.071601e+00
614	1.072860e+00
615	1.077090e+00
616	1.083475e+00
617	1.090958e+00
618	1.098720e+00
619	1.107528e+00
620	1.115521e+00
621	1.124095e+00
622	1.130945e+00
623	1.135488e+00
624	1.139625e+00
625	1.141816e+00
626	1.140592e+00
627	1.135288e+00
628	1.127950e+00
629	1.119155e+00
630	1.109169e+00
631	1.099810e+00
632	1.090470e+00
633	1.082922e+00
634	1.075576e+00
635	1.069759e+00
636	1.066362e+00
637	1.066628e+00
638	1.069928e+00
639	1.074097e+00
640	1.080310e+00
641	1.086734e+00
642	1.094569e+00
643	1.102753e+00
644	1.110596e+00
645	1.118589e+00
646	1.126111e+00
647	1.132694e+00
648	1.135229e+00
649	1.134249e+00
650	1.129990e+00
651	1.122889e+00
652	1.113530e+00
653	1.101695e+00
654	1.090931e+00
655	1.080710e+00
656	1.071457e+00
657	1.062257e+00
658	1.055446e+00
659	1.051880e+00
660	1.052623e+00
661	1.058043e+00
662	1.066768e+00
663	1.078974e+00
664	1.093815e+00
665	1.109874e+00
666	1.123795e+00
667	1.134761e+00
668	1.142100e+00
669	1.145238e+00
670	1.145191e+00
671	1.141713e+00
672	1.134285e+00
673	1.124962e+00
674	1.113326e+00
675	1.099412e+00
676	1.085609e+00
677	1.071785e+00
678	1.062191e+00
679	1.056870e+00
680	1.055281e+00
681	1.057814e+00
682	1.065069e+00
683	1.074353e+00
684	1.085262e+00
685	1.097205e+00
686	1.109030e+00
687	1.119914e+00
688	1.128078e+00
689	1.134212e+00
690	1.138511e+00
691	1.140958e+00
692	1.138224e+00
693	1.133180e+00
694	1.125602e+00
695	1.115453e+00
696	1.103791e+00
697	1.092582e+00
698	1.083025e+00
699	1.075734e+00
700	1.070625e+00
701	1.068146e+00
702	1.068255e+00
703	1.071354e+00
704	1.075638e+00
705	1.082700e+00
706	1.090851e+00
707	1.100071e+00
708	1.108918e+00
709	1.116261e+00
710	1.120858e+00
711	1.123053e+00
712	1.122879e+00
713	1.121341e+00
714	1.118180e+00
715	1.113662e+00
716	1.106949e+00
717	1.100160e+00
718	1.094137e+00
719	1.087914e+00
720	1.083945e+00
721	1.082328e+00
722	1.080932e+00
723	1.081253e+00
724	1.083406e+00
725	1.087432e+00
726	1.091298e+00
727	1.094492e+00
728	1.098267e+00
729	1.101909e+00
730	1.105673e+00
731	1.107825e+00
732	1.109720e+00
733	1.111090e+00
734	1.111352e+00
735	1.111436e+00
736	1.111998e+00
737	1.112297e+00
738	1.112154e+00
739	1.110194e+00
740	1.109286e+00
741	1.106770e+00
742	1.102867e+00
743	1.096660e+00
744	1.089558e+00
745	1.083398e+00
746	1.077329e+00
747	1.071226e+00
748	1.067615e+00
749	1.066073e+00
750	1.066396e+00
751	1.069768e+00
752	1.076064e+00
753	1.083954e+00
754	1.092950e+00
755	1.103777e+00
756	1.113611e+00
757	1.122799e+00
758	1.131147e+00
759	1.136017e+00
760	1.137830e+00
761	1.136594e+00
762	1.133504e+00
763	1.127489e+00
764	1.118713e+00
765	1.108424e+00
766	1.097050e+00
767	1.086197e+00
768	1.075141e+00
769	1.067418e+00
770	1.060888e+00
771	1.058320e+00
772	1.058278e+00
773	1.062093e+00
774	1.069564e+00
775	1.078606e+00
776	1.087595e+00
777	1.097594e+00
778	1.107020e+00
779	1.115279e+00
780	1.121898e+00
781	1.126599e+00
782	1.129472e+00
783	1.129009e+00
784	1.125076e+00
785	1.119592e+00
786	1.113323e+00
787	1.106044e+00
788	1.098347e+00
789	1.091366e+00
790	1.085221e+00
791	1.079823e+00
792	1.074741e+00
793	1.072732e+00
794	1.073252e+00
795	1.076190e+00
796	1.080802e+00
797	1.085845e+00
798	1.090979e+00
799	1.095729e+00
800	1.101171e+00
801	1.107601e+00
802	1.112154e+00
803	1.116161e+00
804	1.120976e+00
805	1.124362e+00
806	1.125093e+00
807	1.124321e+00
808	1.121084e+00
809	1.114915e+00
810	1.107439e+00
811	1.099529e+00
812	1.090235e+00
813	1.082808e+00
814	1.077688e+00
815	1.072561e+00
816	1.070341e+00
817	1.069212e+00
818	1.068643e+00
819	1.070154e+00
820	1.074286e+00
821	1.080202e+00
822	1.087564e+00
823	1.094040e+00
824	1.100880e+00
825	1.106756e+00
826	1.111723e+00
827	1.116645e+00
828	1.120316e+00
829	1.121451e+00
830	1.121795e+00
831	1.118966e+00
832	1.114402e+00
833	1.108302e+00
834	1.099923e+00
835	1.090180e+00
836	1.080067e+00
837	1.073474e+00
838	1.070200e+00
839	1.069132e+00
840	1.070124e+00
841	1.073861e+00
842	1.080228e+00
843	1.087115e+00
844	1.094235e+00
845	1.102131e+00
846	1.109608e+00
847	1.115978e+00
848	1.122349e+00
849	1.127851e+00
850	1.131701e+00
851	1.132888e+00
852	1.132392e+00
853	1.130438e+00
854	1.126527e+00
855	1.120754e+00
856	1.114299e+00
857	1.108321e+00
858	1.102762e+00
859	1.097188e+00
860	1.091128e+00
861	1.085244e+00
862	1.079994e+00
863	1.076578e+00
864	1.075611e+00
865	1.076716e+00
866	1.080397e+00
867	1.085948e+00
868	1.092475e+00
869	1.098402e+00
870	1.103438e+00
871	1.108979e+00
872	1.114057e+00
873	1.116488e+00
874	1.116715e+00
875	1.116165e+00
876	1.113328e+00
877	1.110645e+00
878	1.106894e+00
879	1.100420e+00
880	1.093154e+00
881	1.087346e+00
882	1.081009e+00
883	1.076504e+00
884	1.072936e+00
885	1.071662e+00
886	1.072734e+00
887	1.075782e+00
888	1.081627e+00
889	1.088578e+00
890	1.096633e+00
891	1.105506e+00
892	1.114156e+00
893	1.122599e+00
894	1.130176e+00
895	1.134724e+00
896	1.137197e+00
897	1.135927e+00
898	1.133500e+00
899	1.128230e+00
900	1.119973e+00
901	1.108794e+00
902	1.095901e+00
903	1.083277e+00
904	1.072514e+00
905	1.064163e+00
906	1.059199e+00
907	1.057302e+00
908	1.059675e+00
909	1.065191e+00
910	1.072226e+00
911	1.082431e+00
912	1.094609e+00
913	1.106619e+00
914	1.118047e+00
915	1.128652e+00
916	1.137638e+00
917	1.143610e+00
918	1.146429e+00
919	1.145205e+00
920	1.140357e+00
921	1.132251e+00
922	1.121954e+00
923	1.110707e+00
924	1.098283e+00
925	1.085485e+00
926	1.073020e+00
927	1.061679e+00
928	1.053085e+00
929	1.050694e+00
930	1.052547e+00
931	1.058960e+00
932	1.068803e+00
933	1.080289e+00
934	1.094286e+00
935	1.108887e+00
936	1.122787e+00
937	1.134558e+00
938	1.143620e+00
939	1.148438e+00
940	1.150587e+00
941	1.148495e+00
942	1.142048e+00
943	1.131717e+00
944	1.119125e+00
945	1.106012e+00
946	1.091386e+00
947	1.076892e+00
948	1.063006e+00
949	1.051730e+00
950	1.044018e+00
951	1.041569e+00
952	1.044055e+00
953	1.052386e+00
954	1.065258e+00
955	1.082430e+00
956	1.100681e+00
957	1.117017e+00
958	1.129939e+00
959	1.140883e+00
960	1.147558e+00
961	1.150408e+00
962	1.148752e+00
963	1.143201e+00
964	1.133404e+00
965	1.119128e+00
966	1.103293e+00
967	1.086207e+00
968	1.070838e+00
969	1.058568e+00
970	1.049273e+00
971	1.044103e+00
972	1.043302e+00
973	1.046955e+00
974	1.055251e+00
975	1.067181e+00
976	1.079446e+00
977	1.093868e+00
978	1.107424e+00
979	1.119111e+00
980	1.128036e+00
981	1.133301e+00
982	1.135134e+00
983	1.135055e+00
984	1.133222e+00
985	1.127685e+00
986	1.119565e+00
987	1.109863e+00
988	1.100045e+00
989	1.090982e+00
990	1.081304e+00
991	1.073318e+00
992	1.067201e+00
993	1.062542e+00
994	1.060801e+00
995	1.061445e+00
996	1.064857e+00
997	1.071025e+00
998	1.078902e+00
999	1.087952e+00
1000	1.096338e+00
1001	1.105431e+00
1002	1.113349e+00
1003	1.120281e+00
1004	1.125673e+00
1005	1.127105e+00
1006	1.126787e+00
1007	1.124112e+00
1008	1.118872e+00
1009	1.112824e+00
1010	1.106536e+00
1011	1.098977e+00
1012	1.090551e+00
1013	1.081437e+00
1014	1.074329e+00
1015	1.068318e+00
1016	1.065043e+00
1017	1.063476e+00
1018	1.064274e+00
1019	1.065904e+00
1020	1.069379e+00
1021	1.075489e+00
1022	1.083208e+00
1023	1.092898e+00
1024	1.103898e+00
1025	1.113547e+00
1026	1.120460e+00
1027	1.126421e+00
1028	1.129792e+00
1029	1.130882e+00
1030	1.131735e+00
1031	1.131356e+00
1032	1.129051e+00
1033	1.124811e+00
1034	1.119644e+00
1035	1.111779e+00
1036	1.101099e+00
1037	1.090707e+00
1038	1.080442e+00
1039	1.070333e+00
1040	1.062890e+00
1041	1.058629e+00
1042	1.057111e+00
1043	1.057732e+00
1044	1.061082e+00
1045	1.066620e+00
1046	1.073993e+00
1047	1.082574e+00
1048	1.094112e+00
1049	1.106314e+00
1050	1.117636e+00
1051	1.127712e+00
1052	1.135990e+00
1053	1.141893e+00
1054	1.144946e+00
1055	1.144550e+00
1056	1.139044e+00
1057	1.129258e+00
1058	1.116504e+00
1059	1.100791e+00
1060	1.084037e+00
1061	1.066861e+00
1062	1.052188e+00
1063	1.039326e+00
1064	1.030982e+00
1065	1.028400e+00
1066	1.032619e+00
1067	1.042934e+00
1068	1.057624e+00
1069	1.076058e+00
1070	1.098740e+00
1071	1.120189e+00
1072	1.138820e+00
1073	1.155056e+00
1074	1.167338e+00
1075	1.174897e+00
1076	1.176490e+00
1077	1.173609e+00
1078	1.165917e+00
1079	1.152852e+00
1080	1.134422e+00
1081	1.112627e+00
1082	1.089379e+00
1083	1.066286e+00
1084	1.046610e+00
1085	1.032254e+00
1086	1.022687e+00
1087	1.019466e+00
1088	1.022869e+00
1089	1.032726e+00
1090	1.047683e+00
1091	1.066422e+00
1092	1.088546e+00
1093	1.111035e+00
1094	1.131880e+00
1095	1.150480e+00
1096	1.165274e+00
1097	1.174981e+00
1098	1.179501e+00
1099	1.177734e+00
1100	1.169871e+00
1101	1.155743e+00
1102	1.136943e+00
1103	1.114762e+00
1104	1.089816e+00
1105	1.065653e+00
1106	1.044148e+00
1107	1.026906e+00
1108	1.016372e+00
1109	1.013960e+00
1110	1.018808e+00
1111	1.030895e+00
1112	1.049869e+00
1113	1.072411e+00
1114	1.097032e+00
1115	1.119752e+00
1116	1.141585e+00
1117	1.159175e+00
1118	1.172755e+00
1119	1.179668e+00
1120	1.181070e+00
1121	1.177663e+00
1122	1.168198e+00
1123	1.154198e+00
1124	1.135587e+00
1125	1.115706e+00
1126	1.095434e+00
1127	1.076426e+00
1128	1.059867e+00
1129	1.047739e+00
1130	1.038997e+00
1131	1.035257e+00
1132	1.038522e+00
1133	1.048088e+00
1134	1.064307e+00
1135	1.084913e+00
1136	1.107669e+00
1137	1.130334e+00
1138	1.152896e+00
1139	1.171725e+00
1140	1.185056e+00
1141	1.192704e+00
1142	1.194521e+00
1143	1.189808e+00
1144	1.178773e+00
1145	1.161358e+00
1146	1.139620e+00
1147	1.115204e+00
1148	1.089399e+00
1149	1.064463e+00
1150	1.042127e+00
1151	1.025007e+00
1152	1.015388e+00
1153	1.014167e+00
1154	1.020080e+00
1155	1.031841e+00
1156	1.049048e+00
1157	1.069094e+00
1158	1.091100e+00
1159	1.114260e+00
1160	1.136021e+00
1161	1.154437e+00
1162	1.168538e+00
1163	1.177705e+00
1164	1.182764e+00
1165	1.182511e+00
1166	1.175019e+00
1167	1.162906e+00
1168	1.147348e+00
1169	1.128604e+00
1170	1.106404e+00
1171	1.082933e+00
1172	1.061523e+00
1173	1.045372e+00
1174	1.034935e+00
1175	1.031208e+00
1176	1.032589e+00
1177	1.041151e+00
1178	1.054581e+00
1179	1.071726e+00
1180	1.091294e+00
1181	1.111818e+00
1182	1.131619e+00
1183	1.148775e+00
1184	1.162073e+00
1185	1.171274e+00
1186	1.175522e+00
1187	1.175417e+00
1188	1.168645e+00
1189	1.157758e+00
1190	1.143285e+00
1191	1.125800e+00
1192	1.105536e+00
1193	1.085353e+00
1194	1.067892e+00
1195	1.052110e+00
1196	1.041282e+00
1197	1.036656e+00
1198	1.038864e+00
1199	1.046347e+00
1200	1.057757e+00
1201	1.072865e+00
1202	1.090112e+00
1203	1.108902e+00
1204	1.126371e+00
1205	1.140362e+00
1206	1.151779e+00
1207	1.157428e+00
1208	1.158742e+00
1209	1.156578e+00
1210	1.150142e+00
1211	1.139734e+00
1212	1.126686e+00
1213	1.112489e+00
1214	1.096326e+00
1215	1.078847e+00
1216	1.063246e+00
1217	1.051988e+00
1218	1.043731e+00
1219	1.041435e+00
1220	1.044200e+00
1221	1.052529e+00
1222	1.065275e+00
1223	1.081422e+00
1224	1.099392e+00
1225	1.118429e+00
1226	1.135742e+00
1227	1.148922e+00
1228	1.157272e+00
1229	1.161897e+00
1230	1.162950e+00
1231	1.159476e+00
1232	1.150326e+00
1233	1.138596e+00
1234	1.124393e+00
1235	1.109627e+00
1236	1.093292e+00
1237	1.078117e+00
1238	1.066119e+00
1239	1.056582e+00
1240	1.049721e+00
1241	1.047119e+00
1242	1.048978e+00
1243	1.054385e+00
1244	1.064796e+00
1245	1.078509e+00
1246	1.093255e+00
1247	1.108708e+00
1248	1.122875e+00
1249	1.136429e+00
1250	1.147290e+00
1251	1.154781e+00
1252	1.156446e+00
1253	1.153840e+00
1254	1.148297e+00
1255	1.138320e+00
1256	1.124323e+00
1257	1.107085e+00
1258	1.091077e+00
1259	1.075153e+00
1260	1.060571e+00
1261	1.048599e+00
1262	1.041055e+00
1263	1.038431e+00
1264	1.040621e+00
1265	1.048252e+00
1266	1.060350e+00
1267	1.077193e+00
1268	1.095441e+00
1269	1.114347e+00
1270	1.132444e+00
1271	1.148868e+00
1272	1.161623e+00
1273	1.171432e+00
1274	1.176937e+00
1275	1.177298e+00
1276	1.172944e+00
1277	1.163735e+00
1278	1.151040e+00
1279	1.135789e+00
1280	1.115725e+00
1281	1.093332e+00
1282	1.071673e+00
1283	1.051350e+00
1284	1.033987e+00
1285	1.024868e+00
1286	1.021237e+00
1287	1.025100e+00
1288	1.035200e+00
1289	1.050101e+00
1290	1.070106e+00
1291	1.093868e+00
1292	1.118561e+00
1293	1.141423e+00
1294	1.159612e+00
1295	1.174214e+00
1296	1.183240e+00
1297	1.185534e+00
1298	1.181690e+00
1299	1.174102e+00
1300	1.162910e+00
1301	1.148100e+00
1302	1.131723e+00
1303	1.113996e+00
1304	1.095826e+00
1305	1.079136e+00
1306	1.064415e+00
1307	1.053510e+00
1308	1.047457e+00
1309	1.046747e+00
1310	1.051415e+00
1311	1.061810e+00
1312	1.076782e+00
1313	1.093054e+00
1314	1.109083e+00
1315	1.123775e+00
1316	1.134255e+00
1317	1.140921e+00
1318	1.143910e+00
1319	1.143779e+00
1320	1.140028e+00
1321	1.133158e+00
1322	1.123807e+00
1323	1.113878e+00
1324	1.103978e+00
1325	1.093189e+00
1326	1.082364e+00
1327	1.073744e+00
1328	1.066678e+00
1329	1.061911e+00
1330	1.060670e+00
1331	1.063721e+00
1332	1.069682e+00
1333	1.079697e+00
1334	1.090417e+00
1335	1.101651e+00
1336	1.112384e+00
1337	1.120710e+00
1338	1.127388e+00
1339	1.130900e+00
1340	1.132632e+00
1341	1.131809e+00
1342	1.128371e+00
1343	1.122559e+00
1344	1.114159e+00
1345	1.105432e+00
1346	1.096313e+00
1347	1.088203e+00
1348	1.081656e+00
1349	1.077403e+00
1350	1.075317e+00
1351	1.075340e+00
1352	1.077991e+00
1353	1.081671e+00
1354	1.086368e+00
1355	1.092587e+00
1356	1.098532e+00
1357	1.103042e+00
1358	1.105225e+00
1359	1.106587e+00
1360	1.106996e+00
1361	1.106985e+00
1362	1.105596e+00
1363	1.103184e+00
1364	1.099976e+00
1365	1.095045e+00
1366	1.089745e+00
1367	1.084755e+00
1368	1.081260e+00
1369	1.078452e+00
1370	1.077385e+00
1371	1.078384e+00
1372	1.081255e+00
1373	1.086196e+00
1374	1.091839e+00
1375	1.097253e+00
1376	1.101449e+00
1377	1.105708e+00
1378	1.108718e+00
1379	1.110523e+00
1380	1.110578e+00
1381	1.109212e+00
1382	1.107943e+00
1383	1.105371e+00
1384	1.101006e+00
1385	1.096077e+00
1386	1.091159e+00
1387	1.086224e+00
1388	1.083235e+00
1389	1.082052e+00
1390	1.081132e+00
1391	1.081350e+00
1392	1.082872e+00
1393	1.085893e+00
1394	1.088759e+00
1395	1.092074e+00
1396	1.094374e+00
1397	1.096291e+00
1398	1.096650e+00
1399	1.097255e+00
1400	1.098424e+00
1401	1.100382e+00
1402	1.102602e+00
1403	1.104846e+00
1404	1.106522e+00
1405	1.107451e+00
1406	1.107586e+00
1407	1.107547e+00
1408	1.107904e+00
1409	1.109221e+00
1410	1.108861e+00
1411	1.107178e+00
1412	1.105505e+00
1413	1.102257e+00
1414	1.099792e+00
1415	1.096791e+00
1416	1.093662e+00
1417	1.091136e+00
1418	1.088874e+00
1419	1.088038e+00
1420	1.087612e+00
1421	1.088089e+00
1422	1.090047e+00
1423	1.091821e+00
1424	1.094118e+00
1425	1.095411e+00
1426	1.094749e+00
1427	1.094161e+00
1428	1.092743e+00
1429	1.092417e+00
1430	1.092851e+00
1431	1.092927e+00
1432	1.094723e+00
1433	1.095814e+00
1434	1.096668e+00
1435	1.095485e+00
1436	1.094255e+00
1437	1.093623e+00
1438	1.093227e+00
1439	1.093721e+00
1440	1.093682e+00
1441	1.094433e+00
1442	1.093641e+00
1443	1.094196e+00
1444	1.094575e+00
1445	1.095989e+00
1446	1.097946e+00
1447	1.098857e+00
1448	1.097725e+00
1449	1.096540e+00
1450	1.094103e+00
1451	1.091358e+00
1452	1.087917e+00
1453	1.083666e+00
1454	1.081882e+00
1455	1.080563e+00
1456	1.080372e+00
1457	1.080577e+00
1458	1.080104e+00
1459	1.081716e+00
1460	1.086020e+00
1461	1.090814e+00
1462	1.097006e+00
1463	1.103000e+00
1464	1.108604e+00
1465	1.113516e+00
1466	1.117370e+00
1467	1.119567e+00
1468	1.119221e+00
1469	1.118287e+00
1470	1.115733e+00
1471	1.111475e+00
1472	1.106562e+00
1473	1.102584e+00
1474	1.099136e+00
1475	1.095862e+00
1476	1.092182e+00
1477	1.087760e+00
1478	1.084297e+00
1479	1.082229e+00
1480	1.082829e+00
1481	1.084404e+00
1482	1.087137e+00
1483	1.091178e+00
1484	1.096867e+00
1485	1.102213e+00
1486	1.107057e+00
1487	1.111922e+00
1488	1.115666e+00
1489	1.118509e+00
1490	1.123118e+00
1491	1.126493e+00
1492	1.127377e+00
1493	1.128107e+00
1494	1.125766e+00
1495	1.120483e+00
1496	1.113666e+00
1497	1.106471e+00
1498	1.097156e+00
1499	1.086483e+00
1500	1.076945e+00
1501	1.066826e+00
1502	1.058016e+00
1503	1.052861e+00
1504	1.052381e+00
1505	1.055653e+00
1506	1.061209e+00
1507	1.068601e+00
1508	1.078057e+00
1509	1.089200e+00
1510	1.100777e+00
1511	1.110185e+00
1512	1.117822e+00
1513	1.124129e+00
1514	1.127801e+00
1515	1.127659e+00
1516	1.125493e+00
1517	1.119506e+00
1518	1.111750e+00
1519	1.102102e+00
1520	1.092400e+00
1521	1.082801e+00
1522	1.074166e+00
1523	1.067595e+00
1524	1.062930e+00
1525	1.060787e+00
1526	1.063753e+00
1527	1.069471e+00
1528	1.077716e+00
1529	1.086570e+00
1530	1.096473e+00
1531	1.106720e+00
1532	1.116719e+00
1533	1.125368e+00
1534	1.132301e+00
1535	1.136498e+00
1536	1.139564e+00
1537	1.139829e+00
1538	1.138735e+00
1539	1.135146e+00
1540	1.130656e+00
1541	1.124256e+00
1542	1.117117e+00
1543	1.108564e+00
1544	1.099770e+00
1545	1.092030e+00
1546	1.085005e+00
1547	1.079593e+00
1548	1.075930e+00
1549	1.075499e+00
1550	1.077301e+00
1551	1.082320e+00
1552	1.088664e+00
1553	1.096510e+00
1554	1.105176e+00
1555	1.114188e+00
1556	1.121205e+00
1557	1.126750e+00
1558	1.130978e+00
1559	1.131908e+00
1560	1.131580e+00
1561	1.128516e+00
1562	1.123611e+00
1563	1.117613e+00
1564	1.110771e+00
1565	1.104894e+00
1566	1.099939e+00
1567	1.094143e+00
1568	1.087198e+00
1569	1.080471e+00
1570	1.076883e+00
1571	1.075788e+00
1572	1.076936e+00
1573	1.081016e+00
1574	1.086558e+00
1575	1.093311e+00
1576	1.100992e+00
1577	1.108686e+00
1578	1.115220e+00
1579	1.120080e+00
1580	1.125177e+00
1581	1.128815e+00
1582	1.129334e+00
1583	1.129634e+00
1584	1.128225e+00
1585	1.124374e+00
1586	1.118523e+00
1587	1.110324e+00
1588	1.101592e+00
1589	1.092857e+00
1590	1.085299e+00
1591	1.079043e+00
1592	1.073683e+00
1593	1.070342e+00
1594	1.069497e+00
1595	1.070673e+00
1596	1.073924e+00
1597	1.077386e+00
1598	1.081674e+00
1599	1.085149e+00
1600	1.089017e+00
1601	1.093932e+00
1602	1.099186e+00
1603	1.104683e+00
1604	1.111022e+00
1605	1.117130e+00
1606	1.121943e+00
1607	1.124028e+00
1608	1.124214e+00
1609	1.121029e+00
1610	1.115554e+00
1611	1.107550e+00
1612	1.099308e+00
1613	1.091095e+00
1614	1.084533e+00
1615	1.080005e+00
1616	1.077983e+00
1617	1.077619e+00
1618	1.078040e+00
1619	1.079612e+00
1620	1.085307e+00
1621	1.091808e+00
1622	1.097874e+00
1623	1.104457e+00
1624	1.110826e+00
1625	1.116411e+00
1626	1.122350e+00
1627	1.126016e+00
1628	1.128878e+00
1629	1.129582e+00
1630	1.127316e+00
1631	1.122329e+00
1632	1.115441e+00
1633	1.107311e+00
1634	1.097479e+00
1635	1.086445e+00
1636	1.078391e+00
1637	1.072031e+00
1638	1.067942e+00
1639	1.065140e+00
1640	1.065193e+00
1641	1.068967e+00
1642	1.076054e+00
1643	1.083901e+00
1644	1.090802e+00
1645	1.096788e+00
1646	1.102975e+00
1647	1.107295e+00
1648	1.109495e+00
1649	1.109814e+00
1650	1.110247e+00
1651	1.109230e+00
1652	1.106959e+00
1653	1.104282e+00
1654	1.100716e+00
1655	1.096417e+00
1656	1.090816e+00
1657	1.086416e+00
1658	1.084143e+00
1659	1.083954e+00
1660	1.083670e+00
1661	1.085533e+00
1662	1.087652e+00
1663	1.089298e+00
1664	1.090385e+00
1665	1.091754e+00
1666	1.091956e+00
1667	1.091642e+00
1668	1.092309e+00
1669	1.092807e+00
1670	1.092904e+00
1671	1.092337e+00
1672	1.091752e+00
1673	1.091518e+00
1674	1.091433e+00
1675	1.091012e+00
1676	1.091534e+00
1677	1.091953e+00
1678	1.092778e+00
1679	1.093226e+00
1680	1.094124e+00
1681	1.094924e+00
1682	1.095772e+00
1683	1.096485e+00
1684	1.097323e+00
1685	1.097024e+00
1686	1.098439e+00
1687	1.099818e+00
1688	1.099314e+00
1689	1.098005e+00
1690	1.095874e+00
1691	1.093297e+00
1692	1.091502e+00
1693	1.090034e+00
1694	1.089949e+00
1695	1.090218e+00
1696	1.091614e+00
1697	1.094086e+00
1698	1.095953e+00
1699	1.098847e+00
1700	1.100104e+00
1701	1.099791e+00
1702	1.100231e+00
1703	1.099294e+00
1704	1.099082e+00
1705	1.097404e+00
1706	1.095721e+00
1707	1.092842e+00
1708	1.089644e+00
1709	1.088159e+00
1710	1.086968e+00
1711	1.086398e+00
1712	1.085886e+00
1713	1.086037e+00
1714	1.087409e+00
1715	1.089824e+00
1716	1.091237e+00
1717	1.092678e+00
1718	1.092654e+00
1719	1.093017e+00
1720	1.092971e+00
1721	1.094523e+00
1722	1.096500e+00
1723	1.096772e+00
1724	1.097179e+00
1725	1.097023e+00
1726	1.096224e+00
1727	1.094176e+00
1728	1.092550e+00
1729	1.089331e+00
1730	1.086503e+00
1731	1.085272e+00
1732	1.085322e+00
1733	1.085401e+00
1734	1.087503e+00
1735	1.088567e+00
1736	1.088479e+00
1737	1.087642e+00
1738	1.087760e+00
1739	1.088275e+00
1740	1.088604e+00
1741	1.088788e+00
1742	1.087751e+00
1743	1.087729e+00
1744	1.087676e+00
1745	1.087681e+00
1746	1.087328e+00
1747	1.086500e+00
1748	1.084926e+00
1749	1.083578e+00
1750	1.083077e+00
1751	1.084534e+00
1752	1.086418e+00
1753	1.088327e+00
1754	1.091087e+00
1755	1.094856e+00
1756	1.098711e+00
1757	1.101850e+00
1758	1.102843e+00
1759	1.101596e+00
1760	1.100164e+00
1761	1.099784e+00
1762	1.097080e+00
1763	1.093837e+00
1764	1.090005e+00
1765	1.085803e+00
1766	1.082429e+00
1767	1.080612e+00
1768	1.080370e+00
1769	1.079708e+00
1770	1.078250e+00
1771	1.075775e+00
1772	1.074673e+00
1773	1.075167e+00
1774	1.076459e+00
1775	1.077689e+00
1776	1.080301e+00
1777	1.084847e+00
1778	1.089633e+00
1779	1.094076e+00
1780	1.097376e+00
1781	1.099287e+00
1782	1.100059e+00
1783	1.099008e+00
1784	1.098627e+00
1785	1.097939e+00
1786	1.096295e+00
1787	1.094676e+00
1788	1.093145e+00
1789	1.092468e+00
1790	1.092066e+00
1791	1.090353e+00
1792	1.088209e+00
1793	1.086505e+00
1794	1.084843e+00
1795	1.083401e+00
1796	1.082724e+00
1797	1.082232e+00
1798	1.083774e+00
1799	1.086157e+00
1800	1.089461e+00
1801	1.092215e+00
1802	1.096019e+00
1803	1.102092e+00
1804	1.107266e+00
1805	1.111771e+00
1806	1.114418e+00
1807	1.116949e+00
1808	1.118456e+00
1809	1.119157e+00
1810	1.116962e+00
1811	1.113602e+00
1812	1.107982e+00
1813	1.101188e+00
1814	1.094048e+00
1815	1.087172e+00
1816	1.081141e+00
1817	1.077858e+00
1818	1.077467e+00
1819	1.078813e+00
1820	1.082394e+00
1821	1.087629e+00
1822	1.092965e+00
1823	1.099257e+00
1824	1.104105e+00
1825	1.108153e+00
1826	1.110840e+00
1827	1.111779e+00
1828	1.111416e+00
1829	1.110829e+00
1830	1.109441e+00
1831	1.105747e+00
1832	1.101285e+00
1833	1.094863e+00
1834	1.086721e+00
1835	1.077950e+00
1836	1.071204e+00
1837	1.066202e+00
1838	1.063654e+00
1839	1.061840e+00
1840	1.062380e+00
1841	1.066341e+00
1842	1.072551e+00
1843	1.079378e+00
1844	1.085793e+00
1845	1.093246e+00
1846	1.102309e+00
1847	1.109544e+00
1848	1.115420e+00
1849	1.119930e+00
1850	1.122665e+00
1851	1.121570e+00
1852	1.118125e+00
1853	1.114059e+00
1854	1.107618e+00
1855	1.101042e+00
1856	1.092894e+00
1857	1.085281e+00
1858	1.079276e+00
1859	1.075299e+00
1860	1.072849e+00
1861	1.073242e+00
1862	1.074673e+00
1863	1.077534e+00
1864	1.082576e+00
1865	1.089137e+00
1866	1.094353e+00
1867	1.099727e+00
1868	1.104613e+00
1869	1.108429e+00
1870	1.111920e+00
1871	1.116070e+00
1872	1.116900e+00
1873	1.116945e+00
1874	1.116628e+00
1875	1.113155e+00
1876	1.108119e+00
1877	1.102658e+00
1878	1.098380e+00
1879	1.092482e+00
1880	1.085419e+00
1881	1.080017e+00
1882	1.076170e+00
1883	1.073000e+00
1884	1.073517e+00
1885	1.075243e+00
1886	1.078144e+00
1887	1.083268e+00
1888	1.088057e+00
1889	1.092256e+00
1890	1.094824e+00
1891	1.097692e+00
1892	1.101492e+00
1893	1.104682e+00
1894	1.107866e+00
1895	1.111113e+00
1896	1.113971e+00
1897	1.116763e+00
1898	1.117666e+00
1899	1.116392e+00
1900	1.113176e+00
1901	1.107633e+00
1902	1.102580e+00
1903	1.096457e+00
1904	1.089329e+00
1905	1.082701e+00
1906	1.075972e+00
1907	1.070417e+00
1908	1.067696e+00
1909	1.069008e+00
1910	1.072261e+00
1911	1.077060e+00
1912	1.083868e+00
1913	1.092012e+00
1914	1.100128e+00
1915	1.107745e+00
1916	1.114684e+00
1917	1.118925e+00
1918	1.121262e+00
1919	1.122446e+00
1920	1.122600e+00
1921	1.119760e+00
1922	1.115630e+00
1923	1.109505e+00
1924	1.100303e+00
1925	1.089824e+00
1926	1.079086e+00
1927	1.069782e+00
1928	1.061945e+00
1929	1.056206e+00
1930	1.054413e+00
1931	1.056037e+00
1932	1.061017e+00
1933	1.069215e+00
1934	1.078665e+00
1935	1.088682e+00
1936	1.100002e+00
1937	1.111047e+00
1938	1.119090e+00
1939	1.124042e+00
1940	1.125344e+00
1941	1.122252e+00
1942	1.116600e+00
1943	1.108381e+00
1944	1.097808e+00
1945	1.088103e+00
1946	1.079416e+00
1947	1.073317e+00
1948	1.068028e+00
1949	1.066444e+00
1950	1.066582e+00
1951	1.068975e+00
1952	1.074134e+00
1953	1.080482e+00
1954	1.087156e+00
1955	1.092816e+00
1956	1.098112e+00
1957	1.102065e+00
1958	1.105461e+00
1959	1.108164e+00
1960	1.109760e+00
1961	1.109916e+00
1962	1.108507e+00
1963	1.104786e+00
1964	1.099896e+00
1965	1.094628e+00
1966	1.091239e+00
1967	1.088782e+00
1968	1.087286e+00
1969	1.086467e+00
1970	1.087026e+00
1971	1.087793e+00
1972	1.089110e+00
1973	1.091629e+00
1974	1.091915e+00
1975	1.090434e+00
1976	1.089327e+00
1977	1.088025e+00
1978	1.088236e+00
1979	1.090773e+00
1980	1.093049e+00
1981	1.094449e+00
1982	1.095684e+00
1983	1.095761e+00
1984	1.092724e+00
1985	1.089663e+00
1986	1.086008e+00
1987	1.082781e+00
1988	1.079745e+00
1989	1.076081e+00
1990	1.073490e+00
1991	1.072668e+00
1992	1.072912e+00
1993	1.072746e+00
1994	1.075409e+00
1995	1.078039e+00
1996	1.083239e+00
1997	1.088424e+00
1998	1.094460e+00
1999	1.102994e+00
2000	1.110048e+00
2001	1.115456e+00
2002	1.119103e+00
2003	1.121887e+00
2004	1.122386e+00
2005	1.121403e+00
2006	1.119222e+00
2007	1.115009e+00
2008	1.108573e+00
2009	1.100585e+00
2010	1.092158e+00
2011	1.085960e+00
2012	1.079647e+00
2013	1.074855e+00
2014	1.073435e+00
2015	1.074481e+00
2016	1.077763e+00
2017	1.081879e+00
2018	1.086127e+00
2019	1.091571e+00
2020	1.097040e+00
2021	1.103033e+00
2022	1.107643e+00
2023	1.110523e+00
2024	1.112959e+00
2025	1.113902e+00
2026	1.112179e+00
2027	1.109115e+00
2028	1.104816e+00
2029	1.098777e+00
2030	1.093287e+00
2031	1.088480e+00
2032	1.084390e+00
2033	1.080388e+00
2034	1.076143e+00
2035	1.074097e+00
2036	1.072774e+00
2037	1.073490e+00
2038	1.076616e+00
2039	1.081977e+00
2040	1.088835e+00
2041	1.096063e+00
2042	1.104740e+00
2043	1.112527e+00
2044	1.119503e+00
2045	1.125000e+00
2046	1.127738e+00
2047	1.127646e+00
2048	1.123589e+00
2049	1.116468e+00
2050	1.106885e+00
2051	1.095105e+00
2052	1.083457e+00
2053	1.073801e+00
2054	1.067279e+00
2055	1.063891e+00
2056	1.062299e+00
2057	1.064138e+00
2058	1.068609e+00
2059	1.075881e+00
2060	1.085671e+00
2061	1.096139e+00
2062	1.107320e+00
2063	1.117919e+00
2064	1.126955e+00
2065	1.134599e+00
2066	1.140424e+00
2067	1.143354e+00
2068	1.143222e+00
2069	1.138285e+00
2070	1.130731e+00
2071	1.119906e+00
2072	1.106991e+00
2073	1.092546e+00
2074	1.078294e+00
2075	1.063755e+00
2076	1.052630e+00
2077	1.045383e+00
2078	1.042123e+00
2079	1.043906e+00
2080	1.051109e+00
2081	1.061947e+00
2082	1.076925e+00
2083	1.093842e+00
2084	1.111023e+00
2085	1.127284e+00
2086	1.141971e+00
2087	1.154742e+00
2088	1.162305e+00
2089	1.164952e+00
2090	1.163504e+00
2091	1.157713e+00
2092	1.147975e+00
2093	1.133926e+00
2094	1.116811e+00
2095	1.099557e+00
2096	1.081904e+00
2097	1.065400e+00
2098	1.052223e+00
2099	1.042583e+00
2100	1.038372e+00
2101	1.039568e+00
2102	1.046937e+00
2103	1.058277e+00
2104	1.072360e+00
2105	1.088979e+00
2106	1.107343e+00
2107	1.125111e+00
2108	1.140286e+00
2109	1.151054e+00
2110	1.159030e+00
2111	1.161817e+00
2112	1.161502e+00
2113	1.156286e+00
2114	1.146378e+00
2115	1.132736e+00
2116	1.115902e+00
2117	1.098257e+00
2118	1.080472e+00
2119	1.065236e+00
2120	1.052269e+00
2121	1.043619e+00
2122	1.039444e+00
2123	1.038833e+00
2124	1.043629e+00
2125	1.053993e+00
2126	1.067714e+00
2127	1.082232e+00
2128	1.096959e+00
2129	1.111246e+00
2130	1.125691e+00
2131	1.137929e+00
2132	1.146872e+00
2133	1.151371e+00
2134	1.153579e+00
2135	1.152762e+00
2136	1.149211e+00
2137	1.143456e+00
2138	1.133045e+00
2139	1.120768e+00
2140	1.106625e+00
2141	1.091941e+00
2142	1.076897e+00
2143	1.063824e+00
2144	1.052928e+00
2145	1.046234e+00
2146	1.044515e+00
2147	1.046935e+00
2148	1.052734e+00
2149	1.060264e+00
2150	1.071939e+00
2151	1.085844e+00
2152	1.101759e+00
2153	1.118140e+00
2154	1.133737e+00
2155	1.147696e+00
2156	1.157970e+00
2157	1.164915e+00
2158	1.167038e+00
2159	1.164732e+00
2160	1.157905e+00
2161	1.146938e+00
2162	1.132909e+00
2163	1.117099e+00
2164	1.099809e+00
2165	1.081266e+00
2166	1.064571e+00
2167	1.052152e+00
2168	1.044048e+00
2169	1.041745e+00
2170	1.045766e+00
2171	1.054473e+00
2172	1.067418e+00
2173	1.082575e+00
2174	1.098532e+00
2175	1.113487e+00
2176	1.128387e+00
2177	1.142480e+00
2178	1.154441e+00
2179	1.162584e+00
2180	1.167389e+00
2181	1.168190e+00
2182	1.165558e+00
2183	1.159142e+00
2184	1.149591e+00
2185	1.137944e+00
2186	1.123025e+00
2187	1.105450e+00
2188	1.088481e+00
2189	1.073363e+00
2190	1.060969e+00
2191	1.052602e+00
2192	1.049172e+00
2193	1.050802e+00
2194	1.058366e+00
2195	1.071285e+00
2196	1.085907e+00
2197	1.101175e+00
2198	1.115839e+00
2199	1.129447e+00
2200	1.140763e+00
2201	1.148184e+00
2202	1.152558e+00
2203	1.153745e+00
2204	1.151021e+00
2205	1.143910e+00
2206	1.132934e+00
2207	1.120367e+00
2208	1.106699e+00
2209	1.093248e+00
2210	1.078739e+00
2211	1.065749e+00
2212	1.055686e+00
2213	1.049829e+00
2214	1.047874e+00
2215	1.051683e+00
2216	1.059483e+00
2217	1.071055e+00
2218	1.084094e+00
2219	1.097886e+00
2220	1.110606e+00
2221	1.121874e+00
2222	1.130566e+00
2223	1.135473e+00
2224	1.136227e+00
2225	1.136081e+00
2226	1.133220e+00
2227	1.129568e+00
2228	1.124938e+00
2229	1.117477e+00
2230	1.107641e+00
2231	1.096036e+00
2232	1.084201e+00
2233	1.073453e+00
2234	1.064608e+00
2235	1.059031e+00
2236	1.056188e+00
2237	1.056475e+00
2238	1.061176e+00
2239	1.069119e+00
2240	1.079212e+00
2241	1.089162e+00
2242	1.098754e+00
2243	1.109272e+00
2244	1.118951e+00
2245	1.127712e+00
2246	1.132931e+00
2247	1.134365e+00
2248	1.134807e+00
2249	1.131312e+00
2250	1.125382e+00
2251	1.115449e+00
2252	1.104094e+00
2253	1.092435e+00
2254	1.080436e+00
2255	1.070413e+00
2256	1.063109e+00
2257	1.056429e+00
2258	1.052239e+00
2259	1.051695e+00
2260	1.054782e+00
2261	1.062132e+00
2262	1.070474e+00
2263	1.080148e+00
2264	1.090553e+00
2265	1.100433e+00
2266	1.111142e+00
2267	1.120357e+00
2268	1.127301e+00
2269	1.131690e+00
2270	1.133207e+00
2271	1.132095e+00
2272	1.128050e+00
2273	1.121909e+00
2274	1.114207e+00
2275	1.106855e+00
2276	1.097275e+00
2277	1.088298e+00
2278	1.080462e+00
2279	1.074855e+00
2280	1.071601e+00
2281	1.070725e+00
2282	1.071725e+00
2283	1.075781e+00
2284	1.083144e+00
2285	1.091036e+00
2286	1.099469e+00
2287	1.107609e+00
2288	1.115205e+00
2289	1.121470e+00
2290	1.126709e+00
2291	1.130928e+00
2292	1.132250e+00
2293	1.131882e+00
2294	1.129364e+00
2295	1.124343e+00
2296	1.117969e+00
2297	1.109473e+00
2298	1.099535e+00
2299	1.090179e+00
2300	1.080456e+00
2301	1.071008e+00
2302	1.063912e+00
2303	1.059572e+00
2304	1.059056e+00
2305	1.062317e+00
2306	1.069189e+00
2307	1.077694e+00
2308	1.087809e+00
2309	1.100889e+00
2310	1.112160e+00
2311	1.122796e+00
2312	1.132332e+00
2313	1.140358e+00
2314	1.146253e+00
2315	1.149237e+00
2316	1.148420e+00
2317	1.144870e+00
2318	1.139164e+00
2319	1.131481e+00
2320	1.122735e+00
2321	1.112444e+00
2322	1.100912e+00
2323	1.088815e+00
2324	1.078844e+00
2325	1.071174e+00
2326	1.067596e+00
2327	1.067171e+00
2328	1.068592e+00
2329	1.074276e+00
2330	1.082724e+00
2331	1.092577e+00
2332	1.101326e+00
2333	1.108763e+00
2334	1.116725e+00
2335	1.122657e+00
2336	1.126203e+00
2337	1.127637e+00
2338	1.127137e+00
2339	1.124418e+00
2340	1.119229e+00
2341	1.111376e+00
2342	1.103666e+00
2343	1.095174e+00
2344	1.085851e+00
2345	1.079867e+00
2346	1.074636e+00
2347	1.071168e+00
2348	1.072484e+00
2349	1.075818e+00
2350	1.081667e+00
2351	1.089272e+00
2352	1.097240e+00
2353	1.105479e+00
2354	1.112879e+00
2355	1.118823e+00
2356	1.122897e+00
2357	1.125122e+00
2358	1.123868e+00
2359	1.121168e+00
2360	1.115651e+00
2361	1.109599e+00
2362	1.101245e+00
2363	1.090076e+00
2364	1.080010e+00
2365	1.071023e+00
2366	1.064687e+00
2367	1.060650e+00
2368	1.058712e+00
2369	1.059201e+00
2370	1.063496e+00
2371	1.068343e+00
2372	1.076478e+00
2373	1.086561e+00
2374	1.097607e+00
2375	1.110173e+00
2376	1.120792e+00
2377	1.130514e+00
2378	1.138931e+00
2379	1.145303e+00
2380	1.147499e+00
2381	1.147816e+00
2382	1.145783e+00
2383	1.141138e+00
2384	1.134401e+00
2385	1.125154e+00
2386	1.112788e+00
2387	1.097552e+00
2388	1.081849e+00
2389	1.068395e+00
2390	1.056208e+00
2391	1.046625e+00
2392	1.041339e+00
2393	1.042888e+00
2394	1.048319e+00
2395	1.057656e+00
2396	1.070013e+00
2397	1.084266e+00
2398	1.099608e+00
2399	1.115348e+00
2400	1.129710e+00
2401	1.141690e+00
2402	1.148575e+00
2403	1.152086e+00
2404	1.150995e+00
2405	1.146113e+00
2406	1.137976e+00
2407	1.126608e+00
2408	1.113625e+00
2409	1.099867e+00
2410	1.088119e+00
2411	1.077948e+00
2412	1.070803e+00
2413	1.064137e+00
2414	1.059722e+00
2415	1.059198e+00
2416	1.061879e+00
2417	1.067554e+00
2418	1.073553e+00
2419	1.081527e+00
2420	1.089987e+00
2421	1.099185e+00
2422	1.109320e+00
2423	1.116896e+00
2424	1.122923e+00
2425	1.127210e+00
2426	1.129673e+00
2427	1.130198e+00
2428	1.127817e+00
2429	1.122721e+00
2430	1.116183e+00
2431	1.106541e+00
2432	1.095082e+00
2433	1.083498e+00
2434	1.073320e+00
2435	1.065661e+00
2436	1.061092e+00
2437	1.057833e+00
2438	1.059294e+00
2439	1.064529e+00
2440	1.072210e+00
2441	1.083431e+00
2442	1.095870e+00
2443	1.108444e+00
2444	1.119108e+00
2445	1.126535e+00
2446	1.132042e+00
2447	1.134360e+00
2448	1.134550e+00
2449	1.131361e+00
2450	1.126102e+00
2451	1.118915e+00
2452	1.109020e+00
2453	1.098585e+00
2454	1.088746e+00
2455	1.079184e+00
2456	1.071407e+00
2457	1.066151e+00
2458	1.063687e+00
2459	1.065052e+00
2460	1.070720e+00
2461	1.078181e+00
2462	1.086363e+00
2463	1.096279e+00
2464	1.107006e+00
2465	1.117458e+00
2466	1.125971e+00
2467	1.132611e+00
2468	1.136386e+00
2469	1.136735e+00
2470	1.134360e+00
2471	1.128681e+00
2472	1.121093e+00
2473	1.111435e+00
2474	1.099834e+00
2475	1.088333e+00
2476	1.078133e+00
2477	1.069870e+00
2478	1.062923e+00
2479	1.060023e+00
2480	1.062309e+00
2481	1.067834e+00
2482	1.075604e+00
2483	1.086549e+00
2484	1.099960e+00
2485	1.112035e+00
2486	1.123423e+00
2487	1.132639e+00
2488	1.139219e+00
2489	1.142608e+00
2490	1.140311e+00
2491	1.135255e+00
2492	1.126914e+00
2493	1.117867e+00
2494	1.108069e+00
2495	1.096687e+00
2496	1.086402e+00
2497	1.076017e+00
2498	1.068636e+00
2499	1.064133e+00
2500	1.061074e+00
2501	1.060546e+00
2502	1.061828e+00
2503	1.066183e+00
2504	1.073508e+00
2505	1.084079e+00
2506	1.095233e+00
2507	1.105842e+00
2508	1.116849e+00
2509	1.128355e+00
2510	1.136607e+00
2511	1.142421e+00
2512	1.144719e+00
2513	1.143885e+00
2514	1.139541e+00
2515	1.132419e+00
2516	1.122116e+00
2517	1.110657e+00
2518	1.097487e+00
2519	1.085148e+00
2520	1.073858e+00
2521	1.065075e+00
2522	1.059749e+00
2523	1.057773e+00
2524	1.059613e+00
2525	1.063709e+00
2526	1.069067e+00
2527	1.078807e+00
2528	1.090066e+00
2529	1.101283e+00
2530	1.112564e+00
2531	1.122818e+00
2532	1.132107e+00
2533	1.138548e+00
2534	1.140447e+00
2535	1.139519e+00
2536	1.133807e+00
2537	1.125701e+00
2538	1.114678e+00
2539	1.100779e+00
2540	1.085663e+00
2541	1.069357e+00
2542	1.055505e+00
2543	1.045407e+00
2544	1.038825e+00
2545	1.038197e+00
2546	1.042611e+00
2547	1.051559e+00
2548	1.064939e+00
2549	1.081748e+00
2550	1.100031e+00
2551	1.118564e+00
2552	1.135350e+00
2553	1.149629e+00
2554	1.160335e+00
2555	1.166724e+00
2556	1.167830e+00
2557	1.163737e+00
2558	1.153379e+00
2559	1.139399e+00
2560	1.121731e+00
2561	1.102197e+00
2562	1.082546e+00
2563	1.063926e+00
2564	1.048797e+00
2565	1.038443e+00
2566	1.034858e+00
2567	1.036128e+00
2568	1.043456e+00
2569	1.055740e+00
2570	1.073213e+00
2571	1.094057e+00
2572	1.115065e+00
2573	1.133547e+00
2574	1.148973e+00
2575	1.159956e+00
2576	1.166882e+00
2577	1.167600e+00
2578	1.164450e+00
2579	1.156773e+00
2580	1.144565e+00
2581	1.127595e+00
2582	1.108873e+00
2583	1.088963e+00
2584	1.070534e+00
2585	1.055283e+00
2586	1.042790e+00
2587	1.035888e+00
2588	1.035906e+00
2589	1.043006e+00
2590	1.055466e+00
2591	1.073482e+00
2592	1.094222e+00
2593	1.115334e+00
2594	1.135987e+00
2595	1.153845e+00
2596	1.165247e+00
2597	1.172025e+00
2598	1.173372e+00
2599	1.170219e+00
2600	1.162894e+00
2601	1.149193e+00
2602	1.130138e+00
2603	1.109206e+00
2604	1.087695e+00
2605	1.068080e+00
2606	1.051225e+00
2607	1.038880e+00
2608	1.032257e+00
2609	1.032087e+00
2610	1.038487e+00
2611	1.050889e+00
2612	1.067388e+00
2613	1.086291e+00
2614	1.106938e+00
2615	1.127459e+00
2616	1.146651e+00
2617	1.161368e+00
2618	1.171391e+00
2619	1.174317e+00
2620	1.172821e+00
2621	1.166019e+00
2622	1.152596e+00
2623	1.133967e+00
2624	1.112765e+00
2625	1.089122e+00
2626	1.068359e+00
2627	1.050480e+00
2628	1.037835e+00
2629	1.030917e+00
2630	1.030440e+00
2631	1.035917e+00
2632	1.045069e+00
2633	1.058691e+00
2634	1.076580e+00
2635	1.095961e+00
2636	1.115549e+00
2637	1.133861e+00
2638	1.151406e+00
2639	1.165156e+00
2640	1.175279e+00
2641	1.180085e+00
2642	1.179775e+00
2643	1.174236e+00
2644	1.163464e+00
2645	1.148605e+00
2646	1.131848e+00
2647	1.112363e+00
2648	1.092054e+00
2649	1.071798e+00
2650	1.054420e+00
2651	1.041054e+00
2652	1.032968e+00
2653	1.030918e+00
2654	1.034000e+00
2655	1.044155e+00
2656	1.059541e+00
2657	1.078434e+00
2658	1.098158e+00
2659	1.116048e+00
2660	1.133051e+00
2661	1.147372e+00
2662	1.157983e+00
2663	1.164114e+00
2664	1.164432e+00
2665	1.158476e+00
2666	1.149429e+00
2667	1.137064e+00
2668	1.121852e+00
2669	1.103665e+00
2670	1.085037e+00
2671	1.067345e+00
2672	1.052578e+00
2673	1.042985e+00
2674	1.038568e+00
2675	1.039368e+00
2676	1.044618e+00
2677	1.054473e+00
2678	1.067536e+00
2679	1.083681e+00
2680	1.101191e+00
2681	1.117626e+00
2682	1.131578e+00
2683	1.143077e+00
2684	1.151689e+00
2685	1.155547e+00
2686	1.154260e+00
2687	1.147605e+00
2688	1.137568e+00
2689	1.124495e+00
2690	1.110018e+00
2691	1.094307e+00
2692	1.077819e+00
2693	1.062918e+00
2694	1.050196e+00
2695	1.040413e+00
2696	1.035354e+00
2697	1.037150e+00
2698	1.044522e+00
2699	1.056967e+00
2700	1.073803e+00
2701	1.093589e+00
2702	1.114072e+00
2703	1.135123e+00
2704	1.153164e+00
2705	1.165426e+00
2706	1.173342e+00
2707	1.174482e+00
2708	1.169766e+00
2709	1.161517e+00
2710	1.147573e+00
2711	1.129144e+00
2712	1.108264e+00
2713	1.087733e+00
2714	1.068624e+00
2715	1.053444e+00
2716	1.042068e+00
2717	1.036299e+00
2718	1.035860e+00
2719	1.041279e+00
2720	1.051747e+00
2721	1.066792e+00
2722	1.084895e+00
2723	1.105322e+00
2724	1.125167e+00
2725	1.142709e+00
2726	1.156319e+00
2727	1.167604e+00
2728	1.175169e+00
2729	1.178900e+00
2730	1.177859e+00
2731	1.170421e+00
2732	1.158933e+00
2733	1.142976e+00
2734	1.124793e+00
2735	1.105361e+00
2736	1.086297e+00
2737	1.067017e+00
2738	1.051404e+00
2739	1.041869e+00
2740	1.039076e+00
2741	1.042211e+00
2742	1.050751e+00
2743	1.063689e+00
2744	1.079770e+00
2745	1.097061e+00
2746	1.114419e+00
2747	1.129975e+00
2748	1.144108e+00
2749	1.153802e+00
2750	1.160696e+00
2751	1.163225e+00
2752	1.160545e+00
2753	1.153778e+00
2754	1.143111e+00
2755	1.129431e+00
2756	1.112695e+00
2757	1.094749e+00
2758	1.077841e+00
2759	1.063672e+00
2760	1.054068e+00
2761	1.047311e+00
2762	1.047162e+00
2763	1.051179e+00
2764	1.061553e+00
2765	1.074711e+00
2766	1.089184e+00
2767	1.103461e+00
2768	1.116427e+00
2769	1.129010e+00
2770	1.138224e+00
2771	1.142470e+00
2772	1.144948e+00
2773	1.143980e+00
2774	1.138695e+00
2775	1.128844e+00
2776	1.117594e+00
2777	1.103307e+00
2778	1.088820e+00
2779	1.075189e+00
2780	1.062913e+00
2781	1.054073e+00
2782	1.051028e+00
2783	1.053429e+00
2784	1.060793e+00
2785	1.072173e+00
2786	1.085665e+00
2787	1.101745e+00
2788	1.116467e+00
2789	1.131822e+00
2790	1.144445e+00
2791	1.153524e+00
2792	1.158904e+00
2793	1.159563e+00
2794	1.154532e+00
2795	1.146223e+00
2796	1.133712e+00
2797	1.118782e+00
2798	1.102984e+00
2799	1.087755e+00
2800	1.073419e+00
2801	1.062639e+00
2802	1.055142e+00
2803	1.053685e+00
2804	1.058909e+00
2805	1.067876e+00
2806	1.081776e+00
2807	1.098292e+00
2808	1.114811e+00
2809	1.130787e+00
2810	1.145095e+00
2811	1.155947e+00
2812	1.161072e+00
2813	1.162729e+00
2814	1.160112e+00
2815	1.153140e+00
2816	1.142693e+00
2817	1.127598e+00
2818	1.109642e+00
2819	1.090770e+00
2820	1.072242e+00
2821	1.055639e+00
2822	1.041592e+00
2823	1.031128e+00
2824	1.027372e+00
2825	1.030135e+00
2826	1.038192e+00
2827	1.052025e+00
2828	1.069231e+00
2829	1.088574e+00
2830	1.106902e+00
2831	1.124889e+00
2832	1.139713e+00
2833	1.151237e+00
2834	1.158196e+00
2835	1.161636e+00
2836	1.161163e+00
2837	1.155056e+00
2838	1.144262e+00
2839	1.129607e+00
2840	1.112630e+00
2841	1.093549e+00
2842	1.075972e+00
2843	1.059197e+00
2844	1.045340e+00
2845	1.036290e+00
2846	1.033030e+00
2847	1.036492e+00
2848	1.045944e+00
2849	1.060813e+00
2850	1.078030e+00
2851	1.097008e+00
2852	1.115611e+00
2853	1.133177e+00
2854	1.149151e+00
2855	1.161541e+00
2856	1.168953e+00
2857	1.172888e+00
2858	1.170610e+00
2859	1.163631e+00
2860	1.152140e+00
2861	1.135444e+00
2862	1.117082e+00
2863	1.096793e+00
2864	1.076193e+00
2865	1.056746e+00
2866	1.040854e+00
2867	1.031223e+00
2868	1.028592e+00
2869	1.033817e+00
2870	1.044707e+00
2871	1.060342e+00
2872	1.079547e+00
2873	1.099821e+00
2874	1.120397e+00
2875	1.138203e+00
2876	1.152749e+00
2877	1.163635e+00
2878	1.170278e+00
2879	1.172998e+00
2880	1.171289e+00
2881	1.163531e+00
2882	1.152025e+00
2883	1.136512e+00
2884	1.118596e+00
2885	1.097654e+00
2886	1.076000e+00
2887	1.055678e+00
2888	1.038612e+00
2889	1.027066e+00
2890	1.022883e+00
2891	1.025748e+00
2892	1.034854e+00
2893	1.048728e+00
2894	1.067215e+00
2895	1.088018e+00
2896	1.110055e+00
2897	1.130934e+00
2898	1.149455e+00
2899	1.163915e+00
2900	1.174937e+00
2901	1.180455e+00
2902	1.182106e+00
2903	1.179775e+00
2904	1.171735e+00
2905	1.158979e+00
2906	1.143168e+00
2907	1.124732e+00
2908	1.105300e+00
2909	1.085100e+00
2910	1.067977e+00
2911	1.053948e+00
2912	1.045313e+00
2913	1.043878e+00
2914	1.048399e+00
2915	1.058507e+00
2916	1.071406e+00
2917	1.087759e+00
2918	1.105248e+00
2919	1.122649e+00
2920	1.137797e+00
2921	1.149787e+00
2922	1.158696e+00
2923	1.164280e+00
2924	1.165361e+00
2925	1.162823e+00
2926	1.156388e+00
2927	1.148093e+00
2928	1.136239e+00
2929	1.121619e+00
2930	1.106237e+00
2931	1.091480e+00
2932	1.078695e+00
2933	1.068113e+00
2934	1.060421e+00
2935	1.055649e+00
2936	1.055047e+00
2937	1.058258e+00
2938	1.064908e+00
2939	1.073983e+00
2940	1.083389e+00
2941	1.094461e+00
2942	1.105196e+00
2943	1.114877e+00
2944	1.123996e+00
2945	1.129921e+00
2946	1.133710e+00
2947	1.134533e+00
2948	1.132044e+00
2949	1.128581e+00
2950	1.122073e+00
2951	1.114795e+00
2952	1.106967e+00
2953	1.099067e+00
2954	1.092986e+00
2955	1.087490e+00
2956	1.082170e+00
2957	1.078598e+00
2958	1.077942e+00
2959	1.081677e+00
2960	1.086100e+00
2961	1.092358e+00
2962	1.099518e+00
2963	1.109210e+00
2964	1.118817e+00
2965	1.127434e+00
2966	1.134121e+00
2967	1.137217e+00
2968	1.138807e+00
2969	1.137864e+00
2970	1.136153e+00
2971	1.132075e+00
2972	1.125755e+00
2973	1.117245e+00
2974	1.109266e+00
2975	1.102515e+00
2976	1.095377e+00
2977	1.089562e+00
2978	1.084820e+00
2979	1.080694e+00
2980	1.078524e+00
2981	1.078616e+00
2982	1.080183e+00
2983	1.084536e+00
2984	1.090307e+00
2985	1.097679e+00
2986	1.106352e+00
2987	1.115024e+00
2988	1.123352e+00
2989	1.129942e+00
2990	1.134573e+00
2991	1.136845e+00
2992	1.136333e+00
2993	1.132742e+00
2994	1.126871e+00
2995	1.118611e+00
2996	1.109299e+00
2997	1.099223e+00
2998	1.089116e+00
2999	1.079667e+00
3000	1.071294e+00
3001	1.065072e+00
3002	1.061209e+00
3003	1.059956e+00
3004	1.061893e+00
3005	1.065554e+00
3006	1.071797e+00
3007	1.080979e+00
3008	1.091553e+00
3009	1.101486e+00
3010	1.110276e+00
3011	1.118627e+00
3012	1.125288e+00
3013	1.130488e+00
3014	1.134174e+00
3015	1.136068e+00
3016	1.136574e+00
3017	1.135464e+00
3018	1.132041e+00
3019	1.126427e+00
3020	1.120696e+00
3021	1.113159e+00
3022	1.104254e+00
3023	1.094968e+00
3024	1.085639e+00
3025	1.077055e+00
3026	1.069465e+00
3027	1.063806e+00
3028	1.061011e+00
3029	1.060327e+00
3030	1.063378e+00
3031	1.070080e+00
3032	1.079138e+00
3033	1.089829e+00
3034	1.101032e+00
3035	1.112140e+00
3036	1.121697e+00
3037	1.130659e+00
3038	1.136027e+00
3039	1.139741e+00
3040	1.139583e+00
3041	1.137212e+00
3042	1.132580e+00
3043	1.124894e+00
3044	1.115336e+00
3045	1.104736e+00
3046	1.094369e+00
3047	1.084091e+00
3048	1.075220e+00
3049	1.068641e+00
3050	1.064846e+00
3051	1.064158e+00
3052	1.066429e+00
3053	1.071204e+00
3054	1.076775e+00
3055	1.082913e+00
3056	1.090752e+00
3057	1.098854e+00
3058	1.107807e+00
3059	1.116837e+00
3060	1.123226e+00
3061	1.126806e+00
3062	1.127898e+00
3063	1.124826e+00
3064	1.120421e+00
3065	1.114381e+00
3066	1.107604e+00
3067	1.099121e+00
3068	1.089911e+00
3069	1.081771e+00
3070	1.076032e+00
3071	1.072239e+00
3072	1.070322e+00
3073	1.070609e+00
3074	1.074178e+00
3075	1.080454e+00
3076	1.086913e+00
3077	1.095569e+00
3078	1.106169e+00
3079	1.116298e+00
3080	1.123526e+00
3081	1.128762e+00
3082	1.131657e+00
3083	1.130653e+00
3084	1.128550e+00
3085	1.124130e+00
3086	1.117500e+00
3087	1.109340e+00
3088	1.100218e+00
3089	1.092214e+00
3090	1.085754e+00
3091	1.080846e+00
3092	1.078144e+00
3093	1.077914e+00
3094	1.080659e+00
3095	1.084348e+00
3096	1.089661e+00
3097	1.096028e+00
3098	1.101231e+00
3099	1.108330e+00
3100	1.114515e+00
3101	1.120038e+00
3102	1.124663e+00
3103	1.126971e+00
3104	1.128148e+00
3105	1.127425e+00
3106	1.125594e+00
3107	1.122519e+00
3108	1.118630e+00
3109	1.112833e+00
3110	1.104815e+00
3111	1.095087e+00
3112	1.084851e+00
3113	1.075463e+00
3114	1.068970e+00
3115	1.064338e+00
3116	1.062461e+00
3117	1.063345e+00
3118	1.067312e+00
3119	1.073119e+00
3120	1.081957e+00
3121	1.094530e+00
3122	1.107880e+00
3123	1.118594e+00
3124	1.125409e+00
3125	1.131270e+00
3126	1.135164e+00
3127	1.138808e+00
3128	1.139146e+00
3129	1.137372e+00
3130	1.133323e+00
3131	1.126196e+00
3132	1.115946e+00
3133	1.106055e+00
3134	1.096295e+00
3135	1.087891e+00
3136	1.080778e+00
3137	1.075347e+00
3138	1.073603e+00
3139	1.074398e+00
3140	1.077018e+00
3141	1.082557e+00
3142	1.089975e+00
3143	1.098899e+00
3144	1.107728e+00
3145	1.116810e+00
3146	1.125934e+00
3147	1.133854e+00
3148	1.138647e+00
3149	1.140328e+00
3150	1.139518e+00
3151	1.134685e+00
3152	1.128598e+00
3153	1.119927e+00
3154	1.110697e+00
3155	1.099238e+00
3156	1.087844e+00
3157	1.077498e+00
3158	1.070415e+00
3159	1.067249e+00
3160	1.066578e+00
3161	1.069343e+00
3162	1.073186e+00
3163	1.079340e+00
3164	1.086867e+00
3165	1.094451e+00
3166	1.104065e+00
3167	1.113027e+00
3168	1.120348e+00
3169	1.125338e+00
3170	1.128563e+00
3171	1.130355e+00
3172	1.128415e+00
3173	1.123277e+00
3174	1.116152e+00
3175	1.106534e+00
3176	1.096587e+00
3177	1.087073e+00
3178	1.078394e+00
3179	1.071845e+00
3180	1.068146e+00
3181	1.066833e+00
3182	1.068278e+00
3183	1.072929e+00
3184	1.078521e+00
3185	1.085322e+00
3186	1.092970e+00
3187	1.099929e+00
3188	1.107393e+00
3189	1.114505e+00
3190	1.118295e+00
3191	1.120781e+00
3192	1.122172e+00
3193	1.122505e+00
3194	1.117416e+00
3195	1.110239e+00
3196	1.099963e+00
3197	1.090501e+00
3198	1.080083e+00
3199	1.071220e+00
3200	1.065543e+00
3201	1.061180e+00
3202	1.060478e+00
3203	1.062996e+00
3204	1.069592e+00
3205	1.078652e+00
3206	1.089055e+00
3207	1.098115e+00
3208	1.107739e+00
3209	1.115901e+00
3210	1.122731e+00
3211	1.127108e+00
3212	1.128810e+00
3213	1.128956e+00
3214	1.128212e+00
3215	1.125805e+00
3216	1.121176e+00
3217	1.114752e+00
3218	1.106846e+00
3219	1.098184e+00
3220	1.088746e+00
3221	1.080940e+00
3222	1.076236e+00
3223	1.072801e+00
3224	1.070469e+00
3225	1.070710e+00
3226	1.073479e+00
3227	1.077716e+00
3228	1.081978e+00
3229	1.087056e+00
3230	1.091461e+00
3231	1.097131e+00
3232	1.102198e+00
3233	1.107161e+00
3234	1.111915e+00
3235	1.116384e+00
3236	1.120026e+00
3237	1.122968e+00
3238	1.125120e+00
3239	1.126053e+00
3240	1.124059e+00
3241	1.118906e+00
3242	1.111573e+00
3243	1.102731e+00
3244	1.094353e+00
3245	1.087101e+00
3246	1.081878e+00
3247	1.078740e+00
3248	1.077809e+00
3249	1.077172e+00
3250	1.077907e+00
3251	1.081577e+00
3252	1.086061e+00
3253	1.091143e+00
3254	1.098369e+00
3255	1.105247e+00
3256	1.111996e+00
3257	1.117794e+00
3258	1.122337e+00
3259	1.125145e+00
3260	1.126642e+00
3261	1.127104e+00
3262	1.125517e+00
3263	1.123330e+00
3264	1.119245e+00
3265	1.113204e+00
3266	1.105787e+00
3267	1.098924e+00
3268	1.090882e+00
3269	1.081729e+00
3270	1.073886e+00
3271	1.068693e+00
3272	1.066849e+00
3273	1.069017e+00
3274	1.074293e+00
3275	1.081538e+00
3276	1.089937e+00
3277	1.098287e+00
3278	1.103775e+00
3279	1.107946e+00
3280	1.111340e+00
3281	1.114700e+00
3282	1.116890e+00
3283	1.116890e+00
3284	1.114778e+00
3285	1.109753e+00
3286	1.103025e+00
3287	1.095999e+00
3288	1.087802e+00
3289	1.080165e+00
3290	1.075132e+00
3291	1.072076e+00
3292	1.072379e+00
3293	1.073611e+00
3294	1.077035e+00
3295	1.083343e+00
3296	1.091352e+00
3297	1.099707e+00
3298	1.109211e+00
3299	1.117917e+00
3300	1.125448e+00
3301	1.130977e+00
3302	1.134338e+00
3303	1.135315e+00
3304	1.133837e+00
3305	1.130591e+00
3306	1.125403e+00
3307	1.120165e+00
3308	1.113062e+00
3309	1.106033e+00
3310	1.098182e+00
3311	1.089109e+00
3312	1.082471e+00
3313	1.076445e+00
3314	1.072787e+00
3315	1.071812e+00
3316	1.073545e+00
3317	1.076959e+00
3318	1.080791e+00
3319	1.087066e+00
3320	1.094947e+00
3321	1.102692e+00
3322	1.109779e+00
3323	1.116097e+00
3324	1.120273e+00
3325	1.120978e+00
3326	1.119887e+00
3327	1.116394e+00
3328	1.110327e+00
3329	1.103489e+00
3330	1.095546e+00
3331	1.087193e+00
3332	1.079479e+00
3333	1.073093e+00
3334	1.068311e+00
3335	1.067633e+00
3336	1.068797e+00
3337	1.072347e+00
3338	1.077705e+00
3339	1.085216e+00
3340	1.092170e+00
3341	1.098686e+00
3342	1.106162e+00
3343	1.112657e+00
3344	1.117954e+00
3345	1.121246e+00
3346	1.121712e+00
3347	1.119031e+00
3348	1.115187e+00
3349	1.110048e+00
3350	1.104362e+00
3351	1.098562e+00
3352	1.093963e+00
3353	1.090559e+00
3354	1.087269e+00
3355	1.086525e+00
3356	1.085729e+00
3357	1.084592e+00
3358	1.085060e+00
3359	1.086579e+00
3360	1.089700e+00
3361	1.092957e+00
3362	1.095600e+00
3363	1.098557e+00
3364	1.102468e+00
3365	1.107378e+00
3366	1.112764e+00
3367	1.115925e+00
3368	1.117568e+00
3369	1.118528e+00
3370	1.118594e+00
3371	1.118735e+00
3372	1.118941e+00
3373	1.117659e+00
3374	1.114137e+00
3375	1.108875e+00
3376	1.102863e+00
3377	1.097409e+00
3378	1.092107e+00
3379	1.087285e+00
3380	1.086024e+00
3381	1.086515e+00
3382	1.087948e+00
3383	1.090149e+00
3384	1.092738e+00
3385	1.095055e+00
3386	1.098029e+00
3387	1.099652e+00
3388	1.102928e+00
3389	1.106436e+00
3390	1.109477e+00
3391	1.111330e+00
3392	1.111108e+00
3393	1.109802e+00
3394	1.106853e+00
3395	1.104861e+00
3396	1.104070e+00
3397	1.102595e+00
3398	1.103465e+00
3399	1.104568e+00
3400	1.107716e+00
3401	1.110834e+00
3402	1.113251e+00
3403	1.114607e+00
3404	1.114253e+00
3405	1.112916e+00
3406	1.112208e+00
3407	1.110558e+00
3408	1.107248e+00
3409	1.104441e+00
3410	1.101562e+00
3411	1.098269e+00
3412	1.094564e+00
3413	1.091131e+00
3414	1.089252e+00
3415	1.087344e+00
3416	1.087827e+00
3417	1.089790e+00
3418	1.092674e+00
3419	1.096485e+00
3420	1.100212e+00
3421	1.104700e+00
3422	1.110810e+00
3423	1.117504e+00
3424	1.123130e+00
3425	1.127344e+00
3426	1.129534e+00
3427	1.129850e+00
3428	1.127610e+00
3429	1.123969e+00
3430	1.118561e+00
3431	1.111874e+00
3432	1.104262e+00
3433	1.095447e+00
3434	1.086762e+00
3435	1.079650e+00
3436	1.074097e+00
3437	1.071417e+00
3438	1.070262e+00
3439	1.070345e+00
3440	1.071601e+00
3441	1.075939e+00
3442	1.083630e+00
3443	1.093753e+00
3444	1.104334e+00
3445	1.114845e+00
3446	1.124165e+00
3447	1.130652e+00
3448	1.135072e+00
3449	1.137209e+00
3450	1.137320e+00
3451	1.134174e+00
3452	1.128991e+00
3453	1.121094e+00
3454	1.112608e+00
3455	1.105242e+00
3456	1.096940e+00
3457	1.088840e+00
3458	1.082633e+00
3459	1.077272e+00
3460	1.074419e+00
3461	1.073553e+00
3462	1.076168e+00
3463	1.081337e+00
3464	1.087117e+00
3465	1.095238e+00
3466	1.104169e+00
3467	1.113111e+00
3468	1.121646e+00
3469	1.127880e+00
3470	1.133055e+00
3471	1.135652e+00
3472	1.133496e+00
3473	1.129689e+00
3474	1.124103e+00
3475	1.116251e+00
3476	1.107486e+00
3477	1.097519e+00
3478	1.089200e+00
3479	1.081642e+00
3480	1.076342e+00
3481	1.073738e+00
3482	1.073887e+00
3483	1.076850e+00
3484	1.081737e+00
3485	1.087479e+00
3486	1.094633e+00
3487	1.102224e+00
3488	1.108755e+00
3489	1.115260e+00
3490	1.121706e+00
3491	1.126194e+00
3492	1.129624e+00
3493	1.130450e+00
3494	1.130843e+00
3495	1.128535e+00
3496	1.122669e+00
3497	1.116076e+00
3498	1.108236e+00
3499	1.100841e+00
3500	1.095004e+00
3501	1.090091e+00
3502	1.087917e+00
3503	1.086573e+00
3504	1.088719e+00
3505	1.091383e+00
3506	1.096719e+00
3507	1.103267e+00
3508	1.110355e+00
3509	1.116596e+00
3510	1.123364e+00
3511	1.129219e+00
3512	1.132491e+00
3513	1.135497e+00
3514	1.136714e+00
3515	1.135576e+00
3516	1.131576e+00
3517	1.125563e+00
3518	1.118100e+00
3519	1.110235e+00
3520	1.102321e+00
3521	1.095022e+00
3522	1.089243e+00
3523	1.085268e+00
3524	1.081401e+00
3525	1.079552e+00
3526	1.080375e+00
3527	1.084288e+00
3528	1.090340e+00
3529	1.099708e+00
3530	1.109326e+00
3531	1.117885e+00
3532	1.124409e+00
3533	1.129525e+00
3534	1.132496e+00
3535	1.134552e+00
3536	1.134438e+00
3537	1.133513e+00
3538	1.130742e+00
3539	1.124554e+00
3540	1.116360e+00
3541	1.107888e+00
3542	1.099216e+00
3543	1.091362e+00
3544	1.083504e+00
3545	1.075215e+00
3546	1.067363e+00
3547	1.060959e+00
3548	1.058068e+00
3549	1.057644e+00
3550	1.060788e+00
3551	1.067313e+00
3552	1.076289e+00
3553	1.087203e+00
3554	1.100117e+00
3555	1.113115e+00
3556	1.124988e+00
3557	1.136423e+00
3558	1.145181e+00
3559	1.150098e+00
3560	1.151838e+00
3561	1.148222e+00
3562	1.140640e+00
3563	1.129862e+00
3564	1.117095e+00
3565	1.103483e+00
3566	1.088610e+00
3567	1.075452e+00
3568	1.065113e+00
3569	1.058597e+00
3570	1.057706e+00
3571	1.060123e+00
3572	1.066477e+00
3573	1.078173e+00
3574	1.090753e+00
3575	1.104034e+00
3576	1.117128e+00
3577	1.129238e+00
3578	1.139555e+00
3579	1.146951e+00
3580	1.151176e+00
3581	1.151941e+00
3582	1.148551e+00
3583	1.142746e+00
3584	1.132760e+00
3585	1.119302e+00
3586	1.103379e+00
3587	1.087229e+00
3588	1.070303e+00
3589	1.054418e+00
3590	1.042036e+00
3591	1.034287e+00
3592	1.032120e+00
3593	1.037097e+00
3594	1.047779e+00
3595	1.062797e+00
3596	1.080366e+00
3597	1.100205e+00
3598	1.120446e+00
3599	1.139517e+00
3600	1.156543e+00
3601	1.169050e+00
3602	1.178207e+00
3603	1.183756e+00
3604	1.184958e+00
3605	1.181804e+00
3606	1.173326e+00
3607	1.160724e+00
3608	1.145314e+00
3609	1.125403e+00
3610	1.103802e+00
3611	1.082877e+00
3612	1.063049e+00
3613	1.046477e+00
3614	1.033946e+00
3615	1.028612e+00
3616	1.030035e+00
3617	1.039476e+00
3618	1.055212e+00
3619	1.074611e+00
3620	1.094599e+00
3621	1.116596e+00
3622	1.137750e+00
3623	1.155532e+00
3624	1.169920e+00
3625	1.180404e+00
3626	1.184395e+00
3627	1.183846e+00
3628	1.180042e+00
3629	1.172063e+00
3630	1.159038e+00
3631	1.142615e+00
3632	1.125666e+00
3633	1.106876e+00
3634	1.086965e+00
3635	1.068868e+00
3636	1.054261e+00
3637	1.042654e+00
3638	1.035765e+00
3639	1.034147e+00
3640	1.038732e+00
3641	1.047468e+00
3642	1.060946e+00
3643	1.077504e+00
3644	1.095780e+00
3645	1.114739e+00
3646	1.133228e+00
3647	1.150270e+00
3648	1.163209e+00
3649	1.172922e+00
3650	1.177730e+00
3651	1.177460e+00
3652	1.173715e+00
3653	1.165381e+00
3654	1.152842e+00
3655	1.135704e+00
3656	1.115636e+00
3657	1.095169e+00
3658	1.076225e+00
3659	1.059818e+00
3660	1.046490e+00
3661	1.037953e+00
3662	1.034818e+00
3663	1.036342e+00
3664	1.043587e+00
3665	1.056841e+00
3666	1.073174e+00
3667	1.091872e+00
3668	1.111576e+00
3669	1.130995e+00
3670	1.147980e+00
3671	1.162120e+00
3672	1.170409e+00
3673	1.175742e+00
3674	1.178521e+00
3675	1.176498e+00
3676	1.167238e+00
3677	1.153356e+00
3678	1.135193e+00
3679	1.114569e+00
3680	1.091961e+00
3681	1.071507e+00
3682	1.053953e+00
3683	1.040785e+00
3684	1.033107e+00
3685	1.031114e+00
3686	1.035180e+00
3687	1.044745e+00
3688	1.061033e+00
3689	1.082684e+00
3690	1.105488e+00
3691	1.127642e+00
3692	1.148264e+00
3693	1.166138e+00
3694	1.178696e+00
3695	1.186749e+00
3696	1.190656e+00
3697	1.190153e+00
3698	1.185490e+00
3699	1.176089e+00
3700	1.162593e+00
3701	1.144335e+00
3702	1.121268e+00
3703	1.097091e+00
3704	1.072205e+00
3705	1.050736e+00
3706	1.034446e+00
3707	1.022824e+00
3708	1.018366e+00
3709	1.021675e+00
3710	1.031998e+00
3711	1.047875e+00
3712	1.068301e+00
3713	1.090419e+00
3714	1.113452e+00
3715	1.135434e+00
3716	1.154649e+00
3717	1.169596e+00
3718	1.178351e+00
3719	1.182063e+00
3720	1.180601e+00
3721	1.173695e+00
3722	1.162104e+00
3723	1.146571e+00
3724	1.128149e+00
3725	1.108593e+00
3726	1.090348e+00
3727	1.072619e+00
3728	1.058907e+00
3729	1.049176e+00
3730	1.044108e+00
3731	1.045737e+00
3732	1.052853e+00
3733	1.063797e+00
3734	1.077829e+00
3735	1.095078e+00
3736	1.112242e+00
3737	1.129202e+00
3738	1.144561e+00
3739	1.157949e+00
3740	1.165273e+00
3741	1.168535e+00
3742	1.167094e+00
3743	1.160912e+00
3744	1.150097e+00
3745	1.137797e+00
3746	1.124721e+00
3747	1.110050e+00
3748	1.095911e+00
3749	1.081573e+00
3750	1.070183e+00
3751	1.061133e+00
3752	1.054072e+00
3753	1.051301e+00
3754	1.052429e+00
3755	1.057566e+00
3756	1.067171e+00
3757	1.080058e+00
3758	1.095510e+00
3759	1.112018e+00
3760	1.129083e+00
3761	1.144432e+00
3762	1.156296e+00
3763	1.163943e+00
3764	1.167401e+00
3765	1.166079e+00
3766	1.160740e+00
3767	1.152031e+00
3768	1.139080e+00
3769	1.122180e+00
3770	1.103083e+00
3771	1.083450e+00
3772	1.064019e+00
3773	1.048623e+00
3774	1.039903e+00
3775	1.036016e+00
3776	1.038864e+00
3777	1.047662e+00
3778	1.060898e+00
3779	1.076828e+00
3780	1.094020e+00
3781	1.111025e+00
3782	1.127228e+00
3783	1.143144e+00
3784	1.156098e+00
3785	1.164139e+00
3786	1.167677e+00
3787	1.165642e+00
3788	1.160680e+00
3789	1.151766e+00
3790	1.139801e+00
3791	1.125294e+00
3792	1.109918e+00
3793	1.094935e+00
3794	1.079058e+00
3795	1.065478e+00
3796	1.056691e+00
3797	1.052103e+00
3798	1.052025e+00
3799	1.056045e+00
3800	1.064264e+00
3801	1.075042e+00
3802	1.089270e+00
3803	1.104177e+00
3804	1.119085e+00
3805	1.132761e+00
3806	1.143963e+00
3807	1.152311e+00
3808	1.156531e+00
3809	1.158154e+00
3810	1.155403e+00
3811	1.149063e+00
3812	1.140226e+00
3813	1.127107e+00
3814	1.111981e+00
3815	1.094357e+00
3816	1.076520e+00
3817	1.059455e+00
3818	1.045534e+00
3819	1.037153e+00
3820	1.034554e+00
3821	1.035377e+00
3822	1.042639e+00
3823	1.054577e+00
3824	1.070671e+00
3825	1.088691e+00
3826	1.108105e+00
3827	1.126541e+00
3828	1.144732e+00
3829	1.159575e+00
3830	1.170105e+00
3831	1.175732e+00
3832	1.178038e+00
3833	1.175267e+00
3834	1.167972e+00
3835	1.154689e+00
3836	1.138821e+00
3837	1.120199e+00
3838	1.099176e+00
3839	1.078956e+00
3840	1.061649e+00
3841	1.047954e+00
3842	1.040372e+00
3843	1.039928e+00
3844	1.044524e+00
3845	1.053711e+00
3846	1.066297e+00
3847	1.081793e+00
3848	1.098938e+00
3849	1.116134e+00
3850	1.132195e+00
3851	1.145979e+00
3852	1.157298e+00
3853	1.164851e+00
3854	1.166645e+00
3855	1.164969e+00
3856	1.158344e+00
3857	1.145889e+00
3858	1.130618e+00
3859	1.113164e+00
3860	1.093554e+00
3861	1.074625e+00
3862	1.057731e+00
3863	1.045115e+00
3864	1.036160e+00
3865	1.031511e+00
3866	1.032252e+00
3867	1.037497e+00
3868	1.046867e+00
3869	1.060965e+00
3870	1.078357e+00
3871	1.096952e+00
3872	1.114742e+00
3873	1.130419e+00
3874	1.143122e+00
3875	1.152117e+00
3876	1.154737e+00
3877	1.153055e+00
3878	1.147786e+00
3879	1.138776e+00
3880	1.128354e+00
3881	1.114644e+00
3882	1.099146e+00
3883	1.083421e+00
3884	1.069174e+00
3885	1.056687e+00
3886	1.047807e+00
3887	1.044290e+00
3888	1.045043e+00
3889	1.051088e+00
3890	1.062694e+00
3891	1.077674e+00
3892	1.093908e+00
3893	1.110737e+00
3894	1.125455e+00
3895	1.139475e+00
3896	1.150315e+00
3897	1.158102e+00
3898	1.161871e+00
3899	1.160979e+00
3900	1.155737e+00
3901	1.146676e+00
3902	1.132952e+00
3903	1.117091e+00
3904	1.100253e+00
3905	1.083556e+00
3906	1.066948e+00
3907	1.054328e+00
3908	1.045602e+00
3909	1.040274e+00
3910	1.039521e+00
3911	1.044213e+00
3912	1.055014e+00
3913	1.067101e+00
3914	1.080905e+00
3915	1.095297e+00
3916	1.109612e+00
3917	1.121123e+00
3918	1.128969e+00
3919	1.134417e+00
3920	1.136272e+00
3921	1.134669e+00
3922	1.130708e+00
3923	1.122673e+00
3924	1.111917e+00
3925	1.098591e+00
3926	1.086751e+00
3927	1.076703e+00
3928	1.068432e+00
3929	1.062391e+00
3930	1.059301e+00
3931	1.059631e+00
3932	1.063780e+00
3933	1.071587e+00
3934	1.081574e+00
3935	1.092528e+00
3936	1.102084e+00
3937	1.108625e+00
3938	1.113672e+00
3939	1.116837e+00
3940	1.118507e+00
3941	1.117879e+00
3942	1.115246e+00
3943	1.110170e+00
3944	1.104395e+00
3945	1.098415e+00
3946	1.093168e+00
3947	1.086814e+00
3948	1.081623e+00
3949	1.078347e+00
3950	1.077580e+00
3951	1.079905e+00
3952	1.083384e+00
3953	1.088614e+00
3954	1.094507e+00
3955	1.100675e+00
3956	1.104609e+00
3957	1.107019e+00
3958	1.107789e+00
3959	1.107089e+00
3960	1.104689e+00
3961	1.100561e+00
3962	1.096327e+00
3963	1.091661e+00
3964	1.086803e+00
3965	1.082185e+00
3966	1.078106e+00
3967	1.075186e+00
3968	1.074573e+00
3969	1.075505e+00
3970	1.078945e+00
3971	1.084340e+00
3972	1.090442e+00
3973	1.097496e+00
3974	1.105157e+00
3975	1.111848e+00
3976	1.116623e+00
3977	1.119464e+00
3978	1.120525e+00
3979	1.119567e+00
3980	1.116258e+00
3981	1.113546e+00
3982	1.109570e+00
3983	1.105789e+00
3984	1.101280e+00
3985	1.096841e+00
3986	1.093897e+00
3987	1.091430e+00
3988	1.090761e+00
3989	1.090741e+00
3990	1.090986e+00
3991	1.090534e+00
3992	1.091755e+00
3993	1.094692e+00
3994	1.097358e+00
3995	1.098511e+00
3996	1.099084e+00
3997	1.098455e+00
3998	1.099887e+00
3999	1.099822e+00
4000	1.099805e+00
4001	1.100335e+00
4002	1.099974e+00
4003	1.098442e+00
4004	1.095076e+00
4005	1.092289e+00
4006	1.090064e+00
4007	1.086679e+00
4008	1.084296e+00
4009	1.082388e+00
4010	1.081391e+00
4011	1.080024e+00
4012	1.079253e+00
4013	1.081408e+00
4014	1.082848e+00
4015	1.086053e+00
4016	1.089061e+00
4017	1.093132e+00
4018	1.097893e+00
4019	1.104088e+00
4020	1.110631e+00
4021	1.118191e+00
4022	1.122950e+00
4023	1.125362e+00
4024	1.125567e+00
4025	1.124099e+00
4026	1.120244e+00
4027	1.114945e+00
4028	1.107935e+00
4029	1.098924e+00
4030	1.090535e+00
4031	1.081527e+00
4032	1.074197e+00
4033	1.067876e+00
4034	1.065500e+00
4035	1.066760e+00
4036	1.069279e+00
4037	1.075491e+00
4038	1.083403e+00
4039	1.093600e+00
4040	1.105493e+00
4041	1.116319e+00
4042	1.125705e+00
4043	1.133202e+00
4044	1.136048e+00
4045	1.133778e+00
4046	1.130160e+00
4047	1.124277e+00
4048	1.117317e+00
4049	1.108001e+00
4050	1.097302e+00
4051	1.087843e+00
4052	1.078673e+00
4053	1.072761e+00
4054	1.069554e+00
4055	1.068680e+00
4056	1.070366e+00
4057	1.074680e+00
4058	1.082513e+00
4059	1.092253e+00
4060	1.102980e+00
4061	1.112754e+00
4062	1.121119e+00
4063	1.128100e+00
4064	1.133983e+00
4065	1.137700e+00
4066	1.136606e+00
4067	1.133254e+00
4068	1.128863e+00
4069	1.122836e+00
4070	1.116829e+00
4071	1.109847e+00
4072	1.102629e+00
4073	1.094487e+00
4074	1.087234e+00
4075	1.080384e+00
4076	1.076281e+00
4077	1.075039e+00
4078	1.075740e+00
4079	1.078768e+00
4080	1.085110e+00
4081	1.093569e+00
4082	1.102759e+00
4083	1.113106e+00
4084	1.122488e+00
4085	1.129804e+00
4086	1.135142e+00
4087	1.138548e+00
4088	1.138478e+00
4089	1.135053e+00
4090	1.128273e+00
4091	1.118765e+00
4092	1.106828e+00
4093	1.094845e+00
4094	1.082473e+00
4095	1.072156e+00
4096	1.064348e+00
4097	1.059471e+00
4098	1.057953e+00
4099	1.059224e+00
4100	1.064259e+00
4101	1.071606e+00
4102	1.080766e+00
4103	1.091190e+00
4104	1.103036e+00
4105	1.113012e+00
4106	1.122070e+00
4107	1.128557e+00
4108	1.133800e+00
4109	1.136098e+00
4110	1.135786e+00
4111	1.131209e+00
4112	1.123416e+00
4113	1.114825e+00
4114	1.105071e+00
4115	1.093838e+00
4116	1.083251e+00
4117	1.074420e+00
4118	1.068264e+00
4119	1.065497e+00
4120	1.065751e+00
4121	1.070108e+00
4122	1.076608e+00
4123	1.084104e+00
4124	1.093750e+00
4125	1.103998e+00
4126	1.114246e+00
4127	1.123495e+00
4128	1.132351e+00
4129	1.138310e+00
4130	1.141534e+00
4131	1.142946e+00
4132	1.141054e+00
4133	1.134866e+00
4134	1.127263e+00
4135	1.115493e+00
4136	1.102821e+00
4137	1.088622e+00
4138	1.076349e+00
4139	1.064604e+00
4140	1.055302e+00
4141	1.049247e+00
4142	1.048591e+00
4143	1.053495e+00
4144	1.061984e+00
4145	1.074140e+00
4146	1.088998e+00
4147	1.104449e+00
4148	1.119625e+00
4149	1.132476e+00
4150	1.141886e+00
4151	1.147759e+00
4152	1.151697e+00
4153	1.151105e+00
4154	1.146134e+00
4155	1.138410e+00
4156	1.128712e+00
4157	1.119573e+00
4158	1.108937e+00
4159	1.097597e+00
4160	1.088312e+00
4161	1.080701e+00
4162	1.074424e+00
4163	1.070620e+00
4164	1.070147e+00
4165	1.072327e+00
4166	1.076375e+00
4167	1.082037e+00
4168	1.090145e+00
4169	1.098459e+00
4170	1.105686e+00
4171	1.112930e+00
4172	1.120306e+00
4173	1.125075e+00
4174	1.129330e+00
4175	1.130130e+00
4176	1.128111e+00
4177	1.123702e+00
4178	1.117173e+00
4179	1.111236e+00
4180	1.105013e+00
4181	1.098450e+00
4182	1.091026e+00
4183	1.084130e+00
4184	1.078125e+00
4185	1.072731e+00
4186	1.070218e+00
4187	1.070291e+00
4188	1.073623e+00
4189	1.079202e+00
4190	1.085448e+00
4191	1.093008e+00
4192	1.100369e+00
4193	1.108274e+00
4194	1.117054e+00
4195	1.123678e+00
4196	1.128720e+00
4197	1.131887e+00
4198	1.131202e+00
4199	1.128683e+00
4200	1.123286e+00
4201	1.115072e+00
4202	1.107898e+00
4203	1.098163e+00
4204	1.088392e+00
4205	1.079626e+00
4206	1.073011e+00
4207	1.068790e+00
4208	1.067898e+00
4209	1.069875e+00
4210	1.074397e+00
4211	1.083165e+00
4212	1.093678e+00
4213	1.105020e+00
4214	1.116274e+00
4215	1.125700e+00
4216	1.131182e+00
4217	1.133549e+00
4218	1.133597e+00
4219	1.131129e+00
4220	1.125777e+00
4221	1.118994e+00
4222	1.109456e+00
4223	1.099883e+00
4224	1.090994e+00
4225	1.083901e+00
4226	1.078789e+00
4227	1.075214e+00
4228	1.074276e+00
4229	1.076770e+00
4230	1.082211e+00
4231	1.090500e+00
4232	1.100520e+00
4233	1.109530e+00
4234	1.118850e+00
4235	1.126666e+00
4236	1.132918e+00
4237	1.137515e+00
4238	1.139527e+00
4239	1.138062e+00
4240	1.133219e+00
4241	1.125814e+00
4242	1.117630e+00
4243	1.107968e+00
4244	1.098564e+00
4245	1.089466e+00
4246	1.080980e+00
4247	1.074686e+00
4248	1.069574e+00
4249	1.066682e+00
4250	1.065319e+00
4251	1.066414e+00
4252	1.070698e+00
4253	1.078206e+00
4254	1.086559e+00
4255	1.096700e+00
4256	1.108296e+00
4257	1.118190e+00
4258	1.128546e+00
4259	1.137607e+00
4260	1.144601e+00
4261	1.149016e+00
4262	1.149384e+00
4263	1.147946e+00
4264	1.143124e+00
4265	1.135516e+00
4266	1.125419e+00
4267	1.112999e+00
4268	1.099514e+00
4269	1.088128e+00
4270	1.077596e+00
4271	1.069927e+00
4272	1.064384e+00
4273	1.062196e+00
4274	1.064894e+00
4275	1.070896e+00
4276	1.080011e+00
4277	1.091124e+00
4278	1.102171e+00
4279	1.113713e+00
4280	1.125339e+00
4281	1.134746e+00
4282	1.141693e+00
4283	1.143972e+00
4284	1.142662e+00
4285	1.137047e+00
4286	1.128050e+00
4287	1.116118e+00
4288	1.103424e+00
4289	1.091593e+00
4290	1.078859e+00
4291	1.068956e+00
4292	1.061332e+00
4293	1.057111e+00
4294	1.055132e+00
4295	1.056549e+00
4296	1.062943e+00
4297	1.072911e+00
4298	1.083154e+00
4299	1.095742e+00
4300	1.108786e+00
4301	1.121044e+00
4302	1.132950e+00
4303	1.142319e+00
4304	1.146270e+00
4305	1.147668e+00
4306	1.145747e+00
4307	1.140815e+00
4308	1.130300e+00
4309	1.117393e+00
4310	1.103223e+00
4311	1.088160e+00
4312	1.075824e+00
4313	1.066765e+00
4314	1.061240e+00
4315	1.059077e+00
4316	1.061856e+00
4317	1.068898e+00
4318	1.078723e+00
4319	1.090409e+00
4320	1.103727e+00
4321	1.116129e+00
4322	1.127175e+00
4323	1.136206e+00
4324	1.142806e+00
4325	1.146861e+00
4326	1.148155e+00
4327	1.146411e+00
4328	1.141724e+00
4329	1.133834e+00
4330	1.124091e+00
4331	1.112339e+00
4332	1.101879e+00
4333	1.091628e+00
4334	1.081809e+00
4335	1.073482e+00
4336	1.066968e+00
4337	1.063314e+00
4338	1.063905e+00
4339	1.068714e+00
4340	1.076405e+00
4341	1.085766e+00
4342	1.096485e+00
4343	1.105542e+00
4344	1.113715e+00
4345	1.119800e+00
4346	1.124962e+00
4347	1.128633e+00
4348	1.128465e+00
4349	1.128387e+00
4350	1.124212e+00
4351	1.117941e+00
4352	1.110404e+00
4353	1.103827e+00
4354	1.096819e+00
4355	1.090303e+00
4356	1.084172e+00
4357	1.079853e+00
4358	1.077603e+00
4359	1.077476e+00
4360	1.080399e+00
4361	1.085463e+00
4362	1.092410e+00
4363	1.099935e+00
4364	1.108441e+00
4365	1.116580e+00
4366	1.123622e+00
4367	1.128223e+00
4368	1.130238e+00
4369	1.129642e+00
4370	1.127033e+00
4371	1.123586e+00
4372	1.118799e+00
4373	1.113206e+00
4374	1.107354e+00
4375	1.100913e+00
4376	1.094678e+00
4377	1.087489e+00
4378	1.081900e+00
4379	1.078142e+00
4380	1.075953e+00
4381	1.075984e+00
4382	1.078052e+00
4383	1.081359e+00
4384	1.087588e+00
4385	1.093800e+00
4386	1.101312e+00
4387	1.106656e+00
4388	1.111338e+00
4389	1.116053e+00
4390	1.119052e+00
4391	1.118804e+00
4392	1.115888e+00
4393	1.113964e+00
4394	1.111245e+00
4395	1.105870e+00
4396	1.100356e+00
4397	1.094972e+00
4398	1.090405e+00
4399	1.086878e+00
4400	1.085459e+00
4401	1.086198e+00
4402	1.089265e+00
4403	1.092902e+00
4404	1.097088e+00
4405	1.102402e+00
4406	1.108101e+00
4407	1.113435e+00
4408	1.117709e+00
4409	1.120371e+00
4410	1.120721e+00
4411	1.119330e+00
4412	1.114670e+00
4413	1.109830e+00
4414	1.104352e+00
4415	1.099166e+00
4416	1.094475e+00
4417	1.089556e+00
4418	1.085721e+00
4419	1.082697e+00
4420	1.081171e+00
4421	1.080148e+00
4422	1.081270e+00
4423	1.084233e+00
4424	1.090002e+00
4425	1.097692e+00
4426	1.105129e+00
4427	1.112922e+00
4428	1.119088e+00
4429	1.124753e+00
4430	1.128196e+00
4431	1.128972e+00
4432	1.127183e+00
4433	1.124770e+00
4434	1.119914e+00
4435	1.112799e+00
4436	1.102802e+00
4437	1.091364e+00
4438	1.080445e+00
4439	1.069699e+00
4440	1.062055e+00
4441	1.057920e+00
4442	1.056374e+00
4443	1.059473e+00
4444	1.065757e+00
4445	1.073839e+00
4446	1.083681e+00
4447	1.094620e+00
4448	1.106120e+00
4449	1.117628e+00
4450	1.125963e+00
4451	1.133235e+00
4452	1.137219e+00
4453	1.136505e+00
4454	1.133449e+00
4455	1.126230e+00
4456	1.115266e+00
4457	1.103553e+00
4458	1.092010e+00
4459	1.079985e+00
4460	1.070194e+00
4461	1.061969e+00
4462	1.057955e+00
4463	1.058626e+00
4464	1.062710e+00
4465	1.070336e+00
4466	1.080464e+00
4467	1.091157e+00
4468	1.102309e+00
4469	1.114753e+00
4470	1.125448e+00
4471	1.134286e+00
4472	1.141842e+00
4473	1.145821e+00
4474	1.148458e+00
4475	1.148373e+00
4476	1.145711e+00
4477	1.140261e+00
4478	1.132666e+00
4479	1.122485e+00
4480	1.110657e+00
4481	1.097483e+00
4482	1.085745e+00
4483	1.074625e+00
4484	1.065838e+00
4485	1.059722e+00
4486	1.056917e+00
4487	1.057649e+00
4488	1.061335e+00
4489	1.069211e+00
4490	1.080572e+00
4491	1.095034e+00
4492	1.109880e+00
4493	1.123026e+00
4494	1.134339e+00
4495	1.143042e+00
4496	1.148693e+00
4497	1.150500e+00
4498	1.149116e+00
4499	1.145075e+00
4500	1.137511e+00
4501	1.125987e+00
4502	1.111315e+00
4503	1.096846e+00
4504	1.083433e+00
4505	1.072247e+00
4506	1.062369e+00
4507	1.056417e+00
4508	1.055002e+00
4509	1.057740e+00
4510	1.063906e+00
4511	1.074866e+00
4512	1.087719e+00
4513	1.100884e+00
4514	1.113861e+00
4515	1.125361e+00
4516	1.134105e+00
4517	1.139763e+00
4518	1.140955e+00
4519	1.139314e+00
4520	1.134242e+00
4521	1.126853e+00
4522	1.117111e+00
4523	1.106762e+00
4524	1.095392e+00
4525	1.082889e+00
4526	1.071155e+00
4527	1.062409e+00
4528	1.055467e+00
4529	1.051317e+00
4530	1.049922e+00
4531	1.051886e+00
4532	1.057788e+00
4533	1.066342e+00
4534	1.077641e+00
4535	1.089629e+00
4536	1.102970e+00
4537	1.115699e+00
4538	1.128047e+00
4539	1.136365e+00
4540	1.141596e+00
4541	1.143585e+00
4542	1.141779e+00
4543	1.136465e+00
4544	1.128679e+00
4545	1.118405e+00
4546	1.104790e+00
4547	1.090919e+00
4548	1.078189e+00
4549	1.068758e+00
4550	1.063417e+00
4551	1.060321e+00
4552	1.061378e+00
4553	1.065784e+00
4554	1.072936e+00
4555	1.082529e+00
4556	1.092781e+00
4557	1.102744e+00
4558	1.111761e+00
4559	1.120464e+00
4560	1.126653e+00
4561	1.129530e+00
4562	1.129943e+00
4563	1.126060e+00
4564	1.121309e+00
4565	1.116724e+00
4566	1.109116e+00
4567	1.101130e+00
4568	1.094526e+00
4569	1.087399e+00
4570	1.082766e+00
4571	1.080589e+00
4572	1.080634e+00
4573	1.083642e+00
4574	1.088112e+00
4575	1.095107e+00
4576	1.103246e+00
4577	1.111973e+00
4578	1.120028e+00
4579	1.126025e+00
4580	1.129368e+00
4581	1.128808e+00
4582	1.126044e+00
4583	1.120658e+00
4584	1.113655e+00
4585	1.106609e+00
4586	1.098915e+00
4587	1.091314e+00
4588	1.083734e+00
4589	1.077829e+00
4590	1.073833e+00
4591	1.072624e+00
4592	1.074424e+00
4593	1.078739e+00
4594	1.084370e+00
4595	1.092417e+00
4596	1.101224e+00
4597	1.110058e+00
4598	1.118984e+00
4599	1.125633e+00
4600	1.130050e+00
4601	1.132272e+00
4602	1.131316e+00
4603	1.128239e+00
4604	1.123317e+00
4605	1.116265e+00
4606	1.109761e+00
4607	1.101970e+00
4608	1.095174e+00
4609	1.090376e+00
4610	1.086411e+00
4611	1.084272e+00
4612	1.081246e+00
4613	1.078833e+00
4614	1.077787e+00
4615	1.078699e+00
4616	1.081120e+00
4617	1.085590e+00
4618	1.092896e+00
4619	1.100644e+00
4620	1.108064e+00
4621	1.113933e+00
4622	1.119588e+00
4623	1.123025e+00
4624	1.124669e+00
4625	1.123521e+00
4626	1.120034e+00
4627	1.116062e+00
4628	1.110151e+00
4629	1.103110e+00
4630	1.093867e+00
4631	1.086106e+00
4632	1.079890e+00
4633	1.075757e+00
4634	1.073019e+00
4635	1.071549e+00
4636	1.073221e+00
4637	1.076015e+00
4638	1.081662e+00
4639	1.088251e+00
4640	1.096183e+00
4641	1.103871e+00
4642	1.110883e+00
4643	1.117654e+00
4644	1.122993e+00
4645	1.127003e+00
4646	1.128633e+00
4647	1.128544e+00
4648	1.128117e+00
4649	1.125457e+00
4650	1.121153e+00
4651	1.114638e+00
4652	1.106783e+00
4653	1.099696e+00
4654	1.094587e+00
4655	1.089477e+00
4656	1.084448e+00
4657	1.080431e+00
4658	1.077896e+00
4659	1.076486e+00
4660	1.077422e+00
4661	1.081197e+00
4662	1.087488e+00
4663	1.093880e+00
4664	1.099508e+00
4665	1.106536e+00
4666	1.113010e+00
4667	1.117577e+00
4668	1.120831e+00
4669	1.122753e+00
4670	1.123227e+00
4671	1.121944e+00
4672	1.118050e+00
4673	1.111571e+00
4674	1.103590e+00
4675	1.095257e+00
4676	1.086858e+00
4677	1.080013e+00
4678	1.075255e+00
4679	1.072159e+00
4680	1.072290e+00
4681	1.074695e+00
4682	1.079584e+00
4683	1.085553e+00
4684	1.093557e+00
4685	1.101681e+00
4686	1.109874e+00
4687	1.116431e+00
4688	1.120787e+00
4689	1.124285e+00
4690	1.125476e+00
4691	1.122881e+00
4692	1.117550e+00
4693	1.110025e+00
4694	1.100754e+00
4695	1.091138e+00
4696	1.081876e+00
4697	1.074631e+00
4698	1.070876e+00
4699	1.067972e+00
4700	1.066592e+00
4701	1.067441e+00
4702	1.070373e+00
4703	1.077216e+00
4704	1.085436e+00
4705	1.094481e+00
4706	1.102607e+00
4707	1.110472e+00
4708	1.117980e+00
4709	1.122550e+00
4710	1.124237e+00
4711	1.123149e+00
4712	1.119333e+00
4713	1.115112e+00
4714	1.109829e+00
4715	1.101974e+00
4716	1.094246e+00
4717	1.086264e+00
4718	1.078287e+00
4719	1.073483e+00
4720	1.071122e+00
4721	1.071162e+00
4722	1.075552e+00
4723	1.080955e+00
4724	1.087657e+00
4725	1.094972e+00
4726	1.101890e+00
4727	1.109600e+00
4728	1.115304e+00
4729	1.117914e+00
4730	1.118136e+00
4731	1.117185e+00
4732	1.115124e+00
4733	1.110886e+00
4734	1.106198e+00
4735	1.100893e+00
4736	1.095311e+00
4737	1.088033e+00
4738	1.081509e+00
4739	1.076111e+00
4740	1.073665e+00
4741	1.074332e+00
4742	1.077677e+00
4743	1.081848e+00
4744	1.086750e+00
4745	1.093127e+00
4746	1.098812e+00
4747	1.103155e+00
4748	1.107401e+00
4749	1.110843e+00
4750	1.114247e+00
4751	1.114676e+00
4752	1.113759e+00
4753	1.111405e+00
4754	1.107341e+00
4755	1.101046e+00
4756	1.093535e+00
4757	1.085349e+00
4758	1.078545e+00
4759	1.072527e+00
4760	1.066438e+00
4761	1.061683e+00
4762	1.061169e+00
4763	1.061810e+00
4764	1.065184e+00
4765	1.071228e+00
4766	1.078879e+00
4767	1.087431e+00
4768	1.096262e+00
4769	1.105664e+00
4770	1.113773e+00
4771	1.120076e+00
4772	1.124417e+00
4773	1.126594e+00
4774	1.125740e+00
4775	1.123492e+00
4776	1.117823e+00
4777	1.110751e+00
4778	1.101159e+00
4779	1.091147e+00
4780	1.080000e+00
4781	1.069781e+00
4782	1.060821e+00
4783	1.055468e+00
4784	1.053393e+00
4785	1.055402e+00
4786	1.062311e+00
4787	1.071505e+00
4788	1.081440e+00
4789	1.090674e+00
4790	1.098833e+00
4791	1.106685e+00
4792	1.112488e+00
4793	1.115827e+00
4794	1.116281e+00
4795	1.115355e+00
4796	1.111686e+00
4797	1.105461e+00
4798	1.096135e+00
4799	1.086875e+00
4800	1.077510e+00
4801	1.070789e+00
4802	1.067507e+00
4803	1.065830e+00
4804	1.066565e+00
4805	1.068155e+00
4806	1.073097e+00
4807	1.080231e+00
4808	1.089525e+00
4809	1.099247e+00
4810	1.107205e+00
4811	1.114793e+00
4812	1.119584e+00
4813	1.121165e+00
4814	1.119824e+00
4815	1.115442e+00
4816	1.109197e+00
4817	1.101268e+00
4818	1.092337e+00
4819	1.084061e+00
4820	1.075295e+00
4821	1.069376e+00
4822	1.064590e+00
4823	1.060511e+00
4824	1.057474e+00
4825	1.057192e+00
4826	1.059387e+00
4827	1.064570e+00
4828	1.071810e+00
4829	1.080795e+00
4830	1.090546e+00
4831	1.100165e+00
4832	1.108195e+00
4833	1.115293e+00
4834	1.120919e+00
4835	1.123363e+00
4836	1.121690e+00
4837	1.117272e+00
4838	1.110600e+00
4839	1.102117e+00
4840	1.091514e+00
4841	1.080854e+00
4842	1.071738e+00
4843	1.063394e+00
4844	1.059312e+00
4845	1.058848e+00
4846	1.059190e+00
4847	1.062294e+00
4848	1.066010e+00
4849	1.072482e+00
4850	1.081879e+00
4851	1.092256e+00
4852	1.102773e+00
4853	1.112764e+00
4854	1.120486e+00
4855	1.125535e+00
4856	1.127275e+00
4857	1.126824e+00
4858	1.123276e+00
4859	1.117670e+00
4860	1.108864e+00
4861	1.099572e+00
4862	1.087979e+00
4863	1.075758e+00
4864	1.063559e+00
4865	1.055281e+00
4866	1.051610e+00
4867	1.050789e+00
4868	1.054527e+00
4869	1.062490e+00
4870	1.074358e+00
4871	1.088546e+00
4872	1.102571e+00
4873	1.116115e+00
4874	1.128143e+00
4875	1.136871e+00
4876	1.141933e+00
4877	1.141950e+00
4878	1.137977e+00
4879	1.129336e+00
4880	1.115390e+00
4881	1.100098e+00
4882	1.084140e+00
4883	1.069719e+00
4884	1.057410e+00
4885	1.048250e+00
4886	1.044358e+00
4887	1.044704e+00
4888	1.048963e+00
4889	1.055330e+00
4890	1.065413e+00
4891	1.076412e+00
4892	1.088861e+00
4893	1.103212e+00
4894	1.116885e+00
4895	1.129242e+00
4896	1.139034e+00
4897	1.144280e+00
4898	1.145237e+00
4899	1.141610e+00
4900	1.133945e+00
4901	1.121456e+00
4902	1.106226e+00
4903	1.090070e+00
4904	1.072084e+00
4905	1.054165e+00
4906	1.039947e+00
4907	1.030214e+00
4908	1.025810e+00
4909	1.028077e+00
4910	1.036315e+00
4911	1.049440e+00
4912	1.065910e+00
4913	1.084460e+00
4914	1.101993e+00
4915	1.117702e+00
4916	1.130409e+00
4917	1.138482e+00
4918	1.142977e+00
4919	1.142987e+00
4920	1.139383e+00
4921	1.130091e+00
4922	1.118055e+00
4923	1.103649e+00
4924	1.086689e+00
4925	1.069905e+00
4926	1.054547e+00
4927	1.042448e+00
4928	1.034984e+00
4929	1.031777e+00
4930	1.033211e+00
4931	1.038520e+00
4932	1.048608e+00
4933	1.062158e+00
4934	1.076563e+00
4935	1.092026e+00
4936	1.107722e+00
4937	1.123457e+00
4938	1.137527e+00
4939	1.146413e+00
4940	1.150378e+00
4941	1.151039e+00
4942	1.147357e+00
4943	1.140201e+00
4944	1.128718e+00
4945	1.113385e+00
4946	1.098167e+00
4947	1.083293e+00
4948	1.068796e+00
4949	1.057217e+00
4950	1.049850e+00
4951	1.045872e+00
4952	1.045292e+00
4953	1.048877e+00
4954	1.056568e+00
4955	1.067298e+00
4956	1.080311e+00
4957	1.094284e+00
4958	1.107507e+00
4959	1.117862e+00
4960	1.125919e+00
4961	1.131992e+00
4962	1.134489e+00
4963	1.132920e+00
4964	1.128937e+00
4965	1.121084e+00
4966	1.110304e+00
4967	1.097438e+00
4968	1.083688e+00
4969	1.070079e+00
4970	1.057931e+00
4971	1.048390e+00
4972	1.042532e+00
4973	1.041521e+00
4974	1.043409e+00
4975	1.049788e+00
4976	1.059369e+00
4977	1.072836e+00
4978	1.090763e+00
4979	1.109682e+00
4980	1.126867e+00
4981	1.141006e+00
4982	1.150212e+00
4983	1.156189e+00
4984	1.156903e+00
4985	1.153711e+00
4986	1.146379e+00
4987	1.136073e+00
4988	1.124317e+00
4989	1.111238e+00
4990	1.096838e+00
4991	1.083531e+00
4992	1.072187e+00
4993	1.063459e+00
4994	1.058554e+00
4995	1.056930e+00
4996	1.058123e+00
4997	1.062117e+00
4998	1.068919e+00
4999	1.079282e+00
