# Step	Measurement
1	1.087029e+02
2	1.078528e+02
3	1.069752e+02
4	1.061871e+02
5	1.055020e+02
6	1.048854e+02
7	1.044257e+02
8	1.039911e+02
9	1.036970e+02
10	1.035398e+02
11	1.035759e+02
12	1.036326e+02
13	1.038625e+02
14	1.041319e+02
15	1.045096e+02
16	1.049626e+02
17	1.055292e+02
18	1.060429e+02
19	1.065680e+02
20	1.071180e+02
21	1.076870e+02
22	1.082037e+02
23	1.087556e+02
24	1.093615e+02
25	1.099603e+02
26	1.105921e+02
27	1.112550e+02
28	1.118930e+02
29	1.125534e+02
30	1.132322e+02
31	1.139174e+02
32	1.144664e+02
33	1.149372e+02
34	1.153112e+02
35	1.156622e+02
36	1.159360e+02
37	1.161066e+02
38	1.162003e+02
39	1.162752e+02
40	1.162694e+02
41	1.161597e+02
42	1.159237e+02
43	1.155845e+02
44	1.151869e+02
45	1.146001e+02
46	1.138749e+02
47	1.131574e+02
48	1.123521e+02
49	1.115308e+02
50	1.107186e+02
51	1.099156e+02
52	1.091179e+02
53	1.083030e+02
54	1.075129e+02
55	1.067848e+02
56	1.060364e+02
57	1.052574e+02
58	1.045645e+02
59	1.039747e+02
60	1.034470e+02
61	1.030249e+02
62	1.027192e+02
63	1.024963e+02
64	1.023877e+02
65	1.023670e+02
66	1.024856e+02
67	1.026693e+02
68	1.029337e+02
69	1.032233e+02
70	1.035077e+02
71	1.038421e+02
72	1.043366e+02
73	1.049000e+02
74	1.055384e+02
75	1.062053e+02
76	1.068917e+02
77	1.076090e+02
78	1.084471e+02
79	1.093065e+02
80	1.101731e+02
81	1.110887e+02
82	1.120412e+02
83	1.130224e+02
84	1.140059e+02
85	1.149223e+02
86	1.158159e+02
87	1.166495e+02
88	1.173762e+02
89	1.180696e+02
90	1.186976e+02
91	1.191156e+02
92	1.193296e+02
93	1.194048e+02
94	1.192866e+02
95	1.189845e+02
96	1.185847e+02
97	1.181073e+02
98	1.175694e+02
99	1.169520e+02
100	1.162738e+02
101	1.155954e+02
102	1.149047e+02
103	1.141702e+02
104	1.134200e+02
105	1.126742e+02
106	1.119302e+02
107	1.112091e+02
108	1.105048e+02
109	1.098456e+02
110	1.092342e+02
111	1.085744e+02
112	1.079625e+02
113	1.074509e+02
114	1.070428e+02
115	1.067824e+02
116	1.066262e+02
117	1.064906e+02
118	1.064698e+02
119	1.064847e+02
120	1.065255e+02
121	1.066564e+02
122	1.069631e+02
123	1.072836e+02
124	1.076257e+02
125	1.079737e+02
126	1.083435e+02
127	1.086710e+02
128	1.090986e+02
129	1.095711e+02
130	1.100406e+02
131	1.105129e+02
132	1.109837e+02
133	1.114566e+02
134	1.120124e+02
135	1.126213e+02
136	1.132021e+02
137	1.137461e+02
138	1.143290e+02
139	1.149458e+02
140	1.155117e+02
141	1.160097e+02
142	1.164649e+02
143	1.168198e+02
144	1.170238e+02
145	1.171316e+02
146	1.171176e+02
147	1.169306e+02
148	1.166764e+02
149	1.163241e+02
150	1.159272e+02
151	1.154324e+02
152	1.149003e+02
153	1.143166e+02
154	1.137021e+02
155	1.130650e+02
156	1.124664e+02
157	1.118905e+02
158	1.113384e+02
159	1.107620e+02
160	1.100969e+02
161	1.093481e+02
162	1.086724e+02
163	1.080914e+02
164	1.075488e+02
165	1.071230e+02
166	1.066301e+02
167	1.061953e+02
168	1.057493e+02
169	1.053589e+02
170	1.050186e+02
171	1.047434e+02
172	1.046198e+02
173	1.045575e+02
174	1.046153e+02
175	1.047068e+02
176	1.049321e+02
177	1.052008e+02
178	1.055758e+02
179	1.060276e+02
180	1.064821e+02
181	1.069230e+02
182	1.073910e+02
183	1.079678e+02
184	1.085935e+02
185	1.092863e+02
186	1.100279e+02
187	1.107155e+02
188	1.113784e+02
189	1.120635e+02
190	1.127373e+02
191	1.133751e+02
192	1.139623e+02
193	1.144693e+02
194	1.149476e+02
195	1.154068e+02
196	1.157996e+02
197	1.161568e+02
198	1.165078e+02
199	1.167854e+02
200	1.169780e+02
201	1.170567e+02
202	1.170810e+02
203	1.169593e+02
204	1.167673e+02
205	1.165034e+02
206	1.161567e+02
207	1.157291e+02
208	1.150936e+02
209	1.143292e+02
210	1.135171e+02
211	1.126549e+02
212	1.116464e+02
213	1.105901e+02
214	1.095556e+02
215	1.085243e+02
216	1.075668e+02
217	1.066705e+02
218	1.058538e+02
219	1.050697e+02
220	1.043272e+02
221	1.035655e+02
222	1.029273e+02
223	1.024500e+02
224	1.020031e+02
225	1.016024e+02
226	1.012012e+02
227	1.008586e+02
228	1.006492e+02
229	1.005256e+02
230	1.005368e+02
231	1.006135e+02
232	1.008428e+02
233	1.010899e+02
234	1.013935e+02
235	1.018062e+02
236	1.022307e+02
237	1.028612e+02
238	1.035374e+02
239	1.042173e+02
240	1.049878e+02
241	1.056914e+02
242	1.063406e+02
243	1.070121e+02
244	1.076958e+02
245	1.083783e+02
246	1.089891e+02
247	1.095077e+02
248	1.099941e+02
249	1.103907e+02
250	1.106800e+02
251	1.109799e+02
252	1.111555e+02
253	1.112219e+02
254	1.112193e+02
255	1.111071e+02
256	1.109027e+02
257	1.106173e+02
258	1.102919e+02
259	1.099177e+02
260	1.095490e+02
261	1.091037e+02
262	1.085635e+02
263	1.080457e+02
264	1.075245e+02
265	1.070397e+02
266	1.066623e+02
267	1.063778e+02
268	1.061164e+02
269	1.058731e+02
270	1.056449e+02
271	1.053581e+02
272	1.050463e+02
273	1.048557e+02
274	1.046394e+02
275	1.043707e+02
276	1.041152e+02
277	1.038980e+02
278	1.036998e+02
279	1.035692e+02
280	1.034818e+02
281	1.033987e+02
282	1.033445e+02
283	1.033643e+02
284	1.033874e+02
285	1.034663e+02
286	1.035379e+02
287	1.037151e+02
288	1.039374e+02
289	1.041558e+02
290	1.043996e+02
291	1.047033e+02
292	1.051163e+02
293	1.054874e+02
294	1.059471e+02
295	1.064027e+02
296	1.069443e+02
297	1.075001e+02
298	1.080099e+02
299	1.085726e+02
300	1.091590e+02
301	1.096705e+02
302	1.101987e+02
303	1.107093e+02
304	1.112493e+02
305	1.117625e+02
306	1.122357e+02
307	1.126420e+02
308	1.130366e+02
309	1.134481e+02
310	1.137711e+02
311	1.140911e+02
312	1.143287e+02
313	1.144719e+02
314	1.145070e+02
315	1.144295e+02
316	1.142760e+02
317	1.140184e+02
318	1.137494e+02
319	1.133779e+02
320	1.129805e+02
321	1.125323e+02
322	1.120214e+02
323	1.115092e+02
324	1.109746e+02
325	1.104019e+02
326	1.099633e+02
327	1.094738e+02
328	1.091480e+02
329	1.087998e+02
330	1.084194e+02
331	1.081026e+02
332	1.078602e+02
333	1.076710e+02
334	1.074989e+02
335	1.073769e+02
336	1.072435e+02
337	1.071109e+02
338	1.070393e+02
339	1.069327e+02
340	1.068503e+02
341	1.068464e+02
342	1.069507e+02
343	1.070592e+02
344	1.072297e+02
345	1.073287e+02
346	1.074399e+02
347	1.076528e+02
348	1.078953e+02
349	1.081896e+02
350	1.085442e+02
351	1.089679e+02
352	1.093508e+02
353	1.096889e+02
354	1.099987e+02
355	1.102837e+02
356	1.105485e+02
357	1.107599e+02
358	1.109417e+02
359	1.111544e+02
360	1.113239e+02
361	1.114358e+02
362	1.115357e+02
363	1.115552e+02
364	1.116047e+02
365	1.116430e+02
366	1.116317e+02
367	1.115117e+02
368	1.113507e+02
369	1.112197e+02
370	1.110131e+02
371	1.108408e+02
372	1.106208e+02
373	1.104138e+02
374	1.101607e+02
375	1.100390e+02
376	1.099714e+02
377	1.099863e+02
378	1.099616e+02
379	1.099573e+02
380	1.099144e+02
381	1.098976e+02
382	1.098679e+02
383	1.098048e+02
384	1.097961e+02
385	1.098286e+02
386	1.099385e+02
387	1.100353e+02
388	1.101558e+02
389	1.103056e+02
390	1.104267e+02
391	1.106334e+02
392	1.108082e+02
393	1.109832e+02
394	1.111973e+02
395	1.114322e+02
396	1.115908e+02
397	1.117645e+02
398	1.119726e+02
399	1.121661e+02
400	1.123594e+02
401	1.125619e+02
402	1.127626e+02
403	1.129346e+02
404	1.130474e+02
405	1.131804e+02
406	1.132874e+02
407	1.133177e+02
408	1.132293e+02
409	1.130596e+02
410	1.128246e+02
411	1.125439e+02
412	1.121353e+02
413	1.116580e+02
414	1.111180e+02
415	1.105390e+02
416	1.098724e+02
417	1.092268e+02
418	1.085670e+02
419	1.079468e+02
420	1.073805e+02
421	1.069036e+02
422	1.064632e+02
423	1.060846e+02
424	1.056743e+02
425	1.052670e+02
426	1.049330e+02
427	1.046267e+02
428	1.043866e+02
429	1.041644e+02
430	1.039967e+02
431	1.038833e+02
432	1.038782e+02
433	1.039055e+02
434	1.039492e+02
435	1.039607e+02
436	1.040411e+02
437	1.041578e+02
438	1.042770e+02
439	1.044311e+02
440	1.045685e+02
441	1.047487e+02
442	1.050841e+02
443	1.054509e+02
444	1.058871e+02
445	1.063349e+02
446	1.066871e+02
447	1.070756e+02
448	1.074576e+02
449	1.078425e+02
450	1.081662e+02
451	1.084391e+02
452	1.087287e+02
453	1.091028e+02
454	1.094714e+02
455	1.098522e+02
456	1.102236e+02
457	1.106732e+02
458	1.112326e+02
459	1.119154e+02
460	1.125869e+02
461	1.132435e+02
462	1.137985e+02
463	1.143215e+02
464	1.147211e+02
465	1.151059e+02
466	1.153853e+02
467	1.154793e+02
468	1.155653e+02
469	1.155545e+02
470	1.154286e+02
471	1.152960e+02
472	1.150880e+02
473	1.148942e+02
474	1.146147e+02
475	1.142829e+02
476	1.139336e+02
477	1.134869e+02
478	1.130430e+02
479	1.126293e+02
480	1.122714e+02
481	1.118455e+02
482	1.114577e+02
483	1.110922e+02
484	1.107388e+02
485	1.103370e+02
486	1.099004e+02
487	1.094824e+02
488	1.091416e+02
489	1.088003e+02
490	1.085202e+02
491	1.082323e+02
492	1.079332e+02
493	1.077313e+02
494	1.076260e+02
495	1.075523e+02
496	1.074675e+02
497	1.074659e+02
498	1.075509e+02
499	1.076477e+02
500	1.077996e+02
501	1.079664e+02
502	1.082134e+02
503	1.084863e+02
504	1.087551e+02
505	1.090267e+02
506	1.092725e+02
507	1.096415e+02
508	1.099638e+02
509	1.103310e+02
510	1.106701e+02
511	1.109364e+02
512	1.111134e+02
513	1.112352e+02
514	1.114035e+02
515	1.115599e+02
516	1.116995e+02
517	1.117229e+02
518	1.116784e+02
519	1.115911e+02
520	1.114181e+02
521	1.112989e+02
522	1.111991e+02
523	1.110743e+02
524	1.109737e+02
525	1.108715e+02
526	1.108125e+02
527	1.107936e+02
528	1.108202e+02
529	1.108598e+02
530	1.108143e+02
531	1.107736e+02
532	1.108239e+02
533	1.109042e+02
534	1.110097e+02
535	1.111085e+02
536	1.112465e+02
537	1.114584e+02
538	1.117425e+02
539	1.120169e+02
540	1.122756e+02
541	1.125005e+02
542	1.127594e+02
543	1.129712e+02
544	1.132274e+02
545	1.134131e+02
546	1.136534e+02
547	1.138981e+02
548	1.141539e+02
549	1.143405e+02
550	1.145988e+02
551	1.148104e+02
552	1.150919e+02
553	1.153057e+02
554	1.155270e+02
555	1.157662e+02
556	1.159826e+02
557	1.161263e+02
558	1.163096e+02
559	1.165059e+02
560	1.166967e+02
561	1.168836e+02
562	1.170050e+02
563	1.171170e+02
564	1.171870e+02
565	1.172922e+02
566	1.173335e+02
567	1.172842e+02
568	1.172896e+02
569	1.173379e+02
570	1.173837e+02
571	1.174715e+02
572	1.176423e+02
573	1.178090e+02
574	1.179830e+02
575	1.180857e+02
576	1.180417e+02
577	1.178696e+02
578	1.176780e+02
579	1.174655e+02
580	1.171974e+02
581	1.169197e+02
582	1.166503e+02
583	1.162720e+02
584	1.158659e+02
585	1.153413e+02
586	1.147552e+02
587	1.141638e+02
588	1.136206e+02
589	1.130935e+02
590	1.126142e+02
591	1.121618e+02
592	1.117906e+02
593	1.114295e+02
594	1.110416e+02
595	1.106576e+02
596	1.102920e+02
597	1.099801e+02
598	1.096773e+02
599	1.094203e+02
600	1.090746e+02
601	1.087849e+02
602	1.084669e+02
603	1.081556e+02
604	1.078401e+02
605	1.074909e+02
606	1.071156e+02
607	1.068381e+02
608	1.066046e+02
609	1.063943e+02
610	1.062910e+02
611	1.062463e+02
612	1.062220e+02
613	1.062450e+02
614	1.063160e+02
615	1.064350e+02
616	1.067289e+02
617	1.071536e+02
618	1.076159e+02
619	1.082562e+02
620	1.089475e+02
621	1.096904e+02
622	1.104597e+02
623	1.112984e+02
624	1.121030e+02
625	1.129206e+02
626	1.136307e+02
627	1.142193e+02
628	1.148173e+02
629	1.153627e+02
630	1.158870e+02
631	1.163628e+02
632	1.169286e+02
633	1.174638e+02
634	1.179209e+02
635	1.183468e+02
636	1.186531e+02
637	1.188947e+02
638	1.190757e+02
639	1.191656e+02
640	1.191456e+02
641	1.189975e+02
642	1.186727e+02
643	1.182751e+02
644	1.177740e+02
645	1.171512e+02
646	1.164205e+02
647	1.155779e+02
648	1.146563e+02
649	1.136435e+02
650	1.126364e+02
651	1.116278e+02
652	1.106494e+02
653	1.096886e+02
654	1.087367e+02
655	1.077865e+02
656	1.068406e+02
657	1.058849e+02
658	1.049590e+02
659	1.041096e+02
660	1.032687e+02
661	1.024435e+02
662	1.016250e+02
663	1.008801e+02
664	1.001838e+02
665	9.957046e+01
666	9.903449e+01
667	9.858522e+01
668	9.821996e+01
669	9.794484e+01
670	9.777060e+01
671	9.767431e+01
672	9.766255e+01
673	9.772488e+01
674	9.788082e+01
675	9.813205e+01
676	9.855546e+01
677	9.912765e+01
678	9.978791e+01
679	1.005112e+02
680	1.013092e+02
681	1.021592e+02
682	1.030650e+02
683	1.040440e+02
684	1.050629e+02
685	1.061200e+02
686	1.070527e+02
687	1.079437e+02
688	1.088680e+02
689	1.096620e+02
690	1.102299e+02
691	1.107496e+02
692	1.110874e+02
693	1.112602e+02
694	1.112726e+02
695	1.111789e+02
696	1.110395e+02
697	1.108889e+02
698	1.106459e+02
699	1.103634e+02
700	1.100518e+02
701	1.097085e+02
702	1.093958e+02
703	1.090893e+02
704	1.087294e+02
705	1.083577e+02
706	1.079195e+02
707	1.075065e+02
708	1.070444e+02
709	1.065886e+02
710	1.061870e+02
711	1.058502e+02
712	1.055364e+02
713	1.052769e+02
714	1.050588e+02
715	1.048945e+02
716	1.048504e+02
717	1.048715e+02
718	1.049800e+02
719	1.052011e+02
720	1.054873e+02
721	1.058575e+02
722	1.062952e+02
723	1.067861e+02
724	1.072427e+02
725	1.077186e+02
726	1.082699e+02
727	1.089056e+02
728	1.096760e+02
729	1.105219e+02
730	1.113846e+02
731	1.122852e+02
732	1.131997e+02
733	1.140678e+02
734	1.149054e+02
735	1.157397e+02
736	1.164850e+02
737	1.170755e+02
738	1.176262e+02
739	1.181529e+02
740	1.186541e+02
741	1.191171e+02
742	1.195490e+02
743	1.198905e+02
744	1.201646e+02
745	1.203854e+02
746	1.205768e+02
747	1.207537e+02
748	1.208132e+02
749	1.207643e+02
750	1.205380e+02
751	1.201199e+02
752	1.195835e+02
753	1.190092e+02
754	1.183598e+02
755	1.175308e+02
756	1.165688e+02
757	1.155125e+02
758	1.143764e+02
759	1.131530e+02
760	1.118824e+02
761	1.106317e+02
762	1.093456e+02
763	1.080464e+02
764	1.067697e+02
765	1.055517e+02
766	1.043806e+02
767	1.033455e+02
768	1.024663e+02
769	1.016178e+02
770	1.008235e+02
771	1.001094e+02
772	9.953753e+01
773	9.896671e+01
774	9.849861e+01
775	9.803304e+01
776	9.775919e+01
777	9.762592e+01
778	9.758345e+01
779	9.764922e+01
780	9.791294e+01
781	9.829857e+01
782	9.877687e+01
783	9.937717e+01
784	1.000328e+02
785	1.007080e+02
786	1.014326e+02
787	1.021436e+02
788	1.029178e+02
789	1.037192e+02
790	1.045442e+02
791	1.054124e+02
792	1.063107e+02
793	1.071781e+02
794	1.080964e+02
795	1.089730e+02
796	1.097310e+02
797	1.104510e+02
798	1.111401e+02
799	1.116989e+02
800	1.121240e+02
801	1.123826e+02
802	1.125726e+02
803	1.126796e+02
804	1.126286e+02
805	1.125104e+02
806	1.123786e+02
807	1.121877e+02
808	1.119556e+02
809	1.117037e+02
810	1.114398e+02
811	1.111302e+02
812	1.108474e+02
813	1.106084e+02
814	1.103860e+02
815	1.101067e+02
816	1.097962e+02
817	1.094951e+02
818	1.091428e+02
819	1.088747e+02
820	1.086409e+02
821	1.084245e+02
822	1.083199e+02
823	1.082929e+02
824	1.083057e+02
825	1.084153e+02
826	1.085856e+02
827	1.087901e+02
828	1.090000e+02
829	1.093252e+02
830	1.096982e+02
831	1.101139e+02
832	1.105797e+02
833	1.110199e+02
834	1.114030e+02
835	1.118260e+02
836	1.122819e+02
837	1.129069e+02
838	1.135955e+02
839	1.142870e+02
840	1.148391e+02
841	1.152909e+02
842	1.156594e+02
843	1.158761e+02
844	1.160157e+02
845	1.159795e+02
846	1.157511e+02
847	1.154716e+02
848	1.150935e+02
849	1.146758e+02
850	1.141959e+02
851	1.137065e+02
852	1.131209e+02
853	1.124736e+02
854	1.117459e+02
855	1.109842e+02
856	1.101840e+02
857	1.093275e+02
858	1.085620e+02
859	1.077499e+02
860	1.068998e+02
861	1.060367e+02
862	1.052114e+02
863	1.044126e+02
864	1.037447e+02
865	1.031322e+02
866	1.025448e+02
867	1.020348e+02
868	1.017314e+02
869	1.015620e+02
870	1.015789e+02
871	1.016478e+02
872	1.018446e+02
873	1.021921e+02
874	1.026269e+02
875	1.031645e+02
876	1.038027e+02
877	1.044708e+02
878	1.051542e+02
879	1.058177e+02
880	1.065128e+02
881	1.072197e+02
882	1.078464e+02
883	1.084326e+02
884	1.089788e+02
885	1.094732e+02
886	1.099739e+02
887	1.105700e+02
888	1.112747e+02
889	1.119341e+02
890	1.125142e+02
891	1.130456e+02
892	1.135746e+02
893	1.140152e+02
894	1.143941e+02
895	1.147420e+02
896	1.150835e+02
897	1.154081e+02
898	1.157195e+02
899	1.159767e+02
900	1.162583e+02
901	1.163604e+02
902	1.163746e+02
903	1.162767e+02
904	1.160844e+02
905	1.158366e+02
906	1.154731e+02
907	1.151305e+02
908	1.147507e+02
909	1.143562e+02
910	1.138837e+02
911	1.133768e+02
912	1.127983e+02
913	1.121605e+02
914	1.115034e+02
915	1.108732e+02
916	1.102928e+02
917	1.096933e+02
918	1.090699e+02
919	1.084857e+02
920	1.078721e+02
921	1.072782e+02
922	1.066654e+02
923	1.061280e+02
924	1.056097e+02
925	1.050838e+02
926	1.045845e+02
927	1.041149e+02
928	1.037132e+02
929	1.033110e+02
930	1.028902e+02
931	1.024699e+02
932	1.021575e+02
933	1.018183e+02
934	1.015211e+02
935	1.012748e+02
936	1.009696e+02
937	1.007370e+02
938	1.006326e+02
939	1.006000e+02
940	1.005417e+02
941	1.004980e+02
942	1.005474e+02
943	1.006687e+02
944	1.008248e+02
945	1.010789e+02
946	1.013738e+02
947	1.017434e+02
948	1.021356e+02
949	1.025615e+02
950	1.030813e+02
951	1.035418e+02
952	1.041135e+02
953	1.047090e+02
954	1.053470e+02
955	1.059948e+02
956	1.066165e+02
957	1.072547e+02
958	1.078810e+02
959	1.085104e+02
960	1.091517e+02
961	1.097815e+02
962	1.103762e+02
963	1.110176e+02
964	1.117278e+02
965	1.123719e+02
966	1.129712e+02
967	1.135351e+02
968	1.141608e+02
969	1.148088e+02
970	1.154406e+02
971	1.159906e+02
972	1.164990e+02
973	1.169025e+02
974	1.172634e+02
975	1.175832e+02
976	1.178500e+02
977	1.180579e+02
978	1.182228e+02
979	1.183905e+02
980	1.185239e+02
981	1.186814e+02
982	1.187582e+02
983	1.188171e+02
984	1.188668e+02
985	1.188312e+02
986	1.186410e+02
987	1.184151e+02
988	1.180918e+02
989	1.178741e+02
990	1.176161e+02
991	1.173493e+02
992	1.171057e+02
993	1.167941e+02
994	1.164460e+02
995	1.161116e+02
996	1.157831e+02
997	1.154036e+02
998	1.150466e+02
999	1.147106e+02
1000	1.143321e+02
1001	1.139760e+02
1002	1.135906e+02
1003	1.131029e+02
1004	1.126410e+02
1005	1.121871e+02
1006	1.117964e+02
1007	1.114116e+02
1008	1.110802e+02
1009	1.108337e+02
1010	1.106260e+02
1011	1.104502e+02
1012	1.102788e+02
1013	1.102072e+02
1014	1.101643e+02
1015	1.101966e+02
1016	1.101613e+02
1017	1.100647e+02
1018	1.099102e+02
1019	1.097332e+02
1020	1.096028e+02
1021	1.093733e+02
1022	1.091238e+02
1023	1.088556e+02
1024	1.085308e+02
1025	1.082116e+02
1026	1.078054e+02
1027	1.073882e+02
1028	1.069777e+02
1029	1.065853e+02
1030	1.062616e+02
1031	1.059343e+02
1032	1.056310e+02
1033	1.052883e+02
1034	1.049138e+02
1035	1.045243e+02
1036	1.041279e+02
1037	1.037022e+02
1038	1.032919e+02
1039	1.028844e+02
1040	1.025215e+02
1041	1.021060e+02
1042	1.015963e+02
1043	1.011725e+02
1044	1.008667e+02
1045	1.006073e+02
1046	1.004089e+02
1047	1.002327e+02
1048	1.001042e+02
1049	1.001103e+02
1050	1.002441e+02
1051	1.003958e+02
1052	1.005924e+02
1053	1.008657e+02
1054	1.012748e+02
1055	1.018344e+02
1056	1.025120e+02
1057	1.032584e+02
1058	1.040742e+02
1059	1.049072e+02
1060	1.058259e+02
1061	1.068087e+02
1062	1.078034e+02
1063	1.088137e+02
1064	1.098029e+02
1065	1.107863e+02
1066	1.116623e+02
1067	1.125018e+02
1068	1.132581e+02
1069	1.139705e+02
1070	1.145600e+02
1071	1.150232e+02
1072	1.154999e+02
1073	1.158192e+02
1074	1.160170e+02
1075	1.162102e+02
1076	1.162842e+02
1077	1.162909e+02
1078	1.161944e+02
1079	1.160402e+02
1080	1.158225e+02
1081	1.155187e+02
1082	1.151164e+02
1083	1.146818e+02
1084	1.142234e+02
1085	1.137242e+02
1086	1.132657e+02
1087	1.127214e+02
1088	1.121426e+02
1089	1.116011e+02
1090	1.110651e+02
1091	1.105114e+02
1092	1.099807e+02
1093	1.095133e+02
1094	1.090508e+02
1095	1.086918e+02
1096	1.083730e+02
1097	1.080840e+02
1098	1.078408e+02
1099	1.076675e+02
1100	1.074765e+02
1101	1.073309e+02
1102	1.072758e+02
1103	1.072804e+02
1104	1.073224e+02
1105	1.074360e+02
1106	1.075622e+02
1107	1.077592e+02
1108	1.080678e+02
1109	1.083444e+02
1110	1.086791e+02
1111	1.089868e+02
1112	1.093665e+02
1113	1.096729e+02
1114	1.100246e+02
1115	1.103486e+02
1116	1.107242e+02
1117	1.110872e+02
1118	1.115019e+02
1119	1.119086e+02
1120	1.122757e+02
1121	1.126327e+02
1122	1.128975e+02
1123	1.130802e+02
1124	1.131320e+02
1125	1.131115e+02
1126	1.130038e+02
1127	1.128293e+02
1128	1.127019e+02
1129	1.125843e+02
1130	1.125410e+02
1131	1.124554e+02
1132	1.122966e+02
1133	1.121213e+02
1134	1.118801e+02
1135	1.115186e+02
1136	1.111532e+02
1137	1.108145e+02
1138	1.104248e+02
1139	1.100588e+02
1140	1.097449e+02
1141	1.095275e+02
1142	1.093355e+02
1143	1.092569e+02
1144	1.091132e+02
1145	1.089636e+02
1146	1.088708e+02
1147	1.088177e+02
1148	1.089215e+02
1149	1.090466e+02
1150	1.092024e+02
1151	1.093533e+02
1152	1.094602e+02
1153	1.095642e+02
1154	1.095937e+02
1155	1.096125e+02
1156	1.097883e+02
1157	1.098846e+02
1158	1.099681e+02
1159	1.100413e+02
1160	1.101363e+02
1161	1.102655e+02
1162	1.104604e+02
1163	1.106889e+02
1164	1.108930e+02
1165	1.110969e+02
1166	1.112608e+02
1167	1.114402e+02
1168	1.116086e+02
1169	1.118286e+02
1170	1.119510e+02
1171	1.120307e+02
1172	1.121011e+02
1173	1.120830e+02
1174	1.119977e+02
1175	1.118273e+02
1176	1.115821e+02
1177	1.113023e+02
1178	1.110226e+02
1179	1.107055e+02
1180	1.104587e+02
1181	1.101625e+02
1182	1.098718e+02
1183	1.096164e+02
1184	1.093656e+02
1185	1.091370e+02
1186	1.089185e+02
1187	1.086786e+02
1188	1.084198e+02
1189	1.081648e+02
1190	1.079665e+02
1191	1.078055e+02
1192	1.076188e+02
1193	1.074121e+02
1194	1.072074e+02
1195	1.069637e+02
1196	1.067899e+02
1197	1.065955e+02
1198	1.063754e+02
1199	1.061692e+02
1200	1.059522e+02
1201	1.057873e+02
1202	1.056494e+02
1203	1.054859e+02
1204	1.053974e+02
1205	1.054152e+02
1206	1.055476e+02
1207	1.056485e+02
1208	1.057624e+02
1209	1.059578e+02
1210	1.062371e+02
1211	1.065566e+02
1212	1.068972e+02
1213	1.072854e+02
1214	1.076379e+02
1215	1.080181e+02
1216	1.081869e+02
1217	1.082729e+02
1218	1.082699e+02
1219	1.083071e+02
1220	1.083153e+02
1221	1.083680e+02
1222	1.083293e+02
1223	1.082659e+02
1224	1.081684e+02
1225	1.080632e+02
1226	1.079637e+02
1227	1.078304e+02
1228	1.076628e+02
1229	1.074727e+02
1230	1.072620e+02
1231	1.070982e+02
1232	1.069241e+02
1233	1.067104e+02
1234	1.064441e+02
1235	1.061413e+02
1236	1.058484e+02
1237	1.055473e+02
1238	1.052439e+02
1239	1.049277e+02
1240	1.045748e+02
1241	1.042760e+02
1242	1.040606e+02
1243	1.038864e+02
1244	1.038027e+02
1245	1.037497e+02
1246	1.037409e+02
1247	1.037059e+02
1248	1.037051e+02
1249	1.037618e+02
1250	1.038338e+02
1251	1.039161e+02
1252	1.040738e+02
1253	1.042478e+02
1254	1.044669e+02
1255	1.046255e+02
1256	1.048086e+02
1257	1.049787e+02
1258	1.051149e+02
1259	1.051587e+02
1260	1.051294e+02
1261	1.049947e+02
1262	1.048775e+02
1263	1.047921e+02
1264	1.046510e+02
1265	1.044778e+02
1266	1.043094e+02
1267	1.041826e+02
1268	1.040402e+02
1269	1.038957e+02
1270	1.037523e+02
1271	1.036438e+02
1272	1.035357e+02
1273	1.034490e+02
1274	1.033275e+02
1275	1.032195e+02
1276	1.030864e+02
1277	1.029593e+02
1278	1.028188e+02
1279	1.026273e+02
1280	1.025077e+02
1281	1.023722e+02
1282	1.021703e+02
1283	1.020009e+02
1284	1.018493e+02
1285	1.016800e+02
1286	1.015498e+02
1287	1.013863e+02
1288	1.012814e+02
1289	1.011535e+02
1290	1.011281e+02
1291	1.010834e+02
1292	1.010531e+02
1293	1.010479e+02
1294	1.010778e+02
1295	1.011368e+02
1296	1.011208e+02
1297	1.010531e+02
1298	1.010954e+02
1299	1.012008e+02
1300	1.014161e+02
1301	1.016577e+02
1302	1.018675e+02
1303	1.020629e+02
1304	1.021711e+02
1305	1.023298e+02
1306	1.024561e+02
1307	1.026261e+02
1308	1.027591e+02
1309	1.028600e+02
1310	1.029707e+02
1311	1.031494e+02
1312	1.034041e+02
1313	1.036897e+02
1314	1.040255e+02
1315	1.043724e+02
1316	1.046657e+02
1317	1.050699e+02
1318	1.054580e+02
1319	1.058625e+02
1320	1.063358e+02
1321	1.067518e+02
1322	1.070948e+02
1323	1.074170e+02
1324	1.077423e+02
1325	1.081473e+02
1326	1.084660e+02
1327	1.086527e+02
1328	1.087821e+02
1329	1.089299e+02
1330	1.091123e+02
1331	1.092369e+02
1332	1.093371e+02
1333	1.094286e+02
1334	1.094677e+02
1335	1.094942e+02
1336	1.095270e+02
1337	1.095471e+02
1338	1.094843e+02
1339	1.094500e+02
1340	1.093940e+02
1341	1.093307e+02
1342	1.092199e+02
1343	1.090855e+02
1344	1.089655e+02
1345	1.087279e+02
1346	1.083944e+02
1347	1.079566e+02
1348	1.074548e+02
1349	1.069395e+02
1350	1.063676e+02
1351	1.058723e+02
1352	1.053815e+02
1353	1.049157e+02
1354	1.043653e+02
1355	1.038066e+02
1356	1.033255e+02
1357	1.028440e+02
1358	1.023734e+02
1359	1.019422e+02
1360	1.016018e+02
1361	1.013008e+02
1362	1.010517e+02
1363	1.008287e+02
1364	1.006712e+02
1365	1.005373e+02
1366	1.004436e+02
1367	1.003834e+02
1368	1.004400e+02
1369	1.005590e+02
1370	1.006639e+02
1371	1.007913e+02
1372	1.009498e+02
1373	1.011219e+02
1374	1.013084e+02
1375	1.015157e+02
1376	1.018063e+02
1377	1.020964e+02
1378	1.024393e+02
1379	1.027625e+02
1380	1.031602e+02
1381	1.036163e+02
1382	1.041002e+02
1383	1.045632e+02
1384	1.050328e+02
1385	1.054335e+02
1386	1.058652e+02
1387	1.061700e+02
1388	1.065204e+02
1389	1.067382e+02
1390	1.069576e+02
1391	1.071420e+02
1392	1.072362e+02
1393	1.072223e+02
1394	1.072955e+02
1395	1.073618e+02
1396	1.074501e+02
1397	1.075362e+02
1398	1.076270e+02
1399	1.077028e+02
1400	1.077910e+02
1401	1.078316e+02
1402	1.078046e+02
1403	1.077802e+02
1404	1.077956e+02
1405	1.078446e+02
1406	1.078657e+02
1407	1.078837e+02
1408	1.078921e+02
1409	1.079253e+02
1410	1.080322e+02
1411	1.079859e+02
1412	1.080238e+02
1413	1.080606e+02
1414	1.080524e+02
1415	1.080350e+02
1416	1.080226e+02
1417	1.079134e+02
1418	1.078073e+02
1419	1.077552e+02
1420	1.076770e+02
1421	1.076715e+02
1422	1.077022e+02
1423	1.078153e+02
1424	1.080300e+02
1425	1.082829e+02
1426	1.086115e+02
1427	1.089738e+02
1428	1.093833e+02
1429	1.097935e+02
1430	1.102257e+02
1431	1.106703e+02
1432	1.111818e+02
1433	1.117004e+02
1434	1.121576e+02
1435	1.125122e+02
1436	1.128095e+02
1437	1.131329e+02
1438	1.133409e+02
1439	1.134191e+02
1440	1.134282e+02
1441	1.132403e+02
1442	1.129506e+02
1443	1.126502e+02
1444	1.122966e+02
1445	1.118887e+02
1446	1.114517e+02
1447	1.109072e+02
1448	1.103913e+02
1449	1.099126e+02
1450	1.094608e+02
1451	1.089419e+02
1452	1.083557e+02
1453	1.077776e+02
1454	1.071796e+02
1455	1.065444e+02
1456	1.058568e+02
1457	1.050675e+02
1458	1.042754e+02
1459	1.035390e+02
1460	1.028662e+02
1461	1.022285e+02
1462	1.015751e+02
1463	1.009729e+02
1464	1.004337e+02
1465	1.000436e+02
1466	9.972932e+01
1467	9.956637e+01
1468	9.950898e+01
1469	9.955552e+01
1470	9.977081e+01
1471	1.000688e+02
1472	1.004204e+02
1473	1.008454e+02
1474	1.013216e+02
1475	1.019611e+02
1476	1.027058e+02
1477	1.035427e+02
1478	1.043075e+02
1479	1.051588e+02
1480	1.060199e+02
1481	1.068246e+02
1482	1.076095e+02
1483	1.082773e+02
1484	1.088991e+02
1485	1.094412e+02
1486	1.099245e+02
1487	1.103584e+02
1488	1.107640e+02
1489	1.111786e+02
1490	1.115991e+02
1491	1.120153e+02
1492	1.124104e+02
1493	1.127697e+02
1494	1.130901e+02
1495	1.134713e+02
1496	1.138429e+02
1497	1.142101e+02
1498	1.145651e+02
1499	1.148329e+02
1500	1.149595e+02
1501	1.150664e+02
1502	1.151570e+02
1503	1.152300e+02
1504	1.151414e+02
1505	1.149052e+02
1506	1.146122e+02
1507	1.142936e+02
1508	1.138761e+02
1509	1.133750e+02
1510	1.128643e+02
1511	1.123478e+02
1512	1.117855e+02
1513	1.112622e+02
1514	1.107129e+02
1515	1.101958e+02
1516	1.096788e+02
1517	1.091411e+02
1518	1.086104e+02
1519	1.080814e+02
1520	1.075999e+02
1521	1.071887e+02
1522	1.068914e+02
1523	1.066633e+02
1524	1.064794e+02
1525	1.062599e+02
1526	1.061295e+02
1527	1.060336e+02
1528	1.059504e+02
1529	1.059689e+02
1530	1.060233e+02
1531	1.061395e+02
1532	1.062171e+02
1533	1.062916e+02
1534	1.064266e+02
1535	1.066490e+02
1536	1.069122e+02
1537	1.072316e+02
1538	1.075785e+02
1539	1.079173e+02
1540	1.082171e+02
1541	1.084960e+02
1542	1.088281e+02
1543	1.091244e+02
1544	1.094306e+02
1545	1.096956e+02
1546	1.099763e+02
1547	1.100766e+02
1548	1.102465e+02
1549	1.103209e+02
1550	1.103443e+02
1551	1.104331e+02
1552	1.105333e+02
1553	1.105514e+02
1554	1.105892e+02
1555	1.106560e+02
1556	1.107483e+02
1557	1.108986e+02
1558	1.110517e+02
1559	1.111626e+02
1560	1.112841e+02
1561	1.113826e+02
1562	1.115403e+02
1563	1.116527e+02
1564	1.118269e+02
1565	1.120397e+02
1566	1.123195e+02
1567	1.126322e+02
1568	1.129869e+02
1569	1.133441e+02
1570	1.137154e+02
1571	1.140729e+02
1572	1.143914e+02
1573	1.146807e+02
1574	1.150018e+02
1575	1.153280e+02
1576	1.156713e+02
1577	1.160121e+02
1578	1.164002e+02
1579	1.168476e+02
1580	1.173089e+02
1581	1.177333e+02
1582	1.181076e+02
1583	1.184841e+02
1584	1.189385e+02
1585	1.193871e+02
1586	1.198698e+02
1587	1.202969e+02
1588	1.207361e+02
1589	1.211331e+02
1590	1.214430e+02
1591	1.216526e+02
1592	1.217752e+02
1593	1.218091e+02
1594	1.217791e+02
1595	1.216667e+02
1596	1.214581e+02
1597	1.211580e+02
1598	1.207763e+02
1599	1.203393e+02
1600	1.198944e+02
1601	1.193677e+02
1602	1.188783e+02
1603	1.184023e+02
1604	1.178672e+02
1605	1.172941e+02
1606	1.166486e+02
1607	1.159121e+02
1608	1.151820e+02
1609	1.143881e+02
1610	1.136042e+02
1611	1.127378e+02
1612	1.118737e+02
1613	1.109807e+02
1614	1.100810e+02
1615	1.091697e+02
1616	1.083016e+02
1617	1.074726e+02
1618	1.067108e+02
1619	1.060591e+02
1620	1.055017e+02
1621	1.050947e+02
1622	1.046820e+02
1623	1.043314e+02
1624	1.040312e+02
1625	1.037725e+02
1626	1.035456e+02
1627	1.033637e+02
1628	1.031772e+02
1629	1.030526e+02
1630	1.029115e+02
1631	1.027689e+02
1632	1.026129e+02
1633	1.024723e+02
1634	1.024068e+02
1635	1.024542e+02
1636	1.025211e+02
1637	1.026327e+02
1638	1.028161e+02
1639	1.030459e+02
1640	1.032982e+02
1641	1.035459e+02
1642	1.038074e+02
1643	1.041867e+02
1644	1.045964e+02
1645	1.049971e+02
1646	1.054685e+02
1647	1.059421e+02
1648	1.064554e+02
1649	1.069807e+02
1650	1.074126e+02
1651	1.078682e+02
1652	1.084301e+02
1653	1.089805e+02
1654	1.095136e+02
1655	1.100008e+02
1656	1.103790e+02
1657	1.107034e+02
1658	1.110270e+02
1659	1.112843e+02
1660	1.115504e+02
1661	1.117414e+02
1662	1.119573e+02
1663	1.120877e+02
1664	1.121944e+02
1665	1.122330e+02
1666	1.122886e+02
1667	1.122747e+02
1668	1.122195e+02
1669	1.121604e+02
1670	1.120484e+02
1671	1.119535e+02
1672	1.118465e+02
1673	1.117209e+02
1674	1.115050e+02
1675	1.112520e+02
1676	1.109322e+02
1677	1.105472e+02
1678	1.101749e+02
1679	1.098160e+02
1680	1.094497e+02
1681	1.089977e+02
1682	1.085291e+02
1683	1.080862e+02
1684	1.076466e+02
1685	1.072125e+02
1686	1.067736e+02
1687	1.063785e+02
1688	1.060139e+02
1689	1.057177e+02
1690	1.053841e+02
1691	1.051171e+02
1692	1.049327e+02
1693	1.047302e+02
1694	1.045251e+02
1695	1.041630e+02
1696	1.037571e+02
1697	1.033046e+02
1698	1.028356e+02
1699	1.022416e+02
1700	1.016972e+02
1701	1.010787e+02
1702	1.004439e+02
1703	9.990328e+01
1704	9.944355e+01
1705	9.902246e+01
1706	9.873839e+01
1707	9.845036e+01
1708	9.824634e+01
1709	9.807869e+01
1710	9.791244e+01
1711	9.779363e+01
1712	9.762916e+01
1713	9.755886e+01
1714	9.754169e+01
1715	9.755248e+01
1716	9.763121e+01
1717	9.780721e+01
1718	9.800247e+01
1719	9.817940e+01
1720	9.841529e+01
1721	9.876748e+01
1722	9.916613e+01
1723	9.953492e+01
1724	9.993783e+01
1725	1.004150e+02
1726	1.008689e+02
1727	1.013581e+02
1728	1.019495e+02
1729	1.025364e+02
1730	1.031776e+02
1731	1.038790e+02
1732	1.046626e+02
1733	1.054370e+02
1734	1.062356e+02
1735	1.071340e+02
1736	1.079481e+02
1737	1.087317e+02
1738	1.095725e+02
1739	1.103843e+02
1740	1.111549e+02
1741	1.119439e+02
1742	1.127423e+02
1743	1.135198e+02
1744	1.142728e+02
1745	1.149420e+02
1746	1.155593e+02
1747	1.160325e+02
1748	1.164166e+02
1749	1.167585e+02
1750	1.170101e+02
1751	1.171821e+02
1752	1.172714e+02
1753	1.173494e+02
1754	1.173950e+02
1755	1.173863e+02
1756	1.173980e+02
1757	1.173448e+02
1758	1.172999e+02
1759	1.172408e+02
1760	1.171389e+02
1761	1.169929e+02
1762	1.168152e+02
1763	1.165281e+02
1764	1.161568e+02
1765	1.155935e+02
1766	1.148850e+02
1767	1.141061e+02
1768	1.132404e+02
1769	1.123477e+02
1770	1.113836e+02
1771	1.103721e+02
1772	1.093325e+02
1773	1.083629e+02
1774	1.074115e+02
1775	1.065402e+02
1776	1.057378e+02
1777	1.049801e+02
1778	1.043108e+02
1779	1.038051e+02
1780	1.033632e+02
1781	1.030288e+02
1782	1.027440e+02
1783	1.025870e+02
1784	1.024506e+02
1785	1.023841e+02
1786	1.023592e+02
1787	1.023636e+02
1788	1.025070e+02
1789	1.027629e+02
1790	1.030386e+02
1791	1.033120e+02
1792	1.036411e+02
1793	1.040523e+02
1794	1.045578e+02
1795	1.051294e+02
1796	1.057068e+02
1797	1.063259e+02
1798	1.070221e+02
1799	1.077401e+02
1800	1.084190e+02
1801	1.090506e+02
1802	1.096609e+02
1803	1.103400e+02
1804	1.110072e+02
1805	1.116636e+02
1806	1.121966e+02
1807	1.126576e+02
1808	1.130368e+02
1809	1.133907e+02
1810	1.136652e+02
1811	1.139352e+02
1812	1.141391e+02
1813	1.142097e+02
1814	1.142163e+02
1815	1.142159e+02
1816	1.141706e+02
1817	1.140867e+02
1818	1.138884e+02
1819	1.136705e+02
1820	1.134522e+02
1821	1.132479e+02
1822	1.130530e+02
1823	1.128694e+02
1824	1.126211e+02
1825	1.124054e+02
1826	1.121808e+02
1827	1.119671e+02
1828	1.117197e+02
1829	1.115050e+02
1830	1.113021e+02
1831	1.111300e+02
1832	1.110206e+02
1833	1.109037e+02
1834	1.107780e+02
1835	1.106998e+02
1836	1.107261e+02
1837	1.107174e+02
1838	1.107638e+02
1839	1.107923e+02
1840	1.108746e+02
1841	1.109918e+02
1842	1.111682e+02
1843	1.113154e+02
1844	1.115500e+02
1845	1.117388e+02
1846	1.119237e+02
1847	1.121231e+02
1848	1.123302e+02
1849	1.125354e+02
1850	1.127472e+02
1851	1.128848e+02
1852	1.129764e+02
1853	1.130088e+02
1854	1.129979e+02
1855	1.130307e+02
1856	1.129824e+02
1857	1.128837e+02
1858	1.128046e+02
1859	1.127157e+02
1860	1.126786e+02
1861	1.126516e+02
1862	1.125653e+02
1863	1.123265e+02
1864	1.121022e+02
1865	1.118330e+02
1866	1.115189e+02
1867	1.112080e+02
1868	1.108569e+02
1869	1.104316e+02
1870	1.099367e+02
1871	1.093859e+02
1872	1.088551e+02
1873	1.083443e+02
1874	1.079338e+02
1875	1.075903e+02
1876	1.072730e+02
1877	1.070764e+02
1878	1.069012e+02
1879	1.068082e+02
1880	1.068022e+02
1881	1.069113e+02
1882	1.071245e+02
1883	1.073397e+02
1884	1.076992e+02
1885	1.081730e+02
1886	1.086794e+02
1887	1.092784e+02
1888	1.098821e+02
1889	1.105478e+02
1890	1.112495e+02
1891	1.119334e+02
1892	1.126097e+02
1893	1.132211e+02
1894	1.138250e+02
1895	1.142994e+02
1896	1.147845e+02
1897	1.151652e+02
1898	1.155172e+02
1899	1.157879e+02
1900	1.159695e+02
1901	1.160984e+02
1902	1.161610e+02
1903	1.161648e+02
1904	1.160789e+02
1905	1.159588e+02
1906	1.158350e+02
1907	1.155974e+02
1908	1.152359e+02
1909	1.147878e+02
1910	1.142798e+02
1911	1.137259e+02
1912	1.131209e+02
1913	1.125308e+02
1914	1.118641e+02
1915	1.112203e+02
1916	1.105531e+02
1917	1.098508e+02
1918	1.091357e+02
1919	1.084558e+02
1920	1.077812e+02
1921	1.070834e+02
1922	1.064716e+02
1923	1.059014e+02
1924	1.053843e+02
1925	1.048654e+02
1926	1.044603e+02
1927	1.041626e+02
1928	1.038951e+02
1929	1.036949e+02
1930	1.035265e+02
1931	1.033979e+02
1932	1.032628e+02
1933	1.031754e+02
1934	1.031315e+02
1935	1.031320e+02
1936	1.032149e+02
1937	1.033548e+02
1938	1.035912e+02
1939	1.038638e+02
1940	1.040632e+02
1941	1.042617e+02
1942	1.045263e+02
1943	1.047905e+02
1944	1.051169e+02
1945	1.054577e+02
1946	1.057900e+02
1947	1.062170e+02
1948	1.066717e+02
1949	1.071226e+02
1950	1.075549e+02
1951	1.080001e+02
1952	1.084538e+02
1953	1.089301e+02
1954	1.093777e+02
1955	1.098216e+02
1956	1.102885e+02
1957	1.107048e+02
1958	1.111691e+02
1959	1.115692e+02
1960	1.118986e+02
1961	1.120522e+02
1962	1.122129e+02
1963	1.123735e+02
1964	1.125000e+02
1965	1.126138e+02
1966	1.126086e+02
1967	1.125954e+02
1968	1.124488e+02
1969	1.122914e+02
1970	1.121253e+02
1971	1.120125e+02
1972	1.117957e+02
1973	1.115289e+02
1974	1.112210e+02
1975	1.108819e+02
1976	1.105029e+02
1977	1.101540e+02
1978	1.097998e+02
1979	1.094629e+02
1980	1.091207e+02
1981	1.087390e+02
1982	1.083861e+02
1983	1.080015e+02
1984	1.075485e+02
1985	1.071259e+02
1986	1.068261e+02
1987	1.065676e+02
1988	1.063452e+02
1989	1.061084e+02
1990	1.058783e+02
1991	1.056908e+02
1992	1.055382e+02
1993	1.054081e+02
1994	1.052497e+02
1995	1.051075e+02
1996	1.049828e+02
1997	1.048995e+02
1998	1.048240e+02
1999	1.048355e+02
2000	1.048943e+02
2001	1.049860e+02
2002	1.050576e+02
2003	1.050453e+02
2004	1.050154e+02
2005	1.049942e+02
2006	1.050564e+02
2007	1.050586e+02
2008	1.050539e+02
2009	1.050807e+02
2010	1.050669e+02
2011	1.051660e+02
2012	1.052344e+02
2013	1.053410e+02
2014	1.054148e+02
2015	1.055322e+02
2016	1.056183e+02
2017	1.057439e+02
2018	1.058853e+02
2019	1.060828e+02
2020	1.063641e+02
2021	1.067030e+02
2022	1.070101e+02
2023	1.072244e+02
2024	1.075009e+02
2025	1.078097e+02
2026	1.080735e+02
2027	1.082923e+02
2028	1.085609e+02
2029	1.088236e+02
2030	1.090610e+02
2031	1.093717e+02
2032	1.096849e+02
2033	1.100145e+02
2034	1.102647e+02
2035	1.104200e+02
2036	1.104890e+02
2037	1.105771e+02
2038	1.105731e+02
2039	1.104507e+02
2040	1.102755e+02
2041	1.102123e+02
2042	1.101948e+02
2043	1.101990e+02
2044	1.102133e+02
2045	1.102246e+02
2046	1.102252e+02
2047	1.103082e+02
2048	1.104333e+02
2049	1.105289e+02
2050	1.106862e+02
2051	1.107935e+02
2052	1.109895e+02
2053	1.112120e+02
2054	1.114267e+02
2055	1.116870e+02
2056	1.119280e+02
2057	1.122563e+02
2058	1.126726e+02
2059	1.130023e+02
2060	1.133208e+02
2061	1.136035e+02
2062	1.138697e+02
2063	1.141452e+02
2064	1.144052e+02
2065	1.146694e+02
2066	1.148475e+02
2067	1.149146e+02
2068	1.149037e+02
2069	1.147878e+02
2070	1.146516e+02
2071	1.144155e+02
2072	1.141941e+02
2073	1.138633e+02
2074	1.135003e+02
2075	1.130270e+02
2076	1.124274e+02
2077	1.117133e+02
2078	1.109829e+02
2079	1.101989e+02
2080	1.094547e+02
2081	1.086635e+02
2082	1.079003e+02
2083	1.071469e+02
2084	1.063706e+02
2085	1.055802e+02
2086	1.047751e+02
2087	1.040274e+02
2088	1.033655e+02
2089	1.027990e+02
2090	1.023059e+02
2091	1.017871e+02
2092	1.013138e+02
2093	1.008421e+02
2094	1.004753e+02
2095	1.001525e+02
2096	9.983944e+01
2097	9.960072e+01
2098	9.947003e+01
2099	9.937130e+01
2100	9.935057e+01
2101	9.940213e+01
2102	9.952979e+01
2103	9.975463e+01
2104	1.000015e+02
2105	1.003339e+02
2106	1.007894e+02
2107	1.012719e+02
2108	1.017399e+02
2109	1.022247e+02
2110	1.028510e+02
2111	1.035142e+02
2112	1.042469e+02
2113	1.050662e+02
2114	1.059335e+02
2115	1.067698e+02
2116	1.076260e+02
2117	1.085191e+02
2118	1.093989e+02
2119	1.102325e+02
2120	1.110823e+02
2121	1.119374e+02
2122	1.127434e+02
2123	1.134439e+02
2124	1.141272e+02
2125	1.147165e+02
2126	1.152609e+02
2127	1.157731e+02
2128	1.162190e+02
2129	1.165877e+02
2130	1.168535e+02
2131	1.170177e+02
2132	1.170896e+02
2133	1.171012e+02
2134	1.170235e+02
2135	1.168282e+02
2136	1.165641e+02
2137	1.162980e+02
2138	1.159847e+02
2139	1.156367e+02
2140	1.151835e+02
2141	1.146700e+02
2142	1.140935e+02
2143	1.133901e+02
2144	1.126825e+02
2145	1.118961e+02
2146	1.110417e+02
2147	1.100364e+02
2148	1.090370e+02
2149	1.080458e+02
2150	1.071385e+02
2151	1.063163e+02
2152	1.055882e+02
2153	1.049114e+02
2154	1.043580e+02
2155	1.039600e+02
2156	1.036848e+02
2157	1.034779e+02
2158	1.033641e+02
2159	1.033957e+02
2160	1.034912e+02
2161	1.036753e+02
2162	1.039154e+02
2163	1.041836e+02
2164	1.045614e+02
2165	1.049215e+02
2166	1.053498e+02
2167	1.057671e+02
2168	1.062805e+02
2169	1.069067e+02
2170	1.075362e+02
2171	1.082206e+02
2172	1.089165e+02
2173	1.097085e+02
2174	1.105988e+02
2175	1.114525e+02
2176	1.122786e+02
2177	1.130278e+02
2178	1.137474e+02
2179	1.144597e+02
2180	1.151637e+02
2181	1.158213e+02
2182	1.164792e+02
2183	1.170808e+02
2184	1.176687e+02
2185	1.182385e+02
2186	1.187342e+02
2187	1.191224e+02
2188	1.193203e+02
2189	1.193775e+02
2190	1.193051e+02
2191	1.191368e+02
2192	1.188896e+02
2193	1.186124e+02
2194	1.181811e+02
2195	1.177451e+02
2196	1.172498e+02
2197	1.166806e+02
2198	1.160748e+02
2199	1.154794e+02
2200	1.148902e+02
2201	1.143531e+02
2202	1.137268e+02
2203	1.130151e+02
2204	1.122508e+02
2205	1.114128e+02
2206	1.104704e+02
2207	1.094620e+02
2208	1.083648e+02
2209	1.072898e+02
2210	1.062391e+02
2211	1.052122e+02
2212	1.042299e+02
2213	1.033377e+02
2214	1.024707e+02
2215	1.016647e+02
2216	1.008744e+02
2217	1.001899e+02
2218	9.962385e+01
2219	9.916677e+01
2220	9.878259e+01
2221	9.847396e+01
2222	9.827497e+01
2223	9.816430e+01
2224	9.816635e+01
2225	9.822677e+01
2226	9.842088e+01
2227	9.868644e+01
2228	9.891011e+01
2229	9.914771e+01
2230	9.940045e+01
2231	9.977326e+01
2232	1.002094e+02
2233	1.006945e+02
2234	1.012080e+02
2235	1.018035e+02
2236	1.024026e+02
2237	1.029467e+02
2238	1.034577e+02
2239	1.039360e+02
2240	1.044089e+02
2241	1.048925e+02
2242	1.053718e+02
2243	1.058142e+02
2244	1.063036e+02
2245	1.066197e+02
2246	1.068772e+02
2247	1.071469e+02
2248	1.073400e+02
2249	1.074770e+02
2250	1.075846e+02
2251	1.076752e+02
2252	1.076524e+02
2253	1.076721e+02
2254	1.077040e+02
2255	1.076813e+02
2256	1.077329e+02
2257	1.078177e+02
2258	1.079934e+02
2259	1.082301e+02
2260	1.084491e+02
2261	1.087725e+02
2262	1.090919e+02
2263	1.094275e+02
2264	1.097723e+02
2265	1.101005e+02
2266	1.103876e+02
2267	1.106654e+02
2268	1.109634e+02
2269	1.112761e+02
2270	1.115576e+02
2271	1.118622e+02
2272	1.121921e+02
2273	1.125762e+02
2274	1.129353e+02
2275	1.132916e+02
2276	1.135062e+02
2277	1.137076e+02
2278	1.138039e+02
2279	1.138615e+02
2280	1.139076e+02
2281	1.139510e+02
2282	1.139375e+02
2283	1.139370e+02
2284	1.138957e+02
2285	1.138075e+02
2286	1.137095e+02
2287	1.135787e+02
2288	1.134714e+02
2289	1.132878e+02
2290	1.130883e+02
2291	1.128425e+02
2292	1.125788e+02
2293	1.122649e+02
2294	1.119001e+02
2295	1.115269e+02
2296	1.110042e+02
2297	1.104454e+02
2298	1.098588e+02
2299	1.092175e+02
2300	1.085476e+02
2301	1.077637e+02
2302	1.069360e+02
2303	1.060891e+02
2304	1.052339e+02
2305	1.044327e+02
2306	1.036470e+02
2307	1.028261e+02
2308	1.020177e+02
2309	1.011969e+02
2310	1.004446e+02
2311	9.976033e+01
2312	9.914147e+01
2313	9.855007e+01
2314	9.798714e+01
2315	9.753440e+01
2316	9.719226e+01
2317	9.698350e+01
2318	9.681942e+01
2319	9.666641e+01
2320	9.665295e+01
2321	9.669959e+01
2322	9.692708e+01
2323	9.726656e+01
2324	9.772990e+01
2325	9.834771e+01
2326	9.905462e+01
2327	9.983395e+01
2328	1.007851e+02
2329	1.018019e+02
2330	1.028161e+02
2331	1.038806e+02
2332	1.049901e+02
2333	1.061050e+02
2334	1.072705e+02
2335	1.084667e+02
2336	1.097108e+02
2337	1.108844e+02
2338	1.120831e+02
2339	1.132615e+02
2340	1.144343e+02
2341	1.155842e+02
2342	1.166656e+02
2343	1.177059e+02
2344	1.186394e+02
2345	1.194250e+02
2346	1.201342e+02
2347	1.207413e+02
2348	1.212311e+02
2349	1.215703e+02
2350	1.217994e+02
2351	1.218501e+02
2352	1.218169e+02
2353	1.217044e+02
2354	1.214771e+02
2355	1.211082e+02
2356	1.206057e+02
2357	1.199485e+02
2358	1.192045e+02
2359	1.183837e+02
2360	1.174664e+02
2361	1.165104e+02
2362	1.155501e+02
2363	1.145589e+02
2364	1.135306e+02
2365	1.125009e+02
2366	1.114545e+02
2367	1.103935e+02
2368	1.093210e+02
2369	1.082953e+02
2370	1.073424e+02
2371	1.064782e+02
2372	1.056251e+02
2373	1.048008e+02
2374	1.040139e+02
2375	1.033295e+02
2376	1.026774e+02
2377	1.020243e+02
2378	1.014549e+02
2379	1.008944e+02
2380	1.003544e+02
2381	9.986325e+01
2382	9.939451e+01
2383	9.897428e+01
2384	9.859098e+01
2385	9.825156e+01
2386	9.796358e+01
2387	9.771224e+01
2388	9.752943e+01
2389	9.733069e+01
2390	9.716319e+01
2391	9.700236e+01
2392	9.690007e+01
2393	9.684333e+01
2394	9.693389e+01
2395	9.716479e+01
2396	9.742438e+01
2397	9.781572e+01
2398	9.826010e+01
2399	9.871920e+01
2400	9.921244e+01
2401	9.973798e+01
2402	1.002145e+02
2403	1.006738e+02
2404	1.012209e+02
2405	1.018381e+02
2406	1.024081e+02
2407	1.029848e+02
2408	1.035438e+02
2409	1.041201e+02
2410	1.046480e+02
2411	1.052484e+02
2412	1.058188e+02
2413	1.064259e+02
2414	1.069879e+02
2415	1.075744e+02
2416	1.082058e+02
2417	1.087940e+02
2418	1.094141e+02
2419	1.100275e+02
2420	1.107048e+02
2421	1.113897e+02
2422	1.120699e+02
2423	1.127852e+02
2424	1.135101e+02
2425	1.141382e+02
2426	1.147338e+02
2427	1.153486e+02
2428	1.159236e+02
2429	1.164667e+02
2430	1.170105e+02
2431	1.176253e+02
2432	1.182139e+02
2433	1.187808e+02
2434	1.193964e+02
2435	1.199841e+02
2436	1.205062e+02
2437	1.210361e+02
2438	1.215942e+02
2439	1.221614e+02
2440	1.227429e+02
2441	1.232477e+02
2442	1.237132e+02
2443	1.241784e+02
2444	1.244641e+02
2445	1.246378e+02
2446	1.246201e+02
2447	1.244106e+02
2448	1.240874e+02
2449	1.236909e+02
2450	1.231366e+02
2451	1.223991e+02
2452	1.215421e+02
2453	1.206122e+02
2454	1.195647e+02
2455	1.184431e+02
2456	1.173139e+02
2457	1.160795e+02
2458	1.147328e+02
2459	1.132572e+02
2460	1.117289e+02
2461	1.100950e+02
2462	1.084882e+02
2463	1.068312e+02
2464	1.051274e+02
2465	1.034176e+02
2466	1.018532e+02
2467	1.003346e+02
2468	9.890774e+01
2469	9.760098e+01
2470	9.636817e+01
2471	9.527796e+01
2472	9.430406e+01
2473	9.350389e+01
2474	9.281842e+01
2475	9.222012e+01
2476	9.183844e+01
2477	9.160431e+01
2478	9.153956e+01
2479	9.165149e+01
2480	9.188663e+01
2481	9.225509e+01
2482	9.278975e+01
2483	9.352465e+01
2484	9.445938e+01
2485	9.541807e+01
2486	9.646682e+01
2487	9.754913e+01
2488	9.877095e+01
2489	1.001267e+02
2490	1.015971e+02
2491	1.032392e+02
2492	1.048868e+02
2493	1.064931e+02
2494	1.081660e+02
2495	1.097920e+02
2496	1.114503e+02
2497	1.130097e+02
2498	1.145343e+02
2499	1.160684e+02
2500	1.175582e+02
2501	1.190156e+02
2502	1.203652e+02
2503	1.217468e+02
2504	1.229650e+02
2505	1.240624e+02
2506	1.250593e+02
2507	1.259717e+02
2508	1.267901e+02
2509	1.274326e+02
2510	1.279435e+02
2511	1.282510e+02
2512	1.284290e+02
2513	1.284506e+02
2514	1.283123e+02
2515	1.280141e+02
2516	1.275702e+02
2517	1.271421e+02
2518	1.266828e+02
2519	1.261689e+02
2520	1.256118e+02
2521	1.249578e+02
2522	1.241283e+02
2523	1.233209e+02
2524	1.225413e+02
2525	1.216756e+02
2526	1.207956e+02
2527	1.199656e+02
2528	1.191219e+02
2529	1.182156e+02
2530	1.174378e+02
2531	1.167304e+02
2532	1.160358e+02
2533	1.153136e+02
2534	1.145180e+02
2535	1.137688e+02
2536	1.129104e+02
2537	1.120685e+02
2538	1.112698e+02
2539	1.105537e+02
2540	1.098933e+02
2541	1.091909e+02
2542	1.084640e+02
2543	1.077919e+02
2544	1.071618e+02
2545	1.065548e+02
2546	1.059776e+02
2547	1.054102e+02
2548	1.048741e+02
2549	1.043723e+02
2550	1.039026e+02
2551	1.034314e+02
2552	1.030249e+02
2553	1.026910e+02
2554	1.023492e+02
2555	1.020341e+02
2556	1.017839e+02
2557	1.015904e+02
2558	1.014142e+02
2559	1.011583e+02
2560	1.009997e+02
2561	1.008248e+02
2562	1.006383e+02
2563	1.004732e+02
2564	1.004268e+02
2565	1.003641e+02
2566	1.004643e+02
2567	1.006356e+02
2568	1.008813e+02
2569	1.011726e+02
2570	1.015446e+02
2571	1.019496e+02
2572	1.023396e+02
2573	1.029093e+02
2574	1.035634e+02
2575	1.043556e+02
2576	1.051798e+02
2577	1.061065e+02
2578	1.071626e+02
2579	1.082619e+02
2580	1.093331e+02
2581	1.103076e+02
2582	1.112862e+02
2583	1.122063e+02
2584	1.131697e+02
2585	1.141075e+02
2586	1.149976e+02
2587	1.158793e+02
2588	1.166210e+02
2589	1.173456e+02
2590	1.180967e+02
2591	1.187231e+02
2592	1.193547e+02
2593	1.199544e+02
2594	1.205568e+02
2595	1.211312e+02
2596	1.216015e+02
2597	1.220089e+02
2598	1.223503e+02
2599	1.225911e+02
2600	1.227392e+02
2601	1.228472e+02
2602	1.228771e+02
2603	1.228933e+02
2604	1.228587e+02
2605	1.227166e+02
2606	1.225428e+02
2607	1.222606e+02
2608	1.218625e+02
2609	1.214048e+02
2610	1.208928e+02
2611	1.203851e+02
2612	1.198008e+02
2613	1.191164e+02
2614	1.183733e+02
2615	1.175377e+02
2616	1.166873e+02
2617	1.158644e+02
2618	1.150382e+02
2619	1.141800e+02
2620	1.132358e+02
2621	1.121762e+02
2622	1.110714e+02
2623	1.099718e+02
2624	1.087680e+02
2625	1.076531e+02
2626	1.066912e+02
2627	1.057534e+02
2628	1.047493e+02
2629	1.038271e+02
2630	1.030064e+02
2631	1.022665e+02
2632	1.015910e+02
2633	1.010675e+02
2634	1.005957e+02
2635	1.002419e+02
2636	9.998776e+01
2637	9.980571e+01
2638	9.970332e+01
2639	9.969924e+01
2640	9.980225e+01
2641	9.999376e+01
2642	1.003384e+02
2643	1.007417e+02
2644	1.011956e+02
2645	1.016757e+02
2646	1.021925e+02
2647	1.027388e+02
2648	1.033165e+02
2649	1.039895e+02
2650	1.046613e+02
2651	1.053176e+02
2652	1.059812e+02
2653	1.066182e+02
2654	1.072918e+02
2655	1.079668e+02
2656	1.086414e+02
2657	1.092567e+02
2658	1.098363e+02
2659	1.104083e+02
2660	1.109154e+02
2661	1.114484e+02
2662	1.119875e+02
2663	1.124348e+02
2664	1.128473e+02
2665	1.132340e+02
2666	1.136365e+02
2667	1.139791e+02
2668	1.142600e+02
2669	1.144974e+02
2670	1.147109e+02
2671	1.149294e+02
2672	1.151309e+02
2673	1.153289e+02
2674	1.154717e+02
2675	1.156162e+02
2676	1.157498e+02
2677	1.158823e+02
2678	1.160256e+02
2679	1.161194e+02
2680	1.161055e+02
2681	1.160326e+02
2682	1.159669e+02
2683	1.158631e+02
2684	1.156479e+02
2685	1.154385e+02
2686	1.152789e+02
2687	1.151001e+02
2688	1.148869e+02
2689	1.145949e+02
2690	1.141966e+02
2691	1.138104e+02
2692	1.134540e+02
2693	1.131514e+02
2694	1.128040e+02
2695	1.124682e+02
2696	1.120937e+02
2697	1.117654e+02
2698	1.114917e+02
2699	1.112210e+02
2700	1.110133e+02
2701	1.108263e+02
2702	1.106611e+02
2703	1.105560e+02
2704	1.103993e+02
2705	1.101818e+02
2706	1.099032e+02
2707	1.095221e+02
2708	1.091603e+02
2709	1.087811e+02
2710	1.084150e+02
2711	1.079935e+02
2712	1.075719e+02
2713	1.071781e+02
2714	1.068152e+02
2715	1.064895e+02
2716	1.061938e+02
2717	1.059044e+02
2718	1.055859e+02
2719	1.053546e+02
2720	1.051568e+02
2721	1.050488e+02
2722	1.050160e+02
2723	1.050134e+02
2724	1.051056e+02
2725	1.052655e+02
2726	1.054573e+02
2727	1.056488e+02
2728	1.059109e+02
2729	1.061629e+02
2730	1.063021e+02
2731	1.065819e+02
2732	1.068228e+02
2733	1.069718e+02
2734	1.071439e+02
2735	1.073247e+02
2736	1.075195e+02
2737	1.076644e+02
2738	1.078214e+02
2739	1.079465e+02
2740	1.081225e+02
2741	1.083606e+02
2742	1.085650e+02
2743	1.087913e+02
2744	1.090743e+02
2745	1.093381e+02
2746	1.096381e+02
2747	1.099236e+02
2748	1.102361e+02
2749	1.105995e+02
2750	1.109059e+02
2751	1.112411e+02
2752	1.116011e+02
2753	1.118844e+02
2754	1.121200e+02
2755	1.123192e+02
2756	1.125232e+02
2757	1.127032e+02
2758	1.128698e+02
2759	1.130089e+02
2760	1.130705e+02
2761	1.130419e+02
2762	1.130298e+02
2763	1.129905e+02
2764	1.129127e+02
2765	1.127761e+02
2766	1.126488e+02
2767	1.125652e+02
2768	1.125427e+02
2769	1.125049e+02
2770	1.124689e+02
2771	1.124313e+02
2772	1.124174e+02
2773	1.124113e+02
2774	1.123129e+02
2775	1.122072e+02
2776	1.120125e+02
2777	1.116849e+02
2778	1.114384e+02
2779	1.111658e+02
2780	1.108570e+02
2781	1.106026e+02
2782	1.103211e+02
2783	1.100591e+02
2784	1.098047e+02
2785	1.095565e+02
2786	1.093903e+02
2787	1.092048e+02
2788	1.090770e+02
2789	1.089380e+02
2790	1.089035e+02
2791	1.088865e+02
2792	1.088926e+02
2793	1.089111e+02
2794	1.089429e+02
2795	1.089748e+02
2796	1.089584e+02
2797	1.089686e+02
2798	1.089891e+02
2799	1.090100e+02
2800	1.090619e+02
2801	1.091138e+02
2802	1.092134e+02
2803	1.093200e+02
2804	1.094602e+02
2805	1.094980e+02
2806	1.094792e+02
2807	1.094052e+02
2808	1.093040e+02
2809	1.092064e+02
2810	1.091191e+02
2811	1.090304e+02
2812	1.089340e+02
2813	1.088267e+02
2814	1.087756e+02
2815	1.087592e+02
2816	1.086931e+02
2817	1.086060e+02
2818	1.084688e+02
2819	1.083852e+02
2820	1.083209e+02
2821	1.082166e+02
2822	1.081324e+02
2823	1.080536e+02
2824	1.080460e+02
2825	1.080215e+02
2826	1.079981e+02
2827	1.079904e+02
2828	1.080051e+02
2829	1.080662e+02
2830	1.081181e+02
2831	1.082035e+02
2832	1.083211e+02
2833	1.085323e+02
2834	1.087755e+02
2835	1.090035e+02
2836	1.093147e+02
2837	1.095776e+02
2838	1.098285e+02
2839	1.099538e+02
2840	1.100594e+02
2841	1.101880e+02
2842	1.103609e+02
2843	1.105621e+02
2844	1.107075e+02
2845	1.107855e+02
2846	1.108184e+02
2847	1.108670e+02
2848	1.109175e+02
2849	1.109041e+02
2850	1.109516e+02
2851	1.109689e+02
2852	1.110371e+02
2853	1.111676e+02
2854	1.112529e+02
2855	1.113748e+02
2856	1.114560e+02
2857	1.115083e+02
2858	1.115994e+02
2859	1.117831e+02
2860	1.120047e+02
2861	1.122199e+02
2862	1.123896e+02
2863	1.125536e+02
2864	1.127642e+02
2865	1.129827e+02
2866	1.132205e+02
2867	1.133904e+02
2868	1.135972e+02
2869	1.137650e+02
2870	1.139111e+02
2871	1.140938e+02
2872	1.141758e+02
2873	1.142852e+02
2874	1.144222e+02
2875	1.144723e+02
2876	1.144359e+02
2877	1.143657e+02
2878	1.142542e+02
2879	1.141674e+02
2880	1.140117e+02
2881	1.138044e+02
2882	1.136596e+02
2883	1.135249e+02
2884	1.133611e+02
2885	1.131380e+02
2886	1.128778e+02
2887	1.125939e+02
2888	1.123061e+02
2889	1.119838e+02
2890	1.116491e+02
2891	1.113123e+02
2892	1.110183e+02
2893	1.107361e+02
2894	1.103918e+02
2895	1.100131e+02
2896	1.096688e+02
2897	1.093026e+02
2898	1.089376e+02
2899	1.086123e+02
2900	1.082389e+02
2901	1.078534e+02
2902	1.073991e+02
2903	1.068927e+02
2904	1.064064e+02
2905	1.059346e+02
2906	1.054974e+02
2907	1.050383e+02
2908	1.045895e+02
2909	1.042073e+02
2910	1.037944e+02
2911	1.033280e+02
2912	1.028964e+02
2913	1.025014e+02
2914	1.021486e+02
2915	1.018075e+02
2916	1.015712e+02
2917	1.013940e+02
2918	1.011961e+02
2919	1.010357e+02
2920	1.009004e+02
2921	1.008433e+02
2922	1.007692e+02
2923	1.007108e+02
2924	1.008012e+02
2925	1.009249e+02
2926	1.010122e+02
2927	1.010755e+02
2928	1.011418e+02
2929	1.011524e+02
2930	1.012499e+02
2931	1.013514e+02
2932	1.014893e+02
2933	1.016745e+02
2934	1.019052e+02
2935	1.021187e+02
2936	1.023667e+02
2937	1.026135e+02
2938	1.029130e+02
2939	1.032670e+02
2940	1.036447e+02
2941	1.040208e+02
2942	1.045386e+02
2943	1.050532e+02
2944	1.056575e+02
2945	1.062364e+02
2946	1.069029e+02
2947	1.076125e+02
2948	1.082441e+02
2949	1.088284e+02
2950	1.094303e+02
2951	1.100637e+02
2952	1.106924e+02
2953	1.112445e+02
2954	1.118490e+02
2955	1.124131e+02
2956	1.129415e+02
2957	1.133185e+02
2958	1.137182e+02
2959	1.140875e+02
2960	1.144747e+02
2961	1.148426e+02
2962	1.151857e+02
2963	1.155489e+02
2964	1.158751e+02
2965	1.160791e+02
2966	1.162438e+02
2967	1.163399e+02
2968	1.163472e+02
2969	1.162782e+02
2970	1.162539e+02
2971	1.162419e+02
2972	1.162560e+02
2973	1.162028e+02
2974	1.160222e+02
2975	1.157666e+02
2976	1.154677e+02
2977	1.150813e+02
2978	1.146177e+02
2979	1.141274e+02
2980	1.137054e+02
2981	1.132356e+02
2982	1.127692e+02
2983	1.122635e+02
2984	1.117569e+02
2985	1.112232e+02
2986	1.106191e+02
2987	1.099390e+02
2988	1.091852e+02
2989	1.083860e+02
2990	1.075978e+02
2991	1.068547e+02
2992	1.061105e+02
2993	1.054067e+02
2994	1.047154e+02
2995	1.041591e+02
2996	1.036433e+02
2997	1.032203e+02
2998	1.028631e+02
2999	1.026464e+02
3000	1.025563e+02
3001	1.025870e+02
3002	1.026875e+02
3003	1.028657e+02
3004	1.031063e+02
3005	1.033714e+02
3006	1.037160e+02
3007	1.041293e+02
3008	1.046246e+02
3009	1.051757e+02
3010	1.058475e+02
3011	1.066459e+02
3012	1.074933e+02
3013	1.083055e+02
3014	1.092543e+02
3015	1.102172e+02
3016	1.111750e+02
3017	1.120844e+02
3018	1.130144e+02
3019	1.139510e+02
3020	1.149795e+02
3021	1.160043e+02
3022	1.170694e+02
3023	1.181557e+02
3024	1.192660e+02
3025	1.203413e+02
3026	1.212853e+02
3027	1.221295e+02
3028	1.228244e+02
3029	1.234508e+02
3030	1.239617e+02
3031	1.244272e+02
3032	1.247724e+02
3033	1.251184e+02
3034	1.253368e+02
3035	1.254528e+02
3036	1.254939e+02
3037	1.254134e+02
3038	1.253110e+02
3039	1.251206e+02
3040	1.249119e+02
3041	1.247385e+02
3042	1.244819e+02
3043	1.241878e+02
3044	1.239059e+02
3045	1.235605e+02
3046	1.231445e+02
3047	1.226263e+02
3048	1.220471e+02
3049	1.213165e+02
3050	1.205304e+02
3051	1.196778e+02
3052	1.187329e+02
3053	1.176673e+02
3054	1.165129e+02
3055	1.153324e+02
3056	1.140440e+02
3057	1.127166e+02
3058	1.114098e+02
3059	1.101996e+02
3060	1.090432e+02
3061	1.079613e+02
3062	1.069902e+02
3063	1.060784e+02
3064	1.052005e+02
3065	1.043058e+02
3066	1.034045e+02
3067	1.025047e+02
3068	1.015810e+02
3069	1.007074e+02
3070	9.989508e+01
3071	9.910285e+01
3072	9.830607e+01
3073	9.752912e+01
3074	9.679208e+01
3075	9.611894e+01
3076	9.551382e+01
3077	9.492506e+01
3078	9.442744e+01
3079	9.407462e+01
3080	9.372872e+01
3081	9.344583e+01
3082	9.334046e+01
3083	9.330516e+01
3084	9.338487e+01
3085	9.356153e+01
3086	9.384961e+01
3087	9.424315e+01
3088	9.471791e+01
3089	9.527692e+01
3090	9.591463e+01
3091	9.658309e+01
3092	9.738570e+01
3093	9.827489e+01
3094	9.922762e+01
3095	1.002322e+02
3096	1.012520e+02
3097	1.024181e+02
3098	1.036594e+02
3099	1.050091e+02
3100	1.063624e+02
3101	1.077158e+02
3102	1.090243e+02
3103	1.102995e+02
3104	1.114346e+02
3105	1.124609e+02
3106	1.133843e+02
3107	1.142595e+02
3108	1.150710e+02
3109	1.157805e+02
3110	1.164124e+02
3111	1.169847e+02
3112	1.174420e+02
3113	1.178727e+02
3114	1.182632e+02
3115	1.186503e+02
3116	1.189282e+02
3117	1.191097e+02
3118	1.192220e+02
3119	1.192553e+02
3120	1.191972e+02
3121	1.191069e+02
3122	1.190247e+02
3123	1.187733e+02
3124	1.184530e+02
3125	1.181411e+02
3126	1.177126e+02
3127	1.172303e+02
3128	1.167962e+02
3129	1.162941e+02
3130	1.158244e+02
3131	1.154382e+02
3132	1.151140e+02
3133	1.147975e+02
3134	1.144426e+02
3135	1.140758e+02
3136	1.136385e+02
3137	1.132343e+02
3138	1.128295e+02
3139	1.124683e+02
3140	1.121535e+02
3141	1.118069e+02
3142	1.114247e+02
3143	1.109716e+02
3144	1.105255e+02
3145	1.099540e+02
3146	1.092521e+02
3147	1.085233e+02
3148	1.078539e+02
3149	1.071788e+02
3150	1.064959e+02
3151	1.058811e+02
3152	1.053169e+02
3153	1.048705e+02
3154	1.045487e+02
3155	1.043036e+02
3156	1.040118e+02
3157	1.037982e+02
3158	1.036966e+02
3159	1.036744e+02
3160	1.036637e+02
3161	1.037321e+02
3162	1.037967e+02
3163	1.038926e+02
3164	1.040087e+02
3165	1.040981e+02
3166	1.043320e+02
3167	1.045878e+02
3168	1.047597e+02
3169	1.048385e+02
3170	1.049022e+02
3171	1.050419e+02
3172	1.051406e+02
3173	1.052600e+02
3174	1.053890e+02
3175	1.055916e+02
3176	1.058150e+02
3177	1.060882e+02
3178	1.064601e+02
3179	1.067660e+02
3180	1.071174e+02
3181	1.074021e+02
3182	1.077718e+02
3183	1.081325e+02
3184	1.084853e+02
3185	1.088470e+02
3186	1.091812e+02
3187	1.094863e+02
3188	1.097954e+02
3189	1.101225e+02
3190	1.104622e+02
3191	1.108129e+02
3192	1.110418e+02
3193	1.112652e+02
3194	1.114968e+02
3195	1.117303e+02
3196	1.119542e+02
3197	1.121232e+02
3198	1.123247e+02
3199	1.125052e+02
3200	1.126985e+02
3201	1.129593e+02
3202	1.131554e+02
3203	1.133906e+02
3204	1.137045e+02
3205	1.140181e+02
3206	1.143692e+02
3207	1.146915e+02
3208	1.149426e+02
3209	1.151870e+02
3210	1.153364e+02
3211	1.154858e+02
3212	1.156185e+02
3213	1.157289e+02
3214	1.158001e+02
3215	1.158381e+02
3216	1.158142e+02
3217	1.157377e+02
3218	1.156186e+02
3219	1.154929e+02
3220	1.153648e+02
3221	1.152391e+02
3222	1.151104e+02
3223	1.149219e+02
3224	1.146764e+02
3225	1.144050e+02
3226	1.140984e+02
3227	1.138451e+02
3228	1.135109e+02
3229	1.131596e+02
3230	1.127808e+02
3231	1.124520e+02
3232	1.120298e+02
3233	1.115721e+02
3234	1.110722e+02
3235	1.105192e+02
3236	1.099329e+02
3237	1.093412e+02
3238	1.087734e+02
3239	1.082201e+02
3240	1.076515e+02
3241	1.071316e+02
3242	1.067183e+02
3243	1.063628e+02
3244	1.060468e+02
3245	1.058362e+02
3246	1.056489e+02
3247	1.054699e+02
3248	1.053514e+02
3249	1.052602e+02
3250	1.052667e+02
3251	1.053049e+02
3252	1.054309e+02
3253	1.055899e+02
3254	1.057256e+02
3255	1.058901e+02
3256	1.061728e+02
3257	1.064134e+02
3258	1.067480e+02
3259	1.071315e+02
3260	1.074610e+02
3261	1.078319e+02
3262	1.082457e+02
3263	1.087268e+02
3264	1.091925e+02
3265	1.096160e+02
3266	1.099640e+02
3267	1.103308e+02
3268	1.107066e+02
3269	1.110864e+02
3270	1.115252e+02
3271	1.118825e+02
3272	1.122557e+02
3273	1.126165e+02
3274	1.129384e+02
3275	1.132740e+02
3276	1.134863e+02
3277	1.136380e+02
3278	1.137923e+02
3279	1.139921e+02
3280	1.140768e+02
3281	1.140754e+02
3282	1.140291e+02
3283	1.139980e+02
3284	1.139756e+02
3285	1.138203e+02
3286	1.136123e+02
3287	1.133674e+02
3288	1.131061e+02
3289	1.128664e+02
3290	1.127213e+02
3291	1.126316e+02
3292	1.125010e+02
3293	1.123724e+02
3294	1.122224e+02
3295	1.120723e+02
3296	1.120434e+02
3297	1.120158e+02
3298	1.119555e+02
3299	1.117493e+02
3300	1.115230e+02
3301	1.112532e+02
3302	1.109630e+02
3303	1.106291e+02
3304	1.102527e+02
3305	1.098406e+02
3306	1.093941e+02
3307	1.090092e+02
3308	1.087258e+02
3309	1.084740e+02
3310	1.082204e+02
3311	1.080652e+02
3312	1.080368e+02
3313	1.081158e+02
3314	1.082492e+02
3315	1.084378e+02
3316	1.086885e+02
3317	1.089894e+02
3318	1.093657e+02
3319	1.097621e+02
3320	1.102012e+02
3321	1.106576e+02
3322	1.110191e+02
3323	1.113253e+02
3324	1.115850e+02
3325	1.118412e+02
3326	1.121651e+02
3327	1.125045e+02
3328	1.128560e+02
3329	1.132315e+02
3330	1.135955e+02
3331	1.138734e+02
3332	1.141507e+02
3333	1.143967e+02
3334	1.146720e+02
3335	1.149054e+02
3336	1.150869e+02
3337	1.152226e+02
3338	1.153024e+02
3339	1.153221e+02
3340	1.152915e+02
3341	1.152382e+02
3342	1.151117e+02
3343	1.149689e+02
3344	1.147205e+02
3345	1.144400e+02
3346	1.141799e+02
3347	1.138862e+02
3348	1.135007e+02
3349	1.130995e+02
3350	1.126904e+02
3351	1.122820e+02
3352	1.118397e+02
3353	1.114725e+02
3354	1.110734e+02
3355	1.106043e+02
3356	1.101499e+02
3357	1.097087e+02
3358	1.092720e+02
3359	1.088345e+02
3360	1.084055e+02
3361	1.080537e+02
3362	1.077421e+02
3363	1.074939e+02
3364	1.073156e+02
3365	1.072105e+02
3366	1.070935e+02
3367	1.070242e+02
3368	1.069783e+02
3369	1.069905e+02
3370	1.069432e+02
3371	1.068898e+02
3372	1.069949e+02
3373	1.071750e+02
3374	1.074632e+02
3375	1.078339e+02
3376	1.082619e+02
3377	1.087375e+02
3378	1.091999e+02
3379	1.096757e+02
3380	1.101736e+02
3381	1.106730e+02
3382	1.111033e+02
3383	1.114897e+02
3384	1.118398e+02
3385	1.121193e+02
3386	1.123278e+02
3387	1.124757e+02
3388	1.125661e+02
3389	1.126558e+02
3390	1.126382e+02
3391	1.125307e+02
3392	1.123777e+02
3393	1.121499e+02
3394	1.119073e+02
3395	1.115696e+02
3396	1.111732e+02
3397	1.107767e+02
3398	1.103119e+02
3399	1.098463e+02
3400	1.093829e+02
3401	1.088729e+02
3402	1.084369e+02
3403	1.080319e+02
3404	1.076824e+02
3405	1.073185e+02
3406	1.070262e+02
3407	1.068325e+02
3408	1.066683e+02
3409	1.064523e+02
3410	1.062913e+02
3411	1.061458e+02
3412	1.059821e+02
3413	1.058008e+02
3414	1.056382e+02
3415	1.055787e+02
3416	1.056548e+02
3417	1.057146e+02
3418	1.058305e+02
3419	1.059845e+02
3420	1.062049e+02
3421	1.064948e+02
3422	1.068934e+02
3423	1.072627e+02
3424	1.077016e+02
3425	1.081667e+02
3426	1.087081e+02
3427	1.092386e+02
3428	1.097646e+02
3429	1.103641e+02
3430	1.109735e+02
3431	1.115553e+02
3432	1.121838e+02
3433	1.127396e+02
3434	1.132468e+02
3435	1.136972e+02
3436	1.140397e+02
3437	1.143610e+02
3438	1.146003e+02
3439	1.147014e+02
3440	1.148005e+02
3441	1.148240e+02
3442	1.147901e+02
3443	1.146874e+02
3444	1.145203e+02
3445	1.142714e+02
3446	1.140141e+02
3447	1.136803e+02
3448	1.133223e+02
3449	1.128726e+02
3450	1.123840e+02
3451	1.119401e+02
3452	1.114116e+02
3453	1.109284e+02
3454	1.104310e+02
3455	1.099016e+02
3456	1.093142e+02
3457	1.087374e+02
3458	1.081539e+02
3459	1.075934e+02
3460	1.070017e+02
3461	1.063426e+02
3462	1.057297e+02
3463	1.050573e+02
3464	1.043582e+02
3465	1.037432e+02
3466	1.032691e+02
3467	1.029048e+02
3468	1.025390e+02
3469	1.022421e+02
3470	1.020231e+02
3471	1.019440e+02
3472	1.020212e+02
3473	1.021220e+02
3474	1.023015e+02
3475	1.025627e+02
3476	1.029149e+02
3477	1.033057e+02
3478	1.037212e+02
3479	1.041128e+02
3480	1.045372e+02
3481	1.049925e+02
3482	1.055044e+02
3483	1.059860e+02
3484	1.065478e+02
3485	1.070936e+02
3486	1.076463e+02
3487	1.082247e+02
3488	1.088209e+02
3489	1.094338e+02
3490	1.100080e+02
3491	1.105668e+02
3492	1.111368e+02
3493	1.116160e+02
3494	1.120256e+02
3495	1.124425e+02
3496	1.128425e+02
3497	1.131554e+02
3498	1.134073e+02
3499	1.135966e+02
3500	1.136977e+02
3501	1.137293e+02
3502	1.137158e+02
3503	1.135700e+02
3504	1.133507e+02
3505	1.130417e+02
3506	1.126690e+02
3507	1.121844e+02
3508	1.115980e+02
3509	1.110746e+02
3510	1.105362e+02
3511	1.099520e+02
3512	1.093989e+02
3513	1.088689e+02
3514	1.083525e+02
3515	1.078695e+02
3516	1.074446e+02
3517	1.070903e+02
3518	1.068354e+02
3519	1.066523e+02
3520	1.064729e+02
3521	1.063422e+02
3522	1.063295e+02
3523	1.063461e+02
3524	1.063523e+02
3525	1.063953e+02
3526	1.064493e+02
3527	1.066130e+02
3528	1.068515e+02
3529	1.070838e+02
3530	1.073446e+02
3531	1.075870e+02
3532	1.078644e+02
3533	1.081173e+02
3534	1.083727e+02
3535	1.087183e+02
3536	1.090627e+02
3537	1.094446e+02
3538	1.097761e+02
3539	1.100475e+02
3540	1.103201e+02
3541	1.105454e+02
3542	1.107597e+02
3543	1.110101e+02
3544	1.111616e+02
3545	1.112122e+02
3546	1.111562e+02
3547	1.110113e+02
3548	1.107749e+02
3549	1.105789e+02
3550	1.103374e+02
3551	1.101556e+02
3552	1.100034e+02
3553	1.098654e+02
3554	1.097113e+02
3555	1.095875e+02
3556	1.094697e+02
3557	1.094511e+02
3558	1.095319e+02
3559	1.096944e+02
3560	1.099125e+02
3561	1.100954e+02
3562	1.102826e+02
3563	1.105282e+02
3564	1.108885e+02
3565	1.112764e+02
3566	1.116955e+02
3567	1.121754e+02
3568	1.126488e+02
3569	1.131577e+02
3570	1.136273e+02
3571	1.140845e+02
3572	1.145316e+02
3573	1.149987e+02
3574	1.153487e+02
3575	1.156885e+02
3576	1.159887e+02
3577	1.162691e+02
3578	1.164602e+02
3579	1.165582e+02
3580	1.165092e+02
3581	1.163896e+02
3582	1.162344e+02
3583	1.159548e+02
3584	1.156140e+02
3585	1.151972e+02
3586	1.147755e+02
3587	1.143164e+02
3588	1.137943e+02
3589	1.132140e+02
3590	1.126903e+02
3591	1.120993e+02
3592	1.115947e+02
3593	1.111102e+02
3594	1.107151e+02
3595	1.103272e+02
3596	1.099979e+02
3597	1.096668e+02
3598	1.093341e+02
3599	1.090161e+02
3600	1.087496e+02
3601	1.085175e+02
3602	1.082525e+02
3603	1.079954e+02
3604	1.077435e+02
3605	1.075772e+02
3606	1.074556e+02
3607	1.074221e+02
3608	1.074031e+02
3609	1.074025e+02
3610	1.074569e+02
3611	1.075525e+02
3612	1.076097e+02
3613	1.076511e+02
3614	1.077096e+02
3615	1.078528e+02
3616	1.080041e+02
3617	1.080698e+02
3618	1.082143e+02
3619	1.083235e+02
3620	1.083890e+02
3621	1.085177e+02
3622	1.086387e+02
3623	1.086718e+02
3624	1.086672e+02
3625	1.086533e+02
3626	1.085579e+02
3627	1.084748e+02
3628	1.084223e+02
3629	1.084147e+02
3630	1.083166e+02
3631	1.082370e+02
3632	1.081306e+02
3633	1.080338e+02
3634	1.078984e+02
3635	1.078104e+02
3636	1.077701e+02
3637	1.077021e+02
3638	1.075923e+02
3639	1.075393e+02
3640	1.075119e+02
3641	1.075489e+02
3642	1.076622e+02
3643	1.078942e+02
3644	1.081549e+02
3645	1.084796e+02
3646	1.088434e+02
3647	1.092547e+02
3648	1.097265e+02
3649	1.101491e+02
3650	1.105973e+02
3651	1.111272e+02
3652	1.116745e+02
3653	1.122640e+02
3654	1.128386e+02
3655	1.134537e+02
3656	1.140602e+02
3657	1.146460e+02
3658	1.152434e+02
3659	1.157506e+02
3660	1.162753e+02
3661	1.168180e+02
3662	1.174119e+02
3663	1.180116e+02
3664	1.186022e+02
3665	1.191307e+02
3666	1.196850e+02
3667	1.202228e+02
3668	1.207692e+02
3669	1.212995e+02
3670	1.217517e+02
3671	1.221804e+02
3672	1.226056e+02
3673	1.230541e+02
3674	1.234879e+02
3675	1.239583e+02
3676	1.244077e+02
3677	1.247726e+02
3678	1.249846e+02
3679	1.251307e+02
3680	1.251837e+02
3681	1.251252e+02
3682	1.249595e+02
3683	1.246660e+02
3684	1.242762e+02
3685	1.239075e+02
3686	1.234989e+02
3687	1.229502e+02
3688	1.223487e+02
3689	1.216548e+02
3690	1.209148e+02
3691	1.201519e+02
3692	1.193492e+02
3693	1.184898e+02
3694	1.175653e+02
3695	1.165598e+02
3696	1.155089e+02
3697	1.144680e+02
3698	1.134743e+02
3699	1.123995e+02
3700	1.113874e+02
3701	1.103653e+02
3702	1.093138e+02
3703	1.083908e+02
3704	1.074383e+02
3705	1.065345e+02
3706	1.057235e+02
3707	1.049707e+02
3708	1.042678e+02
3709	1.036473e+02
3710	1.031014e+02
3711	1.026072e+02
3712	1.021278e+02
3713	1.017966e+02
3714	1.015884e+02
3715	1.014374e+02
3716	1.013587e+02
3717	1.014390e+02
3718	1.017001e+02
3719	1.020551e+02
3720	1.024955e+02
3721	1.029758e+02
3722	1.035007e+02
3723	1.039996e+02
3724	1.044834e+02
3725	1.050043e+02
3726	1.055353e+02
3727	1.059999e+02
3728	1.064360e+02
3729	1.068308e+02
3730	1.071860e+02
3731	1.075395e+02
3732	1.078466e+02
3733	1.081900e+02
3734	1.085151e+02
3735	1.088245e+02
3736	1.091389e+02
3737	1.094238e+02
3738	1.096218e+02
3739	1.097875e+02
3740	1.099482e+02
3741	1.100053e+02
3742	1.100772e+02
3743	1.101300e+02
3744	1.101301e+02
3745	1.101329e+02
3746	1.101413e+02
3747	1.101114e+02
3748	1.101270e+02
3749	1.101004e+02
3750	1.101376e+02
3751	1.101615e+02
3752	1.102368e+02
3753	1.104081e+02
3754	1.105018e+02
3755	1.105399e+02
3756	1.106002e+02
3757	1.107078e+02
3758	1.108583e+02
3759	1.110816e+02
3760	1.113253e+02
3761	1.115626e+02
3762	1.119180e+02
3763	1.123648e+02
3764	1.127857e+02
3765	1.132491e+02
3766	1.136319e+02
3767	1.139976e+02
3768	1.142959e+02
3769	1.145569e+02
3770	1.146387e+02
3771	1.146201e+02
3772	1.145334e+02
3773	1.143172e+02
3774	1.140640e+02
3775	1.137520e+02
3776	1.134271e+02
3777	1.130362e+02
3778	1.125896e+02
3779	1.120861e+02
3780	1.114889e+02
3781	1.109160e+02
3782	1.102572e+02
3783	1.095286e+02
3784	1.087331e+02
3785	1.079609e+02
3786	1.071755e+02
3787	1.063962e+02
3788	1.056880e+02
3789	1.050083e+02
3790	1.042716e+02
3791	1.035787e+02
3792	1.029306e+02
3793	1.023065e+02
3794	1.016452e+02
3795	1.009341e+02
3796	1.002687e+02
3797	9.969339e+01
3798	9.913077e+01
3799	9.856773e+01
3800	9.809293e+01
3801	9.762112e+01
3802	9.727133e+01
3803	9.696918e+01
3804	9.674729e+01
3805	9.662690e+01
3806	9.651747e+01
3807	9.643590e+01
3808	9.645620e+01
3809	9.654455e+01
3810	9.666915e+01
3811	9.686691e+01
3812	9.714975e+01
3813	9.751113e+01
3814	9.789788e+01
3815	9.836689e+01
3816	9.891353e+01
3817	9.950544e+01
3818	1.001786e+02
3819	1.008422e+02
3820	1.015554e+02
3821	1.022606e+02
3822	1.030697e+02
3823	1.039374e+02
3824	1.047970e+02
3825	1.056875e+02
3826	1.065819e+02
3827	1.074868e+02
3828	1.083355e+02
3829	1.092305e+02
3830	1.102129e+02
3831	1.111284e+02
3832	1.120429e+02
3833	1.130016e+02
3834	1.138766e+02
3835	1.146513e+02
3836	1.153399e+02
3837	1.159049e+02
3838	1.165295e+02
3839	1.170564e+02
3840	1.175764e+02
3841	1.180546e+02
3842	1.184780e+02
3843	1.188263e+02
3844	1.190873e+02
3845	1.192896e+02
3846	1.194517e+02
3847	1.194813e+02
3848	1.193888e+02
3849	1.192651e+02
3850	1.190054e+02
3851	1.188005e+02
3852	1.185902e+02
3853	1.182850e+02
3854	1.178926e+02
3855	1.174994e+02
3856	1.170396e+02
3857	1.165558e+02
3858	1.160031e+02
3859	1.154857e+02
3860	1.149275e+02
3861	1.143720e+02
3862	1.138274e+02
3863	1.132251e+02
3864	1.126098e+02
3865	1.119712e+02
3866	1.112822e+02
3867	1.106169e+02
3868	1.099016e+02
3869	1.091535e+02
3870	1.083422e+02
3871	1.075455e+02
3872	1.067728e+02
3873	1.059814e+02
3874	1.052114e+02
3875	1.045834e+02
3876	1.039508e+02
3877	1.033272e+02
3878	1.027068e+02
3879	1.021106e+02
3880	1.015930e+02
3881	1.010916e+02
3882	1.006507e+02
3883	1.002805e+02
3884	9.991859e+01
3885	9.964706e+01
3886	9.950511e+01
3887	9.936504e+01
3888	9.927407e+01
3889	9.915329e+01
3890	9.898687e+01
3891	9.882097e+01
3892	9.868069e+01
3893	9.864435e+01
3894	9.862563e+01
3895	9.862150e+01
3896	9.867309e+01
3897	9.874339e+01
3898	9.885018e+01
3899	9.890617e+01
3900	9.899519e+01
3901	9.900424e+01
3902	9.897143e+01
3903	9.897952e+01
3904	9.900659e+01
3905	9.907423e+01
3906	9.906967e+01
3907	9.912957e+01
3908	9.921634e+01
3909	9.932378e+01
3910	9.946156e+01
3911	9.962588e+01
3912	9.975798e+01
3913	9.988240e+01
3914	9.996134e+01
3915	1.002473e+02
3916	1.005382e+02
3917	1.008815e+02
3918	1.012946e+02
3919	1.017591e+02
3920	1.022408e+02
3921	1.027653e+02
3922	1.033466e+02
3923	1.040322e+02
3924	1.047393e+02
3925	1.055239e+02
3926	1.062768e+02
3927	1.069606e+02
3928	1.076194e+02
3929	1.082632e+02
3930	1.089957e+02
3931	1.097661e+02
3932	1.105260e+02
3933	1.113367e+02
3934	1.121816e+02
3935	1.130310e+02
3936	1.138018e+02
3937	1.145536e+02
3938	1.152092e+02
3939	1.157311e+02
3940	1.161978e+02
3941	1.165043e+02
3942	1.167319e+02
3943	1.168476e+02
3944	1.168737e+02
3945	1.167843e+02
3946	1.165511e+02
3947	1.163299e+02
3948	1.160625e+02
3949	1.157743e+02
3950	1.154340e+02
3951	1.149995e+02
3952	1.145037e+02
3953	1.139380e+02
3954	1.132988e+02
3955	1.125175e+02
3956	1.116769e+02
3957	1.107964e+02
3958	1.098772e+02
3959	1.089611e+02
3960	1.080755e+02
3961	1.072156e+02
3962	1.063937e+02
3963	1.056063e+02
3964	1.048278e+02
3965	1.041647e+02
3966	1.036515e+02
3967	1.031676e+02
3968	1.027225e+02
3969	1.023506e+02
3970	1.020093e+02
3971	1.018032e+02
3972	1.016715e+02
3973	1.015581e+02
3974	1.015087e+02
3975	1.015642e+02
3976	1.016474e+02
3977	1.017831e+02
3978	1.020002e+02
3979	1.022381e+02
3980	1.025464e+02
3981	1.029191e+02
3982	1.033350e+02
3983	1.038378e+02
3984	1.043529e+02
3985	1.048702e+02
3986	1.054328e+02
3987	1.059696e+02
3988	1.064986e+02
3989	1.070523e+02
3990	1.076436e+02
3991	1.082583e+02
3992	1.088097e+02
3993	1.094170e+02
3994	1.101070e+02
3995	1.107717e+02
3996	1.114633e+02
3997	1.121705e+02
3998	1.129291e+02
3999	1.135677e+02
4000	1.140994e+02
4001	1.145412e+02
4002	1.148368e+02
4003	1.151082e+02
4004	1.153668e+02
4005	1.155477e+02
4006	1.156141e+02
4007	1.156473e+02
4008	1.156017e+02
4009	1.154825e+02
4010	1.152942e+02
4011	1.150597e+02
4012	1.148003e+02
4013	1.145320e+02
4014	1.142967e+02
4015	1.140337e+02
4016	1.138391e+02
4017	1.136359e+02
4018	1.133957e+02
4019	1.130926e+02
4020	1.128608e+02
4021	1.126681e+02
4022	1.124967e+02
4023	1.123362e+02
4024	1.121664e+02
4025	1.119370e+02
4026	1.117303e+02
4027	1.115787e+02
4028	1.114969e+02
4029	1.114205e+02
4030	1.113062e+02
4031	1.111635e+02
4032	1.111028e+02
4033	1.111298e+02
4034	1.112174e+02
4035	1.112551e+02
4036	1.113283e+02
4037	1.114006e+02
4038	1.115717e+02
4039	1.118305e+02
4040	1.120980e+02
4041	1.123917e+02
4042	1.126825e+02
4043	1.129189e+02
4044	1.130777e+02
4045	1.132628e+02
4046	1.134630e+02
4047	1.137200e+02
4048	1.139860e+02
4049	1.142432e+02
4050	1.144384e+02
4051	1.145710e+02
4052	1.147558e+02
4053	1.149004e+02
4054	1.149423e+02
4055	1.149765e+02
4056	1.148901e+02
4057	1.147150e+02
4058	1.145940e+02
4059	1.144661e+02
4060	1.142879e+02
4061	1.140540e+02
4062	1.137556e+02
4063	1.133990e+02
4064	1.131441e+02
4065	1.128639e+02
4066	1.124820e+02
4067	1.120627e+02
4068	1.116109e+02
4069	1.111533e+02
4070	1.107839e+02
4071	1.104308e+02
4072	1.101576e+02
4073	1.098513e+02
4074	1.095916e+02
4075	1.093109e+02
4076	1.089822e+02
4077	1.087326e+02
4078	1.085168e+02
4079	1.083931e+02
4080	1.083542e+02
4081	1.083368e+02
4082	1.083424e+02
4083	1.084414e+02
4084	1.085577e+02
4085	1.087089e+02
4086	1.088677e+02
4087	1.090709e+02
4088	1.092254e+02
4089	1.094669e+02
4090	1.097872e+02
4091	1.100394e+02
4092	1.102896e+02
4093	1.105556e+02
4094	1.108540e+02
4095	1.112200e+02
4096	1.115811e+02
4097	1.119477e+02
4098	1.124261e+02
4099	1.129020e+02
4100	1.133412e+02
4101	1.137752e+02
4102	1.141710e+02
4103	1.144579e+02
4104	1.147053e+02
4105	1.148960e+02
4106	1.150155e+02
4107	1.151034e+02
4108	1.152275e+02
4109	1.153341e+02
4110	1.154118e+02
4111	1.155004e+02
4112	1.156185e+02
4113	1.157309e+02
4114	1.159457e+02
4115	1.162539e+02
4116	1.164953e+02
4117	1.166652e+02
4118	1.168367e+02
4119	1.169385e+02
4120	1.169487e+02
4121	1.169300e+02
4122	1.168230e+02
4123	1.165300e+02
4124	1.161996e+02
4125	1.158700e+02
4126	1.154631e+02
4127	1.150424e+02
4128	1.145923e+02
4129	1.140820e+02
4130	1.135398e+02
4131	1.129432e+02
4132	1.123479e+02
4133	1.118045e+02
4134	1.113047e+02
4135	1.108261e+02
4136	1.103297e+02
4137	1.098119e+02
4138	1.093469e+02
4139	1.088936e+02
4140	1.084408e+02
4141	1.080166e+02
4142	1.076387e+02
4143	1.073100e+02
4144	1.069619e+02
4145	1.066580e+02
4146	1.064418e+02
4147	1.062891e+02
4148	1.062118e+02
4149	1.061730e+02
4150	1.062173e+02
4151	1.063480e+02
4152	1.064948e+02
4153	1.066384e+02
4154	1.067813e+02
4155	1.069692e+02
4156	1.072575e+02
4157	1.075353e+02
4158	1.078810e+02
4159	1.082443e+02
4160	1.086736e+02
4161	1.090499e+02
4162	1.094180e+02
4163	1.098083e+02
4164	1.101706e+02
4165	1.103864e+02
4166	1.105256e+02
4167	1.105578e+02
4168	1.106018e+02
4169	1.106159e+02
4170	1.105305e+02
4171	1.103985e+02
4172	1.102240e+02
4173	1.099995e+02
4174	1.097547e+02
4175	1.094674e+02
4176	1.091444e+02
4177	1.087235e+02
4178	1.083814e+02
4179	1.079354e+02
4180	1.075478e+02
4181	1.070900e+02
4182	1.065839e+02
4183	1.061512e+02
4184	1.057441e+02
4185	1.053177e+02
4186	1.049041e+02
4187	1.045264e+02
4188	1.041793e+02
4189	1.039218e+02
4190	1.037163e+02
4191	1.035150e+02
4192	1.034053e+02
4193	1.034263e+02
4194	1.035156e+02
4195	1.037206e+02
4196	1.040563e+02
4197	1.045053e+02
4198	1.050540e+02
4199	1.056645e+02
4200	1.063752e+02
4201	1.072092e+02
4202	1.081333e+02
4203	1.090824e+02
4204	1.101604e+02
4205	1.113900e+02
4206	1.127072e+02
4207	1.140549e+02
4208	1.153582e+02
4209	1.167171e+02
4210	1.180628e+02
4211	1.193412e+02
4212	1.205362e+02
4213	1.216074e+02
4214	1.225085e+02
4215	1.232935e+02
4216	1.240367e+02
4217	1.246274e+02
4218	1.251200e+02
4219	1.254191e+02
4220	1.256175e+02
4221	1.257536e+02
4222	1.257764e+02
4223	1.256128e+02
4224	1.253148e+02
4225	1.248367e+02
4226	1.241381e+02
4227	1.233135e+02
4228	1.223613e+02
4229	1.212256e+02
4230	1.199879e+02
4231	1.187217e+02
4232	1.173791e+02
4233	1.159686e+02
4234	1.145475e+02
4235	1.130702e+02
4236	1.115365e+02
4237	1.100910e+02
4238	1.087608e+02
4239	1.076457e+02
4240	1.065380e+02
4241	1.054688e+02
4242	1.044854e+02
4243	1.036666e+02
4244	1.029023e+02
4245	1.022790e+02
4246	1.018045e+02
4247	1.013405e+02
4248	1.010439e+02
4249	1.009137e+02
4250	1.007963e+02
4251	1.007804e+02
4252	1.008679e+02
4253	1.010367e+02
4254	1.013680e+02
4255	1.018379e+02
4256	1.024224e+02
4257	1.031288e+02
4258	1.038679e+02
4259	1.047212e+02
4260	1.056019e+02
4261	1.065043e+02
4262	1.074576e+02
4263	1.083602e+02
4264	1.092434e+02
4265	1.101672e+02
4266	1.109916e+02
4267	1.118073e+02
4268	1.125855e+02
4269	1.133214e+02
4270	1.139693e+02
4271	1.144483e+02
4272	1.148132e+02
4273	1.150420e+02
4274	1.151545e+02
4275	1.151181e+02
4276	1.149766e+02
4277	1.147008e+02
4278	1.143442e+02
4279	1.138715e+02
4280	1.133342e+02
4281	1.127426e+02
4282	1.121162e+02
4283	1.114869e+02
4284	1.108093e+02
4285	1.101308e+02
4286	1.095275e+02
4287	1.089513e+02
4288	1.083608e+02
4289	1.077932e+02
4290	1.072904e+02
4291	1.067471e+02
4292	1.062322e+02
4293	1.056988e+02
4294	1.051448e+02
4295	1.045942e+02
4296	1.040360e+02
4297	1.035449e+02
4298	1.030730e+02
4299	1.027193e+02
4300	1.024074e+02
4301	1.021238e+02
4302	1.018267e+02
4303	1.015273e+02
4304	1.012908e+02
4305	1.010903e+02
4306	1.009367e+02
4307	1.008578e+02
4308	1.008404e+02
4309	1.008920e+02
4310	1.009571e+02
4311	1.010916e+02
4312	1.012708e+02
4313	1.014639e+02
4314	1.017072e+02
4315	1.019556e+02
4316	1.021916e+02
4317	1.024417e+02
4318	1.027268e+02
4319	1.030909e+02
4320	1.034511e+02
4321	1.038034e+02
4322	1.041442e+02
4323	1.043606e+02
4324	1.045395e+02
4325	1.048117e+02
4326	1.050386e+02
4327	1.052270e+02
4328	1.053617e+02
4329	1.054608e+02
4330	1.054636e+02
4331	1.053882e+02
4332	1.052603e+02
4333	1.051371e+02
4334	1.049213e+02
4335	1.046160e+02
4336	1.043039e+02
4337	1.039232e+02
4338	1.035146e+02
4339	1.031261e+02
4340	1.026465e+02
4341	1.022624e+02
4342	1.019200e+02
4343	1.015151e+02
4344	1.011700e+02
4345	1.009153e+02
4346	1.006372e+02
4347	1.004258e+02
4348	1.003018e+02
4349	1.002915e+02
4350	1.003501e+02
4351	1.004342e+02
4352	1.004959e+02
4353	1.006401e+02
4354	1.009378e+02
4355	1.012490e+02
4356	1.015811e+02
4357	1.018894e+02
4358	1.022948e+02
4359	1.027320e+02
4360	1.032104e+02
4361	1.037123e+02
4362	1.043211e+02
4363	1.049758e+02
4364	1.057167e+02
4365	1.064183e+02
4366	1.071502e+02
4367	1.078813e+02
4368	1.086103e+02
4369	1.092329e+02
4370	1.098661e+02
4371	1.104580e+02
4372	1.110153e+02
4373	1.115668e+02
4374	1.121063e+02
4375	1.125258e+02
4376	1.129322e+02
4377	1.132866e+02
4378	1.135806e+02
4379	1.138081e+02
4380	1.139325e+02
4381	1.140243e+02
4382	1.141181e+02
4383	1.141526e+02
4384	1.140784e+02
4385	1.139513e+02
4386	1.137848e+02
4387	1.135466e+02
4388	1.132231e+02
4389	1.128693e+02
4390	1.123550e+02
4391	1.118336e+02
4392	1.112690e+02
4393	1.107606e+02
4394	1.101982e+02
4395	1.096216e+02
4396	1.089832e+02
4397	1.083510e+02
4398	1.077479e+02
4399	1.071017e+02
4400	1.065124e+02
4401	1.060213e+02
4402	1.055262e+02
4403	1.050030e+02
4404	1.044944e+02
4405	1.040179e+02
4406	1.035330e+02
4407	1.030720e+02
4408	1.026971e+02
4409	1.024288e+02
4410	1.022022e+02
4411	1.020222e+02
4412	1.018089e+02
4413	1.016387e+02
4414	1.015326e+02
4415	1.015054e+02
4416	1.015143e+02
4417	1.017257e+02
4418	1.020514e+02
4419	1.023109e+02
4420	1.026243e+02
4421	1.029663e+02
4422	1.033316e+02
4423	1.037364e+02
4424	1.042064e+02
4425	1.047224e+02
4426	1.052155e+02
4427	1.057590e+02
4428	1.063117e+02
4429	1.068028e+02
4430	1.072057e+02
4431	1.075102e+02
4432	1.078898e+02
4433	1.083019e+02
4434	1.087034e+02
4435	1.091106e+02
4436	1.095319e+02
4437	1.099523e+02
4438	1.103436e+02
4439	1.107088e+02
4440	1.110920e+02
4441	1.115276e+02
4442	1.119081e+02
4443	1.122308e+02
4444	1.125916e+02
4445	1.129644e+02
4446	1.133016e+02
4447	1.136482e+02
4448	1.138775e+02
4449	1.140332e+02
4450	1.140918e+02
4451	1.139789e+02
4452	1.138572e+02
4453	1.136680e+02
4454	1.135370e+02
4455	1.133895e+02
4456	1.131805e+02
4457	1.129913e+02
4458	1.127849e+02
4459	1.125583e+02
4460	1.123047e+02
4461	1.121192e+02
4462	1.119176e+02
4463	1.117081e+02
4464	1.114960e+02
4465	1.112777e+02
4466	1.110652e+02
4467	1.108294e+02
4468	1.106441e+02
4469	1.104513e+02
4470	1.102973e+02
4471	1.100634e+02
4472	1.098912e+02
4473	1.097518e+02
4474	1.095928e+02
4475	1.093912e+02
4476	1.092885e+02
4477	1.092148e+02
4478	1.091746e+02
4479	1.092160e+02
4480	1.092735e+02
4481	1.094009e+02
4482	1.095586e+02
4483	1.097695e+02
4484	1.099822e+02
4485	1.101182e+02
4486	1.102992e+02
4487	1.104604e+02
4488	1.105174e+02
4489	1.107167e+02
4490	1.107936e+02
4491	1.108500e+02
4492	1.109219e+02
4493	1.110121e+02
4494	1.111459e+02
4495	1.112159e+02
4496	1.112395e+02
4497	1.112990e+02
4498	1.113334e+02
4499	1.113090e+02
4500	1.113398e+02
4501	1.113041e+02
4502	1.112926e+02
4503	1.112376e+02
4504	1.110822e+02
4505	1.108239e+02
4506	1.104973e+02
4507	1.102082e+02
4508	1.099686e+02
4509	1.096727e+02
4510	1.092469e+02
4511	1.088006e+02
4512	1.083244e+02
4513	1.078169e+02
4514	1.073238e+02
4515	1.067016e+02
4516	1.061147e+02
4517	1.054806e+02
4518	1.048173e+02
4519	1.042674e+02
4520	1.037949e+02
4521	1.034317e+02
4522	1.030594e+02
4523	1.026655e+02
4524	1.023635e+02
4525	1.020099e+02
4526	1.016564e+02
4527	1.014023e+02
4528	1.012770e+02
4529	1.012044e+02
4530	1.012409e+02
4531	1.013379e+02
4532	1.015703e+02
4533	1.019105e+02
4534	1.023825e+02
4535	1.029607e+02
4536	1.036167e+02
4537	1.043545e+02
4538	1.050970e+02
4539	1.058469e+02
4540	1.065777e+02
4541	1.073877e+02
4542	1.082487e+02
4543	1.090819e+02
4544	1.100012e+02
4545	1.108559e+02
4546	1.116546e+02
4547	1.123254e+02
4548	1.129855e+02
4549	1.135964e+02
4550	1.141589e+02
4551	1.146674e+02
4552	1.151231e+02
4553	1.154963e+02
4554	1.158046e+02
4555	1.159886e+02
4556	1.160715e+02
4557	1.161076e+02
4558	1.161086e+02
4559	1.160230e+02
4560	1.159203e+02
4561	1.157787e+02
4562	1.156600e+02
4563	1.155225e+02
4564	1.154000e+02
4565	1.152211e+02
4566	1.150060e+02
4567	1.147629e+02
4568	1.144873e+02
4569	1.142032e+02
4570	1.138565e+02
4571	1.134228e+02
4572	1.129247e+02
4573	1.124033e+02
4574	1.117700e+02
4575	1.111329e+02
4576	1.104871e+02
4577	1.097704e+02
4578	1.091525e+02
4579	1.086204e+02
4580	1.081540e+02
4581	1.078146e+02
4582	1.074931e+02
4583	1.072747e+02
4584	1.071644e+02
4585	1.071053e+02
4586	1.071079e+02
4587	1.071406e+02
4588	1.071961e+02
4589	1.072591e+02
4590	1.073178e+02
4591	1.074124e+02
4592	1.075537e+02
4593	1.077194e+02
4594	1.078827e+02
4595	1.081466e+02
4596	1.085103e+02
4597	1.089865e+02
4598	1.093813e+02
4599	1.098143e+02
4600	1.102583e+02
4601	1.106644e+02
4602	1.109747e+02
4603	1.112138e+02
4604	1.114281e+02
4605	1.116436e+02
4606	1.118638e+02
4607	1.120039e+02
4608	1.120660e+02
4609	1.121220e+02
4610	1.121065e+02
4611	1.119927e+02
4612	1.117664e+02
4613	1.115138e+02
4614	1.112036e+02
4615	1.108489e+02
4616	1.104438e+02
4617	1.099503e+02
4618	1.094917e+02
4619	1.089571e+02
4620	1.083472e+02
4621	1.077203e+02
4622	1.071383e+02
4623	1.066154e+02
4624	1.060929e+02
4625	1.055158e+02
4626	1.048916e+02
4627	1.043411e+02
4628	1.038990e+02
4629	1.036119e+02
4630	1.033840e+02
4631	1.032844e+02
4632	1.032786e+02
4633	1.033638e+02
4634	1.035474e+02
4635	1.038283e+02
4636	1.041974e+02
4637	1.046177e+02
4638	1.051290e+02
4639	1.057314e+02
4640	1.063357e+02
4641	1.069853e+02
4642	1.077211e+02
4643	1.084662e+02
4644	1.091580e+02
4645	1.098931e+02
4646	1.106629e+02
4647	1.115443e+02
4648	1.123353e+02
4649	1.130148e+02
4650	1.135966e+02
4651	1.141687e+02
4652	1.147065e+02
4653	1.152595e+02
4654	1.156731e+02
4655	1.160245e+02
4656	1.163485e+02
4657	1.165955e+02
4658	1.168055e+02
4659	1.169024e+02
4660	1.168715e+02
4661	1.167315e+02
4662	1.165621e+02
4663	1.162469e+02
4664	1.157818e+02
4665	1.152504e+02
4666	1.146641e+02
4667	1.140245e+02
4668	1.134502e+02
4669	1.128495e+02
4670	1.122430e+02
4671	1.116221e+02
4672	1.110771e+02
4673	1.105734e+02
4674	1.100249e+02
4675	1.094743e+02
4676	1.089092e+02
4677	1.083546e+02
4678	1.079406e+02
4679	1.076449e+02
4680	1.073525e+02
4681	1.070924e+02
4682	1.068951e+02
4683	1.067863e+02
4684	1.066436e+02
4685	1.066553e+02
4686	1.067244e+02
4687	1.068464e+02
4688	1.070156e+02
4689	1.073013e+02
4690	1.076526e+02
4691	1.079135e+02
4692	1.082034e+02
4693	1.085221e+02
4694	1.088740e+02
4695	1.092292e+02
4696	1.096031e+02
4697	1.099051e+02
4698	1.101277e+02
4699	1.102770e+02
4700	1.104139e+02
4701	1.104786e+02
4702	1.105369e+02
4703	1.104853e+02
4704	1.103667e+02
4705	1.101388e+02
4706	1.097539e+02
4707	1.092950e+02
4708	1.087642e+02
4709	1.081703e+02
4710	1.075286e+02
4711	1.068814e+02
4712	1.061478e+02
4713	1.054137e+02
4714	1.047190e+02
4715	1.040305e+02
4716	1.033704e+02
4717	1.027397e+02
4718	1.021002e+02
4719	1.015243e+02
4720	1.009443e+02
4721	1.004618e+02
4722	1.000609e+02
4723	9.971547e+01
4724	9.947664e+01
4725	9.928128e+01
4726	9.918254e+01
4727	9.916555e+01
4728	9.929454e+01
4729	9.955195e+01
4730	9.982838e+01
4731	1.001640e+02
4732	1.006329e+02
4733	1.012414e+02
4734	1.018949e+02
4735	1.026681e+02
4736	1.035386e+02
4737	1.044692e+02
4738	1.054586e+02
4739	1.063865e+02
4740	1.073609e+02
4741	1.083171e+02
4742	1.092889e+02
4743	1.101892e+02
4744	1.110461e+02
4745	1.119071e+02
4746	1.127067e+02
4747	1.133936e+02
4748	1.139247e+02
4749	1.144450e+02
4750	1.149266e+02
4751	1.153044e+02
4752	1.156663e+02
4753	1.159901e+02
4754	1.162607e+02
4755	1.164301e+02
4756	1.164983e+02
4757	1.165414e+02
4758	1.165148e+02
4759	1.164442e+02
4760	1.163391e+02
4761	1.162290e+02
4762	1.161438e+02
4763	1.159924e+02
4764	1.157766e+02
4765	1.156677e+02
4766	1.155963e+02
4767	1.155543e+02
4768	1.154594e+02
4769	1.153532e+02
4770	1.152013e+02
4771	1.150074e+02
4772	1.148705e+02
4773	1.146843e+02
4774	1.144664e+02
4775	1.142060e+02
4776	1.139882e+02
4777	1.137567e+02
4778	1.136099e+02
4779	1.135243e+02
4780	1.135106e+02
4781	1.135594e+02
4782	1.135580e+02
4783	1.136629e+02
4784	1.138721e+02
4785	1.141182e+02
4786	1.143482e+02
4787	1.146161e+02
4788	1.148070e+02
4789	1.150268e+02
4790	1.151615e+02
4791	1.152056e+02
4792	1.151906e+02
4793	1.150287e+02
4794	1.148854e+02
4795	1.146651e+02
4796	1.143689e+02
4797	1.140872e+02
4798	1.136833e+02
4799	1.131816e+02
4800	1.125942e+02
4801	1.119136e+02
4802	1.112466e+02
4803	1.105826e+02
4804	1.099272e+02
4805	1.092439e+02
4806	1.084894e+02
4807	1.077467e+02
4808	1.070645e+02
4809	1.064609e+02
4810	1.059859e+02
4811	1.055114e+02
4812	1.050762e+02
4813	1.047212e+02
4814	1.044933e+02
4815	1.043195e+02
4816	1.042127e+02
4817	1.041598e+02
4818	1.042102e+02
4819	1.043235e+02
4820	1.045331e+02
4821	1.047884e+02
4822	1.051747e+02
4823	1.056175e+02
4824	1.062549e+02
4825	1.070208e+02
4826	1.078645e+02
4827	1.087895e+02
4828	1.098179e+02
4829	1.108701e+02
4830	1.119546e+02
4831	1.130240e+02
4832	1.140828e+02
4833	1.150888e+02
4834	1.161054e+02
4835	1.170647e+02
4836	1.179857e+02
4837	1.188394e+02
4838	1.196001e+02
4839	1.203718e+02
4840	1.209993e+02
4841	1.215555e+02
4842	1.219751e+02
4843	1.224033e+02
4844	1.227679e+02
4845	1.230435e+02
4846	1.232161e+02
4847	1.232880e+02
4848	1.232500e+02
4849	1.230657e+02
4850	1.227681e+02
4851	1.223501e+02
4852	1.217694e+02
4853	1.211090e+02
4854	1.203128e+02
4855	1.194542e+02
4856	1.184972e+02
4857	1.175173e+02
4858	1.165363e+02
4859	1.156810e+02
4860	1.148567e+02
4861	1.140193e+02
4862	1.131341e+02
4863	1.122522e+02
4864	1.114747e+02
4865	1.106793e+02
4866	1.099602e+02
4867	1.092943e+02
4868	1.086967e+02
4869	1.081712e+02
4870	1.076773e+02
4871	1.072586e+02
4872	1.069075e+02
4873	1.066403e+02
4874	1.065306e+02
4875	1.065728e+02
4876	1.066257e+02
4877	1.067052e+02
4878	1.068766e+02
4879	1.071429e+02
4880	1.074825e+02
4881	1.077769e+02
4882	1.080460e+02
4883	1.084064e+02
4884	1.088544e+02
4885	1.092813e+02
4886	1.097135e+02
4887	1.100939e+02
4888	1.104253e+02
4889	1.107027e+02
4890	1.109629e+02
4891	1.111746e+02
4892	1.113510e+02
4893	1.114876e+02
4894	1.115688e+02
4895	1.116160e+02
4896	1.116535e+02
4897	1.115949e+02
4898	1.114805e+02
4899	1.113723e+02
4900	1.113191e+02
4901	1.112346e+02
4902	1.111353e+02
4903	1.110251e+02
4904	1.109806e+02
4905	1.109455e+02
4906	1.109670e+02
4907	1.109746e+02
4908	1.110354e+02
4909	1.111480e+02
4910	1.111985e+02
4911	1.112738e+02
4912	1.114653e+02
4913	1.116619e+02
4914	1.119000e+02
4915	1.121057e+02
4916	1.123536e+02
4917	1.125680e+02
4918	1.128029e+02
4919	1.130331e+02
4920	1.132898e+02
4921	1.136012e+02
4922	1.139746e+02
4923	1.144181e+02
4924	1.148481e+02
4925	1.153367e+02
4926	1.158017e+02
4927	1.162541e+02
4928	1.166471e+02
4929	1.170233e+02
4930	1.173018e+02
4931	1.175652e+02
4932	1.177445e+02
4933	1.179506e+02
4934	1.180960e+02
4935	1.182167e+02
4936	1.183512e+02
4937	1.184469e+02
4938	1.185321e+02
4939	1.185582e+02
4940	1.184875e+02
4941	1.183116e+02
4942	1.180602e+02
4943	1.177941e+02
4944	1.175384e+02
4945	1.172030e+02
4946	1.168085e+02
4947	1.163082e+02
4948	1.157615e+02
4949	1.151753e+02
4950	1.146060e+02
4951	1.140025e+02
4952	1.133295e+02
4953	1.125957e+02
4954	1.118266e+02
4955	1.110775e+02
4956	1.103029e+02
4957	1.095094e+02
4958	1.086492e+02
4959	1.078414e+02
4960	1.070414e+02
4961	1.061406e+02
4962	1.052420e+02
4963	1.044217e+02
4964	1.036017e+02
4965	1.028737e+02
4966	1.021238e+02
4967	1.013851e+02
4968	1.006988e+02
4969	1.000272e+02
4970	9.936673e+01
4971	9.874429e+01
4972	9.829382e+01
4973	9.794163e+01
4974	9.765564e+01
4975	9.751336e+01
4976	9.744801e+01
4977	9.751373e+01
4978	9.763435e+01
4979	9.773576e+01
4980	9.790988e+01
4981	9.816881e+01
4982	9.849792e+01
4983	9.886371e+01
4984	9.930144e+01
4985	9.978252e+01
4986	1.003265e+02
4987	1.008708e+02
4988	1.014122e+02
4989	1.019869e+02
4990	1.025925e+02
4991	1.031874e+02
4992	1.037674e+02
4993	1.044174e+02
4994	1.050843e+02
4995	1.057231e+02
4996	1.063372e+02
4997	1.069127e+02
4998	1.073957e+02
4999	1.078757e+02
