# Step	Measurement
1	1.101198e+00
2	1.101509e+00
3	1.101589e+00
4	1.100080e+00
5	1.097958e+00
6	1.096604e+00
7	1.095159e+00
8	1.091665e+00
9	1.087391e+00
10	1.083465e+00
11	1.080527e+00
12	1.077708e+00
13	1.075559e+00
14	1.074819e+00
15	1.076698e+00
16	1.078921e+00
17	1.084640e+00
18	1.091203e+00
19	1.097559e+00
20	1.103183e+00
21	1.107763e+00
22	1.111345e+00
23	1.114513e+00
24	1.116708e+00
25	1.118135e+00
26	1.117645e+00
27	1.115672e+00
28	1.111418e+00
29	1.105929e+00
30	1.100417e+00
31	1.095132e+00
32	1.090970e+00
33	1.087857e+00
34	1.085238e+00
35	1.084462e+00
36	1.084374e+00
37	1.087177e+00
38	1.088945e+00
39	1.091292e+00
40	1.095351e+00
41	1.099753e+00
42	1.103883e+00
43	1.106995e+00
44	1.110074e+00
45	1.112403e+00
46	1.113292e+00
47	1.113154e+00
48	1.111752e+00
49	1.111547e+00
50	1.110009e+00
51	1.109440e+00
52	1.107501e+00
53	1.105855e+00
54	1.103797e+00
55	1.101227e+00
56	1.097177e+00
57	1.092534e+00
58	1.088339e+00
59	1.084110e+00
60	1.078954e+00
61	1.078178e+00
62	1.078439e+00
63	1.080680e+00
64	1.085731e+00
65	1.091634e+00
66	1.097049e+00
67	1.102298e+00
68	1.106054e+00
69	1.108691e+00
70	1.109827e+00
71	1.111322e+00
72	1.111414e+00
73	1.110156e+00
74	1.107267e+00
75	1.103364e+00
76	1.100190e+00
77	1.097059e+00
78	1.096345e+00
79	1.095614e+00
80	1.096005e+00
81	1.096417e+00
82	1.096550e+00
83	1.097053e+00
84	1.097461e+00
85	1.097716e+00
86	1.098315e+00
87	1.098311e+00
88	1.100694e+00
89	1.103121e+00
90	1.104601e+00
91	1.105147e+00
92	1.104386e+00
93	1.103338e+00
94	1.099607e+00
95	1.095579e+00
96	1.091481e+00
97	1.089806e+00
98	1.089282e+00
99	1.089467e+00
100	1.090771e+00
101	1.093492e+00
102	1.096615e+00
103	1.100506e+00
104	1.103507e+00
105	1.106350e+00
106	1.108601e+00
107	1.111269e+00
108	1.112976e+00
109	1.113644e+00
110	1.113095e+00
111	1.110018e+00
112	1.105654e+00
113	1.101297e+00
114	1.096445e+00
115	1.091521e+00
116	1.087749e+00
117	1.084490e+00
118	1.083173e+00
119	1.082796e+00
120	1.085979e+00
121	1.090025e+00
122	1.094366e+00
123	1.098599e+00
124	1.102869e+00
125	1.109075e+00
126	1.114129e+00
127	1.119965e+00
128	1.123997e+00
129	1.126539e+00
130	1.127947e+00
131	1.127517e+00
132	1.126698e+00
133	1.124153e+00
134	1.119345e+00
135	1.112010e+00
136	1.103298e+00
137	1.095233e+00
138	1.087309e+00
139	1.080724e+00
140	1.074349e+00
141	1.070638e+00
142	1.069990e+00
143	1.073257e+00
144	1.079003e+00
145	1.085669e+00
146	1.093704e+00
147	1.102803e+00
148	1.112984e+00
149	1.121520e+00
150	1.127029e+00
151	1.131967e+00
152	1.135440e+00
153	1.134997e+00
154	1.131693e+00
155	1.125508e+00
156	1.116751e+00
157	1.108240e+00
158	1.097344e+00
159	1.085088e+00
160	1.073569e+00
161	1.062888e+00
162	1.055964e+00
163	1.052316e+00
164	1.052048e+00
165	1.055592e+00
166	1.063757e+00
167	1.074387e+00
168	1.085986e+00
169	1.098413e+00
170	1.110420e+00
171	1.122838e+00
172	1.134936e+00
173	1.143965e+00
174	1.148484e+00
175	1.150423e+00
176	1.148729e+00
177	1.142290e+00
178	1.133107e+00
179	1.121535e+00
180	1.108959e+00
181	1.096828e+00
182	1.085508e+00
183	1.077228e+00
184	1.072236e+00
185	1.069973e+00
186	1.071053e+00
187	1.072251e+00
188	1.076250e+00
189	1.082203e+00
190	1.090560e+00
191	1.100315e+00
192	1.110281e+00
193	1.118785e+00
194	1.125668e+00
195	1.131529e+00
196	1.135062e+00
197	1.135234e+00
198	1.131356e+00
199	1.125076e+00
200	1.117919e+00
201	1.109479e+00
202	1.099777e+00
203	1.090254e+00
204	1.081239e+00
205	1.073838e+00
206	1.068912e+00
207	1.066397e+00
208	1.066000e+00
209	1.068849e+00
210	1.074295e+00
211	1.080822e+00
212	1.089053e+00
213	1.097948e+00
214	1.107050e+00
215	1.116602e+00
216	1.124159e+00
217	1.130159e+00
218	1.133428e+00
219	1.133450e+00
220	1.131136e+00
221	1.127231e+00
222	1.121152e+00
223	1.113730e+00
224	1.104688e+00
225	1.096109e+00
226	1.087869e+00
227	1.080758e+00
228	1.076232e+00
229	1.074322e+00
230	1.073778e+00
231	1.075985e+00
232	1.080677e+00
233	1.088316e+00
234	1.097608e+00
235	1.105535e+00
236	1.112229e+00
237	1.118725e+00
238	1.124431e+00
239	1.126595e+00
240	1.126412e+00
241	1.124554e+00
242	1.122186e+00
243	1.117517e+00
244	1.112244e+00
245	1.107257e+00
246	1.102103e+00
247	1.095894e+00
248	1.090807e+00
249	1.087402e+00
250	1.083694e+00
251	1.080941e+00
252	1.079945e+00
253	1.083103e+00
254	1.087579e+00
255	1.093924e+00
256	1.100678e+00
257	1.107669e+00
258	1.114328e+00
259	1.120874e+00
260	1.125855e+00
261	1.129098e+00
262	1.132258e+00
263	1.131817e+00
264	1.129174e+00
265	1.123720e+00
266	1.117300e+00
267	1.109326e+00
268	1.101704e+00
269	1.094671e+00
270	1.088283e+00
271	1.082588e+00
272	1.079775e+00
273	1.077938e+00
274	1.078271e+00
275	1.082384e+00
276	1.086755e+00
277	1.092552e+00
278	1.099413e+00
279	1.106976e+00
280	1.114278e+00
281	1.119555e+00
282	1.122747e+00
283	1.123424e+00
284	1.122412e+00
285	1.121078e+00
286	1.116482e+00
287	1.111454e+00
288	1.104974e+00
289	1.100095e+00
290	1.096052e+00
291	1.092705e+00
292	1.091184e+00
293	1.090809e+00
294	1.090073e+00
295	1.090438e+00
296	1.089713e+00
297	1.090066e+00
298	1.091401e+00
299	1.094158e+00
300	1.096769e+00
301	1.098712e+00
302	1.101864e+00
303	1.105949e+00
304	1.109616e+00
305	1.112510e+00
306	1.114695e+00
307	1.115863e+00
308	1.114450e+00
309	1.112765e+00
310	1.109868e+00
311	1.106791e+00
312	1.103800e+00
313	1.101514e+00
314	1.099462e+00
315	1.097857e+00
316	1.095895e+00
317	1.094977e+00
318	1.095601e+00
319	1.094715e+00
320	1.093617e+00
321	1.092910e+00
322	1.093045e+00
323	1.093076e+00
324	1.093605e+00
325	1.095078e+00
326	1.096893e+00
327	1.099375e+00
328	1.103699e+00
329	1.107517e+00
330	1.112599e+00
331	1.117126e+00
332	1.120164e+00
333	1.122005e+00
334	1.123958e+00
335	1.124606e+00
336	1.123597e+00
337	1.121052e+00
338	1.117251e+00
339	1.112184e+00
340	1.109181e+00
341	1.105380e+00
342	1.100536e+00
343	1.097657e+00
344	1.094073e+00
345	1.092014e+00
346	1.090214e+00
347	1.089093e+00
348	1.087843e+00
349	1.087898e+00
350	1.089186e+00
351	1.091061e+00
352	1.092964e+00
353	1.096679e+00
354	1.101754e+00
355	1.106260e+00
356	1.110899e+00
357	1.115243e+00
358	1.118351e+00
359	1.119434e+00
360	1.118648e+00
361	1.117786e+00
362	1.115546e+00
363	1.113080e+00
364	1.108668e+00
365	1.102641e+00
366	1.095421e+00
367	1.088638e+00
368	1.082558e+00
369	1.076701e+00
370	1.072531e+00
371	1.069545e+00
372	1.069113e+00
373	1.069447e+00
374	1.072591e+00
375	1.077874e+00
376	1.083919e+00
377	1.091373e+00
378	1.097681e+00
379	1.104852e+00
380	1.113001e+00
381	1.120617e+00
382	1.125961e+00
383	1.127594e+00
384	1.128206e+00
385	1.127128e+00
386	1.123110e+00
387	1.115026e+00
388	1.106426e+00
389	1.096705e+00
390	1.087106e+00
391	1.078461e+00
392	1.072959e+00
393	1.069259e+00
394	1.067784e+00
395	1.070297e+00
396	1.076876e+00
397	1.084673e+00
398	1.092319e+00
399	1.101050e+00
400	1.110607e+00
401	1.119919e+00
402	1.129601e+00
403	1.139043e+00
404	1.146417e+00
405	1.151765e+00
406	1.153575e+00
407	1.151846e+00
408	1.146725e+00
409	1.138810e+00
410	1.128826e+00
411	1.117949e+00
412	1.106752e+00
413	1.096113e+00
414	1.086516e+00
415	1.077824e+00
416	1.071979e+00
417	1.071436e+00
418	1.074897e+00
419	1.080255e+00
420	1.087872e+00
421	1.098514e+00
422	1.110168e+00
423	1.122086e+00
424	1.133829e+00
425	1.143883e+00
426	1.151473e+00
427	1.156286e+00
428	1.157995e+00
429	1.157437e+00
430	1.153596e+00
431	1.146605e+00
432	1.135249e+00
433	1.122367e+00
434	1.108897e+00
435	1.095253e+00
436	1.081879e+00
437	1.072546e+00
438	1.064985e+00
439	1.061512e+00
440	1.061898e+00
441	1.066342e+00
442	1.075986e+00
443	1.086271e+00
444	1.098172e+00
445	1.109730e+00
446	1.121741e+00
447	1.132397e+00
448	1.140100e+00
449	1.146873e+00
450	1.151285e+00
451	1.151613e+00
452	1.147583e+00
453	1.142908e+00
454	1.134740e+00
455	1.123242e+00
456	1.109968e+00
457	1.097034e+00
458	1.084141e+00
459	1.072477e+00
460	1.063426e+00
461	1.057001e+00
462	1.054468e+00
463	1.054512e+00
464	1.057731e+00
465	1.065223e+00
466	1.076181e+00
467	1.089382e+00
468	1.103774e+00
469	1.117820e+00
470	1.128650e+00
471	1.136974e+00
472	1.142512e+00
473	1.145200e+00
474	1.143988e+00
475	1.138674e+00
476	1.129653e+00
477	1.118722e+00
478	1.106634e+00
479	1.093942e+00
480	1.081076e+00
481	1.069769e+00
482	1.061794e+00
483	1.056740e+00
484	1.055719e+00
485	1.059252e+00
486	1.067191e+00
487	1.078012e+00
488	1.091723e+00
489	1.105009e+00
490	1.116484e+00
491	1.126825e+00
492	1.135715e+00
493	1.142477e+00
494	1.145753e+00
495	1.147497e+00
496	1.145897e+00
497	1.141221e+00
498	1.133208e+00
499	1.123038e+00
500	1.111360e+00
501	1.100639e+00
502	1.089711e+00
503	1.081857e+00
504	1.075449e+00
505	1.071519e+00
506	1.071393e+00
507	1.073903e+00
508	1.080286e+00
509	1.089403e+00
510	1.098614e+00
511	1.109486e+00
512	1.120770e+00
513	1.130720e+00
514	1.138384e+00
515	1.143526e+00
516	1.145175e+00
517	1.144440e+00
518	1.141229e+00
519	1.134875e+00
520	1.125194e+00
521	1.114046e+00
522	1.102916e+00
523	1.091986e+00
524	1.082807e+00
525	1.074523e+00
526	1.068570e+00
527	1.066885e+00
528	1.067198e+00
529	1.070683e+00
530	1.077656e+00
531	1.087108e+00
532	1.097223e+00
533	1.106040e+00
534	1.111864e+00
535	1.116626e+00
536	1.119265e+00
537	1.120408e+00
538	1.118394e+00
539	1.113487e+00
540	1.105213e+00
541	1.096256e+00
542	1.087534e+00
543	1.080082e+00
544	1.073995e+00
545	1.068538e+00
546	1.066509e+00
547	1.066662e+00
548	1.068980e+00
549	1.074277e+00
550	1.082589e+00
551	1.092006e+00
552	1.102668e+00
553	1.113237e+00
554	1.121224e+00
555	1.127019e+00
556	1.131304e+00
557	1.131008e+00
558	1.126907e+00
559	1.121803e+00
560	1.113935e+00
561	1.104983e+00
562	1.094817e+00
563	1.085902e+00
564	1.078489e+00
565	1.073446e+00
566	1.070213e+00
567	1.070596e+00
568	1.073962e+00
569	1.078822e+00
570	1.084945e+00
571	1.092697e+00
572	1.102214e+00
573	1.112893e+00
574	1.121780e+00
575	1.128342e+00
576	1.132809e+00
577	1.135408e+00
578	1.135980e+00
579	1.134932e+00
580	1.130935e+00
581	1.125762e+00
582	1.120833e+00
583	1.114092e+00
584	1.105944e+00
585	1.098633e+00
586	1.092547e+00
587	1.088301e+00
588	1.086088e+00
589	1.084593e+00
590	1.084283e+00
591	1.086120e+00
592	1.090595e+00
593	1.096507e+00
594	1.103046e+00
595	1.110808e+00
596	1.118348e+00
597	1.124144e+00
598	1.129126e+00
599	1.131834e+00
600	1.132958e+00
601	1.132327e+00
602	1.129499e+00
603	1.125143e+00
604	1.118251e+00
605	1.110855e+00
606	1.102475e+00
607	1.096556e+00
608	1.091941e+00
609	1.088236e+00
610	1.086690e+00
611	1.086843e+00
612	1.088370e+00
613	1.092194e+00
614	1.096502e+00
615	1.101305e+00
616	1.107189e+00
617	1.113834e+00
618	1.119886e+00
619	1.124855e+00
620	1.127074e+00
621	1.128149e+00
622	1.127005e+00
623	1.124505e+00
624	1.120131e+00
625	1.115514e+00
626	1.108658e+00
627	1.101271e+00
628	1.093744e+00
629	1.088217e+00
630	1.082781e+00
631	1.079286e+00
632	1.077911e+00
633	1.078685e+00
634	1.081880e+00
635	1.087021e+00
636	1.091288e+00
637	1.096749e+00
638	1.102204e+00
639	1.107691e+00
640	1.113444e+00
641	1.118286e+00
642	1.120687e+00
643	1.120878e+00
644	1.118975e+00
645	1.114739e+00
646	1.108421e+00
647	1.101892e+00
648	1.095478e+00
649	1.088331e+00
650	1.080534e+00
651	1.073373e+00
652	1.069127e+00
653	1.066848e+00
654	1.066811e+00
655	1.069427e+00
656	1.075516e+00
657	1.083811e+00
658	1.093555e+00
659	1.104874e+00
660	1.117003e+00
661	1.128602e+00
662	1.139718e+00
663	1.146803e+00
664	1.150686e+00
665	1.152485e+00
666	1.151185e+00
667	1.145916e+00
668	1.138112e+00
669	1.127194e+00
670	1.117081e+00
671	1.105634e+00
672	1.094283e+00
673	1.084219e+00
674	1.076649e+00
675	1.071141e+00
676	1.069471e+00
677	1.072568e+00
678	1.076584e+00
679	1.083513e+00
680	1.093484e+00
681	1.104078e+00
682	1.114234e+00
683	1.123252e+00
684	1.130081e+00
685	1.135256e+00
686	1.136228e+00
687	1.133663e+00
688	1.128116e+00
689	1.120586e+00
690	1.111032e+00
691	1.100523e+00
692	1.092420e+00
693	1.083904e+00
694	1.077413e+00
695	1.073307e+00
696	1.070551e+00
697	1.071877e+00
698	1.076644e+00
699	1.082975e+00
700	1.089163e+00
701	1.095331e+00
702	1.102490e+00
703	1.108813e+00
704	1.115037e+00
705	1.119200e+00
706	1.123374e+00
707	1.126542e+00
708	1.127536e+00
709	1.127640e+00
710	1.125769e+00
711	1.120943e+00
712	1.115881e+00
713	1.110047e+00
714	1.102441e+00
715	1.093825e+00
716	1.084656e+00
717	1.075793e+00
718	1.069201e+00
719	1.064452e+00
720	1.062788e+00
721	1.064354e+00
722	1.068162e+00
723	1.073893e+00
724	1.079859e+00
725	1.087309e+00
726	1.095532e+00
727	1.104052e+00
728	1.111244e+00
729	1.116679e+00
730	1.120350e+00
731	1.122345e+00
732	1.124359e+00
733	1.124862e+00
734	1.121876e+00
735	1.117685e+00
736	1.110794e+00
737	1.101838e+00
738	1.092231e+00
739	1.084386e+00
740	1.079043e+00
741	1.076456e+00
742	1.076314e+00
743	1.078969e+00
744	1.082626e+00
745	1.087813e+00
746	1.094439e+00
747	1.101365e+00
748	1.108530e+00
749	1.114533e+00
750	1.120883e+00
751	1.126418e+00
752	1.129165e+00
753	1.130218e+00
754	1.129919e+00
755	1.129336e+00
756	1.127439e+00
757	1.123363e+00
758	1.120252e+00
759	1.116292e+00
760	1.112189e+00
761	1.108654e+00
762	1.104284e+00
763	1.100836e+00
764	1.097103e+00
765	1.094642e+00
766	1.092962e+00
767	1.091915e+00
768	1.091077e+00
769	1.092768e+00
770	1.095389e+00
771	1.100250e+00
772	1.106006e+00
773	1.112844e+00
774	1.118531e+00
775	1.124367e+00
776	1.128665e+00
777	1.131515e+00
778	1.132851e+00
779	1.130555e+00
780	1.125895e+00
781	1.119819e+00
782	1.114840e+00
783	1.110140e+00
784	1.104354e+00
785	1.097773e+00
786	1.091408e+00
787	1.087799e+00
788	1.085949e+00
789	1.085197e+00
790	1.085857e+00
791	1.085309e+00
792	1.085609e+00
793	1.086685e+00
794	1.087677e+00
795	1.090811e+00
796	1.094401e+00
797	1.095822e+00
798	1.098104e+00
799	1.101110e+00
800	1.105307e+00
801	1.108059e+00
802	1.108323e+00
803	1.107880e+00
804	1.106044e+00
805	1.103639e+00
806	1.101248e+00
807	1.098467e+00
808	1.095172e+00
809	1.092612e+00
810	1.090283e+00
811	1.089933e+00
812	1.090373e+00
813	1.091053e+00
814	1.092626e+00
815	1.094670e+00
816	1.096830e+00
817	1.098246e+00
818	1.099947e+00
819	1.102253e+00
820	1.105114e+00
821	1.107019e+00
822	1.109672e+00
823	1.110695e+00
824	1.111999e+00
825	1.112922e+00
826	1.113552e+00
827	1.113860e+00
828	1.112367e+00
829	1.109836e+00
830	1.106571e+00
831	1.102098e+00
832	1.096451e+00
833	1.090870e+00
834	1.085829e+00
835	1.081942e+00
836	1.079217e+00
837	1.078473e+00
838	1.079428e+00
839	1.083971e+00
840	1.090255e+00
841	1.099088e+00
842	1.109771e+00
843	1.120721e+00
844	1.131513e+00
845	1.142066e+00
846	1.149573e+00
847	1.153906e+00
848	1.155803e+00
849	1.154620e+00
850	1.151766e+00
851	1.147593e+00
852	1.139820e+00
853	1.129839e+00
854	1.119968e+00
855	1.110378e+00
856	1.101238e+00
857	1.092127e+00
858	1.084417e+00
859	1.079738e+00
860	1.078552e+00
861	1.080176e+00
862	1.085365e+00
863	1.092087e+00
864	1.099276e+00
865	1.107400e+00
866	1.117113e+00
867	1.126561e+00
868	1.135081e+00
869	1.143190e+00
870	1.149104e+00
871	1.151514e+00
872	1.152436e+00
873	1.149954e+00
874	1.144573e+00
875	1.134847e+00
876	1.122968e+00
877	1.110326e+00
878	1.098339e+00
879	1.087529e+00
880	1.078783e+00
881	1.071443e+00
882	1.066593e+00
883	1.066434e+00
884	1.069090e+00
885	1.075574e+00
886	1.083237e+00
887	1.092465e+00
888	1.103027e+00
889	1.112825e+00
890	1.121718e+00
891	1.128721e+00
892	1.133172e+00
893	1.133907e+00
894	1.133178e+00
895	1.131252e+00
896	1.127445e+00
897	1.120915e+00
898	1.112703e+00
899	1.102731e+00
900	1.092351e+00
901	1.081267e+00
902	1.072159e+00
903	1.065365e+00
904	1.060353e+00
905	1.058115e+00
906	1.060746e+00
907	1.065418e+00
908	1.074009e+00
909	1.085516e+00
910	1.097747e+00
911	1.111759e+00
912	1.125635e+00
913	1.138392e+00
914	1.148483e+00
915	1.155399e+00
916	1.158727e+00
917	1.158240e+00
918	1.154304e+00
919	1.146599e+00
920	1.136860e+00
921	1.124282e+00
922	1.109280e+00
923	1.094314e+00
924	1.081393e+00
925	1.071932e+00
926	1.066267e+00
927	1.065799e+00
928	1.069646e+00
929	1.076709e+00
930	1.086036e+00
931	1.097450e+00
932	1.109211e+00
933	1.121598e+00
934	1.131467e+00
935	1.140299e+00
936	1.147040e+00
937	1.152469e+00
938	1.154336e+00
939	1.153639e+00
940	1.150142e+00
941	1.143353e+00
942	1.133324e+00
943	1.121357e+00
944	1.107991e+00
945	1.095553e+00
946	1.084369e+00
947	1.074190e+00
948	1.066675e+00
949	1.062651e+00
950	1.062393e+00
951	1.067133e+00
952	1.075035e+00
953	1.084635e+00
954	1.094737e+00
955	1.104982e+00
956	1.115844e+00
957	1.127281e+00
958	1.138902e+00
959	1.148585e+00
960	1.155121e+00
961	1.156715e+00
962	1.155151e+00
963	1.150767e+00
964	1.144098e+00
965	1.135783e+00
966	1.125479e+00
967	1.112229e+00
968	1.099443e+00
969	1.087749e+00
970	1.078115e+00
971	1.070577e+00
972	1.065245e+00
973	1.062320e+00
974	1.064140e+00
975	1.070563e+00
976	1.079780e+00
977	1.090974e+00
978	1.102617e+00
979	1.115310e+00
980	1.127221e+00
981	1.138394e+00
982	1.147238e+00
983	1.153209e+00
984	1.156540e+00
985	1.155742e+00
986	1.150588e+00
987	1.141258e+00
988	1.128024e+00
989	1.113556e+00
990	1.100093e+00
991	1.087851e+00
992	1.075743e+00
993	1.066288e+00
994	1.061605e+00
995	1.060619e+00
996	1.063444e+00
997	1.069859e+00
998	1.078391e+00
999	1.089466e+00
1000	1.100856e+00
1001	1.112370e+00
1002	1.122950e+00
1003	1.131394e+00
1004	1.138189e+00
1005	1.142520e+00
1006	1.142408e+00
1007	1.140500e+00
1008	1.135411e+00
1009	1.126988e+00
1010	1.116915e+00
1011	1.105394e+00
1012	1.093506e+00
1013	1.081861e+00
1014	1.071302e+00
1015	1.063728e+00
1016	1.060329e+00
1017	1.060172e+00
1018	1.063416e+00
1019	1.070186e+00
1020	1.080591e+00
1021	1.091572e+00
1022	1.103966e+00
1023	1.116198e+00
1024	1.128448e+00
1025	1.137499e+00
1026	1.142707e+00
1027	1.146066e+00
1028	1.144991e+00
1029	1.142442e+00
1030	1.138123e+00
1031	1.130914e+00
1032	1.122663e+00
1033	1.114061e+00
1034	1.103282e+00
1035	1.093650e+00
1036	1.084438e+00
1037	1.076826e+00
1038	1.071714e+00
1039	1.069388e+00
1040	1.071434e+00
1041	1.075079e+00
1042	1.081125e+00
1043	1.088783e+00
1044	1.098038e+00
1045	1.106476e+00
1046	1.114322e+00
1047	1.121328e+00
1048	1.125965e+00
1049	1.126555e+00
1050	1.123468e+00
1051	1.119036e+00
1052	1.113346e+00
1053	1.107672e+00
1054	1.101084e+00
1055	1.093810e+00
1056	1.086703e+00
1057	1.081436e+00
1058	1.078223e+00
1059	1.077565e+00
1060	1.079363e+00
1061	1.081214e+00
1062	1.084251e+00
1063	1.088546e+00
1064	1.094859e+00
1065	1.099973e+00
1066	1.104651e+00
1067	1.109138e+00
1068	1.113013e+00
1069	1.114313e+00
1070	1.113359e+00
1071	1.110313e+00
1072	1.107034e+00
1073	1.103844e+00
1074	1.100723e+00
1075	1.098435e+00
1076	1.095264e+00
1077	1.091072e+00
1078	1.086388e+00
1079	1.082012e+00
1080	1.078592e+00
1081	1.076739e+00
1082	1.077510e+00
1083	1.080125e+00
1084	1.084181e+00
1085	1.089163e+00
1086	1.095105e+00
1087	1.101792e+00
1088	1.110169e+00
1089	1.118203e+00
1090	1.125570e+00
1091	1.132080e+00
1092	1.135413e+00
1093	1.134210e+00
1094	1.130611e+00
1095	1.124580e+00
1096	1.116459e+00
1097	1.106167e+00
1098	1.095356e+00
1099	1.085812e+00
1100	1.077937e+00
1101	1.072623e+00
1102	1.069623e+00
1103	1.070205e+00
1104	1.074583e+00
1105	1.081638e+00
1106	1.090700e+00
1107	1.102229e+00
1108	1.115393e+00
1109	1.128154e+00
1110	1.140975e+00
1111	1.152885e+00
1112	1.161485e+00
1113	1.165375e+00
1114	1.165756e+00
1115	1.163204e+00
1116	1.155879e+00
1117	1.145844e+00
1118	1.132193e+00
1119	1.116842e+00
1120	1.100492e+00
1121	1.084829e+00
1122	1.070683e+00
1123	1.059528e+00
1124	1.051192e+00
1125	1.048425e+00
1126	1.050988e+00
1127	1.059806e+00
1128	1.073366e+00
1129	1.090166e+00
1130	1.106387e+00
1131	1.122194e+00
1132	1.136194e+00
1133	1.147631e+00
1134	1.154351e+00
1135	1.157360e+00
1136	1.156789e+00
1137	1.151357e+00
1138	1.140805e+00
1139	1.128501e+00
1140	1.114491e+00
1141	1.098176e+00
1142	1.083818e+00
1143	1.071473e+00
1144	1.062574e+00
1145	1.056292e+00
1146	1.054785e+00
1147	1.057729e+00
1148	1.064299e+00
1149	1.074863e+00
1150	1.087820e+00
1151	1.103183e+00
1152	1.119593e+00
1153	1.136258e+00
1154	1.151623e+00
1155	1.164038e+00
1156	1.172147e+00
1157	1.176096e+00
1158	1.176632e+00
1159	1.172191e+00
1160	1.163748e+00
1161	1.151567e+00
1162	1.136230e+00
1163	1.119742e+00
1164	1.103883e+00
1165	1.089018e+00
1166	1.075117e+00
1167	1.065574e+00
1168	1.060798e+00
1169	1.060419e+00
1170	1.064833e+00
1171	1.075065e+00
1172	1.088592e+00
1173	1.103920e+00
1174	1.119986e+00
1175	1.135292e+00
1176	1.147953e+00
1177	1.158822e+00
1178	1.167204e+00
1179	1.171947e+00
1180	1.171134e+00
1181	1.166323e+00
1182	1.157541e+00
1183	1.144700e+00
1184	1.129564e+00
1185	1.112901e+00
1186	1.095716e+00
1187	1.078764e+00
1188	1.064733e+00
1189	1.053339e+00
1190	1.048008e+00
1191	1.047621e+00
1192	1.052201e+00
1193	1.061606e+00
1194	1.075294e+00
1195	1.091700e+00
1196	1.110008e+00
1197	1.128681e+00
1198	1.145594e+00
1199	1.158330e+00
1200	1.168309e+00
1201	1.173116e+00
1202	1.173458e+00
1203	1.168868e+00
1204	1.159831e+00
1205	1.146398e+00
1206	1.131217e+00
1207	1.115127e+00
1208	1.100302e+00
1209	1.085455e+00
1210	1.072243e+00
1211	1.062917e+00
1212	1.056490e+00
1213	1.053871e+00
1214	1.056141e+00
1215	1.062512e+00
1216	1.071884e+00
1217	1.084472e+00
1218	1.096398e+00
1219	1.109053e+00
1220	1.120596e+00
1221	1.129611e+00
1222	1.137062e+00
1223	1.141570e+00
1224	1.143561e+00
1225	1.142479e+00
1226	1.137680e+00
1227	1.129329e+00
1228	1.118717e+00
1229	1.106182e+00
1230	1.094224e+00
1231	1.083748e+00
1232	1.075831e+00
1233	1.071218e+00
1234	1.070064e+00
1235	1.070718e+00
1236	1.074478e+00
1237	1.079683e+00
1238	1.086231e+00
1239	1.094385e+00
1240	1.102878e+00
1241	1.110280e+00
1242	1.114967e+00
1243	1.120050e+00
1244	1.124597e+00
1245	1.126976e+00
1246	1.126940e+00
1247	1.124093e+00
1248	1.118164e+00
1249	1.111064e+00
1250	1.102210e+00
1251	1.092823e+00
1252	1.085166e+00
1253	1.078632e+00
1254	1.074798e+00
1255	1.074174e+00
1256	1.075622e+00
1257	1.079929e+00
1258	1.086646e+00
1259	1.094707e+00
1260	1.102298e+00
1261	1.112120e+00
1262	1.121415e+00
1263	1.129706e+00
1264	1.135670e+00
1265	1.140248e+00
1266	1.142747e+00
1267	1.141555e+00
1268	1.136607e+00
1269	1.129441e+00
1270	1.119707e+00
1271	1.107067e+00
1272	1.093039e+00
1273	1.081563e+00
1274	1.072379e+00
1275	1.065496e+00
1276	1.061441e+00
1277	1.060608e+00
1278	1.064431e+00
1279	1.071481e+00
1280	1.081463e+00
1281	1.092750e+00
1282	1.104689e+00
1283	1.116556e+00
1284	1.125789e+00
1285	1.133420e+00
1286	1.139000e+00
1287	1.141996e+00
1288	1.141147e+00
1289	1.135539e+00
1290	1.126858e+00
1291	1.115856e+00
1292	1.103774e+00
1293	1.093143e+00
1294	1.083388e+00
1295	1.073925e+00
1296	1.066860e+00
1297	1.062806e+00
1298	1.061145e+00
1299	1.062407e+00
1300	1.067659e+00
1301	1.077458e+00
1302	1.087853e+00
1303	1.099773e+00
1304	1.110886e+00
1305	1.122584e+00
1306	1.132651e+00
1307	1.140057e+00
1308	1.144718e+00
1309	1.145517e+00
1310	1.143729e+00
1311	1.140453e+00
1312	1.134237e+00
1313	1.126209e+00
1314	1.116540e+00
1315	1.107048e+00
1316	1.097266e+00
1317	1.088356e+00
1318	1.081059e+00
1319	1.074955e+00
1320	1.069272e+00
1321	1.067202e+00
1322	1.068701e+00
1323	1.072471e+00
1324	1.076835e+00
1325	1.082869e+00
1326	1.089748e+00
1327	1.097212e+00
1328	1.104099e+00
1329	1.110212e+00
1330	1.116332e+00
1331	1.121428e+00
1332	1.123126e+00
1333	1.121687e+00
1334	1.118257e+00
1335	1.112980e+00
1336	1.107749e+00
1337	1.101769e+00
1338	1.095834e+00
1339	1.090210e+00
1340	1.084998e+00
1341	1.081890e+00
1342	1.078751e+00
1343	1.077224e+00
1344	1.076142e+00
1345	1.077617e+00
1346	1.081633e+00
1347	1.086367e+00
1348	1.094241e+00
1349	1.102610e+00
1350	1.111364e+00
1351	1.118454e+00
1352	1.123857e+00
1353	1.128038e+00
1354	1.130568e+00
1355	1.131194e+00
1356	1.129108e+00
1357	1.125117e+00
1358	1.120409e+00
1359	1.115399e+00
1360	1.109531e+00
1361	1.103586e+00
1362	1.099398e+00
1363	1.094634e+00
1364	1.090951e+00
1365	1.086827e+00
1366	1.083068e+00
1367	1.080234e+00
1368	1.079790e+00
1369	1.081030e+00
1370	1.083783e+00
1371	1.086808e+00
1372	1.090190e+00
1373	1.095299e+00
1374	1.100227e+00
1375	1.104379e+00
1376	1.107531e+00
1377	1.108035e+00
1378	1.107956e+00
1379	1.107292e+00
1380	1.105355e+00
1381	1.103602e+00
1382	1.100730e+00
1383	1.097374e+00
1384	1.094499e+00
1385	1.090796e+00
1386	1.089340e+00
1387	1.087514e+00
1388	1.085544e+00
1389	1.085544e+00
1390	1.087380e+00
1391	1.087758e+00
1392	1.091944e+00
1393	1.095453e+00
1394	1.100073e+00
1395	1.104038e+00
1396	1.107348e+00
1397	1.110271e+00
1398	1.112203e+00
1399	1.112208e+00
1400	1.111473e+00
1401	1.110877e+00
1402	1.108374e+00
1403	1.106983e+00
1404	1.105762e+00
1405	1.102715e+00
1406	1.099227e+00
1407	1.094946e+00
1408	1.092854e+00
1409	1.093003e+00
1410	1.095035e+00
1411	1.097460e+00
1412	1.099857e+00
1413	1.102963e+00
1414	1.106416e+00
1415	1.111002e+00
1416	1.117347e+00
1417	1.122393e+00
1418	1.124906e+00
1419	1.124775e+00
1420	1.123813e+00
1421	1.120788e+00
1422	1.116360e+00
1423	1.111262e+00
1424	1.106819e+00
1425	1.102703e+00
1426	1.099424e+00
1427	1.096507e+00
1428	1.093732e+00
1429	1.093805e+00
1430	1.093968e+00
1431	1.093223e+00
1432	1.093891e+00
1433	1.096756e+00
1434	1.101313e+00
1435	1.106548e+00
1436	1.112367e+00
1437	1.117505e+00
1438	1.121939e+00
1439	1.125875e+00
1440	1.129428e+00
1441	1.133233e+00
1442	1.135584e+00
1443	1.134899e+00
1444	1.131645e+00
1445	1.126793e+00
1446	1.122595e+00
1447	1.117094e+00
1448	1.110476e+00
1449	1.103245e+00
1450	1.096638e+00
1451	1.090706e+00
1452	1.085114e+00
1453	1.082416e+00
1454	1.081280e+00
1455	1.082531e+00
1456	1.084874e+00
1457	1.088979e+00
1458	1.093867e+00
1459	1.098148e+00
1460	1.103599e+00
1461	1.109597e+00
1462	1.115622e+00
1463	1.120689e+00
1464	1.124518e+00
1465	1.125382e+00
1466	1.123708e+00
1467	1.119110e+00
1468	1.112265e+00
1469	1.104338e+00
1470	1.096005e+00
1471	1.087578e+00
1472	1.079701e+00
1473	1.075366e+00
1474	1.072730e+00
1475	1.071505e+00
1476	1.072967e+00
1477	1.076328e+00
1478	1.080970e+00
1479	1.086671e+00
1480	1.091766e+00
1481	1.098654e+00
1482	1.104205e+00
1483	1.109731e+00
1484	1.114553e+00
1485	1.118199e+00
1486	1.119865e+00
1487	1.117717e+00
1488	1.113187e+00
1489	1.108475e+00
1490	1.103296e+00
1491	1.096730e+00
1492	1.088558e+00
1493	1.081108e+00
1494	1.076013e+00
1495	1.074714e+00
1496	1.076194e+00
1497	1.079776e+00
1498	1.085670e+00
1499	1.091741e+00
1500	1.097498e+00
1501	1.103812e+00
1502	1.108259e+00
1503	1.113350e+00
1504	1.117475e+00
1505	1.119483e+00
1506	1.121125e+00
1507	1.122435e+00
1508	1.121068e+00
1509	1.119195e+00
1510	1.116335e+00
1511	1.112172e+00
1512	1.106643e+00
1513	1.100679e+00
1514	1.094341e+00
1515	1.088920e+00
1516	1.084601e+00
1517	1.082515e+00
1518	1.083233e+00
1519	1.084686e+00
1520	1.087535e+00
1521	1.092405e+00
1522	1.096215e+00
1523	1.099871e+00
1524	1.105764e+00
1525	1.111595e+00
1526	1.117653e+00
1527	1.122487e+00
1528	1.125264e+00
1529	1.126774e+00
1530	1.124853e+00
1531	1.119839e+00
1532	1.112407e+00
1533	1.103359e+00
1534	1.094641e+00
1535	1.088043e+00
1536	1.082689e+00
1537	1.077180e+00
1538	1.074320e+00
1539	1.074154e+00
1540	1.076043e+00
1541	1.080699e+00
1542	1.086795e+00
1543	1.092322e+00
1544	1.097134e+00
1545	1.102342e+00
1546	1.106602e+00
1547	1.108782e+00
1548	1.109572e+00
1549	1.111196e+00
1550	1.111059e+00
1551	1.108881e+00
1552	1.105611e+00
1553	1.100390e+00
1554	1.095139e+00
1555	1.089696e+00
1556	1.083676e+00
1557	1.078870e+00
1558	1.075566e+00
1559	1.072968e+00
1560	1.071779e+00
1561	1.072713e+00
1562	1.075379e+00
1563	1.078774e+00
1564	1.084359e+00
1565	1.092611e+00
1566	1.100790e+00
1567	1.108861e+00
1568	1.116827e+00
1569	1.121653e+00
1570	1.124069e+00
1571	1.122321e+00
1572	1.118984e+00
1573	1.113372e+00
1574	1.106909e+00
1575	1.100233e+00
1576	1.093021e+00
1577	1.086881e+00
1578	1.081874e+00
1579	1.078480e+00
1580	1.075766e+00
1581	1.076082e+00
1582	1.077096e+00
1583	1.080085e+00
1584	1.083730e+00
1585	1.088252e+00
1586	1.094343e+00
1587	1.100684e+00
1588	1.106726e+00
1589	1.112054e+00
1590	1.116402e+00
1591	1.118696e+00
1592	1.119656e+00
1593	1.120546e+00
1594	1.118212e+00
1595	1.113820e+00
1596	1.109031e+00
1597	1.104993e+00
1598	1.100207e+00
1599	1.095154e+00
1600	1.088906e+00
1601	1.084179e+00
1602	1.080636e+00
1603	1.078965e+00
1604	1.079632e+00
1605	1.083246e+00
1606	1.087745e+00
1607	1.093041e+00
1608	1.098719e+00
1609	1.104322e+00
1610	1.109780e+00
1611	1.112736e+00
1612	1.112816e+00
1613	1.111177e+00
1614	1.108582e+00
1615	1.105597e+00
1616	1.102796e+00
1617	1.098874e+00
1618	1.094613e+00
1619	1.089605e+00
1620	1.084324e+00
1621	1.080247e+00
1622	1.076135e+00
1623	1.072362e+00
1624	1.069624e+00
1625	1.069520e+00
1626	1.071564e+00
1627	1.075280e+00
1628	1.081919e+00
1629	1.087858e+00
1630	1.094157e+00
1631	1.098977e+00
1632	1.103329e+00
1633	1.107087e+00
1634	1.110883e+00
1635	1.112314e+00
1636	1.112491e+00
1637	1.113366e+00
1638	1.112866e+00
1639	1.110311e+00
1640	1.105983e+00
1641	1.101760e+00
1642	1.096672e+00
1643	1.093495e+00
1644	1.091535e+00
1645	1.090859e+00
1646	1.091913e+00
1647	1.093751e+00
1648	1.094729e+00
1649	1.096148e+00
1650	1.096697e+00
1651	1.099321e+00
1652	1.101944e+00
1653	1.104814e+00
1654	1.105694e+00
1655	1.107905e+00
1656	1.108583e+00
1657	1.107966e+00
1658	1.107246e+00
1659	1.106499e+00
1660	1.104369e+00
1661	1.101313e+00
1662	1.096582e+00
1663	1.091902e+00
1664	1.087926e+00
1665	1.085644e+00
1666	1.084502e+00
1667	1.083985e+00
1668	1.084823e+00
1669	1.085842e+00
1670	1.087321e+00
1671	1.089757e+00
1672	1.093063e+00
1673	1.096315e+00
1674	1.099897e+00
1675	1.103303e+00
1676	1.107140e+00
1677	1.110844e+00
1678	1.113207e+00
1679	1.115187e+00
1680	1.116260e+00
1681	1.115606e+00
1682	1.114519e+00
1683	1.111164e+00
1684	1.107116e+00
1685	1.103857e+00
1686	1.100289e+00
1687	1.096349e+00
1688	1.093858e+00
1689	1.092631e+00
1690	1.091642e+00
1691	1.091583e+00
1692	1.091497e+00
1693	1.090931e+00
1694	1.089397e+00
1695	1.089345e+00
1696	1.088439e+00
1697	1.088865e+00
1698	1.090029e+00
1699	1.092958e+00
1700	1.095391e+00
1701	1.096605e+00
1702	1.097269e+00
1703	1.096637e+00
1704	1.094675e+00
1705	1.093185e+00
1706	1.092845e+00
1707	1.094183e+00
1708	1.095516e+00
1709	1.095647e+00
1710	1.095869e+00
1711	1.095924e+00
1712	1.094814e+00
1713	1.092844e+00
1714	1.089920e+00
1715	1.087422e+00
1716	1.083980e+00
1717	1.079954e+00
1718	1.079476e+00
1719	1.081440e+00
1720	1.084298e+00
1721	1.088150e+00
1722	1.093474e+00
1723	1.099924e+00
1724	1.105133e+00
1725	1.110581e+00
1726	1.114754e+00
1727	1.117201e+00
1728	1.116992e+00
1729	1.115450e+00
1730	1.112724e+00
1731	1.109654e+00
1732	1.105596e+00
1733	1.101783e+00
1734	1.097706e+00
1735	1.094540e+00
1736	1.092173e+00
1737	1.091586e+00
1738	1.092259e+00
1739	1.094946e+00
1740	1.097901e+00
1741	1.101069e+00
1742	1.104269e+00
1743	1.107423e+00
1744	1.110988e+00
1745	1.113758e+00
1746	1.114728e+00
1747	1.114513e+00
1748	1.113319e+00
1749	1.110126e+00
1750	1.105196e+00
1751	1.100520e+00
1752	1.094873e+00
1753	1.088921e+00
1754	1.082911e+00
1755	1.077591e+00
1756	1.074174e+00
1757	1.073461e+00
1758	1.074437e+00
1759	1.078496e+00
1760	1.085524e+00
1761	1.094587e+00
1762	1.103303e+00
1763	1.111831e+00
1764	1.119481e+00
1765	1.125421e+00
1766	1.128152e+00
1767	1.129198e+00
1768	1.128500e+00
1769	1.127638e+00
1770	1.124885e+00
1771	1.119547e+00
1772	1.113059e+00
1773	1.107258e+00
1774	1.100745e+00
1775	1.094027e+00
1776	1.088329e+00
1777	1.082561e+00
1778	1.079611e+00
1779	1.079140e+00
1780	1.080397e+00
1781	1.084184e+00
1782	1.087274e+00
1783	1.093082e+00
1784	1.099172e+00
1785	1.105135e+00
1786	1.110136e+00
1787	1.114786e+00
1788	1.117751e+00
1789	1.118688e+00
1790	1.118754e+00
1791	1.115832e+00
1792	1.112242e+00
1793	1.108575e+00
1794	1.103734e+00
1795	1.098917e+00
1796	1.093245e+00
1797	1.087881e+00
1798	1.082630e+00
1799	1.080420e+00
1800	1.079565e+00
1801	1.081980e+00
1802	1.085224e+00
1803	1.088759e+00
1804	1.093542e+00
1805	1.100660e+00
1806	1.106615e+00
1807	1.111947e+00
1808	1.117455e+00
1809	1.122032e+00
1810	1.123855e+00
1811	1.123857e+00
1812	1.121155e+00
1813	1.117516e+00
1814	1.114121e+00
1815	1.109190e+00
1816	1.105875e+00
1817	1.102052e+00
1818	1.097109e+00
1819	1.091095e+00
1820	1.085805e+00
1821	1.081292e+00
1822	1.078981e+00
1823	1.079098e+00
1824	1.080778e+00
1825	1.083912e+00
1826	1.089204e+00
1827	1.096257e+00
1828	1.103720e+00
1829	1.110657e+00
1830	1.116524e+00
1831	1.121919e+00
1832	1.126537e+00
1833	1.130236e+00
1834	1.131990e+00
1835	1.133983e+00
1836	1.134485e+00
1837	1.132979e+00
1838	1.128608e+00
1839	1.122080e+00
1840	1.112663e+00
1841	1.103694e+00
1842	1.094312e+00
1843	1.085581e+00
1844	1.077990e+00
1845	1.072605e+00
1846	1.070366e+00
1847	1.071054e+00
1848	1.074613e+00
1849	1.080170e+00
1850	1.088371e+00
1851	1.098332e+00
1852	1.106726e+00
1853	1.115268e+00
1854	1.122967e+00
1855	1.128692e+00
1856	1.131946e+00
1857	1.132364e+00
1858	1.128751e+00
1859	1.122552e+00
1860	1.114462e+00
1861	1.104782e+00
1862	1.094265e+00
1863	1.083739e+00
1864	1.076124e+00
1865	1.068512e+00
1866	1.063518e+00
1867	1.059883e+00
1868	1.057829e+00
1869	1.061360e+00
1870	1.068345e+00
1871	1.077216e+00
1872	1.088657e+00
1873	1.101238e+00
1874	1.114068e+00
1875	1.125975e+00
1876	1.136010e+00
1877	1.142060e+00
1878	1.143667e+00
1879	1.141633e+00
1880	1.135121e+00
1881	1.126004e+00
1882	1.113144e+00
1883	1.098775e+00
1884	1.085576e+00
1885	1.073556e+00
1886	1.063107e+00
1887	1.055637e+00
1888	1.051076e+00
1889	1.051137e+00
1890	1.053618e+00
1891	1.060616e+00
1892	1.071092e+00
1893	1.084010e+00
1894	1.098171e+00
1895	1.112255e+00
1896	1.126961e+00
1897	1.140081e+00
1898	1.148422e+00
1899	1.155542e+00
1900	1.158452e+00
1901	1.157420e+00
1902	1.150466e+00
1903	1.141587e+00
1904	1.129482e+00
1905	1.114651e+00
1906	1.100257e+00
1907	1.086821e+00
1908	1.075323e+00
1909	1.065045e+00
1910	1.058437e+00
1911	1.057349e+00
1912	1.061225e+00
1913	1.069882e+00
1914	1.081535e+00
1915	1.095350e+00
1916	1.109642e+00
1917	1.122886e+00
1918	1.133723e+00
1919	1.142004e+00
1920	1.147145e+00
1921	1.148395e+00
1922	1.147225e+00
1923	1.143307e+00
1924	1.135031e+00
1925	1.124983e+00
1926	1.114179e+00
1927	1.101323e+00
1928	1.090119e+00
1929	1.080800e+00
1930	1.073210e+00
1931	1.068498e+00
1932	1.067393e+00
1933	1.070524e+00
1934	1.077589e+00
1935	1.088241e+00
1936	1.101643e+00
1937	1.116571e+00
1938	1.131109e+00
1939	1.143528e+00
1940	1.152513e+00
1941	1.159017e+00
1942	1.162855e+00
1943	1.163487e+00
1944	1.159010e+00
1945	1.151517e+00
1946	1.139932e+00
1947	1.125717e+00
1948	1.108723e+00
1949	1.090983e+00
1950	1.075807e+00
1951	1.062968e+00
1952	1.052123e+00
1953	1.046160e+00
1954	1.045799e+00
1955	1.049976e+00
1956	1.057593e+00
1957	1.068578e+00
1958	1.080880e+00
1959	1.095313e+00
1960	1.109265e+00
1961	1.123252e+00
1962	1.135172e+00
1963	1.142343e+00
1964	1.146225e+00
1965	1.147430e+00
1966	1.145226e+00
1967	1.139167e+00
1968	1.129860e+00
1969	1.118446e+00
1970	1.104293e+00
1971	1.090786e+00
1972	1.078477e+00
1973	1.067279e+00
1974	1.058466e+00
1975	1.053852e+00
1976	1.054634e+00
1977	1.058835e+00
1978	1.067979e+00
1979	1.079411e+00
1980	1.092276e+00
1981	1.105396e+00
1982	1.118842e+00
1983	1.130226e+00
1984	1.139515e+00
1985	1.147318e+00
1986	1.152535e+00
1987	1.155144e+00
1988	1.153907e+00
1989	1.149483e+00
1990	1.142200e+00
1991	1.131369e+00
1992	1.117828e+00
1993	1.103254e+00
1994	1.088766e+00
1995	1.074596e+00
1996	1.061574e+00
1997	1.052043e+00
1998	1.047000e+00
1999	1.045516e+00
2000	1.047568e+00
2001	1.053726e+00
2002	1.065549e+00
2003	1.080637e+00
2004	1.097121e+00
2005	1.113413e+00
2006	1.127781e+00
2007	1.138939e+00
2008	1.146276e+00
2009	1.149874e+00
2010	1.147163e+00
2011	1.141037e+00
2012	1.129751e+00
2013	1.116676e+00
2014	1.102573e+00
2015	1.087422e+00
2016	1.075140e+00
2017	1.064567e+00
2018	1.055972e+00
2019	1.051373e+00
2020	1.051187e+00
2021	1.056288e+00
2022	1.065538e+00
2023	1.077615e+00
2024	1.090972e+00
2025	1.106172e+00
2026	1.120869e+00
2027	1.134375e+00
2028	1.148915e+00
2029	1.161230e+00
2030	1.171369e+00
2031	1.176806e+00
2032	1.177319e+00
2033	1.174761e+00
2034	1.166795e+00
2035	1.154432e+00
2036	1.139118e+00
2037	1.123307e+00
2038	1.105892e+00
2039	1.088600e+00
2040	1.073569e+00
2041	1.061357e+00
2042	1.052823e+00
2043	1.048399e+00
2044	1.049347e+00
2045	1.056341e+00
2046	1.066513e+00
2047	1.079913e+00
2048	1.093500e+00
2049	1.108472e+00
2050	1.122749e+00
2051	1.134106e+00
2052	1.143516e+00
2053	1.149693e+00
2054	1.151719e+00
2055	1.149978e+00
2056	1.142914e+00
2057	1.132695e+00
2058	1.121322e+00
2059	1.108199e+00
2060	1.094951e+00
2061	1.082699e+00
2062	1.072803e+00
2063	1.065446e+00
2064	1.061111e+00
2065	1.060884e+00
2066	1.063575e+00
2067	1.070326e+00
2068	1.078994e+00
2069	1.089634e+00
2070	1.101953e+00
2071	1.114136e+00
2072	1.124745e+00
2073	1.133359e+00
2074	1.139581e+00
2075	1.141264e+00
2076	1.138315e+00
2077	1.132823e+00
2078	1.126841e+00
2079	1.120083e+00
2080	1.113061e+00
2081	1.105313e+00
2082	1.097367e+00
2083	1.089113e+00
2084	1.082599e+00
2085	1.077666e+00
2086	1.074633e+00
2087	1.073857e+00
2088	1.075143e+00
2089	1.079338e+00
2090	1.084496e+00
2091	1.090682e+00
2092	1.097925e+00
2093	1.105195e+00
2094	1.111597e+00
2095	1.117292e+00
2096	1.121557e+00
2097	1.125907e+00
2098	1.129222e+00
2099	1.129731e+00
2100	1.128832e+00
2101	1.125521e+00
2102	1.120546e+00
2103	1.115000e+00
2104	1.109041e+00
2105	1.103988e+00
2106	1.098586e+00
2107	1.092585e+00
2108	1.088264e+00
2109	1.085335e+00
2110	1.082644e+00
2111	1.080794e+00
2112	1.080410e+00
2113	1.080725e+00
2114	1.080924e+00
2115	1.084134e+00
2116	1.088368e+00
2117	1.093399e+00
2118	1.098988e+00
2119	1.105909e+00
2120	1.113043e+00
2121	1.120615e+00
2122	1.126527e+00
2123	1.130453e+00
2124	1.132313e+00
2125	1.131319e+00
2126	1.128851e+00
2127	1.123151e+00
2128	1.115056e+00
2129	1.106704e+00
2130	1.097798e+00
2131	1.087346e+00
2132	1.079613e+00
2133	1.073417e+00
2134	1.069336e+00
2135	1.067395e+00
2136	1.068988e+00
2137	1.072447e+00
2138	1.079129e+00
2139	1.089083e+00
2140	1.100714e+00
2141	1.113051e+00
2142	1.123347e+00
2143	1.132463e+00
2144	1.138872e+00
2145	1.142799e+00
2146	1.143259e+00
2147	1.140434e+00
2148	1.135040e+00
2149	1.126136e+00
2150	1.115644e+00
2151	1.103875e+00
2152	1.092537e+00
2153	1.082814e+00
2154	1.075679e+00
2155	1.069732e+00
2156	1.066774e+00
2157	1.067568e+00
2158	1.071936e+00
2159	1.077986e+00
2160	1.085613e+00
2161	1.093240e+00
2162	1.100830e+00
2163	1.108602e+00
2164	1.116010e+00
2165	1.122870e+00
2166	1.127592e+00
2167	1.129705e+00
2168	1.128921e+00
2169	1.126203e+00
2170	1.122426e+00
2171	1.117010e+00
2172	1.109484e+00
2173	1.102763e+00
2174	1.095932e+00
2175	1.091746e+00
2176	1.089724e+00
2177	1.087789e+00
2178	1.088157e+00
2179	1.090107e+00
2180	1.093902e+00
2181	1.097334e+00
2182	1.099979e+00
2183	1.101915e+00
2184	1.104298e+00
2185	1.105507e+00
2186	1.106581e+00
2187	1.106441e+00
2188	1.106569e+00
2189	1.108153e+00
2190	1.107955e+00
2191	1.107862e+00
2192	1.105785e+00
2193	1.101910e+00
2194	1.097459e+00
2195	1.091364e+00
2196	1.085332e+00
2197	1.080525e+00
2198	1.077036e+00
2199	1.075774e+00
2200	1.075827e+00
2201	1.079179e+00
2202	1.084341e+00
2203	1.092304e+00
2204	1.100190e+00
2205	1.107794e+00
2206	1.114056e+00
2207	1.118496e+00
2208	1.121149e+00
2209	1.122253e+00
2210	1.122491e+00
2211	1.122024e+00
2212	1.120000e+00
2213	1.116532e+00
2214	1.113452e+00
2215	1.107267e+00
2216	1.101810e+00
2217	1.097604e+00
2218	1.093989e+00
2219	1.090363e+00
2220	1.086700e+00
2221	1.082858e+00
2222	1.079468e+00
2223	1.077376e+00
2224	1.077670e+00
2225	1.080105e+00
2226	1.085314e+00
2227	1.091234e+00
2228	1.096910e+00
2229	1.102734e+00
2230	1.107665e+00
2231	1.110427e+00
2232	1.112792e+00
2233	1.113978e+00
2234	1.114616e+00
2235	1.114009e+00
2236	1.112210e+00
2237	1.108715e+00
2238	1.104155e+00
2239	1.099311e+00
2240	1.095081e+00
2241	1.092383e+00
2242	1.091363e+00
2243	1.090997e+00
2244	1.091703e+00
2245	1.093295e+00
2246	1.095497e+00
2247	1.100464e+00
2248	1.106378e+00
2249	1.111009e+00
2250	1.114989e+00
2251	1.117974e+00
2252	1.119819e+00
2253	1.119654e+00
2254	1.117414e+00
2255	1.114739e+00
2256	1.110872e+00
2257	1.106180e+00
2258	1.101400e+00
2259	1.095588e+00
2260	1.090760e+00
2261	1.086618e+00
2262	1.084853e+00
2263	1.084993e+00
2264	1.085834e+00
2265	1.087776e+00
2266	1.091740e+00
2267	1.097117e+00
2268	1.103210e+00
2269	1.108623e+00
2270	1.114616e+00
2271	1.120363e+00
2272	1.124924e+00
2273	1.127938e+00
2274	1.127386e+00
2275	1.124276e+00
2276	1.119452e+00
2277	1.113964e+00
2278	1.105985e+00
2279	1.097127e+00
2280	1.087854e+00
2281	1.079275e+00
2282	1.071493e+00
2283	1.066091e+00
2284	1.063205e+00
2285	1.063384e+00
2286	1.065245e+00
2287	1.069740e+00
2288	1.075690e+00
2289	1.082010e+00
2290	1.088630e+00
2291	1.097110e+00
2292	1.105163e+00
2293	1.113119e+00
2294	1.120240e+00
2295	1.125383e+00
2296	1.128712e+00
2297	1.127975e+00
2298	1.123322e+00
2299	1.117413e+00
2300	1.108640e+00
2301	1.098858e+00
2302	1.088051e+00
2303	1.077542e+00
2304	1.068807e+00
2305	1.062817e+00
2306	1.060403e+00
2307	1.062217e+00
2308	1.066338e+00
2309	1.073142e+00
2310	1.082249e+00
2311	1.091905e+00
2312	1.102334e+00
2313	1.110283e+00
2314	1.118037e+00
2315	1.124251e+00
2316	1.127741e+00
2317	1.129439e+00
2318	1.129440e+00
2319	1.127909e+00
2320	1.124571e+00
2321	1.118709e+00
2322	1.111866e+00
2323	1.103267e+00
2324	1.093814e+00
2325	1.084786e+00
2326	1.078003e+00
2327	1.074110e+00
2328	1.071902e+00
2329	1.072012e+00
2330	1.074085e+00
2331	1.079562e+00
2332	1.087235e+00
2333	1.096907e+00
2334	1.105301e+00
2335	1.114577e+00
2336	1.123377e+00
2337	1.129153e+00
2338	1.132228e+00
2339	1.133362e+00
2340	1.132809e+00
2341	1.128105e+00
2342	1.120111e+00
2343	1.110455e+00
2344	1.099855e+00
2345	1.089010e+00
2346	1.079823e+00
2347	1.072789e+00
2348	1.068082e+00
2349	1.065894e+00
2350	1.066282e+00
2351	1.069125e+00
2352	1.074865e+00
2353	1.080909e+00
2354	1.088072e+00
2355	1.095373e+00
2356	1.102988e+00
2357	1.110520e+00
2358	1.118203e+00
2359	1.123948e+00
2360	1.128716e+00
2361	1.130383e+00
2362	1.128896e+00
2363	1.124436e+00
2364	1.117561e+00
2365	1.109775e+00
2366	1.101814e+00
2367	1.093184e+00
2368	1.084200e+00
2369	1.077041e+00
2370	1.073122e+00
2371	1.071366e+00
2372	1.071956e+00
2373	1.074232e+00
2374	1.079295e+00
2375	1.087273e+00
2376	1.096810e+00
2377	1.107677e+00
2378	1.116838e+00
2379	1.126125e+00
2380	1.134005e+00
2381	1.138237e+00
2382	1.138337e+00
2383	1.134059e+00
2384	1.127746e+00
2385	1.119398e+00
2386	1.109205e+00
2387	1.098790e+00
2388	1.088306e+00
2389	1.078074e+00
2390	1.069644e+00
2391	1.063529e+00
2392	1.062086e+00
2393	1.065533e+00
2394	1.072615e+00
2395	1.081860e+00
2396	1.093809e+00
2397	1.106821e+00
2398	1.118903e+00
2399	1.129745e+00
2400	1.137051e+00
2401	1.140714e+00
2402	1.140930e+00
2403	1.137602e+00
2404	1.130397e+00
2405	1.120102e+00
2406	1.107917e+00
2407	1.095252e+00
2408	1.082492e+00
2409	1.071813e+00
2410	1.065236e+00
2411	1.063866e+00
2412	1.065585e+00
2413	1.070278e+00
2414	1.077795e+00
2415	1.085935e+00
2416	1.094643e+00
2417	1.103164e+00
2418	1.111355e+00
2419	1.119643e+00
2420	1.125606e+00
2421	1.129418e+00
2422	1.130619e+00
2423	1.130943e+00
2424	1.128756e+00
2425	1.122016e+00
2426	1.114634e+00
2427	1.106365e+00
2428	1.098668e+00
2429	1.090612e+00
2430	1.082810e+00
2431	1.077010e+00
2432	1.073469e+00
2433	1.072755e+00
2434	1.074381e+00
2435	1.079442e+00
2436	1.087027e+00
2437	1.094607e+00
2438	1.102817e+00
2439	1.110038e+00
2440	1.117683e+00
2441	1.125644e+00
2442	1.130597e+00
2443	1.133888e+00
2444	1.134404e+00
2445	1.132798e+00
2446	1.128416e+00
2447	1.122486e+00
2448	1.114274e+00
2449	1.105988e+00
2450	1.099532e+00
2451	1.093105e+00
2452	1.087928e+00
2453	1.084820e+00
2454	1.082052e+00
2455	1.080928e+00
2456	1.081881e+00
2457	1.084225e+00
2458	1.088271e+00
2459	1.093292e+00
2460	1.100768e+00
2461	1.108981e+00
2462	1.116478e+00
2463	1.123205e+00
2464	1.129845e+00
2465	1.134112e+00
2466	1.135218e+00
2467	1.132645e+00
2468	1.126733e+00
2469	1.118503e+00
2470	1.107408e+00
2471	1.094812e+00
2472	1.082816e+00
2473	1.071060e+00
2474	1.060714e+00
2475	1.054077e+00
2476	1.050959e+00
2477	1.051635e+00
2478	1.057924e+00
2479	1.066763e+00
2480	1.077907e+00
2481	1.090252e+00
2482	1.103485e+00
2483	1.116324e+00
2484	1.126993e+00
2485	1.134711e+00
2486	1.140430e+00
2487	1.141223e+00
2488	1.138590e+00
2489	1.132866e+00
2490	1.125680e+00
2491	1.116467e+00
2492	1.106348e+00
2493	1.096136e+00
2494	1.086342e+00
2495	1.078894e+00
2496	1.074036e+00
2497	1.073843e+00
2498	1.074493e+00
2499	1.078615e+00
2500	1.084313e+00
2501	1.093171e+00
2502	1.101701e+00
2503	1.111214e+00
2504	1.119618e+00
2505	1.128073e+00
2506	1.136042e+00
2507	1.142714e+00
2508	1.146064e+00
2509	1.146873e+00
2510	1.145533e+00
2511	1.139925e+00
2512	1.131371e+00
2513	1.119872e+00
2514	1.105378e+00
2515	1.091240e+00
2516	1.076792e+00
2517	1.064487e+00
2518	1.054758e+00
2519	1.049428e+00
2520	1.047541e+00
2521	1.048612e+00
2522	1.054857e+00
2523	1.065565e+00
2524	1.079703e+00
2525	1.094948e+00
2526	1.110806e+00
2527	1.127331e+00
2528	1.142210e+00
2529	1.154852e+00
2530	1.166069e+00
2531	1.174056e+00
2532	1.177561e+00
2533	1.175660e+00
2534	1.169765e+00
2535	1.160371e+00
2536	1.147726e+00
2537	1.131455e+00
2538	1.113254e+00
2539	1.095488e+00
2540	1.079792e+00
2541	1.066686e+00
2542	1.056961e+00
2543	1.050989e+00
2544	1.049621e+00
2545	1.053004e+00
2546	1.059262e+00
2547	1.068517e+00
2548	1.080787e+00
2549	1.095052e+00
2550	1.109161e+00
2551	1.121104e+00
2552	1.131063e+00
2553	1.139220e+00
2554	1.142637e+00
2555	1.143145e+00
2556	1.141245e+00
2557	1.137745e+00
2558	1.132173e+00
2559	1.122089e+00
2560	1.110609e+00
2561	1.098239e+00
2562	1.086819e+00
2563	1.076752e+00
2564	1.067346e+00
2565	1.061930e+00
2566	1.060454e+00
2567	1.061740e+00
2568	1.066332e+00
2569	1.073437e+00
2570	1.083006e+00
2571	1.094738e+00
2572	1.108977e+00
2573	1.122535e+00
2574	1.133995e+00
2575	1.143363e+00
2576	1.148819e+00
2577	1.151592e+00
2578	1.149751e+00
2579	1.145554e+00
2580	1.137919e+00
2581	1.127574e+00
2582	1.115572e+00
2583	1.103037e+00
2584	1.089284e+00
2585	1.075975e+00
2586	1.065643e+00
2587	1.058587e+00
2588	1.055915e+00
2589	1.056508e+00
2590	1.063460e+00
2591	1.073662e+00
2592	1.086167e+00
2593	1.099835e+00
2594	1.113665e+00
2595	1.126127e+00
2596	1.137137e+00
2597	1.145452e+00
2598	1.150902e+00
2599	1.153077e+00
2600	1.149989e+00
2601	1.144371e+00
2602	1.134520e+00
2603	1.123081e+00
2604	1.109590e+00
2605	1.095534e+00
2606	1.082708e+00
2607	1.071564e+00
2608	1.062629e+00
2609	1.056403e+00
2610	1.055431e+00
2611	1.059464e+00
2612	1.066874e+00
2613	1.076983e+00
2614	1.089281e+00
2615	1.104692e+00
2616	1.118468e+00
2617	1.130284e+00
2618	1.139444e+00
2619	1.144194e+00
2620	1.144311e+00
2621	1.140125e+00
2622	1.132014e+00
2623	1.121611e+00
2624	1.108686e+00
2625	1.094290e+00
2626	1.079334e+00
2627	1.066137e+00
2628	1.054652e+00
2629	1.046060e+00
2630	1.040596e+00
2631	1.039461e+00
2632	1.042343e+00
2633	1.048881e+00
2634	1.060399e+00
2635	1.072793e+00
2636	1.086032e+00
2637	1.099777e+00
2638	1.114750e+00
2639	1.127595e+00
2640	1.138242e+00
2641	1.145980e+00
2642	1.150415e+00
2643	1.152085e+00
2644	1.148885e+00
2645	1.142037e+00
2646	1.132049e+00
2647	1.120529e+00
2648	1.107040e+00
2649	1.092034e+00
2650	1.076264e+00
2651	1.060926e+00
2652	1.046713e+00
2653	1.038286e+00
2654	1.035261e+00
2655	1.036821e+00
2656	1.045172e+00
2657	1.059044e+00
2658	1.076269e+00
2659	1.094396e+00
2660	1.114175e+00
2661	1.132084e+00
2662	1.148132e+00
2663	1.159412e+00
2664	1.166768e+00
2665	1.168549e+00
2666	1.165531e+00
2667	1.158216e+00
2668	1.145327e+00
2669	1.129256e+00
2670	1.109515e+00
2671	1.089419e+00
2672	1.069652e+00
2673	1.052494e+00
2674	1.040188e+00
2675	1.033103e+00
2676	1.034624e+00
2677	1.041558e+00
2678	1.052889e+00
2679	1.068081e+00
2680	1.086065e+00
2681	1.104231e+00
2682	1.123432e+00
2683	1.139363e+00
2684	1.152301e+00
2685	1.161500e+00
2686	1.165314e+00
2687	1.164982e+00
2688	1.160243e+00
2689	1.152177e+00
2690	1.139029e+00
2691	1.123710e+00
2692	1.105310e+00
2693	1.085007e+00
2694	1.066293e+00
2695	1.047845e+00
2696	1.035220e+00
2697	1.029871e+00
2698	1.028205e+00
2699	1.032514e+00
2700	1.042651e+00
2701	1.055811e+00
2702	1.070681e+00
2703	1.086978e+00
2704	1.104487e+00
2705	1.120888e+00
2706	1.135632e+00
2707	1.146830e+00
2708	1.153004e+00
2709	1.154089e+00
2710	1.150504e+00
2711	1.142472e+00
2712	1.131227e+00
2713	1.115901e+00
2714	1.098086e+00
2715	1.080771e+00
2716	1.063600e+00
2717	1.048707e+00
2718	1.039850e+00
2719	1.037041e+00
2720	1.039784e+00
2721	1.046910e+00
2722	1.057107e+00
2723	1.069424e+00
2724	1.083892e+00
2725	1.099598e+00
2726	1.115572e+00
2727	1.128905e+00
2728	1.140553e+00
2729	1.148397e+00
2730	1.150806e+00
2731	1.150765e+00
2732	1.147102e+00
2733	1.139882e+00
2734	1.130605e+00
2735	1.118099e+00
2736	1.104612e+00
2737	1.091722e+00
2738	1.079012e+00
2739	1.067291e+00
2740	1.058570e+00
2741	1.054077e+00
2742	1.053092e+00
2743	1.056357e+00
2744	1.063468e+00
2745	1.075694e+00
2746	1.089471e+00
2747	1.104319e+00
2748	1.119412e+00
2749	1.133400e+00
2750	1.145895e+00
2751	1.155080e+00
2752	1.159577e+00
2753	1.160943e+00
2754	1.158472e+00
2755	1.150931e+00
2756	1.139661e+00
2757	1.125619e+00
2758	1.110087e+00
2759	1.094241e+00
2760	1.079460e+00
2761	1.067678e+00
2762	1.060478e+00
2763	1.056904e+00
2764	1.057356e+00
2765	1.060114e+00
2766	1.065797e+00
2767	1.073090e+00
2768	1.081234e+00
2769	1.089864e+00
2770	1.099173e+00
2771	1.107430e+00
2772	1.114898e+00
2773	1.120608e+00
2774	1.123997e+00
2775	1.124743e+00
2776	1.121873e+00
2777	1.116381e+00
2778	1.109720e+00
2779	1.103020e+00
2780	1.094840e+00
2781	1.086869e+00
2782	1.079281e+00
2783	1.072864e+00
2784	1.068737e+00
2785	1.067411e+00
2786	1.067915e+00
2787	1.071489e+00
2788	1.076975e+00
2789	1.083242e+00
2790	1.090357e+00
2791	1.098646e+00
2792	1.106863e+00
2793	1.116551e+00
2794	1.125034e+00
2795	1.132262e+00
2796	1.136738e+00
2797	1.136755e+00
2798	1.133385e+00
2799	1.126299e+00
2800	1.115372e+00
2801	1.101447e+00
2802	1.086896e+00
2803	1.072593e+00
2804	1.059509e+00
2805	1.049702e+00
2806	1.044313e+00
2807	1.043083e+00
2808	1.047887e+00
2809	1.058317e+00
2810	1.071563e+00
2811	1.086452e+00
2812	1.102915e+00
2813	1.119048e+00
2814	1.133902e+00
2815	1.148267e+00
2816	1.159089e+00
2817	1.165692e+00
2818	1.166792e+00
2819	1.163239e+00
2820	1.154088e+00
2821	1.140998e+00
2822	1.124135e+00
2823	1.105374e+00
2824	1.086147e+00
2825	1.069222e+00
2826	1.055224e+00
2827	1.045706e+00
2828	1.043389e+00
2829	1.046429e+00
2830	1.054712e+00
2831	1.066796e+00
2832	1.080580e+00
2833	1.096004e+00
2834	1.111343e+00
2835	1.123991e+00
2836	1.134940e+00
2837	1.141407e+00
2838	1.145825e+00
2839	1.145844e+00
2840	1.141407e+00
2841	1.134296e+00
2842	1.124938e+00
2843	1.112998e+00
2844	1.100211e+00
2845	1.086457e+00
2846	1.072402e+00
2847	1.061341e+00
2848	1.052783e+00
2849	1.048173e+00
2850	1.047837e+00
2851	1.051256e+00
2852	1.056869e+00
2853	1.064952e+00
2854	1.075224e+00
2855	1.087014e+00
2856	1.099280e+00
2857	1.110507e+00
2858	1.119930e+00
2859	1.126812e+00
2860	1.131883e+00
2861	1.133020e+00
2862	1.131489e+00
2863	1.127187e+00
2864	1.121383e+00
2865	1.114176e+00
2866	1.105828e+00
2867	1.097541e+00
2868	1.089545e+00
2869	1.082000e+00
2870	1.075182e+00
2871	1.070923e+00
2872	1.069268e+00
2873	1.068864e+00
2874	1.071606e+00
2875	1.076913e+00
2876	1.084470e+00
2877	1.094655e+00
2878	1.105213e+00
2879	1.116389e+00
2880	1.126177e+00
2881	1.133781e+00
2882	1.137033e+00
2883	1.136721e+00
2884	1.135294e+00
2885	1.133452e+00
2886	1.131063e+00
2887	1.126225e+00
2888	1.120443e+00
2889	1.113798e+00
2890	1.106554e+00
2891	1.099149e+00
2892	1.090819e+00
2893	1.084612e+00
2894	1.080867e+00
2895	1.079946e+00
2896	1.082540e+00
2897	1.088012e+00
2898	1.094388e+00
2899	1.100435e+00
2900	1.106350e+00
2901	1.112266e+00
2902	1.117660e+00
2903	1.121521e+00
2904	1.123406e+00
2905	1.124271e+00
2906	1.123302e+00
2907	1.120489e+00
2908	1.116738e+00
2909	1.112399e+00
2910	1.107692e+00
2911	1.103155e+00
2912	1.099965e+00
2913	1.097307e+00
2914	1.094052e+00
2915	1.093249e+00
2916	1.093884e+00
2917	1.095394e+00
2918	1.096457e+00
2919	1.096724e+00
2920	1.095992e+00
2921	1.094959e+00
2922	1.094412e+00
2923	1.094684e+00
2924	1.095891e+00
2925	1.098226e+00
2926	1.101147e+00
2927	1.104139e+00
2928	1.106164e+00
2929	1.108238e+00
2930	1.108617e+00
2931	1.109196e+00
2932	1.108470e+00
2933	1.106380e+00
2934	1.102180e+00
2935	1.097675e+00
2936	1.093890e+00
2937	1.090974e+00
2938	1.088923e+00
2939	1.087870e+00
2940	1.087252e+00
2941	1.088207e+00
2942	1.089866e+00
2943	1.092096e+00
2944	1.093319e+00
2945	1.095418e+00
2946	1.098226e+00
2947	1.101806e+00
2948	1.104357e+00
2949	1.105191e+00
2950	1.106881e+00
2951	1.108498e+00
2952	1.109400e+00
2953	1.110734e+00
2954	1.110441e+00
2955	1.109409e+00
2956	1.108604e+00
2957	1.106526e+00
2958	1.104740e+00
2959	1.102235e+00
2960	1.099728e+00
2961	1.097891e+00
2962	1.095639e+00
2963	1.094224e+00
2964	1.092702e+00
2965	1.092321e+00
2966	1.090986e+00
2967	1.091258e+00
2968	1.091922e+00
2969	1.092982e+00
2970	1.094235e+00
2971	1.095623e+00
2972	1.097548e+00
2973	1.100969e+00
2974	1.104688e+00
2975	1.108670e+00
2976	1.112887e+00
2977	1.116046e+00
2978	1.118041e+00
2979	1.118393e+00
2980	1.118526e+00
2981	1.116094e+00
2982	1.111727e+00
2983	1.107307e+00
2984	1.101703e+00
2985	1.096722e+00
2986	1.091548e+00
2987	1.087895e+00
2988	1.086932e+00
2989	1.085495e+00
2990	1.084641e+00
2991	1.084786e+00
2992	1.085683e+00
2993	1.085672e+00
2994	1.087396e+00
2995	1.088864e+00
2996	1.089524e+00
2997	1.091263e+00
2998	1.092796e+00
2999	1.095526e+00
3000	1.098710e+00
3001	1.099571e+00
3002	1.100644e+00
3003	1.103595e+00
3004	1.105563e+00
3005	1.107770e+00
3006	1.109837e+00
3007	1.111102e+00
3008	1.111986e+00
3009	1.111824e+00
3010	1.110095e+00
3011	1.108039e+00
3012	1.105707e+00
3013	1.102739e+00
3014	1.098972e+00
3015	1.095104e+00
3016	1.092176e+00
3017	1.088761e+00
3018	1.086703e+00
3019	1.085059e+00
3020	1.083875e+00
3021	1.083126e+00
3022	1.083089e+00
3023	1.083100e+00
3024	1.083719e+00
3025	1.086532e+00
3026	1.088667e+00
3027	1.093723e+00
3028	1.099404e+00
3029	1.104380e+00
3030	1.108611e+00
3031	1.111489e+00
3032	1.113243e+00
3033	1.114487e+00
3034	1.113216e+00
3035	1.110117e+00
3036	1.105579e+00
3037	1.102092e+00
3038	1.097253e+00
3039	1.093032e+00
3040	1.090581e+00
3041	1.091428e+00
3042	1.093389e+00
3043	1.094405e+00
3044	1.095478e+00
3045	1.094880e+00
3046	1.094385e+00
3047	1.092713e+00
3048	1.092167e+00
3049	1.091674e+00
3050	1.091613e+00
3051	1.091803e+00
3052	1.093836e+00
3053	1.096551e+00
3054	1.098965e+00
3055	1.099963e+00
3056	1.100775e+00
3057	1.102737e+00
3058	1.104104e+00
3059	1.103866e+00
3060	1.101136e+00
3061	1.097999e+00
3062	1.093308e+00
3063	1.088595e+00
3064	1.085282e+00
3065	1.081254e+00
3066	1.079404e+00
3067	1.079889e+00
3068	1.081626e+00
3069	1.085108e+00
3070	1.089610e+00
3071	1.095184e+00
3072	1.101407e+00
3073	1.106902e+00
3074	1.111361e+00
3075	1.114677e+00
3076	1.116783e+00
3077	1.117381e+00
3078	1.116833e+00
3079	1.116601e+00
3080	1.114859e+00
3081	1.112100e+00
3082	1.109412e+00
3083	1.106721e+00
3084	1.105505e+00
3085	1.103132e+00
3086	1.100512e+00
3087	1.098164e+00
3088	1.096740e+00
3089	1.094569e+00
3090	1.093959e+00
3091	1.094589e+00
3092	1.095800e+00
3093	1.098325e+00
3094	1.101208e+00
3095	1.103975e+00
3096	1.105880e+00
3097	1.106391e+00
3098	1.104914e+00
3099	1.103970e+00
3100	1.104383e+00
3101	1.104458e+00
3102	1.104067e+00
3103	1.103101e+00
3104	1.100897e+00
3105	1.099030e+00
3106	1.098314e+00
3107	1.096613e+00
3108	1.094723e+00
3109	1.093040e+00
3110	1.091120e+00
3111	1.088560e+00
3112	1.088088e+00
3113	1.089272e+00
3114	1.090568e+00
3115	1.092312e+00
3116	1.094665e+00
3117	1.097464e+00
3118	1.100113e+00
3119	1.103108e+00
3120	1.105111e+00
3121	1.104709e+00
3122	1.103624e+00
3123	1.103258e+00
3124	1.103257e+00
3125	1.103490e+00
3126	1.103456e+00
3127	1.102547e+00
3128	1.101572e+00
3129	1.100773e+00
3130	1.098481e+00
3131	1.096917e+00
3132	1.096697e+00
3133	1.097402e+00
3134	1.098370e+00
3135	1.100066e+00
3136	1.101137e+00
3137	1.101543e+00
3138	1.101228e+00
3139	1.101520e+00
3140	1.102373e+00
3141	1.103190e+00
3142	1.104473e+00
3143	1.105583e+00
3144	1.104574e+00
3145	1.103637e+00
3146	1.101600e+00
3147	1.098411e+00
3148	1.094629e+00
3149	1.092026e+00
3150	1.090840e+00
3151	1.089591e+00
3152	1.090334e+00
3153	1.093368e+00
3154	1.097724e+00
3155	1.101174e+00
3156	1.103592e+00
3157	1.105140e+00
3158	1.107412e+00
3159	1.109362e+00
3160	1.110626e+00
3161	1.110702e+00
3162	1.111680e+00
3163	1.111355e+00
3164	1.109565e+00
3165	1.107299e+00
3166	1.104612e+00
3167	1.100872e+00
3168	1.097508e+00
3169	1.094974e+00
3170	1.092358e+00
3171	1.091291e+00
3172	1.090824e+00
3173	1.089466e+00
3174	1.088391e+00
3175	1.088196e+00
3176	1.089206e+00
3177	1.090718e+00
3178	1.094207e+00
3179	1.097717e+00
3180	1.099586e+00
3181	1.100988e+00
3182	1.101683e+00
3183	1.101347e+00
3184	1.101659e+00
3185	1.102210e+00
3186	1.103783e+00
3187	1.104126e+00
3188	1.102756e+00
3189	1.102176e+00
3190	1.101573e+00
3191	1.100461e+00
3192	1.099686e+00
3193	1.098263e+00
3194	1.095668e+00
3195	1.094946e+00
3196	1.094666e+00
3197	1.093860e+00
3198	1.093683e+00
3199	1.094103e+00
3200	1.093029e+00
3201	1.093194e+00
3202	1.094907e+00
3203	1.097363e+00
3204	1.100799e+00
3205	1.103581e+00
3206	1.105268e+00
3207	1.107986e+00
3208	1.110244e+00
3209	1.110330e+00
3210	1.108803e+00
3211	1.105070e+00
3212	1.100241e+00
3213	1.096532e+00
3214	1.092002e+00
3215	1.089727e+00
3216	1.088493e+00
3217	1.088120e+00
3218	1.089449e+00
3219	1.091925e+00
3220	1.095232e+00
3221	1.098683e+00
3222	1.099225e+00
3223	1.099996e+00
3224	1.102218e+00
3225	1.103991e+00
3226	1.106387e+00
3227	1.107782e+00
3228	1.110421e+00
3229	1.113141e+00
3230	1.114941e+00
3231	1.116490e+00
3232	1.117670e+00
3233	1.117972e+00
3234	1.117076e+00
3235	1.115141e+00
3236	1.113849e+00
3237	1.112509e+00
3238	1.109878e+00
3239	1.106437e+00
3240	1.102028e+00
3241	1.098122e+00
3242	1.094699e+00
3243	1.091017e+00
3244	1.088856e+00
3245	1.088802e+00
3246	1.090195e+00
3247	1.092173e+00
3248	1.094881e+00
3249	1.100365e+00
3250	1.105432e+00
3251	1.110660e+00
3252	1.115098e+00
3253	1.117703e+00
3254	1.119875e+00
3255	1.121277e+00
3256	1.120522e+00
3257	1.117973e+00
3258	1.113366e+00
3259	1.107863e+00
3260	1.100022e+00
3261	1.091728e+00
3262	1.084865e+00
3263	1.080509e+00
3264	1.077393e+00
3265	1.076923e+00
3266	1.077862e+00
3267	1.079791e+00
3268	1.082485e+00
3269	1.085357e+00
3270	1.087713e+00
3271	1.090427e+00
3272	1.094890e+00
3273	1.098685e+00
3274	1.101666e+00
3275	1.105280e+00
3276	1.108551e+00
3277	1.109142e+00
3278	1.108049e+00
3279	1.105593e+00
3280	1.100929e+00
3281	1.097359e+00
3282	1.093285e+00
3283	1.089882e+00
3284	1.086950e+00
3285	1.083767e+00
3286	1.080470e+00
3287	1.078521e+00
3288	1.078959e+00
3289	1.082068e+00
3290	1.085083e+00
3291	1.089521e+00
3292	1.094780e+00
3293	1.099861e+00
3294	1.106168e+00
3295	1.112222e+00
3296	1.117805e+00
3297	1.122574e+00
3298	1.126299e+00
3299	1.127908e+00
3300	1.126898e+00
3301	1.124542e+00
3302	1.120716e+00
3303	1.116102e+00
3304	1.109317e+00
3305	1.100827e+00
3306	1.092485e+00
3307	1.083546e+00
3308	1.075453e+00
3309	1.070994e+00
3310	1.070013e+00
3311	1.072172e+00
3312	1.075737e+00
3313	1.081864e+00
3314	1.090021e+00
3315	1.099786e+00
3316	1.109081e+00
3317	1.117195e+00
3318	1.124783e+00
3319	1.130003e+00
3320	1.132577e+00
3321	1.132726e+00
3322	1.129218e+00
3323	1.123096e+00
3324	1.114479e+00
3325	1.105948e+00
3326	1.099024e+00
3327	1.094597e+00
3328	1.090502e+00
3329	1.087851e+00
3330	1.087226e+00
3331	1.087152e+00
3332	1.087960e+00
3333	1.089501e+00
3334	1.092365e+00
3335	1.096212e+00
3336	1.103187e+00
3337	1.109888e+00
3338	1.116739e+00
3339	1.122534e+00
3340	1.127402e+00
3341	1.130276e+00
3342	1.129732e+00
3343	1.126965e+00
3344	1.121735e+00
3345	1.115709e+00
3346	1.108153e+00
3347	1.100954e+00
3348	1.093912e+00
3349	1.087104e+00
3350	1.080440e+00
3351	1.075613e+00
3352	1.072452e+00
3353	1.071330e+00
3354	1.072023e+00
3355	1.074284e+00
3356	1.078860e+00
3357	1.084440e+00
3358	1.091492e+00
3359	1.099444e+00
3360	1.107975e+00
3361	1.116130e+00
3362	1.122835e+00
3363	1.128352e+00
3364	1.130859e+00
3365	1.130128e+00
3366	1.125934e+00
3367	1.120557e+00
3368	1.114746e+00
3369	1.108776e+00
3370	1.101757e+00
3371	1.094771e+00
3372	1.087475e+00
3373	1.081025e+00
3374	1.075893e+00
3375	1.071240e+00
3376	1.068622e+00
3377	1.068112e+00
3378	1.069100e+00
3379	1.072264e+00
3380	1.077361e+00
3381	1.085808e+00
3382	1.094894e+00
3383	1.104256e+00
3384	1.113619e+00
3385	1.122868e+00
3386	1.130568e+00
3387	1.135343e+00
3388	1.137794e+00
3389	1.137470e+00
3390	1.136427e+00
3391	1.132385e+00
3392	1.125597e+00
3393	1.117262e+00
3394	1.106634e+00
3395	1.096355e+00
3396	1.087619e+00
3397	1.080069e+00
3398	1.074440e+00
3399	1.072161e+00
3400	1.075074e+00
3401	1.081380e+00
3402	1.089338e+00
3403	1.098892e+00
3404	1.107477e+00
3405	1.115379e+00
3406	1.121951e+00
3407	1.126665e+00
3408	1.130218e+00
3409	1.131691e+00
3410	1.131275e+00
3411	1.129167e+00
3412	1.125078e+00
3413	1.119432e+00
3414	1.112302e+00
3415	1.104345e+00
3416	1.095763e+00
3417	1.088432e+00
3418	1.081312e+00
3419	1.076406e+00
3420	1.073796e+00
3421	1.074234e+00
3422	1.076625e+00
3423	1.081023e+00
3424	1.088140e+00
3425	1.096325e+00
3426	1.105488e+00
3427	1.116345e+00
3428	1.125387e+00
3429	1.132967e+00
3430	1.137774e+00
3431	1.140621e+00
3432	1.140626e+00
3433	1.137662e+00
3434	1.131729e+00
3435	1.122851e+00
3436	1.110722e+00
3437	1.098296e+00
3438	1.086579e+00
3439	1.076007e+00
3440	1.066337e+00
3441	1.059942e+00
3442	1.056198e+00
3443	1.055765e+00
3444	1.059737e+00
3445	1.068513e+00
3446	1.078811e+00
3447	1.091701e+00
3448	1.104733e+00
3449	1.117286e+00
3450	1.128191e+00
3451	1.136042e+00
3452	1.142063e+00
3453	1.145731e+00
3454	1.145626e+00
3455	1.142687e+00
3456	1.135543e+00
3457	1.124250e+00
3458	1.111392e+00
3459	1.098389e+00
3460	1.085251e+00
3461	1.072656e+00
3462	1.060233e+00
3463	1.051476e+00
3464	1.046590e+00
3465	1.046986e+00
3466	1.052398e+00
3467	1.061474e+00
3468	1.072884e+00
3469	1.085998e+00
3470	1.099621e+00
3471	1.113059e+00
3472	1.124010e+00
3473	1.130679e+00
3474	1.134935e+00
3475	1.137320e+00
3476	1.136383e+00
3477	1.132614e+00
3478	1.125411e+00
3479	1.116689e+00
3480	1.106400e+00
3481	1.093706e+00
3482	1.080413e+00
3483	1.069835e+00
3484	1.061369e+00
3485	1.055361e+00
3486	1.055372e+00
3487	1.060268e+00
3488	1.069124e+00
3489	1.081749e+00
3490	1.096035e+00
3491	1.110868e+00
3492	1.125910e+00
3493	1.138825e+00
3494	1.148866e+00
3495	1.156112e+00
3496	1.159583e+00
3497	1.158319e+00
3498	1.152882e+00
3499	1.143889e+00
3500	1.131212e+00
3501	1.115650e+00
3502	1.099779e+00
3503	1.083682e+00
3504	1.068731e+00
3505	1.055852e+00
3506	1.047266e+00
3507	1.043651e+00
3508	1.044444e+00
3509	1.049890e+00
3510	1.060200e+00
3511	1.072537e+00
3512	1.086956e+00
3513	1.101295e+00
3514	1.115610e+00
3515	1.127979e+00
3516	1.136230e+00
3517	1.141757e+00
3518	1.145543e+00
3519	1.146121e+00
3520	1.145506e+00
3521	1.141333e+00
3522	1.134938e+00
3523	1.126142e+00
3524	1.116402e+00
3525	1.107615e+00
3526	1.097613e+00
3527	1.087879e+00
3528	1.079637e+00
3529	1.072501e+00
3530	1.068752e+00
3531	1.067202e+00
3532	1.068604e+00
3533	1.071731e+00
3534	1.076157e+00
3535	1.081903e+00
3536	1.088697e+00
3537	1.095108e+00
3538	1.101152e+00
3539	1.108132e+00
3540	1.113485e+00
3541	1.116983e+00
3542	1.120001e+00
3543	1.121732e+00
3544	1.120025e+00
3545	1.116415e+00
3546	1.111039e+00
3547	1.104402e+00
3548	1.097346e+00
3549	1.091784e+00
3550	1.085894e+00
3551	1.080521e+00
3552	1.074843e+00
3553	1.070036e+00
3554	1.068359e+00
3555	1.068790e+00
3556	1.072345e+00
3557	1.078845e+00
3558	1.086953e+00
3559	1.097317e+00
3560	1.107438e+00
3561	1.116490e+00
3562	1.124022e+00
3563	1.130808e+00
3564	1.134945e+00
3565	1.135008e+00
3566	1.132719e+00
3567	1.127088e+00
3568	1.120427e+00
3569	1.112119e+00
3570	1.103227e+00
3571	1.093261e+00
3572	1.085534e+00
3573	1.080067e+00
3574	1.077933e+00
3575	1.079016e+00
3576	1.082984e+00
3577	1.089388e+00
3578	1.097687e+00
3579	1.107523e+00
3580	1.116622e+00
3581	1.125185e+00
3582	1.131391e+00
3583	1.134037e+00
3584	1.134775e+00
3585	1.134248e+00
3586	1.132119e+00
3587	1.128073e+00
3588	1.122767e+00
3589	1.117960e+00
3590	1.112529e+00
3591	1.108264e+00
3592	1.104497e+00
3593	1.099854e+00
3594	1.095223e+00
3595	1.090838e+00
3596	1.087708e+00
3597	1.086040e+00
3598	1.085838e+00
3599	1.086823e+00
3600	1.087985e+00
3601	1.090817e+00
3602	1.097003e+00
3603	1.103462e+00
3604	1.110377e+00
3605	1.116615e+00
3606	1.121249e+00
3607	1.123677e+00
3608	1.125400e+00
3609	1.125967e+00
3610	1.124049e+00
3611	1.121069e+00
3612	1.117273e+00
3613	1.112762e+00
3614	1.107662e+00
3615	1.102710e+00
3616	1.096416e+00
3617	1.091519e+00
3618	1.086819e+00
3619	1.083472e+00
3620	1.080470e+00
3621	1.078698e+00
3622	1.077988e+00
3623	1.079325e+00
3624	1.081864e+00
3625	1.085820e+00
3626	1.091058e+00
3627	1.095650e+00
3628	1.101052e+00
3629	1.105544e+00
3630	1.109492e+00
3631	1.113409e+00
3632	1.114985e+00
3633	1.115188e+00
3634	1.113293e+00
3635	1.110458e+00
3636	1.107664e+00
3637	1.104249e+00
3638	1.101198e+00
3639	1.099592e+00
3640	1.097560e+00
3641	1.094416e+00
3642	1.092309e+00
3643	1.090389e+00
3644	1.087440e+00
3645	1.085910e+00
3646	1.085550e+00
3647	1.086708e+00
3648	1.088593e+00
3649	1.090948e+00
3650	1.093197e+00
3651	1.096883e+00
3652	1.100599e+00
3653	1.104526e+00
3654	1.108711e+00
3655	1.113284e+00
3656	1.117606e+00
3657	1.122287e+00
3658	1.126091e+00
3659	1.129501e+00
3660	1.131005e+00
3661	1.132038e+00
3662	1.130900e+00
3663	1.126069e+00
3664	1.119219e+00
3665	1.113241e+00
3666	1.107354e+00
3667	1.101253e+00
3668	1.094559e+00
3669	1.087784e+00
3670	1.083405e+00
3671	1.079924e+00
3672	1.078208e+00
3673	1.079377e+00
3674	1.082562e+00
3675	1.088576e+00
3676	1.094929e+00
3677	1.100630e+00
3678	1.107679e+00
3679	1.113306e+00
3680	1.118910e+00
3681	1.122974e+00
3682	1.125176e+00
3683	1.124692e+00
3684	1.124902e+00
3685	1.122545e+00
3686	1.119369e+00
3687	1.114843e+00
3688	1.109072e+00
3689	1.104606e+00
3690	1.099631e+00
3691	1.095597e+00
3692	1.092090e+00
3693	1.090397e+00
3694	1.089537e+00
3695	1.090720e+00
3696	1.094392e+00
3697	1.098491e+00
3698	1.102385e+00
3699	1.107125e+00
3700	1.111142e+00
3701	1.113598e+00
3702	1.116109e+00
3703	1.118673e+00
3704	1.119682e+00
3705	1.119969e+00
3706	1.118297e+00
3707	1.113755e+00
3708	1.109183e+00
3709	1.102202e+00
3710	1.094545e+00
3711	1.086735e+00
3712	1.080718e+00
3713	1.076640e+00
3714	1.074788e+00
3715	1.074892e+00
3716	1.078995e+00
3717	1.085129e+00
3718	1.092560e+00
3719	1.099521e+00
3720	1.105543e+00
3721	1.111199e+00
3722	1.114550e+00
3723	1.116724e+00
3724	1.117160e+00
3725	1.116579e+00
3726	1.115968e+00
3727	1.111660e+00
3728	1.107367e+00
3729	1.102171e+00
3730	1.096265e+00
3731	1.090471e+00
3732	1.084980e+00
3733	1.080974e+00
3734	1.078551e+00
3735	1.076954e+00
3736	1.076830e+00
3737	1.078812e+00
3738	1.081347e+00
3739	1.085573e+00
3740	1.090137e+00
3741	1.095547e+00
3742	1.101008e+00
3743	1.106775e+00
3744	1.112321e+00
3745	1.117005e+00
3746	1.120325e+00
3747	1.121633e+00
3748	1.119931e+00
3749	1.115266e+00
3750	1.108910e+00
3751	1.103065e+00
3752	1.096616e+00
3753	1.090876e+00
3754	1.086059e+00
3755	1.084544e+00
3756	1.086364e+00
3757	1.090103e+00
3758	1.094572e+00
3759	1.099171e+00
3760	1.104027e+00
3761	1.109918e+00
3762	1.118576e+00
3763	1.126042e+00
3764	1.131575e+00
3765	1.134560e+00
3766	1.135347e+00
3767	1.134129e+00
3768	1.129664e+00
3769	1.122683e+00
3770	1.114051e+00
3771	1.106461e+00
3772	1.098521e+00
3773	1.091093e+00
3774	1.084335e+00
3775	1.077560e+00
3776	1.072591e+00
3777	1.068528e+00
3778	1.068397e+00
3779	1.070912e+00
3780	1.075914e+00
3781	1.081904e+00
3782	1.090351e+00
3783	1.099506e+00
3784	1.108446e+00
3785	1.115311e+00
3786	1.120659e+00
3787	1.123423e+00
3788	1.124897e+00
3789	1.125491e+00
3790	1.123108e+00
3791	1.119537e+00
3792	1.113915e+00
3793	1.107592e+00
3794	1.101362e+00
3795	1.095823e+00
3796	1.089983e+00
3797	1.084392e+00
3798	1.080958e+00
3799	1.078797e+00
3800	1.079360e+00
3801	1.080931e+00
3802	1.082442e+00
3803	1.085094e+00
3804	1.089242e+00
3805	1.093308e+00
3806	1.097195e+00
3807	1.103040e+00
3808	1.108025e+00
3809	1.111900e+00
3810	1.113960e+00
3811	1.115560e+00
3812	1.117393e+00
3813	1.118723e+00
3814	1.119156e+00
3815	1.117808e+00
3816	1.113623e+00
3817	1.110746e+00
3818	1.106802e+00
3819	1.102968e+00
3820	1.098226e+00
3821	1.093099e+00
3822	1.090047e+00
3823	1.087355e+00
3824	1.084872e+00
3825	1.083182e+00
3826	1.082693e+00
3827	1.083882e+00
3828	1.086147e+00
3829	1.090165e+00
3830	1.093800e+00
3831	1.099237e+00
3832	1.104507e+00
3833	1.109627e+00
3834	1.114704e+00
3835	1.116629e+00
3836	1.118805e+00
3837	1.119893e+00
3838	1.120476e+00
3839	1.118454e+00
3840	1.114271e+00
3841	1.109507e+00
3842	1.102931e+00
3843	1.098762e+00
3844	1.095426e+00
3845	1.092027e+00
3846	1.090358e+00
3847	1.090165e+00
3848	1.089128e+00
3849	1.089032e+00
3850	1.089589e+00
3851	1.090167e+00
3852	1.091202e+00
3853	1.093934e+00
3854	1.098509e+00
3855	1.103837e+00
3856	1.109355e+00
3857	1.113918e+00
3858	1.118116e+00
3859	1.121448e+00
3860	1.124287e+00
3861	1.125218e+00
3862	1.123374e+00
3863	1.119932e+00
3864	1.114497e+00
3865	1.108095e+00
3866	1.101118e+00
3867	1.092975e+00
3868	1.084485e+00
3869	1.076655e+00
3870	1.071104e+00
3871	1.067290e+00
3872	1.065259e+00
3873	1.066368e+00
3874	1.068096e+00
3875	1.072644e+00
3876	1.078597e+00
3877	1.086015e+00
3878	1.094905e+00
3879	1.103770e+00
3880	1.111401e+00
3881	1.117374e+00
3882	1.121667e+00
3883	1.122916e+00
3884	1.121287e+00
3885	1.116529e+00
3886	1.108619e+00
3887	1.101642e+00
3888	1.094219e+00
3889	1.087814e+00
3890	1.080652e+00
3891	1.074020e+00
3892	1.069522e+00
3893	1.067165e+00
3894	1.067926e+00
3895	1.072200e+00
3896	1.079628e+00
3897	1.089319e+00
3898	1.098770e+00
3899	1.106529e+00
3900	1.113594e+00
3901	1.120598e+00
3902	1.124129e+00
3903	1.126781e+00
3904	1.127178e+00
3905	1.124116e+00
3906	1.118223e+00
3907	1.110549e+00
3908	1.101578e+00
3909	1.092286e+00
3910	1.083430e+00
3911	1.073353e+00
3912	1.066091e+00
3913	1.061783e+00
3914	1.060977e+00
3915	1.064066e+00
3916	1.072255e+00
3917	1.082403e+00
3918	1.094811e+00
3919	1.108057e+00
3920	1.119810e+00
3921	1.130275e+00
3922	1.139742e+00
3923	1.145857e+00
3924	1.148337e+00
3925	1.145791e+00
3926	1.140135e+00
3927	1.132922e+00
3928	1.125146e+00
3929	1.117754e+00
3930	1.110104e+00
3931	1.099583e+00
3932	1.089828e+00
3933	1.081690e+00
3934	1.074336e+00
3935	1.069314e+00
3936	1.066783e+00
3937	1.066037e+00
3938	1.068225e+00
3939	1.073046e+00
3940	1.080862e+00
3941	1.090797e+00
3942	1.101924e+00
3943	1.112686e+00
3944	1.123831e+00
3945	1.131859e+00
3946	1.138564e+00
3947	1.144790e+00
3948	1.147034e+00
3949	1.148817e+00
3950	1.146192e+00
3951	1.141314e+00
3952	1.133046e+00
3953	1.124641e+00
3954	1.115094e+00
3955	1.105170e+00
3956	1.094899e+00
3957	1.084485e+00
3958	1.076629e+00
3959	1.070226e+00
3960	1.066490e+00
3961	1.067275e+00
3962	1.071153e+00
3963	1.078314e+00
3964	1.088617e+00
3965	1.100666e+00
3966	1.113583e+00
3967	1.126746e+00
3968	1.138853e+00
3969	1.148874e+00
3970	1.155687e+00
3971	1.160281e+00
3972	1.161659e+00
3973	1.157286e+00
3974	1.148625e+00
3975	1.139131e+00
3976	1.126509e+00
3977	1.112810e+00
3978	1.096890e+00
3979	1.081472e+00
3980	1.066501e+00
3981	1.054390e+00
3982	1.045871e+00
3983	1.041634e+00
3984	1.041370e+00
3985	1.045100e+00
3986	1.053367e+00
3987	1.064934e+00
3988	1.077939e+00
3989	1.093696e+00
3990	1.108766e+00
3991	1.121487e+00
3992	1.132452e+00
3993	1.141082e+00
3994	1.145516e+00
3995	1.145965e+00
3996	1.142555e+00
3997	1.135018e+00
3998	1.125873e+00
3999	1.115809e+00
4000	1.104125e+00
4001	1.090566e+00
4002	1.077619e+00
4003	1.066075e+00
4004	1.056967e+00
4005	1.050831e+00
4006	1.047837e+00
4007	1.050253e+00
4008	1.057675e+00
4009	1.068279e+00
4010	1.082067e+00
4011	1.097099e+00
4012	1.114220e+00
4013	1.131227e+00
4014	1.144432e+00
4015	1.154310e+00
4016	1.160167e+00
4017	1.162140e+00
4018	1.158596e+00
4019	1.149291e+00
4020	1.137210e+00
4021	1.120178e+00
4022	1.100567e+00
4023	1.079159e+00
4024	1.059666e+00
4025	1.043267e+00
4026	1.032005e+00
4027	1.029066e+00
4028	1.032585e+00
4029	1.041891e+00
4030	1.056935e+00
4031	1.075583e+00
4032	1.095322e+00
4033	1.115672e+00
4034	1.134454e+00
4035	1.151688e+00
4036	1.164723e+00
4037	1.172223e+00
4038	1.171771e+00
4039	1.166762e+00
4040	1.156922e+00
4041	1.146159e+00
4042	1.130797e+00
4043	1.115012e+00
4044	1.097513e+00
4045	1.080174e+00
4046	1.064594e+00
4047	1.054306e+00
4048	1.050587e+00
4049	1.054195e+00
4050	1.062466e+00
4051	1.073705e+00
4052	1.086167e+00
4053	1.099919e+00
4054	1.111759e+00
4055	1.122319e+00
4056	1.131783e+00
4057	1.138743e+00
4058	1.142476e+00
4059	1.142887e+00
4060	1.139628e+00
4061	1.134044e+00
4062	1.126845e+00
4063	1.117108e+00
4064	1.106391e+00
4065	1.096504e+00
4066	1.086565e+00
4067	1.078591e+00
4068	1.072752e+00
4069	1.069953e+00
4070	1.071398e+00
4071	1.076414e+00
4072	1.083155e+00
4073	1.090303e+00
4074	1.097739e+00
4075	1.105292e+00
4076	1.112886e+00
4077	1.119383e+00
4078	1.125118e+00
4079	1.129641e+00
4080	1.131168e+00
4081	1.131448e+00
4082	1.129167e+00
4083	1.126021e+00
4084	1.119853e+00
4085	1.113325e+00
4086	1.106365e+00
4087	1.099596e+00
4088	1.091102e+00
4089	1.082461e+00
4090	1.075725e+00
4091	1.070449e+00
4092	1.069260e+00
4093	1.071269e+00
4094	1.074474e+00
4095	1.079406e+00
4096	1.086401e+00
4097	1.095163e+00
4098	1.103122e+00
4099	1.111263e+00
4100	1.118241e+00
4101	1.123737e+00
4102	1.127294e+00
4103	1.127584e+00
4104	1.126311e+00
4105	1.122526e+00
4106	1.115980e+00
4107	1.108573e+00
4108	1.101029e+00
4109	1.093290e+00
4110	1.086780e+00
4111	1.080099e+00
4112	1.074870e+00
4113	1.072771e+00
4114	1.073312e+00
4115	1.075467e+00
4116	1.081774e+00
4117	1.090660e+00
4118	1.099890e+00
4119	1.108203e+00
4120	1.113406e+00
4121	1.115071e+00
4122	1.113138e+00
4123	1.111902e+00
4124	1.109516e+00
4125	1.105591e+00
4126	1.100576e+00
4127	1.097381e+00
4128	1.094854e+00
4129	1.091325e+00
4130	1.089007e+00
4131	1.087173e+00
4132	1.086602e+00
4133	1.087019e+00
4134	1.089211e+00
4135	1.093051e+00
4136	1.096780e+00
4137	1.099116e+00
4138	1.102655e+00
4139	1.105256e+00
4140	1.108437e+00
4141	1.110803e+00
4142	1.112822e+00
4143	1.114123e+00
4144	1.113876e+00
4145	1.113078e+00
4146	1.110570e+00
4147	1.107898e+00
4148	1.105856e+00
4149	1.101180e+00
4150	1.096903e+00
4151	1.092346e+00
4152	1.088385e+00
4153	1.084942e+00
4154	1.082811e+00
4155	1.082885e+00
4156	1.084501e+00
4157	1.086398e+00
4158	1.090057e+00
4159	1.092640e+00
4160	1.096471e+00
4161	1.099161e+00
4162	1.101006e+00
4163	1.101193e+00
4164	1.101261e+00
4165	1.100037e+00
4166	1.098143e+00
4167	1.096375e+00
4168	1.093737e+00
4169	1.089982e+00
4170	1.086430e+00
4171	1.082694e+00
4172	1.079244e+00
4173	1.075888e+00
4174	1.075091e+00
4175	1.076224e+00
4176	1.078362e+00
4177	1.081874e+00
4178	1.087280e+00
4179	1.095206e+00
4180	1.103317e+00
4181	1.111276e+00
4182	1.118542e+00
4183	1.122315e+00
4184	1.124991e+00
4185	1.123656e+00
4186	1.120014e+00
4187	1.114515e+00
4188	1.107454e+00
4189	1.099018e+00
4190	1.088605e+00
4191	1.077076e+00
4192	1.066829e+00
4193	1.057793e+00
4194	1.051329e+00
4195	1.050711e+00
4196	1.054863e+00
4197	1.063077e+00
4198	1.073727e+00
4199	1.084676e+00
4200	1.096935e+00
4201	1.108166e+00
4202	1.117441e+00
4203	1.123101e+00
4204	1.126327e+00
4205	1.126307e+00
4206	1.122555e+00
4207	1.115311e+00
4208	1.106585e+00
4209	1.097237e+00
4210	1.087109e+00
4211	1.078465e+00
4212	1.070376e+00
4213	1.063511e+00
4214	1.058843e+00
4215	1.055618e+00
4216	1.055324e+00
4217	1.057595e+00
4218	1.062946e+00
4219	1.068558e+00
4220	1.077270e+00
4221	1.087400e+00
4222	1.098597e+00
4223	1.109862e+00
4224	1.120011e+00
4225	1.129760e+00
4226	1.137478e+00
4227	1.141106e+00
4228	1.141485e+00
4229	1.136863e+00
4230	1.128251e+00
4231	1.114600e+00
4232	1.099011e+00
4233	1.081611e+00
4234	1.063974e+00
4235	1.050066e+00
4236	1.040462e+00
4237	1.035415e+00
4238	1.035110e+00
4239	1.041458e+00
4240	1.051610e+00
4241	1.064743e+00
4242	1.079943e+00
4243	1.096388e+00
4244	1.112224e+00
4245	1.127909e+00
4246	1.140443e+00
4247	1.149539e+00
4248	1.152738e+00
4249	1.151114e+00
4250	1.145364e+00
4251	1.136999e+00
4252	1.126009e+00
4253	1.114951e+00
4254	1.103316e+00
4255	1.090630e+00
4256	1.077816e+00
4257	1.067316e+00
4258	1.061295e+00
4259	1.058581e+00
4260	1.058090e+00
4261	1.061297e+00
4262	1.067328e+00
4263	1.075180e+00
4264	1.085055e+00
4265	1.095113e+00
4266	1.105048e+00
4267	1.113932e+00
4268	1.123015e+00
4269	1.131737e+00
4270	1.137143e+00
4271	1.139520e+00
4272	1.139586e+00
4273	1.136218e+00
4274	1.130862e+00
4275	1.124236e+00
4276	1.115633e+00
4277	1.104388e+00
4278	1.093312e+00
4279	1.080334e+00
4280	1.067968e+00
4281	1.057134e+00
4282	1.050121e+00
4283	1.049369e+00
4284	1.053854e+00
4285	1.061462e+00
4286	1.071516e+00
4287	1.083333e+00
4288	1.096203e+00
4289	1.108731e+00
4290	1.120511e+00
4291	1.130320e+00
4292	1.137005e+00
4293	1.141144e+00
4294	1.140768e+00
4295	1.136494e+00
4296	1.129430e+00
4297	1.119804e+00
4298	1.107567e+00
4299	1.094445e+00
4300	1.081289e+00
4301	1.070857e+00
4302	1.064544e+00
4303	1.062794e+00
4304	1.063801e+00
4305	1.068259e+00
4306	1.074360e+00
4307	1.080917e+00
4308	1.088093e+00
4309	1.095900e+00
4310	1.103750e+00
4311	1.109736e+00
4312	1.116284e+00
4313	1.119803e+00
4314	1.121669e+00
4315	1.121219e+00
4316	1.118573e+00
4317	1.112253e+00
4318	1.105475e+00
4319	1.098920e+00
4320	1.091638e+00
4321	1.085194e+00
4322	1.079212e+00
4323	1.074390e+00
4324	1.069493e+00
4325	1.065325e+00
4326	1.063578e+00
4327	1.063041e+00
4328	1.065320e+00
4329	1.069570e+00
4330	1.074809e+00
4331	1.082026e+00
4332	1.089205e+00
4333	1.097061e+00
4334	1.103021e+00
4335	1.107191e+00
4336	1.109931e+00
4337	1.109369e+00
4338	1.105530e+00
4339	1.098672e+00
4340	1.089425e+00
4341	1.080475e+00
4342	1.073599e+00
4343	1.067857e+00
4344	1.064764e+00
4345	1.065225e+00
4346	1.066005e+00
4347	1.068817e+00
4348	1.073156e+00
4349	1.077778e+00
4350	1.083541e+00
4351	1.088580e+00
4352	1.091827e+00
4353	1.096387e+00
4354	1.100355e+00
4355	1.103279e+00
4356	1.105911e+00
4357	1.106629e+00
4358	1.106838e+00
4359	1.104239e+00
4360	1.099745e+00
4361	1.094462e+00
4362	1.088384e+00
4363	1.083474e+00
4364	1.077561e+00
4365	1.071572e+00
4366	1.067257e+00
4367	1.063150e+00
4368	1.061226e+00
4369	1.059067e+00
4370	1.058903e+00
4371	1.062434e+00
4372	1.068664e+00
4373	1.076623e+00
4374	1.085974e+00
4375	1.095310e+00
4376	1.104399e+00
4377	1.112699e+00
4378	1.119227e+00
4379	1.123315e+00
4380	1.122907e+00
4381	1.118920e+00
4382	1.113575e+00
4383	1.106417e+00
4384	1.099469e+00
4385	1.093064e+00
4386	1.085693e+00
4387	1.078688e+00
4388	1.074674e+00
4389	1.072035e+00
4390	1.072530e+00
4391	1.074636e+00
4392	1.078059e+00
4393	1.082533e+00
4394	1.087515e+00
4395	1.093150e+00
4396	1.099685e+00
4397	1.105269e+00
4398	1.110449e+00
4399	1.115751e+00
4400	1.118783e+00
4401	1.118687e+00
4402	1.116692e+00
4403	1.113744e+00
4404	1.108431e+00
4405	1.101950e+00
4406	1.093748e+00
4407	1.086557e+00
4408	1.079296e+00
4409	1.073047e+00
4410	1.068599e+00
4411	1.066281e+00
4412	1.066127e+00
4413	1.066084e+00
4414	1.069444e+00
4415	1.074168e+00
4416	1.083257e+00
4417	1.093973e+00
4418	1.103590e+00
4419	1.111324e+00
4420	1.119078e+00
4421	1.125071e+00
4422	1.128459e+00
4423	1.128526e+00
4424	1.124927e+00
4425	1.119058e+00
4426	1.112403e+00
4427	1.105427e+00
4428	1.097364e+00
4429	1.088892e+00
4430	1.079895e+00
4431	1.072211e+00
4432	1.066110e+00
4433	1.060994e+00
4434	1.058190e+00
4435	1.056858e+00
4436	1.057772e+00
4437	1.061793e+00
4438	1.068652e+00
4439	1.077012e+00
4440	1.089248e+00
4441	1.101055e+00
4442	1.112483e+00
4443	1.123195e+00
4444	1.130898e+00
4445	1.135081e+00
4446	1.137179e+00
4447	1.135373e+00
4448	1.129551e+00
4449	1.121269e+00
4450	1.111988e+00
4451	1.101034e+00
4452	1.088991e+00
4453	1.077039e+00
4454	1.066957e+00
4455	1.058110e+00
4456	1.052066e+00
4457	1.050674e+00
4458	1.052441e+00
4459	1.057807e+00
4460	1.066735e+00
4461	1.080402e+00
4462	1.094556e+00
4463	1.108940e+00
4464	1.122805e+00
4465	1.134881e+00
4466	1.144999e+00
4467	1.151945e+00
4468	1.155368e+00
4469	1.153094e+00
4470	1.147565e+00
4471	1.137306e+00
4472	1.125893e+00
4473	1.113611e+00
4474	1.100964e+00
4475	1.089078e+00
4476	1.078403e+00
4477	1.069109e+00
4478	1.064445e+00
4479	1.063517e+00
4480	1.065653e+00
4481	1.070158e+00
4482	1.076742e+00
4483	1.086450e+00
4484	1.098300e+00
4485	1.108703e+00
4486	1.117131e+00
4487	1.122877e+00
4488	1.126906e+00
4489	1.128759e+00
4490	1.127351e+00
4491	1.122860e+00
4492	1.118067e+00
4493	1.113683e+00
4494	1.108771e+00
4495	1.105369e+00
4496	1.102787e+00
4497	1.100533e+00
4498	1.100439e+00
4499	1.100842e+00
4500	1.101995e+00
4501	1.102704e+00
4502	1.103708e+00
4503	1.104233e+00
4504	1.104001e+00
4505	1.104350e+00
4506	1.104562e+00
4507	1.105317e+00
4508	1.106593e+00
4509	1.107319e+00
4510	1.108106e+00
4511	1.107894e+00
4512	1.106907e+00
4513	1.106930e+00
4514	1.106562e+00
4515	1.104375e+00
4516	1.101312e+00
4517	1.099354e+00
4518	1.096736e+00
4519	1.096902e+00
4520	1.098562e+00
4521	1.100254e+00
4522	1.101620e+00
4523	1.103811e+00
4524	1.106200e+00
4525	1.107889e+00
4526	1.107604e+00
4527	1.106645e+00
4528	1.103993e+00
4529	1.101998e+00
4530	1.098981e+00
4531	1.096136e+00
4532	1.093691e+00
4533	1.092151e+00
4534	1.090214e+00
4535	1.088426e+00
4536	1.085527e+00
4537	1.082836e+00
4538	1.080218e+00
4539	1.079889e+00
4540	1.082062e+00
4541	1.084666e+00
4542	1.088939e+00
4543	1.094220e+00
4544	1.100296e+00
4545	1.106207e+00
4546	1.111206e+00
4547	1.115382e+00
4548	1.117572e+00
4549	1.119218e+00
4550	1.119870e+00
4551	1.119710e+00
4552	1.118213e+00
4553	1.115523e+00
4554	1.113029e+00
4555	1.109062e+00
4556	1.104130e+00
4557	1.098126e+00
4558	1.091171e+00
4559	1.086179e+00
4560	1.083495e+00
4561	1.083490e+00
4562	1.085526e+00
4563	1.088505e+00
4564	1.091898e+00
4565	1.096392e+00
4566	1.100798e+00
4567	1.106910e+00
4568	1.111680e+00
4569	1.116356e+00
4570	1.120512e+00
4571	1.123889e+00
4572	1.124804e+00
4573	1.122466e+00
4574	1.117818e+00
4575	1.110359e+00
4576	1.102234e+00
4577	1.093850e+00
4578	1.085970e+00
4579	1.079454e+00
4580	1.074687e+00
4581	1.072746e+00
4582	1.074428e+00
4583	1.078338e+00
4584	1.084815e+00
4585	1.094171e+00
4586	1.102724e+00
4587	1.109346e+00
4588	1.116895e+00
4589	1.120963e+00
4590	1.123416e+00
4591	1.124311e+00
4592	1.123537e+00
4593	1.120458e+00
4594	1.114766e+00
4595	1.106976e+00
4596	1.098201e+00
4597	1.089055e+00
4598	1.079835e+00
4599	1.072178e+00
4600	1.066476e+00
4601	1.066027e+00
4602	1.068734e+00
4603	1.076000e+00
4604	1.083291e+00
4605	1.092333e+00
4606	1.102712e+00
4607	1.114140e+00
4608	1.124132e+00
4609	1.130856e+00
4610	1.134115e+00
4611	1.134356e+00
4612	1.130895e+00
4613	1.123744e+00
4614	1.114301e+00
4615	1.103761e+00
4616	1.094105e+00
4617	1.086063e+00
4618	1.078922e+00
4619	1.071010e+00
4620	1.066479e+00
4621	1.065186e+00
4622	1.066191e+00
4623	1.069782e+00
4624	1.075777e+00
4625	1.084519e+00
4626	1.094568e+00
4627	1.106677e+00
4628	1.117392e+00
4629	1.125972e+00
4630	1.132488e+00
4631	1.136345e+00
4632	1.136576e+00
4633	1.132881e+00
4634	1.125913e+00
4635	1.116968e+00
4636	1.107063e+00
4637	1.096696e+00
4638	1.085983e+00
4639	1.074719e+00
4640	1.064809e+00
4641	1.058708e+00
4642	1.055629e+00
4643	1.055994e+00
4644	1.059916e+00
4645	1.066086e+00
4646	1.075100e+00
4647	1.088142e+00
4648	1.101345e+00
4649	1.114343e+00
4650	1.126167e+00
4651	1.135337e+00
4652	1.140941e+00
4653	1.143080e+00
4654	1.140942e+00
4655	1.135293e+00
4656	1.128680e+00
4657	1.119592e+00
4658	1.108554e+00
4659	1.098167e+00
4660	1.088543e+00
4661	1.079874e+00
4662	1.073246e+00
4663	1.068228e+00
4664	1.067111e+00
4665	1.068975e+00
4666	1.075617e+00
4667	1.084705e+00
4668	1.096180e+00
4669	1.108285e+00
4670	1.119720e+00
4671	1.130667e+00
4672	1.140066e+00
4673	1.147843e+00
4674	1.152481e+00
4675	1.154000e+00
4676	1.152514e+00
4677	1.147611e+00
4678	1.142348e+00
4679	1.136053e+00
4680	1.127898e+00
4681	1.118715e+00
4682	1.108873e+00
4683	1.100915e+00
4684	1.094617e+00
4685	1.089908e+00
4686	1.088053e+00
4687	1.088664e+00
4688	1.092059e+00
4689	1.096269e+00
4690	1.101970e+00
4691	1.106695e+00
4692	1.112534e+00
4693	1.117877e+00
4694	1.121533e+00
4695	1.124284e+00
4696	1.125671e+00
4697	1.125645e+00
4698	1.123512e+00
4699	1.119184e+00
4700	1.114512e+00
4701	1.109282e+00
4702	1.104297e+00
4703	1.098021e+00
4704	1.091796e+00
4705	1.084711e+00
4706	1.079033e+00
4707	1.076127e+00
4708	1.075209e+00
4709	1.076368e+00
4710	1.079747e+00
4711	1.084729e+00
4712	1.089762e+00
4713	1.095573e+00
4714	1.100615e+00
4715	1.105333e+00
4716	1.108435e+00
4717	1.110073e+00
4718	1.111240e+00
4719	1.112247e+00
4720	1.111678e+00
4721	1.108458e+00
4722	1.104274e+00
4723	1.099975e+00
4724	1.095212e+00
4725	1.091672e+00
4726	1.088989e+00
4727	1.086282e+00
4728	1.084535e+00
4729	1.083473e+00
4730	1.083402e+00
4731	1.086115e+00
4732	1.090964e+00
4733	1.096621e+00
4734	1.102458e+00
4735	1.106816e+00
4736	1.110419e+00
4737	1.113683e+00
4738	1.116639e+00
4739	1.118062e+00
4740	1.118810e+00
4741	1.117584e+00
4742	1.115704e+00
4743	1.112337e+00
4744	1.109070e+00
4745	1.104924e+00
4746	1.099372e+00
4747	1.094581e+00
4748	1.088763e+00
4749	1.085429e+00
4750	1.081965e+00
4751	1.082031e+00
4752	1.083793e+00
4753	1.087097e+00
4754	1.093691e+00
4755	1.100148e+00
4756	1.107668e+00
4757	1.115336e+00
4758	1.123178e+00
4759	1.129619e+00
4760	1.133098e+00
4761	1.135794e+00
4762	1.136609e+00
4763	1.134313e+00
4764	1.130192e+00
4765	1.124895e+00
4766	1.118518e+00
4767	1.111574e+00
4768	1.104958e+00
4769	1.099243e+00
4770	1.094534e+00
4771	1.090865e+00
4772	1.089556e+00
4773	1.090333e+00
4774	1.092498e+00
4775	1.095245e+00
4776	1.098955e+00
4777	1.102958e+00
4778	1.105759e+00
4779	1.109302e+00
4780	1.112011e+00
4781	1.114372e+00
4782	1.115743e+00
4783	1.114726e+00
4784	1.112763e+00
4785	1.110745e+00
4786	1.108041e+00
4787	1.105389e+00
4788	1.101335e+00
4789	1.097631e+00
4790	1.095106e+00
4791	1.092092e+00
4792	1.089518e+00
4793	1.088944e+00
4794	1.088970e+00
4795	1.089292e+00
4796	1.089118e+00
4797	1.090252e+00
4798	1.091625e+00
4799	1.092494e+00
4800	1.092888e+00
4801	1.091761e+00
4802	1.090148e+00
4803	1.087593e+00
4804	1.086944e+00
4805	1.088223e+00
4806	1.089360e+00
4807	1.089916e+00
4808	1.090306e+00
4809	1.090548e+00
4810	1.090471e+00
4811	1.091883e+00
4812	1.094002e+00
4813	1.094790e+00
4814	1.094001e+00
4815	1.092543e+00
4816	1.090900e+00
4817	1.088880e+00
4818	1.086317e+00
4819	1.084316e+00
4820	1.082874e+00
4821	1.082475e+00
4822	1.082863e+00
4823	1.082956e+00
4824	1.083338e+00
4825	1.083819e+00
4826	1.085175e+00
4827	1.086681e+00
4828	1.088328e+00
4829	1.089119e+00
4830	1.090003e+00
4831	1.090490e+00
4832	1.090914e+00
4833	1.090157e+00
4834	1.090081e+00
4835	1.091129e+00
4836	1.091591e+00
4837	1.092824e+00
4838	1.094874e+00
4839	1.095134e+00
4840	1.097609e+00
4841	1.099833e+00
4842	1.100727e+00
4843	1.102456e+00
4844	1.103214e+00
4845	1.101689e+00
4846	1.099641e+00
4847	1.097090e+00
4848	1.095300e+00
4849	1.094823e+00
4850	1.096289e+00
4851	1.098441e+00
4852	1.101757e+00
4853	1.105505e+00
4854	1.109895e+00
4855	1.114845e+00
4856	1.120446e+00
4857	1.125663e+00
4858	1.128123e+00
4859	1.127860e+00
4860	1.125668e+00
4861	1.120700e+00
4862	1.114128e+00
4863	1.106686e+00
4864	1.098420e+00
4865	1.089577e+00
4866	1.081679e+00
4867	1.074617e+00
4868	1.069787e+00
4869	1.068539e+00
4870	1.072203e+00
4871	1.077820e+00
4872	1.084549e+00
4873	1.093219e+00
4874	1.101912e+00
4875	1.110644e+00
4876	1.118243e+00
4877	1.123382e+00
4878	1.127208e+00
4879	1.127652e+00
4880	1.125619e+00
4881	1.123326e+00
4882	1.118894e+00
4883	1.114781e+00
4884	1.109965e+00
4885	1.104278e+00
4886	1.098030e+00
4887	1.093102e+00
4888	1.089737e+00
4889	1.087412e+00
4890	1.086079e+00
4891	1.085465e+00
4892	1.084275e+00
4893	1.084839e+00
4894	1.088248e+00
4895	1.093257e+00
4896	1.099912e+00
4897	1.106302e+00
4898	1.110406e+00
4899	1.114985e+00
4900	1.118016e+00
4901	1.119108e+00
4902	1.120412e+00
4903	1.118303e+00
4904	1.113139e+00
4905	1.106783e+00
4906	1.100499e+00
4907	1.094735e+00
4908	1.090351e+00
4909	1.086806e+00
4910	1.083604e+00
4911	1.081800e+00
4912	1.082535e+00
4913	1.084291e+00
4914	1.088119e+00
4915	1.091387e+00
4916	1.096715e+00
4917	1.102886e+00
4918	1.108424e+00
4919	1.113647e+00
4920	1.116642e+00
4921	1.118624e+00
4922	1.120261e+00
4923	1.121239e+00
4924	1.118896e+00
4925	1.115086e+00
4926	1.111811e+00
4927	1.109799e+00
4928	1.106973e+00
4929	1.103664e+00
4930	1.101110e+00
4931	1.098994e+00
4932	1.097917e+00
4933	1.097285e+00
4934	1.096755e+00
4935	1.097757e+00
4936	1.098414e+00
4937	1.100671e+00
4938	1.104533e+00
4939	1.108473e+00
4940	1.112059e+00
4941	1.114284e+00
4942	1.115772e+00
4943	1.117026e+00
4944	1.117787e+00
4945	1.118187e+00
4946	1.116722e+00
4947	1.112384e+00
4948	1.106962e+00
4949	1.101833e+00
4950	1.097086e+00
4951	1.094392e+00
4952	1.091876e+00
4953	1.091315e+00
4954	1.092511e+00
4955	1.094177e+00
4956	1.096803e+00
4957	1.100356e+00
4958	1.104211e+00
4959	1.108365e+00
4960	1.112231e+00
4961	1.113477e+00
4962	1.113613e+00
4963	1.112299e+00
4964	1.110910e+00
4965	1.108481e+00
4966	1.105217e+00
4967	1.102225e+00
4968	1.099440e+00
4969	1.097890e+00
4970	1.096172e+00
4971	1.094936e+00
4972	1.093904e+00
4973	1.094171e+00
4974	1.094944e+00
4975	1.094881e+00
4976	1.093953e+00
4977	1.092715e+00
4978	1.091278e+00
4979	1.089677e+00
4980	1.090137e+00
4981	1.089372e+00
4982	1.087271e+00
4983	1.085591e+00
4984	1.085562e+00
4985	1.088897e+00
4986	1.092638e+00
4987	1.096863e+00
4988	1.100573e+00
4989	1.102730e+00
4990	1.105789e+00
4991	1.110144e+00
4992	1.114370e+00
4993	1.118688e+00
4994	1.121926e+00
4995	1.123814e+00
4996	1.125273e+00
4997	1.123877e+00
4998	1.119588e+00
4999	1.114872e+00
