# Step	Measurement
1	1.089488e+02
2	1.081474e+02
3	1.073062e+02
4	1.064906e+02
5	1.057864e+02
6	1.051867e+02
7	1.047331e+02
8	1.042662e+02
9	1.039419e+02
10	1.037845e+02
11	1.037332e+02
12	1.038983e+02
13	1.041955e+02
14	1.046561e+02
15	1.052093e+02
16	1.057362e+02
17	1.062464e+02
18	1.067993e+02
19	1.073180e+02
20	1.077928e+02
21	1.084290e+02
22	1.090443e+02
23	1.096768e+02
24	1.102923e+02
25	1.109566e+02
26	1.116309e+02
27	1.121832e+02
28	1.126703e+02
29	1.131580e+02
30	1.135657e+02
31	1.140060e+02
32	1.144258e+02
33	1.147762e+02
34	1.151126e+02
35	1.154834e+02
36	1.158140e+02
37	1.160354e+02
38	1.161337e+02
39	1.161961e+02
40	1.161211e+02
41	1.160843e+02
42	1.158897e+02
43	1.157035e+02
44	1.154247e+02
45	1.152012e+02
46	1.149296e+02
47	1.145993e+02
48	1.142649e+02
49	1.139417e+02
50	1.136303e+02
51	1.132626e+02
52	1.130282e+02
53	1.128335e+02
54	1.127000e+02
55	1.124879e+02
56	1.122297e+02
57	1.120437e+02
58	1.118625e+02
59	1.115964e+02
60	1.112311e+02
61	1.107933e+02
62	1.103852e+02
63	1.099719e+02
64	1.095407e+02
65	1.089659e+02
66	1.084423e+02
67	1.079876e+02
68	1.075023e+02
69	1.069981e+02
70	1.065305e+02
71	1.060306e+02
72	1.057186e+02
73	1.054522e+02
74	1.052403e+02
75	1.051808e+02
76	1.052365e+02
77	1.053023e+02
78	1.053409e+02
79	1.054128e+02
80	1.055792e+02
81	1.058029e+02
82	1.060965e+02
83	1.065346e+02
84	1.068182e+02
85	1.070279e+02
86	1.073026e+02
87	1.075727e+02
88	1.078552e+02
89	1.080694e+02
90	1.082703e+02
91	1.084938e+02
92	1.086771e+02
93	1.089340e+02
94	1.090601e+02
95	1.091852e+02
96	1.093693e+02
97	1.094400e+02
98	1.095167e+02
99	1.095007e+02
100	1.094930e+02
101	1.094733e+02
102	1.094287e+02
103	1.094281e+02
104	1.094890e+02
105	1.095072e+02
106	1.095159e+02
107	1.095011e+02
108	1.095230e+02
109	1.094967e+02
110	1.094144e+02
111	1.092991e+02
112	1.092192e+02
113	1.091269e+02
114	1.089433e+02
115	1.088200e+02
116	1.087082e+02
117	1.086656e+02
118	1.086039e+02
119	1.085552e+02
120	1.084237e+02
121	1.084204e+02
122	1.083826e+02
123	1.082955e+02
124	1.081551e+02
125	1.081100e+02
126	1.080520e+02
127	1.081569e+02
128	1.081734e+02
129	1.082838e+02
130	1.084553e+02
131	1.086264e+02
132	1.088044e+02
133	1.090731e+02
134	1.093108e+02
135	1.095410e+02
136	1.097668e+02
137	1.099755e+02
138	1.102201e+02
139	1.104968e+02
140	1.107569e+02
141	1.109243e+02
142	1.111735e+02
143	1.113086e+02
144	1.115079e+02
145	1.116401e+02
146	1.117999e+02
147	1.119392e+02
148	1.120268e+02
149	1.121083e+02
150	1.122473e+02
151	1.123469e+02
152	1.124537e+02
153	1.124435e+02
154	1.123883e+02
155	1.123370e+02
156	1.121842e+02
157	1.118754e+02
158	1.116516e+02
159	1.113215e+02
160	1.109536e+02
161	1.106354e+02
162	1.103335e+02
163	1.100449e+02
164	1.098522e+02
165	1.096147e+02
166	1.093589e+02
167	1.092055e+02
168	1.090231e+02
169	1.086735e+02
170	1.082789e+02
171	1.078669e+02
172	1.074174e+02
173	1.070374e+02
174	1.067872e+02
175	1.066315e+02
176	1.064585e+02
177	1.063630e+02
178	1.062818e+02
179	1.061704e+02
180	1.061723e+02
181	1.061874e+02
182	1.061823e+02
183	1.061754e+02
184	1.061800e+02
185	1.062583e+02
186	1.064101e+02
187	1.067025e+02
188	1.071413e+02
189	1.076513e+02
190	1.082204e+02
191	1.088289e+02
192	1.094778e+02
193	1.102677e+02
194	1.110524e+02
195	1.118346e+02
196	1.126881e+02
197	1.135203e+02
198	1.142393e+02
199	1.147669e+02
200	1.152492e+02
201	1.156677e+02
202	1.160116e+02
203	1.162346e+02
204	1.163622e+02
205	1.163913e+02
206	1.163191e+02
207	1.161041e+02
208	1.157785e+02
209	1.153801e+02
210	1.149305e+02
211	1.145973e+02
212	1.142193e+02
213	1.138121e+02
214	1.133375e+02
215	1.127841e+02
216	1.122198e+02
217	1.116922e+02
218	1.110179e+02
219	1.103502e+02
220	1.096829e+02
221	1.089800e+02
222	1.082802e+02
223	1.075901e+02
224	1.070539e+02
225	1.064911e+02
226	1.060990e+02
227	1.059504e+02
228	1.058727e+02
229	1.058566e+02
230	1.058010e+02
231	1.058373e+02
232	1.059903e+02
233	1.061460e+02
234	1.063934e+02
235	1.065462e+02
236	1.068544e+02
237	1.072886e+02
238	1.078524e+02
239	1.084829e+02
240	1.091343e+02
241	1.098385e+02
242	1.104562e+02
243	1.110227e+02
244	1.114696e+02
245	1.117773e+02
246	1.120070e+02
247	1.121407e+02
248	1.122099e+02
249	1.121395e+02
250	1.120484e+02
251	1.119409e+02
252	1.117599e+02
253	1.115843e+02
254	1.113863e+02
255	1.111783e+02
256	1.110102e+02
257	1.108558e+02
258	1.106696e+02
259	1.103570e+02
260	1.100258e+02
261	1.097635e+02
262	1.094706e+02
263	1.092817e+02
264	1.091481e+02
265	1.090738e+02
266	1.090158e+02
267	1.090192e+02
268	1.090167e+02
269	1.090046e+02
270	1.089387e+02
271	1.089386e+02
272	1.089366e+02
273	1.088356e+02
274	1.087451e+02
275	1.087299e+02
276	1.086839e+02
277	1.085525e+02
278	1.084855e+02
279	1.083544e+02
280	1.082516e+02
281	1.082209e+02
282	1.082598e+02
283	1.083463e+02
284	1.084468e+02
285	1.085784e+02
286	1.086825e+02
287	1.087196e+02
288	1.087921e+02
289	1.088131e+02
290	1.087681e+02
291	1.087540e+02
292	1.088080e+02
293	1.089467e+02
294	1.090905e+02
295	1.093303e+02
296	1.096709e+02
297	1.100775e+02
298	1.105972e+02
299	1.112009e+02
300	1.118016e+02
301	1.123886e+02
302	1.130184e+02
303	1.136442e+02
304	1.141740e+02
305	1.147274e+02
306	1.152837e+02
307	1.157760e+02
308	1.162628e+02
309	1.167472e+02
310	1.173017e+02
311	1.177422e+02
312	1.181618e+02
313	1.184548e+02
314	1.186496e+02
315	1.187339e+02
316	1.187985e+02
317	1.187341e+02
318	1.185842e+02
319	1.183015e+02
320	1.179111e+02
321	1.175134e+02
322	1.170785e+02
323	1.165432e+02
324	1.160001e+02
325	1.154034e+02
326	1.147539e+02
327	1.141110e+02
328	1.133655e+02
329	1.124555e+02
330	1.115032e+02
331	1.104649e+02
332	1.093939e+02
333	1.082156e+02
334	1.070204e+02
335	1.058299e+02
336	1.047689e+02
337	1.038437e+02
338	1.030755e+02
339	1.024280e+02
340	1.018766e+02
341	1.014345e+02
342	1.010736e+02
343	1.007622e+02
344	1.005669e+02
345	1.004715e+02
346	1.006331e+02
347	1.008872e+02
348	1.012559e+02
349	1.017351e+02
350	1.023334e+02
351	1.031545e+02
352	1.040027e+02
353	1.048885e+02
354	1.058090e+02
355	1.067684e+02
356	1.078425e+02
357	1.088820e+02
358	1.099124e+02
359	1.109108e+02
360	1.117797e+02
361	1.125396e+02
362	1.132373e+02
363	1.138465e+02
364	1.143790e+02
365	1.147201e+02
366	1.150299e+02
367	1.152412e+02
368	1.154339e+02
369	1.155491e+02
370	1.155159e+02
371	1.153318e+02
372	1.150349e+02
373	1.147017e+02
374	1.143649e+02
375	1.138717e+02
376	1.132022e+02
377	1.125109e+02
378	1.118219e+02
379	1.110926e+02
380	1.103577e+02
381	1.095651e+02
382	1.089050e+02
383	1.083519e+02
384	1.077576e+02
385	1.072238e+02
386	1.067571e+02
387	1.063915e+02
388	1.061585e+02
389	1.061951e+02
390	1.064310e+02
391	1.067784e+02
392	1.071817e+02
393	1.077295e+02
394	1.083449e+02
395	1.090726e+02
396	1.098353e+02
397	1.106743e+02
398	1.115894e+02
399	1.124702e+02
400	1.132978e+02
401	1.140529e+02
402	1.146869e+02
403	1.153713e+02
404	1.160288e+02
405	1.165751e+02
406	1.170890e+02
407	1.175175e+02
408	1.178380e+02
409	1.181342e+02
410	1.184132e+02
411	1.185975e+02
412	1.187398e+02
413	1.187508e+02
414	1.186993e+02
415	1.185210e+02
416	1.183192e+02
417	1.179737e+02
418	1.175497e+02
419	1.170524e+02
420	1.164074e+02
421	1.157233e+02
422	1.150426e+02
423	1.141747e+02
424	1.131833e+02
425	1.121730e+02
426	1.110583e+02
427	1.099229e+02
428	1.087684e+02
429	1.076402e+02
430	1.065150e+02
431	1.053931e+02
432	1.042754e+02
433	1.033731e+02
434	1.025384e+02
435	1.016930e+02
436	1.010491e+02
437	1.005930e+02
438	1.003361e+02
439	1.001714e+02
440	1.001100e+02
441	1.002835e+02
442	1.005200e+02
443	1.009294e+02
444	1.014974e+02
445	1.021944e+02
446	1.029321e+02
447	1.036802e+02
448	1.044822e+02
449	1.053475e+02
450	1.063397e+02
451	1.074029e+02
452	1.084521e+02
453	1.095302e+02
454	1.106541e+02
455	1.118783e+02
456	1.130887e+02
457	1.143158e+02
458	1.155210e+02
459	1.165559e+02
460	1.175721e+02
461	1.184386e+02
462	1.192067e+02
463	1.198086e+02
464	1.201708e+02
465	1.203951e+02
466	1.203943e+02
467	1.201744e+02
468	1.198631e+02
469	1.192897e+02
470	1.186141e+02
471	1.178230e+02
472	1.169194e+02
473	1.159924e+02
474	1.150405e+02
475	1.139320e+02
476	1.128056e+02
477	1.115156e+02
478	1.100536e+02
479	1.084946e+02
480	1.069605e+02
481	1.052853e+02
482	1.037170e+02
483	1.022445e+02
484	1.009132e+02
485	9.963426e+01
486	9.854908e+01
487	9.763058e+01
488	9.696881e+01
489	9.642606e+01
490	9.593207e+01
491	9.558976e+01
492	9.542404e+01
493	9.541579e+01
494	9.563893e+01
495	9.615310e+01
496	9.694179e+01
497	9.786712e+01
498	9.892081e+01
499	1.001711e+02
500	1.015468e+02
501	1.029806e+02
502	1.045070e+02
503	1.061132e+02
504	1.076816e+02
505	1.091826e+02
506	1.106169e+02
507	1.119130e+02
508	1.131138e+02
509	1.141327e+02
510	1.149545e+02
511	1.156874e+02
512	1.161477e+02
513	1.165247e+02
514	1.167455e+02
515	1.167083e+02
516	1.165645e+02
517	1.162878e+02
518	1.158854e+02
519	1.153320e+02
520	1.146016e+02
521	1.136855e+02
522	1.126373e+02
523	1.114978e+02
524	1.101975e+02
525	1.089277e+02
526	1.076735e+02
527	1.063618e+02
528	1.049896e+02
529	1.034021e+02
530	1.019052e+02
531	1.006351e+02
532	9.940473e+01
533	9.827664e+01
534	9.720382e+01
535	9.634217e+01
536	9.571461e+01
537	9.537429e+01
538	9.524594e+01
539	9.528940e+01
540	9.558395e+01
541	9.613320e+01
542	9.683126e+01
543	9.774953e+01
544	9.885730e+01
545	1.001706e+02
546	1.016492e+02
547	1.033161e+02
548	1.050440e+02
549	1.067982e+02
550	1.085030e+02
551	1.101747e+02
552	1.116657e+02
553	1.129738e+02
554	1.140840e+02
555	1.150575e+02
556	1.159529e+02
557	1.167147e+02
558	1.172643e+02
559	1.177059e+02
560	1.180056e+02
561	1.181780e+02
562	1.182445e+02
563	1.180943e+02
564	1.177949e+02
565	1.171891e+02
566	1.164278e+02
567	1.153710e+02
568	1.140202e+02
569	1.124705e+02
570	1.107747e+02
571	1.089973e+02
572	1.070627e+02
573	1.050573e+02
574	1.030320e+02
575	1.010308e+02
576	9.924855e+01
577	9.767458e+01
578	9.620046e+01
579	9.489619e+01
580	9.384363e+01
581	9.300189e+01
582	9.255513e+01
583	9.229330e+01
584	9.227059e+01
585	9.256497e+01
586	9.307577e+01
587	9.372903e+01
588	9.457928e+01
589	9.564942e+01
590	9.687257e+01
591	9.818525e+01
592	9.955394e+01
593	1.010299e+02
594	1.024540e+02
595	1.039109e+02
596	1.052987e+02
597	1.066452e+02
598	1.079385e+02
599	1.091396e+02
600	1.102017e+02
601	1.112079e+02
602	1.120242e+02
603	1.127806e+02
604	1.134132e+02
605	1.139767e+02
606	1.144976e+02
607	1.148631e+02
608	1.151121e+02
609	1.151493e+02
610	1.149677e+02
611	1.144893e+02
612	1.139797e+02
613	1.134575e+02
614	1.126199e+02
615	1.115616e+02
616	1.104555e+02
617	1.092734e+02
618	1.080470e+02
619	1.067991e+02
620	1.055739e+02
621	1.043491e+02
622	1.031936e+02
623	1.021854e+02
624	1.012400e+02
625	1.003411e+02
626	9.960409e+01
627	9.906136e+01
628	9.862058e+01
629	9.838374e+01
630	9.840584e+01
631	9.868896e+01
632	9.909580e+01
633	9.950837e+01
634	1.000977e+02
635	1.008655e+02
636	1.016978e+02
637	1.026103e+02
638	1.034974e+02
639	1.043351e+02
640	1.051422e+02
641	1.058881e+02
642	1.067042e+02
643	1.075536e+02
644	1.085084e+02
645	1.094860e+02
646	1.104866e+02
647	1.115453e+02
648	1.126520e+02
649	1.136937e+02
650	1.146057e+02
651	1.154668e+02
652	1.163140e+02
653	1.169727e+02
654	1.175446e+02
655	1.179828e+02
656	1.182158e+02
657	1.181867e+02
658	1.177463e+02
659	1.169890e+02
660	1.160442e+02
661	1.149779e+02
662	1.137556e+02
663	1.124526e+02
664	1.110507e+02
665	1.097753e+02
666	1.085174e+02
667	1.072204e+02
668	1.060008e+02
669	1.047829e+02
670	1.036109e+02
671	1.025339e+02
672	1.014752e+02
673	1.006074e+02
674	9.985602e+01
675	9.908029e+01
676	9.839664e+01
677	9.778312e+01
678	9.732641e+01
679	9.701923e+01
680	9.674415e+01
681	9.669834e+01
682	9.683975e+01
683	9.715340e+01
684	9.764831e+01
685	9.837841e+01
686	9.913571e+01
687	9.997956e+01
688	1.008502e+02
689	1.018465e+02
690	1.029103e+02
691	1.040499e+02
692	1.053716e+02
693	1.067926e+02
694	1.081615e+02
695	1.096007e+02
696	1.111222e+02
697	1.126691e+02
698	1.141468e+02
699	1.156476e+02
700	1.169587e+02
701	1.180830e+02
702	1.189974e+02
703	1.197167e+02
704	1.200450e+02
705	1.201764e+02
706	1.201846e+02
707	1.200027e+02
708	1.195864e+02
709	1.190366e+02
710	1.182502e+02
711	1.172883e+02
712	1.163548e+02
713	1.155112e+02
714	1.145326e+02
715	1.133510e+02
716	1.120341e+02
717	1.105946e+02
718	1.090507e+02
719	1.072879e+02
720	1.055470e+02
721	1.038784e+02
722	1.022907e+02
723	1.008056e+02
724	9.947977e+01
725	9.837242e+01
726	9.752797e+01
727	9.683675e+01
728	9.645647e+01
729	9.629422e+01
730	9.633221e+01
731	9.663782e+01
732	9.717277e+01
733	9.791017e+01
734	9.886168e+01
735	9.997884e+01
736	1.013210e+02
737	1.028988e+02
738	1.045974e+02
739	1.064736e+02
740	1.084259e+02
741	1.103139e+02
742	1.122631e+02
743	1.141738e+02
744	1.160218e+02
745	1.177088e+02
746	1.192264e+02
747	1.205262e+02
748	1.215937e+02
749	1.224827e+02
750	1.231525e+02
751	1.234936e+02
752	1.236749e+02
753	1.236211e+02
754	1.233825e+02
755	1.229238e+02
756	1.222901e+02
757	1.215755e+02
758	1.208110e+02
759	1.198794e+02
760	1.187482e+02
761	1.174892e+02
762	1.161070e+02
763	1.145309e+02
764	1.127876e+02
765	1.108747e+02
766	1.089179e+02
767	1.069133e+02
768	1.049973e+02
769	1.031374e+02
770	1.014607e+02
771	1.001051e+02
772	9.896070e+01
773	9.796064e+01
774	9.716997e+01
775	9.670531e+01
776	9.650618e+01
777	9.647084e+01
778	9.660984e+01
779	9.693581e+01
780	9.755133e+01
781	9.835093e+01
782	9.936095e+01
783	1.006407e+02
784	1.019770e+02
785	1.034216e+02
786	1.048372e+02
787	1.062783e+02
788	1.076154e+02
789	1.090298e+02
790	1.104727e+02
791	1.118009e+02
792	1.129857e+02
793	1.140091e+02
794	1.150060e+02
795	1.159374e+02
796	1.167020e+02
797	1.173409e+02
798	1.177906e+02
799	1.182112e+02
800	1.186051e+02
801	1.188868e+02
802	1.189263e+02
803	1.187562e+02
804	1.184234e+02
805	1.179758e+02
806	1.173288e+02
807	1.165115e+02
808	1.155420e+02
809	1.145567e+02
810	1.135909e+02
811	1.125563e+02
812	1.113546e+02
813	1.101075e+02
814	1.087457e+02
815	1.073280e+02
816	1.059083e+02
817	1.047281e+02
818	1.037370e+02
819	1.029383e+02
820	1.023481e+02
821	1.018096e+02
822	1.014215e+02
823	1.012608e+02
824	1.012303e+02
825	1.013060e+02
826	1.015365e+02
827	1.017808e+02
828	1.020574e+02
829	1.023886e+02
830	1.027602e+02
831	1.032632e+02
832	1.037057e+02
833	1.041879e+02
834	1.047470e+02
835	1.052904e+02
836	1.059319e+02
837	1.066496e+02
838	1.072849e+02
839	1.078970e+02
840	1.085846e+02
841	1.094474e+02
842	1.104014e+02
843	1.114524e+02
844	1.124831e+02
845	1.133589e+02
846	1.141412e+02
847	1.148747e+02
848	1.155321e+02
849	1.160917e+02
850	1.164916e+02
851	1.168219e+02
852	1.169952e+02
853	1.170012e+02
854	1.169374e+02
855	1.167161e+02
856	1.163948e+02
857	1.157915e+02
858	1.150290e+02
859	1.142408e+02
860	1.133405e+02
861	1.124014e+02
862	1.113347e+02
863	1.101980e+02
864	1.090560e+02
865	1.080361e+02
866	1.070161e+02
867	1.060343e+02
868	1.052285e+02
869	1.044272e+02
870	1.038222e+02
871	1.032543e+02
872	1.028299e+02
873	1.026598e+02
874	1.025183e+02
875	1.025433e+02
876	1.026912e+02
877	1.029898e+02
878	1.033572e+02
879	1.037336e+02
880	1.042174e+02
881	1.046785e+02
882	1.052056e+02
883	1.057110e+02
884	1.062220e+02
885	1.068631e+02
886	1.076087e+02
887	1.083698e+02
888	1.092330e+02
889	1.100383e+02
890	1.108736e+02
891	1.116769e+02
892	1.124777e+02
893	1.132550e+02
894	1.140525e+02
895	1.148280e+02
896	1.156074e+02
897	1.163030e+02
898	1.167130e+02
899	1.169929e+02
900	1.172146e+02
901	1.172613e+02
902	1.171647e+02
903	1.169487e+02
904	1.166529e+02
905	1.161773e+02
906	1.157212e+02
907	1.151969e+02
908	1.148189e+02
909	1.143211e+02
910	1.137209e+02
911	1.130623e+02
912	1.124383e+02
913	1.117359e+02
914	1.110752e+02
915	1.103343e+02
916	1.095673e+02
917	1.087256e+02
918	1.079300e+02
919	1.072678e+02
920	1.065325e+02
921	1.059225e+02
922	1.054832e+02
923	1.052690e+02
924	1.051866e+02
925	1.053404e+02
926	1.056033e+02
927	1.060215e+02
928	1.066743e+02
929	1.073579e+02
930	1.081030e+02
931	1.088729e+02
932	1.097043e+02
933	1.106049e+02
934	1.113902e+02
935	1.122118e+02
936	1.130437e+02
937	1.138617e+02
938	1.147161e+02
939	1.154234e+02
940	1.160504e+02
941	1.164681e+02
942	1.166461e+02
943	1.166411e+02
944	1.164373e+02
945	1.159925e+02
946	1.155181e+02
947	1.149146e+02
948	1.142669e+02
949	1.135775e+02
950	1.128794e+02
951	1.121339e+02
952	1.114221e+02
953	1.108454e+02
954	1.102969e+02
955	1.096508e+02
956	1.089936e+02
957	1.082209e+02
958	1.073544e+02
959	1.065749e+02
960	1.056790e+02
961	1.047698e+02
962	1.039071e+02
963	1.030604e+02
964	1.022727e+02
965	1.015780e+02
966	1.008939e+02
967	1.004385e+02
968	1.001890e+02
969	1.000548e+02
970	1.000814e+02
971	1.003106e+02
972	1.006587e+02
973	1.011232e+02
974	1.016608e+02
975	1.021720e+02
976	1.029039e+02
977	1.037793e+02
978	1.047501e+02
979	1.058161e+02
980	1.070147e+02
981	1.082335e+02
982	1.094232e+02
983	1.107228e+02
984	1.120647e+02
985	1.133127e+02
986	1.144224e+02
987	1.154579e+02
988	1.164073e+02
989	1.173160e+02
990	1.181194e+02
991	1.186989e+02
992	1.190225e+02
993	1.191695e+02
994	1.191683e+02
995	1.190194e+02
996	1.187332e+02
997	1.182463e+02
998	1.176987e+02
999	1.169466e+02
1000	1.160823e+02
1001	1.151832e+02
1002	1.141849e+02
1003	1.130640e+02
1004	1.117994e+02
1005	1.103857e+02
1006	1.089228e+02
1007	1.073873e+02
1008	1.058111e+02
1009	1.042491e+02
1010	1.027274e+02
1011	1.012354e+02
1012	9.980920e+01
1013	9.850295e+01
1014	9.733568e+01
1015	9.633363e+01
1016	9.561670e+01
1017	9.520147e+01
1018	9.496644e+01
1019	9.492267e+01
1020	9.514453e+01
1021	9.567792e+01
1022	9.647820e+01
1023	9.748879e+01
1024	9.879384e+01
1025	1.002321e+02
1026	1.018336e+02
1027	1.036170e+02
1028	1.055804e+02
1029	1.076956e+02
1030	1.097514e+02
1031	1.116526e+02
1032	1.134334e+02
1033	1.149934e+02
1034	1.163092e+02
1035	1.174495e+02
1036	1.183142e+02
1037	1.190741e+02
1038	1.196971e+02
1039	1.201090e+02
1040	1.203655e+02
1041	1.204744e+02
1042	1.203952e+02
1043	1.199718e+02
1044	1.192362e+02
1045	1.181738e+02
1046	1.170360e+02
1047	1.156941e+02
1048	1.142099e+02
1049	1.126350e+02
1050	1.109823e+02
1051	1.093139e+02
1052	1.075762e+02
1053	1.059123e+02
1054	1.042869e+02
1055	1.027569e+02
1056	1.013613e+02
1057	1.000999e+02
1058	9.899127e+01
1059	9.811322e+01
1060	9.739129e+01
1061	9.673256e+01
1062	9.633145e+01
1063	9.616755e+01
1064	9.620390e+01
1065	9.649990e+01
1066	9.710756e+01
1067	9.803274e+01
1068	9.916746e+01
1069	1.005019e+02
1070	1.020341e+02
1071	1.036656e+02
1072	1.053341e+02
1073	1.070797e+02
1074	1.088598e+02
1075	1.106162e+02
1076	1.123109e+02
1077	1.139152e+02
1078	1.154304e+02
1079	1.168481e+02
1080	1.181155e+02
1081	1.191577e+02
1082	1.199250e+02
1083	1.205591e+02
1084	1.211545e+02
1085	1.214709e+02
1086	1.215271e+02
1087	1.213306e+02
1088	1.208019e+02
1089	1.200917e+02
1090	1.191805e+02
1091	1.180156e+02
1092	1.165354e+02
1093	1.147730e+02
1094	1.127506e+02
1095	1.106040e+02
1096	1.085124e+02
1097	1.063892e+02
1098	1.042846e+02
1099	1.023016e+02
1100	1.004833e+02
1101	9.888273e+01
1102	9.750826e+01
1103	9.623062e+01
1104	9.518629e+01
1105	9.430647e+01
1106	9.371449e+01
1107	9.325892e+01
1108	9.308926e+01
1109	9.331076e+01
1110	9.363233e+01
1111	9.421056e+01
1112	9.508049e+01
1113	9.620298e+01
1114	9.747043e+01
1115	9.896059e+01
1116	1.006128e+02
1117	1.023765e+02
1118	1.042070e+02
1119	1.060334e+02
1120	1.077788e+02
1121	1.095039e+02
1122	1.111526e+02
1123	1.127008e+02
1124	1.141100e+02
1125	1.153411e+02
1126	1.164243e+02
1127	1.172137e+02
1128	1.178168e+02
1129	1.182680e+02
1130	1.185342e+02
1131	1.187040e+02
1132	1.187594e+02
1133	1.185854e+02
1134	1.182150e+02
1135	1.175358e+02
1136	1.166551e+02
1137	1.155056e+02
1138	1.142373e+02
1139	1.128853e+02
1140	1.113584e+02
1141	1.099291e+02
1142	1.085666e+02
1143	1.071652e+02
1144	1.056693e+02
1145	1.042555e+02
1146	1.028897e+02
1147	1.017758e+02
1148	1.008843e+02
1149	1.001678e+02
1150	9.964532e+01
1151	9.916253e+01
1152	9.877036e+01
1153	9.845352e+01
1154	9.829431e+01
1155	9.831477e+01
1156	9.844520e+01
1157	9.876713e+01
1158	9.920219e+01
1159	9.963270e+01
1160	1.001748e+02
1161	1.008714e+02
1162	1.017143e+02
1163	1.025960e+02
1164	1.034666e+02
1165	1.043619e+02
1166	1.052642e+02
1167	1.061549e+02
1168	1.070858e+02
1169	1.080053e+02
1170	1.089286e+02
1171	1.098875e+02
1172	1.108848e+02
1173	1.119344e+02
1174	1.130356e+02
1175	1.140990e+02
1176	1.151188e+02
1177	1.160796e+02
1178	1.168769e+02
1179	1.174300e+02
1180	1.178365e+02
1181	1.179224e+02
1182	1.177766e+02
1183	1.174121e+02
1184	1.168588e+02
1185	1.161583e+02
1186	1.153299e+02
1187	1.144547e+02
1188	1.134854e+02
1189	1.125331e+02
1190	1.114861e+02
1191	1.103471e+02
1192	1.090955e+02
1193	1.079257e+02
1194	1.066863e+02
1195	1.054835e+02
1196	1.042900e+02
1197	1.031176e+02
1198	1.020079e+02
1199	1.009323e+02
1200	9.995622e+01
1201	9.911561e+01
1202	9.836060e+01
1203	9.769545e+01
1204	9.708938e+01
1205	9.666650e+01
1206	9.639193e+01
1207	9.641748e+01
1208	9.660300e+01
1209	9.700353e+01
1210	9.753942e+01
1211	9.815747e+01
1212	9.884655e+01
1213	9.960166e+01
1214	1.005545e+02
1215	1.016101e+02
1216	1.028240e+02
1217	1.040457e+02
1218	1.053752e+02
1219	1.067451e+02
1220	1.082118e+02
1221	1.099164e+02
1222	1.115696e+02
1223	1.132620e+02
1224	1.148297e+02
1225	1.161064e+02
1226	1.170940e+02
1227	1.179743e+02
1228	1.185880e+02
1229	1.188383e+02
1230	1.189086e+02
1231	1.186690e+02
1232	1.182442e+02
1233	1.176489e+02
1234	1.169619e+02
1235	1.161145e+02
1236	1.151583e+02
1237	1.141864e+02
1238	1.132154e+02
1239	1.122221e+02
1240	1.112716e+02
1241	1.102646e+02
1242	1.092642e+02
1243	1.081923e+02
1244	1.071267e+02
1245	1.062009e+02
1246	1.052790e+02
1247	1.043217e+02
1248	1.034958e+02
1249	1.028171e+02
1250	1.023251e+02
1251	1.019360e+02
1252	1.016225e+02
1253	1.014198e+02
1254	1.012074e+02
1255	1.012443e+02
1256	1.014405e+02
1257	1.017962e+02
1258	1.022407e+02
1259	1.028236e+02
1260	1.034782e+02
1261	1.042234e+02
1262	1.049866e+02
1263	1.057633e+02
1264	1.065684e+02
1265	1.074508e+02
1266	1.083942e+02
1267	1.093689e+02
1268	1.103458e+02
1269	1.111939e+02
1270	1.120262e+02
1271	1.127213e+02
1272	1.132947e+02
1273	1.137936e+02
1274	1.140460e+02
1275	1.141473e+02
1276	1.141237e+02
1277	1.139903e+02
1278	1.137698e+02
1279	1.133137e+02
1280	1.127875e+02
1281	1.120468e+02
1282	1.112071e+02
1283	1.103204e+02
1284	1.093498e+02
1285	1.082860e+02
1286	1.071159e+02
1287	1.058715e+02
1288	1.045524e+02
1289	1.032460e+02
1290	1.020198e+02
1291	1.008623e+02
1292	9.975188e+01
1293	9.878482e+01
1294	9.800637e+01
1295	9.754010e+01
1296	9.728957e+01
1297	9.713838e+01
1298	9.715674e+01
1299	9.743178e+01
1300	9.781847e+01
1301	9.825933e+01
1302	9.893758e+01
1303	9.975403e+01
1304	1.007143e+02
1305	1.018053e+02
1306	1.029736e+02
1307	1.043218e+02
1308	1.057029e+02
1309	1.071868e+02
1310	1.086814e+02
1311	1.102302e+02
1312	1.116565e+02
1313	1.130388e+02
1314	1.142629e+02
1315	1.153571e+02
1316	1.163247e+02
1317	1.171417e+02
1318	1.178185e+02
1319	1.183265e+02
1320	1.186510e+02
1321	1.187983e+02
1322	1.187473e+02
1323	1.185391e+02
1324	1.181976e+02
1325	1.177414e+02
1326	1.171576e+02
1327	1.164425e+02
1328	1.156079e+02
1329	1.148143e+02
1330	1.139035e+02
1331	1.130725e+02
1332	1.122961e+02
1333	1.114146e+02
1334	1.105693e+02
1335	1.095989e+02
1336	1.087252e+02
1337	1.078439e+02
1338	1.069889e+02
1339	1.062313e+02
1340	1.056238e+02
1341	1.050603e+02
1342	1.047249e+02
1343	1.045794e+02
1344	1.045722e+02
1345	1.046650e+02
1346	1.049211e+02
1347	1.053159e+02
1348	1.056780e+02
1349	1.059753e+02
1350	1.062861e+02
1351	1.065159e+02
1352	1.068773e+02
1353	1.073713e+02
1354	1.080353e+02
1355	1.087689e+02
1356	1.095693e+02
1357	1.103602e+02
1358	1.111067e+02
1359	1.117725e+02
1360	1.123857e+02
1361	1.130005e+02
1362	1.134642e+02
1363	1.138078e+02
1364	1.139069e+02
1365	1.138639e+02
1366	1.135640e+02
1367	1.132123e+02
1368	1.127513e+02
1369	1.122107e+02
1370	1.116259e+02
1371	1.110885e+02
1372	1.103830e+02
1373	1.096626e+02
1374	1.089113e+02
1375	1.081298e+02
1376	1.072322e+02
1377	1.062645e+02
1378	1.053510e+02
1379	1.044910e+02
1380	1.037630e+02
1381	1.031191e+02
1382	1.025571e+02
1383	1.019753e+02
1384	1.014931e+02
1385	1.012039e+02
1386	1.009161e+02
1387	1.007007e+02
1388	1.005458e+02
1389	1.006100e+02
1390	1.007561e+02
1391	1.011092e+02
1392	1.016396e+02
1393	1.022836e+02
1394	1.030738e+02
1395	1.040402e+02
1396	1.051029e+02
1397	1.062527e+02
1398	1.074038e+02
1399	1.086314e+02
1400	1.097543e+02
1401	1.107320e+02
1402	1.117384e+02
1403	1.126920e+02
1404	1.134286e+02
1405	1.141057e+02
1406	1.145811e+02
1407	1.148333e+02
1408	1.149127e+02
1409	1.149292e+02
1410	1.149276e+02
1411	1.148573e+02
1412	1.146249e+02
1413	1.142209e+02
1414	1.137931e+02
1415	1.132079e+02
1416	1.125647e+02
1417	1.118783e+02
1418	1.111512e+02
1419	1.102680e+02
1420	1.093491e+02
1421	1.084535e+02
1422	1.076655e+02
1423	1.067838e+02
1424	1.059146e+02
1425	1.051200e+02
1426	1.044732e+02
1427	1.038276e+02
1428	1.033445e+02
1429	1.028634e+02
1430	1.025511e+02
1431	1.022736e+02
1432	1.021862e+02
1433	1.022865e+02
1434	1.025468e+02
1435	1.028211e+02
1436	1.032550e+02
1437	1.038506e+02
1438	1.045995e+02
1439	1.053951e+02
1440	1.063067e+02
1441	1.071955e+02
1442	1.080633e+02
1443	1.090170e+02
1444	1.099864e+02
1445	1.110194e+02
1446	1.120254e+02
1447	1.129229e+02
1448	1.136657e+02
1449	1.142660e+02
1450	1.147546e+02
1451	1.150838e+02
1452	1.152426e+02
1453	1.152472e+02
1454	1.151965e+02
1455	1.150298e+02
1456	1.145989e+02
1457	1.141438e+02
1458	1.137520e+02
1459	1.132343e+02
1460	1.126258e+02
1461	1.120193e+02
1462	1.113312e+02
1463	1.106121e+02
1464	1.097796e+02
1465	1.089053e+02
1466	1.081015e+02
1467	1.071676e+02
1468	1.063785e+02
1469	1.056248e+02
1470	1.048221e+02
1471	1.040537e+02
1472	1.033158e+02
1473	1.027004e+02
1474	1.021568e+02
1475	1.018262e+02
1476	1.016662e+02
1477	1.014662e+02
1478	1.013295e+02
1479	1.013185e+02
1480	1.012995e+02
1481	1.013406e+02
1482	1.016231e+02
1483	1.020543e+02
1484	1.027186e+02
1485	1.034046e+02
1486	1.041081e+02
1487	1.047997e+02
1488	1.055336e+02
1489	1.064072e+02
1490	1.073124e+02
1491	1.081879e+02
1492	1.091363e+02
1493	1.099275e+02
1494	1.105842e+02
1495	1.111280e+02
1496	1.114734e+02
1497	1.117836e+02
1498	1.119527e+02
1499	1.119894e+02
1500	1.118301e+02
1501	1.115216e+02
1502	1.110664e+02
1503	1.105147e+02
1504	1.098571e+02
1505	1.092049e+02
1506	1.084582e+02
1507	1.077227e+02
1508	1.068839e+02
1509	1.059815e+02
1510	1.051195e+02
1511	1.042304e+02
1512	1.032964e+02
1513	1.024407e+02
1514	1.016613e+02
1515	1.009200e+02
1516	1.002999e+02
1517	9.974771e+01
1518	9.920886e+01
1519	9.881266e+01
1520	9.846882e+01
1521	9.826110e+01
1522	9.808907e+01
1523	9.809202e+01
1524	9.816620e+01
1525	9.837828e+01
1526	9.864897e+01
1527	9.902318e+01
1528	9.949149e+01
1529	1.000520e+02
1530	1.006264e+02
1531	1.012991e+02
1532	1.020917e+02
1533	1.029682e+02
1534	1.039160e+02
1535	1.048761e+02
1536	1.057795e+02
1537	1.067306e+02
1538	1.077212e+02
1539	1.085768e+02
1540	1.093834e+02
1541	1.099564e+02
1542	1.103396e+02
1543	1.107370e+02
1544	1.110825e+02
1545	1.114466e+02
1546	1.118509e+02
1547	1.121389e+02
1548	1.123321e+02
1549	1.125102e+02
1550	1.126428e+02
1551	1.126838e+02
1552	1.126802e+02
1553	1.126389e+02
1554	1.124255e+02
1555	1.121200e+02
1556	1.116921e+02
1557	1.111543e+02
1558	1.103757e+02
1559	1.095853e+02
1560	1.087761e+02
1561	1.079450e+02
1562	1.072139e+02
1563	1.065186e+02
1564	1.057418e+02
1565	1.050389e+02
1566	1.043374e+02
1567	1.037303e+02
1568	1.031990e+02
1569	1.027823e+02
1570	1.024739e+02
1571	1.023140e+02
1572	1.022499e+02
1573	1.022977e+02
1574	1.024942e+02
1575	1.028208e+02
1576	1.032084e+02
1577	1.037390e+02
1578	1.042527e+02
1579	1.048514e+02
1580	1.053319e+02
1581	1.058863e+02
1582	1.064123e+02
1583	1.068834e+02
1584	1.071986e+02
1585	1.074853e+02
1586	1.078047e+02
1587	1.081142e+02
1588	1.083612e+02
1589	1.086711e+02
1590	1.089283e+02
1591	1.091387e+02
1592	1.092630e+02
1593	1.093917e+02
1594	1.094929e+02
1595	1.096362e+02
1596	1.097902e+02
1597	1.098666e+02
1598	1.099497e+02
1599	1.100605e+02
1600	1.100529e+02
1601	1.098941e+02
1602	1.096378e+02
1603	1.093342e+02
1604	1.089661e+02
1605	1.085512e+02
1606	1.080469e+02
1607	1.074337e+02
1608	1.067813e+02
1609	1.061705e+02
1610	1.056686e+02
1611	1.052181e+02
1612	1.048214e+02
1613	1.044766e+02
1614	1.043491e+02
1615	1.042783e+02
1616	1.043057e+02
1617	1.043361e+02
1618	1.044253e+02
1619	1.045669e+02
1620	1.047366e+02
1621	1.051174e+02
1622	1.056890e+02
1623	1.062139e+02
1624	1.068394e+02
1625	1.074894e+02
1626	1.081330e+02
1627	1.087800e+02
1628	1.093949e+02
1629	1.099199e+02
1630	1.103912e+02
1631	1.109097e+02
1632	1.113527e+02
1633	1.117281e+02
1634	1.120881e+02
1635	1.123679e+02
1636	1.125374e+02
1637	1.126180e+02
1638	1.126350e+02
1639	1.125417e+02
1640	1.124441e+02
1641	1.122631e+02
1642	1.120004e+02
1643	1.116335e+02
1644	1.112222e+02
1645	1.107821e+02
1646	1.102542e+02
1647	1.095912e+02
1648	1.088235e+02
1649	1.081341e+02
1650	1.074288e+02
1651	1.067434e+02
1652	1.061362e+02
1653	1.056787e+02
1654	1.052088e+02
1655	1.047215e+02
1656	1.043179e+02
1657	1.041438e+02
1658	1.040605e+02
1659	1.040155e+02
1660	1.040185e+02
1661	1.039754e+02
1662	1.040750e+02
1663	1.041797e+02
1664	1.042727e+02
1665	1.044436e+02
1666	1.046105e+02
1667	1.047369e+02
1668	1.049019e+02
1669	1.052148e+02
1670	1.055282e+02
1671	1.058731e+02
1672	1.061808e+02
1673	1.065312e+02
1674	1.068830e+02
1675	1.072044e+02
1676	1.075294e+02
1677	1.077544e+02
1678	1.079223e+02
1679	1.080511e+02
1680	1.080378e+02
1681	1.079566e+02
1682	1.077401e+02
1683	1.075464e+02
1684	1.073457e+02
1685	1.070676e+02
1686	1.067486e+02
1687	1.063782e+02
1688	1.058789e+02
1689	1.054576e+02
1690	1.050603e+02
1691	1.046953e+02
1692	1.044853e+02
1693	1.041599e+02
1694	1.040472e+02
1695	1.039948e+02
1696	1.039414e+02
1697	1.038957e+02
1698	1.037974e+02
1699	1.038880e+02
1700	1.039983e+02
1701	1.040921e+02
1702	1.042443e+02
1703	1.044929e+02
1704	1.046843e+02
1705	1.048858e+02
1706	1.051359e+02
1707	1.054421e+02
1708	1.058336e+02
1709	1.063304e+02
1710	1.067354e+02
1711	1.069783e+02
1712	1.073074e+02
1713	1.077570e+02
1714	1.083066e+02
1715	1.088813e+02
1716	1.093189e+02
1717	1.097478e+02
1718	1.100912e+02
1719	1.103334e+02
1720	1.106352e+02
1721	1.108174e+02
1722	1.109381e+02
1723	1.110301e+02
1724	1.111569e+02
1725	1.112375e+02
1726	1.111634e+02
1727	1.111775e+02
1728	1.111575e+02
1729	1.112000e+02
1730	1.112704e+02
1731	1.112985e+02
1732	1.113162e+02
1733	1.112082e+02
1734	1.110787e+02
1735	1.108907e+02
1736	1.107342e+02
1737	1.104616e+02
1738	1.101235e+02
1739	1.097689e+02
1740	1.093726e+02
1741	1.089007e+02
1742	1.083764e+02
1743	1.077139e+02
1744	1.070887e+02
1745	1.063972e+02
1746	1.057602e+02
1747	1.051868e+02
1748	1.046861e+02
1749	1.041352e+02
1750	1.037059e+02
1751	1.034509e+02
1752	1.033112e+02
1753	1.030737e+02
1754	1.029297e+02
1755	1.029200e+02
1756	1.030620e+02
1757	1.033517e+02
1758	1.037141e+02
1759	1.042230e+02
1760	1.048319e+02
1761	1.055479e+02
1762	1.063793e+02
1763	1.072082e+02
1764	1.081100e+02
1765	1.089106e+02
1766	1.097299e+02
1767	1.104825e+02
1768	1.112185e+02
1769	1.116926e+02
1770	1.121098e+02
1771	1.124612e+02
1772	1.127273e+02
1773	1.129573e+02
1774	1.131089e+02
1775	1.131175e+02
1776	1.131439e+02
1777	1.130587e+02
1778	1.128504e+02
1779	1.124808e+02
1780	1.120444e+02
1781	1.114791e+02
1782	1.107743e+02
1783	1.099652e+02
1784	1.092224e+02
1785	1.084549e+02
1786	1.077041e+02
1787	1.069491e+02
1788	1.061626e+02
1789	1.053984e+02
1790	1.047876e+02
1791	1.042821e+02
1792	1.037911e+02
1793	1.034036e+02
1794	1.031610e+02
1795	1.030050e+02
1796	1.030536e+02
1797	1.031209e+02
1798	1.031954e+02
1799	1.034019e+02
1800	1.037801e+02
1801	1.041799e+02
1802	1.046273e+02
1803	1.051002e+02
1804	1.056068e+02
1805	1.060261e+02
1806	1.065364e+02
1807	1.070247e+02
1808	1.075182e+02
1809	1.080659e+02
1810	1.085850e+02
1811	1.091191e+02
1812	1.096916e+02
1813	1.102443e+02
1814	1.106872e+02
1815	1.109839e+02
1816	1.111308e+02
1817	1.112234e+02
1818	1.112607e+02
1819	1.112506e+02
1820	1.112223e+02
1821	1.110803e+02
1822	1.109105e+02
1823	1.106363e+02
1824	1.102681e+02
1825	1.098184e+02
1826	1.094538e+02
1827	1.090634e+02
1828	1.087023e+02
1829	1.083046e+02
1830	1.079105e+02
1831	1.074104e+02
1832	1.069307e+02
1833	1.064969e+02
1834	1.061774e+02
1835	1.058473e+02
1836	1.055415e+02
1837	1.052224e+02
1838	1.049851e+02
1839	1.048018e+02
1840	1.046181e+02
1841	1.044683e+02
1842	1.044128e+02
1843	1.044079e+02
1844	1.044440e+02
1845	1.044864e+02
1846	1.045521e+02
1847	1.045619e+02
1848	1.046620e+02
1849	1.048151e+02
1850	1.048617e+02
1851	1.048150e+02
1852	1.048620e+02
1853	1.049194e+02
1854	1.050244e+02
1855	1.050647e+02
1856	1.050465e+02
1857	1.050776e+02
1858	1.051152e+02
1859	1.051107e+02
1860	1.050405e+02
1861	1.049906e+02
1862	1.048904e+02
1863	1.048968e+02
1864	1.049444e+02
1865	1.049261e+02
1866	1.049298e+02
1867	1.049382e+02
1868	1.048798e+02
1869	1.048414e+02
1870	1.046988e+02
1871	1.045944e+02
1872	1.045467e+02
1873	1.045244e+02
1874	1.045675e+02
1875	1.047125e+02
1876	1.049110e+02
1877	1.051438e+02
1878	1.054488e+02
1879	1.056935e+02
1880	1.059810e+02
1881	1.062906e+02
1882	1.066428e+02
1883	1.069495e+02
1884	1.073239e+02
1885	1.077371e+02
1886	1.081247e+02
1887	1.084255e+02
1888	1.087902e+02
1889	1.091309e+02
1890	1.094828e+02
1891	1.096481e+02
1892	1.096868e+02
1893	1.096844e+02
1894	1.096541e+02
1895	1.095068e+02
1896	1.093963e+02
1897	1.092940e+02
1898	1.092653e+02
1899	1.092190e+02
1900	1.091272e+02
1901	1.090914e+02
1902	1.090171e+02
1903	1.089751e+02
1904	1.089556e+02
1905	1.089807e+02
1906	1.088864e+02
1907	1.089118e+02
1908	1.089171e+02
1909	1.088988e+02
1910	1.088741e+02
1911	1.089162e+02
1912	1.090956e+02
1913	1.092831e+02
1914	1.095383e+02
1915	1.096770e+02
1916	1.097462e+02
1917	1.098229e+02
1918	1.099221e+02
1919	1.098880e+02
1920	1.098467e+02
1921	1.097137e+02
1922	1.095165e+02
1923	1.092760e+02
1924	1.089921e+02
1925	1.087053e+02
1926	1.083502e+02
1927	1.079529e+02
1928	1.075481e+02
1929	1.070961e+02
1930	1.067211e+02
1931	1.063900e+02
1932	1.060630e+02
1933	1.058007e+02
1934	1.055352e+02
1935	1.053256e+02
1936	1.052243e+02
1937	1.052010e+02
1938	1.051667e+02
1939	1.051996e+02
1940	1.052545e+02
1941	1.051949e+02
1942	1.051798e+02
1943	1.052025e+02
1944	1.052598e+02
1945	1.054439e+02
1946	1.056348e+02
1947	1.059155e+02
1948	1.062239e+02
1949	1.066254e+02
1950	1.070092e+02
1951	1.074237e+02
1952	1.078142e+02
1953	1.082488e+02
1954	1.086711e+02
1955	1.090968e+02
1956	1.095886e+02
1957	1.099521e+02
1958	1.103274e+02
1959	1.106445e+02
1960	1.108358e+02
1961	1.109021e+02
1962	1.109355e+02
1963	1.109420e+02
1964	1.109132e+02
1965	1.107800e+02
1966	1.104706e+02
1967	1.102401e+02
1968	1.099353e+02
1969	1.097261e+02
1970	1.094272e+02
1971	1.092010e+02
1972	1.089594e+02
1973	1.086860e+02
1974	1.084727e+02
1975	1.083190e+02
1976	1.081759e+02
1977	1.079921e+02
1978	1.078083e+02
1979	1.075527e+02
1980	1.072598e+02
1981	1.069192e+02
1982	1.066172e+02
1983	1.062559e+02
1984	1.057158e+02
1985	1.052191e+02
1986	1.045632e+02
1987	1.040095e+02
1988	1.034530e+02
1989	1.029389e+02
1990	1.025276e+02
1991	1.021941e+02
1992	1.019365e+02
1993	1.017740e+02
1994	1.017036e+02
1995	1.016801e+02
1996	1.016568e+02
1997	1.017724e+02
1998	1.020286e+02
1999	1.023783e+02
2000	1.028692e+02
2001	1.033526e+02
2002	1.038615e+02
2003	1.044342e+02
2004	1.050423e+02
2005	1.056247e+02
2006	1.062020e+02
2007	1.068410e+02
2008	1.075046e+02
2009	1.081741e+02
2010	1.087811e+02
2011	1.095008e+02
2012	1.100677e+02
2013	1.105333e+02
2014	1.109497e+02
2015	1.112982e+02
2016	1.115748e+02
2017	1.118178e+02
2018	1.121016e+02
2019	1.123986e+02
2020	1.126505e+02
2021	1.128813e+02
2022	1.131262e+02
2023	1.133693e+02
2024	1.136298e+02
2025	1.138435e+02
2026	1.139729e+02
2027	1.140044e+02
2028	1.138844e+02
2029	1.136175e+02
2030	1.133132e+02
2031	1.129800e+02
2032	1.124125e+02
2033	1.117572e+02
2034	1.110541e+02
2035	1.103680e+02
2036	1.097598e+02
2037	1.090458e+02
2038	1.083671e+02
2039	1.076577e+02
2040	1.069294e+02
2041	1.061750e+02
2042	1.053536e+02
2043	1.045441e+02
2044	1.038662e+02
2045	1.031965e+02
2046	1.027318e+02
2047	1.022982e+02
2048	1.019429e+02
2049	1.017394e+02
2050	1.016453e+02
2051	1.016590e+02
2052	1.016834e+02
2053	1.017892e+02
2054	1.020408e+02
2055	1.023901e+02
2056	1.028956e+02
2057	1.034159e+02
2058	1.039513e+02
2059	1.045043e+02
2060	1.052053e+02
2061	1.059887e+02
2062	1.068584e+02
2063	1.077939e+02
2064	1.087393e+02
2065	1.096550e+02
2066	1.105088e+02
2067	1.112401e+02
2068	1.119181e+02
2069	1.125349e+02
2070	1.132420e+02
2071	1.138803e+02
2072	1.144822e+02
2073	1.149892e+02
2074	1.154229e+02
2075	1.157024e+02
2076	1.158394e+02
2077	1.158387e+02
2078	1.158212e+02
2079	1.156225e+02
2080	1.151612e+02
2081	1.145701e+02
2082	1.138586e+02
2083	1.129799e+02
2084	1.119295e+02
2085	1.108698e+02
2086	1.096285e+02
2087	1.082732e+02
2088	1.068370e+02
2089	1.054091e+02
2090	1.040398e+02
2091	1.027959e+02
2092	1.015417e+02
2093	1.003510e+02
2094	9.929935e+01
2095	9.851146e+01
2096	9.786898e+01
2097	9.728843e+01
2098	9.681682e+01
2099	9.650938e+01
2100	9.627738e+01
2101	9.621219e+01
2102	9.630789e+01
2103	9.660576e+01
2104	9.713462e+01
2105	9.774528e+01
2106	9.853741e+01
2107	9.942260e+01
2108	1.003185e+02
2109	1.013602e+02
2110	1.023364e+02
2111	1.032614e+02
2112	1.041488e+02
2113	1.051175e+02
2114	1.061112e+02
2115	1.071647e+02
2116	1.080496e+02
2117	1.089121e+02
2118	1.096674e+02
2119	1.103140e+02
2120	1.108980e+02
2121	1.114314e+02
2122	1.119274e+02
2123	1.123090e+02
2124	1.126749e+02
2125	1.129068e+02
2126	1.130777e+02
2127	1.130646e+02
2128	1.129624e+02
2129	1.126849e+02
2130	1.123516e+02
2131	1.118885e+02
2132	1.114376e+02
2133	1.109724e+02
2134	1.105539e+02
2135	1.100499e+02
2136	1.093570e+02
2137	1.085158e+02
2138	1.076227e+02
2139	1.068201e+02
2140	1.060633e+02
2141	1.053787e+02
2142	1.047745e+02
2143	1.042258e+02
2144	1.037737e+02
2145	1.032325e+02
2146	1.027490e+02
2147	1.021780e+02
2148	1.016032e+02
2149	1.011488e+02
2150	1.007338e+02
2151	1.004112e+02
2152	1.001444e+02
2153	9.998334e+01
2154	9.986090e+01
2155	9.978856e+01
2156	9.978028e+01
2157	9.988614e+01
2158	9.997714e+01
2159	1.002040e+02
2160	1.006009e+02
2161	1.010676e+02
2162	1.014812e+02
2163	1.018899e+02
2164	1.023163e+02
2165	1.028616e+02
2166	1.034627e+02
2167	1.042003e+02
2168	1.050043e+02
2169	1.058452e+02
2170	1.067051e+02
2171	1.075945e+02
2172	1.085357e+02
2173	1.096636e+02
2174	1.105890e+02
2175	1.114481e+02
2176	1.121947e+02
2177	1.128940e+02
2178	1.134646e+02
2179	1.140248e+02
2180	1.146066e+02
2181	1.150669e+02
2182	1.154696e+02
2183	1.157115e+02
2184	1.158797e+02
2185	1.159454e+02
2186	1.158562e+02
2187	1.155833e+02
2188	1.151290e+02
2189	1.146108e+02
2190	1.139339e+02
2191	1.131430e+02
2192	1.122936e+02
2193	1.114692e+02
2194	1.105495e+02
2195	1.095348e+02
2196	1.085268e+02
2197	1.074701e+02
2198	1.064553e+02
2199	1.055123e+02
2200	1.046248e+02
2201	1.038056e+02
2202	1.031393e+02
2203	1.025860e+02
2204	1.021315e+02
2205	1.017338e+02
2206	1.014334e+02
2207	1.012317e+02
2208	1.011920e+02
2209	1.011709e+02
2210	1.012315e+02
2211	1.013514e+02
2212	1.015806e+02
2213	1.018442e+02
2214	1.020575e+02
2215	1.023087e+02
2216	1.026058e+02
2217	1.029146e+02
2218	1.032364e+02
2219	1.036128e+02
2220	1.039518e+02
2221	1.043675e+02
2222	1.048162e+02
2223	1.052746e+02
2224	1.057958e+02
2225	1.062604e+02
2226	1.066187e+02
2227	1.069113e+02
2228	1.072076e+02
2229	1.075227e+02
2230	1.077865e+02
2231	1.079353e+02
2232	1.081383e+02
2233	1.083342e+02
2234	1.086598e+02
2235	1.089938e+02
2236	1.094162e+02
2237	1.098403e+02
2238	1.102075e+02
2239	1.104008e+02
2240	1.105338e+02
2241	1.105516e+02
2242	1.105091e+02
2243	1.104221e+02
2244	1.103210e+02
2245	1.102129e+02
2246	1.100744e+02
2247	1.098872e+02
2248	1.096035e+02
2249	1.094400e+02
2250	1.091819e+02
2251	1.089011e+02
2252	1.085848e+02
2253	1.083211e+02
2254	1.080215e+02
2255	1.077633e+02
2256	1.074800e+02
2257	1.071922e+02
2258	1.068110e+02
2259	1.063959e+02
2260	1.059989e+02
2261	1.055778e+02
2262	1.051814e+02
2263	1.048103e+02
2264	1.044522e+02
2265	1.040936e+02
2266	1.038883e+02
2267	1.038328e+02
2268	1.039795e+02
2269	1.041288e+02
2270	1.045278e+02
2271	1.050144e+02
2272	1.055604e+02
2273	1.061524e+02
2274	1.067892e+02
2275	1.074667e+02
2276	1.081320e+02
2277	1.087579e+02
2278	1.093257e+02
2279	1.097484e+02
2280	1.102292e+02
2281	1.105896e+02
2282	1.109224e+02
2283	1.111780e+02
2284	1.112708e+02
2285	1.113833e+02
2286	1.114374e+02
2287	1.112864e+02
2288	1.110132e+02
2289	1.106134e+02
2290	1.102079e+02
2291	1.097389e+02
2292	1.091669e+02
2293	1.086486e+02
2294	1.080093e+02
2295	1.074104e+02
2296	1.068895e+02
2297	1.063865e+02
2298	1.060326e+02
2299	1.056399e+02
2300	1.052963e+02
2301	1.050851e+02
2302	1.048610e+02
2303	1.048149e+02
2304	1.048019e+02
2305	1.047724e+02
2306	1.048199e+02
2307	1.049456e+02
2308	1.051294e+02
2309	1.053107e+02
2310	1.055477e+02
2311	1.057391e+02
2312	1.060357e+02
2313	1.062857e+02
2314	1.065455e+02
2315	1.068137e+02
2316	1.070911e+02
2317	1.073854e+02
2318	1.077071e+02
2319	1.079304e+02
2320	1.082785e+02
2321	1.085530e+02
2322	1.088480e+02
2323	1.091924e+02
2324	1.094610e+02
2325	1.096974e+02
2326	1.099183e+02
2327	1.100495e+02
2328	1.102102e+02
2329	1.103053e+02
2330	1.104091e+02
2331	1.105069e+02
2332	1.106892e+02
2333	1.107901e+02
2334	1.108805e+02
2335	1.108828e+02
2336	1.107350e+02
2337	1.106153e+02
2338	1.104299e+02
2339	1.102417e+02
2340	1.100956e+02
2341	1.099826e+02
2342	1.099196e+02
2343	1.098478e+02
2344	1.098882e+02
2345	1.098841e+02
2346	1.098692e+02
2347	1.098350e+02
2348	1.098645e+02
2349	1.099158e+02
2350	1.100822e+02
2351	1.102244e+02
2352	1.104925e+02
2353	1.107477e+02
2354	1.109939e+02
2355	1.111896e+02
2356	1.114308e+02
2357	1.115983e+02
2358	1.117376e+02
2359	1.118546e+02
2360	1.120331e+02
2361	1.121328e+02
2362	1.120894e+02
2363	1.119253e+02
2364	1.116757e+02
2365	1.114427e+02
2366	1.111691e+02
2367	1.109237e+02
2368	1.106203e+02
2369	1.102003e+02
2370	1.097434e+02
2371	1.091279e+02
2372	1.083916e+02
2373	1.077366e+02
2374	1.070829e+02
2375	1.064873e+02
2376	1.059213e+02
2377	1.052863e+02
2378	1.046178e+02
2379	1.038774e+02
2380	1.031924e+02
2381	1.024330e+02
2382	1.017890e+02
2383	1.012271e+02
2384	1.006680e+02
2385	1.000708e+02
2386	9.947548e+01
2387	9.893039e+01
2388	9.838768e+01
2389	9.797436e+01
2390	9.770474e+01
2391	9.755555e+01
2392	9.746589e+01
2393	9.750365e+01
2394	9.769080e+01
2395	9.788104e+01
2396	9.820942e+01
2397	9.861227e+01
2398	9.914474e+01
2399	9.983434e+01
2400	1.005909e+02
2401	1.014370e+02
2402	1.023693e+02
2403	1.033653e+02
2404	1.045095e+02
2405	1.056559e+02
2406	1.066917e+02
2407	1.076978e+02
2408	1.087544e+02
2409	1.099180e+02
2410	1.110966e+02
2411	1.122590e+02
2412	1.134212e+02
2413	1.145210e+02
2414	1.154704e+02
2415	1.162034e+02
2416	1.167760e+02
2417	1.172098e+02
2418	1.174981e+02
2419	1.175655e+02
2420	1.174326e+02
2421	1.169449e+02
2422	1.163061e+02
2423	1.155104e+02
2424	1.145768e+02
2425	1.136433e+02
2426	1.126082e+02
2427	1.114113e+02
2428	1.101708e+02
2429	1.089412e+02
2430	1.075685e+02
2431	1.062173e+02
2432	1.048277e+02
2433	1.034025e+02
2434	1.020870e+02
2435	1.009040e+02
2436	9.982681e+01
2437	9.884251e+01
2438	9.797608e+01
2439	9.727167e+01
2440	9.677535e+01
2441	9.645504e+01
2442	9.632821e+01
2443	9.634115e+01
2444	9.653895e+01
2445	9.685708e+01
2446	9.733903e+01
2447	9.796567e+01
2448	9.876481e+01
2449	9.961933e+01
2450	1.005442e+02
2451	1.015200e+02
2452	1.026014e+02
2453	1.037318e+02
2454	1.048987e+02
2455	1.061489e+02
2456	1.072496e+02
2457	1.083261e+02
2458	1.093443e+02
2459	1.102247e+02
2460	1.109923e+02
2461	1.115959e+02
2462	1.120245e+02
2463	1.121364e+02
2464	1.121525e+02
2465	1.120117e+02
2466	1.117018e+02
2467	1.113038e+02
2468	1.107957e+02
2469	1.102228e+02
2470	1.096240e+02
2471	1.090482e+02
2472	1.084466e+02
2473	1.078531e+02
2474	1.073010e+02
2475	1.068251e+02
2476	1.062789e+02
2477	1.057870e+02
2478	1.054211e+02
2479	1.050676e+02
2480	1.047050e+02
2481	1.043185e+02
2482	1.039750e+02
2483	1.037690e+02
2484	1.036824e+02
2485	1.035297e+02
2486	1.034163e+02
2487	1.033653e+02
2488	1.033667e+02
2489	1.033094e+02
2490	1.032115e+02
2491	1.030154e+02
2492	1.027761e+02
2493	1.025216e+02
2494	1.023232e+02
2495	1.021285e+02
2496	1.021177e+02
2497	1.023387e+02
2498	1.027085e+02
2499	1.031215e+02
2500	1.036317e+02
2501	1.043120e+02
2502	1.049726e+02
2503	1.057588e+02
2504	1.067138e+02
2505	1.077239e+02
2506	1.086842e+02
2507	1.096363e+02
2508	1.106206e+02
2509	1.114773e+02
2510	1.122816e+02
2511	1.129598e+02
2512	1.134912e+02
2513	1.140122e+02
2514	1.144613e+02
2515	1.147256e+02
2516	1.148808e+02
2517	1.149964e+02
2518	1.150638e+02
2519	1.149919e+02
2520	1.148744e+02
2521	1.146904e+02
2522	1.144832e+02
2523	1.142906e+02
2524	1.140405e+02
2525	1.136991e+02
2526	1.134410e+02
2527	1.130404e+02
2528	1.125706e+02
2529	1.119832e+02
2530	1.112616e+02
2531	1.104763e+02
2532	1.097048e+02
2533	1.088726e+02
2534	1.080214e+02
2535	1.072329e+02
2536	1.065752e+02
2537	1.058304e+02
2538	1.050369e+02
2539	1.043172e+02
2540	1.037300e+02
2541	1.032144e+02
2542	1.027726e+02
2543	1.023100e+02
2544	1.018773e+02
2545	1.015219e+02
2546	1.012825e+02
2547	1.012400e+02
2548	1.013335e+02
2549	1.014316e+02
2550	1.015987e+02
2551	1.018875e+02
2552	1.022514e+02
2553	1.027307e+02
2554	1.032457e+02
2555	1.038724e+02
2556	1.045053e+02
2557	1.052200e+02
2558	1.059726e+02
2559	1.066179e+02
2560	1.072229e+02
2561	1.078505e+02
2562	1.083842e+02
2563	1.088148e+02
2564	1.093206e+02
2565	1.098378e+02
2566	1.102428e+02
2567	1.106107e+02
2568	1.110051e+02
2569	1.114447e+02
2570	1.118374e+02
2571	1.121513e+02
2572	1.124309e+02
2573	1.127894e+02
2574	1.131599e+02
2575	1.134482e+02
2576	1.135079e+02
2577	1.134866e+02
2578	1.132513e+02
2579	1.130009e+02
2580	1.126816e+02
2581	1.122893e+02
2582	1.117831e+02
2583	1.112169e+02
2584	1.106549e+02
2585	1.101438e+02
2586	1.096987e+02
2587	1.093125e+02
2588	1.089484e+02
2589	1.086316e+02
2590	1.082948e+02
2591	1.079530e+02
2592	1.076058e+02
2593	1.074619e+02
2594	1.073293e+02
2595	1.072456e+02
2596	1.071979e+02
2597	1.070903e+02
2598	1.069809e+02
2599	1.070142e+02
2600	1.071328e+02
2601	1.073525e+02
2602	1.076972e+02
2603	1.081330e+02
2604	1.085820e+02
2605	1.091638e+02
2606	1.097366e+02
2607	1.103470e+02
2608	1.109658e+02
2609	1.115559e+02
2610	1.120472e+02
2611	1.125006e+02
2612	1.127598e+02
2613	1.129347e+02
2614	1.130246e+02
2615	1.129611e+02
2616	1.126999e+02
2617	1.123960e+02
2618	1.119373e+02
2619	1.113788e+02
2620	1.108477e+02
2621	1.102939e+02
2622	1.097672e+02
2623	1.092294e+02
2624	1.087700e+02
2625	1.083468e+02
2626	1.079134e+02
2627	1.074407e+02
2628	1.068439e+02
2629	1.061878e+02
2630	1.055083e+02
2631	1.048103e+02
2632	1.041555e+02
2633	1.034810e+02
2634	1.027228e+02
2635	1.019065e+02
2636	1.012095e+02
2637	1.005471e+02
2638	9.992126e+01
2639	9.943825e+01
2640	9.896855e+01
2641	9.856059e+01
2642	9.823379e+01
2643	9.799036e+01
2644	9.787506e+01
2645	9.781272e+01
2646	9.789442e+01
2647	9.811182e+01
2648	9.844579e+01
2649	9.892512e+01
2650	9.949087e+01
2651	1.001012e+02
2652	1.006777e+02
2653	1.012674e+02
2654	1.019687e+02
2655	1.027318e+02
2656	1.036472e+02
2657	1.045860e+02
2658	1.055142e+02
2659	1.064640e+02
2660	1.073398e+02
2661	1.082255e+02
2662	1.089178e+02
2663	1.096069e+02
2664	1.102964e+02
2665	1.110853e+02
2666	1.119137e+02
2667	1.127167e+02
2668	1.134467e+02
2669	1.141042e+02
2670	1.146877e+02
2671	1.153531e+02
2672	1.157958e+02
2673	1.160334e+02
2674	1.162017e+02
2675	1.162389e+02
2676	1.162014e+02
2677	1.160618e+02
2678	1.157990e+02
2679	1.154174e+02
2680	1.149989e+02
2681	1.145902e+02
2682	1.139476e+02
2683	1.132575e+02
2684	1.125148e+02
2685	1.116608e+02
2686	1.107136e+02
2687	1.097293e+02
2688	1.086704e+02
2689	1.074698e+02
2690	1.062840e+02
2691	1.051449e+02
2692	1.041355e+02
2693	1.031800e+02
2694	1.023309e+02
2695	1.016671e+02
2696	1.012514e+02
2697	1.008276e+02
2698	1.005847e+02
2699	1.005568e+02
2700	1.005595e+02
2701	1.005979e+02
2702	1.008813e+02
2703	1.013451e+02
2704	1.019024e+02
2705	1.025496e+02
2706	1.032978e+02
2707	1.040839e+02
2708	1.049469e+02
2709	1.057371e+02
2710	1.065398e+02
2711	1.073029e+02
2712	1.079715e+02
2713	1.086458e+02
2714	1.093154e+02
2715	1.098676e+02
2716	1.103233e+02
2717	1.107232e+02
2718	1.109877e+02
2719	1.112742e+02
2720	1.114656e+02
2721	1.116108e+02
2722	1.116459e+02
2723	1.116119e+02
2724	1.115279e+02
2725	1.113708e+02
2726	1.110905e+02
2727	1.107514e+02
2728	1.103848e+02
2729	1.098043e+02
2730	1.090806e+02
2731	1.082802e+02
2732	1.073968e+02
2733	1.065314e+02
2734	1.056367e+02
2735	1.046856e+02
2736	1.037277e+02
2737	1.028906e+02
2738	1.022497e+02
2739	1.016295e+02
2740	1.011714e+02
2741	1.007635e+02
2742	1.004264e+02
2743	1.002388e+02
2744	1.002907e+02
2745	1.004670e+02
2746	1.006806e+02
2747	1.011104e+02
2748	1.016190e+02
2749	1.021669e+02
2750	1.028448e+02
2751	1.036647e+02
2752	1.045603e+02
2753	1.053689e+02
2754	1.061402e+02
2755	1.069530e+02
2756	1.077337e+02
2757	1.084146e+02
2758	1.089902e+02
2759	1.095851e+02
2760	1.100215e+02
2761	1.103316e+02
2762	1.106678e+02
2763	1.109851e+02
2764	1.112212e+02
2765	1.113392e+02
2766	1.113367e+02
2767	1.111888e+02
2768	1.109485e+02
2769	1.105880e+02
2770	1.101756e+02
2771	1.097512e+02
2772	1.092640e+02
2773	1.086412e+02
2774	1.079576e+02
2775	1.073158e+02
2776	1.066807e+02
2777	1.061210e+02
2778	1.054933e+02
2779	1.049278e+02
2780	1.043438e+02
2781	1.038375e+02
2782	1.034903e+02
2783	1.033355e+02
2784	1.032612e+02
2785	1.033034e+02
2786	1.034543e+02
2787	1.036721e+02
2788	1.039475e+02
2789	1.043341e+02
2790	1.048381e+02
2791	1.054025e+02
2792	1.060129e+02
2793	1.066693e+02
2794	1.074572e+02
2795	1.082229e+02
2796	1.088685e+02
2797	1.094521e+02
2798	1.099559e+02
2799	1.103910e+02
2800	1.107884e+02
2801	1.111322e+02
2802	1.113309e+02
2803	1.114660e+02
2804	1.115322e+02
2805	1.115178e+02
2806	1.114674e+02
2807	1.113888e+02
2808	1.113023e+02
2809	1.112729e+02
2810	1.112773e+02
2811	1.113164e+02
2812	1.114392e+02
2813	1.114413e+02
2814	1.114323e+02
2815	1.112720e+02
2816	1.108748e+02
2817	1.104710e+02
2818	1.100488e+02
2819	1.096369e+02
2820	1.092768e+02
2821	1.088217e+02
2822	1.082469e+02
2823	1.076191e+02
2824	1.070247e+02
2825	1.064291e+02
2826	1.057893e+02
2827	1.051886e+02
2828	1.046609e+02
2829	1.042121e+02
2830	1.037849e+02
2831	1.035175e+02
2832	1.033918e+02
2833	1.033282e+02
2834	1.033862e+02
2835	1.034645e+02
2836	1.036945e+02
2837	1.040207e+02
2838	1.044206e+02
2839	1.047919e+02
2840	1.051173e+02
2841	1.053875e+02
2842	1.056381e+02
2843	1.059729e+02
2844	1.062859e+02
2845	1.067047e+02
2846	1.070967e+02
2847	1.075037e+02
2848	1.078419e+02
2849	1.081200e+02
2850	1.085313e+02
2851	1.089878e+02
2852	1.094774e+02
2853	1.098610e+02
2854	1.102571e+02
2855	1.105997e+02
2856	1.110581e+02
2857	1.114916e+02
2858	1.119673e+02
2859	1.123814e+02
2860	1.127011e+02
2861	1.129675e+02
2862	1.132150e+02
2863	1.134667e+02
2864	1.135031e+02
2865	1.134270e+02
2866	1.132345e+02
2867	1.129249e+02
2868	1.125600e+02
2869	1.122384e+02
2870	1.118713e+02
2871	1.114571e+02
2872	1.109877e+02
2873	1.106112e+02
2874	1.101853e+02
2875	1.097437e+02
2876	1.093352e+02
2877	1.089200e+02
2878	1.085058e+02
2879	1.080105e+02
2880	1.075171e+02
2881	1.071091e+02
2882	1.067097e+02
2883	1.062722e+02
2884	1.057544e+02
2885	1.053315e+02
2886	1.049886e+02
2887	1.046852e+02
2888	1.044091e+02
2889	1.041479e+02
2890	1.039381e+02
2891	1.037342e+02
2892	1.035826e+02
2893	1.033961e+02
2894	1.033440e+02
2895	1.035149e+02
2896	1.037620e+02
2897	1.040818e+02
2898	1.045455e+02
2899	1.050243e+02
2900	1.054382e+02
2901	1.058374e+02
2902	1.062189e+02
2903	1.065959e+02
2904	1.069700e+02
2905	1.072980e+02
2906	1.077003e+02
2907	1.080596e+02
2908	1.083519e+02
2909	1.086784e+02
2910	1.090345e+02
2911	1.092811e+02
2912	1.095599e+02
2913	1.098595e+02
2914	1.100706e+02
2915	1.102277e+02
2916	1.103682e+02
2917	1.105250e+02
2918	1.107450e+02
2919	1.110537e+02
2920	1.112900e+02
2921	1.114698e+02
2922	1.115110e+02
2923	1.115529e+02
2924	1.115030e+02
2925	1.114377e+02
2926	1.111318e+02
2927	1.106775e+02
2928	1.101890e+02
2929	1.096585e+02
2930	1.090402e+02
2931	1.083901e+02
2932	1.076360e+02
2933	1.069535e+02
2934	1.062404e+02
2935	1.054832e+02
2936	1.047702e+02
2937	1.040366e+02
2938	1.034367e+02
2939	1.029621e+02
2940	1.024827e+02
2941	1.021846e+02
2942	1.019262e+02
2943	1.016705e+02
2944	1.015673e+02
2945	1.015964e+02
2946	1.016098e+02
2947	1.016675e+02
2948	1.016903e+02
2949	1.018042e+02
2950	1.019933e+02
2951	1.021997e+02
2952	1.024029e+02
2953	1.026875e+02
2954	1.030580e+02
2955	1.036356e+02
2956	1.042952e+02
2957	1.049854e+02
2958	1.056336e+02
2959	1.062814e+02
2960	1.069661e+02
2961	1.077082e+02
2962	1.083998e+02
2963	1.090288e+02
2964	1.097487e+02
2965	1.104389e+02
2966	1.110690e+02
2967	1.116535e+02
2968	1.121494e+02
2969	1.125128e+02
2970	1.128755e+02
2971	1.132431e+02
2972	1.134112e+02
2973	1.134310e+02
2974	1.132895e+02
2975	1.130909e+02
2976	1.127704e+02
2977	1.123620e+02
2978	1.118496e+02
2979	1.113213e+02
2980	1.107442e+02
2981	1.101203e+02
2982	1.094910e+02
2983	1.088561e+02
2984	1.082462e+02
2985	1.075266e+02
2986	1.069468e+02
2987	1.063841e+02
2988	1.058748e+02
2989	1.053193e+02
2990	1.047584e+02
2991	1.043115e+02
2992	1.038568e+02
2993	1.035171e+02
2994	1.032639e+02
2995	1.028790e+02
2996	1.025013e+02
2997	1.021815e+02
2998	1.018108e+02
2999	1.015845e+02
3000	1.015746e+02
3001	1.017268e+02
3002	1.020045e+02
3003	1.023021e+02
3004	1.027162e+02
3005	1.031701e+02
3006	1.037625e+02
3007	1.043869e+02
3008	1.050507e+02
3009	1.057537e+02
3010	1.065704e+02
3011	1.074901e+02
3012	1.084366e+02
3013	1.094051e+02
3014	1.104150e+02
3015	1.114005e+02
3016	1.123433e+02
3017	1.131600e+02
3018	1.140615e+02
3019	1.149092e+02
3020	1.157559e+02
3021	1.164231e+02
3022	1.170619e+02
3023	1.176017e+02
3024	1.180246e+02
3025	1.183123e+02
3026	1.185002e+02
3027	1.185743e+02
3028	1.184935e+02
3029	1.182413e+02
3030	1.178619e+02
3031	1.174082e+02
3032	1.167058e+02
3033	1.159320e+02
3034	1.150303e+02
3035	1.139021e+02
3036	1.125606e+02
3037	1.111986e+02
3038	1.097378e+02
3039	1.082169e+02
3040	1.066733e+02
3041	1.051962e+02
3042	1.036931e+02
3043	1.021625e+02
3044	1.007520e+02
3045	9.942073e+01
3046	9.823963e+01
3047	9.727388e+01
3048	9.656729e+01
3049	9.614307e+01
3050	9.589750e+01
3051	9.571566e+01
3052	9.574521e+01
3053	9.595900e+01
3054	9.639799e+01
3055	9.715059e+01
3056	9.808738e+01
3057	9.920838e+01
3058	1.004814e+02
3059	1.018537e+02
3060	1.033683e+02
3061	1.050012e+02
3062	1.066161e+02
3063	1.081999e+02
3064	1.097745e+02
3065	1.112616e+02
3066	1.126360e+02
3067	1.139817e+02
3068	1.150824e+02
3069	1.160565e+02
3070	1.168652e+02
3071	1.176142e+02
3072	1.182152e+02
3073	1.186173e+02
3074	1.188932e+02
3075	1.189932e+02
3076	1.189818e+02
3077	1.189480e+02
3078	1.187868e+02
3079	1.184898e+02
3080	1.179310e+02
3081	1.170318e+02
3082	1.159450e+02
3083	1.146427e+02
3084	1.131058e+02
3085	1.114402e+02
3086	1.095852e+02
3087	1.076779e+02
3088	1.058935e+02
3089	1.040998e+02
3090	1.024775e+02
3091	1.009117e+02
3092	9.945120e+01
3093	9.824380e+01
3094	9.735851e+01
3095	9.662571e+01
3096	9.588985e+01
3097	9.517706e+01
3098	9.457011e+01
3099	9.412514e+01
3100	9.387768e+01
3101	9.387640e+01
3102	9.405571e+01
3103	9.438791e+01
3104	9.478437e+01
3105	9.537355e+01
3106	9.622803e+01
3107	9.725854e+01
3108	9.841956e+01
3109	9.970557e+01
3110	1.010957e+02
3111	1.026075e+02
3112	1.042070e+02
3113	1.059070e+02
3114	1.076230e+02
3115	1.092800e+02
3116	1.109680e+02
3117	1.126371e+02
3118	1.143463e+02
3119	1.159618e+02
3120	1.174918e+02
3121	1.187571e+02
3122	1.199107e+02
3123	1.208453e+02
3124	1.215359e+02
3125	1.220486e+02
3126	1.223273e+02
3127	1.223818e+02
3128	1.221027e+02
3129	1.216143e+02
3130	1.208819e+02
3131	1.200452e+02
3132	1.189288e+02
3133	1.175610e+02
3134	1.162174e+02
3135	1.148048e+02
3136	1.133984e+02
3137	1.119721e+02
3138	1.106198e+02
3139	1.092465e+02
3140	1.078180e+02
3141	1.065525e+02
3142	1.054198e+02
3143	1.042357e+02
3144	1.030937e+02
3145	1.019650e+02
3146	1.009012e+02
3147	1.000632e+02
3148	9.934811e+01
3149	9.883432e+01
3150	9.853367e+01
3151	9.837057e+01
3152	9.836558e+01
3153	9.858929e+01
3154	9.911484e+01
3155	9.981469e+01
3156	1.006240e+02
3157	1.014752e+02
3158	1.024977e+02
3159	1.034889e+02
3160	1.045415e+02
3161	1.056764e+02
3162	1.069105e+02
3163	1.081595e+02
3164	1.094375e+02
3165	1.106111e+02
3166	1.117435e+02
3167	1.126886e+02
3168	1.134368e+02
3169	1.141001e+02
3170	1.145285e+02
3171	1.147356e+02
3172	1.147155e+02
3173	1.145623e+02
3174	1.142559e+02
3175	1.137173e+02
3176	1.130829e+02
3177	1.122790e+02
3178	1.112425e+02
3179	1.101149e+02
3180	1.090363e+02
3181	1.078722e+02
3182	1.066786e+02
3183	1.055097e+02
3184	1.043565e+02
3185	1.031717e+02
3186	1.020085e+02
3187	1.010766e+02
3188	1.002697e+02
3189	9.957502e+01
3190	9.902992e+01
3191	9.869659e+01
3192	9.852995e+01
3193	9.843920e+01
3194	9.850643e+01
3195	9.879476e+01
3196	9.913971e+01
3197	9.954192e+01
3198	9.997127e+01
3199	1.004643e+02
3200	1.010218e+02
3201	1.015961e+02
3202	1.022225e+02
3203	1.028811e+02
3204	1.036079e+02
3205	1.043507e+02
3206	1.051926e+02
3207	1.061445e+02
3208	1.071382e+02
3209	1.079820e+02
3210	1.088310e+02
3211	1.096388e+02
3212	1.103726e+02
3213	1.111545e+02
3214	1.117727e+02
3215	1.123320e+02
3216	1.128014e+02
3217	1.131898e+02
3218	1.135478e+02
3219	1.138993e+02
3220	1.142069e+02
3221	1.143869e+02
3222	1.144628e+02
3223	1.144235e+02
3224	1.142098e+02
3225	1.138799e+02
3226	1.133520e+02
3227	1.128831e+02
3228	1.123668e+02
3229	1.117416e+02
3230	1.110333e+02
3231	1.103635e+02
3232	1.096864e+02
3233	1.088771e+02
3234	1.080623e+02
3235	1.072566e+02
3236	1.064671e+02
3237	1.059109e+02
3238	1.055182e+02
3239	1.053350e+02
3240	1.053223e+02
3241	1.053588e+02
3242	1.055088e+02
3243	1.056694e+02
3244	1.059858e+02
3245	1.064112e+02
3246	1.068755e+02
3247	1.073818e+02
3248	1.079563e+02
3249	1.084109e+02
3250	1.089009e+02
3251	1.092933e+02
3252	1.095876e+02
3253	1.098234e+02
3254	1.100014e+02
3255	1.100339e+02
3256	1.099971e+02
3257	1.099622e+02
3258	1.098614e+02
3259	1.097601e+02
3260	1.096921e+02
3261	1.095516e+02
3262	1.093292e+02
3263	1.089879e+02
3264	1.086542e+02
3265	1.081588e+02
3266	1.076128e+02
3267	1.070570e+02
3268	1.065347e+02
3269	1.059736e+02
3270	1.054021e+02
3271	1.048184e+02
3272	1.042670e+02
3273	1.036034e+02
3274	1.029283e+02
3275	1.023823e+02
3276	1.018058e+02
3277	1.012447e+02
3278	1.008428e+02
3279	1.005506e+02
3280	1.003431e+02
3281	1.003021e+02
3282	1.002892e+02
3283	1.003744e+02
3284	1.005515e+02
3285	1.009041e+02
3286	1.013968e+02
3287	1.020832e+02
3288	1.028522e+02
3289	1.036441e+02
3290	1.045113e+02
3291	1.054064e+02
3292	1.064428e+02
3293	1.075459e+02
3294	1.084691e+02
3295	1.094091e+02
3296	1.103773e+02
3297	1.112461e+02
3298	1.120192e+02
3299	1.127052e+02
3300	1.132672e+02
3301	1.137078e+02
3302	1.141202e+02
3303	1.144360e+02
3304	1.146007e+02
3305	1.146082e+02
3306	1.144994e+02
3307	1.142018e+02
3308	1.139158e+02
3309	1.135494e+02
3310	1.131510e+02
3311	1.127596e+02
3312	1.122722e+02
3313	1.117391e+02
3314	1.112079e+02
3315	1.105849e+02
3316	1.100329e+02
3317	1.093810e+02
3318	1.087226e+02
3319	1.081049e+02
3320	1.076545e+02
3321	1.072016e+02
3322	1.067674e+02
3323	1.064541e+02
3324	1.062968e+02
3325	1.061916e+02
3326	1.060369e+02
3327	1.059854e+02
3328	1.058408e+02
3329	1.056683e+02
3330	1.055022e+02
3331	1.053989e+02
3332	1.052351e+02
3333	1.051591e+02
3334	1.051312e+02
3335	1.051159e+02
3336	1.051965e+02
3337	1.053604e+02
3338	1.054926e+02
3339	1.057000e+02
3340	1.060607e+02
3341	1.064626e+02
3342	1.069112e+02
3343	1.073337e+02
3344	1.076590e+02
3345	1.080517e+02
3346	1.083742e+02
3347	1.087560e+02
3348	1.091208e+02
3349	1.094455e+02
3350	1.096935e+02
3351	1.098884e+02
3352	1.100186e+02
3353	1.101714e+02
3354	1.103984e+02
3355	1.105897e+02
3356	1.106527e+02
3357	1.106614e+02
3358	1.106638e+02
3359	1.105230e+02
3360	1.103793e+02
3361	1.102413e+02
3362	1.099481e+02
3363	1.094886e+02
3364	1.089873e+02
3365	1.084085e+02
3366	1.078358e+02
3367	1.072949e+02
3368	1.066589e+02
3369	1.061375e+02
3370	1.057030e+02
3371	1.051930e+02
3372	1.046158e+02
3373	1.040571e+02
3374	1.035466e+02
3375	1.030489e+02
3376	1.024987e+02
3377	1.019748e+02
3378	1.014612e+02
3379	1.009142e+02
3380	1.004336e+02
3381	1.001447e+02
3382	9.996393e+01
3383	1.000040e+02
3384	1.002683e+02
3385	1.006950e+02
3386	1.011933e+02
3387	1.018038e+02
3388	1.026039e+02
3389	1.035296e+02
3390	1.044861e+02
3391	1.055256e+02
3392	1.066286e+02
3393	1.077508e+02
3394	1.089054e+02
3395	1.101319e+02
3396	1.113070e+02
3397	1.125138e+02
3398	1.135695e+02
3399	1.144890e+02
3400	1.152159e+02
3401	1.158158e+02
3402	1.162396e+02
3403	1.164448e+02
3404	1.165680e+02
3405	1.166603e+02
3406	1.166728e+02
3407	1.165433e+02
3408	1.162128e+02
3409	1.158198e+02
3410	1.153777e+02
3411	1.148363e+02
3412	1.140854e+02
3413	1.133007e+02
3414	1.124848e+02
3415	1.115991e+02
3416	1.105615e+02
3417	1.095233e+02
3418	1.084310e+02
3419	1.072973e+02
3420	1.062644e+02
3421	1.052614e+02
3422	1.043761e+02
3423	1.034077e+02
3424	1.026223e+02
3425	1.020081e+02
3426	1.014302e+02
3427	1.011131e+02
3428	1.009550e+02
3429	1.009246e+02
3430	1.009741e+02
3431	1.011140e+02
3432	1.014529e+02
3433	1.018834e+02
3434	1.023374e+02
3435	1.029020e+02
3436	1.035902e+02
3437	1.043479e+02
3438	1.051991e+02
3439	1.060728e+02
3440	1.071055e+02
3441	1.080357e+02
3442	1.089211e+02
3443	1.096874e+02
3444	1.104288e+02
3445	1.110032e+02
3446	1.115654e+02
3447	1.121352e+02
3448	1.126243e+02
3449	1.129515e+02
3450	1.131288e+02
3451	1.132642e+02
3452	1.132851e+02
3453	1.132174e+02
3454	1.130484e+02
3455	1.127534e+02
3456	1.123661e+02
3457	1.118582e+02
3458	1.113773e+02
3459	1.109342e+02
3460	1.104065e+02
3461	1.099105e+02
3462	1.094296e+02
3463	1.088934e+02
3464	1.083289e+02
3465	1.078579e+02
3466	1.074720e+02
3467	1.071388e+02
3468	1.069235e+02
3469	1.068509e+02
3470	1.068519e+02
3471	1.068488e+02
3472	1.067216e+02
3473	1.066049e+02
3474	1.064996e+02
3475	1.064464e+02
3476	1.064300e+02
3477	1.064293e+02
3478	1.066122e+02
3479	1.067900e+02
3480	1.069996e+02
3481	1.073621e+02
3482	1.078628e+02
3483	1.082642e+02
3484	1.086057e+02
3485	1.088796e+02
3486	1.092234e+02
3487	1.095516e+02
3488	1.098703e+02
3489	1.100306e+02
3490	1.101613e+02
3491	1.101871e+02
3492	1.101592e+02
3493	1.101663e+02
3494	1.100281e+02
3495	1.098687e+02
3496	1.097111e+02
3497	1.095718e+02
3498	1.093354e+02
3499	1.090576e+02
3500	1.086756e+02
3501	1.082578e+02
3502	1.077882e+02
3503	1.072841e+02
3504	1.067905e+02
3505	1.062797e+02
3506	1.057915e+02
3507	1.052438e+02
3508	1.046967e+02
3509	1.041558e+02
3510	1.037473e+02
3511	1.032905e+02
3512	1.029866e+02
3513	1.028006e+02
3514	1.027139e+02
3515	1.028005e+02
3516	1.031542e+02
3517	1.035391e+02
3518	1.039607e+02
3519	1.045806e+02
3520	1.052788e+02
3521	1.060763e+02
3522	1.069448e+02
3523	1.078406e+02
3524	1.088191e+02
3525	1.098396e+02
3526	1.109521e+02
3527	1.120196e+02
3528	1.130183e+02
3529	1.140252e+02
3530	1.148722e+02
3531	1.154748e+02
3532	1.158956e+02
3533	1.161615e+02
3534	1.164113e+02
3535	1.165316e+02
3536	1.166099e+02
3537	1.164944e+02
3538	1.162840e+02
3539	1.159650e+02
3540	1.155567e+02
3541	1.150012e+02
3542	1.142867e+02
3543	1.134416e+02
3544	1.124921e+02
3545	1.113533e+02
3546	1.101818e+02
3547	1.090453e+02
3548	1.078744e+02
3549	1.067488e+02
3550	1.055679e+02
3551	1.045073e+02
3552	1.035524e+02
3553	1.027171e+02
3554	1.019872e+02
3555	1.013086e+02
3556	1.006808e+02
3557	1.001009e+02
3558	9.949250e+01
3559	9.899531e+01
3560	9.861019e+01
3561	9.825067e+01
3562	9.812477e+01
3563	9.821959e+01
3564	9.855160e+01
3565	9.904494e+01
3566	9.981407e+01
3567	1.007276e+02
3568	1.017511e+02
3569	1.028674e+02
3570	1.041371e+02
3571	1.054844e+02
3572	1.067583e+02
3573	1.080649e+02
3574	1.094133e+02
3575	1.107517e+02
3576	1.120687e+02
3577	1.132439e+02
3578	1.143638e+02
3579	1.154361e+02
3580	1.163461e+02
3581	1.171844e+02
3582	1.178739e+02
3583	1.184378e+02
3584	1.188944e+02
3585	1.192036e+02
3586	1.193545e+02
3587	1.193559e+02
3588	1.192652e+02
3589	1.189191e+02
3590	1.183446e+02
3591	1.175219e+02
3592	1.165617e+02
3593	1.153787e+02
3594	1.141921e+02
3595	1.129213e+02
3596	1.115905e+02
3597	1.101518e+02
3598	1.087022e+02
3599	1.071870e+02
3600	1.056965e+02
3601	1.043395e+02
3602	1.030816e+02
3603	1.019050e+02
3604	1.008167e+02
3605	9.985754e+01
3606	9.908767e+01
3607	9.850699e+01
3608	9.807127e+01
3609	9.781298e+01
3610	9.770985e+01
3611	9.785389e+01
3612	9.817830e+01
3613	9.848019e+01
3614	9.890916e+01
3615	9.927542e+01
3616	9.981483e+01
3617	1.004273e+02
3618	1.011481e+02
3619	1.019725e+02
3620	1.029347e+02
3621	1.039179e+02
3622	1.050723e+02
3623	1.061663e+02
3624	1.072581e+02
3625	1.083539e+02
3626	1.094695e+02
3627	1.105109e+02
3628	1.114384e+02
3629	1.123670e+02
3630	1.132797e+02
3631	1.140778e+02
3632	1.147550e+02
3633	1.153067e+02
3634	1.156803e+02
3635	1.159707e+02
3636	1.160323e+02
3637	1.158667e+02
3638	1.155006e+02
3639	1.149669e+02
3640	1.142140e+02
3641	1.133512e+02
3642	1.123082e+02
3643	1.111862e+02
3644	1.100562e+02
3645	1.088999e+02
3646	1.076864e+02
3647	1.064952e+02
3648	1.053566e+02
3649	1.043305e+02
3650	1.032896e+02
3651	1.023868e+02
3652	1.015188e+02
3653	1.007879e+02
3654	1.002249e+02
3655	9.984531e+01
3656	9.958966e+01
3657	9.947699e+01
3658	9.950089e+01
3659	9.969723e+01
3660	9.992753e+01
3661	1.003401e+02
3662	1.008525e+02
3663	1.013639e+02
3664	1.020327e+02
3665	1.026196e+02
3666	1.031816e+02
3667	1.037930e+02
3668	1.045243e+02
3669	1.052812e+02
3670	1.061024e+02
3671	1.069247e+02
3672	1.078223e+02
3673	1.086981e+02
3674	1.095924e+02
3675	1.104385e+02
3676	1.113164e+02
3677	1.121632e+02
3678	1.129267e+02
3679	1.134827e+02
3680	1.139359e+02
3681	1.142593e+02
3682	1.145259e+02
3683	1.145669e+02
3684	1.144999e+02
3685	1.143254e+02
3686	1.141791e+02
3687	1.139513e+02
3688	1.136117e+02
3689	1.132150e+02
3690	1.127127e+02
3691	1.121345e+02
3692	1.114316e+02
3693	1.106001e+02
3694	1.098340e+02
3695	1.090401e+02
3696	1.081824e+02
3697	1.072301e+02
3698	1.062032e+02
3699	1.051570e+02
3700	1.040636e+02
3701	1.031603e+02
3702	1.022472e+02
3703	1.013725e+02
3704	1.006850e+02
3705	1.001509e+02
3706	9.979946e+01
3707	9.960815e+01
3708	9.962494e+01
3709	9.976863e+01
3710	9.998129e+01
3711	1.002686e+02
3712	1.006492e+02
3713	1.012727e+02
3714	1.020157e+02
3715	1.028006e+02
3716	1.036145e+02
3717	1.044967e+02
3718	1.055079e+02
3719	1.065986e+02
3720	1.077591e+02
3721	1.089095e+02
3722	1.100017e+02
3723	1.109781e+02
3724	1.119363e+02
3725	1.127964e+02
3726	1.135698e+02
3727	1.142014e+02
3728	1.147154e+02
3729	1.150876e+02
3730	1.152109e+02
3731	1.152706e+02
3732	1.151482e+02
3733	1.148887e+02
3734	1.144008e+02
3735	1.139096e+02
3736	1.133084e+02
3737	1.126548e+02
3738	1.118679e+02
3739	1.109935e+02
3740	1.100142e+02
3741	1.090459e+02
3742	1.078989e+02
3743	1.067939e+02
3744	1.057039e+02
3745	1.046562e+02
3746	1.035888e+02
3747	1.025554e+02
3748	1.016828e+02
3749	1.010308e+02
3750	1.005508e+02
3751	1.002088e+02
3752	1.000223e+02
3753	1.000346e+02
3754	1.002048e+02
3755	1.004984e+02
3756	1.009663e+02
3757	1.016064e+02
3758	1.022997e+02
3759	1.031757e+02
3760	1.042078e+02
3761	1.054038e+02
3762	1.065806e+02
3763	1.078431e+02
3764	1.092065e+02
3765	1.105372e+02
3766	1.119907e+02
3767	1.133948e+02
3768	1.146825e+02
3769	1.157400e+02
3770	1.165915e+02
3771	1.173010e+02
3772	1.178008e+02
3773	1.179861e+02
3774	1.180068e+02
3775	1.177789e+02
3776	1.174090e+02
3777	1.168834e+02
3778	1.162698e+02
3779	1.156076e+02
3780	1.147275e+02
3781	1.137397e+02
3782	1.126859e+02
3783	1.115334e+02
3784	1.103237e+02
3785	1.089374e+02
3786	1.075663e+02
3787	1.061814e+02
3788	1.048467e+02
3789	1.037142e+02
3790	1.027792e+02
3791	1.018329e+02
3792	1.009300e+02
3793	1.002735e+02
3794	9.974469e+01
3795	9.936587e+01
3796	9.912011e+01
3797	9.887236e+01
3798	9.877741e+01
3799	9.902016e+01
3800	9.940747e+01
3801	9.990269e+01
3802	1.005987e+02
3803	1.013783e+02
3804	1.023424e+02
3805	1.033739e+02
3806	1.043972e+02
3807	1.054392e+02
3808	1.063584e+02
3809	1.073894e+02
3810	1.084876e+02
3811	1.096231e+02
3812	1.106705e+02
3813	1.117006e+02
3814	1.127281e+02
3815	1.135178e+02
3816	1.141637e+02
3817	1.147226e+02
3818	1.152611e+02
3819	1.158261e+02
3820	1.162860e+02
3821	1.166160e+02
3822	1.167982e+02
3823	1.169071e+02
3824	1.167893e+02
3825	1.165293e+02
3826	1.161384e+02
3827	1.157281e+02
3828	1.151662e+02
3829	1.144331e+02
3830	1.136952e+02
3831	1.129472e+02
3832	1.120976e+02
3833	1.111341e+02
3834	1.103096e+02
3835	1.094616e+02
3836	1.086628e+02
3837	1.078845e+02
3838	1.071431e+02
3839	1.065851e+02
3840	1.061704e+02
3841	1.058492e+02
3842	1.055124e+02
3843	1.051975e+02
3844	1.049906e+02
3845	1.048069e+02
3846	1.046303e+02
3847	1.046200e+02
3848	1.047106e+02
3849	1.050681e+02
3850	1.055526e+02
3851	1.060883e+02
3852	1.066679e+02
3853	1.073807e+02
3854	1.081303e+02
3855	1.088311e+02
3856	1.095542e+02
3857	1.101404e+02
3858	1.106225e+02
3859	1.110716e+02
3860	1.114277e+02
3861	1.116552e+02
3862	1.118223e+02
3863	1.118811e+02
3864	1.118537e+02
3865	1.117943e+02
3866	1.116983e+02
3867	1.114288e+02
3868	1.111146e+02
3869	1.107295e+02
3870	1.102671e+02
3871	1.097936e+02
3872	1.093272e+02
3873	1.089733e+02
3874	1.085846e+02
3875	1.082627e+02
3876	1.079396e+02
3877	1.075620e+02
3878	1.071229e+02
3879	1.066464e+02
3880	1.061524e+02
3881	1.057529e+02
3882	1.053469e+02
3883	1.049878e+02
3884	1.046209e+02
3885	1.042196e+02
3886	1.038291e+02
3887	1.035762e+02
3888	1.033993e+02
3889	1.033104e+02
3890	1.033141e+02
3891	1.034065e+02
3892	1.035263e+02
3893	1.037571e+02
3894	1.040130e+02
3895	1.043302e+02
3896	1.046732e+02
3897	1.051691e+02
3898	1.057184e+02
3899	1.063806e+02
3900	1.069858e+02
3901	1.076202e+02
3902	1.082289e+02
3903	1.088603e+02
3904	1.096075e+02
3905	1.102309e+02
3906	1.107417e+02
3907	1.111963e+02
3908	1.115997e+02
3909	1.119133e+02
3910	1.120645e+02
3911	1.122323e+02
3912	1.123766e+02
3913	1.123317e+02
3914	1.122405e+02
3915	1.120662e+02
3916	1.117976e+02
3917	1.113374e+02
3918	1.107718e+02
3919	1.100237e+02
3920	1.091018e+02
3921	1.081911e+02
3922	1.073612e+02
3923	1.065324e+02
3924	1.057756e+02
3925	1.049810e+02
3926	1.042279e+02
3927	1.034965e+02
3928	1.028363e+02
3929	1.023059e+02
3930	1.018448e+02
3931	1.014540e+02
3932	1.010968e+02
3933	1.008518e+02
3934	1.006982e+02
3935	1.007045e+02
3936	1.008188e+02
3937	1.010206e+02
3938	1.012472e+02
3939	1.015050e+02
3940	1.017756e+02
3941	1.021024e+02
3942	1.024687e+02
3943	1.028999e+02
3944	1.033778e+02
3945	1.038863e+02
3946	1.043969e+02
3947	1.050143e+02
3948	1.056682e+02
3949	1.063720e+02
3950	1.069996e+02
3951	1.077439e+02
3952	1.085271e+02
3953	1.092519e+02
3954	1.099149e+02
3955	1.106101e+02
3956	1.111694e+02
3957	1.117219e+02
3958	1.121930e+02
3959	1.125006e+02
3960	1.127442e+02
3961	1.129335e+02
3962	1.130131e+02
3963	1.129826e+02
3964	1.128229e+02
3965	1.126688e+02
3966	1.124507e+02
3967	1.121715e+02
3968	1.117373e+02
3969	1.111494e+02
3970	1.105792e+02
3971	1.101193e+02
3972	1.095507e+02
3973	1.089320e+02
3974	1.081833e+02
3975	1.073931e+02
3976	1.065736e+02
3977	1.057359e+02
3978	1.049360e+02
3979	1.042337e+02
3980	1.036395e+02
3981	1.030720e+02
3982	1.025808e+02
3983	1.021816e+02
3984	1.018877e+02
3985	1.016347e+02
3986	1.014813e+02
3987	1.014758e+02
3988	1.015314e+02
3989	1.016969e+02
3990	1.016895e+02
3991	1.017184e+02
3992	1.019872e+02
3993	1.022992e+02
3994	1.027724e+02
3995	1.033652e+02
3996	1.040624e+02
3997	1.047473e+02
3998	1.054533e+02
3999	1.061517e+02
4000	1.070126e+02
4001	1.078592e+02
4002	1.087836e+02
4003	1.096680e+02
4004	1.107594e+02
4005	1.118241e+02
4006	1.129222e+02
4007	1.139538e+02
4008	1.147835e+02
4009	1.155863e+02
4010	1.162780e+02
4011	1.168577e+02
4012	1.172686e+02
4013	1.175806e+02
4014	1.176565e+02
4015	1.175943e+02
4016	1.173888e+02
4017	1.169562e+02
4018	1.163178e+02
4019	1.155434e+02
4020	1.146702e+02
4021	1.137022e+02
4022	1.126109e+02
4023	1.112043e+02
4024	1.097578e+02
4025	1.081776e+02
4026	1.066314e+02
4027	1.050718e+02
4028	1.036044e+02
4029	1.021425e+02
4030	1.007483e+02
4031	9.946660e+01
4032	9.834511e+01
4033	9.747999e+01
4034	9.678292e+01
4035	9.610195e+01
4036	9.563151e+01
4037	9.534343e+01
4038	9.526715e+01
4039	9.532189e+01
4040	9.552568e+01
4041	9.597771e+01
4042	9.660289e+01
4043	9.750738e+01
4044	9.848807e+01
4045	9.964481e+01
4046	1.008670e+02
4047	1.022225e+02
4048	1.037564e+02
4049	1.052883e+02
4050	1.067644e+02
4051	1.081849e+02
4052	1.094934e+02
4053	1.106911e+02
4054	1.118691e+02
4055	1.129741e+02
4056	1.140542e+02
4057	1.150094e+02
4058	1.158246e+02
4059	1.164420e+02
4060	1.168494e+02
4061	1.169361e+02
4062	1.168248e+02
4063	1.165234e+02
4064	1.161132e+02
4065	1.156155e+02
4066	1.150321e+02
4067	1.143049e+02
4068	1.134279e+02
4069	1.125509e+02
4070	1.115656e+02
4071	1.104862e+02
4072	1.092540e+02
4073	1.079636e+02
4074	1.065795e+02
4075	1.051405e+02
4076	1.037891e+02
4077	1.024494e+02
4078	1.011607e+02
4079	9.984050e+01
4080	9.856139e+01
4081	9.760735e+01
4082	9.679561e+01
4083	9.620511e+01
4084	9.588773e+01
4085	9.582081e+01
4086	9.592049e+01
4087	9.623249e+01
4088	9.673665e+01
4089	9.741754e+01
4090	9.832650e+01
4091	9.935798e+01
4092	1.005746e+02
4093	1.019368e+02
4094	1.032498e+02
4095	1.047241e+02
4096	1.063206e+02
4097	1.080316e+02
4098	1.098145e+02
4099	1.116081e+02
4100	1.132428e+02
4101	1.147019e+02
4102	1.161416e+02
4103	1.173802e+02
4104	1.185053e+02
4105	1.193490e+02
4106	1.199007e+02
4107	1.202868e+02
4108	1.204159e+02
4109	1.203060e+02
4110	1.199299e+02
4111	1.192594e+02
4112	1.183841e+02
4113	1.172668e+02
4114	1.159346e+02
4115	1.143719e+02
4116	1.125700e+02
4117	1.105805e+02
4118	1.085284e+02
4119	1.063656e+02
4120	1.042967e+02
4121	1.023351e+02
4122	1.004414e+02
4123	9.877040e+01
4124	9.716872e+01
4125	9.568611e+01
4126	9.436826e+01
4127	9.320731e+01
4128	9.226115e+01
4129	9.151841e+01
4130	9.106273e+01
4131	9.077061e+01
4132	9.061173e+01
4133	9.068732e+01
4134	9.104822e+01
4135	9.166470e+01
4136	9.253599e+01
4137	9.359715e+01
4138	9.468728e+01
4139	9.596390e+01
4140	9.731168e+01
4141	9.867465e+01
4142	1.000354e+02
4143	1.013491e+02
4144	1.027047e+02
4145	1.039693e+02
4146	1.051298e+02
4147	1.061659e+02
4148	1.072655e+02
4149	1.083161e+02
4150	1.093297e+02
4151	1.102452e+02
4152	1.109371e+02
4153	1.115179e+02
4154	1.119510e+02
4155	1.122390e+02
4156	1.123079e+02
4157	1.120748e+02
4158	1.117290e+02
4159	1.112834e+02
4160	1.107622e+02
4161	1.101282e+02
4162	1.094131e+02
4163	1.086629e+02
4164	1.077828e+02
4165	1.067861e+02
4166	1.058693e+02
4167	1.049437e+02
4168	1.039871e+02
4169	1.030703e+02
4170	1.022657e+02
4171	1.015069e+02
4172	1.008067e+02
4173	1.002380e+02
4174	9.976981e+01
4175	9.933139e+01
4176	9.901659e+01
4177	9.886474e+01
4178	9.882330e+01
4179	9.891975e+01
4180	9.905757e+01
4181	9.930226e+01
4182	9.973091e+01
4183	1.002512e+02
4184	1.009043e+02
4185	1.015122e+02
4186	1.023264e+02
4187	1.032443e+02
4188	1.042249e+02
4189	1.051880e+02
4190	1.061407e+02
4191	1.070299e+02
4192	1.079023e+02
4193	1.087007e+02
4194	1.094708e+02
4195	1.102066e+02
4196	1.108575e+02
4197	1.114257e+02
4198	1.118360e+02
4199	1.119813e+02
4200	1.120839e+02
4201	1.121751e+02
4202	1.120672e+02
4203	1.119179e+02
4204	1.115110e+02
4205	1.109874e+02
4206	1.103039e+02
4207	1.096460e+02
4208	1.088931e+02
4209	1.080360e+02
4210	1.070062e+02
4211	1.060314e+02
4212	1.049973e+02
4213	1.040723e+02
4214	1.031530e+02
4215	1.022776e+02
4216	1.015767e+02
4217	1.009800e+02
4218	1.004586e+02
4219	1.001719e+02
4220	9.996238e+01
4221	9.982433e+01
4222	9.968612e+01
4223	9.970941e+01
4224	9.988570e+01
4225	1.002109e+02
4226	1.006343e+02
4227	1.010990e+02
4228	1.015938e+02
4229	1.021882e+02
4230	1.029053e+02
4231	1.036277e+02
4232	1.044123e+02
4233	1.052206e+02
4234	1.060221e+02
4235	1.066988e+02
4236	1.073643e+02
4237	1.079973e+02
4238	1.086236e+02
4239	1.091768e+02
4240	1.097333e+02
4241	1.102028e+02
4242	1.106340e+02
4243	1.109364e+02
4244	1.111552e+02
4245	1.113412e+02
4246	1.114859e+02
4247	1.115634e+02
4248	1.115479e+02
4249	1.113983e+02
4250	1.111123e+02
4251	1.106512e+02
4252	1.100468e+02
4253	1.093488e+02
4254	1.086350e+02
4255	1.078618e+02
4256	1.071324e+02
4257	1.064769e+02
4258	1.057341e+02
4259	1.049933e+02
4260	1.043324e+02
4261	1.037539e+02
4262	1.031513e+02
4263	1.025638e+02
4264	1.020349e+02
4265	1.014600e+02
4266	1.009658e+02
4267	1.004925e+02
4268	1.001664e+02
4269	9.994847e+01
4270	9.990113e+01
4271	9.991784e+01
4272	1.000942e+02
4273	1.004327e+02
4274	1.008489e+02
4275	1.013373e+02
4276	1.017704e+02
4277	1.022852e+02
4278	1.028502e+02
4279	1.035583e+02
4280	1.044078e+02
4281	1.053351e+02
4282	1.063651e+02
4283	1.074870e+02
4284	1.086369e+02
4285	1.097125e+02
4286	1.108040e+02
4287	1.118649e+02
4288	1.127589e+02
4289	1.136202e+02
4290	1.143980e+02
4291	1.152335e+02
4292	1.160174e+02
4293	1.166694e+02
4294	1.170787e+02
4295	1.173646e+02
4296	1.174858e+02
4297	1.174515e+02
4298	1.173387e+02
4299	1.171519e+02
4300	1.169397e+02
4301	1.165822e+02
4302	1.162114e+02
4303	1.157833e+02
4304	1.152270e+02
4305	1.146575e+02
4306	1.139362e+02
4307	1.132030e+02
4308	1.124008e+02
4309	1.115089e+02
4310	1.105005e+02
4311	1.094270e+02
4312	1.083729e+02
4313	1.073013e+02
4314	1.061875e+02
4315	1.050263e+02
4316	1.038924e+02
4317	1.029230e+02
4318	1.020363e+02
4319	1.012224e+02
4320	1.004942e+02
4321	9.979874e+01
4322	9.916588e+01
4323	9.855025e+01
4324	9.818383e+01
4325	9.806330e+01
4326	9.808934e+01
4327	9.814879e+01
4328	9.822687e+01
4329	9.848206e+01
4330	9.883643e+01
4331	9.927057e+01
4332	9.993366e+01
4333	1.007278e+02
4334	1.016854e+02
4335	1.027195e+02
4336	1.037342e+02
4337	1.049427e+02
4338	1.061317e+02
4339	1.073548e+02
4340	1.085559e+02
4341	1.097197e+02
4342	1.108427e+02
4343	1.118655e+02
4344	1.127245e+02
4345	1.134924e+02
4346	1.142043e+02
4347	1.148534e+02
4348	1.154522e+02
4349	1.159895e+02
4350	1.163590e+02
4351	1.166535e+02
4352	1.167702e+02
4353	1.168282e+02
4354	1.167089e+02
4355	1.164308e+02
4356	1.159041e+02
4357	1.152176e+02
4358	1.145381e+02
4359	1.138596e+02
4360	1.130944e+02
4361	1.122500e+02
4362	1.112778e+02
4363	1.101090e+02
4364	1.090086e+02
4365	1.079422e+02
4366	1.068853e+02
4367	1.058912e+02
4368	1.049731e+02
4369	1.042237e+02
4370	1.035508e+02
4371	1.029601e+02
4372	1.025180e+02
4373	1.021993e+02
4374	1.021001e+02
4375	1.021471e+02
4376	1.022363e+02
4377	1.024167e+02
4378	1.028150e+02
4379	1.032671e+02
4380	1.038226e+02
4381	1.045451e+02
4382	1.053593e+02
4383	1.062123e+02
4384	1.070034e+02
4385	1.078584e+02
4386	1.087573e+02
4387	1.096402e+02
4388	1.106804e+02
4389	1.117018e+02
4390	1.126285e+02
4391	1.135053e+02
4392	1.142691e+02
4393	1.149632e+02
4394	1.155908e+02
4395	1.160600e+02
4396	1.163024e+02
4397	1.163936e+02
4398	1.164204e+02
4399	1.163285e+02
4400	1.159672e+02
4401	1.155287e+02
4402	1.149083e+02
4403	1.141610e+02
4404	1.133534e+02
4405	1.123619e+02
4406	1.112873e+02
4407	1.101995e+02
4408	1.090542e+02
4409	1.079156e+02
4410	1.067505e+02
4411	1.056351e+02
4412	1.044952e+02
4413	1.034085e+02
4414	1.023408e+02
4415	1.013801e+02
4416	1.005346e+02
4417	9.977682e+01
4418	9.932352e+01
4419	9.904179e+01
4420	9.903794e+01
4421	9.900451e+01
4422	9.919989e+01
4423	9.939535e+01
4424	9.969918e+01
4425	1.001329e+02
4426	1.007735e+02
4427	1.016206e+02
4428	1.025095e+02
4429	1.034417e+02
4430	1.044669e+02
4431	1.055257e+02
4432	1.066251e+02
4433	1.078173e+02
4434	1.088835e+02
4435	1.097353e+02
4436	1.104418e+02
4437	1.110685e+02
4438	1.115279e+02
4439	1.119803e+02
4440	1.122728e+02
4441	1.122729e+02
4442	1.121751e+02
4443	1.118401e+02
4444	1.114159e+02
4445	1.108772e+02
4446	1.102437e+02
4447	1.095142e+02
4448	1.086297e+02
4449	1.076124e+02
4450	1.065540e+02
4451	1.054384e+02
4452	1.042066e+02
4453	1.029617e+02
4454	1.017349e+02
4455	1.006235e+02
4456	9.967266e+01
4457	9.871823e+01
4458	9.795930e+01
4459	9.740902e+01
4460	9.696459e+01
4461	9.671094e+01
4462	9.674001e+01
4463	9.688539e+01
4464	9.716657e+01
4465	9.764537e+01
4466	9.826666e+01
4467	9.910398e+01
4468	1.001074e+02
4469	1.013044e+02
4470	1.025327e+02
4471	1.038949e+02
4472	1.054768e+02
4473	1.071217e+02
4474	1.087985e+02
4475	1.105163e+02
4476	1.121069e+02
4477	1.135667e+02
4478	1.148122e+02
4479	1.158737e+02
4480	1.167788e+02
4481	1.174213e+02
4482	1.178563e+02
4483	1.181397e+02
4484	1.181968e+02
4485	1.180472e+02
4486	1.177632e+02
4487	1.172340e+02
4488	1.165201e+02
4489	1.156244e+02
4490	1.145249e+02
4491	1.133232e+02
4492	1.118310e+02
4493	1.102517e+02
4494	1.086499e+02
4495	1.069729e+02
4496	1.053420e+02
4497	1.036110e+02
4498	1.018711e+02
4499	1.002513e+02
4500	9.884519e+01
4501	9.764277e+01
4502	9.664516e+01
4503	9.585326e+01
4504	9.528649e+01
4505	9.495537e+01
4506	9.479760e+01
4507	9.494203e+01
4508	9.529479e+01
4509	9.576377e+01
4510	9.633325e+01
4511	9.701772e+01
4512	9.782091e+01
4513	9.881432e+01
4514	9.990123e+01
4515	1.010798e+02
4516	1.022651e+02
4517	1.034186e+02
4518	1.045681e+02
4519	1.057281e+02
4520	1.068570e+02
4521	1.078958e+02
4522	1.089070e+02
4523	1.099125e+02
4524	1.109234e+02
4525	1.117752e+02
4526	1.125186e+02
4527	1.132068e+02
4528	1.138094e+02
4529	1.143613e+02
4530	1.147632e+02
4531	1.150725e+02
4532	1.151715e+02
4533	1.150997e+02
4534	1.149326e+02
4535	1.145176e+02
4536	1.139444e+02
4537	1.132302e+02
4538	1.123196e+02
4539	1.113691e+02
4540	1.104064e+02
4541	1.093576e+02
4542	1.081984e+02
4543	1.068792e+02
4544	1.055372e+02
4545	1.041815e+02
4546	1.029004e+02
4547	1.017723e+02
4548	1.007675e+02
4549	9.990534e+01
4550	9.926884e+01
4551	9.876288e+01
4552	9.836756e+01
4553	9.807517e+01
4554	9.802263e+01
4555	9.803053e+01
4556	9.833063e+01
4557	9.875176e+01
4558	9.928840e+01
4559	9.997249e+01
4560	1.006733e+02
4561	1.015289e+02
4562	1.026350e+02
4563	1.036213e+02
4564	1.047066e+02
4565	1.058661e+02
4566	1.071132e+02
4567	1.082954e+02
4568	1.095247e+02
4569	1.107146e+02
4570	1.119221e+02
4571	1.130822e+02
4572	1.140475e+02
4573	1.147950e+02
4574	1.155320e+02
4575	1.161370e+02
4576	1.166377e+02
4577	1.170113e+02
4578	1.171194e+02
4579	1.169739e+02
4580	1.167490e+02
4581	1.162303e+02
4582	1.155696e+02
4583	1.148074e+02
4584	1.139007e+02
4585	1.127884e+02
4586	1.115702e+02
4587	1.103519e+02
4588	1.090115e+02
4589	1.075199e+02
4590	1.059946e+02
4591	1.045559e+02
4592	1.032208e+02
4593	1.019326e+02
4594	1.006733e+02
4595	9.955199e+01
4596	9.864768e+01
4597	9.801887e+01
4598	9.762590e+01
4599	9.751466e+01
4600	9.759153e+01
4601	9.778591e+01
4602	9.813944e+01
4603	9.863359e+01
4604	9.931089e+01
4605	1.001331e+02
4606	1.011364e+02
4607	1.022193e+02
4608	1.035113e+02
4609	1.048951e+02
4610	1.064224e+02
4611	1.079559e+02
4612	1.094950e+02
4613	1.109419e+02
4614	1.123677e+02
4615	1.137217e+02
4616	1.149865e+02
4617	1.161331e+02
4618	1.170528e+02
4619	1.178497e+02
4620	1.184176e+02
4621	1.187775e+02
4622	1.189851e+02
4623	1.191480e+02
4624	1.191601e+02
4625	1.188888e+02
4626	1.184446e+02
4627	1.177863e+02
4628	1.168776e+02
4629	1.158564e+02
4630	1.146363e+02
4631	1.133057e+02
4632	1.119033e+02
4633	1.103965e+02
4634	1.088008e+02
4635	1.071016e+02
4636	1.053792e+02
4637	1.036185e+02
4638	1.019441e+02
4639	1.003157e+02
4640	9.898101e+01
4641	9.784524e+01
4642	9.691909e+01
4643	9.615151e+01
4644	9.566654e+01
4645	9.535132e+01
4646	9.505029e+01
4647	9.497730e+01
4648	9.523582e+01
4649	9.573025e+01
4650	9.643484e+01
4651	9.732738e+01
4652	9.840527e+01
4653	9.975435e+01
4654	1.012103e+02
4655	1.027916e+02
4656	1.044205e+02
4657	1.061482e+02
4658	1.079100e+02
4659	1.095758e+02
4660	1.112667e+02
4661	1.127617e+02
4662	1.142489e+02
4663	1.156707e+02
4664	1.170314e+02
4665	1.182687e+02
4666	1.193631e+02
4667	1.203117e+02
4668	1.211390e+02
4669	1.217549e+02
4670	1.221559e+02
4671	1.222808e+02
4672	1.223192e+02
4673	1.222475e+02
4674	1.219347e+02
4675	1.214308e+02
4676	1.207083e+02
4677	1.197003e+02
4678	1.184748e+02
4679	1.170675e+02
4680	1.155276e+02
4681	1.138486e+02
4682	1.121040e+02
4683	1.104099e+02
4684	1.086713e+02
4685	1.071057e+02
4686	1.055954e+02
4687	1.041044e+02
4688	1.027760e+02
4689	1.016275e+02
4690	1.005386e+02
4691	9.962822e+01
4692	9.876407e+01
4693	9.808945e+01
4694	9.755796e+01
4695	9.719403e+01
4696	9.708108e+01
4697	9.717557e+01
4698	9.741000e+01
4699	9.785604e+01
4700	9.843704e+01
4701	9.918488e+01
4702	1.000344e+02
4703	1.009975e+02
4704	1.020351e+02
4705	1.031369e+02
4706	1.043063e+02
4707	1.054456e+02
4708	1.066225e+02
4709	1.078499e+02
4710	1.090270e+02
4711	1.101453e+02
4712	1.111104e+02
4713	1.120384e+02
4714	1.127681e+02
4715	1.134104e+02
4716	1.138752e+02
4717	1.142013e+02
4718	1.144314e+02
4719	1.145556e+02
4720	1.146926e+02
4721	1.146467e+02
4722	1.144315e+02
4723	1.141168e+02
4724	1.136297e+02
4725	1.130201e+02
4726	1.122125e+02
4727	1.113750e+02
4728	1.104828e+02
4729	1.095791e+02
4730	1.086483e+02
4731	1.076929e+02
4732	1.067139e+02
4733	1.058070e+02
4734	1.049419e+02
4735	1.041656e+02
4736	1.035044e+02
4737	1.028763e+02
4738	1.024734e+02
4739	1.021362e+02
4740	1.018477e+02
4741	1.016841e+02
4742	1.016458e+02
4743	1.016463e+02
4744	1.018379e+02
4745	1.021382e+02
4746	1.025898e+02
4747	1.032712e+02
4748	1.040414e+02
4749	1.046857e+02
4750	1.054005e+02
4751	1.061012e+02
4752	1.068601e+02
4753	1.076808e+02
4754	1.084669e+02
4755	1.091870e+02
4756	1.099323e+02
4757	1.105767e+02
4758	1.112773e+02
4759	1.119444e+02
4760	1.125814e+02
4761	1.132236e+02
4762	1.138753e+02
4763	1.145141e+02
4764	1.151214e+02
4765	1.156881e+02
4766	1.162197e+02
4767	1.166549e+02
4768	1.169683e+02
4769	1.170790e+02
4770	1.169716e+02
4771	1.168359e+02
4772	1.166160e+02
4773	1.162753e+02
4774	1.158449e+02
4775	1.151912e+02
4776	1.143220e+02
4777	1.133929e+02
4778	1.123654e+02
4779	1.111853e+02
4780	1.100317e+02
4781	1.088704e+02
4782	1.078365e+02
4783	1.068445e+02
4784	1.058365e+02
4785	1.048356e+02
4786	1.040153e+02
4787	1.032484e+02
4788	1.025846e+02
4789	1.020700e+02
4790	1.016597e+02
4791	1.014297e+02
4792	1.011820e+02
4793	1.009205e+02
4794	1.008299e+02
4795	1.008746e+02
4796	1.010868e+02
4797	1.015071e+02
4798	1.020044e+02
4799	1.025700e+02
4800	1.032636e+02
4801	1.039567e+02
4802	1.047800e+02
4803	1.057523e+02
4804	1.067341e+02
4805	1.077160e+02
4806	1.086408e+02
4807	1.096402e+02
4808	1.107628e+02
4809	1.118881e+02
4810	1.130358e+02
4811	1.141439e+02
4812	1.150953e+02
4813	1.159467e+02
4814	1.166498e+02
4815	1.171698e+02
4816	1.176021e+02
4817	1.178908e+02
4818	1.180414e+02
4819	1.180320e+02
4820	1.178154e+02
4821	1.174690e+02
4822	1.168933e+02
4823	1.161536e+02
4824	1.152895e+02
4825	1.142530e+02
4826	1.131441e+02
4827	1.119428e+02
4828	1.106318e+02
4829	1.092360e+02
4830	1.078320e+02
4831	1.064462e+02
4832	1.050561e+02
4833	1.037153e+02
4834	1.024990e+02
4835	1.013322e+02
4836	1.002978e+02
4837	9.951787e+01
4838	9.890714e+01
4839	9.841879e+01
4840	9.805634e+01
4841	9.782706e+01
4842	9.780529e+01
4843	9.791676e+01
4844	9.810347e+01
4845	9.842223e+01
4846	9.885158e+01
4847	9.937566e+01
4848	1.001206e+02
4849	1.010753e+02
4850	1.022033e+02
4851	1.034961e+02
4852	1.048247e+02
4853	1.061729e+02
4854	1.075267e+02
4855	1.089244e+02
4856	1.102214e+02
4857	1.114426e+02
4858	1.126314e+02
4859	1.136872e+02
4860	1.147392e+02
4861	1.157460e+02
4862	1.165970e+02
4863	1.173149e+02
4864	1.179125e+02
4865	1.184112e+02
4866	1.186267e+02
4867	1.186602e+02
4868	1.184326e+02
4869	1.180429e+02
4870	1.174528e+02
4871	1.166356e+02
4872	1.156914e+02
4873	1.146816e+02
4874	1.135855e+02
4875	1.122748e+02
4876	1.107850e+02
4877	1.092914e+02
4878	1.078010e+02
4879	1.064724e+02
4880	1.052671e+02
4881	1.040997e+02
4882	1.030246e+02
4883	1.020659e+02
4884	1.011836e+02
4885	1.004404e+02
4886	9.979041e+01
4887	9.922749e+01
4888	9.878856e+01
4889	9.847008e+01
4890	9.830306e+01
4891	9.827578e+01
4892	9.825662e+01
4893	9.843714e+01
4894	9.883427e+01
4895	9.924964e+01
4896	9.969671e+01
4897	1.003079e+02
4898	1.009488e+02
4899	1.016399e+02
4900	1.024202e+02
4901	1.032643e+02
4902	1.040657e+02
4903	1.048278e+02
4904	1.057296e+02
4905	1.066349e+02
4906	1.075387e+02
4907	1.083614e+02
4908	1.091136e+02
4909	1.098157e+02
4910	1.104812e+02
4911	1.111302e+02
4912	1.118054e+02
4913	1.123583e+02
4914	1.129524e+02
4915	1.133498e+02
4916	1.137297e+02
4917	1.140839e+02
4918	1.144762e+02
4919	1.147235e+02
4920	1.149542e+02
4921	1.150671e+02
4922	1.150759e+02
4923	1.148457e+02
4924	1.144432e+02
4925	1.139021e+02
4926	1.133479e+02
4927	1.128052e+02
4928	1.122058e+02
4929	1.116303e+02
4930	1.109795e+02
4931	1.102458e+02
4932	1.095659e+02
4933	1.088902e+02
4934	1.081461e+02
4935	1.072997e+02
4936	1.064137e+02
4937	1.056123e+02
4938	1.048682e+02
4939	1.041089e+02
4940	1.033785e+02
4941	1.028043e+02
4942	1.022915e+02
4943	1.018558e+02
4944	1.015831e+02
4945	1.014797e+02
4946	1.015688e+02
4947	1.018022e+02
4948	1.021810e+02
4949	1.027216e+02
4950	1.034589e+02
4951	1.043176e+02
4952	1.051955e+02
4953	1.062210e+02
4954	1.072732e+02
4955	1.084597e+02
4956	1.096984e+02
4957	1.108424e+02
4958	1.118802e+02
4959	1.128589e+02
4960	1.138361e+02
4961	1.148251e+02
4962	1.157186e+02
4963	1.164054e+02
4964	1.169329e+02
4965	1.174055e+02
4966	1.177309e+02
4967	1.179241e+02
4968	1.179438e+02
4969	1.177200e+02
4970	1.172756e+02
4971	1.166903e+02
4972	1.160096e+02
4973	1.151652e+02
4974	1.142409e+02
4975	1.131635e+02
4976	1.119497e+02
4977	1.107113e+02
4978	1.094568e+02
4979	1.081723e+02
4980	1.068567e+02
4981	1.055161e+02
4982	1.041610e+02
4983	1.028115e+02
4984	1.015226e+02
4985	1.002170e+02
4986	9.901717e+01
4987	9.797524e+01
4988	9.703453e+01
4989	9.618072e+01
4990	9.550883e+01
4991	9.503908e+01
4992	9.470724e+01
4993	9.460973e+01
4994	9.465824e+01
4995	9.482575e+01
4996	9.510885e+01
4997	9.562362e+01
4998	9.635967e+01
4999	9.724122e+01
