# Step	Measurement
1	9.745065e-01
2	9.734704e-01
3	9.724197e-01
4	9.717373e-01
5	9.719497e-01
6	9.729031e-01
7	9.739889e-01
8	9.750812e-01
9	9.761188e-01
10	9.772050e-01
11	9.782631e-01
12	9.809688e-01
13	9.829450e-01
14	9.847870e-01
15	9.871564e-01
16	9.890299e-01
17	9.892768e-01
18	9.873077e-01
19	9.829929e-01
20	9.782456e-01
21	9.735232e-01
22	9.696963e-01
23	9.674770e-01
24	9.643916e-01
25	9.629695e-01
26	9.637207e-01
27	9.655364e-01
28	9.710627e-01
29	9.788924e-01
30	9.856423e-01
31	9.902108e-01
32	9.922470e-01
33	9.922451e-01
34	9.896793e-01
35	9.864864e-01
36	9.820206e-01
37	9.788200e-01
38	9.767177e-01
39	9.737929e-01
40	9.707589e-01
41	9.686238e-01
42	9.698133e-01
43	9.701047e-01
44	9.723900e-01
45	9.753238e-01
46	9.775398e-01
47	9.784484e-01
48	9.791589e-01
49	9.808750e-01
50	9.812906e-01
51	9.802484e-01
52	9.786483e-01
53	9.773689e-01
54	9.747617e-01
55	9.706785e-01
56	9.683827e-01
57	9.683609e-01
58	9.701282e-01
59	9.746763e-01
60	9.799448e-01
61	9.840433e-01
62	9.865958e-01
63	9.874644e-01
64	9.856913e-01
65	9.830048e-01
66	9.795174e-01
67	9.750172e-01
68	9.715965e-01
69	9.677238e-01
70	9.673212e-01
71	9.664368e-01
72	9.661776e-01
73	9.667929e-01
74	9.693138e-01
75	9.724893e-01
76	9.756070e-01
77	9.790775e-01
78	9.820148e-01
79	9.831221e-01
80	9.821656e-01
81	9.796940e-01
82	9.773711e-01
83	9.734771e-01
84	9.705194e-01
85	9.683032e-01
86	9.665149e-01
87	9.650626e-01
88	9.646766e-01
89	9.651215e-01
90	9.678831e-01
91	9.718365e-01
92	9.763610e-01
93	9.807251e-01
94	9.847066e-01
95	9.876268e-01
96	9.878469e-01
97	9.858252e-01
98	9.835817e-01
99	9.803305e-01
100	9.759630e-01
101	9.715314e-01
102	9.673208e-01
103	9.653689e-01
104	9.663496e-01
105	9.686508e-01
106	9.701688e-01
107	9.749996e-01
108	9.801437e-01
109	9.848077e-01
110	9.882468e-01
111	9.889483e-01
112	9.885851e-01
113	9.872126e-01
114	9.855902e-01
115	9.827890e-01
116	9.784603e-01
117	9.739088e-01
118	9.689089e-01
119	9.632238e-01
120	9.571812e-01
121	9.503010e-01
122	9.471986e-01
123	9.466345e-01
124	9.494149e-01
125	9.549311e-01
126	9.630243e-01
127	9.707227e-01
128	9.765152e-01
129	9.790094e-01
130	9.805382e-01
131	9.801443e-01
132	9.759331e-01
133	9.694324e-01
134	9.609736e-01
135	9.539912e-01
136	9.476824e-01
137	9.445275e-01
138	9.426884e-01
139	9.441852e-01
140	9.498891e-01
141	9.573919e-01
142	9.657588e-01
143	9.743392e-01
144	9.818931e-01
145	9.867044e-01
146	9.875566e-01
147	9.864243e-01
148	9.836352e-01
149	9.786415e-01
150	9.734237e-01
151	9.671888e-01
152	9.614729e-01
153	9.563747e-01
154	9.536745e-01
155	9.529175e-01
156	9.540030e-01
157	9.579519e-01
158	9.648771e-01
159	9.718394e-01
160	9.772133e-01
161	9.814213e-01
162	9.844777e-01
163	9.858641e-01
164	9.840875e-01
165	9.807642e-01
166	9.757255e-01
167	9.719725e-01
168	9.687413e-01
169	9.662535e-01
170	9.649409e-01
171	9.634817e-01
172	9.645903e-01
173	9.684888e-01
174	9.723555e-01
175	9.762979e-01
176	9.801837e-01
177	9.857330e-01
178	9.900247e-01
179	9.922320e-01
180	9.929892e-01
181	9.926200e-01
182	9.905571e-01
183	9.878574e-01
184	9.837716e-01
185	9.785353e-01
186	9.734611e-01
187	9.689731e-01
188	9.656643e-01
189	9.639086e-01
190	9.631967e-01
191	9.637479e-01
192	9.652951e-01
193	9.694268e-01
194	9.731302e-01
195	9.771979e-01
196	9.811474e-01
197	9.837642e-01
198	9.850812e-01
199	9.855634e-01
200	9.843838e-01
201	9.835253e-01
202	9.815623e-01
203	9.796280e-01
204	9.768748e-01
205	9.736887e-01
206	9.688509e-01
207	9.637367e-01
208	9.601915e-01
209	9.584179e-01
210	9.597403e-01
211	9.614113e-01
212	9.648447e-01
213	9.692008e-01
214	9.727915e-01
215	9.764840e-01
216	9.791392e-01
217	9.803936e-01
218	9.807004e-01
219	9.801306e-01
220	9.791143e-01
221	9.767402e-01
222	9.727882e-01
223	9.683148e-01
224	9.643678e-01
225	9.621285e-01
226	9.610243e-01
227	9.605912e-01
228	9.614707e-01
229	9.631618e-01
230	9.669883e-01
231	9.705941e-01
232	9.737291e-01
233	9.760635e-01
234	9.762014e-01
235	9.752408e-01
236	9.737159e-01
237	9.722745e-01
238	9.704151e-01
239	9.682492e-01
240	9.668489e-01
241	9.663209e-01
242	9.670486e-01
243	9.689738e-01
244	9.706911e-01
245	9.732804e-01
246	9.751701e-01
247	9.773886e-01
248	9.798828e-01
249	9.828638e-01
250	9.850439e-01
251	9.858408e-01
252	9.842430e-01
253	9.814852e-01
254	9.763721e-01
255	9.718393e-01
256	9.668940e-01
257	9.624942e-01
258	9.599113e-01
259	9.611037e-01
260	9.633012e-01
261	9.677999e-01
262	9.747132e-01
263	9.824866e-01
264	9.913130e-01
265	9.982601e-01
266	1.000934e+00
267	1.000138e+00
268	9.947120e-01
269	9.877035e-01
270	9.809494e-01
271	9.736851e-01
272	9.652732e-01
273	9.596917e-01
274	9.556714e-01
275	9.541582e-01
276	9.554577e-01
277	9.594233e-01
278	9.680644e-01
279	9.773710e-01
280	9.861945e-01
281	9.922977e-01
282	9.978930e-01
283	1.000282e+00
284	9.994507e-01
285	9.940692e-01
286	9.874844e-01
287	9.780342e-01
288	9.687693e-01
289	9.597670e-01
290	9.522216e-01
291	9.474823e-01
292	9.454994e-01
293	9.477947e-01
294	9.536166e-01
295	9.622566e-01
296	9.704436e-01
297	9.794207e-01
298	9.860718e-01
299	9.900249e-01
300	9.911771e-01
301	9.885969e-01
302	9.829040e-01
303	9.754390e-01
304	9.665315e-01
305	9.583530e-01
306	9.510511e-01
307	9.449427e-01
308	9.410189e-01
309	9.404537e-01
310	9.436687e-01
311	9.498440e-01
312	9.591001e-01
313	9.675265e-01
314	9.760583e-01
315	9.822809e-01
316	9.858723e-01
317	9.870320e-01
318	9.850581e-01
319	9.794890e-01
320	9.727003e-01
321	9.642500e-01
322	9.576227e-01
323	9.528847e-01
324	9.491396e-01
325	9.485289e-01
326	9.502668e-01
327	9.542388e-01
328	9.600959e-01
329	9.686934e-01
330	9.766166e-01
331	9.831230e-01
332	9.880653e-01
333	9.890169e-01
334	9.879647e-01
335	9.858311e-01
336	9.808050e-01
337	9.746467e-01
338	9.688177e-01
339	9.637736e-01
340	9.606075e-01
341	9.598448e-01
342	9.604286e-01
343	9.632506e-01
344	9.695970e-01
345	9.781728e-01
346	9.864532e-01
347	9.929660e-01
348	9.971396e-01
349	9.982338e-01
350	9.971793e-01
351	9.934623e-01
352	9.863109e-01
353	9.778347e-01
354	9.687583e-01
355	9.598298e-01
356	9.527817e-01
357	9.494162e-01
358	9.505621e-01
359	9.561212e-01
360	9.650096e-01
361	9.758430e-01
362	9.872548e-01
363	9.971298e-01
364	1.002783e+00
365	1.004665e+00
366	1.002053e+00
367	9.968551e-01
368	9.868916e-01
369	9.748810e-01
370	9.626884e-01
371	9.519094e-01
372	9.451956e-01
373	9.419264e-01
374	9.436043e-01
375	9.481239e-01
376	9.575835e-01
377	9.665411e-01
378	9.737949e-01
379	9.790171e-01
380	9.827684e-01
381	9.844682e-01
382	9.844058e-01
383	9.808952e-01
384	9.751890e-01
385	9.694397e-01
386	9.632854e-01
387	9.569772e-01
388	9.519715e-01
389	9.490071e-01
390	9.488090e-01
391	9.509992e-01
392	9.553300e-01
393	9.609668e-01
394	9.685083e-01
395	9.764998e-01
396	9.815421e-01
397	9.842459e-01
398	9.859315e-01
399	9.852303e-01
400	9.822180e-01
401	9.763309e-01
402	9.687167e-01
403	9.605258e-01
404	9.525103e-01
405	9.465737e-01
406	9.440900e-01
407	9.436195e-01
408	9.463946e-01
409	9.527572e-01
410	9.617973e-01
411	9.727451e-01
412	9.839890e-01
413	9.932913e-01
414	9.997670e-01
415	1.003813e+00
416	1.000826e+00
417	9.948776e-01
418	9.861866e-01
419	9.762154e-01
420	9.658176e-01
421	9.567791e-01
422	9.503047e-01
423	9.481706e-01
424	9.494010e-01
425	9.550089e-01
426	9.643691e-01
427	9.762160e-01
428	9.872820e-01
429	9.965089e-01
430	1.003177e+00
431	1.006751e+00
432	1.007508e+00
433	1.003602e+00
434	9.952730e-01
435	9.840235e-01
436	9.717918e-01
437	9.607922e-01
438	9.524584e-01
439	9.475299e-01
440	9.466554e-01
441	9.503996e-01
442	9.572918e-01
443	9.670897e-01
444	9.777940e-01
445	9.884060e-01
446	9.965346e-01
447	1.001497e+00
448	1.002102e+00
449	9.982435e-01
450	9.904212e-01
451	9.788876e-01
452	9.671643e-01
453	9.579742e-01
454	9.513559e-01
455	9.477865e-01
456	9.459106e-01
457	9.483590e-01
458	9.535759e-01
459	9.608795e-01
460	9.697530e-01
461	9.786186e-01
462	9.877087e-01
463	9.942042e-01
464	9.972308e-01
465	9.981244e-01
466	9.959451e-01
467	9.904509e-01
468	9.822862e-01
469	9.723304e-01
470	9.625477e-01
471	9.549718e-01
472	9.528460e-01
473	9.548201e-01
474	9.585749e-01
475	9.641515e-01
476	9.708628e-01
477	9.788678e-01
478	9.846253e-01
479	9.873065e-01
480	9.876199e-01
481	9.866781e-01
482	9.846689e-01
483	9.810655e-01
484	9.743742e-01
485	9.662146e-01
486	9.571750e-01
487	9.508966e-01
488	9.499815e-01
489	9.520144e-01
490	9.578740e-01
491	9.661948e-01
492	9.766315e-01
493	9.866004e-01
494	9.946083e-01
495	9.995624e-01
496	1.000147e+00
497	9.977236e-01
498	9.945340e-01
499	9.898037e-01
500	9.844695e-01
501	9.789648e-01
502	9.742144e-01
503	9.692177e-01
504	9.631889e-01
505	9.594317e-01
506	9.598230e-01
507	9.613465e-01
508	9.665823e-01
509	9.730208e-01
510	9.806238e-01
511	9.874622e-01
512	9.941157e-01
513	9.980074e-01
514	9.998446e-01
515	1.002181e+00
516	1.001485e+00
517	9.978886e-01
518	9.916919e-01
519	9.838920e-01
520	9.768252e-01
521	9.704883e-01
522	9.652129e-01
523	9.613394e-01
524	9.594860e-01
525	9.600708e-01
526	9.632063e-01
527	9.698903e-01
528	9.772932e-01
529	9.847209e-01
530	9.924394e-01
531	9.982858e-01
532	1.002343e+00
533	1.002766e+00
534	1.000674e+00
535	9.969059e-01
536	9.906600e-01
537	9.824392e-01
538	9.737035e-01
539	9.652809e-01
540	9.582149e-01
541	9.526899e-01
542	9.508058e-01
543	9.518734e-01
544	9.571420e-01
545	9.651590e-01
546	9.728519e-01
547	9.809430e-01
548	9.886897e-01
549	9.958545e-01
550	1.001941e+00
551	1.004862e+00
552	1.004003e+00
553	9.984743e-01
554	9.915375e-01
555	9.816309e-01
556	9.698916e-01
557	9.582539e-01
558	9.491761e-01
559	9.436285e-01
560	9.413321e-01
561	9.424891e-01
562	9.466463e-01
563	9.545286e-01
564	9.643032e-01
565	9.743918e-01
566	9.832968e-01
567	9.895373e-01
568	9.948990e-01
569	9.959797e-01
570	9.948368e-01
571	9.894172e-01
572	9.810742e-01
573	9.720921e-01
574	9.641136e-01
575	9.576989e-01
576	9.531439e-01
577	9.522415e-01
578	9.544241e-01
579	9.592103e-01
580	9.671239e-01
581	9.756866e-01
582	9.845498e-01
583	9.927146e-01
584	1.000744e+00
585	1.005642e+00
586	1.006116e+00
587	1.002937e+00
588	9.971846e-01
589	9.890959e-01
590	9.785206e-01
591	9.676280e-01
592	9.578013e-01
593	9.495363e-01
594	9.451756e-01
595	9.443724e-01
596	9.477764e-01
597	9.559324e-01
598	9.681081e-01
599	9.819937e-01
600	9.969289e-01
601	1.009822e+00
602	1.017147e+00
603	1.018803e+00
604	1.014599e+00
605	1.005632e+00
606	9.924690e-01
607	9.782803e-01
608	9.644336e-01
609	9.526664e-01
610	9.437013e-01
611	9.395090e-01
612	9.405722e-01
613	9.469537e-01
614	9.556687e-01
615	9.657548e-01
616	9.773510e-01
617	9.904836e-01
618	1.001715e+00
619	1.010197e+00
620	1.014548e+00
621	1.012712e+00
622	1.005604e+00
623	9.939542e-01
624	9.796444e-01
625	9.646794e-01
626	9.517930e-01
627	9.425199e-01
628	9.376584e-01
629	9.374242e-01
630	9.419053e-01
631	9.504962e-01
632	9.613545e-01
633	9.741328e-01
634	9.884915e-01
635	1.001202e+00
636	1.010258e+00
637	1.015172e+00
638	1.012950e+00
639	1.004783e+00
640	9.933577e-01
641	9.790212e-01
642	9.648517e-01
643	9.523903e-01
644	9.430351e-01
645	9.374891e-01
646	9.372748e-01
647	9.436949e-01
648	9.551437e-01
649	9.697160e-01
650	9.859282e-01
651	1.000672e+00
652	1.012944e+00
653	1.020301e+00
654	1.023340e+00
655	1.021020e+00
656	1.013468e+00
657	1.000585e+00
658	9.839600e-01
659	9.672462e-01
660	9.521641e-01
661	9.405380e-01
662	9.328277e-01
663	9.317988e-01
664	9.364121e-01
665	9.482495e-01
666	9.643674e-01
667	9.828604e-01
668	1.000999e+00
669	1.015918e+00
670	1.026104e+00
671	1.031259e+00
672	1.028905e+00
673	1.020235e+00
674	1.005298e+00
675	9.866348e-01
676	9.663815e-01
677	9.477608e-01
678	9.342670e-01
679	9.261494e-01
680	9.252960e-01
681	9.337599e-01
682	9.485956e-01
683	9.669943e-01
684	9.860710e-01
685	1.002479e+00
686	1.015403e+00
687	1.025304e+00
688	1.030775e+00
689	1.030227e+00
690	1.022381e+00
691	1.009371e+00
692	9.915409e-01
693	9.728004e-01
694	9.546178e-01
695	9.396393e-01
696	9.305755e-01
697	9.284333e-01
698	9.334402e-01
699	9.438624e-01
700	9.580084e-01
701	9.760300e-01
702	9.939612e-01
703	1.009368e+00
704	1.020832e+00
705	1.027346e+00
706	1.029284e+00
707	1.025099e+00
708	1.014768e+00
709	9.997847e-01
710	9.828198e-01
711	9.650337e-01
712	9.482537e-01
713	9.356818e-01
714	9.308524e-01
715	9.335210e-01
716	9.423984e-01
717	9.556650e-01
718	9.736241e-01
719	9.917028e-01
720	1.008260e+00
721	1.020692e+00
722	1.029576e+00
723	1.031825e+00
724	1.027063e+00
725	1.016064e+00
726	9.995686e-01
727	9.818541e-01
728	9.649565e-01
729	9.510263e-01
730	9.414354e-01
731	9.376319e-01
732	9.412135e-01
733	9.494639e-01
734	9.612734e-01
735	9.767313e-01
736	9.934706e-01
737	1.007906e+00
738	1.018261e+00
739	1.025533e+00
740	1.024969e+00
741	1.017264e+00
742	1.004708e+00
743	9.886250e-01
744	9.708896e-01
745	9.555727e-01
746	9.438812e-01
747	9.377836e-01
748	9.371791e-01
749	9.420462e-01
750	9.519887e-01
751	9.664731e-01
752	9.832610e-01
753	9.993988e-01
754	1.013400e+00
755	1.022111e+00
756	1.026375e+00
757	1.022857e+00
758	1.014253e+00
759	1.001872e+00
760	9.870376e-01
761	9.712209e-01
762	9.564715e-01
763	9.448808e-01
764	9.384200e-01
765	9.382267e-01
766	9.434019e-01
767	9.528967e-01
768	9.664947e-01
769	9.823813e-01
770	9.969201e-01
771	1.007901e+00
772	1.016982e+00
773	1.021399e+00
774	1.020923e+00
775	1.014860e+00
776	1.003543e+00
777	9.901190e-01
778	9.748994e-01
779	9.611477e-01
780	9.509958e-01
781	9.448011e-01
782	9.436542e-01
783	9.481139e-01
784	9.587246e-01
785	9.708136e-01
786	9.840121e-01
787	9.967514e-01
788	1.007752e+00
789	1.014243e+00
790	1.016510e+00
791	1.014368e+00
792	1.007916e+00
793	9.976508e-01
794	9.856559e-01
795	9.735179e-01
796	9.622966e-01
797	9.547518e-01
798	9.501370e-01
799	9.503073e-01
800	9.562718e-01
801	9.657687e-01
802	9.786560e-01
803	9.919633e-01
804	1.003599e+00
805	1.011379e+00
806	1.016221e+00
807	1.016798e+00
808	1.014210e+00
809	1.006976e+00
810	9.967632e-01
811	9.845740e-01
812	9.717652e-01
813	9.601585e-01
814	9.522124e-01
815	9.496483e-01
816	9.510150e-01
817	9.551458e-01
818	9.637361e-01
819	9.741037e-01
820	9.867103e-01
821	9.980517e-01
822	1.006692e+00
823	1.012614e+00
824	1.015135e+00
825	1.014147e+00
826	1.008805e+00
827	1.000075e+00
828	9.882958e-01
829	9.759229e-01
830	9.622340e-01
831	9.507666e-01
832	9.414103e-01
833	9.377601e-01
834	9.396366e-01
835	9.468838e-01
836	9.570436e-01
837	9.694324e-01
838	9.835742e-01
839	9.978128e-01
840	1.010114e+00
841	1.018895e+00
842	1.023142e+00
843	1.022198e+00
844	1.015419e+00
845	1.004822e+00
846	9.895697e-01
847	9.723854e-01
848	9.563849e-01
849	9.443275e-01
850	9.380259e-01
851	9.384723e-01
852	9.458836e-01
853	9.581444e-01
854	9.715025e-01
855	9.858824e-01
856	9.978296e-01
857	1.006109e+00
858	1.009074e+00
859	1.009298e+00
860	1.007358e+00
861	1.001306e+00
862	9.934832e-01
863	9.856416e-01
864	9.778481e-01
865	9.707851e-01
866	9.651853e-01
867	9.617362e-01
868	9.614550e-01
869	9.639619e-01
870	9.697583e-01
871	9.762791e-01
872	9.831829e-01
873	9.888485e-01
874	9.941288e-01
875	9.953327e-01
876	9.953841e-01
877	9.946042e-01
878	9.916374e-01
879	9.876592e-01
880	9.830441e-01
881	9.790689e-01
882	9.761777e-01
883	9.760149e-01
884	9.769778e-01
885	9.805933e-01
886	9.858380e-01
887	9.890373e-01
888	9.916631e-01
889	9.927087e-01
890	9.928385e-01
891	9.918708e-01
892	9.895558e-01
893	9.862204e-01
894	9.829762e-01
895	9.799062e-01
896	9.760033e-01
897	9.720321e-01
898	9.695282e-01
899	9.696177e-01
900	9.707027e-01
901	9.728879e-01
902	9.745046e-01
903	9.775276e-01
904	9.814583e-01
905	9.838987e-01
906	9.856920e-01
907	9.867151e-01
908	9.861059e-01
909	9.847378e-01
910	9.834095e-01
911	9.822170e-01
912	9.821792e-01
913	9.827018e-01
914	9.821571e-01
915	9.809725e-01
916	9.796291e-01
917	9.773825e-01
918	9.767797e-01
919	9.771409e-01
920	9.778783e-01
921	9.795186e-01
922	9.803965e-01
923	9.807031e-01
924	9.816197e-01
925	9.845807e-01
926	9.876972e-01
927	9.884439e-01
928	9.882871e-01
929	9.860335e-01
930	9.827678e-01
931	9.797967e-01
932	9.773719e-01
933	9.761510e-01
934	9.753483e-01
935	9.761274e-01
936	9.788933e-01
937	9.816091e-01
938	9.846226e-01
939	9.886477e-01
940	9.908773e-01
941	9.916231e-01
942	9.907547e-01
943	9.883269e-01
944	9.831395e-01
945	9.781576e-01
946	9.730636e-01
947	9.675616e-01
948	9.624616e-01
949	9.590202e-01
950	9.587237e-01
951	9.609720e-01
952	9.651508e-01
953	9.708834e-01
954	9.771979e-01
955	9.835264e-01
956	9.893871e-01
957	9.943447e-01
958	9.963627e-01
959	9.950469e-01
960	9.912072e-01
961	9.850743e-01
962	9.764867e-01
963	9.673928e-01
964	9.609496e-01
965	9.566312e-01
966	9.532366e-01
967	9.523303e-01
968	9.540294e-01
969	9.590079e-01
970	9.674502e-01
971	9.771732e-01
972	9.863586e-01
973	9.931872e-01
974	9.974222e-01
975	9.981671e-01
976	9.949983e-01
977	9.878611e-01
978	9.794111e-01
979	9.697424e-01
980	9.623268e-01
981	9.573938e-01
982	9.564043e-01
983	9.591059e-01
984	9.645787e-01
985	9.726293e-01
986	9.805749e-01
987	9.883691e-01
988	9.935382e-01
989	9.963997e-01
990	9.968019e-01
991	9.948908e-01
992	9.898315e-01
993	9.835306e-01
994	9.763299e-01
995	9.690212e-01
996	9.616360e-01
997	9.564616e-01
998	9.537541e-01
999	9.529704e-01
1000	9.551285e-01
1001	9.601070e-01
1002	9.661414e-01
1003	9.730519e-01
1004	9.797235e-01
1005	9.860830e-01
1006	9.898753e-01
1007	9.920676e-01
1008	9.919919e-01
1009	9.883097e-01
1010	9.821811e-01
1011	9.760725e-01
1012	9.704495e-01
1013	9.644884e-01
1014	9.612216e-01
1015	9.616022e-01
1016	9.643973e-01
1017	9.691486e-01
1018	9.755665e-01
1019	9.837503e-01
1020	9.920786e-01
1021	9.969830e-01
1022	1.000105e+00
1023	1.000308e+00
1024	9.979133e-01
1025	9.933297e-01
1026	9.872335e-01
1027	9.810233e-01
1028	9.751848e-01
1029	9.710639e-01
1030	9.666448e-01
1031	9.644223e-01
1032	9.649345e-01
1033	9.656417e-01
1034	9.691494e-01
1035	9.755052e-01
1036	9.840352e-01
1037	9.913731e-01
1038	9.957962e-01
1039	9.976642e-01
1040	9.972585e-01
1041	9.944483e-01
1042	9.892017e-01
1043	9.807176e-01
1044	9.713651e-01
1045	9.626467e-01
1046	9.560340e-01
1047	9.525466e-01
1048	9.526407e-01
1049	9.560762e-01
1050	9.609039e-01
1051	9.679632e-01
1052	9.781838e-01
1053	9.883676e-01
1054	9.963898e-01
1055	1.001196e+00
1056	1.003106e+00
1057	1.002312e+00
1058	9.985802e-01
1059	9.921284e-01
1060	9.820741e-01
1061	9.703681e-01
1062	9.597645e-01
1063	9.497661e-01
1064	9.431159e-01
1065	9.419544e-01
1066	9.454686e-01
1067	9.527458e-01
1068	9.630297e-01
1069	9.750138e-01
1070	9.862066e-01
1071	9.970421e-01
1072	1.005750e+00
1073	1.011440e+00
1074	1.012338e+00
1075	1.009654e+00
1076	1.000441e+00
1077	9.879985e-01
1078	9.751480e-01
1079	9.626234e-01
1080	9.498052e-01
1081	9.397258e-01
1082	9.346723e-01
1083	9.344968e-01
1084	9.397833e-01
1085	9.494302e-01
1086	9.625700e-01
1087	9.780380e-01
1088	9.934142e-01
1089	1.006955e+00
1090	1.016179e+00
1091	1.020877e+00
1092	1.020822e+00
1093	1.015446e+00
1094	1.004946e+00
1095	9.911205e-01
1096	9.742871e-01
1097	9.570997e-01
1098	9.420206e-01
1099	9.320699e-01
1100	9.275664e-01
1101	9.284853e-01
1102	9.364628e-01
1103	9.496525e-01
1104	9.657246e-01
1105	9.832102e-01
1106	9.982956e-01
1107	1.008017e+00
1108	1.013485e+00
1109	1.014169e+00
1110	1.008800e+00
1111	1.000274e+00
1112	9.888250e-01
1113	9.768668e-01
1114	9.647175e-01
1115	9.541288e-01
1116	9.462932e-01
1117	9.408196e-01
1118	9.397438e-01
1119	9.424677e-01
1120	9.487740e-01
1121	9.589996e-01
1122	9.729332e-01
1123	9.867387e-01
1124	9.993354e-01
1125	1.008040e+00
1126	1.012942e+00
1127	1.013940e+00
1128	1.008781e+00
1129	9.981924e-01
1130	9.847534e-01
1131	9.703189e-01
1132	9.560738e-01
1133	9.447971e-01
1134	9.371333e-01
1135	9.341594e-01
1136	9.366273e-01
1137	9.455447e-01
1138	9.598773e-01
1139	9.758275e-01
1140	9.906967e-01
1141	1.002044e+00
1142	1.012060e+00
1143	1.017932e+00
1144	1.018182e+00
1145	1.012372e+00
1146	1.002274e+00
1147	9.887736e-01
1148	9.725981e-01
1149	9.574211e-01
1150	9.440479e-01
1151	9.359538e-01
1152	9.350011e-01
1153	9.397733e-01
1154	9.516582e-01
1155	9.679872e-01
1156	9.840145e-01
1157	9.995111e-01
1158	1.010263e+00
1159	1.016107e+00
1160	1.017502e+00
1161	1.014353e+00
1162	1.007286e+00
1163	9.976120e-01
1164	9.868465e-01
1165	9.732204e-01
1166	9.606225e-01
1167	9.478982e-01
1168	9.380360e-01
1169	9.341622e-01
1170	9.367569e-01
1171	9.473277e-01
1172	9.604495e-01
1173	9.749412e-01
1174	9.890353e-01
1175	1.001373e+00
1176	1.010720e+00
1177	1.015202e+00
1178	1.014215e+00
1179	1.008110e+00
1180	9.975291e-01
1181	9.846840e-01
1182	9.709013e-01
1183	9.567712e-01
1184	9.450577e-01
1185	9.365794e-01
1186	9.347596e-01
1187	9.367997e-01
1188	9.445920e-01
1189	9.573195e-01
1190	9.752212e-01
1191	9.914618e-01
1192	1.005781e+00
1193	1.014102e+00
1194	1.017434e+00
1195	1.013559e+00
1196	1.004737e+00
1197	9.924590e-01
1198	9.779729e-01
1199	9.633214e-01
1200	9.502327e-01
1201	9.412954e-01
1202	9.375452e-01
1203	9.385074e-01
1204	9.446584e-01
1205	9.573940e-01
1206	9.730340e-01
1207	9.909533e-01
1208	1.004924e+00
1209	1.014412e+00
1210	1.017696e+00
1211	1.016220e+00
1212	1.010215e+00
1213	1.001049e+00
1214	9.892771e-01
1215	9.769695e-01
1216	9.643742e-01
1217	9.525526e-01
1218	9.457126e-01
1219	9.429698e-01
1220	9.453172e-01
1221	9.526322e-01
1222	9.623582e-01
1223	9.767806e-01
1224	9.918963e-01
1225	1.006474e+00
1226	1.018617e+00
1227	1.026225e+00
1228	1.026622e+00
1229	1.021744e+00
1230	1.011855e+00
1231	9.975515e-01
1232	9.817752e-01
1233	9.642767e-01
1234	9.488279e-01
1235	9.374906e-01
1236	9.331655e-01
1237	9.354855e-01
1238	9.450143e-01
1239	9.583997e-01
1240	9.756472e-01
1241	9.944875e-01
1242	1.011600e+00
1243	1.025428e+00
1244	1.033801e+00
1245	1.035223e+00
1246	1.029756e+00
1247	1.017164e+00
1248	1.000392e+00
1249	9.807164e-01
1250	9.607111e-01
1251	9.436148e-01
1252	9.325046e-01
1253	9.289368e-01
1254	9.337818e-01
1255	9.450597e-01
1256	9.606589e-01
1257	9.786451e-01
1258	9.964468e-01
1259	1.011947e+00
1260	1.023219e+00
1261	1.030081e+00
1262	1.031948e+00
1263	1.027228e+00
1264	1.018163e+00
1265	1.006072e+00
1266	9.914152e-01
1267	9.760017e-01
1268	9.612021e-01
1269	9.509757e-01
1270	9.460100e-01
1271	9.473261e-01
1272	9.541029e-01
1273	9.656132e-01
1274	9.790434e-01
1275	9.914074e-01
1276	1.002586e+00
1277	1.010465e+00
1278	1.013159e+00
1279	1.013026e+00
1280	1.010426e+00
1281	1.003323e+00
1282	9.933633e-01
1283	9.811938e-01
1284	9.684780e-01
1285	9.573755e-01
1286	9.504881e-01
1287	9.471175e-01
1288	9.489644e-01
1289	9.548537e-01
1290	9.622662e-01
1291	9.728422e-01
1292	9.849935e-01
1293	9.963475e-01
1294	1.005526e+00
1295	1.011101e+00
1296	1.012900e+00
1297	1.010490e+00
1298	1.003238e+00
1299	9.920913e-01
1300	9.790260e-01
1301	9.663672e-01
1302	9.549151e-01
1303	9.474604e-01
1304	9.420830e-01
1305	9.425358e-01
1306	9.484881e-01
1307	9.580805e-01
1308	9.705617e-01
1309	9.832774e-01
1310	9.953274e-01
1311	1.004666e+00
1312	1.008300e+00
1313	1.008572e+00
1314	1.002969e+00
1315	9.945895e-01
1316	9.836197e-01
1317	9.715175e-01
1318	9.607464e-01
1319	9.510760e-01
1320	9.449623e-01
1321	9.437883e-01
1322	9.476548e-01
1323	9.538892e-01
1324	9.633486e-01
1325	9.747935e-01
1326	9.856695e-01
1327	9.945456e-01
1328	1.000497e+00
1329	1.004423e+00
1330	1.004808e+00
1331	1.001528e+00
1332	9.937997e-01
1333	9.834844e-01
1334	9.718766e-01
1335	9.601032e-01
1336	9.510287e-01
1337	9.437579e-01
1338	9.404230e-01
1339	9.419337e-01
1340	9.479739e-01
1341	9.564960e-01
1342	9.672117e-01
1343	9.784908e-01
1344	9.899479e-01
1345	9.987309e-01
1346	1.005387e+00
1347	1.007240e+00
1348	1.005296e+00
1349	9.979288e-01
1350	9.864358e-01
1351	9.746200e-01
1352	9.621152e-01
1353	9.519042e-01
1354	9.443958e-01
1355	9.410154e-01
1356	9.418106e-01
1357	9.459120e-01
1358	9.527492e-01
1359	9.628739e-01
1360	9.746419e-01
1361	9.858842e-01
1362	9.947122e-01
1363	9.981345e-01
1364	9.964825e-01
1365	9.913290e-01
1366	9.828573e-01
1367	9.720789e-01
1368	9.620896e-01
1369	9.509992e-01
1370	9.423358e-01
1371	9.359861e-01
1372	9.326894e-01
1373	9.334745e-01
1374	9.391524e-01
1375	9.491419e-01
1376	9.617277e-01
1377	9.754696e-01
1378	9.880757e-01
1379	9.977672e-01
1380	1.004076e+00
1381	1.007392e+00
1382	1.005161e+00
1383	9.988915e-01
1384	9.885988e-01
1385	9.758313e-01
1386	9.617777e-01
1387	9.480752e-01
1388	9.374058e-01
1389	9.318555e-01
1390	9.321545e-01
1391	9.386306e-01
1392	9.510393e-01
1393	9.661874e-01
1394	9.814952e-01
1395	9.956426e-01
1396	1.006330e+00
1397	1.013351e+00
1398	1.017453e+00
1399	1.014529e+00
1400	1.007057e+00
1401	9.950675e-01
1402	9.800104e-01
1403	9.655801e-01
1404	9.512273e-01
1405	9.404081e-01
1406	9.333529e-01
1407	9.338879e-01
1408	9.407129e-01
1409	9.519793e-01
1410	9.665396e-01
1411	9.818019e-01
1412	9.959310e-01
1413	1.006283e+00
1414	1.012745e+00
1415	1.013782e+00
1416	1.010222e+00
1417	1.001212e+00
1418	9.881579e-01
1419	9.734482e-01
1420	9.605514e-01
1421	9.490783e-01
1422	9.414199e-01
1423	9.388172e-01
1424	9.417766e-01
1425	9.501903e-01
1426	9.603775e-01
1427	9.727230e-01
1428	9.865413e-01
1429	9.981106e-01
1430	1.007460e+00
1431	1.012406e+00
1432	1.011308e+00
1433	1.003809e+00
1434	9.932644e-01
1435	9.787138e-01
1436	9.636962e-01
1437	9.488758e-01
1438	9.368042e-01
1439	9.315434e-01
1440	9.318484e-01
1441	9.366802e-01
1442	9.466198e-01
1443	9.589101e-01
1444	9.717425e-01
1445	9.844746e-01
1446	9.954056e-01
1447	1.002343e+00
1448	1.005174e+00
1449	1.003752e+00
1450	9.990169e-01
1451	9.919425e-01
1452	9.827361e-01
1453	9.719256e-01
1454	9.619054e-01
1455	9.549965e-01
1456	9.518667e-01
1457	9.521717e-01
1458	9.551686e-01
1459	9.610198e-01
1460	9.700988e-01
1461	9.809114e-01
1462	9.916565e-01
1463	1.000841e+00
1464	1.007124e+00
1465	1.010120e+00
1466	1.009156e+00
1467	1.005180e+00
1468	9.971142e-01
1469	9.880568e-01
1470	9.788329e-01
1471	9.703969e-01
1472	9.638850e-01
1473	9.593113e-01
1474	9.567710e-01
1475	9.581895e-01
1476	9.637962e-01
1477	9.711616e-01
1478	9.792121e-01
1479	9.862340e-01
1480	9.929105e-01
1481	9.963124e-01
1482	9.968220e-01
1483	9.948731e-01
1484	9.918723e-01
1485	9.867440e-01
1486	9.811458e-01
1487	9.742130e-01
1488	9.684823e-01
1489	9.633876e-01
1490	9.597923e-01
1491	9.575503e-01
1492	9.577355e-01
1493	9.600090e-01
1494	9.633418e-01
1495	9.689948e-01
1496	9.754290e-01
1497	9.829117e-01
1498	9.895582e-01
1499	9.946189e-01
1500	9.981121e-01
1501	9.978657e-01
1502	9.953996e-01
1503	9.897697e-01
1504	9.823487e-01
1505	9.742121e-01
1506	9.667670e-01
1507	9.619019e-01
1508	9.593846e-01
1509	9.593379e-01
1510	9.615141e-01
1511	9.658176e-01
1512	9.726385e-01
1513	9.804697e-01
1514	9.885892e-01
1515	9.955198e-01
1516	9.998457e-01
1517	1.001165e+00
1518	1.000432e+00
1519	9.974855e-01
1520	9.924415e-01
1521	9.855383e-01
1522	9.782994e-01
1523	9.692071e-01
1524	9.613321e-01
1525	9.564346e-01
1526	9.563840e-01
1527	9.608180e-01
1528	9.683791e-01
1529	9.781764e-01
1530	9.890224e-01
1531	9.993341e-01
1532	1.007209e+00
1533	1.011643e+00
1534	1.012564e+00
1535	1.010551e+00
1536	1.005313e+00
1537	9.970968e-01
1538	9.877979e-01
1539	9.785084e-01
1540	9.698362e-01
1541	9.622932e-01
1542	9.577776e-01
1543	9.566371e-01
1544	9.572578e-01
1545	9.611165e-01
1546	9.679847e-01
1547	9.752585e-01
1548	9.856474e-01
1549	9.962762e-01
1550	1.004984e+00
1551	1.009254e+00
1552	1.010881e+00
1553	1.008821e+00
1554	1.002950e+00
1555	9.946202e-01
1556	9.851300e-01
1557	9.753505e-01
1558	9.677184e-01
1559	9.617723e-01
1560	9.568979e-01
1561	9.553576e-01
1562	9.575547e-01
1563	9.625587e-01
1564	9.707101e-01
1565	9.801435e-01
1566	9.889823e-01
1567	9.973917e-01
1568	1.002608e+00
1569	1.003706e+00
1570	1.001420e+00
1571	9.975860e-01
1572	9.919137e-01
1573	9.846527e-01
1574	9.780516e-01
1575	9.727590e-01
1576	9.677341e-01
1577	9.649617e-01
1578	9.644122e-01
1579	9.665673e-01
1580	9.722376e-01
1581	9.791434e-01
1582	9.871506e-01
1583	9.954715e-01
1584	1.001552e+00
1585	1.006596e+00
1586	1.009940e+00
1587	1.009150e+00
1588	1.005374e+00
1589	9.980080e-01
1590	9.891697e-01
1591	9.802053e-01
1592	9.726870e-01
1593	9.665947e-01
1594	9.627668e-01
1595	9.610739e-01
1596	9.613373e-01
1597	9.645569e-01
1598	9.717956e-01
1599	9.804100e-01
1600	9.903499e-01
1601	1.000499e+00
1602	1.008359e+00
1603	1.013820e+00
1604	1.015794e+00
1605	1.013314e+00
1606	1.008109e+00
1607	9.997826e-01
1608	9.899322e-01
1609	9.786297e-01
1610	9.675074e-01
1611	9.594224e-01
1612	9.553527e-01
1613	9.541165e-01
1614	9.564000e-01
1615	9.623738e-01
1616	9.714696e-01
1617	9.817724e-01
1618	9.923113e-01
1619	1.002118e+00
1620	1.007407e+00
1621	1.009673e+00
1622	1.008287e+00
1623	1.003807e+00
1624	9.979729e-01
1625	9.913569e-01
1626	9.839350e-01
1627	9.762267e-01
1628	9.695001e-01
1629	9.648177e-01
1630	9.638146e-01
1631	9.652934e-01
1632	9.697204e-01
1633	9.757699e-01
1634	9.819408e-01
1635	9.874631e-01
1636	9.935933e-01
1637	9.970993e-01
1638	9.985645e-01
1639	9.973696e-01
1640	9.937241e-01
1641	9.890025e-01
1642	9.843560e-01
1643	9.800480e-01
1644	9.754721e-01
1645	9.737219e-01
1646	9.744731e-01
1647	9.772114e-01
1648	9.815365e-01
1649	9.855073e-01
1650	9.895702e-01
1651	9.927475e-01
1652	9.949231e-01
1653	9.959953e-01
1654	9.940833e-01
1655	9.901209e-01
1656	9.852253e-01
1657	9.797691e-01
1658	9.741236e-01
1659	9.696282e-01
1660	9.665633e-01
1661	9.657926e-01
1662	9.659874e-01
1663	9.685775e-01
1664	9.714923e-01
1665	9.761806e-01
1666	9.814140e-01
1667	9.853459e-01
1668	9.889800e-01
1669	9.914793e-01
1670	9.925162e-01
1671	9.923802e-01
1672	9.905052e-01
1673	9.873140e-01
1674	9.830798e-01
1675	9.787157e-01
1676	9.738583e-01
1677	9.707398e-01
1678	9.682548e-01
1679	9.687806e-01
1680	9.700961e-01
1681	9.714388e-01
1682	9.736702e-01
1683	9.754285e-01
1684	9.766162e-01
1685	9.783566e-01
1686	9.803004e-01
1687	9.793066e-01
1688	9.786024e-01
1689	9.779248e-01
1690	9.769733e-01
1691	9.767369e-01
1692	9.756764e-01
1693	9.726949e-01
1694	9.701156e-01
1695	9.697820e-01
1696	9.680927e-01
1697	9.697323e-01
1698	9.738527e-01
1699	9.781730e-01
1700	9.822683e-01
1701	9.855002e-01
1702	9.854286e-01
1703	9.832671e-01
1704	9.814484e-01
1705	9.787947e-01
1706	9.782482e-01
1707	9.782930e-01
1708	9.788639e-01
1709	9.804963e-01
1710	9.825975e-01
1711	9.841572e-01
1712	9.844139e-01
1713	9.851946e-01
1714	9.855654e-01
1715	9.852676e-01
1716	9.832544e-01
1717	9.816385e-01
1718	9.782911e-01
1719	9.742790e-01
1720	9.706359e-01
1721	9.673219e-01
1722	9.647172e-01
1723	9.646103e-01
1724	9.673098e-01
1725	9.714734e-01
1726	9.776430e-01
1727	9.837395e-01
1728	9.898071e-01
1729	9.923840e-01
1730	9.917790e-01
1731	9.902588e-01
1732	9.875975e-01
1733	9.830027e-01
1734	9.761775e-01
1735	9.701708e-01
1736	9.648323e-01
1737	9.616533e-01
1738	9.595588e-01
1739	9.618801e-01
1740	9.661355e-01
1741	9.718197e-01
1742	9.791615e-01
1743	9.866022e-01
1744	9.921295e-01
1745	9.957238e-01
1746	9.970602e-01
1747	9.959158e-01
1748	9.916737e-01
1749	9.862691e-01
1750	9.797811e-01
1751	9.740650e-01
1752	9.701071e-01
1753	9.685141e-01
1754	9.690553e-01
1755	9.732556e-01
1756	9.791541e-01
1757	9.865752e-01
1758	9.949494e-01
1759	1.001804e+00
1760	1.006938e+00
1761	1.009105e+00
1762	1.007858e+00
1763	1.002685e+00
1764	9.932955e-01
1765	9.842220e-01
1766	9.737824e-01
1767	9.651276e-01
1768	9.597184e-01
1769	9.595998e-01
1770	9.642949e-01
1771	9.728538e-01
1772	9.843391e-01
1773	9.967398e-01
1774	1.006791e+00
1775	1.013184e+00
1776	1.016100e+00
1777	1.015760e+00
1778	1.010496e+00
1779	1.005211e+00
1780	9.972288e-01
1781	9.885450e-01
1782	9.786719e-01
1783	9.688833e-01
1784	9.614292e-01
1785	9.579409e-01
1786	9.595679e-01
1787	9.636322e-01
1788	9.688959e-01
1789	9.751980e-01
1790	9.826498e-01
1791	9.899043e-01
1792	9.950395e-01
1793	9.972673e-01
1794	9.968610e-01
1795	9.937007e-01
1796	9.892317e-01
1797	9.829305e-01
1798	9.790823e-01
1799	9.750662e-01
1800	9.721106e-01
1801	9.712053e-01
1802	9.723619e-01
1803	9.744253e-01
1804	9.783810e-01
1805	9.825210e-01
1806	9.878600e-01
1807	9.921870e-01
1808	9.956252e-01
1809	9.970594e-01
1810	9.973455e-01
1811	9.951746e-01
1812	9.915046e-01
1813	9.854001e-01
1814	9.797941e-01
1815	9.745178e-01
1816	9.701015e-01
1817	9.665496e-01
1818	9.644766e-01
1819	9.656077e-01
1820	9.687477e-01
1821	9.753781e-01
1822	9.826109e-01
1823	9.896653e-01
1824	9.954236e-01
1825	1.000165e+00
1826	1.002901e+00
1827	1.002598e+00
1828	1.000969e+00
1829	9.976602e-01
1830	9.932711e-01
1831	9.887218e-01
1832	9.848481e-01
1833	9.823842e-01
1834	9.795243e-01
1835	9.772298e-01
1836	9.773354e-01
1837	9.797944e-01
1838	9.831558e-01
1839	9.873974e-01
1840	9.934721e-01
1841	9.979426e-01
1842	1.002575e+00
1843	1.004805e+00
1844	1.003808e+00
1845	1.000712e+00
1846	9.955969e-01
1847	9.898557e-01
1848	9.848821e-01
1849	9.794143e-01
1850	9.751542e-01
1851	9.727727e-01
1852	9.710005e-01
1853	9.712533e-01
1854	9.722108e-01
1855	9.740315e-01
1856	9.763033e-01
1857	9.797563e-01
1858	9.827477e-01
1859	9.860923e-01
1860	9.892604e-01
1861	9.923876e-01
1862	9.925278e-01
1863	9.909083e-01
1864	9.859921e-01
1865	9.788490e-01
1866	9.719872e-01
1867	9.667633e-01
1868	9.626009e-01
1869	9.605994e-01
1870	9.608727e-01
1871	9.639235e-01
1872	9.675775e-01
1873	9.730335e-01
1874	9.786589e-01
1875	9.846747e-01
1876	9.900954e-01
1877	9.945257e-01
1878	9.955253e-01
1879	9.945529e-01
1880	9.907865e-01
1881	9.858888e-01
1882	9.807446e-01
1883	9.753068e-01
1884	9.702252e-01
1885	9.670404e-01
1886	9.646519e-01
1887	9.628096e-01
1888	9.644131e-01
1889	9.678890e-01
1890	9.747652e-01
1891	9.836727e-01
1892	9.913947e-01
1893	9.969636e-01
1894	9.995639e-01
1895	9.986421e-01
1896	9.947838e-01
1897	9.890076e-01
1898	9.820740e-01
1899	9.764507e-01
1900	9.713420e-01
1901	9.682201e-01
1902	9.664070e-01
1903	9.669569e-01
1904	9.692840e-01
1905	9.727448e-01
1906	9.786981e-01
1907	9.845768e-01
1908	9.909018e-01
1909	9.950480e-01
1910	9.979195e-01
1911	9.987270e-01
1912	9.973223e-01
1913	9.940035e-01
1914	9.885296e-01
1915	9.816411e-01
1916	9.742465e-01
1917	9.668331e-01
1918	9.622398e-01
1919	9.600868e-01
1920	9.601561e-01
1921	9.619764e-01
1922	9.653869e-01
1923	9.718051e-01
1924	9.810017e-01
1925	9.899473e-01
1926	9.975730e-01
1927	1.003420e+00
1928	1.006633e+00
1929	1.007456e+00
1930	1.004992e+00
1931	1.000355e+00
1932	9.940320e-01
1933	9.854346e-01
1934	9.754177e-01
1935	9.683490e-01
1936	9.615094e-01
1937	9.578813e-01
1938	9.580161e-01
1939	9.611609e-01
1940	9.695208e-01
1941	9.809643e-01
1942	9.930930e-01
1943	1.004672e+00
1944	1.014392e+00
1945	1.019593e+00
1946	1.019871e+00
1947	1.015643e+00
1948	1.008447e+00
1949	9.993783e-01
1950	9.884849e-01
1951	9.782075e-01
1952	9.690665e-01
1953	9.624145e-01
1954	9.591022e-01
1955	9.609375e-01
1956	9.660780e-01
1957	9.725573e-01
1958	9.794075e-01
1959	9.888903e-01
1960	9.969360e-01
1961	1.003207e+00
1962	1.006085e+00
1963	1.006269e+00
1964	1.003380e+00
1965	9.985174e-01
1966	9.916637e-01
1967	9.834182e-01
1968	9.742029e-01
1969	9.669182e-01
1970	9.602621e-01
1971	9.566845e-01
1972	9.560307e-01
1973	9.595949e-01
1974	9.653907e-01
1975	9.724674e-01
1976	9.795654e-01
1977	9.859373e-01
1978	9.887415e-01
1979	9.914689e-01
1980	9.934425e-01
1981	9.914889e-01
1982	9.881437e-01
1983	9.827712e-01
1984	9.756244e-01
1985	9.703373e-01
1986	9.668027e-01
1987	9.636966e-01
1988	9.612482e-01
1989	9.606947e-01
1990	9.612347e-01
1991	9.650281e-01
1992	9.702204e-01
1993	9.758964e-01
1994	9.818812e-01
1995	9.889713e-01
1996	9.963295e-01
1997	1.001500e+00
1998	1.003949e+00
1999	1.004675e+00
2000	1.000927e+00
2001	9.944209e-01
2002	9.839027e-01
2003	9.736718e-01
2004	9.625223e-01
2005	9.539064e-01
2006	9.508515e-01
2007	9.516089e-01
2008	9.570507e-01
2009	9.647382e-01
2010	9.749334e-01
2011	9.867626e-01
2012	9.981326e-01
2013	1.007966e+00
2014	1.015058e+00
2015	1.016878e+00
2016	1.014544e+00
2017	1.007792e+00
2018	9.970659e-01
2019	9.849885e-01
2020	9.722503e-01
2021	9.622743e-01
2022	9.547439e-01
2023	9.511713e-01
2024	9.527257e-01
2025	9.587783e-01
2026	9.678057e-01
2027	9.792399e-01
2028	9.901387e-01
2029	1.000568e+00
2030	1.008395e+00
2031	1.014161e+00
2032	1.015669e+00
2033	1.013525e+00
2034	1.004803e+00
2035	9.930971e-01
2036	9.789842e-01
2037	9.635657e-01
2038	9.487974e-01
2039	9.393332e-01
2040	9.349404e-01
2041	9.358255e-01
2042	9.421145e-01
2043	9.519737e-01
2044	9.668254e-01
2045	9.826255e-01
2046	9.981379e-01
2047	1.011837e+00
2048	1.021690e+00
2049	1.026768e+00
2050	1.026920e+00
2051	1.021302e+00
2052	1.010273e+00
2053	9.945082e-01
2054	9.753868e-01
2055	9.564238e-01
2056	9.400714e-01
2057	9.279944e-01
2058	9.235837e-01
2059	9.265317e-01
2060	9.376908e-01
2061	9.541638e-01
2062	9.740699e-01
2063	9.955053e-01
2064	1.012181e+00
2065	1.026617e+00
2066	1.034481e+00
2067	1.035338e+00
2068	1.029101e+00
2069	1.017275e+00
2070	1.001737e+00
2071	9.823894e-01
2072	9.638787e-01
2073	9.475438e-01
2074	9.364483e-01
2075	9.316518e-01
2076	9.335295e-01
2077	9.422429e-01
2078	9.561851e-01
2079	9.730621e-01
2080	9.907023e-01
2081	1.007643e+00
2082	1.020692e+00
2083	1.028136e+00
2084	1.030321e+00
2085	1.024516e+00
2086	1.012281e+00
2087	9.954313e-01
2088	9.773600e-01
2089	9.597585e-01
2090	9.454428e-01
2091	9.357351e-01
2092	9.325070e-01
2093	9.358549e-01
2094	9.468682e-01
2095	9.618504e-01
2096	9.773438e-01
2097	9.934708e-01
2098	1.008557e+00
2099	1.019801e+00
2100	1.025721e+00
2101	1.025617e+00
2102	1.019873e+00
2103	1.009885e+00
2104	9.967678e-01
2105	9.800774e-01
2106	9.621619e-01
2107	9.453806e-01
2108	9.344743e-01
2109	9.286393e-01
2110	9.285060e-01
2111	9.336172e-01
2112	9.434601e-01
2113	9.567049e-01
2114	9.716129e-01
2115	9.855246e-01
2116	9.978637e-01
2117	1.006214e+00
2118	1.008986e+00
2119	1.006959e+00
2120	1.000726e+00
2121	9.891009e-01
2122	9.749653e-01
2123	9.596134e-01
2124	9.451112e-01
2125	9.333543e-01
2126	9.267647e-01
2127	9.262202e-01
2128	9.315096e-01
2129	9.437514e-01
2130	9.589735e-01
2131	9.758715e-01
2132	9.923693e-01
2133	1.006175e+00
2134	1.014604e+00
2135	1.017632e+00
2136	1.012995e+00
2137	1.001978e+00
2138	9.880739e-01
2139	9.709827e-01
2140	9.536689e-01
2141	9.386494e-01
2142	9.281926e-01
2143	9.234590e-01
2144	9.255912e-01
2145	9.337106e-01
2146	9.476919e-01
2147	9.637634e-01
2148	9.821863e-01
2149	9.994595e-01
2150	1.015183e+00
2151	1.025105e+00
2152	1.028842e+00
2153	1.023618e+00
2154	1.013752e+00
2155	9.994810e-01
2156	9.827873e-01
2157	9.665072e-01
2158	9.525194e-01
2159	9.428220e-01
2160	9.365814e-01
2161	9.365146e-01
2162	9.420331e-01
2163	9.544655e-01
2164	9.701511e-01
2165	9.890115e-01
2166	1.005618e+00
2167	1.018620e+00
2168	1.027481e+00
2169	1.030389e+00
2170	1.026989e+00
2171	1.015989e+00
2172	1.000482e+00
2173	9.833685e-01
2174	9.668577e-01
2175	9.536036e-01
2176	9.435122e-01
2177	9.378455e-01
2178	9.374036e-01
2179	9.427520e-01
2180	9.528919e-01
2181	9.666830e-01
2182	9.831247e-01
2183	9.994600e-01
2184	1.012400e+00
2185	1.021010e+00
2186	1.022718e+00
2187	1.017985e+00
2188	1.007122e+00
2189	9.928751e-01
2190	9.756832e-01
2191	9.583414e-01
2192	9.435130e-01
2193	9.321200e-01
2194	9.268495e-01
2195	9.267771e-01
2196	9.332604e-01
2197	9.433228e-01
2198	9.565350e-01
2199	9.714714e-01
2200	9.875446e-01
2201	1.001013e+00
2202	1.010644e+00
2203	1.015666e+00
2204	1.012936e+00
2205	1.005222e+00
2206	9.926538e-01
2207	9.774740e-01
2208	9.627747e-01
2209	9.496634e-01
2210	9.407543e-01
2211	9.358607e-01
2212	9.349296e-01
2213	9.397961e-01
2214	9.491789e-01
2215	9.611106e-01
2216	9.737412e-01
2217	9.852116e-01
2218	9.935573e-01
2219	9.988451e-01
2220	9.997033e-01
2221	9.963260e-01
2222	9.887020e-01
2223	9.790109e-01
2224	9.675928e-01
2225	9.576303e-01
2226	9.490236e-01
2227	9.433659e-01
2228	9.420527e-01
2229	9.442348e-01
2230	9.483983e-01
2231	9.565764e-01
2232	9.678288e-01
2233	9.796797e-01
2234	9.898191e-01
2235	9.991079e-01
2236	1.004822e+00
2237	1.006580e+00
2238	1.004195e+00
2239	9.976159e-01
2240	9.882491e-01
2241	9.782609e-01
2242	9.685966e-01
2243	9.583958e-01
2244	9.518198e-01
2245	9.514137e-01
2246	9.558146e-01
2247	9.642788e-01
2248	9.732056e-01
2249	9.822662e-01
2250	9.921139e-01
2251	1.000258e+00
2252	1.004789e+00
2253	1.007529e+00
2254	1.007303e+00
2255	1.004960e+00
2256	9.987136e-01
2257	9.896128e-01
2258	9.794411e-01
2259	9.702246e-01
2260	9.625444e-01
2261	9.582543e-01
2262	9.581429e-01
2263	9.612162e-01
2264	9.667303e-01
2265	9.751364e-01
2266	9.826365e-01
2267	9.902643e-01
2268	9.960486e-01
2269	1.000267e+00
2270	1.004330e+00
2271	1.006055e+00
2272	1.005388e+00
2273	1.001867e+00
2274	9.952606e-01
2275	9.877387e-01
2276	9.797267e-01
2277	9.720678e-01
2278	9.650983e-01
2279	9.596165e-01
2280	9.576061e-01
2281	9.596171e-01
2282	9.652745e-01
2283	9.733893e-01
2284	9.821167e-01
2285	9.915378e-01
2286	9.990509e-01
2287	1.002395e+00
2288	1.000732e+00
2289	9.934741e-01
2290	9.840737e-01
2291	9.732534e-01
2292	9.624906e-01
2293	9.523965e-01
2294	9.452362e-01
2295	9.407864e-01
2296	9.407117e-01
2297	9.443013e-01
2298	9.497318e-01
2299	9.585293e-01
2300	9.698185e-01
2301	9.812341e-01
2302	9.908893e-01
2303	9.985269e-01
2304	1.002226e+00
2305	1.001895e+00
2306	9.971787e-01
2307	9.888572e-01
2308	9.782910e-01
2309	9.673108e-01
2310	9.587431e-01
2311	9.522969e-01
2312	9.504761e-01
2313	9.517249e-01
2314	9.569652e-01
2315	9.661383e-01
2316	9.780982e-01
2317	9.911641e-01
2318	1.003014e+00
2319	1.011819e+00
2320	1.013831e+00
2321	1.010665e+00
2322	1.003748e+00
2323	9.928426e-01
2324	9.799307e-01
2325	9.666040e-01
2326	9.543591e-01
2327	9.454842e-01
2328	9.402074e-01
2329	9.408109e-01
2330	9.460009e-01
2331	9.561447e-01
2332	9.679047e-01
2333	9.802339e-01
2334	9.908327e-01
2335	9.994012e-01
2336	1.002260e+00
2337	9.992054e-01
2338	9.898964e-01
2339	9.774999e-01
2340	9.610877e-01
2341	9.444384e-01
2342	9.302212e-01
2343	9.205467e-01
2344	9.196700e-01
2345	9.230814e-01
2346	9.323179e-01
2347	9.473568e-01
2348	9.648313e-01
2349	9.817616e-01
2350	9.950212e-01
2351	1.002803e+00
2352	1.004160e+00
2353	1.000750e+00
2354	9.927747e-01
2355	9.803241e-01
2356	9.654554e-01
2357	9.484943e-01
2358	9.348015e-01
2359	9.242503e-01
2360	9.189500e-01
2361	9.198401e-01
2362	9.279304e-01
2363	9.403800e-01
2364	9.572416e-01
2365	9.739310e-01
2366	9.881819e-01
2367	9.982680e-01
2368	1.003507e+00
2369	1.002684e+00
2370	9.960415e-01
2371	9.846879e-01
2372	9.704008e-01
2373	9.562936e-01
2374	9.434017e-01
2375	9.346207e-01
2376	9.314844e-01
2377	9.330302e-01
2378	9.419105e-01
2379	9.559667e-01
2380	9.705287e-01
2381	9.845423e-01
2382	9.971614e-01
2383	1.004830e+00
2384	1.006755e+00
2385	1.003253e+00
2386	9.937817e-01
2387	9.815670e-01
2388	9.677390e-01
2389	9.551170e-01
2390	9.461867e-01
2391	9.427016e-01
2392	9.440919e-01
2393	9.501762e-01
2394	9.580991e-01
2395	9.697420e-01
2396	9.810503e-01
2397	9.907785e-01
2398	9.974558e-01
2399	9.997471e-01
2400	9.978931e-01
2401	9.922591e-01
2402	9.844648e-01
2403	9.730746e-01
2404	9.612788e-01
2405	9.519081e-01
2406	9.458344e-01
2407	9.441659e-01
2408	9.471717e-01
2409	9.549070e-01
2410	9.663870e-01
2411	9.801973e-01
2412	9.930090e-01
2413	1.001831e+00
2414	1.005682e+00
2415	1.004597e+00
2416	1.000058e+00
2417	9.911252e-01
2418	9.814981e-01
2419	9.710117e-01
2420	9.612651e-01
2421	9.540428e-01
2422	9.503546e-01
2423	9.500647e-01
2424	9.531409e-01
2425	9.591543e-01
2426	9.664459e-01
2427	9.748109e-01
2428	9.827032e-01
2429	9.879698e-01
2430	9.906943e-01
2431	9.919556e-01
2432	9.905571e-01
2433	9.861244e-01
2434	9.798178e-01
2435	9.734182e-01
2436	9.669084e-01
2437	9.598889e-01
2438	9.543390e-01
2439	9.533730e-01
2440	9.563511e-01
2441	9.617975e-01
2442	9.712823e-01
2443	9.809160e-01
2444	9.914294e-01
2445	9.997957e-01
2446	1.003164e+00
2447	1.001935e+00
2448	9.973381e-01
2449	9.898519e-01
2450	9.796821e-01
2451	9.687320e-01
2452	9.586527e-01
2453	9.524447e-01
2454	9.489853e-01
2455	9.497666e-01
2456	9.528638e-01
2457	9.598415e-01
2458	9.677417e-01
2459	9.777834e-01
2460	9.890312e-01
2461	9.990081e-01
2462	1.007601e+00
2463	1.012261e+00
2464	1.010727e+00
2465	1.004089e+00
2466	9.951764e-01
2467	9.835279e-01
2468	9.712543e-01
2469	9.576355e-01
2470	9.483121e-01
2471	9.447015e-01
2472	9.444442e-01
2473	9.479296e-01
2474	9.550989e-01
2475	9.649365e-01
2476	9.761509e-01
2477	9.871665e-01
2478	9.966544e-01
2479	1.001573e+00
2480	1.002373e+00
2481	1.000091e+00
2482	9.941749e-01
2483	9.846352e-01
2484	9.726717e-01
2485	9.602247e-01
2486	9.501332e-01
2487	9.441164e-01
2488	9.421822e-01
2489	9.439176e-01
2490	9.491504e-01
2491	9.573702e-01
2492	9.679407e-01
2493	9.789332e-01
2494	9.895883e-01
2495	9.962669e-01
2496	9.984992e-01
2497	9.965911e-01
2498	9.920393e-01
2499	9.842513e-01
2500	9.744014e-01
2501	9.662131e-01
2502	9.596193e-01
2503	9.555339e-01
2504	9.548431e-01
2505	9.561512e-01
2506	9.593130e-01
2507	9.642006e-01
2508	9.718692e-01
2509	9.807885e-01
2510	9.895418e-01
2511	9.966032e-01
2512	1.000626e+00
2513	1.001368e+00
2514	1.000009e+00
2515	9.952012e-01
2516	9.889288e-01
2517	9.802839e-01
2518	9.705399e-01
2519	9.625163e-01
2520	9.567430e-01
2521	9.543612e-01
2522	9.554334e-01
2523	9.601026e-01
2524	9.667146e-01
2525	9.756699e-01
2526	9.847358e-01
2527	9.929193e-01
2528	9.994817e-01
2529	1.002610e+00
2530	1.002999e+00
2531	9.998774e-01
2532	9.941980e-01
2533	9.853694e-01
2534	9.734917e-01
2535	9.626653e-01
2536	9.543098e-01
2537	9.499456e-01
2538	9.497097e-01
2539	9.540456e-01
2540	9.607718e-01
2541	9.690644e-01
2542	9.783235e-01
2543	9.886077e-01
2544	9.967121e-01
2545	1.002604e+00
2546	1.005573e+00
2547	1.005110e+00
2548	1.001077e+00
2549	9.931822e-01
2550	9.829280e-01
2551	9.712212e-01
2552	9.604738e-01
2553	9.513257e-01
2554	9.470864e-01
2555	9.472880e-01
2556	9.514073e-01
2557	9.604151e-01
2558	9.712442e-01
2559	9.828523e-01
2560	9.942740e-01
2561	1.004349e+00
2562	1.011266e+00
2563	1.014596e+00
2564	1.013755e+00
2565	1.007191e+00
2566	9.959021e-01
2567	9.829304e-01
2568	9.708216e-01
2569	9.588099e-01
2570	9.502189e-01
2571	9.461383e-01
2572	9.476874e-01
2573	9.530725e-01
2574	9.615511e-01
2575	9.712032e-01
2576	9.809967e-01
2577	9.890739e-01
2578	9.957572e-01
2579	9.991980e-01
2580	9.986023e-01
2581	9.940512e-01
2582	9.870078e-01
2583	9.790742e-01
2584	9.696913e-01
2585	9.624839e-01
2586	9.560583e-01
2587	9.517782e-01
2588	9.505695e-01
2589	9.521775e-01
2590	9.562319e-01
2591	9.609297e-01
2592	9.665169e-01
2593	9.732494e-01
2594	9.795308e-01
2595	9.864565e-01
2596	9.921120e-01
2597	9.964749e-01
2598	9.976034e-01
2599	9.939755e-01
2600	9.869371e-01
2601	9.790371e-01
2602	9.690473e-01
2603	9.611887e-01
2604	9.551972e-01
2605	9.511088e-01
2606	9.511738e-01
2607	9.535818e-01
2608	9.582396e-01
2609	9.653334e-01
2610	9.727430e-01
2611	9.806684e-01
2612	9.873993e-01
2613	9.924714e-01
2614	9.942121e-01
2615	9.945957e-01
2616	9.916546e-01
2617	9.862825e-01
2618	9.794959e-01
2619	9.728119e-01
2620	9.678653e-01
2621	9.650980e-01
2622	9.642896e-01
2623	9.640098e-01
2624	9.635170e-01
2625	9.639301e-01
2626	9.658232e-01
2627	9.691696e-01
2628	9.731484e-01
2629	9.781327e-01
2630	9.824505e-01
2631	9.869772e-01
2632	9.896457e-01
2633	9.917053e-01
2634	9.916335e-01
2635	9.903127e-01
2636	9.875305e-01
2637	9.822076e-01
2638	9.759477e-01
2639	9.690172e-01
2640	9.645526e-01
2641	9.619827e-01
2642	9.589956e-01
2643	9.585222e-01
2644	9.594385e-01
2645	9.619164e-01
2646	9.634576e-01
2647	9.654538e-01
2648	9.690039e-01
2649	9.737594e-01
2650	9.780990e-01
2651	9.800601e-01
2652	9.803442e-01
2653	9.805202e-01
2654	9.779509e-01
2655	9.746405e-01
2656	9.706006e-01
2657	9.672773e-01
2658	9.635770e-01
2659	9.607231e-01
2660	9.593612e-01
2661	9.599167e-01
2662	9.617778e-01
2663	9.651581e-01
2664	9.703785e-01
2665	9.752551e-01
2666	9.789811e-01
2667	9.813166e-01
2668	9.824777e-01
2669	9.819523e-01
2670	9.798729e-01
2671	9.763312e-01
2672	9.730374e-01
2673	9.705163e-01
2674	9.682312e-01
2675	9.674969e-01
2676	9.676337e-01
2677	9.687174e-01
2678	9.695649e-01
2679	9.719589e-01
2680	9.748109e-01
2681	9.771943e-01
2682	9.803350e-01
2683	9.827898e-01
2684	9.844606e-01
2685	9.861993e-01
2686	9.863243e-01
2687	9.855745e-01
2688	9.845884e-01
2689	9.819399e-01
2690	9.794410e-01
2691	9.763114e-01
2692	9.732204e-01
2693	9.703562e-01
2694	9.686035e-01
2695	9.707486e-01
2696	9.736547e-01
2697	9.780244e-01
2698	9.825661e-01
2699	9.869269e-01
2700	9.897678e-01
2701	9.899064e-01
2702	9.887135e-01
2703	9.862490e-01
2704	9.833425e-01
2705	9.768081e-01
2706	9.714071e-01
2707	9.679218e-01
2708	9.666897e-01
2709	9.672319e-01
2710	9.701483e-01
2711	9.750698e-01
2712	9.792493e-01
2713	9.847493e-01
2714	9.889794e-01
2715	9.917190e-01
2716	9.921158e-01
2717	9.900630e-01
2718	9.859214e-01
2719	9.796462e-01
2720	9.737419e-01
2721	9.676714e-01
2722	9.636097e-01
2723	9.619309e-01
2724	9.628076e-01
2725	9.661139e-01
2726	9.705103e-01
2727	9.756722e-01
2728	9.809189e-01
2729	9.860559e-01
2730	9.895228e-01
2731	9.904183e-01
2732	9.892306e-01
2733	9.856347e-01
2734	9.795876e-01
2735	9.745304e-01
2736	9.715162e-01
2737	9.683502e-01
2738	9.665429e-01
2739	9.663696e-01
2740	9.685100e-01
2741	9.721368e-01
2742	9.753694e-01
2743	9.798220e-01
2744	9.826566e-01
2745	9.848888e-01
2746	9.850301e-01
2747	9.838197e-01
2748	9.818298e-01
2749	9.775158e-01
2750	9.736647e-01
2751	9.713275e-01
2752	9.696404e-01
2753	9.681413e-01
2754	9.679254e-01
2755	9.688771e-01
2756	9.716377e-01
2757	9.742787e-01
2758	9.766558e-01
2759	9.773838e-01
2760	9.781602e-01
2761	9.781741e-01
2762	9.770668e-01
2763	9.765825e-01
2764	9.737129e-01
2765	9.695719e-01
2766	9.654460e-01
2767	9.612983e-01
2768	9.584952e-01
2769	9.583678e-01
2770	9.600310e-01
2771	9.631814e-01
2772	9.669772e-01
2773	9.704681e-01
2774	9.733974e-01
2775	9.757294e-01
2776	9.773322e-01
2777	9.765074e-01
2778	9.756539e-01
2779	9.728135e-01
2780	9.679359e-01
2781	9.627018e-01
2782	9.581110e-01
2783	9.526944e-01
2784	9.496778e-01
2785	9.495112e-01
2786	9.504928e-01
2787	9.528453e-01
2788	9.566444e-01
2789	9.609109e-01
2790	9.647603e-01
2791	9.686628e-01
2792	9.723255e-01
2793	9.758916e-01
2794	9.788318e-01
2795	9.803064e-01
2796	9.774410e-01
2797	9.725396e-01
2798	9.665849e-01
2799	9.589146e-01
2800	9.514349e-01
2801	9.456023e-01
2802	9.429933e-01
2803	9.444547e-01
2804	9.495906e-01
2805	9.575805e-01
2806	9.676986e-01
2807	9.778766e-01
2808	9.873835e-01
2809	9.931574e-01
2810	9.951605e-01
2811	9.925122e-01
2812	9.856682e-01
2813	9.756224e-01
2814	9.655777e-01
2815	9.570058e-01
2816	9.508687e-01
2817	9.479258e-01
2818	9.499895e-01
2819	9.552762e-01
2820	9.625268e-01
2821	9.699758e-01
2822	9.768984e-01
2823	9.828509e-01
2824	9.849962e-01
2825	9.851327e-01
2826	9.819887e-01
2827	9.762985e-01
2828	9.681137e-01
2829	9.597033e-01
2830	9.525484e-01
2831	9.483645e-01
2832	9.450018e-01
2833	9.458770e-01
2834	9.488322e-01
2835	9.553912e-01
2836	9.636460e-01
2837	9.713083e-01
2838	9.786697e-01
2839	9.835685e-01
2840	9.876777e-01
2841	9.906233e-01
2842	9.897144e-01
2843	9.849093e-01
2844	9.779396e-01
2845	9.690655e-01
2846	9.601567e-01
2847	9.527840e-01
2848	9.471950e-01
2849	9.455538e-01
2850	9.487610e-01
2851	9.555808e-01
2852	9.638819e-01
2853	9.738651e-01
2854	9.836995e-01
2855	9.926913e-01
2856	9.982924e-01
2857	1.001070e+00
2858	1.000969e+00
2859	9.970534e-01
2860	9.903808e-01
2861	9.817423e-01
2862	9.736679e-01
2863	9.674153e-01
2864	9.635617e-01
2865	9.626334e-01
2866	9.628771e-01
2867	9.654755e-01
2868	9.713529e-01
2869	9.784707e-01
2870	9.858585e-01
2871	9.916115e-01
2872	9.949189e-01
2873	9.954398e-01
2874	9.931438e-01
2875	9.878555e-01
2876	9.819084e-01
2877	9.757268e-01
2878	9.698234e-01
2879	9.659578e-01
2880	9.636903e-01
2881	9.626301e-01
2882	9.642849e-01
2883	9.670007e-01
2884	9.709877e-01
2885	9.753022e-01
2886	9.812456e-01
2887	9.873004e-01
2888	9.910275e-01
2889	9.919116e-01
2890	9.917627e-01
2891	9.888818e-01
2892	9.850893e-01
2893	9.803460e-01
2894	9.749996e-01
2895	9.700789e-01
2896	9.664405e-01
2897	9.627116e-01
2898	9.615501e-01
2899	9.617741e-01
2900	9.644860e-01
2901	9.683970e-01
2902	9.741865e-01
2903	9.797540e-01
2904	9.861248e-01
2905	9.900065e-01
2906	9.936336e-01
2907	9.959895e-01
2908	9.959641e-01
2909	9.933747e-01
2910	9.885680e-01
2911	9.830457e-01
2912	9.758598e-01
2913	9.670067e-01
2914	9.593167e-01
2915	9.530690e-01
2916	9.486556e-01
2917	9.484297e-01
2918	9.528508e-01
2919	9.607219e-01
2920	9.716548e-01
2921	9.822502e-01
2922	9.923682e-01
2923	9.999770e-01
2924	1.004507e+00
2925	1.005343e+00
2926	1.002510e+00
2927	9.974667e-01
2928	9.898234e-01
2929	9.805169e-01
2930	9.717899e-01
2931	9.647448e-01
2932	9.591178e-01
2933	9.550337e-01
2934	9.546824e-01
2935	9.576846e-01
2936	9.647288e-01
2937	9.749932e-01
2938	9.866309e-01
2939	9.959097e-01
2940	1.003107e+00
2941	1.006436e+00
2942	1.004221e+00
2943	9.993870e-01
2944	9.924377e-01
2945	9.829355e-01
2946	9.737891e-01
2947	9.647905e-01
2948	9.575777e-01
2949	9.522355e-01
2950	9.479971e-01
2951	9.493901e-01
2952	9.540702e-01
2953	9.614355e-01
2954	9.735502e-01
2955	9.860747e-01
2956	9.987106e-01
2957	1.009252e+00
2958	1.016887e+00
2959	1.019150e+00
2960	1.017472e+00
2961	1.008794e+00
2962	9.964238e-01
2963	9.809346e-01
2964	9.638640e-01
2965	9.488289e-01
2966	9.374016e-01
2967	9.320978e-01
2968	9.321332e-01
2969	9.375090e-01
2970	9.481864e-01
2971	9.623114e-01
2972	9.793167e-01
2973	9.958210e-01
2974	1.009527e+00
2975	1.020696e+00
2976	1.026652e+00
2977	1.026819e+00
2978	1.022351e+00
2979	1.011577e+00
2980	9.955200e-01
2981	9.776685e-01
2982	9.605391e-01
2983	9.457884e-01
2984	9.364358e-01
2985	9.324078e-01
2986	9.343273e-01
2987	9.426956e-01
2988	9.565830e-01
2989	9.713384e-01
2990	9.877893e-01
2991	1.003062e+00
2992	1.015856e+00
2993	1.023638e+00
2994	1.025465e+00
2995	1.020919e+00
2996	1.009827e+00
2997	9.939674e-01
2998	9.750853e-01
2999	9.567879e-01
3000	9.415839e-01
3001	9.310716e-01
3002	9.268223e-01
3003	9.294822e-01
3004	9.381601e-01
3005	9.521451e-01
3006	9.676430e-01
3007	9.839592e-01
3008	9.999839e-01
3009	1.014437e+00
3010	1.024938e+00
3011	1.029841e+00
3012	1.029276e+00
3013	1.022394e+00
3014	1.010625e+00
3015	9.960701e-01
3016	9.805913e-01
3017	9.656948e-01
3018	9.542962e-01
3019	9.471278e-01
3020	9.455338e-01
3021	9.494690e-01
3022	9.560136e-01
3023	9.642066e-01
3024	9.750564e-01
3025	9.867587e-01
3026	9.980136e-01
3027	1.005660e+00
3028	1.009234e+00
3029	1.009014e+00
3030	1.005475e+00
3031	9.987120e-01
3032	9.881849e-01
3033	9.765308e-01
3034	9.652142e-01
3035	9.555732e-01
3036	9.485670e-01
3037	9.455108e-01
3038	9.465312e-01
3039	9.502058e-01
3040	9.570049e-01
3041	9.663278e-01
3042	9.781959e-01
3043	9.880038e-01
3044	9.944062e-01
3045	9.969467e-01
3046	9.962357e-01
3047	9.917022e-01
3048	9.836749e-01
3049	9.751622e-01
3050	9.652414e-01
3051	9.555443e-01
3052	9.487624e-01
3053	9.464558e-01
3054	9.468512e-01
3055	9.508228e-01
3056	9.590735e-01
3057	9.698195e-01
3058	9.810729e-01
3059	9.906114e-01
3060	9.974143e-01
3061	1.000878e+00
3062	9.990267e-01
3063	9.924838e-01
3064	9.845184e-01
3065	9.756267e-01
3066	9.683168e-01
3067	9.615027e-01
3068	9.569472e-01
3069	9.550666e-01
3070	9.555708e-01
3071	9.590340e-01
3072	9.642904e-01
3073	9.700641e-01
3074	9.753667e-01
3075	9.800647e-01
3076	9.836909e-01
3077	9.871674e-01
3078	9.889130e-01
3079	9.895714e-01
3080	9.879712e-01
3081	9.841978e-01
3082	9.787881e-01
3083	9.732741e-01
3084	9.673136e-01
3085	9.617477e-01
3086	9.581610e-01
3087	9.579635e-01
3088	9.598604e-01
3089	9.638341e-01
3090	9.702863e-01
3091	9.781463e-01
3092	9.849016e-01
3093	9.900812e-01
3094	9.924119e-01
3095	9.932330e-01
3096	9.891212e-01
3097	9.841726e-01
3098	9.784323e-01
3099	9.713787e-01
3100	9.659463e-01
3101	9.629071e-01
3102	9.632828e-01
3103	9.653173e-01
3104	9.698627e-01
3105	9.774541e-01
3106	9.858108e-01
3107	9.923042e-01
3108	9.953258e-01
3109	9.961370e-01
3110	9.945881e-01
3111	9.911067e-01
3112	9.845949e-01
3113	9.780037e-01
3114	9.705610e-01
3115	9.644377e-01
3116	9.605224e-01
3117	9.590950e-01
3118	9.609026e-01
3119	9.656641e-01
3120	9.708333e-01
3121	9.772975e-01
3122	9.806632e-01
3123	9.848151e-01
3124	9.882948e-01
3125	9.892814e-01
3126	9.879285e-01
3127	9.850247e-01
3128	9.834436e-01
3129	9.806432e-01
3130	9.774803e-01
3131	9.741768e-01
3132	9.719686e-01
3133	9.712999e-01
3134	9.704867e-01
3135	9.700399e-01
3136	9.698224e-01
3137	9.711065e-01
3138	9.716014e-01
3139	9.733414e-01
3140	9.758108e-01
3141	9.773027e-01
3142	9.797880e-01
3143	9.831385e-01
3144	9.873775e-01
3145	9.893644e-01
3146	9.896179e-01
3147	9.875046e-01
3148	9.818506e-01
3149	9.762120e-01
3150	9.694187e-01
3151	9.631391e-01
3152	9.567458e-01
3153	9.532059e-01
3154	9.523837e-01
3155	9.550493e-01
3156	9.605593e-01
3157	9.685809e-01
3158	9.776815e-01
3159	9.865776e-01
3160	9.949096e-01
3161	1.000535e+00
3162	1.001184e+00
3163	9.983176e-01
3164	9.935948e-01
3165	9.855328e-01
3166	9.749224e-01
3167	9.628421e-01
3168	9.515822e-01
3169	9.429475e-01
3170	9.397387e-01
3171	9.403443e-01
3172	9.439964e-01
3173	9.524900e-01
3174	9.624870e-01
3175	9.734807e-01
3176	9.840917e-01
3177	9.918239e-01
3178	9.957855e-01
3179	9.937913e-01
3180	9.872417e-01
3181	9.784662e-01
3182	9.674950e-01
3183	9.562425e-01
3184	9.473678e-01
3185	9.420035e-01
3186	9.409213e-01
3187	9.434004e-01
3188	9.505893e-01
3189	9.602549e-01
3190	9.692671e-01
3191	9.780566e-01
3192	9.862540e-01
3193	9.929497e-01
3194	9.949089e-01
3195	9.938576e-01
3196	9.900649e-01
3197	9.827305e-01
3198	9.733411e-01
3199	9.619190e-01
3200	9.516141e-01
3201	9.438511e-01
3202	9.400141e-01
3203	9.431548e-01
3204	9.510193e-01
3205	9.627638e-01
3206	9.775004e-01
3207	9.911259e-01
3208	1.001702e+00
3209	1.010057e+00
3210	1.013115e+00
3211	1.011212e+00
3212	1.003409e+00
3213	9.910446e-01
3214	9.775249e-01
3215	9.630749e-01
3216	9.516255e-01
3217	9.451694e-01
3218	9.428173e-01
3219	9.468861e-01
3220	9.547668e-01
3221	9.657028e-01
3222	9.788371e-01
3223	9.927992e-01
3224	1.004585e+00
3225	1.013291e+00
3226	1.017403e+00
3227	1.016543e+00
3228	1.010547e+00
3229	1.003321e+00
3230	9.934876e-01
3231	9.809712e-01
3232	9.690827e-01
3233	9.591191e-01
3234	9.520391e-01
3235	9.480750e-01
3236	9.496094e-01
3237	9.561705e-01
3238	9.660216e-01
3239	9.792358e-01
3240	9.923033e-01
3241	1.003823e+00
3242	1.012278e+00
3243	1.018544e+00
3244	1.020138e+00
3245	1.016521e+00
3246	1.009494e+00
3247	9.977183e-01
3248	9.837865e-01
3249	9.683929e-01
3250	9.554385e-01
3251	9.447892e-01
3252	9.385289e-01
3253	9.378472e-01
3254	9.435191e-01
3255	9.543948e-01
3256	9.676178e-01
3257	9.801837e-01
3258	9.919772e-01
3259	1.001075e+00
3260	1.007893e+00
3261	1.010678e+00
3262	1.009391e+00
3263	1.003735e+00
3264	9.949812e-01
3265	9.834245e-01
3266	9.695022e-01
3267	9.566536e-01
3268	9.473812e-01
3269	9.415892e-01
3270	9.419659e-01
3271	9.472944e-01
3272	9.562885e-01
3273	9.684677e-01
3274	9.808878e-01
3275	9.917294e-01
3276	1.001440e+00
3277	1.008100e+00
3278	1.010460e+00
3279	1.008012e+00
3280	1.001237e+00
3281	9.902671e-01
3282	9.786156e-01
3283	9.664443e-01
3284	9.555307e-01
3285	9.487621e-01
3286	9.488055e-01
3287	9.526609e-01
3288	9.606845e-01
3289	9.708470e-01
3290	9.816361e-01
3291	9.906909e-01
3292	9.982602e-01
3293	1.004010e+00
3294	1.007039e+00
3295	1.006802e+00
3296	1.002852e+00
3297	9.958912e-01
3298	9.858365e-01
3299	9.751909e-01
3300	9.662001e-01
3301	9.579731e-01
3302	9.528750e-01
3303	9.511368e-01
3304	9.539192e-01
3305	9.615367e-01
3306	9.718745e-01
3307	9.831836e-01
3308	9.949211e-01
3309	1.005289e+00
3310	1.013053e+00
3311	1.018565e+00
3312	1.018228e+00
3313	1.013385e+00
3314	1.004068e+00
3315	9.913046e-01
3316	9.775565e-01
3317	9.646332e-01
3318	9.534201e-01
3319	9.450026e-01
3320	9.404195e-01
3321	9.410634e-01
3322	9.464643e-01
3323	9.551694e-01
3324	9.661108e-01
3325	9.776744e-01
3326	9.883642e-01
3327	9.972789e-01
3328	1.002977e+00
3329	1.006063e+00
3330	1.004285e+00
3331	9.997011e-01
3332	9.918687e-01
3333	9.802214e-01
3334	9.679803e-01
3335	9.566768e-01
3336	9.494785e-01
3337	9.457040e-01
3338	9.460754e-01
3339	9.502671e-01
3340	9.579667e-01
3341	9.657757e-01
3342	9.743816e-01
3343	9.811539e-01
3344	9.857920e-01
3345	9.891797e-01
3346	9.896701e-01
3347	9.882977e-01
3348	9.853559e-01
3349	9.787901e-01
3350	9.715451e-01
3351	9.622231e-01
3352	9.536709e-01
3353	9.478309e-01
3354	9.440116e-01
3355	9.459563e-01
3356	9.513385e-01
3357	9.594622e-01
3358	9.685506e-01
3359	9.777901e-01
3360	9.863470e-01
3361	9.939669e-01
3362	9.969105e-01
3363	9.976644e-01
3364	9.957721e-01
3365	9.885175e-01
3366	9.800254e-01
3367	9.717668e-01
3368	9.624971e-01
3369	9.554345e-01
3370	9.507414e-01
3371	9.494446e-01
3372	9.505452e-01
3373	9.558803e-01
3374	9.638130e-01
3375	9.728576e-01
3376	9.816141e-01
3377	9.868002e-01
3378	9.891385e-01
3379	9.871204e-01
3380	9.825863e-01
3381	9.749656e-01
3382	9.682614e-01
3383	9.605951e-01
3384	9.535613e-01
3385	9.473520e-01
3386	9.436617e-01
3387	9.436901e-01
3388	9.469295e-01
3389	9.533604e-01
3390	9.622586e-01
3391	9.713976e-01
3392	9.796403e-01
3393	9.860765e-01
3394	9.900510e-01
3395	9.916823e-01
3396	9.901502e-01
3397	9.846373e-01
3398	9.771729e-01
3399	9.703824e-01
3400	9.640413e-01
3401	9.584061e-01
3402	9.552811e-01
3403	9.547708e-01
3404	9.564619e-01
3405	9.606763e-01
3406	9.666448e-01
3407	9.729222e-01
3408	9.794648e-01
3409	9.831384e-01
3410	9.859642e-01
3411	9.854424e-01
3412	9.828014e-01
3413	9.761033e-01
3414	9.694280e-01
3415	9.627817e-01
3416	9.566486e-01
3417	9.526413e-01
3418	9.504493e-01
3419	9.517169e-01
3420	9.543795e-01
3421	9.606808e-01
3422	9.686935e-01
3423	9.774355e-01
3424	9.854978e-01
3425	9.910595e-01
3426	9.946566e-01
3427	9.944442e-01
3428	9.902633e-01
3429	9.827106e-01
3430	9.743875e-01
3431	9.662284e-01
3432	9.570356e-01
3433	9.496585e-01
3434	9.433766e-01
3435	9.415576e-01
3436	9.438467e-01
3437	9.498607e-01
3438	9.587471e-01
3439	9.694699e-01
3440	9.773309e-01
3441	9.832803e-01
3442	9.865760e-01
3443	9.857531e-01
3444	9.823503e-01
3445	9.771041e-01
3446	9.700953e-01
3447	9.621287e-01
3448	9.539803e-01
3449	9.476938e-01
3450	9.426857e-01
3451	9.386584e-01
3452	9.376031e-01
3453	9.394793e-01
3454	9.468939e-01
3455	9.562179e-01
3456	9.666724e-01
3457	9.759556e-01
3458	9.836655e-01
3459	9.888570e-01
3460	9.895331e-01
3461	9.849487e-01
3462	9.771080e-01
3463	9.671008e-01
3464	9.587844e-01
3465	9.502461e-01
3466	9.438049e-01
3467	9.395621e-01
3468	9.392347e-01
3469	9.429399e-01
3470	9.513833e-01
3471	9.623164e-01
3472	9.735037e-01
3473	9.821148e-01
3474	9.885282e-01
3475	9.910485e-01
3476	9.898158e-01
3477	9.851506e-01
3478	9.774838e-01
3479	9.673342e-01
3480	9.562010e-01
3481	9.451739e-01
3482	9.377641e-01
3483	9.350997e-01
3484	9.394812e-01
3485	9.480926e-01
3486	9.619989e-01
3487	9.770502e-01
3488	9.904991e-01
3489	1.001417e+00
3490	1.008625e+00
3491	1.010372e+00
3492	1.005632e+00
3493	9.943880e-01
3494	9.792959e-01
3495	9.628998e-01
3496	9.471876e-01
3497	9.346274e-01
3498	9.299811e-01
3499	9.331432e-01
3500	9.435441e-01
3501	9.578341e-01
3502	9.728454e-01
3503	9.885330e-01
3504	1.001440e+00
3505	1.009368e+00
3506	1.010103e+00
3507	1.004775e+00
3508	9.929700e-01
3509	9.776612e-01
3510	9.602980e-01
3511	9.456592e-01
3512	9.356533e-01
3513	9.320257e-01
3514	9.346257e-01
3515	9.422433e-01
3516	9.548610e-01
3517	9.695829e-01
3518	9.829186e-01
3519	9.929407e-01
3520	1.000064e+00
3521	1.002904e+00
3522	1.000497e+00
3523	9.921837e-01
3524	9.799714e-01
3525	9.653508e-01
3526	9.513337e-01
3527	9.408391e-01
3528	9.343328e-01
3529	9.329924e-01
3530	9.382282e-01
3531	9.493727e-01
3532	9.633117e-01
3533	9.775741e-01
3534	9.899443e-01
3535	9.991515e-01
3536	1.002646e+00
3537	1.002897e+00
3538	9.973034e-01
3539	9.874140e-01
3540	9.753481e-01
3541	9.611956e-01
3542	9.478876e-01
3543	9.381162e-01
3544	9.327622e-01
3545	9.326600e-01
3546	9.373664e-01
3547	9.471464e-01
3548	9.606624e-01
3549	9.749735e-01
3550	9.884951e-01
3551	9.985328e-01
3552	1.004484e+00
3553	1.003912e+00
3554	9.979043e-01
3555	9.879469e-01
3556	9.752601e-01
3557	9.592504e-01
3558	9.438079e-01
3559	9.325729e-01
3560	9.248367e-01
3561	9.234172e-01
3562	9.278977e-01
3563	9.365171e-01
3564	9.494040e-01
3565	9.646069e-01
3566	9.796375e-01
3567	9.926495e-01
3568	1.000804e+00
3569	1.002160e+00
3570	9.984169e-01
3571	9.887428e-01
3572	9.767639e-01
3573	9.636317e-01
3574	9.493242e-01
3575	9.389411e-01
3576	9.331234e-01
3577	9.335955e-01
3578	9.390734e-01
3579	9.479746e-01
3580	9.607999e-01
3581	9.745753e-01
3582	9.895907e-01
3583	1.004160e+00
3584	1.014341e+00
3585	1.019926e+00
3586	1.020182e+00
3587	1.012822e+00
3588	1.000821e+00
3589	9.861506e-01
3590	9.703881e-01
3591	9.554161e-01
3592	9.443984e-01
3593	9.394353e-01
3594	9.408358e-01
3595	9.470379e-01
3596	9.566010e-01
3597	9.690641e-01
3598	9.813526e-01
3599	9.924442e-01
3600	1.000564e+00
3601	1.006351e+00
3602	1.007837e+00
3603	1.006579e+00
3604	1.000952e+00
3605	9.922048e-01
3606	9.825845e-01
3607	9.725354e-01
3608	9.645582e-01
3609	9.572683e-01
3610	9.522877e-01
3611	9.521054e-01
3612	9.549249e-01
3613	9.611962e-01
3614	9.717919e-01
3615	9.823138e-01
3616	9.932114e-01
3617	1.003798e+00
3618	1.010003e+00
3619	1.012350e+00
3620	1.009507e+00
3621	1.003517e+00
3622	9.940993e-01
3623	9.811337e-01
3624	9.676133e-01
3625	9.555043e-01
3626	9.458806e-01
3627	9.396954e-01
3628	9.388689e-01
3629	9.430607e-01
3630	9.527892e-01
3631	9.646640e-01
3632	9.775950e-01
3633	9.891316e-01
3634	9.976459e-01
3635	1.003890e+00
3636	1.004927e+00
3637	1.002118e+00
3638	9.941835e-01
3639	9.824812e-01
3640	9.676039e-01
3641	9.542388e-01
3642	9.430906e-01
3643	9.353774e-01
3644	9.322631e-01
3645	9.348367e-01
3646	9.418824e-01
3647	9.518915e-01
3648	9.629292e-01
3649	9.775547e-01
3650	9.908842e-01
3651	1.002953e+00
3652	1.010081e+00
3653	1.012298e+00
3654	1.009924e+00
3655	1.002075e+00
3656	9.910527e-01
3657	9.782889e-01
3658	9.656463e-01
3659	9.561741e-01
3660	9.494826e-01
3661	9.466269e-01
3662	9.487433e-01
3663	9.545793e-01
3664	9.637629e-01
3665	9.755489e-01
3666	9.868403e-01
3667	9.959461e-01
3668	1.001800e+00
3669	1.005464e+00
3670	1.007019e+00
3671	1.005126e+00
3672	9.990527e-01
3673	9.892325e-01
3674	9.798120e-01
3675	9.715486e-01
3676	9.656664e-01
3677	9.612076e-01
3678	9.602780e-01
3679	9.646239e-01
3680	9.714549e-01
3681	9.805683e-01
3682	9.898527e-01
3683	9.982698e-01
3684	1.005040e+00
3685	1.007314e+00
3686	1.007255e+00
3687	1.003145e+00
3688	9.959493e-01
3689	9.851763e-01
3690	9.733358e-01
3691	9.619757e-01
3692	9.540028e-01
3693	9.505007e-01
3694	9.514089e-01
3695	9.573238e-01
3696	9.662871e-01
3697	9.759976e-01
3698	9.827623e-01
3699	9.882927e-01
3700	9.914628e-01
3701	9.920736e-01
3702	9.915862e-01
3703	9.866316e-01
3704	9.799289e-01
3705	9.709263e-01
3706	9.622454e-01
3707	9.537029e-01
3708	9.481419e-01
3709	9.453554e-01
3710	9.468752e-01
3711	9.521096e-01
3712	9.597858e-01
3713	9.675317e-01
3714	9.758196e-01
3715	9.824379e-01
3716	9.860017e-01
3717	9.879829e-01
3718	9.859837e-01
3719	9.809858e-01
3720	9.749242e-01
3721	9.671500e-01
3722	9.594966e-01
3723	9.539113e-01
3724	9.507917e-01
3725	9.490040e-01
3726	9.498786e-01
3727	9.537369e-01
3728	9.609476e-01
3729	9.687098e-01
3730	9.758689e-01
3731	9.813090e-01
3732	9.853165e-01
3733	9.874172e-01
3734	9.880534e-01
3735	9.860629e-01
3736	9.807461e-01
3737	9.757502e-01
3738	9.702692e-01
3739	9.653377e-01
3740	9.615237e-01
3741	9.609617e-01
3742	9.610366e-01
3743	9.633841e-01
3744	9.671265e-01
3745	9.742223e-01
3746	9.823636e-01
3747	9.903832e-01
3748	9.959875e-01
3749	9.984080e-01
3750	9.961601e-01
3751	9.898431e-01
3752	9.813731e-01
3753	9.709239e-01
3754	9.608110e-01
3755	9.541675e-01
3756	9.515110e-01
3757	9.533773e-01
3758	9.591049e-01
3759	9.660925e-01
3760	9.740608e-01
3761	9.830912e-01
3762	9.913335e-01
3763	9.972926e-01
3764	1.002877e+00
3765	1.005627e+00
3766	1.004313e+00
3767	9.973908e-01
3768	9.876859e-01
3769	9.771515e-01
3770	9.667597e-01
3771	9.572435e-01
3772	9.511120e-01
3773	9.482611e-01
3774	9.496148e-01
3775	9.549244e-01
3776	9.629677e-01
3777	9.728566e-01
3778	9.832354e-01
3779	9.933457e-01
3780	1.000531e+00
3781	1.004401e+00
3782	1.004390e+00
3783	1.000941e+00
3784	9.938235e-01
3785	9.837662e-01
3786	9.723149e-01
3787	9.607233e-01
3788	9.503170e-01
3789	9.445610e-01
3790	9.439210e-01
3791	9.481012e-01
3792	9.570762e-01
3793	9.672871e-01
3794	9.778867e-01
3795	9.880533e-01
3796	9.960541e-01
3797	1.001573e+00
3798	1.002648e+00
3799	1.000018e+00
3800	9.934408e-01
3801	9.854023e-01
3802	9.772555e-01
3803	9.701593e-01
3804	9.659392e-01
3805	9.622100e-01
3806	9.611859e-01
3807	9.625251e-01
3808	9.640536e-01
3809	9.673310e-01
3810	9.728170e-01
3811	9.802274e-01
3812	9.881390e-01
3813	9.935872e-01
3814	9.976342e-01
3815	9.992419e-01
3816	9.969193e-01
3817	9.910604e-01
3818	9.835909e-01
3819	9.767243e-01
3820	9.705729e-01
3821	9.658623e-01
3822	9.623307e-01
3823	9.608614e-01
3824	9.609210e-01
3825	9.641748e-01
3826	9.699995e-01
3827	9.766431e-01
3828	9.827380e-01
3829	9.882840e-01
3830	9.917223e-01
3831	9.931974e-01
3832	9.919154e-01
3833	9.891209e-01
3834	9.828416e-01
3835	9.750085e-01
3836	9.671476e-01
3837	9.604667e-01
3838	9.565557e-01
3839	9.542472e-01
3840	9.547510e-01
3841	9.586555e-01
3842	9.638328e-01
3843	9.704973e-01
3844	9.770528e-01
3845	9.834693e-01
3846	9.894284e-01
3847	9.930563e-01
3848	9.943011e-01
3849	9.942452e-01
3850	9.894809e-01
3851	9.829676e-01
3852	9.758843e-01
3853	9.693324e-01
3854	9.636509e-01
3855	9.595105e-01
3856	9.565527e-01
3857	9.558097e-01
3858	9.576951e-01
3859	9.620703e-01
3860	9.690963e-01
3861	9.762984e-01
3862	9.821624e-01
3863	9.880682e-01
3864	9.923621e-01
3865	9.938523e-01
3866	9.918706e-01
3867	9.879314e-01
3868	9.844777e-01
3869	9.822009e-01
3870	9.792223e-01
3871	9.767813e-01
3872	9.757358e-01
3873	9.738407e-01
3874	9.722786e-01
3875	9.723869e-01
3876	9.723033e-01
3877	9.715889e-01
3878	9.723381e-01
3879	9.731928e-01
3880	9.727652e-01
3881	9.723941e-01
3882	9.719222e-01
3883	9.716301e-01
3884	9.709981e-01
3885	9.700884e-01
3886	9.694663e-01
3887	9.708898e-01
3888	9.733703e-01
3889	9.754467e-01
3890	9.757109e-01
3891	9.763894e-01
3892	9.758011e-01
3893	9.761413e-01
3894	9.750454e-01
3895	9.750323e-01
3896	9.748156e-01
3897	9.748023e-01
3898	9.750078e-01
3899	9.740065e-01
3900	9.735826e-01
3901	9.695354e-01
3902	9.661032e-01
3903	9.630415e-01
3904	9.624038e-01
3905	9.624059e-01
3906	9.640050e-01
3907	9.671539e-01
3908	9.709790e-01
3909	9.758934e-01
3910	9.807416e-01
3911	9.830829e-01
3912	9.845179e-01
3913	9.848404e-01
3914	9.839257e-01
3915	9.813002e-01
3916	9.786571e-01
3917	9.751553e-01
3918	9.709519e-01
3919	9.664263e-01
3920	9.628724e-01
3921	9.612408e-01
3922	9.599475e-01
3923	9.607357e-01
3924	9.638045e-01
3925	9.687383e-01
3926	9.739034e-01
3927	9.779358e-01
3928	9.817032e-01
3929	9.835778e-01
3930	9.837287e-01
3931	9.830374e-01
3932	9.811739e-01
3933	9.783338e-01
3934	9.740026e-01
3935	9.704178e-01
3936	9.674084e-01
3937	9.659212e-01
3938	9.653817e-01
3939	9.667918e-01
3940	9.703265e-01
3941	9.736779e-01
3942	9.754595e-01
3943	9.775027e-01
3944	9.784877e-01
3945	9.799424e-01
3946	9.813265e-01
3947	9.818702e-01
3948	9.815728e-01
3949	9.805677e-01
3950	9.790637e-01
3951	9.782075e-01
3952	9.771717e-01
3953	9.757347e-01
3954	9.741523e-01
3955	9.713190e-01
3956	9.693119e-01
3957	9.692211e-01
3958	9.719015e-01
3959	9.768490e-01
3960	9.816469e-01
3961	9.854667e-01
3962	9.883024e-01
3963	9.900278e-01
3964	9.908091e-01
3965	9.886893e-01
3966	9.871594e-01
3967	9.854610e-01
3968	9.845972e-01
3969	9.828924e-01
3970	9.812864e-01
3971	9.798182e-01
3972	9.770979e-01
3973	9.735751e-01
3974	9.706606e-01
3975	9.683763e-01
3976	9.659059e-01
3977	9.668175e-01
3978	9.698323e-01
3979	9.735018e-01
3980	9.776044e-01
3981	9.821795e-01
3982	9.867923e-01
3983	9.908067e-01
3984	9.941689e-01
3985	9.943023e-01
3986	9.929184e-01
3987	9.903814e-01
3988	9.833323e-01
3989	9.750189e-01
3990	9.673077e-01
3991	9.616313e-01
3992	9.572140e-01
3993	9.575627e-01
3994	9.601590e-01
3995	9.642847e-01
3996	9.712521e-01
3997	9.783648e-01
3998	9.860797e-01
3999	9.926767e-01
4000	9.980251e-01
4001	1.001817e+00
4002	1.002029e+00
4003	9.978291e-01
4004	9.899769e-01
4005	9.795159e-01
4006	9.682642e-01
4007	9.584469e-01
4008	9.518848e-01
4009	9.477703e-01
4010	9.468922e-01
4011	9.507295e-01
4012	9.575351e-01
4013	9.676013e-01
4014	9.807038e-01
4015	9.931992e-01
4016	1.002961e+00
4017	1.009048e+00
4018	1.011272e+00
4019	1.008955e+00
4020	1.003481e+00
4021	9.939390e-01
4022	9.814346e-01
4023	9.684697e-01
4024	9.575069e-01
4025	9.499569e-01
4026	9.452671e-01
4027	9.454131e-01
4028	9.511681e-01
4029	9.619537e-01
4030	9.752242e-01
4031	9.892616e-01
4032	1.001730e+00
4033	1.010798e+00
4034	1.015560e+00
4035	1.014872e+00
4036	1.009757e+00
4037	1.000916e+00
4038	9.885634e-01
4039	9.740042e-01
4040	9.613731e-01
4041	9.519574e-01
4042	9.473531e-01
4043	9.457690e-01
4044	9.488509e-01
4045	9.565336e-01
4046	9.681498e-01
4047	9.814223e-01
4048	9.932609e-01
4049	1.003146e+00
4050	1.009444e+00
4051	1.011491e+00
4052	1.007723e+00
4053	9.989294e-01
4054	9.878766e-01
4055	9.774678e-01
4056	9.674494e-01
4057	9.596430e-01
4058	9.543897e-01
4059	9.519356e-01
4060	9.526662e-01
4061	9.572053e-01
4062	9.648087e-01
4063	9.758583e-01
4064	9.853081e-01
4065	9.928821e-01
4066	9.970196e-01
4067	9.968995e-01
4068	9.956367e-01
4069	9.928022e-01
4070	9.860905e-01
4071	9.794242e-01
4072	9.728351e-01
4073	9.686433e-01
4074	9.662896e-01
4075	9.658692e-01
4076	9.673665e-01
4077	9.721383e-01
4078	9.784712e-01
4079	9.847655e-01
4080	9.904235e-01
4081	9.956097e-01
4082	9.989515e-01
4083	9.989191e-01
4084	9.964490e-01
4085	9.914544e-01
4086	9.842878e-01
4087	9.764053e-01
4088	9.692944e-01
4089	9.635080e-01
4090	9.620066e-01
4091	9.624945e-01
4092	9.662085e-01
4093	9.742434e-01
4094	9.820072e-01
4095	9.893283e-01
4096	9.947241e-01
4097	9.984887e-01
4098	1.001053e+00
4099	1.001918e+00
4100	1.000155e+00
4101	9.956181e-01
4102	9.895131e-01
4103	9.825884e-01
4104	9.754944e-01
4105	9.696846e-01
4106	9.640438e-01
4107	9.609386e-01
4108	9.600630e-01
4109	9.612223e-01
4110	9.663974e-01
4111	9.725358e-01
4112	9.795653e-01
4113	9.864112e-01
4114	9.919567e-01
4115	9.938595e-01
4116	9.938200e-01
4117	9.916271e-01
4118	9.854008e-01
4119	9.759445e-01
4120	9.652400e-01
4121	9.543723e-01
4122	9.458946e-01
4123	9.405123e-01
4124	9.400663e-01
4125	9.438645e-01
4126	9.531670e-01
4127	9.651186e-01
4128	9.783767e-01
4129	9.902556e-01
4130	9.993211e-01
4131	1.005411e+00
4132	1.006032e+00
4133	1.001441e+00
4134	9.938457e-01
4135	9.840843e-01
4136	9.734748e-01
4137	9.636885e-01
4138	9.570022e-01
4139	9.525442e-01
4140	9.519311e-01
4141	9.564544e-01
4142	9.654795e-01
4143	9.767121e-01
4144	9.880634e-01
4145	9.984014e-01
4146	1.005850e+00
4147	1.011130e+00
4148	1.012625e+00
4149	1.009562e+00
4150	1.005245e+00
4151	9.974821e-01
4152	9.870985e-01
4153	9.771915e-01
4154	9.675453e-01
4155	9.617768e-01
4156	9.590643e-01
4157	9.588641e-01
4158	9.620601e-01
4159	9.689067e-01
4160	9.770775e-01
4161	9.871967e-01
4162	9.972411e-01
4163	1.003757e+00
4164	1.006433e+00
4165	1.005775e+00
4166	1.002970e+00
4167	9.962709e-01
4168	9.875480e-01
4169	9.766788e-01
4170	9.679117e-01
4171	9.606323e-01
4172	9.548733e-01
4173	9.512984e-01
4174	9.508716e-01
4175	9.534233e-01
4176	9.598738e-01
4177	9.676320e-01
4178	9.777172e-01
4179	9.872193e-01
4180	9.957770e-01
4181	1.001899e+00
4182	1.005315e+00
4183	1.004798e+00
4184	1.000738e+00
4185	9.925889e-01
4186	9.808944e-01
4187	9.677797e-01
4188	9.560746e-01
4189	9.468367e-01
4190	9.405011e-01
4191	9.385546e-01
4192	9.411117e-01
4193	9.484911e-01
4194	9.593612e-01
4195	9.728342e-01
4196	9.877425e-01
4197	9.998149e-01
4198	1.007379e+00
4199	1.009571e+00
4200	1.007240e+00
4201	1.000869e+00
4202	9.909720e-01
4203	9.799983e-01
4204	9.712768e-01
4205	9.642794e-01
4206	9.597874e-01
4207	9.592642e-01
4208	9.613901e-01
4209	9.659727e-01
4210	9.716960e-01
4211	9.762899e-01
4212	9.810675e-01
4213	9.851357e-01
4214	9.890057e-01
4215	9.908081e-01
4216	9.928501e-01
4217	9.934660e-01
4218	9.906001e-01
4219	9.846294e-01
4220	9.776638e-01
4221	9.704623e-01
4222	9.644658e-01
4223	9.602146e-01
4224	9.576187e-01
4225	9.584433e-01
4226	9.599050e-01
4227	9.635299e-01
4228	9.686204e-01
4229	9.735858e-01
4230	9.785738e-01
4231	9.818541e-01
4232	9.834977e-01
4233	9.842379e-01
4234	9.822297e-01
4235	9.786149e-01
4236	9.753061e-01
4237	9.717470e-01
4238	9.699141e-01
4239	9.699380e-01
4240	9.704940e-01
4241	9.716955e-01
4242	9.728952e-01
4243	9.733980e-01
4244	9.735111e-01
4245	9.722467e-01
4246	9.699300e-01
4247	9.669759e-01
4248	9.644127e-01
4249	9.619849e-01
4250	9.599051e-01
4251	9.593035e-01
4252	9.599290e-01
4253	9.598659e-01
4254	9.608622e-01
4255	9.620824e-01
4256	9.628949e-01
4257	9.636949e-01
4258	9.650005e-01
4259	9.665403e-01
4260	9.678494e-01
4261	9.701210e-01
4262	9.693618e-01
4263	9.677143e-01
4264	9.657295e-01
4265	9.634440e-01
4266	9.626219e-01
4267	9.649291e-01
4268	9.668983e-01
4269	9.683115e-01
4270	9.712805e-01
4271	9.740617e-01
4272	9.773476e-01
4273	9.795602e-01
4274	9.801027e-01
4275	9.789239e-01
4276	9.770617e-01
4277	9.741554e-01
4278	9.711124e-01
4279	9.692078e-01
4280	9.685050e-01
4281	9.673266e-01
4282	9.671034e-01
4283	9.678273e-01
4284	9.695667e-01
4285	9.743136e-01
4286	9.800391e-01
4287	9.853746e-01
4288	9.914780e-01
4289	9.967156e-01
4290	9.984238e-01
4291	9.985568e-01
4292	9.960358e-01
4293	9.930355e-01
4294	9.880751e-01
4295	9.804111e-01
4296	9.729635e-01
4297	9.660444e-01
4298	9.627420e-01
4299	9.626814e-01
4300	9.658721e-01
4301	9.706551e-01
4302	9.762836e-01
4303	9.832223e-01
4304	9.898664e-01
4305	9.961115e-01
4306	1.000800e+00
4307	1.003913e+00
4308	1.005490e+00
4309	1.005709e+00
4310	1.003960e+00
4311	1.000723e+00
4312	9.960789e-01
4313	9.898795e-01
4314	9.835101e-01
4315	9.776398e-01
4316	9.725630e-01
4317	9.685259e-01
4318	9.644970e-01
4319	9.642375e-01
4320	9.665487e-01
4321	9.708058e-01
4322	9.755344e-01
4323	9.814277e-01
4324	9.873826e-01
4325	9.929143e-01
4326	9.969225e-01
4327	9.975135e-01
4328	9.960166e-01
4329	9.915941e-01
4330	9.855225e-01
4331	9.787234e-01
4332	9.714873e-01
4333	9.655854e-01
4334	9.625951e-01
4335	9.617710e-01
4336	9.632080e-01
4337	9.659295e-01
4338	9.692689e-01
4339	9.739099e-01
4340	9.790809e-01
4341	9.841790e-01
4342	9.882581e-01
4343	9.907954e-01
4344	9.910255e-01
4345	9.901805e-01
4346	9.870287e-01
4347	9.829941e-01
4348	9.761645e-01
4349	9.699432e-01
4350	9.668215e-01
4351	9.642026e-01
4352	9.638656e-01
4353	9.656854e-01
4354	9.679022e-01
4355	9.709045e-01
4356	9.759181e-01
4357	9.817741e-01
4358	9.867938e-01
4359	9.897850e-01
4360	9.907990e-01
4361	9.913176e-01
4362	9.887839e-01
4363	9.847471e-01
4364	9.795325e-01
4365	9.752677e-01
4366	9.710846e-01
4367	9.682047e-01
4368	9.674972e-01
4369	9.684421e-01
4370	9.720788e-01
4371	9.762419e-01
4372	9.818647e-01
4373	9.887338e-01
4374	9.942853e-01
4375	9.968748e-01
4376	9.986257e-01
4377	9.977722e-01
4378	9.952813e-01
4379	9.903007e-01
4380	9.841717e-01
4381	9.771086e-01
4382	9.704417e-01
4383	9.666967e-01
4384	9.635978e-01
4385	9.617875e-01
4386	9.649134e-01
4387	9.700484e-01
4388	9.761533e-01
4389	9.839755e-01
4390	9.913404e-01
4391	9.971925e-01
4392	1.000674e+00
4393	1.000536e+00
4394	9.963975e-01
4395	9.896094e-01
4396	9.822757e-01
4397	9.730113e-01
4398	9.660847e-01
4399	9.592494e-01
4400	9.539305e-01
4401	9.518984e-01
4402	9.520670e-01
4403	9.577336e-01
4404	9.660993e-01
4405	9.765101e-01
4406	9.862614e-01
4407	9.934028e-01
4408	9.968989e-01
4409	9.987744e-01
4410	9.975915e-01
4411	9.936596e-01
4412	9.889283e-01
4413	9.819456e-01
4414	9.743797e-01
4415	9.675554e-01
4416	9.633450e-01
4417	9.603102e-01
4418	9.591994e-01
4419	9.610160e-01
4420	9.645391e-01
4421	9.697790e-01
4422	9.761764e-01
4423	9.820059e-01
4424	9.882826e-01
4425	9.940909e-01
4426	9.974663e-01
4427	9.976521e-01
4428	9.935684e-01
4429	9.860676e-01
4430	9.769558e-01
4431	9.671589e-01
4432	9.587210e-01
4433	9.530772e-01
4434	9.508472e-01
4435	9.529914e-01
4436	9.583411e-01
4437	9.651983e-01
4438	9.734469e-01
4439	9.828534e-01
4440	9.921672e-01
4441	9.975012e-01
4442	9.990732e-01
4443	9.985784e-01
4444	9.944297e-01
4445	9.881035e-01
4446	9.792815e-01
4447	9.707570e-01
4448	9.640618e-01
4449	9.595576e-01
4450	9.558348e-01
4451	9.550361e-01
4452	9.571767e-01
4453	9.616150e-01
4454	9.689020e-01
4455	9.767713e-01
4456	9.841565e-01
4457	9.899026e-01
4458	9.914535e-01
4459	9.913317e-01
4460	9.892190e-01
4461	9.846294e-01
4462	9.783547e-01
4463	9.724453e-01
4464	9.679077e-01
4465	9.643753e-01
4466	9.619503e-01
4467	9.610545e-01
4468	9.618641e-01
4469	9.640357e-01
4470	9.670637e-01
4471	9.704678e-01
4472	9.744461e-01
4473	9.799675e-01
4474	9.841971e-01
4475	9.874148e-01
4476	9.900594e-01
4477	9.918375e-01
4478	9.916766e-01
4479	9.902729e-01
4480	9.891162e-01
4481	9.869206e-01
4482	9.834530e-01
4483	9.782919e-01
4484	9.740481e-01
4485	9.693868e-01
4486	9.657154e-01
4487	9.611674e-01
4488	9.597629e-01
4489	9.601424e-01
4490	9.621288e-01
4491	9.655179e-01
4492	9.704351e-01
4493	9.768658e-01
4494	9.840252e-01
4495	9.897911e-01
4496	9.931689e-01
4497	9.947934e-01
4498	9.952976e-01
4499	9.922329e-01
4500	9.864337e-01
4501	9.789709e-01
4502	9.730714e-01
4503	9.684939e-01
4504	9.658475e-01
4505	9.647610e-01
4506	9.643867e-01
4507	9.655581e-01
4508	9.675247e-01
4509	9.726014e-01
4510	9.775226e-01
4511	9.821269e-01
4512	9.841311e-01
4513	9.841908e-01
4514	9.839613e-01
4515	9.820799e-01
4516	9.784191e-01
4517	9.744263e-01
4518	9.708293e-01
4519	9.705815e-01
4520	9.696069e-01
4521	9.698491e-01
4522	9.709454e-01
4523	9.741321e-01
4524	9.778779e-01
4525	9.826300e-01
4526	9.870196e-01
4527	9.899129e-01
4528	9.913009e-01
4529	9.919387e-01
4530	9.896642e-01
4531	9.853340e-01
4532	9.802163e-01
4533	9.728163e-01
4534	9.667410e-01
4535	9.619936e-01
4536	9.598850e-01
4537	9.595943e-01
4538	9.620599e-01
4539	9.672238e-01
4540	9.747396e-01
4541	9.836256e-01
4542	9.915728e-01
4543	9.989265e-01
4544	1.002800e+00
4545	1.002185e+00
4546	9.985271e-01
4547	9.914178e-01
4548	9.823480e-01
4549	9.719129e-01
4550	9.618744e-01
4551	9.536146e-01
4552	9.489267e-01
4553	9.493932e-01
4554	9.553173e-01
4555	9.639736e-01
4556	9.742653e-01
4557	9.844522e-01
4558	9.938984e-01
4559	1.000416e+00
4560	1.005165e+00
4561	1.006130e+00
4562	1.003897e+00
4563	9.987149e-01
4564	9.903747e-01
4565	9.809076e-01
4566	9.708502e-01
4567	9.628533e-01
4568	9.575395e-01
4569	9.546207e-01
4570	9.556202e-01
4571	9.586254e-01
4572	9.640143e-01
4573	9.699161e-01
4574	9.763347e-01
4575	9.829752e-01
4576	9.892386e-01
4577	9.944481e-01
4578	9.975627e-01
4579	9.974232e-01
4580	9.954777e-01
4581	9.893842e-01
4582	9.813555e-01
4583	9.736296e-01
4584	9.664891e-01
4585	9.615546e-01
4586	9.598170e-01
4587	9.609891e-01
4588	9.650003e-01
4589	9.704043e-01
4590	9.760805e-01
4591	9.819487e-01
4592	9.871834e-01
4593	9.897423e-01
4594	9.903669e-01
4595	9.884573e-01
4596	9.846295e-01
4597	9.805865e-01
4598	9.762385e-01
4599	9.721703e-01
4600	9.696242e-01
4601	9.674178e-01
4602	9.666460e-01
4603	9.696445e-01
4604	9.740359e-01
4605	9.787379e-01
4606	9.834490e-01
4607	9.889679e-01
4608	9.929826e-01
4609	9.940493e-01
4610	9.932834e-01
4611	9.913291e-01
4612	9.881101e-01
4613	9.842498e-01
4614	9.798129e-01
4615	9.753833e-01
4616	9.719730e-01
4617	9.685278e-01
4618	9.668922e-01
4619	9.672095e-01
4620	9.692404e-01
4621	9.726433e-01
4622	9.773132e-01
4623	9.830536e-01
4624	9.869940e-01
4625	9.899560e-01
4626	9.911101e-01
4627	9.901123e-01
4628	9.884450e-01
4629	9.868464e-01
4630	9.836629e-01
4631	9.783271e-01
4632	9.731361e-01
4633	9.680337e-01
4634	9.638110e-01
4635	9.623781e-01
4636	9.622506e-01
4637	9.619824e-01
4638	9.626491e-01
4639	9.649155e-01
4640	9.684639e-01
4641	9.733201e-01
4642	9.796776e-01
4643	9.849274e-01
4644	9.885980e-01
4645	9.914431e-01
4646	9.910296e-01
4647	9.895659e-01
4648	9.871831e-01
4649	9.816404e-01
4650	9.733672e-01
4651	9.645798e-01
4652	9.553245e-01
4653	9.486096e-01
4654	9.463814e-01
4655	9.478710e-01
4656	9.530222e-01
4657	9.606978e-01
4658	9.691973e-01
4659	9.794144e-01
4660	9.876243e-01
4661	9.944577e-01
4662	1.000120e+00
4663	1.002195e+00
4664	1.001938e+00
4665	9.983059e-01
4666	9.910447e-01
4667	9.794371e-01
4668	9.675068e-01
4669	9.566748e-01
4670	9.485512e-01
4671	9.443053e-01
4672	9.430932e-01
4673	9.466642e-01
4674	9.547390e-01
4675	9.658150e-01
4676	9.780762e-01
4677	9.891451e-01
4678	9.986582e-01
4679	1.003869e+00
4680	1.003896e+00
4681	9.997326e-01
4682	9.932646e-01
4683	9.843825e-01
4684	9.735772e-01
4685	9.639045e-01
4686	9.550829e-01
4687	9.486627e-01
4688	9.448378e-01
4689	9.460714e-01
4690	9.518413e-01
4691	9.601378e-01
4692	9.702901e-01
4693	9.818693e-01
4694	9.924985e-01
4695	9.996096e-01
4696	1.002585e+00
4697	1.001231e+00
4698	9.964109e-01
4699	9.895167e-01
4700	9.789307e-01
4701	9.674125e-01
4702	9.578214e-01
4703	9.518955e-01
4704	9.488056e-01
4705	9.503164e-01
4706	9.551212e-01
4707	9.631849e-01
4708	9.739206e-01
4709	9.842981e-01
4710	9.946691e-01
4711	1.002120e+00
4712	1.006794e+00
4713	1.007365e+00
4714	1.003817e+00
4715	9.958851e-01
4716	9.846500e-01
4717	9.716563e-01
4718	9.604836e-01
4719	9.528973e-01
4720	9.485275e-01
4721	9.495172e-01
4722	9.545031e-01
4723	9.637047e-01
4724	9.748902e-01
4725	9.880747e-01
4726	9.985899e-01
4727	1.005444e+00
4728	1.008631e+00
4729	1.008562e+00
4730	1.002873e+00
4731	9.939859e-01
4732	9.843598e-01
4733	9.744039e-01
4734	9.647394e-01
4735	9.566850e-01
4736	9.529040e-01
4737	9.541889e-01
4738	9.593211e-01
4739	9.659976e-01
4740	9.753994e-01
4741	9.868261e-01
4742	9.963541e-01
4743	1.002698e+00
4744	1.005814e+00
4745	1.004115e+00
4746	9.988003e-01
4747	9.897176e-01
4748	9.784789e-01
4749	9.662422e-01
4750	9.564494e-01
4751	9.510188e-01
4752	9.493759e-01
4753	9.516075e-01
4754	9.561695e-01
4755	9.625515e-01
4756	9.698859e-01
4757	9.776252e-01
4758	9.834350e-01
4759	9.875634e-01
4760	9.892607e-01
4761	9.888654e-01
4762	9.865229e-01
4763	9.816421e-01
4764	9.742612e-01
4765	9.660184e-01
4766	9.581893e-01
4767	9.522869e-01
4768	9.506146e-01
4769	9.521247e-01
4770	9.587432e-01
4771	9.680119e-01
4772	9.788591e-01
4773	9.894456e-01
4774	9.982943e-01
4775	1.002900e+00
4776	1.004294e+00
4777	1.002425e+00
4778	9.973444e-01
4779	9.880644e-01
4780	9.795462e-01
4781	9.688473e-01
4782	9.594515e-01
4783	9.534050e-01
4784	9.506367e-01
4785	9.530755e-01
4786	9.596148e-01
4787	9.702709e-01
4788	9.822433e-01
4789	9.946057e-01
4790	1.002825e+00
4791	1.008252e+00
4792	1.009259e+00
4793	1.007422e+00
4794	1.001744e+00
4795	9.921987e-01
4796	9.803591e-01
4797	9.697979e-01
4798	9.630410e-01
4799	9.582020e-01
4800	9.560559e-01
4801	9.575713e-01
4802	9.627660e-01
4803	9.706249e-01
4804	9.784661e-01
4805	9.867019e-01
4806	9.942255e-01
4807	9.989139e-01
4808	1.001416e+00
4809	1.000260e+00
4810	9.947761e-01
4811	9.870190e-01
4812	9.791496e-01
4813	9.717825e-01
4814	9.642337e-01
4815	9.582727e-01
4816	9.563410e-01
4817	9.559677e-01
4818	9.580614e-01
4819	9.635697e-01
4820	9.702682e-01
4821	9.762345e-01
4822	9.806758e-01
4823	9.834920e-01
4824	9.854452e-01
4825	9.864703e-01
4826	9.857551e-01
4827	9.838255e-01
4828	9.807067e-01
4829	9.774272e-01
4830	9.746392e-01
4831	9.711063e-01
4832	9.683234e-01
4833	9.673637e-01
4834	9.669658e-01
4835	9.664920e-01
4836	9.670324e-01
4837	9.687454e-01
4838	9.713097e-01
4839	9.737535e-01
4840	9.758288e-01
4841	9.776124e-01
4842	9.814677e-01
4843	9.848321e-01
4844	9.879990e-01
4845	9.911171e-01
4846	9.917850e-01
4847	9.913835e-01
4848	9.891637e-01
4849	9.848469e-01
4850	9.800696e-01
4851	9.753951e-01
4852	9.708803e-01
4853	9.661425e-01
4854	9.632049e-01
4855	9.633789e-01
4856	9.661915e-01
4857	9.708249e-01
4858	9.772159e-01
4859	9.843811e-01
4860	9.906238e-01
4861	9.946739e-01
4862	9.964877e-01
4863	9.945608e-01
4864	9.910752e-01
4865	9.869050e-01
4866	9.814058e-01
4867	9.762394e-01
4868	9.719166e-01
4869	9.677593e-01
4870	9.635691e-01
4871	9.618334e-01
4872	9.629140e-01
4873	9.656276e-01
4874	9.697530e-01
4875	9.737172e-01
4876	9.775812e-01
4877	9.821024e-01
4878	9.855269e-01
4879	9.872264e-01
4880	9.868573e-01
4881	9.853616e-01
4882	9.833763e-01
4883	9.809802e-01
4884	9.781226e-01
4885	9.755627e-01
4886	9.720906e-01
4887	9.695550e-01
4888	9.694002e-01
4889	9.686809e-01
4890	9.692114e-01
4891	9.700970e-01
4892	9.689267e-01
4893	9.702151e-01
4894	9.727645e-01
4895	9.756174e-01
4896	9.777678e-01
4897	9.784439e-01
4898	9.777435e-01
4899	9.761275e-01
4900	9.736208e-01
4901	9.724517e-01
4902	9.705752e-01
4903	9.709783e-01
4904	9.697009e-01
4905	9.676808e-01
4906	9.671465e-01
4907	9.679438e-01
4908	9.696568e-01
4909	9.727270e-01
4910	9.754777e-01
4911	9.760025e-01
4912	9.767775e-01
4913	9.755163e-01
4914	9.746194e-01
4915	9.732387e-01
4916	9.712356e-01
4917	9.678194e-01
4918	9.644320e-01
4919	9.603103e-01
4920	9.560688e-01
4921	9.538594e-01
4922	9.538341e-01
4923	9.564539e-01
4924	9.587750e-01
4925	9.629297e-01
4926	9.659806e-01
4927	9.683075e-01
4928	9.685731e-01
4929	9.668963e-01
4930	9.650404e-01
4931	9.638026e-01
4932	9.638908e-01
4933	9.637087e-01
4934	9.630670e-01
4935	9.630095e-01
4936	9.649017e-01
4937	9.659490e-01
4938	9.673594e-01
4939	9.683854e-01
4940	9.716580e-01
4941	9.753704e-01
4942	9.793790e-01
4943	9.822410e-01
4944	9.836428e-01
4945	9.839638e-01
4946	9.824377e-01
4947	9.801335e-01
4948	9.751072e-01
4949	9.696599e-01
4950	9.642115e-01
4951	9.602876e-01
4952	9.576217e-01
4953	9.558942e-01
4954	9.573436e-01
4955	9.612930e-01
4956	9.671776e-01
4957	9.740811e-01
4958	9.819632e-01
4959	9.885066e-01
4960	9.947082e-01
4961	9.973519e-01
4962	9.960053e-01
4963	9.922239e-01
4964	9.859418e-01
4965	9.776402e-01
4966	9.675899e-01
4967	9.580241e-01
4968	9.506235e-01
4969	9.455974e-01
4970	9.463678e-01
4971	9.500001e-01
4972	9.568986e-01
4973	9.651599e-01
4974	9.746702e-01
4975	9.822011e-01
4976	9.885970e-01
4977	9.914867e-01
4978	9.910776e-01
4979	9.872437e-01
4980	9.805932e-01
4981	9.721754e-01
4982	9.628208e-01
4983	9.536873e-01
4984	9.454772e-01
4985	9.411927e-01
4986	9.425595e-01
4987	9.461985e-01
4988	9.529118e-01
4989	9.635485e-01
4990	9.753371e-01
4991	9.848023e-01
4992	9.919096e-01
4993	9.959946e-01
4994	9.966101e-01
4995	9.939994e-01
4996	9.874674e-01
4997	9.772961e-01
4998	9.680970e-01
4999	9.584358e-01
