# Step	Measurement
1	1.119544e+02
2	1.120574e+02
3	1.121726e+02
4	1.122784e+02
5	1.124561e+02
6	1.126683e+02
7	1.129531e+02
8	1.132553e+02
9	1.135559e+02
10	1.136956e+02
11	1.138407e+02
12	1.139829e+02
13	1.140670e+02
14	1.142234e+02
15	1.142699e+02
16	1.143042e+02
17	1.142567e+02
18	1.141232e+02
19	1.138876e+02
20	1.136209e+02
21	1.133083e+02
22	1.129606e+02
23	1.126301e+02
24	1.122937e+02
25	1.119349e+02
26	1.115749e+02
27	1.112343e+02
28	1.109035e+02
29	1.106165e+02
30	1.104273e+02
31	1.102083e+02
32	1.099621e+02
33	1.097028e+02
34	1.094059e+02
35	1.090691e+02
36	1.087451e+02
37	1.084422e+02
38	1.082060e+02
39	1.080504e+02
40	1.078603e+02
41	1.078211e+02
42	1.077824e+02
43	1.078817e+02
44	1.079927e+02
45	1.081272e+02
46	1.083198e+02
47	1.086209e+02
48	1.089061e+02
49	1.091888e+02
50	1.094855e+02
51	1.097604e+02
52	1.100205e+02
53	1.102217e+02
54	1.104247e+02
55	1.106808e+02
56	1.109355e+02
57	1.112589e+02
58	1.115596e+02
59	1.118035e+02
60	1.120590e+02
61	1.123759e+02
62	1.126835e+02
63	1.129495e+02
64	1.132099e+02
65	1.134936e+02
66	1.137766e+02
67	1.140277e+02
68	1.142082e+02
69	1.143561e+02
70	1.145827e+02
71	1.148041e+02
72	1.149329e+02
73	1.150064e+02
74	1.150914e+02
75	1.152393e+02
76	1.153807e+02
77	1.155329e+02
78	1.157319e+02
79	1.159213e+02
80	1.160896e+02
81	1.162225e+02
82	1.162515e+02
83	1.162147e+02
84	1.161152e+02
85	1.159994e+02
86	1.158892e+02
87	1.157864e+02
88	1.156554e+02
89	1.155323e+02
90	1.153688e+02
91	1.152131e+02
92	1.150561e+02
93	1.149141e+02
94	1.147827e+02
95	1.146051e+02
96	1.143260e+02
97	1.139960e+02
98	1.136647e+02
99	1.132118e+02
100	1.127458e+02
101	1.122315e+02
102	1.116059e+02
103	1.110285e+02
104	1.104802e+02
105	1.100220e+02
106	1.095823e+02
107	1.092083e+02
108	1.088913e+02
109	1.086084e+02
110	1.084263e+02
111	1.082392e+02
112	1.081288e+02
113	1.080204e+02
114	1.080421e+02
115	1.080667e+02
116	1.081104e+02
117	1.081482e+02
118	1.081055e+02
119	1.081310e+02
120	1.081762e+02
121	1.082779e+02
122	1.084149e+02
123	1.085082e+02
124	1.085979e+02
125	1.087195e+02
126	1.088576e+02
127	1.090196e+02
128	1.092175e+02
129	1.093808e+02
130	1.096242e+02
131	1.099485e+02
132	1.102757e+02
133	1.106057e+02
134	1.109507e+02
135	1.113332e+02
136	1.116742e+02
137	1.120963e+02
138	1.124933e+02
139	1.128320e+02
140	1.131668e+02
141	1.134494e+02
142	1.137344e+02
143	1.138953e+02
144	1.139346e+02
145	1.139903e+02
146	1.140001e+02
147	1.140248e+02
148	1.141318e+02
149	1.141908e+02
150	1.142927e+02
151	1.144510e+02
152	1.145972e+02
153	1.147768e+02
154	1.149262e+02
155	1.150699e+02
156	1.152162e+02
157	1.154119e+02
158	1.156641e+02
159	1.158840e+02
160	1.161040e+02
161	1.162270e+02
162	1.163578e+02
163	1.164979e+02
164	1.166293e+02
165	1.166800e+02
166	1.167575e+02
167	1.168284e+02
168	1.169631e+02
169	1.169849e+02
170	1.170484e+02
171	1.170069e+02
172	1.169074e+02
173	1.167302e+02
174	1.165859e+02
175	1.164342e+02
176	1.163443e+02
177	1.162445e+02
178	1.161082e+02
179	1.159333e+02
180	1.157968e+02
181	1.156442e+02
182	1.154748e+02
183	1.152844e+02
184	1.150874e+02
185	1.149197e+02
186	1.147233e+02
187	1.144810e+02
188	1.142185e+02
189	1.140640e+02
190	1.138728e+02
191	1.136639e+02
192	1.135132e+02
193	1.133794e+02
194	1.131882e+02
195	1.130058e+02
196	1.128380e+02
197	1.126363e+02
198	1.124993e+02
199	1.124741e+02
200	1.124968e+02
201	1.124595e+02
202	1.124223e+02
203	1.123802e+02
204	1.124295e+02
205	1.124295e+02
206	1.124063e+02
207	1.124012e+02
208	1.124721e+02
209	1.125181e+02
210	1.125706e+02
211	1.126999e+02
212	1.128864e+02
213	1.130991e+02
214	1.132920e+02
215	1.134750e+02
216	1.135636e+02
217	1.136129e+02
218	1.136788e+02
219	1.137076e+02
220	1.138147e+02
221	1.138438e+02
222	1.139511e+02
223	1.140816e+02
224	1.141594e+02
225	1.142071e+02
226	1.142623e+02
227	1.143523e+02
228	1.144953e+02
229	1.146944e+02
230	1.148784e+02
231	1.150281e+02
232	1.151777e+02
233	1.153548e+02
234	1.155124e+02
235	1.156125e+02
236	1.156960e+02
237	1.157093e+02
238	1.157254e+02
239	1.157084e+02
240	1.157274e+02
241	1.156935e+02
242	1.157224e+02
243	1.157594e+02
244	1.158111e+02
245	1.158482e+02
246	1.158826e+02
247	1.160040e+02
248	1.161685e+02
249	1.162929e+02
250	1.164427e+02
251	1.166369e+02
252	1.167764e+02
253	1.169000e+02
254	1.170564e+02
255	1.172705e+02
256	1.175637e+02
257	1.178232e+02
258	1.179880e+02
259	1.181573e+02
260	1.183037e+02
261	1.184894e+02
262	1.186615e+02
263	1.188123e+02
264	1.188530e+02
265	1.188284e+02
266	1.187277e+02
267	1.186579e+02
268	1.185427e+02
269	1.184271e+02
270	1.183107e+02
271	1.181649e+02
272	1.180364e+02
273	1.178856e+02
274	1.177284e+02
275	1.174992e+02
276	1.172805e+02
277	1.171058e+02
278	1.169583e+02
279	1.167309e+02
280	1.164991e+02
281	1.161873e+02
282	1.159252e+02
283	1.156802e+02
284	1.153726e+02
285	1.150237e+02
286	1.146681e+02
287	1.142726e+02
288	1.138518e+02
289	1.133523e+02
290	1.129003e+02
291	1.124370e+02
292	1.119804e+02
293	1.115359e+02
294	1.111273e+02
295	1.107070e+02
296	1.102319e+02
297	1.097297e+02
298	1.092646e+02
299	1.087913e+02
300	1.083892e+02
301	1.080511e+02
302	1.077911e+02
303	1.075709e+02
304	1.074124e+02
305	1.072739e+02
306	1.071444e+02
307	1.070700e+02
308	1.070485e+02
309	1.070949e+02
310	1.071987e+02
311	1.073363e+02
312	1.074878e+02
313	1.076364e+02
314	1.077892e+02
315	1.079750e+02
316	1.081593e+02
317	1.083312e+02
318	1.085229e+02
319	1.086923e+02
320	1.089380e+02
321	1.092216e+02
322	1.095609e+02
323	1.099674e+02
324	1.104382e+02
325	1.109436e+02
326	1.115153e+02
327	1.121545e+02
328	1.128396e+02
329	1.135244e+02
330	1.142447e+02
331	1.148809e+02
332	1.154301e+02
333	1.160543e+02
334	1.167395e+02
335	1.174610e+02
336	1.181203e+02
337	1.186695e+02
338	1.191473e+02
339	1.195801e+02
340	1.199935e+02
341	1.203394e+02
342	1.205887e+02
343	1.207472e+02
344	1.208453e+02
345	1.208511e+02
346	1.208118e+02
347	1.207198e+02
348	1.206444e+02
349	1.205122e+02
350	1.203749e+02
351	1.202297e+02
352	1.200959e+02
353	1.198729e+02
354	1.195933e+02
355	1.192565e+02
356	1.188247e+02
357	1.183970e+02
358	1.179086e+02
359	1.173401e+02
360	1.167051e+02
361	1.160353e+02
362	1.153215e+02
363	1.145522e+02
364	1.138120e+02
365	1.130449e+02
366	1.122212e+02
367	1.113914e+02
368	1.105019e+02
369	1.096399e+02
370	1.088482e+02
371	1.080277e+02
372	1.073218e+02
373	1.066135e+02
374	1.058943e+02
375	1.052528e+02
376	1.046693e+02
377	1.041511e+02
378	1.037152e+02
379	1.033262e+02
380	1.029543e+02
381	1.026373e+02
382	1.024016e+02
383	1.022571e+02
384	1.021325e+02
385	1.020960e+02
386	1.020342e+02
387	1.019999e+02
388	1.020599e+02
389	1.021842e+02
390	1.023155e+02
391	1.024518e+02
392	1.026644e+02
393	1.029257e+02
394	1.031615e+02
395	1.034456e+02
396	1.038543e+02
397	1.043605e+02
398	1.049628e+02
399	1.056254e+02
400	1.062776e+02
401	1.069296e+02
402	1.075893e+02
403	1.081945e+02
404	1.088288e+02
405	1.094377e+02
406	1.100654e+02
407	1.106667e+02
408	1.112166e+02
409	1.116832e+02
410	1.120320e+02
411	1.123194e+02
412	1.125840e+02
413	1.127963e+02
414	1.129498e+02
415	1.130271e+02
416	1.131159e+02
417	1.132333e+02
418	1.133582e+02
419	1.134716e+02
420	1.136240e+02
421	1.137612e+02
422	1.138439e+02
423	1.140187e+02
424	1.142087e+02
425	1.144273e+02
426	1.146656e+02
427	1.148635e+02
428	1.150331e+02
429	1.150921e+02
430	1.152606e+02
431	1.153943e+02
432	1.155336e+02
433	1.155952e+02
434	1.156670e+02
435	1.157582e+02
436	1.159465e+02
437	1.160967e+02
438	1.162449e+02
439	1.162659e+02
440	1.162873e+02
441	1.162857e+02
442	1.162366e+02
443	1.161352e+02
444	1.159983e+02
445	1.158267e+02
446	1.156993e+02
447	1.155279e+02
448	1.153089e+02
449	1.150801e+02
450	1.147653e+02
451	1.144847e+02
452	1.141058e+02
453	1.137719e+02
454	1.133978e+02
455	1.130039e+02
456	1.126128e+02
457	1.122636e+02
458	1.118774e+02
459	1.115417e+02
460	1.113046e+02
461	1.110715e+02
462	1.108671e+02
463	1.106597e+02
464	1.104642e+02
465	1.102741e+02
466	1.099897e+02
467	1.096317e+02
468	1.091866e+02
469	1.086483e+02
470	1.080507e+02
471	1.073674e+02
472	1.066584e+02
473	1.059496e+02
474	1.052311e+02
475	1.044979e+02
476	1.037819e+02
477	1.030981e+02
478	1.024414e+02
479	1.018900e+02
480	1.013891e+02
481	1.009716e+02
482	1.006474e+02
483	1.004432e+02
484	1.002688e+02
485	1.002529e+02
486	1.003243e+02
487	1.004332e+02
488	1.006562e+02
489	1.009912e+02
490	1.014128e+02
491	1.019402e+02
492	1.024913e+02
493	1.031056e+02
494	1.037805e+02
495	1.044686e+02
496	1.051664e+02
497	1.058848e+02
498	1.066243e+02
499	1.073881e+02
500	1.081299e+02
501	1.088763e+02
502	1.095432e+02
503	1.102027e+02
504	1.108151e+02
505	1.114329e+02
506	1.120603e+02
507	1.126701e+02
508	1.132382e+02
509	1.138124e+02
510	1.143627e+02
511	1.148155e+02
512	1.151964e+02
513	1.155134e+02
514	1.157251e+02
515	1.159055e+02
516	1.160546e+02
517	1.161439e+02
518	1.161601e+02
519	1.161775e+02
520	1.161622e+02
521	1.160363e+02
522	1.159070e+02
523	1.157288e+02
524	1.155260e+02
525	1.153329e+02
526	1.150901e+02
527	1.148762e+02
528	1.145867e+02
529	1.142871e+02
530	1.139389e+02
531	1.136232e+02
532	1.132633e+02
533	1.128808e+02
534	1.123477e+02
535	1.117272e+02
536	1.111824e+02
537	1.105606e+02
538	1.099599e+02
539	1.092980e+02
540	1.086169e+02
541	1.079467e+02
542	1.073426e+02
543	1.068265e+02
544	1.063353e+02
545	1.058483e+02
546	1.053566e+02
547	1.048780e+02
548	1.044806e+02
549	1.040658e+02
550	1.037290e+02
551	1.033592e+02
552	1.030376e+02
553	1.027691e+02
554	1.025981e+02
555	1.024580e+02
556	1.023685e+02
557	1.022951e+02
558	1.023011e+02
559	1.022964e+02
560	1.023028e+02
561	1.023438e+02
562	1.023767e+02
563	1.023484e+02
564	1.022320e+02
565	1.020920e+02
566	1.019761e+02
567	1.018400e+02
568	1.016965e+02
569	1.016167e+02
570	1.015114e+02
571	1.013762e+02
572	1.011533e+02
573	1.009621e+02
574	1.008064e+02
575	1.006649e+02
576	1.005072e+02
577	1.004039e+02
578	1.003063e+02
579	1.001875e+02
580	1.001025e+02
581	1.000321e+02
582	9.997315e+01
583	9.993232e+01
584	9.996327e+01
585	1.000410e+02
586	1.001663e+02
587	1.002957e+02
588	1.004535e+02
589	1.006698e+02
590	1.009671e+02
591	1.013139e+02
592	1.016550e+02
593	1.020906e+02
594	1.025778e+02
595	1.031126e+02
596	1.038026e+02
597	1.045932e+02
598	1.055382e+02
599	1.066060e+02
600	1.077473e+02
601	1.088913e+02
602	1.100742e+02
603	1.112947e+02
604	1.124917e+02
605	1.135810e+02
606	1.146478e+02
607	1.155694e+02
608	1.163055e+02
609	1.169188e+02
610	1.174872e+02
611	1.179796e+02
612	1.183705e+02
613	1.187537e+02
614	1.190920e+02
615	1.193168e+02
616	1.194544e+02
617	1.195001e+02
618	1.194371e+02
619	1.193132e+02
620	1.190193e+02
621	1.185572e+02
622	1.181211e+02
623	1.175643e+02
624	1.168798e+02
625	1.160931e+02
626	1.152792e+02
627	1.144298e+02
628	1.135465e+02
629	1.126969e+02
630	1.118703e+02
631	1.109891e+02
632	1.101368e+02
633	1.093708e+02
634	1.086197e+02
635	1.079155e+02
636	1.072780e+02
637	1.066450e+02
638	1.060722e+02
639	1.056032e+02
640	1.052461e+02
641	1.049531e+02
642	1.047395e+02
643	1.045417e+02
644	1.043131e+02
645	1.041086e+02
646	1.039824e+02
647	1.039263e+02
648	1.038842e+02
649	1.039173e+02
650	1.039606e+02
651	1.040114e+02
652	1.040569e+02
653	1.041725e+02
654	1.043768e+02
655	1.045965e+02
656	1.047824e+02
657	1.050044e+02
658	1.052375e+02
659	1.055107e+02
660	1.057920e+02
661	1.059612e+02
662	1.061551e+02
663	1.063728e+02
664	1.066054e+02
665	1.068575e+02
666	1.071016e+02
667	1.072708e+02
668	1.074033e+02
669	1.074984e+02
670	1.075377e+02
671	1.075163e+02
672	1.075107e+02
673	1.074548e+02
674	1.072611e+02
675	1.071070e+02
676	1.069854e+02
677	1.068619e+02
678	1.067849e+02
679	1.067390e+02
680	1.066493e+02
681	1.065960e+02
682	1.065556e+02
683	1.065183e+02
684	1.065267e+02
685	1.066050e+02
686	1.067288e+02
687	1.069664e+02
688	1.071884e+02
689	1.074567e+02
690	1.077577e+02
691	1.081614e+02
692	1.085389e+02
693	1.089553e+02
694	1.093597e+02
695	1.097653e+02
696	1.101513e+02
697	1.105281e+02
698	1.109630e+02
699	1.114026e+02
700	1.117609e+02
701	1.121372e+02
702	1.125069e+02
703	1.127538e+02
704	1.129602e+02
705	1.131410e+02
706	1.132972e+02
707	1.133478e+02
708	1.132278e+02
709	1.130767e+02
710	1.128193e+02
711	1.124722e+02
712	1.120687e+02
713	1.115970e+02
714	1.110374e+02
715	1.104230e+02
716	1.096931e+02
717	1.089268e+02
718	1.081698e+02
719	1.074309e+02
720	1.067335e+02
721	1.060467e+02
722	1.054034e+02
723	1.047292e+02
724	1.041414e+02
725	1.035834e+02
726	1.030567e+02
727	1.026030e+02
728	1.022288e+02
729	1.018826e+02
730	1.015376e+02
731	1.013043e+02
732	1.010437e+02
733	1.007708e+02
734	1.005534e+02
735	1.004042e+02
736	1.003539e+02
737	1.003911e+02
738	1.004839e+02
739	1.006434e+02
740	1.008276e+02
741	1.011113e+02
742	1.014633e+02
743	1.019112e+02
744	1.023605e+02
745	1.028948e+02
746	1.033978e+02
747	1.038485e+02
748	1.043590e+02
749	1.048806e+02
750	1.053511e+02
751	1.057913e+02
752	1.061137e+02
753	1.064439e+02
754	1.067049e+02
755	1.069496e+02
756	1.072164e+02
757	1.074995e+02
758	1.077243e+02
759	1.079304e+02
760	1.080225e+02
761	1.080951e+02
762	1.081055e+02
763	1.080631e+02
764	1.079796e+02
765	1.078953e+02
766	1.077295e+02
767	1.076006e+02
768	1.075070e+02
769	1.074583e+02
770	1.074505e+02
771	1.074880e+02
772	1.075209e+02
773	1.075974e+02
774	1.077456e+02
775	1.078729e+02
776	1.080475e+02
777	1.083775e+02
778	1.087171e+02
779	1.090204e+02
780	1.092844e+02
781	1.095422e+02
782	1.097999e+02
783	1.101340e+02
784	1.103659e+02
785	1.105486e+02
786	1.107159e+02
787	1.108965e+02
788	1.110485e+02
789	1.112088e+02
790	1.113336e+02
791	1.114457e+02
792	1.115291e+02
793	1.115904e+02
794	1.116555e+02
795	1.117172e+02
796	1.117751e+02
797	1.117276e+02
798	1.116231e+02
799	1.114769e+02
800	1.112847e+02
801	1.110721e+02
802	1.108102e+02
803	1.104863e+02
804	1.101212e+02
805	1.097510e+02
806	1.093896e+02
807	1.090759e+02
808	1.087643e+02
809	1.085931e+02
810	1.084544e+02
811	1.084143e+02
812	1.083836e+02
813	1.083842e+02
814	1.084843e+02
815	1.086021e+02
816	1.087324e+02
817	1.088558e+02
818	1.090438e+02
819	1.092177e+02
820	1.093805e+02
821	1.095349e+02
822	1.097456e+02
823	1.098347e+02
824	1.099079e+02
825	1.099927e+02
826	1.100239e+02
827	1.101140e+02
828	1.102552e+02
829	1.104356e+02
830	1.105693e+02
831	1.107441e+02
832	1.108515e+02
833	1.109450e+02
834	1.110423e+02
835	1.111507e+02
836	1.112082e+02
837	1.112029e+02
838	1.111331e+02
839	1.110643e+02
840	1.109147e+02
841	1.106648e+02
842	1.104099e+02
843	1.101512e+02
844	1.097839e+02
845	1.093707e+02
846	1.087964e+02
847	1.082726e+02
848	1.078213e+02
849	1.074148e+02
850	1.070606e+02
851	1.067004e+02
852	1.063558e+02
853	1.060177e+02
854	1.057651e+02
855	1.055513e+02
856	1.053098e+02
857	1.051241e+02
858	1.049366e+02
859	1.047810e+02
860	1.046926e+02
861	1.046601e+02
862	1.047335e+02
863	1.048497e+02
864	1.049245e+02
865	1.050397e+02
866	1.052280e+02
867	1.054820e+02
868	1.058498e+02
869	1.062309e+02
870	1.066872e+02
871	1.070716e+02
872	1.074815e+02
873	1.078527e+02
874	1.082618e+02
875	1.086235e+02
876	1.090910e+02
877	1.096300e+02
878	1.101442e+02
879	1.107030e+02
880	1.112173e+02
881	1.115966e+02
882	1.120029e+02
883	1.123254e+02
884	1.125719e+02
885	1.127381e+02
886	1.127545e+02
887	1.126698e+02
888	1.124735e+02
889	1.121920e+02
890	1.118043e+02
891	1.114165e+02
892	1.109838e+02
893	1.105205e+02
894	1.100230e+02
895	1.095823e+02
896	1.091776e+02
897	1.086972e+02
898	1.082129e+02
899	1.077640e+02
900	1.072926e+02
901	1.067968e+02
902	1.063270e+02
903	1.057981e+02
904	1.052204e+02
905	1.047074e+02
906	1.040862e+02
907	1.034328e+02
908	1.028270e+02
909	1.022506e+02
910	1.018142e+02
911	1.014484e+02
912	1.011836e+02
913	1.009440e+02
914	1.008100e+02
915	1.007709e+02
916	1.008839e+02
917	1.011396e+02
918	1.014780e+02
919	1.018684e+02
920	1.024019e+02
921	1.030907e+02
922	1.038662e+02
923	1.046550e+02
924	1.055110e+02
925	1.063439e+02
926	1.072262e+02
927	1.080928e+02
928	1.088733e+02
929	1.095707e+02
930	1.101557e+02
931	1.106793e+02
932	1.112601e+02
933	1.117732e+02
934	1.122493e+02
935	1.126968e+02
936	1.130615e+02
937	1.133065e+02
938	1.134970e+02
939	1.136548e+02
940	1.137269e+02
941	1.138126e+02
942	1.138603e+02
943	1.139035e+02
944	1.138227e+02
945	1.136480e+02
946	1.133622e+02
947	1.130440e+02
948	1.126452e+02
949	1.122399e+02
950	1.118028e+02
951	1.113489e+02
952	1.109951e+02
953	1.106183e+02
954	1.102793e+02
955	1.100015e+02
956	1.097695e+02
957	1.095452e+02
958	1.093926e+02
959	1.092659e+02
960	1.091826e+02
961	1.091663e+02
962	1.092435e+02
963	1.093678e+02
964	1.095446e+02
965	1.097779e+02
966	1.100523e+02
967	1.103292e+02
968	1.107045e+02
969	1.111005e+02
970	1.114293e+02
971	1.117057e+02
972	1.119643e+02
973	1.122054e+02
974	1.124251e+02
975	1.126096e+02
976	1.127480e+02
977	1.128147e+02
978	1.128421e+02
979	1.128527e+02
980	1.128702e+02
981	1.129491e+02
982	1.129929e+02
983	1.130418e+02
984	1.130265e+02
985	1.129026e+02
986	1.127296e+02
987	1.124877e+02
988	1.121569e+02
989	1.118051e+02
990	1.113347e+02
991	1.107592e+02
992	1.101741e+02
993	1.094890e+02
994	1.087150e+02
995	1.079029e+02
996	1.071367e+02
997	1.064307e+02
998	1.056859e+02
999	1.050392e+02
1000	1.043850e+02
1001	1.037619e+02
1002	1.031862e+02
1003	1.026395e+02
1004	1.021957e+02
1005	1.018350e+02
1006	1.015529e+02
1007	1.013066e+02
1008	1.011118e+02
1009	1.010164e+02
1010	1.010546e+02
1011	1.011026e+02
1012	1.012809e+02
1013	1.015019e+02
1014	1.018176e+02
1015	1.020801e+02
1016	1.024336e+02
1017	1.028101e+02
1018	1.032676e+02
1019	1.036270e+02
1020	1.040109e+02
1021	1.044062e+02
1022	1.047981e+02
1023	1.051089e+02
1024	1.054296e+02
1025	1.056671e+02
1026	1.059171e+02
1027	1.061860e+02
1028	1.064329e+02
1029	1.066844e+02
1030	1.068604e+02
1031	1.070127e+02
1032	1.071908e+02
1033	1.072750e+02
1034	1.072551e+02
1035	1.071273e+02
1036	1.068306e+02
1037	1.064607e+02
1038	1.060303e+02
1039	1.055442e+02
1040	1.050413e+02
1041	1.044982e+02
1042	1.039692e+02
1043	1.034461e+02
1044	1.029027e+02
1045	1.024493e+02
1046	1.019748e+02
1047	1.015721e+02
1048	1.013206e+02
1049	1.011920e+02
1050	1.011236e+02
1051	1.011424e+02
1052	1.011973e+02
1053	1.013285e+02
1054	1.015574e+02
1055	1.018855e+02
1056	1.023209e+02
1057	1.028130e+02
1058	1.033667e+02
1059	1.040165e+02
1060	1.046605e+02
1061	1.052160e+02
1062	1.057174e+02
1063	1.062362e+02
1064	1.066659e+02
1065	1.071596e+02
1066	1.075727e+02
1067	1.081070e+02
1068	1.086423e+02
1069	1.092670e+02
1070	1.098894e+02
1071	1.106143e+02
1072	1.113738e+02
1073	1.120927e+02
1074	1.128352e+02
1075	1.135264e+02
1076	1.141805e+02
1077	1.147814e+02
1078	1.152728e+02
1079	1.157041e+02
1080	1.160875e+02
1081	1.163894e+02
1082	1.165651e+02
1083	1.165328e+02
1084	1.164132e+02
1085	1.161850e+02
1086	1.158262e+02
1087	1.153863e+02
1088	1.148835e+02
1089	1.143726e+02
1090	1.138539e+02
1091	1.133107e+02
1092	1.127705e+02
1093	1.122172e+02
1094	1.116464e+02
1095	1.110882e+02
1096	1.104758e+02
1097	1.099120e+02
1098	1.093444e+02
1099	1.087418e+02
1100	1.081438e+02
1101	1.075651e+02
1102	1.071166e+02
1103	1.067921e+02
1104	1.066047e+02
1105	1.064698e+02
1106	1.064194e+02
1107	1.064096e+02
1108	1.065130e+02
1109	1.066834e+02
1110	1.068967e+02
1111	1.071533e+02
1112	1.074590e+02
1113	1.078874e+02
1114	1.083834e+02
1115	1.089382e+02
1116	1.096062e+02
1117	1.103545e+02
1118	1.110977e+02
1119	1.118968e+02
1120	1.127380e+02
1121	1.135079e+02
1122	1.142731e+02
1123	1.149408e+02
1124	1.155775e+02
1125	1.162109e+02
1126	1.168038e+02
1127	1.172829e+02
1128	1.176833e+02
1129	1.180664e+02
1130	1.183787e+02
1131	1.186264e+02
1132	1.188543e+02
1133	1.190806e+02
1134	1.192594e+02
1135	1.194194e+02
1136	1.195885e+02
1137	1.197332e+02
1138	1.199436e+02
1139	1.200903e+02
1140	1.202573e+02
1141	1.203978e+02
1142	1.204738e+02
1143	1.206100e+02
1144	1.207335e+02
1145	1.207514e+02
1146	1.206428e+02
1147	1.203465e+02
1148	1.199660e+02
1149	1.195712e+02
1150	1.191109e+02
1151	1.185811e+02
1152	1.180550e+02
1153	1.175588e+02
1154	1.170698e+02
1155	1.165399e+02
1156	1.159584e+02
1157	1.153517e+02
1158	1.147639e+02
1159	1.141165e+02
1160	1.134264e+02
1161	1.127719e+02
1162	1.120900e+02
1163	1.114081e+02
1164	1.107347e+02
1165	1.100268e+02
1166	1.094261e+02
1167	1.089147e+02
1168	1.083979e+02
1169	1.078599e+02
1170	1.074270e+02
1171	1.070168e+02
1172	1.066278e+02
1173	1.062741e+02
1174	1.059091e+02
1175	1.055955e+02
1176	1.053943e+02
1177	1.052115e+02
1178	1.051056e+02
1179	1.050403e+02
1180	1.050579e+02
1181	1.051017e+02
1182	1.052345e+02
1183	1.053963e+02
1184	1.055840e+02
1185	1.058069e+02
1186	1.060251e+02
1187	1.062543e+02
1188	1.065337e+02
1189	1.068385e+02
1190	1.071144e+02
1191	1.074730e+02
1192	1.077785e+02
1193	1.080931e+02
1194	1.084978e+02
1195	1.090015e+02
1196	1.095424e+02
1197	1.101745e+02
1198	1.107902e+02
1199	1.114894e+02
1200	1.121624e+02
1201	1.127921e+02
1202	1.134338e+02
1203	1.141169e+02
1204	1.148120e+02
1205	1.154341e+02
1206	1.161127e+02
1207	1.168544e+02
1208	1.175430e+02
1209	1.181994e+02
1210	1.188706e+02
1211	1.195253e+02
1212	1.200577e+02
1213	1.205244e+02
1214	1.210005e+02
1215	1.213713e+02
1216	1.217346e+02
1217	1.220718e+02
1218	1.224027e+02
1219	1.227102e+02
1220	1.229757e+02
1221	1.231646e+02
1222	1.233196e+02
1223	1.235219e+02
1224	1.236630e+02
1225	1.237349e+02
1226	1.237917e+02
1227	1.237320e+02
1228	1.235779e+02
1229	1.233579e+02
1230	1.230854e+02
1231	1.226533e+02
1232	1.221378e+02
1233	1.215106e+02
1234	1.207905e+02
1235	1.199269e+02
1236	1.191200e+02
1237	1.182736e+02
1238	1.174031e+02
1239	1.166291e+02
1240	1.158647e+02
1241	1.150750e+02
1242	1.142691e+02
1243	1.134269e+02
1244	1.125575e+02
1245	1.116399e+02
1246	1.107198e+02
1247	1.097485e+02
1248	1.088200e+02
1249	1.078122e+02
1250	1.067667e+02
1251	1.056432e+02
1252	1.045567e+02
1253	1.035421e+02
1254	1.024727e+02
1255	1.014256e+02
1256	1.003432e+02
1257	9.930269e+01
1258	9.843397e+01
1259	9.762789e+01
1260	9.700736e+01
1261	9.638964e+01
1262	9.592326e+01
1263	9.550207e+01
1264	9.514080e+01
1265	9.489737e+01
1266	9.478541e+01
1267	9.488686e+01
1268	9.513428e+01
1269	9.547672e+01
1270	9.590707e+01
1271	9.640485e+01
1272	9.699159e+01
1273	9.768787e+01
1274	9.838755e+01
1275	9.912561e+01
1276	9.993747e+01
1277	1.008870e+02
1278	1.019031e+02
1279	1.029443e+02
1280	1.039581e+02
1281	1.049374e+02
1282	1.059613e+02
1283	1.069908e+02
1284	1.080353e+02
1285	1.090351e+02
1286	1.100692e+02
1287	1.110565e+02
1288	1.120223e+02
1289	1.130015e+02
1290	1.140396e+02
1291	1.149812e+02
1292	1.160682e+02
1293	1.171236e+02
1294	1.181616e+02
1295	1.190822e+02
1296	1.199787e+02
1297	1.208189e+02
1298	1.215842e+02
1299	1.222489e+02
1300	1.228041e+02
1301	1.233082e+02
1302	1.237266e+02
1303	1.240487e+02
1304	1.242413e+02
1305	1.242882e+02
1306	1.242724e+02
1307	1.241261e+02
1308	1.238839e+02
1309	1.236865e+02
1310	1.233392e+02
1311	1.229438e+02
1312	1.225167e+02
1313	1.220564e+02
1314	1.215820e+02
1315	1.209739e+02
1316	1.202148e+02
1317	1.194079e+02
1318	1.185454e+02
1319	1.176249e+02
1320	1.166581e+02
1321	1.156722e+02
1322	1.146214e+02
1323	1.136213e+02
1324	1.125966e+02
1325	1.114927e+02
1326	1.103830e+02
1327	1.093637e+02
1328	1.083784e+02
1329	1.073704e+02
1330	1.064253e+02
1331	1.055226e+02
1332	1.046601e+02
1333	1.038836e+02
1334	1.031551e+02
1335	1.024737e+02
1336	1.018506e+02
1337	1.011618e+02
1338	1.004881e+02
1339	9.994162e+01
1340	9.950974e+01
1341	9.915830e+01
1342	9.881728e+01
1343	9.850926e+01
1344	9.823995e+01
1345	9.810910e+01
1346	9.805692e+01
1347	9.806003e+01
1348	9.805365e+01
1349	9.806358e+01
1350	9.806211e+01
1351	9.818387e+01
1352	9.832562e+01
1353	9.852747e+01
1354	9.875973e+01
1355	9.888847e+01
1356	9.908490e+01
1357	9.930219e+01
1358	9.959975e+01
1359	1.000015e+02
1360	1.004889e+02
1361	1.009945e+02
1362	1.014947e+02
1363	1.019572e+02
1364	1.024866e+02
1365	1.031095e+02
1366	1.037178e+02
1367	1.043463e+02
1368	1.049184e+02
1369	1.055406e+02
1370	1.061600e+02
1371	1.067252e+02
1372	1.072976e+02
1373	1.078517e+02
1374	1.084021e+02
1375	1.089623e+02
1376	1.095079e+02
1377	1.100484e+02
1378	1.105887e+02
1379	1.110456e+02
1380	1.115416e+02
1381	1.120235e+02
1382	1.124109e+02
1383	1.128035e+02
1384	1.132391e+02
1385	1.136064e+02
1386	1.139492e+02
1387	1.143668e+02
1388	1.147168e+02
1389	1.149646e+02
1390	1.152281e+02
1391	1.155136e+02
1392	1.158393e+02
1393	1.161363e+02
1394	1.163972e+02
1395	1.165686e+02
1396	1.165964e+02
1397	1.165630e+02
1398	1.165255e+02
1399	1.165154e+02
1400	1.164632e+02
1401	1.163638e+02
1402	1.162021e+02
1403	1.159468e+02
1404	1.156836e+02
1405	1.152446e+02
1406	1.147987e+02
1407	1.142342e+02
1408	1.135601e+02
1409	1.128692e+02
1410	1.122062e+02
1411	1.115253e+02
1412	1.108000e+02
1413	1.100681e+02
1414	1.093460e+02
1415	1.085871e+02
1416	1.078995e+02
1417	1.072523e+02
1418	1.066781e+02
1419	1.060785e+02
1420	1.054987e+02
1421	1.049764e+02
1422	1.045527e+02
1423	1.040578e+02
1424	1.036114e+02
1425	1.031726e+02
1426	1.026455e+02
1427	1.021594e+02
1428	1.016871e+02
1429	1.011573e+02
1430	1.007384e+02
1431	1.003628e+02
1432	1.000142e+02
1433	9.978879e+01
1434	9.970871e+01
1435	9.967043e+01
1436	9.968410e+01
1437	9.966262e+01
1438	9.973973e+01
1439	9.986398e+01
1440	1.000572e+02
1441	1.004081e+02
1442	1.008907e+02
1443	1.014424e+02
1444	1.021241e+02
1445	1.029361e+02
1446	1.038606e+02
1447	1.048437e+02
1448	1.059422e+02
1449	1.071364e+02
1450	1.083818e+02
1451	1.095834e+02
1452	1.108119e+02
1453	1.120464e+02
1454	1.132754e+02
1455	1.145701e+02
1456	1.158013e+02
1457	1.169411e+02
1458	1.180194e+02
1459	1.190818e+02
1460	1.200810e+02
1461	1.210477e+02
1462	1.219292e+02
1463	1.228249e+02
1464	1.236410e+02
1465	1.242762e+02
1466	1.248619e+02
1467	1.253713e+02
1468	1.257427e+02
1469	1.260972e+02
1470	1.263218e+02
1471	1.264291e+02
1472	1.264184e+02
1473	1.264407e+02
1474	1.263507e+02
1475	1.261979e+02
1476	1.260446e+02
1477	1.259241e+02
1478	1.256869e+02
1479	1.254549e+02
1480	1.251387e+02
1481	1.246936e+02
1482	1.241290e+02
1483	1.235150e+02
1484	1.228639e+02
1485	1.222344e+02
1486	1.215576e+02
1487	1.208611e+02
1488	1.201557e+02
1489	1.194210e+02
1490	1.187218e+02
1491	1.179615e+02
1492	1.172003e+02
1493	1.164486e+02
1494	1.156151e+02
1495	1.147255e+02
1496	1.138142e+02
1497	1.129264e+02
1498	1.121256e+02
1499	1.113469e+02
1500	1.106404e+02
1501	1.099780e+02
1502	1.093331e+02
1503	1.087702e+02
1504	1.082037e+02
1505	1.076694e+02
1506	1.071238e+02
1507	1.065675e+02
1508	1.060458e+02
1509	1.055533e+02
1510	1.050974e+02
1511	1.047131e+02
1512	1.043392e+02
1513	1.040167e+02
1514	1.037492e+02
1515	1.035343e+02
1516	1.033724e+02
1517	1.032164e+02
1518	1.031154e+02
1519	1.031287e+02
1520	1.033018e+02
1521	1.034899e+02
1522	1.037901e+02
1523	1.041015e+02
1524	1.044444e+02
1525	1.048307e+02
1526	1.053199e+02
1527	1.058571e+02
1528	1.063586e+02
1529	1.068439e+02
1530	1.073915e+02
1531	1.079607e+02
1532	1.085482e+02
1533	1.091104e+02
1534	1.096555e+02
1535	1.101297e+02
1536	1.105577e+02
1537	1.110207e+02
1538	1.115584e+02
1539	1.121102e+02
1540	1.127185e+02
1541	1.133274e+02
1542	1.139109e+02
1543	1.144060e+02
1544	1.149474e+02
1545	1.155408e+02
1546	1.161403e+02
1547	1.166416e+02
1548	1.171397e+02
1549	1.176666e+02
1550	1.181634e+02
1551	1.185917e+02
1552	1.189101e+02
1553	1.191555e+02
1554	1.193117e+02
1555	1.193462e+02
1556	1.193583e+02
1557	1.193198e+02
1558	1.192278e+02
1559	1.191877e+02
1560	1.191345e+02
1561	1.190634e+02
1562	1.189514e+02
1563	1.188010e+02
1564	1.186162e+02
1565	1.184098e+02
1566	1.182216e+02
1567	1.179584e+02
1568	1.175912e+02
1569	1.171753e+02
1570	1.167516e+02
1571	1.162667e+02
1572	1.157383e+02
1573	1.151361e+02
1574	1.144086e+02
1575	1.136323e+02
1576	1.128275e+02
1577	1.120252e+02
1578	1.110845e+02
1579	1.101562e+02
1580	1.092014e+02
1581	1.082189e+02
1582	1.072959e+02
1583	1.064170e+02
1584	1.055294e+02
1585	1.047013e+02
1586	1.038506e+02
1587	1.030672e+02
1588	1.023191e+02
1589	1.016226e+02
1590	1.009332e+02
1591	1.003424e+02
1592	9.985299e+01
1593	9.942830e+01
1594	9.905314e+01
1595	9.877162e+01
1596	9.857197e+01
1597	9.838551e+01
1598	9.822996e+01
1599	9.820099e+01
1600	9.827546e+01
1601	9.838187e+01
1602	9.857042e+01
1603	9.876087e+01
1604	9.910464e+01
1605	9.954469e+01
1606	1.000602e+02
1607	1.006278e+02
1608	1.011737e+02
1609	1.017392e+02
1610	1.023878e+02
1611	1.031129e+02
1612	1.038476e+02
1613	1.046309e+02
1614	1.054402e+02
1615	1.062267e+02
1616	1.070130e+02
1617	1.078926e+02
1618	1.087153e+02
1619	1.094410e+02
1620	1.101420e+02
1621	1.108000e+02
1622	1.114347e+02
1623	1.119670e+02
1624	1.124586e+02
1625	1.129683e+02
1626	1.133585e+02
1627	1.137176e+02
1628	1.139729e+02
1629	1.142332e+02
1630	1.143868e+02
1631	1.145208e+02
1632	1.146213e+02
1633	1.146985e+02
1634	1.147401e+02
1635	1.147061e+02
1636	1.146459e+02
1637	1.146551e+02
1638	1.146799e+02
1639	1.147340e+02
1640	1.147355e+02
1641	1.146720e+02
1642	1.147263e+02
1643	1.148209e+02
1644	1.149486e+02
1645	1.150903e+02
1646	1.152475e+02
1647	1.154490e+02
1648	1.156221e+02
1649	1.157310e+02
1650	1.157893e+02
1651	1.159759e+02
1652	1.160841e+02
1653	1.161547e+02
1654	1.162574e+02
1655	1.162893e+02
1656	1.162397e+02
1657	1.161370e+02
1658	1.160296e+02
1659	1.159202e+02
1660	1.157777e+02
1661	1.156492e+02
1662	1.155537e+02
1663	1.153819e+02
1664	1.151482e+02
1665	1.149017e+02
1666	1.147127e+02
1667	1.144454e+02
1668	1.140275e+02
1669	1.135710e+02
1670	1.130285e+02
1671	1.124226e+02
1672	1.118297e+02
1673	1.111881e+02
1674	1.105660e+02
1675	1.099526e+02
1676	1.093495e+02
1677	1.088010e+02
1678	1.082879e+02
1679	1.078311e+02
1680	1.073388e+02
1681	1.068378e+02
1682	1.064297e+02
1683	1.061409e+02
1684	1.059689e+02
1685	1.058548e+02
1686	1.057578e+02
1687	1.057864e+02
1688	1.058388e+02
1689	1.059596e+02
1690	1.061455e+02
1691	1.063662e+02
1692	1.066802e+02
1693	1.069840e+02
1694	1.072583e+02
1695	1.075647e+02
1696	1.079397e+02
1697	1.083472e+02
1698	1.087604e+02
1699	1.092027e+02
1700	1.097344e+02
1701	1.103623e+02
1702	1.109735e+02
1703	1.116252e+02
1704	1.122758e+02
1705	1.129835e+02
1706	1.137951e+02
1707	1.146276e+02
1708	1.154725e+02
1709	1.163407e+02
1710	1.171952e+02
1711	1.179574e+02
1712	1.186126e+02
1713	1.192442e+02
1714	1.197973e+02
1715	1.202677e+02
1716	1.206362e+02
1717	1.209095e+02
1718	1.211124e+02
1719	1.211679e+02
1720	1.212279e+02
1721	1.212242e+02
1722	1.211282e+02
1723	1.209297e+02
1724	1.206378e+02
1725	1.201850e+02
1726	1.197088e+02
1727	1.191078e+02
1728	1.184038e+02
1729	1.176489e+02
1730	1.168932e+02
1731	1.161028e+02
1732	1.152812e+02
1733	1.144788e+02
1734	1.136788e+02
1735	1.128314e+02
1736	1.120057e+02
1737	1.112219e+02
1738	1.104540e+02
1739	1.097308e+02
1740	1.090866e+02
1741	1.085262e+02
1742	1.080545e+02
1743	1.076782e+02
1744	1.073652e+02
1745	1.071922e+02
1746	1.071510e+02
1747	1.072373e+02
1748	1.074142e+02
1749	1.076345e+02
1750	1.078974e+02
1751	1.081392e+02
1752	1.084479e+02
1753	1.087471e+02
1754	1.089860e+02
1755	1.091925e+02
1756	1.093453e+02
1757	1.095514e+02
1758	1.097529e+02
1759	1.099272e+02
1760	1.100643e+02
1761	1.102055e+02
1762	1.103399e+02
1763	1.105494e+02
1764	1.108150e+02
1765	1.111215e+02
1766	1.113866e+02
1767	1.116789e+02
1768	1.119925e+02
1769	1.123395e+02
1770	1.126709e+02
1771	1.130045e+02
1772	1.133525e+02
1773	1.136342e+02
1774	1.139103e+02
1775	1.141441e+02
1776	1.143711e+02
1777	1.145230e+02
1778	1.147055e+02
1779	1.148585e+02
1780	1.149974e+02
1781	1.151725e+02
1782	1.153330e+02
1783	1.155517e+02
1784	1.156887e+02
1785	1.158941e+02
1786	1.160515e+02
1787	1.161247e+02
1788	1.162274e+02
1789	1.162732e+02
1790	1.162837e+02
1791	1.162541e+02
1792	1.161424e+02
1793	1.160250e+02
1794	1.158962e+02
1795	1.156769e+02
1796	1.154905e+02
1797	1.153505e+02
1798	1.150823e+02
1799	1.148744e+02
1800	1.146398e+02
1801	1.144334e+02
1802	1.142377e+02
1803	1.140072e+02
1804	1.137744e+02
1805	1.135995e+02
1806	1.133565e+02
1807	1.130574e+02
1808	1.128198e+02
1809	1.125999e+02
1810	1.124041e+02
1811	1.122174e+02
1812	1.120934e+02
1813	1.118468e+02
1814	1.114756e+02
1815	1.110353e+02
1816	1.106476e+02
1817	1.101597e+02
1818	1.096877e+02
1819	1.092116e+02
1820	1.087508e+02
1821	1.083157e+02
1822	1.079444e+02
1823	1.074965e+02
1824	1.069896e+02
1825	1.064870e+02
1826	1.060945e+02
1827	1.057816e+02
1828	1.054986e+02
1829	1.052795e+02
1830	1.050962e+02
1831	1.049177e+02
1832	1.046730e+02
1833	1.044791e+02
1834	1.043208e+02
1835	1.042616e+02
1836	1.042710e+02
1837	1.043675e+02
1838	1.046225e+02
1839	1.049188e+02
1840	1.053400e+02
1841	1.057430e+02
1842	1.061023e+02
1843	1.065524e+02
1844	1.070372e+02
1845	1.075306e+02
1846	1.080557e+02
1847	1.086178e+02
1848	1.091581e+02
1849	1.098559e+02
1850	1.105143e+02
1851	1.111500e+02
1852	1.117876e+02
1853	1.123466e+02
1854	1.129395e+02
1855	1.135193e+02
1856	1.141537e+02
1857	1.147656e+02
1858	1.153040e+02
1859	1.157807e+02
1860	1.162841e+02
1861	1.167419e+02
1862	1.171739e+02
1863	1.175662e+02
1864	1.179861e+02
1865	1.184188e+02
1866	1.188786e+02
1867	1.193655e+02
1868	1.198088e+02
1869	1.202087e+02
1870	1.206168e+02
1871	1.209542e+02
1872	1.212330e+02
1873	1.214363e+02
1874	1.215215e+02
1875	1.215731e+02
1876	1.215730e+02
1877	1.214777e+02
1878	1.212675e+02
1879	1.209476e+02
1880	1.206089e+02
1881	1.201535e+02
1882	1.196270e+02
1883	1.190012e+02
1884	1.182990e+02
1885	1.175822e+02
1886	1.168797e+02
1887	1.162221e+02
1888	1.154734e+02
1889	1.146622e+02
1890	1.138320e+02
1891	1.130660e+02
1892	1.123799e+02
1893	1.117437e+02
1894	1.111728e+02
1895	1.106769e+02
1896	1.102182e+02
1897	1.099184e+02
1898	1.095764e+02
1899	1.093257e+02
1900	1.091196e+02
1901	1.088742e+02
1902	1.087486e+02
1903	1.086151e+02
1904	1.085252e+02
1905	1.084486e+02
1906	1.084090e+02
1907	1.083812e+02
1908	1.084673e+02
1909	1.085692e+02
1910	1.087245e+02
1911	1.089142e+02
1912	1.091343e+02
1913	1.093509e+02
1914	1.095930e+02
1915	1.098351e+02
1916	1.100160e+02
1917	1.102590e+02
1918	1.104831e+02
1919	1.106563e+02
1920	1.108175e+02
1921	1.110453e+02
1922	1.112637e+02
1923	1.114240e+02
1924	1.115755e+02
1925	1.116756e+02
1926	1.117836e+02
1927	1.118849e+02
1928	1.119537e+02
1929	1.119367e+02
1930	1.118929e+02
1931	1.118221e+02
1932	1.118099e+02
1933	1.117861e+02
1934	1.118019e+02
1935	1.118436e+02
1936	1.119079e+02
1937	1.120995e+02
1938	1.123653e+02
1939	1.126258e+02
1940	1.129212e+02
1941	1.131361e+02
1942	1.133068e+02
1943	1.135119e+02
1944	1.137176e+02
1945	1.139088e+02
1946	1.141260e+02
1947	1.143525e+02
1948	1.145794e+02
1949	1.148218e+02
1950	1.150388e+02
1951	1.152542e+02
1952	1.154962e+02
1953	1.157188e+02
1954	1.159264e+02
1955	1.161914e+02
1956	1.165044e+02
1957	1.168203e+02
1958	1.171089e+02
1959	1.174756e+02
1960	1.177730e+02
1961	1.180305e+02
1962	1.182972e+02
1963	1.185220e+02
1964	1.186362e+02
1965	1.186757e+02
1966	1.186607e+02
1967	1.186056e+02
1968	1.184697e+02
1969	1.182901e+02
1970	1.180323e+02
1971	1.177526e+02
1972	1.172997e+02
1973	1.168044e+02
1974	1.162041e+02
1975	1.155789e+02
1976	1.149485e+02
1977	1.142970e+02
1978	1.135867e+02
1979	1.128607e+02
1980	1.121576e+02
1981	1.114362e+02
1982	1.106872e+02
1983	1.099088e+02
1984	1.091864e+02
1985	1.085644e+02
1986	1.079171e+02
1987	1.072461e+02
1988	1.066418e+02
1989	1.061276e+02
1990	1.056932e+02
1991	1.053254e+02
1992	1.050813e+02
1993	1.048939e+02
1994	1.048264e+02
1995	1.047938e+02
1996	1.048221e+02
1997	1.049522e+02
1998	1.051655e+02
1999	1.055134e+02
2000	1.058793e+02
2001	1.062863e+02
2002	1.067566e+02
2003	1.072448e+02
2004	1.077547e+02
2005	1.082598e+02
2006	1.087208e+02
2007	1.091587e+02
2008	1.095974e+02
2009	1.099845e+02
2010	1.103038e+02
2011	1.106435e+02
2012	1.109299e+02
2013	1.111288e+02
2014	1.112377e+02
2015	1.112511e+02
2016	1.113143e+02
2017	1.112977e+02
2018	1.112284e+02
2019	1.111495e+02
2020	1.110307e+02
2021	1.109132e+02
2022	1.108027e+02
2023	1.107787e+02
2024	1.107080e+02
2025	1.106774e+02
2026	1.106203e+02
2027	1.105397e+02
2028	1.103882e+02
2029	1.102351e+02
2030	1.101149e+02
2031	1.100775e+02
2032	1.100323e+02
2033	1.100347e+02
2034	1.099509e+02
2035	1.099052e+02
2036	1.097825e+02
2037	1.096966e+02
2038	1.096304e+02
2039	1.095396e+02
2040	1.093353e+02
2041	1.091516e+02
2042	1.089487e+02
2043	1.088122e+02
2044	1.087268e+02
2045	1.086617e+02
2046	1.086066e+02
2047	1.085016e+02
2048	1.083919e+02
2049	1.082373e+02
2050	1.081235e+02
2051	1.079140e+02
2052	1.077357e+02
2053	1.075480e+02
2054	1.074177e+02
2055	1.073865e+02
2056	1.073769e+02
2057	1.073927e+02
2058	1.074302e+02
2059	1.075038e+02
2060	1.075200e+02
2061	1.075544e+02
2062	1.076461e+02
2063	1.077980e+02
2064	1.079903e+02
2065	1.081411e+02
2066	1.083291e+02
2067	1.084971e+02
2068	1.086208e+02
2069	1.086870e+02
2070	1.087000e+02
2071	1.086597e+02
2072	1.085984e+02
2073	1.084203e+02
2074	1.082156e+02
2075	1.080407e+02
2076	1.078843e+02
2077	1.077361e+02
2078	1.075925e+02
2079	1.073705e+02
2080	1.071000e+02
2081	1.068536e+02
2082	1.066094e+02
2083	1.063828e+02
2084	1.061754e+02
2085	1.060692e+02
2086	1.060514e+02
2087	1.061480e+02
2088	1.063306e+02
2089	1.065462e+02
2090	1.068564e+02
2091	1.071807e+02
2092	1.075330e+02
2093	1.079267e+02
2094	1.083886e+02
2095	1.089596e+02
2096	1.095197e+02
2097	1.100855e+02
2098	1.106628e+02
2099	1.112566e+02
2100	1.117655e+02
2101	1.123008e+02
2102	1.128701e+02
2103	1.134807e+02
2104	1.141134e+02
2105	1.147368e+02
2106	1.153033e+02
2107	1.159209e+02
2108	1.165620e+02
2109	1.171946e+02
2110	1.178344e+02
2111	1.183692e+02
2112	1.188970e+02
2113	1.194136e+02
2114	1.198306e+02
2115	1.201711e+02
2116	1.204477e+02
2117	1.206552e+02
2118	1.207921e+02
2119	1.208650e+02
2120	1.208398e+02
2121	1.207035e+02
2122	1.204986e+02
2123	1.202820e+02
2124	1.200241e+02
2125	1.196703e+02
2126	1.193365e+02
2127	1.190104e+02
2128	1.186404e+02
2129	1.183111e+02
2130	1.179663e+02
2131	1.175745e+02
2132	1.171124e+02
2133	1.167230e+02
2134	1.164075e+02
2135	1.160767e+02
2136	1.157901e+02
2137	1.155313e+02
2138	1.152916e+02
2139	1.150766e+02
2140	1.149780e+02
2141	1.149495e+02
2142	1.149433e+02
2143	1.150091e+02
2144	1.150554e+02
2145	1.152262e+02
2146	1.153334e+02
2147	1.153811e+02
2148	1.153981e+02
2149	1.154022e+02
2150	1.154743e+02
2151	1.155997e+02
2152	1.157644e+02
2153	1.160083e+02
2154	1.163003e+02
2155	1.165643e+02
2156	1.168955e+02
2157	1.172351e+02
2158	1.175277e+02
2159	1.178380e+02
2160	1.181649e+02
2161	1.184269e+02
2162	1.185708e+02
2163	1.186389e+02
2164	1.186244e+02
2165	1.185725e+02
2166	1.184506e+02
2167	1.182478e+02
2168	1.180049e+02
2169	1.177546e+02
2170	1.174570e+02
2171	1.171832e+02
2172	1.168596e+02
2173	1.164902e+02
2174	1.161059e+02
2175	1.157162e+02
2176	1.153465e+02
2177	1.150013e+02
2178	1.146556e+02
2179	1.143375e+02
2180	1.139953e+02
2181	1.136993e+02
2182	1.134650e+02
2183	1.132538e+02
2184	1.130516e+02
2185	1.128016e+02
2186	1.126819e+02
2187	1.126405e+02
2188	1.126410e+02
2189	1.126996e+02
2190	1.128647e+02
2191	1.130934e+02
2192	1.132765e+02
2193	1.135098e+02
2194	1.138638e+02
2195	1.143084e+02
2196	1.147470e+02
2197	1.152248e+02
2198	1.157050e+02
2199	1.161802e+02
2200	1.166345e+02
2201	1.169675e+02
2202	1.173205e+02
2203	1.175922e+02
2204	1.178645e+02
2205	1.180788e+02
2206	1.182963e+02
2207	1.184284e+02
2208	1.185321e+02
2209	1.185313e+02
2210	1.183725e+02
2211	1.180971e+02
2212	1.177955e+02
2213	1.174123e+02
2214	1.170158e+02
2215	1.165930e+02
2216	1.160925e+02
2217	1.155037e+02
2218	1.149226e+02
2219	1.143664e+02
2220	1.139063e+02
2221	1.134442e+02
2222	1.129738e+02
2223	1.124930e+02
2224	1.119962e+02
2225	1.115849e+02
2226	1.112184e+02
2227	1.108098e+02
2228	1.104173e+02
2229	1.100454e+02
2230	1.096883e+02
2231	1.094630e+02
2232	1.092673e+02
2233	1.090805e+02
2234	1.089755e+02
2235	1.089935e+02
2236	1.090666e+02
2237	1.091656e+02
2238	1.093266e+02
2239	1.094742e+02
2240	1.096825e+02
2241	1.099203e+02
2242	1.101693e+02
2243	1.103975e+02
2244	1.107183e+02
2245	1.110281e+02
2246	1.113872e+02
2247	1.117561e+02
2248	1.120765e+02
2249	1.123798e+02
2250	1.127507e+02
2251	1.130640e+02
2252	1.132377e+02
2253	1.133187e+02
2254	1.133210e+02
2255	1.132311e+02
2256	1.130327e+02
2257	1.128181e+02
2258	1.124948e+02
2259	1.121569e+02
2260	1.118052e+02
2261	1.114803e+02
2262	1.111492e+02
2263	1.107939e+02
2264	1.104393e+02
2265	1.100639e+02
2266	1.096685e+02
2267	1.092027e+02
2268	1.087791e+02
2269	1.083595e+02
2270	1.078779e+02
2271	1.073903e+02
2272	1.069566e+02
2273	1.065004e+02
2274	1.060486e+02
2275	1.055722e+02
2276	1.052011e+02
2277	1.048417e+02
2278	1.044928e+02
2279	1.042592e+02
2280	1.040606e+02
2281	1.039776e+02
2282	1.039726e+02
2283	1.039944e+02
2284	1.041242e+02
2285	1.042642e+02
2286	1.044604e+02
2287	1.047370e+02
2288	1.051203e+02
2289	1.056224e+02
2290	1.060943e+02
2291	1.066786e+02
2292	1.073808e+02
2293	1.081712e+02
2294	1.091377e+02
2295	1.101451e+02
2296	1.110347e+02
2297	1.118386e+02
2298	1.126635e+02
2299	1.133828e+02
2300	1.140203e+02
2301	1.146071e+02
2302	1.152115e+02
2303	1.157423e+02
2304	1.161836e+02
2305	1.166403e+02
2306	1.170624e+02
2307	1.173835e+02
2308	1.175855e+02
2309	1.176791e+02
2310	1.176246e+02
2311	1.175004e+02
2312	1.173041e+02
2313	1.170650e+02
2314	1.166697e+02
2315	1.161788e+02
2316	1.155279e+02
2317	1.149287e+02
2318	1.143008e+02
2319	1.136477e+02
2320	1.129689e+02
2321	1.122346e+02
2322	1.115165e+02
2323	1.108072e+02
2324	1.102190e+02
2325	1.096252e+02
2326	1.090898e+02
2327	1.085448e+02
2328	1.080449e+02
2329	1.075988e+02
2330	1.071296e+02
2331	1.067181e+02
2332	1.063531e+02
2333	1.060683e+02
2334	1.057767e+02
2335	1.056264e+02
2336	1.054544e+02
2337	1.054102e+02
2338	1.054443e+02
2339	1.055052e+02
2340	1.056175e+02
2341	1.058352e+02
2342	1.061041e+02
2343	1.064343e+02
2344	1.067804e+02
2345	1.072781e+02
2346	1.078081e+02
2347	1.084534e+02
2348	1.091093e+02
2349	1.097166e+02
2350	1.104495e+02
2351	1.111276e+02
2352	1.118864e+02
2353	1.126207e+02
2354	1.132751e+02
2355	1.138563e+02
2356	1.144113e+02
2357	1.149057e+02
2358	1.154118e+02
2359	1.158330e+02
2360	1.161889e+02
2361	1.165468e+02
2362	1.168892e+02
2363	1.171841e+02
2364	1.174164e+02
2365	1.176348e+02
2366	1.177599e+02
2367	1.178379e+02
2368	1.179137e+02
2369	1.180100e+02
2370	1.180775e+02
2371	1.181044e+02
2372	1.180802e+02
2373	1.180185e+02
2374	1.179643e+02
2375	1.177949e+02
2376	1.175585e+02
2377	1.172246e+02
2378	1.168678e+02
2379	1.163683e+02
2380	1.157757e+02
2381	1.151594e+02
2382	1.145322e+02
2383	1.139642e+02
2384	1.135154e+02
2385	1.130495e+02
2386	1.125488e+02
2387	1.121093e+02
2388	1.117633e+02
2389	1.113934e+02
2390	1.110632e+02
2391	1.108241e+02
2392	1.106327e+02
2393	1.104343e+02
2394	1.102927e+02
2395	1.101261e+02
2396	1.100441e+02
2397	1.100454e+02
2398	1.101010e+02
2399	1.102660e+02
2400	1.104075e+02
2401	1.105705e+02
2402	1.107135e+02
2403	1.108624e+02
2404	1.110277e+02
2405	1.111321e+02
2406	1.112182e+02
2407	1.111499e+02
2408	1.110148e+02
2409	1.108345e+02
2410	1.106086e+02
2411	1.103853e+02
2412	1.101853e+02
2413	1.100131e+02
2414	1.098545e+02
2415	1.096931e+02
2416	1.094716e+02
2417	1.092107e+02
2418	1.088628e+02
2419	1.084113e+02
2420	1.079980e+02
2421	1.075658e+02
2422	1.071416e+02
2423	1.067440e+02
2424	1.063267e+02
2425	1.059619e+02
2426	1.055118e+02
2427	1.050272e+02
2428	1.045897e+02
2429	1.042201e+02
2430	1.038695e+02
2431	1.036354e+02
2432	1.035113e+02
2433	1.035297e+02
2434	1.036545e+02
2435	1.039106e+02
2436	1.043359e+02
2437	1.049174e+02
2438	1.055740e+02
2439	1.062758e+02
2440	1.070158e+02
2441	1.077282e+02
2442	1.084759e+02
2443	1.092052e+02
2444	1.099717e+02
2445	1.107597e+02
2446	1.115286e+02
2447	1.122945e+02
2448	1.129180e+02
2449	1.134582e+02
2450	1.139385e+02
2451	1.144842e+02
2452	1.150004e+02
2453	1.155198e+02
2454	1.160801e+02
2455	1.166090e+02
2456	1.170898e+02
2457	1.175025e+02
2458	1.178506e+02
2459	1.182226e+02
2460	1.185670e+02
2461	1.189082e+02
2462	1.192359e+02
2463	1.195384e+02
2464	1.197389e+02
2465	1.198489e+02
2466	1.199688e+02
2467	1.200105e+02
2468	1.199377e+02
2469	1.198439e+02
2470	1.196030e+02
2471	1.192230e+02
2472	1.187949e+02
2473	1.182899e+02
2474	1.177111e+02
2475	1.171127e+02
2476	1.165043e+02
2477	1.158635e+02
2478	1.151612e+02
2479	1.143562e+02
2480	1.134671e+02
2481	1.124822e+02
2482	1.115036e+02
2483	1.105932e+02
2484	1.097099e+02
2485	1.087899e+02
2486	1.079173e+02
2487	1.070101e+02
2488	1.061810e+02
2489	1.054605e+02
2490	1.047704e+02
2491	1.041268e+02
2492	1.035100e+02
2493	1.029319e+02
2494	1.024129e+02
2495	1.018926e+02
2496	1.014049e+02
2497	1.009555e+02
2498	1.005631e+02
2499	1.002191e+02
2500	1.000170e+02
2501	9.990377e+01
2502	9.997905e+01
2503	1.000917e+02
2504	1.003059e+02
2505	1.006770e+02
2506	1.010598e+02
2507	1.015352e+02
2508	1.019762e+02
2509	1.023473e+02
2510	1.027049e+02
2511	1.030149e+02
2512	1.033373e+02
2513	1.037199e+02
2514	1.040390e+02
2515	1.043279e+02
2516	1.045373e+02
2517	1.047662e+02
2518	1.048925e+02
2519	1.049366e+02
2520	1.049683e+02
2521	1.049348e+02
2522	1.048569e+02
2523	1.047979e+02
2524	1.047378e+02
2525	1.046877e+02
2526	1.046737e+02
2527	1.046989e+02
2528	1.047664e+02
2529	1.049550e+02
2530	1.051141e+02
2531	1.052494e+02
2532	1.054544e+02
2533	1.057309e+02
2534	1.060848e+02
2535	1.064869e+02
2536	1.069843e+02
2537	1.075159e+02
2538	1.080886e+02
2539	1.085912e+02
2540	1.090104e+02
2541	1.093400e+02
2542	1.096856e+02
2543	1.100043e+02
2544	1.102926e+02
2545	1.106080e+02
2546	1.109454e+02
2547	1.112589e+02
2548	1.115203e+02
2549	1.116874e+02
2550	1.119120e+02
2551	1.120837e+02
2552	1.122184e+02
2553	1.122621e+02
2554	1.122844e+02
2555	1.122504e+02
2556	1.121743e+02
2557	1.120861e+02
2558	1.120842e+02
2559	1.120773e+02
2560	1.120989e+02
2561	1.120284e+02
2562	1.120150e+02
2563	1.119513e+02
2564	1.119039e+02
2565	1.118420e+02
2566	1.117129e+02
2567	1.116247e+02
2568	1.115213e+02
2569	1.114386e+02
2570	1.113519e+02
2571	1.112606e+02
2572	1.111445e+02
2573	1.110159e+02
2574	1.109071e+02
2575	1.107480e+02
2576	1.105793e+02
2577	1.104124e+02
2578	1.102996e+02
2579	1.102427e+02
2580	1.101737e+02
2581	1.101855e+02
2582	1.101749e+02
2583	1.101216e+02
2584	1.100138e+02
2585	1.098762e+02
2586	1.097316e+02
2587	1.095644e+02
2588	1.093628e+02
2589	1.091459e+02
2590	1.088427e+02
2591	1.084665e+02
2592	1.081360e+02
2593	1.077257e+02
2594	1.072487e+02
2595	1.068355e+02
2596	1.064340e+02
2597	1.060928e+02
2598	1.057893e+02
2599	1.054919e+02
2600	1.052421e+02
2601	1.049331e+02
2602	1.046093e+02
2603	1.044118e+02
2604	1.043064e+02
2605	1.041824e+02
2606	1.042089e+02
2607	1.041962e+02
2608	1.042214e+02
2609	1.043190e+02
2610	1.045254e+02
2611	1.048121e+02
2612	1.051068e+02
2613	1.054930e+02
2614	1.059181e+02
2615	1.064169e+02
2616	1.069770e+02
2617	1.076235e+02
2618	1.083262e+02
2619	1.091992e+02
2620	1.101323e+02
2621	1.111870e+02
2622	1.122180e+02
2623	1.132941e+02
2624	1.143850e+02
2625	1.154928e+02
2626	1.164867e+02
2627	1.175316e+02
2628	1.185182e+02
2629	1.194774e+02
2630	1.204173e+02
2631	1.212655e+02
2632	1.220856e+02
2633	1.228308e+02
2634	1.234645e+02
2635	1.240831e+02
2636	1.246205e+02
2637	1.250056e+02
2638	1.253225e+02
2639	1.255900e+02
2640	1.257532e+02
2641	1.257288e+02
2642	1.255744e+02
2643	1.253411e+02
2644	1.250290e+02
2645	1.245618e+02
2646	1.240440e+02
2647	1.234085e+02
2648	1.226682e+02
2649	1.219059e+02
2650	1.211416e+02
2651	1.203520e+02
2652	1.194926e+02
2653	1.185953e+02
2654	1.176747e+02
2655	1.166603e+02
2656	1.156351e+02
2657	1.145700e+02
2658	1.135094e+02
2659	1.124606e+02
2660	1.114218e+02
2661	1.104937e+02
2662	1.095910e+02
2663	1.087614e+02
2664	1.080262e+02
2665	1.073476e+02
2666	1.067573e+02
2667	1.063244e+02
2668	1.060354e+02
2669	1.057555e+02
2670	1.056312e+02
2671	1.055744e+02
2672	1.055441e+02
2673	1.056170e+02
2674	1.057866e+02
2675	1.061202e+02
2676	1.064841e+02
2677	1.069234e+02
2678	1.074592e+02
2679	1.080724e+02
2680	1.087414e+02
2681	1.095719e+02
2682	1.104639e+02
2683	1.113520e+02
2684	1.122087e+02
2685	1.130435e+02
2686	1.139418e+02
2687	1.148391e+02
2688	1.156834e+02
2689	1.164954e+02
2690	1.172557e+02
2691	1.179023e+02
2692	1.184633e+02
2693	1.189793e+02
2694	1.195333e+02
2695	1.199670e+02
2696	1.202856e+02
2697	1.204893e+02
2698	1.206030e+02
2699	1.206961e+02
2700	1.208213e+02
2701	1.208978e+02
2702	1.208886e+02
2703	1.208679e+02
2704	1.207988e+02
2705	1.206713e+02
2706	1.206107e+02
2707	1.205374e+02
2708	1.205542e+02
2709	1.205877e+02
2710	1.205843e+02
2711	1.204840e+02
2712	1.203931e+02
2713	1.202841e+02
2714	1.201787e+02
2715	1.200451e+02
2716	1.199322e+02
2717	1.198519e+02
2718	1.196984e+02
2719	1.195420e+02
2720	1.194405e+02
2721	1.193662e+02
2722	1.191682e+02
2723	1.188613e+02
2724	1.185783e+02
2725	1.183622e+02
2726	1.181342e+02
2727	1.178874e+02
2728	1.175779e+02
2729	1.173237e+02
2730	1.171735e+02
2731	1.170570e+02
2732	1.169210e+02
2733	1.166966e+02
2734	1.164922e+02
2735	1.163162e+02
2736	1.161105e+02
2737	1.159134e+02
2738	1.157024e+02
2739	1.154834e+02
2740	1.152518e+02
2741	1.149244e+02
2742	1.145201e+02
2743	1.140733e+02
2744	1.135230e+02
2745	1.129448e+02
2746	1.123673e+02
2747	1.117820e+02
2748	1.112028e+02
2749	1.105863e+02
2750	1.100044e+02
2751	1.095178e+02
2752	1.090827e+02
2753	1.086921e+02
2754	1.083204e+02
2755	1.080118e+02
2756	1.076575e+02
2757	1.073275e+02
2758	1.070375e+02
2759	1.066904e+02
2760	1.064615e+02
2761	1.062543e+02
2762	1.060238e+02
2763	1.058397e+02
2764	1.057397e+02
2765	1.057657e+02
2766	1.058184e+02
2767	1.059287e+02
2768	1.060876e+02
2769	1.063601e+02
2770	1.066887e+02
2771	1.070806e+02
2772	1.075034e+02
2773	1.079673e+02
2774	1.085072e+02
2775	1.090462e+02
2776	1.095580e+02
2777	1.100595e+02
2778	1.105948e+02
2779	1.111459e+02
2780	1.116589e+02
2781	1.121893e+02
2782	1.126519e+02
2783	1.130492e+02
2784	1.134437e+02
2785	1.138009e+02
2786	1.141286e+02
2787	1.145326e+02
2788	1.148863e+02
2789	1.151550e+02
2790	1.154181e+02
2791	1.156092e+02
2792	1.157959e+02
2793	1.159467e+02
2794	1.160610e+02
2795	1.161545e+02
2796	1.161004e+02
2797	1.159404e+02
2798	1.157238e+02
2799	1.154298e+02
2800	1.150265e+02
2801	1.146716e+02
2802	1.142465e+02
2803	1.137452e+02
2804	1.132673e+02
2805	1.127695e+02
2806	1.122711e+02
2807	1.116844e+02
2808	1.110974e+02
2809	1.105000e+02
2810	1.099421e+02
2811	1.093298e+02
2812	1.087080e+02
2813	1.081203e+02
2814	1.075128e+02
2815	1.070013e+02
2816	1.065205e+02
2817	1.060643e+02
2818	1.056896e+02
2819	1.053359e+02
2820	1.050511e+02
2821	1.047615e+02
2822	1.045083e+02
2823	1.043458e+02
2824	1.042667e+02
2825	1.042477e+02
2826	1.042221e+02
2827	1.042299e+02
2828	1.042540e+02
2829	1.043774e+02
2830	1.045141e+02
2831	1.047047e+02
2832	1.049408e+02
2833	1.051507e+02
2834	1.054673e+02
2835	1.057795e+02
2836	1.060483e+02
2837	1.063256e+02
2838	1.065872e+02
2839	1.069272e+02
2840	1.072326e+02
2841	1.075813e+02
2842	1.079830e+02
2843	1.084676e+02
2844	1.089412e+02
2845	1.093323e+02
2846	1.097335e+02
2847	1.100637e+02
2848	1.104387e+02
2849	1.108668e+02
2850	1.112755e+02
2851	1.116294e+02
2852	1.120260e+02
2853	1.124225e+02
2854	1.127977e+02
2855	1.131382e+02
2856	1.134200e+02
2857	1.136958e+02
2858	1.139580e+02
2859	1.141469e+02
2860	1.142229e+02
2861	1.141540e+02
2862	1.140426e+02
2863	1.138328e+02
2864	1.135814e+02
2865	1.133123e+02
2866	1.130835e+02
2867	1.128820e+02
2868	1.126317e+02
2869	1.123883e+02
2870	1.121394e+02
2871	1.119380e+02
2872	1.117252e+02
2873	1.114921e+02
2874	1.112954e+02
2875	1.110579e+02
2876	1.108176e+02
2877	1.105112e+02
2878	1.102169e+02
2879	1.099552e+02
2880	1.096301e+02
2881	1.093475e+02
2882	1.090990e+02
2883	1.089068e+02
2884	1.088103e+02
2885	1.087833e+02
2886	1.087977e+02
2887	1.087737e+02
2888	1.088923e+02
2889	1.090556e+02
2890	1.093220e+02
2891	1.096293e+02
2892	1.099942e+02
2893	1.104105e+02
2894	1.108707e+02
2895	1.112771e+02
2896	1.116805e+02
2897	1.121123e+02
2898	1.125816e+02
2899	1.131119e+02
2900	1.135865e+02
2901	1.140910e+02
2902	1.146411e+02
2903	1.152165e+02
2904	1.157136e+02
2905	1.162299e+02
2906	1.166943e+02
2907	1.172712e+02
2908	1.177661e+02
2909	1.182128e+02
2910	1.185561e+02
2911	1.188749e+02
2912	1.191325e+02
2913	1.193141e+02
2914	1.194702e+02
2915	1.195597e+02
2916	1.195591e+02
2917	1.194943e+02
2918	1.193813e+02
2919	1.191625e+02
2920	1.188930e+02
2921	1.186008e+02
2922	1.183335e+02
2923	1.179952e+02
2924	1.175932e+02
2925	1.171906e+02
2926	1.167862e+02
2927	1.163519e+02
2928	1.159188e+02
2929	1.155330e+02
2930	1.151440e+02
2931	1.147291e+02
2932	1.143153e+02
2933	1.138833e+02
2934	1.135221e+02
2935	1.131481e+02
2936	1.127677e+02
2937	1.123888e+02
2938	1.120274e+02
2939	1.116673e+02
2940	1.114358e+02
2941	1.112411e+02
2942	1.110676e+02
2943	1.109026e+02
2944	1.107293e+02
2945	1.105620e+02
2946	1.104792e+02
2947	1.104222e+02
2948	1.103939e+02
2949	1.104609e+02
2950	1.105891e+02
2951	1.108579e+02
2952	1.110455e+02
2953	1.111418e+02
2954	1.112325e+02
2955	1.112821e+02
2956	1.112486e+02
2957	1.112444e+02
2958	1.112889e+02
2959	1.112628e+02
2960	1.112112e+02
2961	1.111430e+02
2962	1.109585e+02
2963	1.107660e+02
2964	1.105081e+02
2965	1.101266e+02
2966	1.097440e+02
2967	1.093084e+02
2968	1.087680e+02
2969	1.081790e+02
2970	1.076222e+02
2971	1.071022e+02
2972	1.066189e+02
2973	1.061775e+02
2974	1.057584e+02
2975	1.053488e+02
2976	1.050185e+02
2977	1.048158e+02
2978	1.047114e+02
2979	1.047390e+02
2980	1.048081e+02
2981	1.048426e+02
2982	1.049971e+02
2983	1.051736e+02
2984	1.054906e+02
2985	1.058077e+02
2986	1.061919e+02
2987	1.065343e+02
2988	1.069270e+02
2989	1.073644e+02
2990	1.078903e+02
2991	1.084653e+02
2992	1.091229e+02
2993	1.098391e+02
2994	1.105660e+02
2995	1.113053e+02
2996	1.120733e+02
2997	1.128043e+02
2998	1.135359e+02
2999	1.141703e+02
3000	1.147590e+02
3001	1.154066e+02
3002	1.160409e+02
3003	1.164655e+02
3004	1.168496e+02
3005	1.171012e+02
3006	1.172996e+02
3007	1.174747e+02
3008	1.176150e+02
3009	1.176550e+02
3010	1.177004e+02
3011	1.178069e+02
3012	1.178677e+02
3013	1.180111e+02
3014	1.181115e+02
3015	1.181912e+02
3016	1.182174e+02
3017	1.182198e+02
3018	1.181583e+02
3019	1.180343e+02
3020	1.178331e+02
3021	1.175353e+02
3022	1.171924e+02
3023	1.167426e+02
3024	1.162931e+02
3025	1.157632e+02
3026	1.151824e+02
3027	1.145783e+02
3028	1.139858e+02
3029	1.134275e+02
3030	1.128473e+02
3031	1.122693e+02
3032	1.117208e+02
3033	1.112289e+02
3034	1.107785e+02
3035	1.104158e+02
3036	1.101205e+02
3037	1.098282e+02
3038	1.096300e+02
3039	1.094649e+02
3040	1.093606e+02
3041	1.093241e+02
3042	1.093257e+02
3043	1.093642e+02
3044	1.093390e+02
3045	1.093879e+02
3046	1.094485e+02
3047	1.095999e+02
3048	1.096794e+02
3049	1.097628e+02
3050	1.099194e+02
3051	1.101877e+02
3052	1.104672e+02
3053	1.107558e+02
3054	1.110725e+02
3055	1.114430e+02
3056	1.118487e+02
3057	1.123192e+02
3058	1.127379e+02
3059	1.132065e+02
3060	1.137331e+02
3061	1.142457e+02
3062	1.147050e+02
3063	1.151989e+02
3064	1.157309e+02
3065	1.162506e+02
3066	1.166691e+02
3067	1.170377e+02
3068	1.173448e+02
3069	1.176229e+02
3070	1.178328e+02
3071	1.180570e+02
3072	1.181568e+02
3073	1.181949e+02
3074	1.181608e+02
3075	1.180655e+02
3076	1.179375e+02
3077	1.178218e+02
3078	1.176229e+02
3079	1.173633e+02
3080	1.170877e+02
3081	1.167984e+02
3082	1.165563e+02
3083	1.163055e+02
3084	1.160084e+02
3085	1.156828e+02
3086	1.153294e+02
3087	1.150046e+02
3088	1.145722e+02
3089	1.141613e+02
3090	1.138092e+02
3091	1.134320e+02
3092	1.130388e+02
3093	1.127027e+02
3094	1.123950e+02
3095	1.121447e+02
3096	1.118602e+02
3097	1.116162e+02
3098	1.114084e+02
3099	1.112219e+02
3100	1.110230e+02
3101	1.107575e+02
3102	1.105569e+02
3103	1.103123e+02
3104	1.099978e+02
3105	1.097278e+02
3106	1.094080e+02
3107	1.091754e+02
3108	1.089505e+02
3109	1.087300e+02
3110	1.085587e+02
3111	1.084544e+02
3112	1.084510e+02
3113	1.084488e+02
3114	1.084554e+02
3115	1.085010e+02
3116	1.085622e+02
3117	1.086456e+02
3118	1.087021e+02
3119	1.088143e+02
3120	1.089542e+02
3121	1.090794e+02
3122	1.092075e+02
3123	1.093537e+02
3124	1.095795e+02
3125	1.098371e+02
3126	1.101738e+02
3127	1.105617e+02
3128	1.109454e+02
3129	1.114426e+02
3130	1.118977e+02
3131	1.123232e+02
3132	1.127544e+02
3133	1.132356e+02
3134	1.137362e+02
3135	1.142042e+02
3136	1.147442e+02
3137	1.152134e+02
3138	1.156198e+02
3139	1.159607e+02
3140	1.162347e+02
3141	1.164814e+02
3142	1.167346e+02
3143	1.169287e+02
3144	1.171222e+02
3145	1.172750e+02
3146	1.174320e+02
3147	1.175310e+02
3148	1.176132e+02
3149	1.177331e+02
3150	1.178566e+02
3151	1.179903e+02
3152	1.181045e+02
3153	1.181462e+02
3154	1.182302e+02
3155	1.182271e+02
3156	1.181760e+02
3157	1.181476e+02
3158	1.180322e+02
3159	1.178439e+02
3160	1.176183e+02
3161	1.173905e+02
3162	1.171462e+02
3163	1.169434e+02
3164	1.167405e+02
3165	1.165183e+02
3166	1.162711e+02
3167	1.160023e+02
3168	1.157394e+02
3169	1.155611e+02
3170	1.154149e+02
3171	1.152615e+02
3172	1.150966e+02
3173	1.148476e+02
3174	1.145977e+02
3175	1.142490e+02
3176	1.138352e+02
3177	1.134289e+02
3178	1.130147e+02
3179	1.126257e+02
3180	1.122063e+02
3181	1.118141e+02
3182	1.113816e+02
3183	1.110314e+02
3184	1.106897e+02
3185	1.103146e+02
3186	1.098941e+02
3187	1.095018e+02
3188	1.091149e+02
3189	1.087180e+02
3190	1.082749e+02
3191	1.078966e+02
3192	1.075592e+02
3193	1.072361e+02
3194	1.067712e+02
3195	1.063580e+02
3196	1.059523e+02
3197	1.056283e+02
3198	1.052945e+02
3199	1.049617e+02
3200	1.046926e+02
3201	1.044519e+02
3202	1.041506e+02
3203	1.039874e+02
3204	1.038238e+02
3205	1.036802e+02
3206	1.035819e+02
3207	1.035837e+02
3208	1.036458e+02
3209	1.037416e+02
3210	1.038621e+02
3211	1.040411e+02
3212	1.043245e+02
3213	1.047328e+02
3214	1.052031e+02
3215	1.057566e+02
3216	1.063197e+02
3217	1.068757e+02
3218	1.074491e+02
3219	1.080513e+02
3220	1.087318e+02
3221	1.094732e+02
3222	1.102267e+02
3223	1.109741e+02
3224	1.117537e+02
3225	1.125024e+02
3226	1.132344e+02
3227	1.139750e+02
3228	1.146868e+02
3229	1.153680e+02
3230	1.160213e+02
3231	1.166265e+02
3232	1.172216e+02
3233	1.178415e+02
3234	1.183800e+02
3235	1.189068e+02
3236	1.193730e+02
3237	1.198445e+02
3238	1.202009e+02
3239	1.205541e+02
3240	1.208042e+02
3241	1.209307e+02
3242	1.210486e+02
3243	1.210576e+02
3244	1.210019e+02
3245	1.208604e+02
3246	1.206156e+02
3247	1.202288e+02
3248	1.198365e+02
3249	1.192997e+02
3250	1.186195e+02
3251	1.178743e+02
3252	1.170247e+02
3253	1.160978e+02
3254	1.151397e+02
3255	1.141969e+02
3256	1.132018e+02
3257	1.122797e+02
3258	1.113199e+02
3259	1.104154e+02
3260	1.094700e+02
3261	1.084890e+02
3262	1.076668e+02
3263	1.068995e+02
3264	1.062034e+02
3265	1.055756e+02
3266	1.049705e+02
3267	1.044422e+02
3268	1.040795e+02
3269	1.038752e+02
3270	1.037401e+02
3271	1.037083e+02
3272	1.037447e+02
3273	1.038877e+02
3274	1.041328e+02
3275	1.045676e+02
3276	1.050285e+02
3277	1.055670e+02
3278	1.061397e+02
3279	1.067411e+02
3280	1.074514e+02
3281	1.082219e+02
3282	1.090067e+02
3283	1.098263e+02
3284	1.107111e+02
3285	1.116257e+02
3286	1.126146e+02
3287	1.135270e+02
3288	1.144136e+02
3289	1.153413e+02
3290	1.163470e+02
3291	1.172979e+02
3292	1.182220e+02
3293	1.191193e+02
3294	1.200226e+02
3295	1.208145e+02
3296	1.215241e+02
3297	1.220869e+02
3298	1.225992e+02
3299	1.229352e+02
3300	1.231416e+02
3301	1.232462e+02
3302	1.232673e+02
3303	1.231853e+02
3304	1.230938e+02
3305	1.228905e+02
3306	1.227208e+02
3307	1.225565e+02
3308	1.223803e+02
3309	1.221907e+02
3310	1.219820e+02
3311	1.217756e+02
3312	1.214422e+02
3313	1.210559e+02
3314	1.207618e+02
3315	1.204203e+02
3316	1.200645e+02
3317	1.197307e+02
3318	1.193274e+02
3319	1.189112e+02
3320	1.184663e+02
3321	1.180340e+02
3322	1.175699e+02
3323	1.170710e+02
3324	1.165401e+02
3325	1.160314e+02
3326	1.154920e+02
3327	1.149453e+02
3328	1.144298e+02
3329	1.138748e+02
3330	1.133068e+02
3331	1.127820e+02
3332	1.121498e+02
3333	1.114996e+02
3334	1.107848e+02
3335	1.100347e+02
3336	1.091853e+02
3337	1.082895e+02
3338	1.074092e+02
3339	1.065583e+02
3340	1.057826e+02
3341	1.050271e+02
3342	1.042676e+02
3343	1.036056e+02
3344	1.030035e+02
3345	1.024787e+02
3346	1.021074e+02
3347	1.018123e+02
3348	1.015807e+02
3349	1.014228e+02
3350	1.013889e+02
3351	1.014604e+02
3352	1.015655e+02
3353	1.017816e+02
3354	1.021097e+02
3355	1.025127e+02
3356	1.029882e+02
3357	1.035478e+02
3358	1.041749e+02
3359	1.048561e+02
3360	1.055301e+02
3361	1.062853e+02
3362	1.069884e+02
3363	1.077012e+02
3364	1.083136e+02
3365	1.089805e+02
3366	1.096863e+02
3367	1.104100e+02
3368	1.110667e+02
3369	1.117078e+02
3370	1.123277e+02
3371	1.128794e+02
3372	1.134032e+02
3373	1.138834e+02
3374	1.143578e+02
3375	1.148137e+02
3376	1.152027e+02
3377	1.155578e+02
3378	1.158655e+02
3379	1.161595e+02
3380	1.164592e+02
3381	1.167268e+02
3382	1.169622e+02
3383	1.172668e+02
3384	1.174642e+02
3385	1.175842e+02
3386	1.176890e+02
3387	1.177706e+02
3388	1.178642e+02
3389	1.179162e+02
3390	1.179657e+02
3391	1.179515e+02
3392	1.179155e+02
3393	1.179256e+02
3394	1.179476e+02
3395	1.178359e+02
3396	1.176270e+02
3397	1.174854e+02
3398	1.173004e+02
3399	1.170347e+02
3400	1.167331e+02
3401	1.164241e+02
3402	1.160514e+02
3403	1.156332e+02
3404	1.151367e+02
3405	1.146099e+02
3406	1.140399e+02
3407	1.133857e+02
3408	1.127078e+02
3409	1.119529e+02
3410	1.111893e+02
3411	1.104214e+02
3412	1.096696e+02
3413	1.089289e+02
3414	1.083540e+02
3415	1.078050e+02
3416	1.072455e+02
3417	1.067229e+02
3418	1.062933e+02
3419	1.058990e+02
3420	1.055568e+02
3421	1.051424e+02
3422	1.047799e+02
3423	1.044958e+02
3424	1.042734e+02
3425	1.040949e+02
3426	1.039593e+02
3427	1.038774e+02
3428	1.038062e+02
3429	1.039409e+02
3430	1.042741e+02
3431	1.047602e+02
3432	1.053818e+02
3433	1.060039e+02
3434	1.067333e+02
3435	1.075678e+02
3436	1.083999e+02
3437	1.093162e+02
3438	1.103421e+02
3439	1.113808e+02
3440	1.124663e+02
3441	1.135238e+02
3442	1.145610e+02
3443	1.155411e+02
3444	1.164877e+02
3445	1.174391e+02
3446	1.183616e+02
3447	1.192637e+02
3448	1.201307e+02
3449	1.208931e+02
3450	1.215943e+02
3451	1.222487e+02
3452	1.227987e+02
3453	1.232201e+02
3454	1.235020e+02
3455	1.235792e+02
3456	1.235610e+02
3457	1.234463e+02
3458	1.232613e+02
3459	1.230172e+02
3460	1.227580e+02
3461	1.224431e+02
3462	1.221060e+02
3463	1.217195e+02
3464	1.213553e+02
3465	1.209338e+02
3466	1.204279e+02
3467	1.198407e+02
3468	1.192750e+02
3469	1.187337e+02
3470	1.182093e+02
3471	1.175192e+02
3472	1.168580e+02
3473	1.161172e+02
3474	1.153764e+02
3475	1.145019e+02
3476	1.135978e+02
3477	1.127284e+02
3478	1.118823e+02
3479	1.110707e+02
3480	1.102957e+02
3481	1.095584e+02
3482	1.088921e+02
3483	1.083359e+02
3484	1.078859e+02
3485	1.074082e+02
3486	1.069462e+02
3487	1.063794e+02
3488	1.059078e+02
3489	1.054068e+02
3490	1.049111e+02
3491	1.044067e+02
3492	1.039758e+02
3493	1.036083e+02
3494	1.032916e+02
3495	1.031140e+02
3496	1.029751e+02
3497	1.028879e+02
3498	1.029019e+02
3499	1.030186e+02
3500	1.031903e+02
3501	1.034216e+02
3502	1.036855e+02
3503	1.040094e+02
3504	1.043530e+02
3505	1.047478e+02
3506	1.051139e+02
3507	1.054901e+02
3508	1.059147e+02
3509	1.063071e+02
3510	1.066947e+02
3511	1.071074e+02
3512	1.074889e+02
3513	1.078031e+02
3514	1.080909e+02
3515	1.084017e+02
3516	1.086469e+02
3517	1.088595e+02
3518	1.091579e+02
3519	1.094670e+02
3520	1.097766e+02
3521	1.101040e+02
3522	1.104256e+02
3523	1.107961e+02
3524	1.111512e+02
3525	1.114597e+02
3526	1.118467e+02
3527	1.121980e+02
3528	1.126344e+02
3529	1.130712e+02
3530	1.134700e+02
3531	1.138782e+02
3532	1.142620e+02
3533	1.146859e+02
3534	1.150292e+02
3535	1.153483e+02
3536	1.156722e+02
3537	1.160249e+02
3538	1.164110e+02
3539	1.168090e+02
3540	1.172910e+02
3541	1.178500e+02
3542	1.184305e+02
3543	1.190988e+02
3544	1.197381e+02
3545	1.202020e+02
3546	1.206611e+02
3547	1.210274e+02
3548	1.213400e+02
3549	1.215716e+02
3550	1.217575e+02
3551	1.219007e+02
3552	1.220194e+02
3553	1.220112e+02
3554	1.219744e+02
3555	1.217854e+02
3556	1.215217e+02
3557	1.211583e+02
3558	1.206453e+02
3559	1.200518e+02
3560	1.194090e+02
3561	1.186367e+02
3562	1.177546e+02
3563	1.167564e+02
3564	1.157689e+02
3565	1.147527e+02
3566	1.137815e+02
3567	1.127908e+02
3568	1.118980e+02
3569	1.109803e+02
3570	1.101222e+02
3571	1.093319e+02
3572	1.085729e+02
3573	1.078907e+02
3574	1.072297e+02
3575	1.066027e+02
3576	1.059583e+02
3577	1.053339e+02
3578	1.047154e+02
3579	1.041509e+02
3580	1.036733e+02
3581	1.032666e+02
3582	1.029046e+02
3583	1.025605e+02
3584	1.022585e+02
3585	1.020391e+02
3586	1.019388e+02
3587	1.019857e+02
3588	1.021378e+02
3589	1.024016e+02
3590	1.028269e+02
3591	1.032625e+02
3592	1.038410e+02
3593	1.045154e+02
3594	1.051860e+02
3595	1.057933e+02
3596	1.064044e+02
3597	1.070145e+02
3598	1.075989e+02
3599	1.081558e+02
3600	1.087219e+02
3601	1.093153e+02
3602	1.098832e+02
3603	1.103623e+02
3604	1.107892e+02
3605	1.111911e+02
3606	1.115082e+02
3607	1.117955e+02
3608	1.120012e+02
3609	1.121534e+02
3610	1.123061e+02
3611	1.124381e+02
3612	1.125536e+02
3613	1.126626e+02
3614	1.127919e+02
3615	1.129351e+02
3616	1.131369e+02
3617	1.133909e+02
3618	1.136367e+02
3619	1.139403e+02
3620	1.142880e+02
3621	1.146780e+02
3622	1.150489e+02
3623	1.154073e+02
3624	1.157278e+02
3625	1.160740e+02
3626	1.164513e+02
3627	1.168368e+02
3628	1.172442e+02
3629	1.176164e+02
3630	1.179309e+02
3631	1.182835e+02
3632	1.187288e+02
3633	1.191276e+02
3634	1.195293e+02
3635	1.199078e+02
3636	1.203333e+02
3637	1.207098e+02
3638	1.210795e+02
3639	1.214392e+02
3640	1.219158e+02
3641	1.223612e+02
3642	1.227466e+02
3643	1.231222e+02
3644	1.233613e+02
3645	1.235691e+02
3646	1.236843e+02
3647	1.238173e+02
3648	1.239174e+02
3649	1.239568e+02
3650	1.239711e+02
3651	1.238722e+02
3652	1.236648e+02
3653	1.234039e+02
3654	1.231270e+02
3655	1.228741e+02
3656	1.226594e+02
3657	1.224608e+02
3658	1.222957e+02
3659	1.220979e+02
3660	1.218744e+02
3661	1.216522e+02
3662	1.214945e+02
3663	1.213010e+02
3664	1.210959e+02
3665	1.208338e+02
3666	1.205636e+02
3667	1.202528e+02
3668	1.198877e+02
3669	1.195397e+02
3670	1.190710e+02
3671	1.185820e+02
3672	1.180421e+02
3673	1.175591e+02
3674	1.170174e+02
3675	1.164650e+02
3676	1.158809e+02
3677	1.153061e+02
3678	1.147467e+02
3679	1.141486e+02
3680	1.135632e+02
3681	1.130090e+02
3682	1.125264e+02
3683	1.120668e+02
3684	1.115399e+02
3685	1.110331e+02
3686	1.105499e+02
3687	1.101350e+02
3688	1.098024e+02
3689	1.094373e+02
3690	1.091898e+02
3691	1.089680e+02
3692	1.087495e+02
3693	1.085427e+02
3694	1.083426e+02
3695	1.082136e+02
3696	1.081410e+02
3697	1.081258e+02
3698	1.082108e+02
3699	1.083307e+02
3700	1.084951e+02
3701	1.087046e+02
3702	1.090034e+02
3703	1.093854e+02
3704	1.097403e+02
3705	1.101175e+02
3706	1.105098e+02
3707	1.108966e+02
3708	1.112450e+02
3709	1.115312e+02
3710	1.117747e+02
3711	1.119560e+02
3712	1.120356e+02
3713	1.120787e+02
3714	1.121137e+02
3715	1.119959e+02
3716	1.117774e+02
3717	1.115045e+02
3718	1.112688e+02
3719	1.109705e+02
3720	1.106743e+02
3721	1.103764e+02
3722	1.100408e+02
3723	1.097058e+02
3724	1.093812e+02
3725	1.090331e+02
3726	1.087448e+02
3727	1.084737e+02
3728	1.082614e+02
3729	1.080783e+02
3730	1.079359e+02
3731	1.078497e+02
3732	1.078255e+02
3733	1.078612e+02
3734	1.079695e+02
3735	1.081041e+02
3736	1.083023e+02
3737	1.086406e+02
3738	1.090449e+02
3739	1.094577e+02
3740	1.098300e+02
3741	1.102497e+02
3742	1.107369e+02
3743	1.113715e+02
3744	1.120196e+02
3745	1.127544e+02
3746	1.134990e+02
3747	1.142220e+02
3748	1.149345e+02
3749	1.157108e+02
3750	1.164431e+02
3751	1.171014e+02
3752	1.176883e+02
3753	1.182404e+02
3754	1.186994e+02
3755	1.190788e+02
3756	1.193707e+02
3757	1.196457e+02
3758	1.198428e+02
3759	1.199863e+02
3760	1.200474e+02
3761	1.200563e+02
3762	1.200409e+02
3763	1.200002e+02
3764	1.198535e+02
3765	1.195664e+02
3766	1.191581e+02
3767	1.186487e+02
3768	1.180847e+02
3769	1.174911e+02
3770	1.167841e+02
3771	1.160660e+02
3772	1.153199e+02
3773	1.145425e+02
3774	1.137306e+02
3775	1.129518e+02
3776	1.121822e+02
3777	1.113923e+02
3778	1.106198e+02
3779	1.098783e+02
3780	1.090941e+02
3781	1.083538e+02
3782	1.076672e+02
3783	1.069621e+02
3784	1.063064e+02
3785	1.057440e+02
3786	1.051820e+02
3787	1.047000e+02
3788	1.042886e+02
3789	1.038617e+02
3790	1.035292e+02
3791	1.032896e+02
3792	1.031492e+02
3793	1.030606e+02
3794	1.030567e+02
3795	1.030802e+02
3796	1.031828e+02
3797	1.034364e+02
3798	1.037880e+02
3799	1.042290e+02
3800	1.047118e+02
3801	1.052394e+02
3802	1.057763e+02
3803	1.063086e+02
3804	1.067807e+02
3805	1.071857e+02
3806	1.075599e+02
3807	1.079639e+02
3808	1.083530e+02
3809	1.086784e+02
3810	1.089996e+02
3811	1.091863e+02
3812	1.092808e+02
3813	1.093272e+02
3814	1.093358e+02
3815	1.092804e+02
3816	1.091943e+02
3817	1.091082e+02
3818	1.090062e+02
3819	1.087942e+02
3820	1.085527e+02
3821	1.083156e+02
3822	1.079880e+02
3823	1.076549e+02
3824	1.072990e+02
3825	1.068962e+02
3826	1.065304e+02
3827	1.062339e+02
3828	1.060467e+02
3829	1.058959e+02
3830	1.057637e+02
3831	1.057617e+02
3832	1.057736e+02
3833	1.058260e+02
3834	1.059443e+02
3835	1.061148e+02
3836	1.063544e+02
3837	1.066720e+02
3838	1.070270e+02
3839	1.073854e+02
3840	1.077562e+02
3841	1.081401e+02
3842	1.085596e+02
3843	1.089455e+02
3844	1.092780e+02
3845	1.095573e+02
3846	1.098112e+02
3847	1.100246e+02
3848	1.102743e+02
3849	1.105441e+02
3850	1.107671e+02
3851	1.110065e+02
3852	1.112718e+02
3853	1.114781e+02
3854	1.116294e+02
3855	1.117732e+02
3856	1.119528e+02
3857	1.121128e+02
3858	1.122490e+02
3859	1.123685e+02
3860	1.124916e+02
3861	1.125776e+02
3862	1.126045e+02
3863	1.125288e+02
3864	1.124543e+02
3865	1.123700e+02
3866	1.122836e+02
3867	1.121442e+02
3868	1.119902e+02
3869	1.118130e+02
3870	1.115387e+02
3871	1.112086e+02
3872	1.108566e+02
3873	1.103465e+02
3874	1.098272e+02
3875	1.092273e+02
3876	1.086601e+02
3877	1.079799e+02
3878	1.073298e+02
3879	1.067248e+02
3880	1.062026e+02
3881	1.057268e+02
3882	1.053744e+02
3883	1.051340e+02
3884	1.049348e+02
3885	1.048054e+02
3886	1.047278e+02
3887	1.045688e+02
3888	1.045015e+02
3889	1.044855e+02
3890	1.044636e+02
3891	1.045911e+02
3892	1.047845e+02
3893	1.049752e+02
3894	1.051931e+02
3895	1.054324e+02
3896	1.057442e+02
3897	1.061799e+02
3898	1.066779e+02
3899	1.071620e+02
3900	1.076690e+02
3901	1.081222e+02
3902	1.086164e+02
3903	1.091305e+02
3904	1.096645e+02
3905	1.102001e+02
3906	1.106307e+02
3907	1.110536e+02
3908	1.114406e+02
3909	1.116986e+02
3910	1.119554e+02
3911	1.121865e+02
3912	1.124118e+02
3913	1.126142e+02
3914	1.127629e+02
3915	1.128013e+02
3916	1.127993e+02
3917	1.127630e+02
3918	1.127819e+02
3919	1.127375e+02
3920	1.126836e+02
3921	1.125626e+02
3922	1.124486e+02
3923	1.123287e+02
3924	1.122323e+02
3925	1.121280e+02
3926	1.120606e+02
3927	1.119085e+02
3928	1.117814e+02
3929	1.116391e+02
3930	1.114730e+02
3931	1.113258e+02
3932	1.111555e+02
3933	1.109277e+02
3934	1.106374e+02
3935	1.103025e+02
3936	1.099477e+02
3937	1.095592e+02
3938	1.091496e+02
3939	1.088328e+02
3940	1.084498e+02
3941	1.080828e+02
3942	1.077231e+02
3943	1.074416e+02
3944	1.072217e+02
3945	1.070375e+02
3946	1.069332e+02
3947	1.068505e+02
3948	1.067775e+02
3949	1.067789e+02
3950	1.068092e+02
3951	1.068875e+02
3952	1.070057e+02
3953	1.071075e+02
3954	1.072659e+02
3955	1.073894e+02
3956	1.075469e+02
3957	1.076805e+02
3958	1.077274e+02
3959	1.076835e+02
3960	1.076879e+02
3961	1.076782e+02
3962	1.076752e+02
3963	1.076650e+02
3964	1.076963e+02
3965	1.077605e+02
3966	1.078298e+02
3967	1.078329e+02
3968	1.078211e+02
3969	1.078135e+02
3970	1.077693e+02
3971	1.077285e+02
3972	1.076323e+02
3973	1.075844e+02
3974	1.074671e+02
3975	1.073893e+02
3976	1.073655e+02
3977	1.074037e+02
3978	1.073517e+02
3979	1.073238e+02
3980	1.073393e+02
3981	1.073443e+02
3982	1.074000e+02
3983	1.075089e+02
3984	1.076551e+02
3985	1.077667e+02
3986	1.078873e+02
3987	1.079709e+02
3988	1.081022e+02
3989	1.082896e+02
3990	1.084553e+02
3991	1.086501e+02
3992	1.088438e+02
3993	1.089879e+02
3994	1.090971e+02
3995	1.092339e+02
3996	1.093367e+02
3997	1.095023e+02
3998	1.095608e+02
3999	1.096007e+02
4000	1.096156e+02
4001	1.096956e+02
4002	1.098352e+02
4003	1.099142e+02
4004	1.099937e+02
4005	1.100255e+02
4006	1.100001e+02
4007	1.100903e+02
4008	1.101064e+02
4009	1.101318e+02
4010	1.101466e+02
4011	1.102884e+02
4012	1.104958e+02
4013	1.106952e+02
4014	1.108509e+02
4015	1.110689e+02
4016	1.113076e+02
4017	1.115370e+02
4018	1.117836e+02
4019	1.119977e+02
4020	1.122307e+02
4021	1.124060e+02
4022	1.126005e+02
4023	1.126863e+02
4024	1.127733e+02
4025	1.129091e+02
4026	1.129602e+02
4027	1.129753e+02
4028	1.130629e+02
4029	1.131377e+02
4030	1.132829e+02
4031	1.134147e+02
4032	1.135139e+02
4033	1.136317e+02
4034	1.137869e+02
4035	1.139390e+02
4036	1.141226e+02
4037	1.143020e+02
4038	1.144551e+02
4039	1.145991e+02
4040	1.146284e+02
4041	1.146399e+02
4042	1.145989e+02
4043	1.145477e+02
4044	1.144663e+02
4045	1.142820e+02
4046	1.140401e+02
4047	1.137984e+02
4048	1.134966e+02
4049	1.132410e+02
4050	1.130939e+02
4051	1.129637e+02
4052	1.128530e+02
4053	1.127471e+02
4054	1.126803e+02
4055	1.126019e+02
4056	1.125891e+02
4057	1.124758e+02
4058	1.124862e+02
4059	1.125446e+02
4060	1.126523e+02
4061	1.127953e+02
4062	1.130208e+02
4063	1.131656e+02
4064	1.133983e+02
4065	1.135962e+02
4066	1.138057e+02
4067	1.140646e+02
4068	1.142683e+02
4069	1.143733e+02
4070	1.145073e+02
4071	1.145680e+02
4072	1.145963e+02
4073	1.145868e+02
4074	1.146307e+02
4075	1.146752e+02
4076	1.147374e+02
4077	1.148678e+02
4078	1.149871e+02
4079	1.150939e+02
4080	1.151453e+02
4081	1.150917e+02
4082	1.150051e+02
4083	1.148183e+02
4084	1.145454e+02
4085	1.141249e+02
4086	1.135939e+02
4087	1.130277e+02
4088	1.124753e+02
4089	1.119009e+02
4090	1.113190e+02
4091	1.108281e+02
4092	1.103501e+02
4093	1.099035e+02
4094	1.095141e+02
4095	1.091450e+02
4096	1.087968e+02
4097	1.084722e+02
4098	1.081035e+02
4099	1.077554e+02
4100	1.075207e+02
4101	1.073434e+02
4102	1.072569e+02
4103	1.072143e+02
4104	1.071859e+02
4105	1.071819e+02
4106	1.072287e+02
4107	1.071981e+02
4108	1.071685e+02
4109	1.071940e+02
4110	1.072621e+02
4111	1.073140e+02
4112	1.074070e+02
4113	1.074692e+02
4114	1.075600e+02
4115	1.076567e+02
4116	1.077745e+02
4117	1.079433e+02
4118	1.081346e+02
4119	1.083800e+02
4120	1.086740e+02
4121	1.090226e+02
4122	1.093771e+02
4123	1.096989e+02
4124	1.099703e+02
4125	1.102461e+02
4126	1.105707e+02
4127	1.109945e+02
4128	1.114474e+02
4129	1.119118e+02
4130	1.124118e+02
4131	1.128439e+02
4132	1.132712e+02
4133	1.136600e+02
4134	1.140672e+02
4135	1.144642e+02
4136	1.148292e+02
4137	1.151852e+02
4138	1.154324e+02
4139	1.156987e+02
4140	1.159353e+02
4141	1.161501e+02
4142	1.163113e+02
4143	1.164628e+02
4144	1.165835e+02
4145	1.166428e+02
4146	1.166083e+02
4147	1.164862e+02
4148	1.162926e+02
4149	1.160559e+02
4150	1.157944e+02
4151	1.154664e+02
4152	1.150751e+02
4153	1.146199e+02
4154	1.141009e+02
4155	1.135871e+02
4156	1.130939e+02
4157	1.125610e+02
4158	1.121056e+02
4159	1.116010e+02
4160	1.111087e+02
4161	1.106230e+02
4162	1.101349e+02
4163	1.096104e+02
4164	1.091913e+02
4165	1.087635e+02
4166	1.084173e+02
4167	1.080875e+02
4168	1.077558e+02
4169	1.074128e+02
4170	1.071264e+02
4171	1.068434e+02
4172	1.066635e+02
4173	1.064412e+02
4174	1.062629e+02
4175	1.061182e+02
4176	1.060163e+02
4177	1.058808e+02
4178	1.057985e+02
4179	1.056799e+02
4180	1.055902e+02
4181	1.055625e+02
4182	1.055588e+02
4183	1.055887e+02
4184	1.056379e+02
4185	1.057553e+02
4186	1.059091e+02
4187	1.061245e+02
4188	1.063571e+02
4189	1.066986e+02
4190	1.071218e+02
4191	1.076020e+02
4192	1.080506e+02
4193	1.084397e+02
4194	1.087294e+02
4195	1.089635e+02
4196	1.091058e+02
4197	1.092149e+02
4198	1.092966e+02
4199	1.093454e+02
4200	1.093457e+02
4201	1.092739e+02
4202	1.092409e+02
4203	1.091443e+02
4204	1.090034e+02
4205	1.088698e+02
4206	1.086839e+02
4207	1.084670e+02
4208	1.082466e+02
4209	1.079353e+02
4210	1.076168e+02
4211	1.072941e+02
4212	1.069279e+02
4213	1.065463e+02
4214	1.062085e+02
4215	1.059215e+02
4216	1.056658e+02
4217	1.054128e+02
4218	1.051762e+02
4219	1.049780e+02
4220	1.048516e+02
4221	1.047946e+02
4222	1.048486e+02
4223	1.049526e+02
4224	1.051419e+02
4225	1.053522e+02
4226	1.055767e+02
4227	1.057802e+02
4228	1.059933e+02
4229	1.062661e+02
4230	1.065401e+02
4231	1.069122e+02
4232	1.073075e+02
4233	1.077159e+02
4234	1.081215e+02
4235	1.084990e+02
4236	1.088273e+02
4237	1.090165e+02
4238	1.092782e+02
4239	1.094380e+02
4240	1.096658e+02
4241	1.097937e+02
4242	1.099570e+02
4243	1.101485e+02
4244	1.102203e+02
4245	1.102676e+02
4246	1.103267e+02
4247	1.103672e+02
4248	1.104196e+02
4249	1.105480e+02
4250	1.106104e+02
4251	1.105616e+02
4252	1.105289e+02
4253	1.105219e+02
4254	1.104889e+02
4255	1.104354e+02
4256	1.103875e+02
4257	1.103519e+02
4258	1.102487e+02
4259	1.101138e+02
4260	1.099910e+02
4261	1.097647e+02
4262	1.096177e+02
4263	1.094309e+02
4264	1.092640e+02
4265	1.091446e+02
4266	1.091058e+02
4267	1.091377e+02
4268	1.092332e+02
4269	1.093579e+02
4270	1.094796e+02
4271	1.096550e+02
4272	1.099416e+02
4273	1.102427e+02
4274	1.106062e+02
4275	1.110290e+02
4276	1.114576e+02
4277	1.119598e+02
4278	1.124869e+02
4279	1.130377e+02
4280	1.136927e+02
4281	1.142667e+02
4282	1.148282e+02
4283	1.152865e+02
4284	1.157547e+02
4285	1.162828e+02
4286	1.167306e+02
4287	1.171474e+02
4288	1.175052e+02
4289	1.178195e+02
4290	1.180160e+02
4291	1.181558e+02
4292	1.182486e+02
4293	1.183607e+02
4294	1.183916e+02
4295	1.183778e+02
4296	1.183432e+02
4297	1.182048e+02
4298	1.180444e+02
4299	1.177640e+02
4300	1.173705e+02
4301	1.168970e+02
4302	1.163221e+02
4303	1.156993e+02
4304	1.150143e+02
4305	1.142576e+02
4306	1.134655e+02
4307	1.126700e+02
4308	1.118787e+02
4309	1.110208e+02
4310	1.101607e+02
4311	1.092836e+02
4312	1.084797e+02
4313	1.077212e+02
4314	1.070040e+02
4315	1.063266e+02
4316	1.057002e+02
4317	1.050748e+02
4318	1.045622e+02
4319	1.042218e+02
4320	1.039412e+02
4321	1.036306e+02
4322	1.034201e+02
4323	1.032607e+02
4324	1.031368e+02
4325	1.031342e+02
4326	1.032611e+02
4327	1.034553e+02
4328	1.037188e+02
4329	1.040411e+02
4330	1.045362e+02
4331	1.050309e+02
4332	1.055710e+02
4333	1.061067e+02
4334	1.066681e+02
4335	1.072488e+02
4336	1.078455e+02
4337	1.083860e+02
4338	1.089720e+02
4339	1.095145e+02
4340	1.100625e+02
4341	1.106379e+02
4342	1.112022e+02
4343	1.117831e+02
4344	1.123550e+02
4345	1.129495e+02
4346	1.135042e+02
4347	1.139082e+02
4348	1.142982e+02
4349	1.145534e+02
4350	1.147321e+02
4351	1.148916e+02
4352	1.149601e+02
4353	1.149979e+02
4354	1.149900e+02
4355	1.149402e+02
4356	1.149231e+02
4357	1.148191e+02
4358	1.147632e+02
4359	1.146536e+02
4360	1.144917e+02
4361	1.143473e+02
4362	1.141588e+02
4363	1.140181e+02
4364	1.138786e+02
4365	1.137618e+02
4366	1.138000e+02
4367	1.139026e+02
4368	1.140577e+02
4369	1.142232e+02
4370	1.143719e+02
4371	1.144882e+02
4372	1.145736e+02
4373	1.146618e+02
4374	1.148249e+02
4375	1.149014e+02
4376	1.149151e+02
4377	1.148213e+02
4378	1.146706e+02
4379	1.143818e+02
4380	1.140670e+02
4381	1.137236e+02
4382	1.134060e+02
4383	1.130315e+02
4384	1.126943e+02
4385	1.123390e+02
4386	1.119829e+02
4387	1.116087e+02
4388	1.111306e+02
4389	1.106416e+02
4390	1.100775e+02
4391	1.094846e+02
4392	1.089664e+02
4393	1.085130e+02
4394	1.080364e+02
4395	1.075345e+02
4396	1.069728e+02
4397	1.064871e+02
4398	1.060011e+02
4399	1.055316e+02
4400	1.050217e+02
4401	1.046363e+02
4402	1.043370e+02
4403	1.040678e+02
4404	1.038669e+02
4405	1.037082e+02
4406	1.036045e+02
4407	1.035223e+02
4408	1.035282e+02
4409	1.035740e+02
4410	1.036640e+02
4411	1.037838e+02
4412	1.038966e+02
4413	1.042433e+02
4414	1.046993e+02
4415	1.051329e+02
4416	1.056046e+02
4417	1.061385e+02
4418	1.066737e+02
4419	1.072543e+02
4420	1.078339e+02
4421	1.084434e+02
4422	1.090407e+02
4423	1.096841e+02
4424	1.103898e+02
4425	1.111463e+02
4426	1.118623e+02
4427	1.125094e+02
4428	1.132187e+02
4429	1.138561e+02
4430	1.145082e+02
4431	1.151370e+02
4432	1.157464e+02
4433	1.164182e+02
4434	1.171414e+02
4435	1.178123e+02
4436	1.184562e+02
4437	1.190596e+02
4438	1.196435e+02
4439	1.200564e+02
4440	1.203886e+02
4441	1.205993e+02
4442	1.207018e+02
4443	1.206436e+02
4444	1.205731e+02
4445	1.204644e+02
4446	1.203348e+02
4447	1.201861e+02
4448	1.199545e+02
4449	1.196779e+02
4450	1.193594e+02
4451	1.189550e+02
4452	1.184660e+02
4453	1.178958e+02
4454	1.172658e+02
4455	1.165745e+02
4456	1.158394e+02
4457	1.150119e+02
4458	1.141022e+02
4459	1.132687e+02
4460	1.123381e+02
4461	1.114019e+02
4462	1.104137e+02
4463	1.094415e+02
4464	1.085320e+02
4465	1.076883e+02
4466	1.068905e+02
4467	1.060898e+02
4468	1.053682e+02
4469	1.046866e+02
4470	1.041359e+02
4471	1.036406e+02
4472	1.031692e+02
4473	1.027802e+02
4474	1.025362e+02
4475	1.023375e+02
4476	1.022402e+02
4477	1.022506e+02
4478	1.023658e+02
4479	1.024761e+02
4480	1.026752e+02
4481	1.029070e+02
4482	1.031617e+02
4483	1.035479e+02
4484	1.040065e+02
4485	1.044974e+02
4486	1.050497e+02
4487	1.056983e+02
4488	1.063846e+02
4489	1.071155e+02
4490	1.078790e+02
4491	1.087799e+02
4492	1.097511e+02
4493	1.107864e+02
4494	1.119160e+02
4495	1.130331e+02
4496	1.142226e+02
4497	1.153906e+02
4498	1.165274e+02
4499	1.177022e+02
4500	1.188823e+02
4501	1.199891e+02
4502	1.210068e+02
4503	1.218985e+02
4504	1.225656e+02
4505	1.232129e+02
4506	1.237680e+02
4507	1.241811e+02
4508	1.245488e+02
4509	1.247396e+02
4510	1.247598e+02
4511	1.246507e+02
4512	1.245291e+02
4513	1.242802e+02
4514	1.239598e+02
4515	1.235245e+02
4516	1.229137e+02
4517	1.222317e+02
4518	1.214833e+02
4519	1.207152e+02
4520	1.198591e+02
4521	1.188805e+02
4522	1.178690e+02
4523	1.168323e+02
4524	1.157840e+02
4525	1.147370e+02
4526	1.137693e+02
4527	1.128292e+02
4528	1.119545e+02
4529	1.112097e+02
4530	1.105108e+02
4531	1.098649e+02
4532	1.092876e+02
4533	1.088230e+02
4534	1.083532e+02
4535	1.078812e+02
4536	1.074979e+02
4537	1.071160e+02
4538	1.068273e+02
4539	1.066835e+02
4540	1.064999e+02
4541	1.063328e+02
4542	1.061268e+02
4543	1.059344e+02
4544	1.057451e+02
4545	1.055921e+02
4546	1.054803e+02
4547	1.052977e+02
4548	1.051887e+02
4549	1.051966e+02
4550	1.052378e+02
4551	1.052435e+02
4552	1.052319e+02
4553	1.051719e+02
4554	1.050689e+02
4555	1.050637e+02
4556	1.050877e+02
4557	1.049886e+02
4558	1.048486e+02
4559	1.046183e+02
4560	1.044305e+02
4561	1.042606e+02
4562	1.040040e+02
4563	1.037646e+02
4564	1.035083e+02
4565	1.032458e+02
4566	1.029125e+02
4567	1.026341e+02
4568	1.023126e+02
4569	1.020109e+02
4570	1.017348e+02
4571	1.014440e+02
4572	1.011138e+02
4573	1.009171e+02
4574	1.006974e+02
4575	1.005460e+02
4576	1.004780e+02
4577	1.004825e+02
4578	1.005821e+02
4579	1.007513e+02
4580	1.010444e+02
4581	1.014040e+02
4582	1.018215e+02
4583	1.022786e+02
4584	1.027454e+02
4585	1.032608e+02
4586	1.038568e+02
4587	1.045126e+02
4588	1.052157e+02
4589	1.058841e+02
4590	1.066016e+02
4591	1.072865e+02
4592	1.079083e+02
4593	1.084854e+02
4594	1.089657e+02
4595	1.094219e+02
4596	1.098235e+02
4597	1.102183e+02
4598	1.105436e+02
4599	1.109579e+02
4600	1.114140e+02
4601	1.118533e+02
4602	1.122956e+02
4603	1.126806e+02
4604	1.130011e+02
4605	1.133671e+02
4606	1.137705e+02
4607	1.140901e+02
4608	1.143723e+02
4609	1.146610e+02
4610	1.148564e+02
4611	1.149988e+02
4612	1.150157e+02
4613	1.150016e+02
4614	1.148737e+02
4615	1.147603e+02
4616	1.145991e+02
4617	1.143735e+02
4618	1.139641e+02
4619	1.135810e+02
4620	1.131919e+02
4621	1.128070e+02
4622	1.124548e+02
4623	1.120780e+02
4624	1.117492e+02
4625	1.113583e+02
4626	1.109178e+02
4627	1.104344e+02
4628	1.099926e+02
4629	1.096180e+02
4630	1.092571e+02
4631	1.088245e+02
4632	1.084176e+02
4633	1.079950e+02
4634	1.075904e+02
4635	1.071972e+02
4636	1.068075e+02
4637	1.065264e+02
4638	1.062506e+02
4639	1.060358e+02
4640	1.057793e+02
4641	1.055268e+02
4642	1.053207e+02
4643	1.051759e+02
4644	1.050971e+02
4645	1.050055e+02
4646	1.049939e+02
4647	1.050380e+02
4648	1.051062e+02
4649	1.052150e+02
4650	1.053515e+02
4651	1.055263e+02
4652	1.057402e+02
4653	1.060280e+02
4654	1.063440e+02
4655	1.066713e+02
4656	1.070273e+02
4657	1.074133e+02
4658	1.077958e+02
4659	1.081251e+02
4660	1.084518e+02
4661	1.088050e+02
4662	1.091811e+02
4663	1.094725e+02
4664	1.096720e+02
4665	1.098775e+02
4666	1.100395e+02
4667	1.101155e+02
4668	1.101267e+02
4669	1.101205e+02
4670	1.100564e+02
4671	1.098956e+02
4672	1.097813e+02
4673	1.096085e+02
4674	1.093747e+02
4675	1.091055e+02
4676	1.087779e+02
4677	1.084278e+02
4678	1.080173e+02
4679	1.075192e+02
4680	1.070425e+02
4681	1.065084e+02
4682	1.060028e+02
4683	1.054953e+02
4684	1.049964e+02
4685	1.045107e+02
4686	1.041564e+02
4687	1.038085e+02
4688	1.036384e+02
4689	1.035398e+02
4690	1.035133e+02
4691	1.035948e+02
4692	1.038375e+02
4693	1.042647e+02
4694	1.047072e+02
4695	1.052701e+02
4696	1.058950e+02
4697	1.065461e+02
4698	1.072477e+02
4699	1.078951e+02
4700	1.085104e+02
4701	1.090907e+02
4702	1.096854e+02
4703	1.102005e+02
4704	1.106602e+02
4705	1.110684e+02
4706	1.113441e+02
4707	1.115611e+02
4708	1.117041e+02
4709	1.118048e+02
4710	1.118660e+02
4711	1.118216e+02
4712	1.117311e+02
4713	1.116750e+02
4714	1.115987e+02
4715	1.114975e+02
4716	1.113863e+02
4717	1.112568e+02
4718	1.111159e+02
4719	1.109045e+02
4720	1.106393e+02
4721	1.103204e+02
4722	1.100160e+02
4723	1.096603e+02
4724	1.092254e+02
4725	1.087337e+02
4726	1.081999e+02
4727	1.075935e+02
4728	1.069265e+02
4729	1.062621e+02
4730	1.055830e+02
4731	1.049082e+02
4732	1.042697e+02
4733	1.036420e+02
4734	1.030496e+02
4735	1.024071e+02
4736	1.017279e+02
4737	1.010461e+02
4738	1.004248e+02
4739	9.982971e+01
4740	9.932399e+01
4741	9.900037e+01
4742	9.869225e+01
4743	9.843676e+01
4744	9.825796e+01
4745	9.810514e+01
4746	9.797223e+01
4747	9.789732e+01
4748	9.787683e+01
4749	9.799097e+01
4750	9.817222e+01
4751	9.841591e+01
4752	9.872876e+01
4753	9.910379e+01
4754	9.959301e+01
4755	1.001362e+02
4756	1.007952e+02
4757	1.015639e+02
4758	1.024395e+02
4759	1.033556e+02
4760	1.043610e+02
4761	1.054234e+02
4762	1.065102e+02
4763	1.075856e+02
4764	1.087766e+02
4765	1.100107e+02
4766	1.112721e+02
4767	1.124492e+02
4768	1.135885e+02
4769	1.146680e+02
4770	1.156473e+02
4771	1.165101e+02
4772	1.172453e+02
4773	1.179012e+02
4774	1.184542e+02
4775	1.188737e+02
4776	1.191848e+02
4777	1.193924e+02
4778	1.194518e+02
4779	1.194155e+02
4780	1.192387e+02
4781	1.189261e+02
4782	1.184963e+02
4783	1.179937e+02
4784	1.173750e+02
4785	1.166927e+02
4786	1.159151e+02
4787	1.150579e+02
4788	1.141894e+02
4789	1.132757e+02
4790	1.123983e+02
4791	1.114778e+02
4792	1.106184e+02
4793	1.097719e+02
4794	1.089195e+02
4795	1.081043e+02
4796	1.073047e+02
4797	1.065935e+02
4798	1.059146e+02
4799	1.053123e+02
4800	1.047594e+02
4801	1.042291e+02
4802	1.037304e+02
4803	1.032782e+02
4804	1.028845e+02
4805	1.025428e+02
4806	1.021494e+02
4807	1.018140e+02
4808	1.015465e+02
4809	1.013538e+02
4810	1.012415e+02
4811	1.012251e+02
4812	1.012845e+02
4813	1.014051e+02
4814	1.014894e+02
4815	1.016882e+02
4816	1.019544e+02
4817	1.022611e+02
4818	1.026612e+02
4819	1.030883e+02
4820	1.035583e+02
4821	1.041390e+02
4822	1.048084e+02
4823	1.056123e+02
4824	1.064601e+02
4825	1.073659e+02
4826	1.083716e+02
4827	1.093334e+02
4828	1.101782e+02
4829	1.110295e+02
4830	1.118674e+02
4831	1.126534e+02
4832	1.132873e+02
4833	1.138916e+02
4834	1.144891e+02
4835	1.149369e+02
4836	1.151607e+02
4837	1.153322e+02
4838	1.154322e+02
4839	1.155341e+02
4840	1.154978e+02
4841	1.153543e+02
4842	1.152252e+02
4843	1.150701e+02
4844	1.148706e+02
4845	1.146014e+02
4846	1.143031e+02
4847	1.140459e+02
4848	1.138049e+02
4849	1.136578e+02
4850	1.135308e+02
4851	1.134173e+02
4852	1.133547e+02
4853	1.132980e+02
4854	1.132888e+02
4855	1.132623e+02
4856	1.132339e+02
4857	1.132292e+02
4858	1.132395e+02
4859	1.132108e+02
4860	1.131978e+02
4861	1.131825e+02
4862	1.131550e+02
4863	1.131642e+02
4864	1.131804e+02
4865	1.132513e+02
4866	1.133056e+02
4867	1.133478e+02
4868	1.134241e+02
4869	1.135265e+02
4870	1.136271e+02
4871	1.136342e+02
4872	1.136520e+02
4873	1.137053e+02
4874	1.136931e+02
4875	1.136847e+02
4876	1.136124e+02
4877	1.134793e+02
4878	1.132960e+02
4879	1.130690e+02
4880	1.128194e+02
4881	1.124585e+02
4882	1.119959e+02
4883	1.114993e+02
4884	1.109552e+02
4885	1.103752e+02
4886	1.097647e+02
4887	1.091343e+02
4888	1.085290e+02
4889	1.078645e+02
4890	1.071739e+02
4891	1.065588e+02
4892	1.059597e+02
4893	1.053546e+02
4894	1.047894e+02
4895	1.042492e+02
4896	1.036954e+02
4897	1.031543e+02
4898	1.026533e+02
4899	1.022041e+02
4900	1.018360e+02
4901	1.014491e+02
4902	1.010876e+02
4903	1.007660e+02
4904	1.004641e+02
4905	1.002083e+02
4906	9.999871e+01
4907	9.981207e+01
4908	9.973715e+01
4909	9.985565e+01
4910	1.001055e+02
4911	1.004645e+02
4912	1.008579e+02
4913	1.013341e+02
4914	1.018870e+02
4915	1.024935e+02
4916	1.031439e+02
4917	1.038624e+02
4918	1.046236e+02
4919	1.054080e+02
4920	1.062410e+02
4921	1.070960e+02
4922	1.079605e+02
4923	1.087361e+02
4924	1.094069e+02
4925	1.100069e+02
4926	1.105235e+02
4927	1.109751e+02
4928	1.113966e+02
4929	1.117103e+02
4930	1.119324e+02
4931	1.119844e+02
4932	1.120960e+02
4933	1.121516e+02
4934	1.121522e+02
4935	1.121015e+02
4936	1.120615e+02
4937	1.120124e+02
4938	1.119070e+02
4939	1.118569e+02
4940	1.117042e+02
4941	1.115411e+02
4942	1.112864e+02
4943	1.109669e+02
4944	1.106179e+02
4945	1.102744e+02
4946	1.099132e+02
4947	1.095334e+02
4948	1.090543e+02
4949	1.085377e+02
4950	1.079977e+02
4951	1.074293e+02
4952	1.068506e+02
4953	1.062815e+02
4954	1.056873e+02
4955	1.050660e+02
4956	1.045314e+02
4957	1.040617e+02
4958	1.036184e+02
4959	1.032386e+02
4960	1.029611e+02
4961	1.027876e+02
4962	1.027790e+02
4963	1.028134e+02
4964	1.028618e+02
4965	1.029633e+02
4966	1.030129e+02
4967	1.031227e+02
4968	1.031763e+02
4969	1.032005e+02
4970	1.032234e+02
4971	1.032172e+02
4972	1.032533e+02
4973	1.032799e+02
4974	1.032720e+02
4975	1.032537e+02
4976	1.032669e+02
4977	1.033535e+02
4978	1.034123e+02
4979	1.034597e+02
4980	1.035033e+02
4981	1.035329e+02
4982	1.035959e+02
4983	1.037187e+02
4984	1.038199e+02
4985	1.039557e+02
4986	1.040835e+02
4987	1.041577e+02
4988	1.042141e+02
4989	1.041926e+02
4990	1.041533e+02
4991	1.040682e+02
4992	1.040251e+02
4993	1.040073e+02
4994	1.039763e+02
4995	1.039064e+02
4996	1.038417e+02
4997	1.037855e+02
4998	1.037610e+02
4999	1.037506e+02
