# Step	Measurement
1	1.149599e+02
2	1.142410e+02
3	1.136741e+02
4	1.131672e+02
5	1.126751e+02
6	1.121366e+02
7	1.117613e+02
8	1.114122e+02
9	1.110986e+02
10	1.108771e+02
11	1.106453e+02
12	1.104506e+02
13	1.102231e+02
14	1.099861e+02
15	1.097298e+02
16	1.095049e+02
17	1.093839e+02
18	1.092601e+02
19	1.093046e+02
20	1.093857e+02
21	1.093940e+02
22	1.093888e+02
23	1.094668e+02
24	1.095427e+02
25	1.096976e+02
26	1.097883e+02
27	1.098796e+02
28	1.099900e+02
29	1.100935e+02
30	1.101916e+02
31	1.103797e+02
32	1.105538e+02
33	1.107007e+02
34	1.108151e+02
35	1.109470e+02
36	1.110372e+02
37	1.111466e+02
38	1.112876e+02
39	1.114533e+02
40	1.116647e+02
41	1.119834e+02
42	1.123249e+02
43	1.126862e+02
44	1.130104e+02
45	1.134832e+02
46	1.139344e+02
47	1.144130e+02
48	1.149867e+02
49	1.155094e+02
50	1.160150e+02
51	1.165768e+02
52	1.170674e+02
53	1.176015e+02
54	1.181650e+02
55	1.186877e+02
56	1.191222e+02
57	1.195577e+02
58	1.199207e+02
59	1.202185e+02
60	1.204350e+02
61	1.206130e+02
62	1.206645e+02
63	1.206839e+02
64	1.206973e+02
65	1.206900e+02
66	1.206293e+02
67	1.205603e+02
68	1.203465e+02
69	1.201065e+02
70	1.198378e+02
71	1.195888e+02
72	1.193099e+02
73	1.190679e+02
74	1.187973e+02
75	1.184412e+02
76	1.179961e+02
77	1.175189e+02
78	1.169848e+02
79	1.164021e+02
80	1.158256e+02
81	1.152643e+02
82	1.146800e+02
83	1.140782e+02
84	1.135746e+02
85	1.130612e+02
86	1.125554e+02
87	1.120548e+02
88	1.115715e+02
89	1.111621e+02
90	1.107563e+02
91	1.103552e+02
92	1.100402e+02
93	1.097574e+02
94	1.094332e+02
95	1.090879e+02
96	1.088507e+02
97	1.086625e+02
98	1.084440e+02
99	1.081803e+02
100	1.080491e+02
101	1.080138e+02
102	1.080568e+02
103	1.081507e+02
104	1.082734e+02
105	1.084495e+02
106	1.086772e+02
107	1.089755e+02
108	1.093995e+02
109	1.098823e+02
110	1.105447e+02
111	1.112598e+02
112	1.119182e+02
113	1.125988e+02
114	1.132197e+02
115	1.137602e+02
116	1.142911e+02
117	1.147137e+02
118	1.151686e+02
119	1.156161e+02
120	1.160086e+02
121	1.164455e+02
122	1.168732e+02
123	1.173290e+02
124	1.177981e+02
125	1.182830e+02
126	1.187211e+02
127	1.192729e+02
128	1.199141e+02
129	1.204856e+02
130	1.209975e+02
131	1.215548e+02
132	1.221271e+02
133	1.226479e+02
134	1.231416e+02
135	1.235430e+02
136	1.238067e+02
137	1.240240e+02
138	1.241784e+02
139	1.241943e+02
140	1.241160e+02
141	1.240084e+02
142	1.238735e+02
143	1.236380e+02
144	1.233624e+02
145	1.230734e+02
146	1.227402e+02
147	1.223583e+02
148	1.218957e+02
149	1.214006e+02
150	1.209418e+02
151	1.204406e+02
152	1.198356e+02
153	1.191227e+02
154	1.183893e+02
155	1.176362e+02
156	1.167755e+02
157	1.158794e+02
158	1.148983e+02
159	1.138973e+02
160	1.128473e+02
161	1.117868e+02
162	1.107418e+02
163	1.096964e+02
164	1.086968e+02
165	1.077415e+02
166	1.068655e+02
167	1.060651e+02
168	1.053414e+02
169	1.046176e+02
170	1.039856e+02
171	1.034719e+02
172	1.031095e+02
173	1.027775e+02
174	1.025192e+02
175	1.023507e+02
176	1.023356e+02
177	1.024261e+02
178	1.025398e+02
179	1.027654e+02
180	1.030101e+02
181	1.033029e+02
182	1.036406e+02
183	1.040080e+02
184	1.044938e+02
185	1.050015e+02
186	1.056095e+02
187	1.062996e+02
188	1.069570e+02
189	1.075715e+02
190	1.081498e+02
191	1.086977e+02
192	1.092287e+02
193	1.097422e+02
194	1.102420e+02
195	1.107877e+02
196	1.114027e+02
197	1.120465e+02
198	1.126811e+02
199	1.132606e+02
200	1.137603e+02
201	1.141740e+02
202	1.145574e+02
203	1.150001e+02
204	1.153884e+02
205	1.158001e+02
206	1.161047e+02
207	1.163175e+02
208	1.164431e+02
209	1.165804e+02
210	1.167585e+02
211	1.169155e+02
212	1.170023e+02
213	1.170495e+02
214	1.170252e+02
215	1.170528e+02
216	1.169945e+02
217	1.169378e+02
218	1.167756e+02
219	1.165041e+02
220	1.162506e+02
221	1.160333e+02
222	1.158098e+02
223	1.155218e+02
224	1.152589e+02
225	1.149667e+02
226	1.146505e+02
227	1.143647e+02
228	1.140154e+02
229	1.136140e+02
230	1.132507e+02
231	1.129491e+02
232	1.127282e+02
233	1.125306e+02
234	1.124387e+02
235	1.124076e+02
236	1.124320e+02
237	1.125188e+02
238	1.126592e+02
239	1.128575e+02
240	1.131426e+02
241	1.134930e+02
242	1.139081e+02
243	1.143740e+02
244	1.148376e+02
245	1.153046e+02
246	1.157315e+02
247	1.161678e+02
248	1.166382e+02
249	1.171364e+02
250	1.176758e+02
251	1.182251e+02
252	1.187687e+02
253	1.193007e+02
254	1.197835e+02
255	1.203091e+02
256	1.208390e+02
257	1.214118e+02
258	1.219732e+02
259	1.224504e+02
260	1.228831e+02
261	1.232400e+02
262	1.235829e+02
263	1.238808e+02
264	1.240498e+02
265	1.242540e+02
266	1.243876e+02
267	1.244267e+02
268	1.243803e+02
269	1.242283e+02
270	1.239601e+02
271	1.237166e+02
272	1.234404e+02
273	1.231229e+02
274	1.227757e+02
275	1.223595e+02
276	1.218573e+02
277	1.214058e+02
278	1.208577e+02
279	1.203439e+02
280	1.197464e+02
281	1.190991e+02
282	1.185272e+02
283	1.180512e+02
284	1.175407e+02
285	1.169473e+02
286	1.162956e+02
287	1.156996e+02
288	1.151539e+02
289	1.145965e+02
290	1.139913e+02
291	1.133592e+02
292	1.128381e+02
293	1.123061e+02
294	1.118416e+02
295	1.114443e+02
296	1.109924e+02
297	1.106569e+02
298	1.103706e+02
299	1.101801e+02
300	1.099755e+02
301	1.098194e+02
302	1.097834e+02
303	1.098198e+02
304	1.100199e+02
305	1.103725e+02
306	1.108154e+02
307	1.112518e+02
308	1.117030e+02
309	1.122277e+02
310	1.127845e+02
311	1.132751e+02
312	1.138369e+02
313	1.144309e+02
314	1.150485e+02
315	1.157013e+02
316	1.164337e+02
317	1.172151e+02
318	1.179669e+02
319	1.187042e+02
320	1.194688e+02
321	1.202635e+02
322	1.209569e+02
323	1.216195e+02
324	1.223174e+02
325	1.229463e+02
326	1.234222e+02
327	1.237826e+02
328	1.240967e+02
329	1.243276e+02
330	1.245706e+02
331	1.247561e+02
332	1.247962e+02
333	1.246978e+02
334	1.245669e+02
335	1.244248e+02
336	1.243096e+02
337	1.241287e+02
338	1.239854e+02
339	1.238166e+02
340	1.235624e+02
341	1.231817e+02
342	1.227023e+02
343	1.221881e+02
344	1.216211e+02
345	1.210468e+02
346	1.204194e+02
347	1.198106e+02
348	1.191760e+02
349	1.185815e+02
350	1.179587e+02
351	1.174972e+02
352	1.170295e+02
353	1.165575e+02
354	1.161299e+02
355	1.156356e+02
356	1.152247e+02
357	1.147989e+02
358	1.143630e+02
359	1.138794e+02
360	1.134555e+02
361	1.129215e+02
362	1.124627e+02
363	1.121556e+02
364	1.119376e+02
365	1.117921e+02
366	1.117075e+02
367	1.116214e+02
368	1.115241e+02
369	1.114316e+02
370	1.113735e+02
371	1.113301e+02
372	1.113435e+02
373	1.113810e+02
374	1.115245e+02
375	1.117011e+02
376	1.117987e+02
377	1.119027e+02
378	1.120431e+02
379	1.121497e+02
380	1.122840e+02
381	1.124062e+02
382	1.124883e+02
383	1.125541e+02
384	1.125699e+02
385	1.126429e+02
386	1.127059e+02
387	1.127766e+02
388	1.128224e+02
389	1.129111e+02
390	1.130034e+02
391	1.130059e+02
392	1.130734e+02
393	1.131596e+02
394	1.133252e+02
395	1.135273e+02
396	1.137720e+02
397	1.141079e+02
398	1.144508e+02
399	1.148584e+02
400	1.153568e+02
401	1.158319e+02
402	1.163379e+02
403	1.169108e+02
404	1.174232e+02
405	1.179415e+02
406	1.184885e+02
407	1.190375e+02
408	1.195245e+02
409	1.199602e+02
410	1.202823e+02
411	1.205712e+02
412	1.208593e+02
413	1.211196e+02
414	1.214145e+02
415	1.216828e+02
416	1.219511e+02
417	1.221760e+02
418	1.222736e+02
419	1.223477e+02
420	1.224143e+02
421	1.224310e+02
422	1.224903e+02
423	1.225834e+02
424	1.227091e+02
425	1.228222e+02
426	1.229985e+02
427	1.231542e+02
428	1.232325e+02
429	1.232798e+02
430	1.233145e+02
431	1.233667e+02
432	1.233864e+02
433	1.234005e+02
434	1.232803e+02
435	1.231464e+02
436	1.230222e+02
437	1.228915e+02
438	1.227516e+02
439	1.226050e+02
440	1.224286e+02
441	1.221064e+02
442	1.217474e+02
443	1.213738e+02
444	1.210622e+02
445	1.207459e+02
446	1.203797e+02
447	1.199195e+02
448	1.194321e+02
449	1.190298e+02
450	1.186680e+02
451	1.182735e+02
452	1.179442e+02
453	1.175770e+02
454	1.171993e+02
455	1.168465e+02
456	1.165006e+02
457	1.162305e+02
458	1.160662e+02
459	1.159514e+02
460	1.157932e+02
461	1.156702e+02
462	1.156190e+02
463	1.155026e+02
464	1.154593e+02
465	1.154222e+02
466	1.153332e+02
467	1.152913e+02
468	1.153185e+02
469	1.154473e+02
470	1.155611e+02
471	1.156867e+02
472	1.157967e+02
473	1.159779e+02
474	1.162011e+02
475	1.164572e+02
476	1.166594e+02
477	1.169342e+02
478	1.171773e+02
479	1.174570e+02
480	1.176291e+02
481	1.178998e+02
482	1.182419e+02
483	1.185642e+02
484	1.188489e+02
485	1.191838e+02
486	1.194201e+02
487	1.196349e+02
488	1.197221e+02
489	1.199145e+02
490	1.201410e+02
491	1.203038e+02
492	1.204850e+02
493	1.206018e+02
494	1.207037e+02
495	1.207743e+02
496	1.208511e+02
497	1.208903e+02
498	1.208952e+02
499	1.208525e+02
500	1.208251e+02
501	1.207801e+02
502	1.205965e+02
503	1.205045e+02
504	1.203296e+02
505	1.201796e+02
506	1.200139e+02
507	1.197947e+02
508	1.195713e+02
509	1.193133e+02
510	1.190328e+02
511	1.186970e+02
512	1.182758e+02
513	1.177670e+02
514	1.171736e+02
515	1.165233e+02
516	1.158264e+02
517	1.151238e+02
518	1.143789e+02
519	1.134420e+02
520	1.125347e+02
521	1.116719e+02
522	1.108716e+02
523	1.101148e+02
524	1.094368e+02
525	1.087479e+02
526	1.081083e+02
527	1.075898e+02
528	1.072398e+02
529	1.069773e+02
530	1.068447e+02
531	1.066991e+02
532	1.067202e+02
533	1.067956e+02
534	1.068456e+02
535	1.069694e+02
536	1.072213e+02
537	1.076050e+02
538	1.080973e+02
539	1.086793e+02
540	1.092936e+02
541	1.099183e+02
542	1.105586e+02
543	1.112168e+02
544	1.119134e+02
545	1.125881e+02
546	1.132391e+02
547	1.138497e+02
548	1.144768e+02
549	1.151130e+02
550	1.156991e+02
551	1.161686e+02
552	1.166616e+02
553	1.170744e+02
554	1.175861e+02
555	1.182101e+02
556	1.188377e+02
557	1.194497e+02
558	1.200240e+02
559	1.205878e+02
560	1.210669e+02
561	1.214348e+02
562	1.217625e+02
563	1.219082e+02
564	1.220078e+02
565	1.219657e+02
566	1.219056e+02
567	1.217914e+02
568	1.216440e+02
569	1.215049e+02
570	1.212980e+02
571	1.210459e+02
572	1.208256e+02
573	1.205696e+02
574	1.202027e+02
575	1.198332e+02
576	1.193556e+02
577	1.188857e+02
578	1.184784e+02
579	1.181409e+02
580	1.177425e+02
581	1.173525e+02
582	1.169021e+02
583	1.165020e+02
584	1.161114e+02
585	1.157353e+02
586	1.153580e+02
587	1.149684e+02
588	1.145677e+02
589	1.141578e+02
590	1.137425e+02
591	1.133926e+02
592	1.129782e+02
593	1.126042e+02
594	1.122339e+02
595	1.119041e+02
596	1.117060e+02
597	1.114694e+02
598	1.112501e+02
599	1.110280e+02
600	1.109050e+02
601	1.108246e+02
602	1.108938e+02
603	1.110277e+02
604	1.112212e+02
605	1.115196e+02
606	1.119073e+02
607	1.123393e+02
608	1.127105e+02
609	1.130997e+02
610	1.135059e+02
611	1.138949e+02
612	1.142613e+02
613	1.146081e+02
614	1.149131e+02
615	1.151040e+02
616	1.152348e+02
617	1.153613e+02
618	1.154982e+02
619	1.156029e+02
620	1.156922e+02
621	1.157475e+02
622	1.157917e+02
623	1.158482e+02
624	1.159303e+02
625	1.159506e+02
626	1.159420e+02
627	1.159629e+02
628	1.159532e+02
629	1.159130e+02
630	1.158613e+02
631	1.157212e+02
632	1.156162e+02
633	1.154881e+02
634	1.153231e+02
635	1.150617e+02
636	1.147753e+02
637	1.145354e+02
638	1.143619e+02
639	1.141327e+02
640	1.138778e+02
641	1.136535e+02
642	1.133785e+02
643	1.130537e+02
644	1.128549e+02
645	1.126559e+02
646	1.124393e+02
647	1.121946e+02
648	1.120065e+02
649	1.118557e+02
650	1.118363e+02
651	1.118648e+02
652	1.119517e+02
653	1.120450e+02
654	1.121014e+02
655	1.122272e+02
656	1.123530e+02
657	1.125486e+02
658	1.127460e+02
659	1.129696e+02
660	1.133231e+02
661	1.137346e+02
662	1.141603e+02
663	1.146397e+02
664	1.152367e+02
665	1.157780e+02
666	1.164004e+02
667	1.170085e+02
668	1.175901e+02
669	1.181698e+02
670	1.187930e+02
671	1.194186e+02
672	1.201220e+02
673	1.208153e+02
674	1.215781e+02
675	1.222927e+02
676	1.229570e+02
677	1.236314e+02
678	1.242910e+02
679	1.249045e+02
680	1.255806e+02
681	1.261817e+02
682	1.266576e+02
683	1.269841e+02
684	1.272489e+02
685	1.274031e+02
686	1.274800e+02
687	1.274615e+02
688	1.273710e+02
689	1.272066e+02
690	1.270646e+02
691	1.268349e+02
692	1.266369e+02
693	1.264870e+02
694	1.261751e+02
695	1.257876e+02
696	1.253764e+02
697	1.248732e+02
698	1.243561e+02
699	1.238600e+02
700	1.232345e+02
701	1.225346e+02
702	1.218725e+02
703	1.211636e+02
704	1.205425e+02
705	1.199998e+02
706	1.193998e+02
707	1.187765e+02
708	1.181442e+02
709	1.174742e+02
710	1.167633e+02
711	1.160582e+02
712	1.154436e+02
713	1.149763e+02
714	1.145450e+02
715	1.141840e+02
716	1.139428e+02
717	1.137952e+02
718	1.137128e+02
719	1.137365e+02
720	1.138341e+02
721	1.140190e+02
722	1.142580e+02
723	1.145074e+02
724	1.148863e+02
725	1.153031e+02
726	1.157276e+02
727	1.161656e+02
728	1.165094e+02
729	1.167962e+02
730	1.171100e+02
731	1.173836e+02
732	1.176471e+02
733	1.179871e+02
734	1.183505e+02
735	1.186617e+02
736	1.190065e+02
737	1.193504e+02
738	1.197059e+02
739	1.201861e+02
740	1.206563e+02
741	1.211590e+02
742	1.215859e+02
743	1.219730e+02
744	1.222995e+02
745	1.226776e+02
746	1.230713e+02
747	1.233979e+02
748	1.236531e+02
749	1.238213e+02
750	1.239841e+02
751	1.240886e+02
752	1.241550e+02
753	1.241461e+02
754	1.239849e+02
755	1.238328e+02
756	1.236566e+02
757	1.234588e+02
758	1.233053e+02
759	1.231166e+02
760	1.228703e+02
761	1.226241e+02
762	1.224049e+02
763	1.220983e+02
764	1.217186e+02
765	1.213935e+02
766	1.209449e+02
767	1.205554e+02
768	1.200980e+02
769	1.196567e+02
770	1.191606e+02
771	1.186467e+02
772	1.181058e+02
773	1.175870e+02
774	1.169822e+02
775	1.164063e+02
776	1.157904e+02
777	1.152173e+02
778	1.145865e+02
779	1.139238e+02
780	1.133081e+02
781	1.127560e+02
782	1.122483e+02
783	1.118271e+02
784	1.114858e+02
785	1.112095e+02
786	1.109792e+02
787	1.108322e+02
788	1.107915e+02
789	1.108430e+02
790	1.109851e+02
791	1.112008e+02
792	1.115571e+02
793	1.119582e+02
794	1.124407e+02
795	1.130413e+02
796	1.136798e+02
797	1.144482e+02
798	1.152346e+02
799	1.159831e+02
800	1.168417e+02
801	1.176927e+02
802	1.185382e+02
803	1.192801e+02
804	1.200846e+02
805	1.209164e+02
806	1.216796e+02
807	1.224447e+02
808	1.231600e+02
809	1.238993e+02
810	1.246736e+02
811	1.252549e+02
812	1.257693e+02
813	1.261647e+02
814	1.265224e+02
815	1.268808e+02
816	1.272077e+02
817	1.275131e+02
818	1.278193e+02
819	1.279953e+02
820	1.280624e+02
821	1.280080e+02
822	1.277928e+02
823	1.275684e+02
824	1.272452e+02
825	1.268022e+02
826	1.262686e+02
827	1.257559e+02
828	1.252426e+02
829	1.247409e+02
830	1.242403e+02
831	1.236907e+02
832	1.231375e+02
833	1.225336e+02
834	1.220297e+02
835	1.214981e+02
836	1.208634e+02
837	1.202305e+02
838	1.195449e+02
839	1.188422e+02
840	1.181330e+02
841	1.173472e+02
842	1.165920e+02
843	1.158325e+02
844	1.151117e+02
845	1.144662e+02
846	1.138429e+02
847	1.132179e+02
848	1.125379e+02
849	1.119316e+02
850	1.113197e+02
851	1.108125e+02
852	1.103427e+02
853	1.098832e+02
854	1.094642e+02
855	1.091551e+02
856	1.089109e+02
857	1.087578e+02
858	1.086489e+02
859	1.085863e+02
860	1.085844e+02
861	1.086916e+02
862	1.088682e+02
863	1.090464e+02
864	1.093034e+02
865	1.095761e+02
866	1.099972e+02
867	1.105026e+02
868	1.111415e+02
869	1.117673e+02
870	1.124642e+02
871	1.131959e+02
872	1.141055e+02
873	1.150233e+02
874	1.159532e+02
875	1.168743e+02
876	1.178472e+02
877	1.188938e+02
878	1.198272e+02
879	1.207645e+02
880	1.216931e+02
881	1.225890e+02
882	1.234796e+02
883	1.242936e+02
884	1.250830e+02
885	1.258138e+02
886	1.266241e+02
887	1.273638e+02
888	1.281593e+02
889	1.289391e+02
890	1.297160e+02
891	1.303445e+02
892	1.309474e+02
893	1.314628e+02
894	1.319568e+02
895	1.324028e+02
896	1.327431e+02
897	1.330163e+02
898	1.330685e+02
899	1.330103e+02
900	1.329038e+02
901	1.326807e+02
902	1.324164e+02
903	1.319982e+02
904	1.315802e+02
905	1.309940e+02
906	1.304497e+02
907	1.298044e+02
908	1.289956e+02
909	1.281573e+02
910	1.272706e+02
911	1.263344e+02
912	1.253939e+02
913	1.244213e+02
914	1.233556e+02
915	1.222673e+02
916	1.211878e+02
917	1.201308e+02
918	1.190860e+02
919	1.179473e+02
920	1.168605e+02
921	1.157113e+02
922	1.145632e+02
923	1.133358e+02
924	1.121249e+02
925	1.109704e+02
926	1.098303e+02
927	1.087761e+02
928	1.076837e+02
929	1.067359e+02
930	1.058380e+02
931	1.050531e+02
932	1.043480e+02
933	1.036991e+02
934	1.030805e+02
935	1.024717e+02
936	1.019318e+02
937	1.015212e+02
938	1.011612e+02
939	1.008812e+02
940	1.006771e+02
941	1.005648e+02
942	1.005882e+02
943	1.007375e+02
944	1.009352e+02
945	1.012398e+02
946	1.015688e+02
947	1.019893e+02
948	1.024762e+02
949	1.030745e+02
950	1.037354e+02
951	1.044865e+02
952	1.053064e+02
953	1.061793e+02
954	1.071389e+02
955	1.081669e+02
956	1.092267e+02
957	1.103110e+02
958	1.114022e+02
959	1.125597e+02
960	1.136907e+02
961	1.148260e+02
962	1.160022e+02
963	1.171696e+02
964	1.182822e+02
965	1.192773e+02
966	1.201648e+02
967	1.209545e+02
968	1.216922e+02
969	1.223594e+02
970	1.230230e+02
971	1.236271e+02
972	1.242359e+02
973	1.247307e+02
974	1.251777e+02
975	1.255256e+02
976	1.259503e+02
977	1.263476e+02
978	1.266984e+02
979	1.269401e+02
980	1.270295e+02
981	1.269688e+02
982	1.268630e+02
983	1.266213e+02
984	1.263490e+02
985	1.260633e+02
986	1.257414e+02
987	1.252559e+02
988	1.247425e+02
989	1.241658e+02
990	1.235720e+02
991	1.229079e+02
992	1.222285e+02
993	1.215308e+02
994	1.208298e+02
995	1.200453e+02
996	1.192971e+02
997	1.185351e+02
998	1.177085e+02
999	1.168194e+02
1000	1.158785e+02
1001	1.149871e+02
1002	1.140607e+02
1003	1.131955e+02
1004	1.124056e+02
1005	1.115862e+02
1006	1.108028e+02
1007	1.100422e+02
1008	1.093361e+02
1009	1.086702e+02
1010	1.080371e+02
1011	1.075999e+02
1012	1.072299e+02
1013	1.069115e+02
1014	1.066556e+02
1015	1.064471e+02
1016	1.062708e+02
1017	1.061569e+02
1018	1.061253e+02
1019	1.060816e+02
1020	1.060617e+02
1021	1.062648e+02
1022	1.065202e+02
1023	1.067630e+02
1024	1.070673e+02
1025	1.074489e+02
1026	1.079087e+02
1027	1.083742e+02
1028	1.088430e+02
1029	1.092978e+02
1030	1.096934e+02
1031	1.100658e+02
1032	1.105261e+02
1033	1.110451e+02
1034	1.115407e+02
1035	1.120880e+02
1036	1.126021e+02
1037	1.130885e+02
1038	1.136361e+02
1039	1.141834e+02
1040	1.146094e+02
1041	1.150581e+02
1042	1.154102e+02
1043	1.157873e+02
1044	1.160302e+02
1045	1.163061e+02
1046	1.166361e+02
1047	1.169289e+02
1048	1.171820e+02
1049	1.173899e+02
1050	1.175328e+02
1051	1.176632e+02
1052	1.178106e+02
1053	1.179298e+02
1054	1.180146e+02
1055	1.180584e+02
1056	1.180280e+02
1057	1.180207e+02
1058	1.180475e+02
1059	1.180098e+02
1060	1.179364e+02
1061	1.178091e+02
1062	1.176636e+02
1063	1.174439e+02
1064	1.172462e+02
1065	1.170436e+02
1066	1.168748e+02
1067	1.166164e+02
1068	1.164088e+02
1069	1.161389e+02
1070	1.158202e+02
1071	1.155846e+02
1072	1.153219e+02
1073	1.150888e+02
1074	1.148447e+02
1075	1.145917e+02
1076	1.143232e+02
1077	1.140587e+02
1078	1.138136e+02
1079	1.135123e+02
1080	1.132525e+02
1081	1.129358e+02
1082	1.126173e+02
1083	1.123052e+02
1084	1.120186e+02
1085	1.118283e+02
1086	1.117207e+02
1087	1.117161e+02
1088	1.117452e+02
1089	1.118589e+02
1090	1.119922e+02
1091	1.122117e+02
1092	1.124403e+02
1093	1.126572e+02
1094	1.128812e+02
1095	1.131035e+02
1096	1.133470e+02
1097	1.136781e+02
1098	1.140550e+02
1099	1.143364e+02
1100	1.145477e+02
1101	1.148390e+02
1102	1.150662e+02
1103	1.152754e+02
1104	1.155875e+02
1105	1.159796e+02
1106	1.162486e+02
1107	1.165338e+02
1108	1.168083e+02
1109	1.170678e+02
1110	1.173982e+02
1111	1.177189e+02
1112	1.180207e+02
1113	1.181811e+02
1114	1.183598e+02
1115	1.184923e+02
1116	1.185721e+02
1117	1.185699e+02
1118	1.186095e+02
1119	1.186055e+02
1120	1.186183e+02
1121	1.186080e+02
1122	1.185211e+02
1123	1.183684e+02
1124	1.181721e+02
1125	1.179389e+02
1126	1.176149e+02
1127	1.172254e+02
1128	1.168105e+02
1129	1.162805e+02
1130	1.156952e+02
1131	1.150183e+02
1132	1.144262e+02
1133	1.137476e+02
1134	1.130338e+02
1135	1.122842e+02
1136	1.115303e+02
1137	1.108251e+02
1138	1.101644e+02
1139	1.094124e+02
1140	1.086025e+02
1141	1.078256e+02
1142	1.070965e+02
1143	1.064570e+02
1144	1.059340e+02
1145	1.054660e+02
1146	1.050715e+02
1147	1.047561e+02
1148	1.044897e+02
1149	1.043510e+02
1150	1.042541e+02
1151	1.043242e+02
1152	1.044501e+02
1153	1.046585e+02
1154	1.049322e+02
1155	1.051812e+02
1156	1.055077e+02
1157	1.059266e+02
1158	1.064173e+02
1159	1.070489e+02
1160	1.077953e+02
1161	1.085906e+02
1162	1.094200e+02
1163	1.101691e+02
1164	1.109208e+02
1165	1.116686e+02
1166	1.123888e+02
1167	1.131088e+02
1168	1.137419e+02
1169	1.143188e+02
1170	1.148602e+02
1171	1.153712e+02
1172	1.159707e+02
1173	1.166222e+02
1174	1.173638e+02
1175	1.180666e+02
1176	1.187563e+02
1177	1.194706e+02
1178	1.202344e+02
1179	1.209754e+02
1180	1.217628e+02
1181	1.224712e+02
1182	1.230155e+02
1183	1.235672e+02
1184	1.241015e+02
1185	1.245158e+02
1186	1.249369e+02
1187	1.252972e+02
1188	1.256863e+02
1189	1.260735e+02
1190	1.263793e+02
1191	1.267101e+02
1192	1.270164e+02
1193	1.272497e+02
1194	1.273823e+02
1195	1.274102e+02
1196	1.272706e+02
1197	1.271758e+02
1198	1.270207e+02
1199	1.268468e+02
1200	1.266042e+02
1201	1.263409e+02
1202	1.260059e+02
1203	1.256492e+02
1204	1.252592e+02
1205	1.248125e+02
1206	1.243422e+02
1207	1.236980e+02
1208	1.230143e+02
1209	1.222244e+02
1210	1.213257e+02
1211	1.203042e+02
1212	1.191537e+02
1213	1.180141e+02
1214	1.168126e+02
1215	1.156046e+02
1216	1.144234e+02
1217	1.131909e+02
1218	1.119698e+02
1219	1.107716e+02
1220	1.096284e+02
1221	1.085640e+02
1222	1.074808e+02
1223	1.064927e+02
1224	1.054619e+02
1225	1.044291e+02
1226	1.033662e+02
1227	1.024613e+02
1228	1.016576e+02
1229	1.009763e+02
1230	1.003679e+02
1231	9.983469e+01
1232	9.947761e+01
1233	9.922098e+01
1234	9.903755e+01
1235	9.890924e+01
1236	9.889411e+01
1237	9.892341e+01
1238	9.909296e+01
1239	9.936887e+01
1240	9.979164e+01
1241	1.003938e+02
1242	1.010744e+02
1243	1.018621e+02
1244	1.028655e+02
1245	1.040226e+02
1246	1.052752e+02
1247	1.065995e+02
1248	1.079570e+02
1249	1.094231e+02
1250	1.108516e+02
1251	1.123493e+02
1252	1.138309e+02
1253	1.152804e+02
1254	1.167390e+02
1255	1.181327e+02
1256	1.194053e+02
1257	1.205936e+02
1258	1.217637e+02
1259	1.229026e+02
1260	1.239352e+02
1261	1.249249e+02
1262	1.258413e+02
1263	1.267226e+02
1264	1.275929e+02
1265	1.283729e+02
1266	1.290979e+02
1267	1.297810e+02
1268	1.303744e+02
1269	1.309687e+02
1270	1.314979e+02
1271	1.319006e+02
1272	1.322442e+02
1273	1.324991e+02
1274	1.327546e+02
1275	1.330218e+02
1276	1.332242e+02
1277	1.334127e+02
1278	1.334761e+02
1279	1.334304e+02
1280	1.333654e+02
1281	1.331933e+02
1282	1.329478e+02
1283	1.326248e+02
1284	1.323158e+02
1285	1.319636e+02
1286	1.315634e+02
1287	1.311262e+02
1288	1.306797e+02
1289	1.301405e+02
1290	1.295802e+02
1291	1.290843e+02
1292	1.285747e+02
1293	1.281261e+02
1294	1.275854e+02
1295	1.270944e+02
1296	1.266146e+02
1297	1.260281e+02
1298	1.254861e+02
1299	1.249141e+02
1300	1.243203e+02
1301	1.237064e+02
1302	1.232136e+02
1303	1.227412e+02
1304	1.223021e+02
1305	1.219035e+02
1306	1.215101e+02
1307	1.210803e+02
1308	1.208072e+02
1309	1.205398e+02
1310	1.202370e+02
1311	1.198257e+02
1312	1.193811e+02
1313	1.188376e+02
1314	1.182921e+02
1315	1.177862e+02
1316	1.172684e+02
1317	1.167293e+02
1318	1.161783e+02
1319	1.155866e+02
1320	1.150055e+02
1321	1.145065e+02
1322	1.139676e+02
1323	1.133503e+02
1324	1.127340e+02
1325	1.121892e+02
1326	1.116074e+02
1327	1.110738e+02
1328	1.106368e+02
1329	1.102039e+02
1330	1.098174e+02
1331	1.094682e+02
1332	1.091780e+02
1333	1.088889e+02
1334	1.087041e+02
1335	1.085367e+02
1336	1.083911e+02
1337	1.083171e+02
1338	1.082265e+02
1339	1.081604e+02
1340	1.080871e+02
1341	1.080758e+02
1342	1.079979e+02
1343	1.080223e+02
1344	1.080420e+02
1345	1.081910e+02
1346	1.083879e+02
1347	1.086730e+02
1348	1.090543e+02
1349	1.095303e+02
1350	1.100532e+02
1351	1.105223e+02
1352	1.110488e+02
1353	1.115675e+02
1354	1.121190e+02
1355	1.126813e+02
1356	1.132754e+02
1357	1.138016e+02
1358	1.143332e+02
1359	1.148723e+02
1360	1.153052e+02
1361	1.156916e+02
1362	1.160403e+02
1363	1.163504e+02
1364	1.166649e+02
1365	1.169439e+02
1366	1.172668e+02
1367	1.175982e+02
1368	1.179066e+02
1369	1.182583e+02
1370	1.185555e+02
1371	1.188144e+02
1372	1.190058e+02
1373	1.191442e+02
1374	1.192501e+02
1375	1.193931e+02
1376	1.195326e+02
1377	1.198348e+02
1378	1.200423e+02
1379	1.202201e+02
1380	1.204515e+02
1381	1.207610e+02
1382	1.211499e+02
1383	1.215151e+02
1384	1.219077e+02
1385	1.222802e+02
1386	1.226723e+02
1387	1.230930e+02
1388	1.234766e+02
1389	1.237556e+02
1390	1.239693e+02
1391	1.241640e+02
1392	1.242296e+02
1393	1.242969e+02
1394	1.243814e+02
1395	1.244605e+02
1396	1.245774e+02
1397	1.246610e+02
1398	1.247083e+02
1399	1.246971e+02
1400	1.246456e+02
1401	1.245710e+02
1402	1.244731e+02
1403	1.243105e+02
1404	1.240730e+02
1405	1.237232e+02
1406	1.233990e+02
1407	1.229859e+02
1408	1.224527e+02
1409	1.218837e+02
1410	1.212391e+02
1411	1.206366e+02
1412	1.200154e+02
1413	1.194003e+02
1414	1.188308e+02
1415	1.183058e+02
1416	1.178443e+02
1417	1.173806e+02
1418	1.169164e+02
1419	1.165406e+02
1420	1.161215e+02
1421	1.157507e+02
1422	1.153729e+02
1423	1.150098e+02
1424	1.146213e+02
1425	1.142274e+02
1426	1.138200e+02
1427	1.133708e+02
1428	1.130909e+02
1429	1.127339e+02
1430	1.123782e+02
1431	1.120817e+02
1432	1.117473e+02
1433	1.115198e+02
1434	1.113001e+02
1435	1.111276e+02
1436	1.109419e+02
1437	1.108040e+02
1438	1.106613e+02
1439	1.104106e+02
1440	1.103008e+02
1441	1.102499e+02
1442	1.102454e+02
1443	1.103324e+02
1444	1.104201e+02
1445	1.104745e+02
1446	1.105516e+02
1447	1.107915e+02
1448	1.110704e+02
1449	1.113273e+02
1450	1.116083e+02
1451	1.118957e+02
1452	1.122738e+02
1453	1.127977e+02
1454	1.134005e+02
1455	1.140934e+02
1456	1.147141e+02
1457	1.152759e+02
1458	1.158424e+02
1459	1.164008e+02
1460	1.169513e+02
1461	1.174792e+02
1462	1.179062e+02
1463	1.183122e+02
1464	1.186982e+02
1465	1.191726e+02
1466	1.197438e+02
1467	1.202613e+02
1468	1.208163e+02
1469	1.213601e+02
1470	1.218866e+02
1471	1.223390e+02
1472	1.226585e+02
1473	1.229306e+02
1474	1.231965e+02
1475	1.234293e+02
1476	1.237608e+02
1477	1.239821e+02
1478	1.240063e+02
1479	1.239862e+02
1480	1.239860e+02
1481	1.240104e+02
1482	1.239469e+02
1483	1.237557e+02
1484	1.235689e+02
1485	1.232250e+02
1486	1.228731e+02
1487	1.225415e+02
1488	1.221607e+02
1489	1.217039e+02
1490	1.211677e+02
1491	1.206521e+02
1492	1.200980e+02
1493	1.195275e+02
1494	1.189629e+02
1495	1.183799e+02
1496	1.177707e+02
1497	1.171372e+02
1498	1.165946e+02
1499	1.160131e+02
1500	1.154121e+02
1501	1.148609e+02
1502	1.143570e+02
1503	1.137941e+02
1504	1.132656e+02
1505	1.127900e+02
1506	1.123359e+02
1507	1.119455e+02
1508	1.115122e+02
1509	1.111105e+02
1510	1.107648e+02
1511	1.102866e+02
1512	1.099126e+02
1513	1.096280e+02
1514	1.093220e+02
1515	1.090812e+02
1516	1.088512e+02
1517	1.087044e+02
1518	1.086244e+02
1519	1.086299e+02
1520	1.087283e+02
1521	1.089214e+02
1522	1.091885e+02
1523	1.094696e+02
1524	1.098137e+02
1525	1.101392e+02
1526	1.104253e+02
1527	1.107411e+02
1528	1.111409e+02
1529	1.116215e+02
1530	1.120167e+02
1531	1.124717e+02
1532	1.128808e+02
1533	1.132611e+02
1534	1.136733e+02
1535	1.140607e+02
1536	1.144117e+02
1537	1.148045e+02
1538	1.152086e+02
1539	1.155766e+02
1540	1.159935e+02
1541	1.162985e+02
1542	1.165751e+02
1543	1.168967e+02
1544	1.171884e+02
1545	1.175069e+02
1546	1.178448e+02
1547	1.182434e+02
1548	1.186503e+02
1549	1.190173e+02
1550	1.193911e+02
1551	1.197893e+02
1552	1.201665e+02
1553	1.205809e+02
1554	1.210265e+02
1555	1.215031e+02
1556	1.220202e+02
1557	1.225371e+02
1558	1.230583e+02
1559	1.235579e+02
1560	1.239441e+02
1561	1.243184e+02
1562	1.246847e+02
1563	1.250636e+02
1564	1.254382e+02
1565	1.258038e+02
1566	1.262202e+02
1567	1.266200e+02
1568	1.270322e+02
1569	1.273948e+02
1570	1.277650e+02
1571	1.280417e+02
1572	1.282918e+02
1573	1.284852e+02
1574	1.285837e+02
1575	1.286235e+02
1576	1.285738e+02
1577	1.284505e+02
1578	1.283002e+02
1579	1.281751e+02
1580	1.280000e+02
1581	1.278459e+02
1582	1.276086e+02
1583	1.273761e+02
1584	1.271738e+02
1585	1.269062e+02
1586	1.265675e+02
1587	1.263382e+02
1588	1.260638e+02
1589	1.256616e+02
1590	1.252134e+02
1591	1.247783e+02
1592	1.242506e+02
1593	1.237227e+02
1594	1.232123e+02
1595	1.227488e+02
1596	1.221735e+02
1597	1.216417e+02
1598	1.211628e+02
1599	1.207490e+02
1600	1.203235e+02
1601	1.198422e+02
1602	1.193544e+02
1603	1.188933e+02
1604	1.185043e+02
1605	1.182097e+02
1606	1.179741e+02
1607	1.177263e+02
1608	1.176098e+02
1609	1.174853e+02
1610	1.173652e+02
1611	1.172715e+02
1612	1.171538e+02
1613	1.169702e+02
1614	1.166934e+02
1615	1.163861e+02
1616	1.160618e+02
1617	1.157537e+02
1618	1.154542e+02
1619	1.152077e+02
1620	1.149569e+02
1621	1.147389e+02
1622	1.145096e+02
1623	1.142950e+02
1624	1.140489e+02
1625	1.138122e+02
1626	1.136682e+02
1627	1.135203e+02
1628	1.135054e+02
1629	1.135449e+02
1630	1.135749e+02
1631	1.136270e+02
1632	1.137079e+02
1633	1.138356e+02
1634	1.140146e+02
1635	1.141891e+02
1636	1.143586e+02
1637	1.145646e+02
1638	1.148899e+02
1639	1.152745e+02
1640	1.156324e+02
1641	1.160908e+02
1642	1.165205e+02
1643	1.169851e+02
1644	1.174657e+02
1645	1.179242e+02
1646	1.184212e+02
1647	1.189732e+02
1648	1.195276e+02
1649	1.200638e+02
1650	1.206576e+02
1651	1.212125e+02
1652	1.217871e+02
1653	1.222698e+02
1654	1.227202e+02
1655	1.231076e+02
1656	1.234489e+02
1657	1.237957e+02
1658	1.241042e+02
1659	1.242941e+02
1660	1.245756e+02
1661	1.248361e+02
1662	1.251618e+02
1663	1.254520e+02
1664	1.257149e+02
1665	1.258963e+02
1666	1.259574e+02
1667	1.259588e+02
1668	1.260738e+02
1669	1.260804e+02
1670	1.260453e+02
1671	1.260250e+02
1672	1.259490e+02
1673	1.258226e+02
1674	1.257179e+02
1675	1.255892e+02
1676	1.254161e+02
1677	1.251827e+02
1678	1.249603e+02
1679	1.247511e+02
1680	1.244916e+02
1681	1.242369e+02
1682	1.240409e+02
1683	1.239680e+02
1684	1.239376e+02
1685	1.238612e+02
1686	1.237383e+02
1687	1.237358e+02
1688	1.237318e+02
1689	1.237483e+02
1690	1.237322e+02
1691	1.236804e+02
1692	1.236447e+02
1693	1.236183e+02
1694	1.235893e+02
1695	1.236662e+02
1696	1.237673e+02
1697	1.238552e+02
1698	1.239305e+02
1699	1.240289e+02
1700	1.241492e+02
1701	1.242420e+02
1702	1.243932e+02
1703	1.245075e+02
1704	1.245667e+02
1705	1.245289e+02
1706	1.244229e+02
1707	1.242586e+02
1708	1.240529e+02
1709	1.239048e+02
1710	1.237204e+02
1711	1.236510e+02
1712	1.235749e+02
1713	1.235370e+02
1714	1.234528e+02
1715	1.233775e+02
1716	1.232512e+02
1717	1.230907e+02
1718	1.229934e+02
1719	1.228621e+02
1720	1.226715e+02
1721	1.224359e+02
1722	1.221405e+02
1723	1.217621e+02
1724	1.213825e+02
1725	1.209271e+02
1726	1.204676e+02
1727	1.199662e+02
1728	1.195718e+02
1729	1.191556e+02
1730	1.187533e+02
1731	1.183413e+02
1732	1.179086e+02
1733	1.175113e+02
1734	1.171569e+02
1735	1.168972e+02
1736	1.167181e+02
1737	1.165618e+02
1738	1.164504e+02
1739	1.164335e+02
1740	1.164296e+02
1741	1.163787e+02
1742	1.163581e+02
1743	1.162980e+02
1744	1.163452e+02
1745	1.164783e+02
1746	1.167329e+02
1747	1.169925e+02
1748	1.172914e+02
1749	1.175020e+02
1750	1.177905e+02
1751	1.181067e+02
1752	1.183991e+02
1753	1.187127e+02
1754	1.190422e+02
1755	1.193141e+02
1756	1.195812e+02
1757	1.199128e+02
1758	1.202410e+02
1759	1.206194e+02
1760	1.209676e+02
1761	1.213046e+02
1762	1.216341e+02
1763	1.219359e+02
1764	1.222139e+02
1765	1.225482e+02
1766	1.228284e+02
1767	1.231238e+02
1768	1.234059e+02
1769	1.236631e+02
1770	1.239210e+02
1771	1.242215e+02
1772	1.245638e+02
1773	1.248751e+02
1774	1.250926e+02
1775	1.252841e+02
1776	1.253861e+02
1777	1.254350e+02
1778	1.254605e+02
1779	1.255089e+02
1780	1.255252e+02
1781	1.255040e+02
1782	1.254434e+02
1783	1.253185e+02
1784	1.252448e+02
1785	1.252718e+02
1786	1.252297e+02
1787	1.251400e+02
1788	1.250511e+02
1789	1.249478e+02
1790	1.247867e+02
1791	1.245547e+02
1792	1.243357e+02
1793	1.241287e+02
1794	1.239144e+02
1795	1.237367e+02
1796	1.234561e+02
1797	1.232406e+02
1798	1.229415e+02
1799	1.225480e+02
1800	1.222019e+02
1801	1.218540e+02
1802	1.215333e+02
1803	1.211809e+02
1804	1.207646e+02
1805	1.203900e+02
1806	1.200277e+02
1807	1.195985e+02
1808	1.191588e+02
1809	1.187305e+02
1810	1.184251e+02
1811	1.181605e+02
1812	1.178841e+02
1813	1.175901e+02
1814	1.172875e+02
1815	1.169502e+02
1816	1.166916e+02
1817	1.164773e+02
1818	1.163658e+02
1819	1.162823e+02
1820	1.162688e+02
1821	1.162964e+02
1822	1.163691e+02
1823	1.164030e+02
1824	1.165161e+02
1825	1.166683e+02
1826	1.168827e+02
1827	1.171087e+02
1828	1.173994e+02
1829	1.177370e+02
1830	1.181365e+02
1831	1.186242e+02
1832	1.191611e+02
1833	1.196728e+02
1834	1.201627e+02
1835	1.206381e+02
1836	1.209893e+02
1837	1.214454e+02
1838	1.218800e+02
1839	1.222610e+02
1840	1.226029e+02
1841	1.229246e+02
1842	1.232594e+02
1843	1.235446e+02
1844	1.237819e+02
1845	1.240304e+02
1846	1.243187e+02
1847	1.245678e+02
1848	1.247480e+02
1849	1.249553e+02
1850	1.250456e+02
1851	1.250826e+02
1852	1.250600e+02
1853	1.250442e+02
1854	1.249894e+02
1855	1.249188e+02
1856	1.248474e+02
1857	1.247639e+02
1858	1.246607e+02
1859	1.245655e+02
1860	1.243522e+02
1861	1.241976e+02
1862	1.238999e+02
1863	1.234793e+02
1864	1.230369e+02
1865	1.225659e+02
1866	1.219413e+02
1867	1.211187e+02
1868	1.202667e+02
1869	1.193086e+02
1870	1.182893e+02
1871	1.171754e+02
1872	1.160010e+02
1873	1.148898e+02
1874	1.138655e+02
1875	1.129262e+02
1876	1.119430e+02
1877	1.109957e+02
1878	1.100914e+02
1879	1.092188e+02
1880	1.083123e+02
1881	1.074617e+02
1882	1.067266e+02
1883	1.060940e+02
1884	1.055335e+02
1885	1.050380e+02
1886	1.046925e+02
1887	1.043781e+02
1888	1.042034e+02
1889	1.040648e+02
1890	1.040036e+02
1891	1.040183e+02
1892	1.041099e+02
1893	1.042971e+02
1894	1.046016e+02
1895	1.050338e+02
1896	1.055341e+02
1897	1.060690e+02
1898	1.066668e+02
1899	1.073616e+02
1900	1.082095e+02
1901	1.091373e+02
1902	1.100845e+02
1903	1.111138e+02
1904	1.121723e+02
1905	1.133173e+02
1906	1.145489e+02
1907	1.157933e+02
1908	1.170588e+02
1909	1.184159e+02
1910	1.197670e+02
1911	1.211748e+02
1912	1.225116e+02
1913	1.237795e+02
1914	1.249685e+02
1915	1.261343e+02
1916	1.272748e+02
1917	1.283441e+02
1918	1.293372e+02
1919	1.303703e+02
1920	1.313591e+02
1921	1.322049e+02
1922	1.330404e+02
1923	1.338104e+02
1924	1.345244e+02
1925	1.350993e+02
1926	1.355909e+02
1927	1.360201e+02
1928	1.362470e+02
1929	1.363251e+02
1930	1.362136e+02
1931	1.360036e+02
1932	1.357377e+02
1933	1.353352e+02
1934	1.347926e+02
1935	1.340760e+02
1936	1.332989e+02
1937	1.323885e+02
1938	1.313916e+02
1939	1.303110e+02
1940	1.291603e+02
1941	1.280009e+02
1942	1.268289e+02
1943	1.256918e+02
1944	1.244849e+02
1945	1.232232e+02
1946	1.219495e+02
1947	1.207380e+02
1948	1.194577e+02
1949	1.180574e+02
1950	1.166630e+02
1951	1.152477e+02
1952	1.138616e+02
1953	1.125360e+02
1954	1.111905e+02
1955	1.098721e+02
1956	1.086728e+02
1957	1.074535e+02
1958	1.063818e+02
1959	1.054559e+02
1960	1.046826e+02
1961	1.041125e+02
1962	1.036219e+02
1963	1.032493e+02
1964	1.030532e+02
1965	1.030653e+02
1966	1.031505e+02
1967	1.033397e+02
1968	1.036314e+02
1969	1.040641e+02
1970	1.046228e+02
1971	1.053369e+02
1972	1.062273e+02
1973	1.071995e+02
1974	1.081666e+02
1975	1.091700e+02
1976	1.102124e+02
1977	1.113246e+02
1978	1.125413e+02
1979	1.136632e+02
1980	1.148327e+02
1981	1.160285e+02
1982	1.171596e+02
1983	1.183072e+02
1984	1.195251e+02
1985	1.207278e+02
1986	1.219609e+02
1987	1.231642e+02
1988	1.243976e+02
1989	1.256723e+02
1990	1.269957e+02
1991	1.281824e+02
1992	1.293104e+02
1993	1.303972e+02
1994	1.314480e+02
1995	1.323385e+02
1996	1.331191e+02
1997	1.339188e+02
1998	1.345966e+02
1999	1.353304e+02
2000	1.359523e+02
2001	1.364841e+02
2002	1.369754e+02
2003	1.372977e+02
2004	1.375030e+02
2005	1.376635e+02
2006	1.377023e+02
2007	1.375848e+02
2008	1.374010e+02
2009	1.370695e+02
2010	1.366457e+02
2011	1.361244e+02
2012	1.354806e+02
2013	1.347517e+02
2014	1.339744e+02
2015	1.330889e+02
2016	1.321539e+02
2017	1.311263e+02
2018	1.299759e+02
2019	1.288901e+02
2020	1.278315e+02
2021	1.268067e+02
2022	1.257713e+02
2023	1.246964e+02
2024	1.236674e+02
2025	1.225880e+02
2026	1.215985e+02
2027	1.206271e+02
2028	1.196110e+02
2029	1.186345e+02
2030	1.177567e+02
2031	1.170068e+02
2032	1.162658e+02
2033	1.155844e+02
2034	1.150191e+02
2035	1.144646e+02
2036	1.140466e+02
2037	1.136267e+02
2038	1.133767e+02
2039	1.132326e+02
2040	1.132946e+02
2041	1.134174e+02
2042	1.135889e+02
2043	1.138642e+02
2044	1.142117e+02
2045	1.146892e+02
2046	1.151471e+02
2047	1.156207e+02
2048	1.161088e+02
2049	1.166431e+02
2050	1.172182e+02
2051	1.178386e+02
2052	1.184496e+02
2053	1.189942e+02
2054	1.195560e+02
2055	1.202152e+02
2056	1.208872e+02
2057	1.214786e+02
2058	1.220134e+02
2059	1.226276e+02
2060	1.232228e+02
2061	1.238710e+02
2062	1.245332e+02
2063	1.251467e+02
2064	1.258402e+02
2065	1.264434e+02
2066	1.270013e+02
2067	1.275182e+02
2068	1.279891e+02
2069	1.283119e+02
2070	1.285718e+02
2071	1.288309e+02
2072	1.289382e+02
2073	1.290555e+02
2074	1.290961e+02
2075	1.291452e+02
2076	1.291639e+02
2077	1.290479e+02
2078	1.289647e+02
2079	1.288452e+02
2080	1.287082e+02
2081	1.285356e+02
2082	1.283253e+02
2083	1.280435e+02
2084	1.277842e+02
2085	1.274627e+02
2086	1.269194e+02
2087	1.263891e+02
2088	1.258737e+02
2089	1.254116e+02
2090	1.249278e+02
2091	1.244887e+02
2092	1.240547e+02
2093	1.235454e+02
2094	1.230183e+02
2095	1.225257e+02
2096	1.218916e+02
2097	1.212229e+02
2098	1.205057e+02
2099	1.197441e+02
2100	1.190068e+02
2101	1.182840e+02
2102	1.176304e+02
2103	1.169142e+02
2104	1.162237e+02
2105	1.156985e+02
2106	1.153641e+02
2107	1.150360e+02
2108	1.147486e+02
2109	1.144533e+02
2110	1.142134e+02
2111	1.139868e+02
2112	1.138128e+02
2113	1.137144e+02
2114	1.137082e+02
2115	1.136956e+02
2116	1.137571e+02
2117	1.138910e+02
2118	1.141541e+02
2119	1.145223e+02
2120	1.149410e+02
2121	1.155608e+02
2122	1.161209e+02
2123	1.167815e+02
2124	1.173915e+02
2125	1.180469e+02
2126	1.187818e+02
2127	1.194862e+02
2128	1.202177e+02
2129	1.209237e+02
2130	1.216832e+02
2131	1.224694e+02
2132	1.232653e+02
2133	1.239735e+02
2134	1.246144e+02
2135	1.252562e+02
2136	1.258726e+02
2137	1.265097e+02
2138	1.271209e+02
2139	1.277369e+02
2140	1.283047e+02
2141	1.287867e+02
2142	1.292691e+02
2143	1.296897e+02
2144	1.300871e+02
2145	1.304408e+02
2146	1.307289e+02
2147	1.310199e+02
2148	1.312385e+02
2149	1.313855e+02
2150	1.315170e+02
2151	1.316297e+02
2152	1.316716e+02
2153	1.316760e+02
2154	1.316789e+02
2155	1.315965e+02
2156	1.315533e+02
2157	1.314453e+02
2158	1.311734e+02
2159	1.308556e+02
2160	1.305465e+02
2161	1.301296e+02
2162	1.297264e+02
2163	1.291867e+02
2164	1.286012e+02
2165	1.280128e+02
2166	1.273673e+02
2167	1.267788e+02
2168	1.262882e+02
2169	1.257119e+02
2170	1.251127e+02
2171	1.245286e+02
2172	1.240578e+02
2173	1.234891e+02
2174	1.229034e+02
2175	1.222655e+02
2176	1.216939e+02
2177	1.211463e+02
2178	1.205715e+02
2179	1.200264e+02
2180	1.195215e+02
2181	1.191405e+02
2182	1.188044e+02
2183	1.183816e+02
2184	1.179692e+02
2185	1.176976e+02
2186	1.174860e+02
2187	1.173783e+02
2188	1.172803e+02
2189	1.172257e+02
2190	1.172857e+02
2191	1.172647e+02
2192	1.172607e+02
2193	1.172581e+02
2194	1.173709e+02
2195	1.175714e+02
2196	1.178329e+02
2197	1.181320e+02
2198	1.184401e+02
2199	1.188054e+02
2200	1.191649e+02
2201	1.194980e+02
2202	1.197807e+02
2203	1.200413e+02
2204	1.202994e+02
2205	1.205346e+02
2206	1.207558e+02
2207	1.209426e+02
2208	1.211022e+02
2209	1.212704e+02
2210	1.213852e+02
2211	1.214936e+02
2212	1.215807e+02
2213	1.215976e+02
2214	1.216390e+02
2215	1.216962e+02
2216	1.218179e+02
2217	1.219862e+02
2218	1.221447e+02
2219	1.223054e+02
2220	1.224059e+02
2221	1.224775e+02
2222	1.225051e+02
2223	1.224463e+02
2224	1.224544e+02
2225	1.224806e+02
2226	1.223778e+02
2227	1.222590e+02
2228	1.221301e+02
2229	1.219533e+02
2230	1.217448e+02
2231	1.215562e+02
2232	1.215386e+02
2233	1.214886e+02
2234	1.214388e+02
2235	1.212717e+02
2236	1.211491e+02
2237	1.209596e+02
2238	1.207341e+02
2239	1.204487e+02
2240	1.202312e+02
2241	1.199697e+02
2242	1.196418e+02
2243	1.193062e+02
2244	1.190400e+02
2245	1.187877e+02
2246	1.185054e+02
2247	1.182190e+02
2248	1.179606e+02
2249	1.178501e+02
2250	1.178188e+02
2251	1.177628e+02
2252	1.177271e+02
2253	1.176611e+02
2254	1.174825e+02
2255	1.173678e+02
2256	1.172428e+02
2257	1.171598e+02
2258	1.170420e+02
2259	1.169221e+02
2260	1.168398e+02
2261	1.167343e+02
2262	1.165637e+02
2263	1.163148e+02
2264	1.161383e+02
2265	1.160038e+02
2266	1.158631e+02
2267	1.157323e+02
2268	1.156335e+02
2269	1.156727e+02
2270	1.157817e+02
2271	1.158972e+02
2272	1.160229e+02
2273	1.161739e+02
2274	1.163261e+02
2275	1.165492e+02
2276	1.168682e+02
2277	1.171623e+02
2278	1.174471e+02
2279	1.176952e+02
2280	1.180076e+02
2281	1.183100e+02
2282	1.186515e+02
2283	1.190022e+02
2284	1.194500e+02
2285	1.199634e+02
2286	1.204517e+02
2287	1.208703e+02
2288	1.212846e+02
2289	1.216077e+02
2290	1.218905e+02
2291	1.221367e+02
2292	1.224095e+02
2293	1.226645e+02
2294	1.228846e+02
2295	1.231262e+02
2296	1.233482e+02
2297	1.235757e+02
2298	1.237709e+02
2299	1.239201e+02
2300	1.240632e+02
2301	1.242858e+02
2302	1.244486e+02
2303	1.246424e+02
2304	1.248836e+02
2305	1.250251e+02
2306	1.252117e+02
2307	1.253426e+02
2308	1.254166e+02
2309	1.254314e+02
2310	1.254159e+02
2311	1.254082e+02
2312	1.253773e+02
2313	1.253674e+02
2314	1.252916e+02
2315	1.251538e+02
2316	1.249616e+02
2317	1.247734e+02
2318	1.246653e+02
2319	1.245348e+02
2320	1.243748e+02
2321	1.242245e+02
2322	1.239294e+02
2323	1.236029e+02
2324	1.232544e+02
2325	1.229768e+02
2326	1.227132e+02
2327	1.225493e+02
2328	1.224120e+02
2329	1.221997e+02
2330	1.219049e+02
2331	1.215954e+02
2332	1.212054e+02
2333	1.207792e+02
2334	1.203286e+02
2335	1.197674e+02
2336	1.191515e+02
2337	1.184923e+02
2338	1.177177e+02
2339	1.170526e+02
2340	1.164330e+02
2341	1.158957e+02
2342	1.153293e+02
2343	1.147157e+02
2344	1.141009e+02
2345	1.133885e+02
2346	1.127359e+02
2347	1.121234e+02
2348	1.115713e+02
2349	1.109492e+02
2350	1.104757e+02
2351	1.100480e+02
2352	1.096248e+02
2353	1.092851e+02
2354	1.089890e+02
2355	1.087879e+02
2356	1.086482e+02
2357	1.085082e+02
2358	1.083747e+02
2359	1.082337e+02
2360	1.081964e+02
2361	1.082415e+02
2362	1.083130e+02
2363	1.084339e+02
2364	1.086609e+02
2365	1.089560e+02
2366	1.093075e+02
2367	1.097178e+02
2368	1.101936e+02
2369	1.106709e+02
2370	1.110814e+02
2371	1.116024e+02
2372	1.121779e+02
2373	1.128369e+02
2374	1.134740e+02
2375	1.141531e+02
2376	1.147948e+02
2377	1.154534e+02
2378	1.160907e+02
2379	1.168069e+02
2380	1.175123e+02
2381	1.182149e+02
2382	1.189356e+02
2383	1.197251e+02
2384	1.206159e+02
2385	1.215241e+02
2386	1.225438e+02
2387	1.235344e+02
2388	1.245557e+02
2389	1.254817e+02
2390	1.263996e+02
2391	1.271942e+02
2392	1.279704e+02
2393	1.286755e+02
2394	1.293307e+02
2395	1.299670e+02
2396	1.306079e+02
2397	1.312796e+02
2398	1.319542e+02
2399	1.325479e+02
2400	1.331283e+02
2401	1.337321e+02
2402	1.342642e+02
2403	1.347397e+02
2404	1.351668e+02
2405	1.354529e+02
2406	1.355512e+02
2407	1.355916e+02
2408	1.355709e+02
2409	1.354931e+02
2410	1.353116e+02
2411	1.351266e+02
2412	1.348080e+02
2413	1.344704e+02
2414	1.341248e+02
2415	1.336515e+02
2416	1.331374e+02
2417	1.325606e+02
2418	1.319268e+02
2419	1.311908e+02
2420	1.303391e+02
2421	1.294578e+02
2422	1.285918e+02
2423	1.276943e+02
2424	1.267867e+02
2425	1.258602e+02
2426	1.248442e+02
2427	1.237978e+02
2428	1.227112e+02
2429	1.216511e+02
2430	1.207343e+02
2431	1.197295e+02
2432	1.187659e+02
2433	1.178232e+02
2434	1.168894e+02
2435	1.158973e+02
2436	1.148089e+02
2437	1.136592e+02
2438	1.125851e+02
2439	1.116071e+02
2440	1.106499e+02
2441	1.098216e+02
2442	1.091839e+02
2443	1.086274e+02
2444	1.081052e+02
2445	1.077098e+02
2446	1.075185e+02
2447	1.073582e+02
2448	1.072659e+02
2449	1.072021e+02
2450	1.073255e+02
2451	1.075346e+02
2452	1.077456e+02
2453	1.080824e+02
2454	1.085510e+02
2455	1.091424e+02
2456	1.098410e+02
2457	1.107423e+02
2458	1.117767e+02
2459	1.128949e+02
2460	1.141470e+02
2461	1.154450e+02
2462	1.167622e+02
2463	1.179945e+02
2464	1.192031e+02
2465	1.204062e+02
2466	1.215684e+02
2467	1.226899e+02
2468	1.237270e+02
2469	1.247194e+02
2470	1.256624e+02
2471	1.266541e+02
2472	1.276495e+02
2473	1.285567e+02
2474	1.294838e+02
2475	1.304913e+02
2476	1.315712e+02
2477	1.327371e+02
2478	1.338374e+02
2479	1.348326e+02
2480	1.357404e+02
2481	1.365931e+02
2482	1.373168e+02
2483	1.380164e+02
2484	1.386277e+02
2485	1.392093e+02
2486	1.397886e+02
2487	1.402697e+02
2488	1.407142e+02
2489	1.410922e+02
2490	1.413890e+02
2491	1.414866e+02
2492	1.415513e+02
2493	1.414584e+02
2494	1.412727e+02
2495	1.409994e+02
2496	1.406422e+02
2497	1.402333e+02
2498	1.397548e+02
2499	1.391862e+02
2500	1.385562e+02
2501	1.378777e+02
2502	1.372540e+02
2503	1.365874e+02
2504	1.359349e+02
2505	1.351906e+02
2506	1.343314e+02
2507	1.333413e+02
2508	1.322181e+02
2509	1.310600e+02
2510	1.298480e+02
2511	1.285185e+02
2512	1.271731e+02
2513	1.257903e+02
2514	1.244487e+02
2515	1.230427e+02
2516	1.216775e+02
2517	1.203686e+02
2518	1.191513e+02
2519	1.180221e+02
2520	1.170021e+02
2521	1.160858e+02
2522	1.152010e+02
2523	1.144373e+02
2524	1.137083e+02
2525	1.130198e+02
2526	1.123679e+02
2527	1.117101e+02
2528	1.110374e+02
2529	1.104048e+02
2530	1.096976e+02
2531	1.090480e+02
2532	1.085289e+02
2533	1.081234e+02
2534	1.077487e+02
2535	1.074997e+02
2536	1.072534e+02
2537	1.070897e+02
2538	1.071025e+02
2539	1.071625e+02
2540	1.072490e+02
2541	1.073744e+02
2542	1.076602e+02
2543	1.079719e+02
2544	1.083844e+02
2545	1.088148e+02
2546	1.093121e+02
2547	1.099869e+02
2548	1.108089e+02
2549	1.117043e+02
2550	1.126525e+02
2551	1.137160e+02
2552	1.147911e+02
2553	1.159099e+02
2554	1.170102e+02
2555	1.181034e+02
2556	1.191917e+02
2557	1.201884e+02
2558	1.210184e+02
2559	1.218001e+02
2560	1.224582e+02
2561	1.231007e+02
2562	1.236931e+02
2563	1.242634e+02
2564	1.247569e+02
2565	1.253009e+02
2566	1.258876e+02
2567	1.264575e+02
2568	1.269315e+02
2569	1.273103e+02
2570	1.276111e+02
2571	1.278270e+02
2572	1.280407e+02
2573	1.281698e+02
2574	1.283169e+02
2575	1.283670e+02
2576	1.283557e+02
2577	1.282644e+02
2578	1.281500e+02
2579	1.280644e+02
2580	1.279938e+02
2581	1.278169e+02
2582	1.275279e+02
2583	1.272924e+02
2584	1.270351e+02
2585	1.267822e+02
2586	1.264620e+02
2587	1.260261e+02
2588	1.256063e+02
2589	1.251443e+02
2590	1.247000e+02
2591	1.242859e+02
2592	1.238242e+02
2593	1.233732e+02
2594	1.228667e+02
2595	1.224360e+02
2596	1.220357e+02
2597	1.215821e+02
2598	1.211721e+02
2599	1.207409e+02
2600	1.203577e+02
2601	1.200790e+02
2602	1.198279e+02
2603	1.195604e+02
2604	1.192591e+02
2605	1.189494e+02
2606	1.186865e+02
2607	1.184174e+02
2608	1.180933e+02
2609	1.178332e+02
2610	1.174842e+02
2611	1.171814e+02
2612	1.169269e+02
2613	1.166495e+02
2614	1.164457e+02
2615	1.162871e+02
2616	1.162099e+02
2617	1.160958e+02
2618	1.160146e+02
2619	1.159185e+02
2620	1.157535e+02
2621	1.155745e+02
2622	1.153838e+02
2623	1.152141e+02
2624	1.149860e+02
2625	1.148521e+02
2626	1.146520e+02
2627	1.144820e+02
2628	1.142925e+02
2629	1.141051e+02
2630	1.139495e+02
2631	1.138255e+02
2632	1.138267e+02
2633	1.139267e+02
2634	1.141832e+02
2635	1.144253e+02
2636	1.146054e+02
2637	1.148210e+02
2638	1.151082e+02
2639	1.155409e+02
2640	1.160778e+02
2641	1.167338e+02
2642	1.174131e+02
2643	1.180974e+02
2644	1.188396e+02
2645	1.195320e+02
2646	1.202439e+02
2647	1.210031e+02
2648	1.216334e+02
2649	1.222484e+02
2650	1.227628e+02
2651	1.231973e+02
2652	1.236578e+02
2653	1.241157e+02
2654	1.246091e+02
2655	1.250268e+02
2656	1.254297e+02
2657	1.257938e+02
2658	1.261649e+02
2659	1.265566e+02
2660	1.269016e+02
2661	1.272707e+02
2662	1.275769e+02
2663	1.278076e+02
2664	1.280419e+02
2665	1.282683e+02
2666	1.284965e+02
2667	1.286599e+02
2668	1.287703e+02
2669	1.288316e+02
2670	1.287852e+02
2671	1.286501e+02
2672	1.285251e+02
2673	1.283453e+02
2674	1.281215e+02
2675	1.279340e+02
2676	1.277205e+02
2677	1.274465e+02
2678	1.271405e+02
2679	1.267004e+02
2680	1.261726e+02
2681	1.256740e+02
2682	1.251422e+02
2683	1.245004e+02
2684	1.238379e+02
2685	1.232096e+02
2686	1.225721e+02
2687	1.220008e+02
2688	1.215099e+02
2689	1.209822e+02
2690	1.204772e+02
2691	1.200418e+02
2692	1.196723e+02
2693	1.193541e+02
2694	1.190824e+02
2695	1.188564e+02
2696	1.186895e+02
2697	1.185619e+02
2698	1.185065e+02
2699	1.185442e+02
2700	1.186453e+02
2701	1.188154e+02
2702	1.190183e+02
2703	1.191619e+02
2704	1.192769e+02
2705	1.194462e+02
2706	1.196638e+02
2707	1.198348e+02
2708	1.200024e+02
2709	1.201962e+02
2710	1.203488e+02
2711	1.205368e+02
2712	1.206752e+02
2713	1.207706e+02
2714	1.208496e+02
2715	1.208876e+02
2716	1.207998e+02
2717	1.207300e+02
2718	1.207217e+02
2719	1.207072e+02
2720	1.206567e+02
2721	1.205856e+02
2722	1.204905e+02
2723	1.203264e+02
2724	1.202007e+02
2725	1.200281e+02
2726	1.198393e+02
2727	1.196130e+02
2728	1.193674e+02
2729	1.191371e+02
2730	1.188699e+02
2731	1.185926e+02
2732	1.184517e+02
2733	1.183826e+02
2734	1.183374e+02
2735	1.182559e+02
2736	1.182144e+02
2737	1.182040e+02
2738	1.181417e+02
2739	1.180146e+02
2740	1.179262e+02
2741	1.178904e+02
2742	1.178437e+02
2743	1.177086e+02
2744	1.176562e+02
2745	1.176332e+02
2746	1.176251e+02
2747	1.176177e+02
2748	1.176247e+02
2749	1.177590e+02
2750	1.179548e+02
2751	1.181896e+02
2752	1.184656e+02
2753	1.187556e+02
2754	1.189943e+02
2755	1.192553e+02
2756	1.194554e+02
2757	1.196326e+02
2758	1.198105e+02
2759	1.200981e+02
2760	1.204259e+02
2761	1.208403e+02
2762	1.212469e+02
2763	1.216128e+02
2764	1.220628e+02
2765	1.225451e+02
2766	1.230300e+02
2767	1.234177e+02
2768	1.237295e+02
2769	1.239217e+02
2770	1.240563e+02
2771	1.241570e+02
2772	1.243021e+02
2773	1.244126e+02
2774	1.245645e+02
2775	1.248362e+02
2776	1.251156e+02
2777	1.253832e+02
2778	1.256616e+02
2779	1.259232e+02
2780	1.261360e+02
2781	1.263371e+02
2782	1.264657e+02
2783	1.266338e+02
2784	1.267618e+02
2785	1.268449e+02
2786	1.268453e+02
2787	1.268011e+02
2788	1.267469e+02
2789	1.266848e+02
2790	1.266075e+02
2791	1.263943e+02
2792	1.261007e+02
2793	1.257300e+02
2794	1.253556e+02
2795	1.248743e+02
2796	1.244226e+02
2797	1.239431e+02
2798	1.235593e+02
2799	1.232142e+02
2800	1.227507e+02
2801	1.222758e+02
2802	1.218798e+02
2803	1.214191e+02
2804	1.209182e+02
2805	1.204342e+02
2806	1.199517e+02
2807	1.194881e+02
2808	1.190001e+02
2809	1.185427e+02
2810	1.180423e+02
2811	1.174991e+02
2812	1.168368e+02
2813	1.161938e+02
2814	1.156707e+02
2815	1.150705e+02
2816	1.146151e+02
2817	1.141888e+02
2818	1.138859e+02
2819	1.135578e+02
2820	1.133479e+02
2821	1.131678e+02
2822	1.130703e+02
2823	1.129361e+02
2824	1.128818e+02
2825	1.129585e+02
2826	1.130412e+02
2827	1.131968e+02
2828	1.133322e+02
2829	1.135965e+02
2830	1.139394e+02
2831	1.143939e+02
2832	1.148345e+02
2833	1.153446e+02
2834	1.160084e+02
2835	1.167719e+02
2836	1.176130e+02
2837	1.184085e+02
2838	1.192298e+02
2839	1.200719e+02
2840	1.209007e+02
2841	1.217442e+02
2842	1.226035e+02
2843	1.234832e+02
2844	1.243024e+02
2845	1.251016e+02
2846	1.258949e+02
2847	1.267348e+02
2848	1.275097e+02
2849	1.281720e+02
2850	1.286956e+02
2851	1.290046e+02
2852	1.292133e+02
2853	1.292589e+02
2854	1.292079e+02
2855	1.290359e+02
2856	1.287588e+02
2857	1.284259e+02
2858	1.280265e+02
2859	1.274753e+02
2860	1.268047e+02
2861	1.261023e+02
2862	1.252942e+02
2863	1.244568e+02
2864	1.234256e+02
2865	1.223394e+02
2866	1.211324e+02
2867	1.198261e+02
2868	1.185418e+02
2869	1.171562e+02
2870	1.156621e+02
2871	1.143353e+02
2872	1.130611e+02
2873	1.119202e+02
2874	1.108850e+02
2875	1.098746e+02
2876	1.089518e+02
2877	1.080596e+02
2878	1.072670e+02
2879	1.065388e+02
2880	1.058781e+02
2881	1.052675e+02
2882	1.047964e+02
2883	1.045287e+02
2884	1.044171e+02
2885	1.043866e+02
2886	1.045478e+02
2887	1.048415e+02
2888	1.052124e+02
2889	1.056558e+02
2890	1.061124e+02
2891	1.066797e+02
2892	1.072835e+02
2893	1.080208e+02
2894	1.088040e+02
2895	1.095956e+02
2896	1.104185e+02
2897	1.113023e+02
2898	1.121926e+02
2899	1.131164e+02
2900	1.141712e+02
2901	1.153195e+02
2902	1.164540e+02
2903	1.175890e+02
2904	1.187841e+02
2905	1.200000e+02
2906	1.210715e+02
2907	1.219487e+02
2908	1.227232e+02
2909	1.234931e+02
2910	1.241299e+02
2911	1.247145e+02
2912	1.252012e+02
2913	1.257101e+02
2914	1.261412e+02
2915	1.265476e+02
2916	1.269152e+02
2917	1.272154e+02
2918	1.275422e+02
2919	1.278511e+02
2920	1.281628e+02
2921	1.283217e+02
2922	1.284021e+02
2923	1.284209e+02
2924	1.282714e+02
2925	1.280215e+02
2926	1.277375e+02
2927	1.274246e+02
2928	1.269717e+02
2929	1.263945e+02
2930	1.257410e+02
2931	1.251364e+02
2932	1.244308e+02
2933	1.235853e+02
2934	1.226578e+02
2935	1.216852e+02
2936	1.206871e+02
2937	1.196605e+02
2938	1.185993e+02
2939	1.175790e+02
2940	1.165897e+02
2941	1.156497e+02
2942	1.147151e+02
2943	1.137582e+02
2944	1.128479e+02
2945	1.119837e+02
2946	1.111845e+02
2947	1.104641e+02
2948	1.097939e+02
2949	1.091690e+02
2950	1.085641e+02
2951	1.080358e+02
2952	1.076020e+02
2953	1.073074e+02
2954	1.070736e+02
2955	1.069169e+02
2956	1.068550e+02
2957	1.068767e+02
2958	1.070016e+02
2959	1.072077e+02
2960	1.074139e+02
2961	1.077177e+02
2962	1.080401e+02
2963	1.084670e+02
2964	1.089169e+02
2965	1.093972e+02
2966	1.098668e+02
2967	1.103640e+02
2968	1.108538e+02
2969	1.113552e+02
2970	1.119718e+02
2971	1.125515e+02
2972	1.131893e+02
2973	1.138219e+02
2974	1.145228e+02
2975	1.151857e+02
2976	1.159426e+02
2977	1.168001e+02
2978	1.176227e+02
2979	1.184125e+02
2980	1.192135e+02
2981	1.199246e+02
2982	1.205668e+02
2983	1.210670e+02
2984	1.215002e+02
2985	1.218694e+02
2986	1.221601e+02
2987	1.222330e+02
2988	1.222609e+02
2989	1.222409e+02
2990	1.221682e+02
2991	1.220350e+02
2992	1.218982e+02
2993	1.216508e+02
2994	1.213118e+02
2995	1.209049e+02
2996	1.205606e+02
2997	1.202085e+02
2998	1.197756e+02
2999	1.192602e+02
3000	1.186633e+02
3001	1.179869e+02
3002	1.172720e+02
3003	1.165939e+02
3004	1.158583e+02
3005	1.150771e+02
3006	1.142515e+02
3007	1.134988e+02
3008	1.128610e+02
3009	1.123011e+02
3010	1.119101e+02
3011	1.116148e+02
3012	1.114086e+02
3013	1.112606e+02
3014	1.112615e+02
3015	1.113051e+02
3016	1.113635e+02
3017	1.114980e+02
3018	1.117108e+02
3019	1.119819e+02
3020	1.123131e+02
3021	1.127248e+02
3022	1.132114e+02
3023	1.137288e+02
3024	1.142722e+02
3025	1.148151e+02
3026	1.154226e+02
3027	1.160487e+02
3028	1.166596e+02
3029	1.172084e+02
3030	1.177060e+02
3031	1.181846e+02
3032	1.185284e+02
3033	1.188283e+02
3034	1.190873e+02
3035	1.193422e+02
3036	1.194918e+02
3037	1.196630e+02
3038	1.197964e+02
3039	1.198545e+02
3040	1.198090e+02
3041	1.198119e+02
3042	1.197172e+02
3043	1.195440e+02
3044	1.192613e+02
3045	1.189048e+02
3046	1.185219e+02
3047	1.181371e+02
3048	1.177179e+02
3049	1.172650e+02
3050	1.167229e+02
3051	1.161069e+02
3052	1.154257e+02
3053	1.148103e+02
3054	1.141717e+02
3055	1.135350e+02
3056	1.130020e+02
3057	1.124825e+02
3058	1.119578e+02
3059	1.114482e+02
3060	1.109445e+02
3061	1.105817e+02
3062	1.102244e+02
3063	1.099310e+02
3064	1.096915e+02
3065	1.095498e+02
3066	1.094043e+02
3067	1.093199e+02
3068	1.093201e+02
3069	1.093854e+02
3070	1.094586e+02
3071	1.095661e+02
3072	1.097138e+02
3073	1.099802e+02
3074	1.103743e+02
3075	1.108324e+02
3076	1.112215e+02
3077	1.115472e+02
3078	1.118504e+02
3079	1.121734e+02
3080	1.125071e+02
3081	1.129274e+02
3082	1.132773e+02
3083	1.135883e+02
3084	1.138904e+02
3085	1.141719e+02
3086	1.144510e+02
3087	1.148643e+02
3088	1.152404e+02
3089	1.156417e+02
3090	1.160574e+02
3091	1.165126e+02
3092	1.170694e+02
3093	1.175716e+02
3094	1.180148e+02
3095	1.183728e+02
3096	1.186128e+02
3097	1.188908e+02
3098	1.191776e+02
3099	1.194745e+02
3100	1.197322e+02
3101	1.199409e+02
3102	1.200747e+02
3103	1.201735e+02
3104	1.202495e+02
3105	1.201885e+02
3106	1.200800e+02
3107	1.198754e+02
3108	1.195368e+02
3109	1.190808e+02
3110	1.186305e+02
3111	1.181327e+02
3112	1.176383e+02
3113	1.171012e+02
3114	1.165942e+02
3115	1.161112e+02
3116	1.155804e+02
3117	1.151649e+02
3118	1.147674e+02
3119	1.143275e+02
3120	1.138573e+02
3121	1.134364e+02
3122	1.130727e+02
3123	1.128171e+02
3124	1.125465e+02
3125	1.122005e+02
3126	1.118472e+02
3127	1.115437e+02
3128	1.113022e+02
3129	1.111655e+02
3130	1.110330e+02
3131	1.109305e+02
3132	1.108132e+02
3133	1.106555e+02
3134	1.104065e+02
3135	1.102442e+02
3136	1.101546e+02
3137	1.101560e+02
3138	1.101595e+02
3139	1.101729e+02
3140	1.101920e+02
3141	1.102404e+02
3142	1.103355e+02
3143	1.105354e+02
3144	1.107894e+02
3145	1.111485e+02
3146	1.115736e+02
3147	1.119960e+02
3148	1.123873e+02
3149	1.127989e+02
3150	1.131787e+02
3151	1.136321e+02
3152	1.140269e+02
3153	1.145548e+02
3154	1.150617e+02
3155	1.155548e+02
3156	1.160648e+02
3157	1.166059e+02
3158	1.171968e+02
3159	1.177776e+02
3160	1.183816e+02
3161	1.190167e+02
3162	1.195647e+02
3163	1.201158e+02
3164	1.205975e+02
3165	1.209422e+02
3166	1.212227e+02
3167	1.214097e+02
3168	1.215779e+02
3169	1.217340e+02
3170	1.217892e+02
3171	1.217058e+02
3172	1.216059e+02
3173	1.214179e+02
3174	1.211801e+02
3175	1.208411e+02
3176	1.204420e+02
3177	1.199640e+02
3178	1.195034e+02
3179	1.190396e+02
3180	1.184959e+02
3181	1.180068e+02
3182	1.175106e+02
3183	1.170031e+02
3184	1.164736e+02
3185	1.159082e+02
3186	1.153818e+02
3187	1.149007e+02
3188	1.143385e+02
3189	1.138623e+02
3190	1.134897e+02
3191	1.130972e+02
3192	1.127957e+02
3193	1.125129e+02
3194	1.121603e+02
3195	1.118678e+02
3196	1.116058e+02
3197	1.112980e+02
3198	1.110543e+02
3199	1.108588e+02
3200	1.107031e+02
3201	1.105238e+02
3202	1.104588e+02
3203	1.103742e+02
3204	1.103761e+02
3205	1.104001e+02
3206	1.104862e+02
3207	1.106774e+02
3208	1.109259e+02
3209	1.112928e+02
3210	1.116712e+02
3211	1.121052e+02
3212	1.126307e+02
3213	1.131582e+02
3214	1.137429e+02
3215	1.143782e+02
3216	1.150556e+02
3217	1.156960e+02
3218	1.163276e+02
3219	1.169292e+02
3220	1.175480e+02
3221	1.181759e+02
3222	1.188000e+02
3223	1.194199e+02
3224	1.199958e+02
3225	1.205583e+02
3226	1.211695e+02
3227	1.217968e+02
3228	1.223915e+02
3229	1.229531e+02
3230	1.234728e+02
3231	1.239848e+02
3232	1.244950e+02
3233	1.248308e+02
3234	1.250804e+02
3235	1.252928e+02
3236	1.255218e+02
3237	1.256555e+02
3238	1.257671e+02
3239	1.257999e+02
3240	1.258134e+02
3241	1.257492e+02
3242	1.255741e+02
3243	1.253366e+02
3244	1.249137e+02
3245	1.244145e+02
3246	1.238569e+02
3247	1.232180e+02
3248	1.225723e+02
3249	1.218559e+02
3250	1.211282e+02
3251	1.204565e+02
3252	1.198287e+02
3253	1.192156e+02
3254	1.186433e+02
3255	1.181150e+02
3256	1.176077e+02
3257	1.170434e+02
3258	1.163490e+02
3259	1.157515e+02
3260	1.150907e+02
3261	1.144413e+02
3262	1.138407e+02
3263	1.131952e+02
3264	1.126033e+02
3265	1.119359e+02
3266	1.113976e+02
3267	1.109026e+02
3268	1.104188e+02
3269	1.099518e+02
3270	1.095923e+02
3271	1.092542e+02
3272	1.090516e+02
3273	1.089252e+02
3274	1.088898e+02
3275	1.088056e+02
3276	1.087829e+02
3277	1.088902e+02
3278	1.091691e+02
3279	1.094834e+02
3280	1.099873e+02
3281	1.105820e+02
3282	1.112187e+02
3283	1.118963e+02
3284	1.126133e+02
3285	1.132791e+02
3286	1.139621e+02
3287	1.145928e+02
3288	1.152216e+02
3289	1.157377e+02
3290	1.162327e+02
3291	1.166361e+02
3292	1.171588e+02
3293	1.176951e+02
3294	1.181416e+02
3295	1.186232e+02
3296	1.191149e+02
3297	1.196851e+02
3298	1.201909e+02
3299	1.206734e+02
3300	1.211015e+02
3301	1.214324e+02
3302	1.217015e+02
3303	1.218888e+02
3304	1.220078e+02
3305	1.221434e+02
3306	1.221905e+02
3307	1.221463e+02
3308	1.220065e+02
3309	1.218079e+02
3310	1.215076e+02
3311	1.211904e+02
3312	1.208669e+02
3313	1.204223e+02
3314	1.199183e+02
3315	1.194296e+02
3316	1.187892e+02
3317	1.181116e+02
3318	1.174114e+02
3319	1.167506e+02
3320	1.161816e+02
3321	1.156128e+02
3322	1.151193e+02
3323	1.146821e+02
3324	1.141865e+02
3325	1.135730e+02
3326	1.129067e+02
3327	1.122499e+02
3328	1.116492e+02
3329	1.111520e+02
3330	1.106964e+02
3331	1.103519e+02
3332	1.100238e+02
3333	1.098429e+02
3334	1.097209e+02
3335	1.096381e+02
3336	1.096742e+02
3337	1.097551e+02
3338	1.098306e+02
3339	1.100090e+02
3340	1.102941e+02
3341	1.105531e+02
3342	1.107192e+02
3343	1.109800e+02
3344	1.112656e+02
3345	1.115677e+02
3346	1.119323e+02
3347	1.123512e+02
3348	1.128355e+02
3349	1.134032e+02
3350	1.139212e+02
3351	1.142995e+02
3352	1.146426e+02
3353	1.149903e+02
3354	1.153527e+02
3355	1.156546e+02
3356	1.159520e+02
3357	1.161868e+02
3358	1.164170e+02
3359	1.166199e+02
3360	1.167192e+02
3361	1.167780e+02
3362	1.167412e+02
3363	1.166040e+02
3364	1.164895e+02
3365	1.162866e+02
3366	1.160767e+02
3367	1.159041e+02
3368	1.156917e+02
3369	1.154194e+02
3370	1.151822e+02
3371	1.150162e+02
3372	1.148509e+02
3373	1.146787e+02
3374	1.146091e+02
3375	1.145219e+02
3376	1.144264e+02
3377	1.142979e+02
3378	1.141845e+02
3379	1.140305e+02
3380	1.138603e+02
3381	1.136892e+02
3382	1.133983e+02
3383	1.130797e+02
3384	1.128466e+02
3385	1.126269e+02
3386	1.123998e+02
3387	1.121829e+02
3388	1.119946e+02
3389	1.118896e+02
3390	1.118653e+02
3391	1.119476e+02
3392	1.120255e+02
3393	1.120979e+02
3394	1.122148e+02
3395	1.124299e+02
3396	1.127933e+02
3397	1.131845e+02
3398	1.136425e+02
3399	1.140657e+02
3400	1.144909e+02
3401	1.149602e+02
3402	1.154361e+02
3403	1.160227e+02
3404	1.166514e+02
3405	1.172132e+02
3406	1.178363e+02
3407	1.184306e+02
3408	1.190115e+02
3409	1.194704e+02
3410	1.198504e+02
3411	1.201764e+02
3412	1.205140e+02
3413	1.209201e+02
3414	1.212802e+02
3415	1.215678e+02
3416	1.217863e+02
3417	1.219303e+02
3418	1.219250e+02
3419	1.217946e+02
3420	1.216439e+02
3421	1.215277e+02
3422	1.213876e+02
3423	1.212050e+02
3424	1.209652e+02
3425	1.207965e+02
3426	1.206563e+02
3427	1.205245e+02
3428	1.204001e+02
3429	1.202391e+02
3430	1.200778e+02
3431	1.199413e+02
3432	1.197630e+02
3433	1.195071e+02
3434	1.192076e+02
3435	1.189376e+02
3436	1.187017e+02
3437	1.184729e+02
3438	1.182238e+02
3439	1.180213e+02
3440	1.178892e+02
3441	1.177645e+02
3442	1.175617e+02
3443	1.173849e+02
3444	1.171977e+02
3445	1.170493e+02
3446	1.169087e+02
3447	1.167901e+02
3448	1.166912e+02
3449	1.165842e+02
3450	1.165522e+02
3451	1.166680e+02
3452	1.167875e+02
3453	1.170396e+02
3454	1.172598e+02
3455	1.174603e+02
3456	1.176584e+02
3457	1.179655e+02
3458	1.183076e+02
3459	1.186563e+02
3460	1.190955e+02
3461	1.195187e+02
3462	1.199795e+02
3463	1.205410e+02
3464	1.211289e+02
3465	1.216328e+02
3466	1.220355e+02
3467	1.224682e+02
3468	1.227994e+02
3469	1.231195e+02
3470	1.234850e+02
3471	1.239690e+02
3472	1.243285e+02
3473	1.247423e+02
3474	1.251436e+02
3475	1.254541e+02
3476	1.257686e+02
3477	1.259731e+02
3478	1.261535e+02
3479	1.263084e+02
3480	1.264705e+02
3481	1.265750e+02
3482	1.266951e+02
3483	1.267668e+02
3484	1.266962e+02
3485	1.266047e+02
3486	1.264104e+02
3487	1.260542e+02
3488	1.256660e+02
3489	1.253386e+02
3490	1.250103e+02
3491	1.246507e+02
3492	1.242493e+02
3493	1.238086e+02
3494	1.233229e+02
3495	1.228189e+02
3496	1.222993e+02
3497	1.217493e+02
3498	1.211728e+02
3499	1.204688e+02
3500	1.197117e+02
3501	1.188626e+02
3502	1.179600e+02
3503	1.170635e+02
3504	1.160253e+02
3505	1.150690e+02
3506	1.140424e+02
3507	1.130604e+02
3508	1.121119e+02
3509	1.112570e+02
3510	1.105209e+02
3511	1.098413e+02
3512	1.092480e+02
3513	1.087454e+02
3514	1.083239e+02
3515	1.080048e+02
3516	1.078153e+02
3517	1.076725e+02
3518	1.075354e+02
3519	1.075710e+02
3520	1.076517e+02
3521	1.077700e+02
3522	1.078770e+02
3523	1.080911e+02
3524	1.083480e+02
3525	1.086498e+02
3526	1.089935e+02
3527	1.094789e+02
3528	1.100600e+02
3529	1.107157e+02
3530	1.114105e+02
3531	1.121002e+02
3532	1.128559e+02
3533	1.135539e+02
3534	1.141995e+02
3535	1.148842e+02
3536	1.156509e+02
3537	1.163978e+02
3538	1.171810e+02
3539	1.180501e+02
3540	1.189072e+02
3541	1.197788e+02
3542	1.205118e+02
3543	1.212679e+02
3544	1.219470e+02
3545	1.225682e+02
3546	1.231918e+02
3547	1.237568e+02
3548	1.243112e+02
3549	1.247724e+02
3550	1.252012e+02
3551	1.255342e+02
3552	1.257946e+02
3553	1.259885e+02
3554	1.261416e+02
3555	1.262860e+02
3556	1.263492e+02
3557	1.263597e+02
3558	1.263079e+02
3559	1.261380e+02
3560	1.259477e+02
3561	1.258066e+02
3562	1.256053e+02
3563	1.252415e+02
3564	1.248182e+02
3565	1.242970e+02
3566	1.237263e+02
3567	1.231495e+02
3568	1.225083e+02
3569	1.218343e+02
3570	1.211169e+02
3571	1.203688e+02
3572	1.196308e+02
3573	1.189582e+02
3574	1.182494e+02
3575	1.175349e+02
3576	1.168265e+02
3577	1.160928e+02
3578	1.153975e+02
3579	1.146887e+02
3580	1.139582e+02
3581	1.130882e+02
3582	1.122713e+02
3583	1.115050e+02
3584	1.107218e+02
3585	1.099753e+02
3586	1.091505e+02
3587	1.082641e+02
3588	1.074012e+02
3589	1.065840e+02
3590	1.057978e+02
3591	1.051601e+02
3592	1.045233e+02
3593	1.038722e+02
3594	1.032559e+02
3595	1.028075e+02
3596	1.025420e+02
3597	1.023787e+02
3598	1.022931e+02
3599	1.022601e+02
3600	1.022705e+02
3601	1.023558e+02
3602	1.025764e+02
3603	1.029207e+02
3604	1.033358e+02
3605	1.038501e+02
3606	1.044954e+02
3607	1.053030e+02
3608	1.062708e+02
3609	1.072858e+02
3610	1.082977e+02
3611	1.093865e+02
3612	1.104738e+02
3613	1.116441e+02
3614	1.128673e+02
3615	1.140433e+02
3616	1.151737e+02
3617	1.161753e+02
3618	1.172055e+02
3619	1.182079e+02
3620	1.191811e+02
3621	1.201216e+02
3622	1.211393e+02
3623	1.221073e+02
3624	1.230110e+02
3625	1.238414e+02
3626	1.246940e+02
3627	1.254857e+02
3628	1.262079e+02
3629	1.269161e+02
3630	1.276076e+02
3631	1.282489e+02
3632	1.288005e+02
3633	1.293010e+02
3634	1.296757e+02
3635	1.300016e+02
3636	1.303047e+02
3637	1.304498e+02
3638	1.306040e+02
3639	1.307170e+02
3640	1.307773e+02
3641	1.307852e+02
3642	1.305595e+02
3643	1.302782e+02
3644	1.299130e+02
3645	1.294696e+02
3646	1.290324e+02
3647	1.285512e+02
3648	1.280551e+02
3649	1.274962e+02
3650	1.268622e+02
3651	1.261300e+02
3652	1.253489e+02
3653	1.245099e+02
3654	1.237029e+02
3655	1.227736e+02
3656	1.217822e+02
3657	1.207100e+02
3658	1.196002e+02
3659	1.185602e+02
3660	1.175101e+02
3661	1.165571e+02
3662	1.156162e+02
3663	1.147738e+02
3664	1.139627e+02
3665	1.132320e+02
3666	1.126172e+02
3667	1.120237e+02
3668	1.114727e+02
3669	1.110062e+02
3670	1.105030e+02
3671	1.100527e+02
3672	1.095857e+02
3673	1.092040e+02
3674	1.089057e+02
3675	1.087251e+02
3676	1.087280e+02
3677	1.087596e+02
3678	1.089166e+02
3679	1.091292e+02
3680	1.094768e+02
3681	1.099306e+02
3682	1.103587e+02
3683	1.108136e+02
3684	1.113157e+02
3685	1.119284e+02
3686	1.125718e+02
3687	1.132148e+02
3688	1.139227e+02
3689	1.146632e+02
3690	1.154089e+02
3691	1.161942e+02
3692	1.169460e+02
3693	1.176767e+02
3694	1.184686e+02
3695	1.192432e+02
3696	1.200002e+02
3697	1.207091e+02
3698	1.214302e+02
3699	1.220617e+02
3700	1.226521e+02
3701	1.231108e+02
3702	1.235050e+02
3703	1.237984e+02
3704	1.240423e+02
3705	1.242162e+02
3706	1.243948e+02
3707	1.245378e+02
3708	1.246761e+02
3709	1.248723e+02
3710	1.249541e+02
3711	1.249932e+02
3712	1.249786e+02
3713	1.249425e+02
3714	1.249310e+02
3715	1.249509e+02
3716	1.249847e+02
3717	1.250258e+02
3718	1.250128e+02
3719	1.249263e+02
3720	1.247559e+02
3721	1.246192e+02
3722	1.245175e+02
3723	1.244507e+02
3724	1.243037e+02
3725	1.241863e+02
3726	1.239997e+02
3727	1.237793e+02
3728	1.235381e+02
3729	1.232913e+02
3730	1.229627e+02
3731	1.226532e+02
3732	1.223869e+02
3733	1.221707e+02
3734	1.219506e+02
3735	1.217544e+02
3736	1.216169e+02
3737	1.215568e+02
3738	1.214964e+02
3739	1.214240e+02
3740	1.213579e+02
3741	1.213159e+02
3742	1.212620e+02
3743	1.212325e+02
3744	1.212074e+02
3745	1.211321e+02
3746	1.210847e+02
3747	1.209304e+02
3748	1.208121e+02
3749	1.207091e+02
3750	1.206119e+02
3751	1.205745e+02
3752	1.205097e+02
3753	1.203613e+02
3754	1.201403e+02
3755	1.198901e+02
3756	1.195995e+02
3757	1.193508e+02
3758	1.192109e+02
3759	1.190436e+02
3760	1.189022e+02
3761	1.188174e+02
3762	1.187367e+02
3763	1.186893e+02
3764	1.186156e+02
3765	1.186000e+02
3766	1.185568e+02
3767	1.184855e+02
3768	1.184399e+02
3769	1.184208e+02
3770	1.183997e+02
3771	1.182915e+02
3772	1.181690e+02
3773	1.180658e+02
3774	1.179833e+02
3775	1.178508e+02
3776	1.176958e+02
3777	1.176462e+02
3778	1.175681e+02
3779	1.174961e+02
3780	1.173956e+02
3781	1.172767e+02
3782	1.171891e+02
3783	1.170469e+02
3784	1.168593e+02
3785	1.166586e+02
3786	1.164990e+02
3787	1.163644e+02
3788	1.163269e+02
3789	1.163741e+02
3790	1.164955e+02
3791	1.166575e+02
3792	1.168826e+02
3793	1.171356e+02
3794	1.174403e+02
3795	1.178512e+02
3796	1.183930e+02
3797	1.189323e+02
3798	1.194593e+02
3799	1.200667e+02
3800	1.207581e+02
3801	1.215166e+02
3802	1.222857e+02
3803	1.229821e+02
3804	1.237365e+02
3805	1.244133e+02
3806	1.249677e+02
3807	1.255850e+02
3808	1.261569e+02
3809	1.267593e+02
3810	1.273036e+02
3811	1.278918e+02
3812	1.284589e+02
3813	1.290611e+02
3814	1.296230e+02
3815	1.301369e+02
3816	1.305766e+02
3817	1.309523e+02
3818	1.312213e+02
3819	1.314115e+02
3820	1.314830e+02
3821	1.315072e+02
3822	1.314699e+02
3823	1.313816e+02
3824	1.313071e+02
3825	1.312777e+02
3826	1.311654e+02
3827	1.310942e+02
3828	1.309619e+02
3829	1.308317e+02
3830	1.306897e+02
3831	1.304397e+02
3832	1.302012e+02
3833	1.299047e+02
3834	1.296371e+02
3835	1.294288e+02
3836	1.291489e+02
3837	1.287801e+02
3838	1.283551e+02
3839	1.278965e+02
3840	1.273856e+02
3841	1.267452e+02
3842	1.261671e+02
3843	1.255493e+02
3844	1.248908e+02
3845	1.241697e+02
3846	1.234862e+02
3847	1.228705e+02
3848	1.222578e+02
3849	1.216428e+02
3850	1.210598e+02
3851	1.204158e+02
3852	1.198683e+02
3853	1.193151e+02
3854	1.187001e+02
3855	1.180541e+02
3856	1.174381e+02
3857	1.167961e+02
3858	1.161808e+02
3859	1.156438e+02
3860	1.151932e+02
3861	1.148171e+02
3862	1.145278e+02
3863	1.143039e+02
3864	1.141505e+02
3865	1.140043e+02
3866	1.139842e+02
3867	1.140144e+02
3868	1.140974e+02
3869	1.142429e+02
3870	1.144187e+02
3871	1.147622e+02
3872	1.151003e+02
3873	1.154602e+02
3874	1.158702e+02
3875	1.162986e+02
3876	1.167849e+02
3877	1.172929e+02
3878	1.178189e+02
3879	1.182995e+02
3880	1.188557e+02
3881	1.194262e+02
3882	1.199250e+02
3883	1.204455e+02
3884	1.209581e+02
3885	1.214867e+02
3886	1.219585e+02
3887	1.223901e+02
3888	1.228031e+02
3889	1.232215e+02
3890	1.235666e+02
3891	1.238600e+02
3892	1.240475e+02
3893	1.242507e+02
3894	1.244296e+02
3895	1.245659e+02
3896	1.246176e+02
3897	1.246214e+02
3898	1.246738e+02
3899	1.246687e+02
3900	1.246516e+02
3901	1.246606e+02
3902	1.245766e+02
3903	1.243492e+02
3904	1.241499e+02
3905	1.239531e+02
3906	1.236788e+02
3907	1.233798e+02
3908	1.232098e+02
3909	1.229766e+02
3910	1.227697e+02
3911	1.225831e+02
3912	1.223615e+02
3913	1.220744e+02
3914	1.216727e+02
3915	1.211920e+02
3916	1.207179e+02
3917	1.202758e+02
3918	1.198640e+02
3919	1.194451e+02
3920	1.190707e+02
3921	1.186737e+02
3922	1.182876e+02
3923	1.179340e+02
3924	1.175678e+02
3925	1.172216e+02
3926	1.168320e+02
3927	1.164889e+02
3928	1.162227e+02
3929	1.160138e+02
3930	1.158899e+02
3931	1.158084e+02
3932	1.158152e+02
3933	1.158866e+02
3934	1.160165e+02
3935	1.161497e+02
3936	1.162139e+02
3937	1.163583e+02
3938	1.165485e+02
3939	1.166554e+02
3940	1.167615e+02
3941	1.169193e+02
3942	1.171114e+02
3943	1.172539e+02
3944	1.174181e+02
3945	1.175874e+02
3946	1.178472e+02
3947	1.182064e+02
3948	1.184942e+02
3949	1.189057e+02
3950	1.192794e+02
3951	1.196178e+02
3952	1.199415e+02
3953	1.202704e+02
3954	1.205604e+02
3955	1.208680e+02
3956	1.212083e+02
3957	1.216055e+02
3958	1.219434e+02
3959	1.223151e+02
3960	1.226579e+02
3961	1.229421e+02
3962	1.231814e+02
3963	1.233872e+02
3964	1.235749e+02
3965	1.237589e+02
3966	1.239447e+02
3967	1.241445e+02
3968	1.242980e+02
3969	1.244833e+02
3970	1.246371e+02
3971	1.248027e+02
3972	1.249213e+02
3973	1.250372e+02
3974	1.251428e+02
3975	1.251120e+02
3976	1.250660e+02
3977	1.248959e+02
3978	1.245666e+02
3979	1.242425e+02
3980	1.237758e+02
3981	1.232139e+02
3982	1.226332e+02
3983	1.220165e+02
3984	1.213488e+02
3985	1.206397e+02
3986	1.198164e+02
3987	1.190172e+02
3988	1.181982e+02
3989	1.173421e+02
3990	1.165410e+02
3991	1.158211e+02
3992	1.151172e+02
3993	1.143864e+02
3994	1.137124e+02
3995	1.132439e+02
3996	1.128237e+02
3997	1.124252e+02
3998	1.120089e+02
3999	1.117476e+02
4000	1.115261e+02
4001	1.114005e+02
4002	1.115124e+02
4003	1.117299e+02
4004	1.120809e+02
4005	1.124919e+02
4006	1.129945e+02
4007	1.135511e+02
4008	1.142062e+02
4009	1.149028e+02
4010	1.155802e+02
4011	1.161724e+02
4012	1.167795e+02
4013	1.173510e+02
4014	1.180355e+02
4015	1.186907e+02
4016	1.193817e+02
4017	1.199830e+02
4018	1.204861e+02
4019	1.210310e+02
4020	1.215094e+02
4021	1.219095e+02
4022	1.222579e+02
4023	1.225907e+02
4024	1.229053e+02
4025	1.232206e+02
4026	1.234619e+02
4027	1.237277e+02
4028	1.238362e+02
4029	1.239082e+02
4030	1.239783e+02
4031	1.240406e+02
4032	1.241158e+02
4033	1.241407e+02
4034	1.240496e+02
4035	1.239432e+02
4036	1.239628e+02
4037	1.239794e+02
4038	1.239931e+02
4039	1.239352e+02
4040	1.239049e+02
4041	1.238751e+02
4042	1.237734e+02
4043	1.234995e+02
4044	1.231049e+02
4045	1.226384e+02
4046	1.220520e+02
4047	1.214543e+02
4048	1.208136e+02
4049	1.201996e+02
4050	1.196258e+02
4051	1.190137e+02
4052	1.183753e+02
4053	1.177855e+02
4054	1.171982e+02
4055	1.166171e+02
4056	1.161010e+02
4057	1.156420e+02
4058	1.152555e+02
4059	1.148843e+02
4060	1.145418e+02
4061	1.142223e+02
4062	1.138782e+02
4063	1.135998e+02
4064	1.133560e+02
4065	1.131588e+02
4066	1.129504e+02
4067	1.127519e+02
4068	1.125739e+02
4069	1.124105e+02
4070	1.122333e+02
4071	1.120130e+02
4072	1.119278e+02
4073	1.118142e+02
4074	1.117684e+02
4075	1.118158e+02
4076	1.119273e+02
4077	1.122062e+02
4078	1.125104e+02
4079	1.127983e+02
4080	1.130290e+02
4081	1.132215e+02
4082	1.134864e+02
4083	1.139049e+02
4084	1.143567e+02
4085	1.148684e+02
4086	1.153811e+02
4087	1.158406e+02
4088	1.163066e+02
4089	1.167652e+02
4090	1.172538e+02
4091	1.177253e+02
4092	1.181164e+02
4093	1.185919e+02
4094	1.190597e+02
4095	1.195801e+02
4096	1.201464e+02
4097	1.206515e+02
4098	1.211248e+02
4099	1.215486e+02
4100	1.219077e+02
4101	1.222681e+02
4102	1.226369e+02
4103	1.229100e+02
4104	1.231609e+02
4105	1.234066e+02
4106	1.236464e+02
4107	1.238009e+02
4108	1.239084e+02
4109	1.240922e+02
4110	1.241952e+02
4111	1.241487e+02
4112	1.240984e+02
4113	1.240164e+02
4114	1.239010e+02
4115	1.236933e+02
4116	1.233778e+02
4117	1.230091e+02
4118	1.225791e+02
4119	1.220727e+02
4120	1.215052e+02
4121	1.210159e+02
4122	1.206003e+02
4123	1.202098e+02
4124	1.198564e+02
4125	1.195359e+02
4126	1.192592e+02
4127	1.190229e+02
4128	1.188470e+02
4129	1.186496e+02
4130	1.184990e+02
4131	1.184148e+02
4132	1.183153e+02
4133	1.182232e+02
4134	1.181818e+02
4135	1.181401e+02
4136	1.181765e+02
4137	1.181895e+02
4138	1.181773e+02
4139	1.182310e+02
4140	1.182902e+02
4141	1.183528e+02
4142	1.184161e+02
4143	1.184574e+02
4144	1.185248e+02
4145	1.186596e+02
4146	1.188093e+02
4147	1.190028e+02
4148	1.192523e+02
4149	1.195324e+02
4150	1.198203e+02
4151	1.201755e+02
4152	1.205916e+02
4153	1.210135e+02
4154	1.214589e+02
4155	1.219259e+02
4156	1.223656e+02
4157	1.227569e+02
4158	1.231532e+02
4159	1.234957e+02
4160	1.237700e+02
4161	1.239583e+02
4162	1.241199e+02
4163	1.242290e+02
4164	1.242794e+02
4165	1.242857e+02
4166	1.243037e+02
4167	1.242801e+02
4168	1.241901e+02
4169	1.241462e+02
4170	1.240925e+02
4171	1.240990e+02
4172	1.241474e+02
4173	1.241846e+02
4174	1.241134e+02
4175	1.240640e+02
4176	1.239901e+02
4177	1.238891e+02
4178	1.238317e+02
4179	1.236889e+02
4180	1.234432e+02
4181	1.232406e+02
4182	1.229283e+02
4183	1.225010e+02
4184	1.220289e+02
4185	1.215746e+02
4186	1.211111e+02
4187	1.206392e+02
4188	1.201106e+02
4189	1.195590e+02
4190	1.190920e+02
4191	1.187062e+02
4192	1.183247e+02
4193	1.178941e+02
4194	1.175245e+02
4195	1.171825e+02
4196	1.168356e+02
4197	1.164708e+02
4198	1.162506e+02
4199	1.160402e+02
4200	1.159181e+02
4201	1.158487e+02
4202	1.157445e+02
4203	1.157110e+02
4204	1.159122e+02
4205	1.160255e+02
4206	1.160666e+02
4207	1.162822e+02
4208	1.165725e+02
4209	1.168131e+02
4210	1.171279e+02
4211	1.174940e+02
4212	1.179710e+02
4213	1.185331e+02
4214	1.190904e+02
4215	1.196971e+02
4216	1.202818e+02
4217	1.208583e+02
4218	1.214355e+02
4219	1.219667e+02
4220	1.224639e+02
4221	1.228920e+02
4222	1.232855e+02
4223	1.236267e+02
4224	1.240038e+02
4225	1.244768e+02
4226	1.249271e+02
4227	1.253478e+02
4228	1.257541e+02
4229	1.262051e+02
4230	1.266505e+02
4231	1.270378e+02
4232	1.273986e+02
4233	1.277352e+02
4234	1.279954e+02
4235	1.281800e+02
4236	1.283622e+02
4237	1.285376e+02
4238	1.286758e+02
4239	1.288011e+02
4240	1.288906e+02
4241	1.290311e+02
4242	1.292200e+02
4243	1.293855e+02
4244	1.295387e+02
4245	1.296216e+02
4246	1.297236e+02
4247	1.298500e+02
4248	1.299687e+02
4249	1.300261e+02
4250	1.299733e+02
4251	1.298830e+02
4252	1.297140e+02
4253	1.295314e+02
4254	1.291760e+02
4255	1.287814e+02
4256	1.283583e+02
4257	1.278153e+02
4258	1.272355e+02
4259	1.265904e+02
4260	1.258939e+02
4261	1.251298e+02
4262	1.243632e+02
4263	1.234905e+02
4264	1.225365e+02
4265	1.215275e+02
4266	1.205154e+02
4267	1.195315e+02
4268	1.185181e+02
4269	1.175477e+02
4270	1.166588e+02
4271	1.157115e+02
4272	1.148091e+02
4273	1.138640e+02
4274	1.129005e+02
4275	1.119215e+02
4276	1.109944e+02
4277	1.100442e+02
4278	1.091559e+02
4279	1.082309e+02
4280	1.074053e+02
4281	1.066352e+02
4282	1.059249e+02
4283	1.053969e+02
4284	1.050243e+02
4285	1.047794e+02
4286	1.046328e+02
4287	1.046259e+02
4288	1.046858e+02
4289	1.047795e+02
4290	1.049540e+02
4291	1.052049e+02
4292	1.055776e+02
4293	1.060509e+02
4294	1.065861e+02
4295	1.072628e+02
4296	1.080465e+02
4297	1.089165e+02
4298	1.097166e+02
4299	1.105216e+02
4300	1.113585e+02
4301	1.122397e+02
4302	1.132618e+02
4303	1.143129e+02
4304	1.153061e+02
4305	1.162941e+02
4306	1.172740e+02
4307	1.182683e+02
4308	1.192713e+02
4309	1.203579e+02
4310	1.214327e+02
4311	1.224820e+02
4312	1.235493e+02
4313	1.246264e+02
4314	1.256847e+02
4315	1.267292e+02
4316	1.277452e+02
4317	1.286721e+02
4318	1.295624e+02
4319	1.304135e+02
4320	1.311270e+02
4321	1.316778e+02
4322	1.322352e+02
4323	1.327062e+02
4324	1.330574e+02
4325	1.333267e+02
4326	1.335057e+02
4327	1.334971e+02
4328	1.334390e+02
4329	1.333160e+02
4330	1.331043e+02
4331	1.328668e+02
4332	1.325058e+02
4333	1.321151e+02
4334	1.316034e+02
4335	1.310906e+02
4336	1.305381e+02
4337	1.299816e+02
4338	1.294564e+02
4339	1.287860e+02
4340	1.280574e+02
4341	1.272843e+02
4342	1.264788e+02
4343	1.256331e+02
4344	1.247923e+02
4345	1.240582e+02
4346	1.233952e+02
4347	1.226729e+02
4348	1.220953e+02
4349	1.216032e+02
4350	1.210780e+02
4351	1.205660e+02
4352	1.199998e+02
4353	1.195159e+02
4354	1.190711e+02
4355	1.186314e+02
4356	1.181694e+02
4357	1.178702e+02
4358	1.175472e+02
4359	1.172684e+02
4360	1.169438e+02
4361	1.166618e+02
4362	1.164447e+02
4363	1.163235e+02
4364	1.163499e+02
4365	1.164244e+02
4366	1.165029e+02
4367	1.167417e+02
4368	1.170884e+02
4369	1.173587e+02
4370	1.176286e+02
4371	1.178946e+02
4372	1.181569e+02
4373	1.184105e+02
4374	1.186523e+02
4375	1.189161e+02
4376	1.192054e+02
4377	1.195142e+02
4378	1.197305e+02
4379	1.199278e+02
4380	1.200715e+02
4381	1.201588e+02
4382	1.201898e+02
4383	1.201856e+02
4384	1.201769e+02
4385	1.202660e+02
4386	1.202977e+02
4387	1.202794e+02
4388	1.202067e+02
4389	1.201083e+02
4390	1.199686e+02
4391	1.197843e+02
4392	1.196334e+02
4393	1.194619e+02
4394	1.192192e+02
4395	1.189870e+02
4396	1.186530e+02
4397	1.182471e+02
4398	1.178330e+02
4399	1.174870e+02
4400	1.171999e+02
4401	1.169155e+02
4402	1.166345e+02
4403	1.163370e+02
4404	1.160856e+02
4405	1.157914e+02
4406	1.155549e+02
4407	1.153717e+02
4408	1.152429e+02
4409	1.151870e+02
4410	1.150939e+02
4411	1.151389e+02
4412	1.152169e+02
4413	1.152919e+02
4414	1.155622e+02
4415	1.158434e+02
4416	1.161969e+02
4417	1.166515e+02
4418	1.171080e+02
4419	1.175200e+02
4420	1.179356e+02
4421	1.183881e+02
4422	1.189835e+02
4423	1.195626e+02
4424	1.202393e+02
4425	1.209743e+02
4426	1.217616e+02
4427	1.225894e+02
4428	1.233839e+02
4429	1.241722e+02
4430	1.250105e+02
4431	1.259152e+02
4432	1.267328e+02
4433	1.274968e+02
4434	1.282411e+02
4435	1.288535e+02
4436	1.294125e+02
4437	1.299526e+02
4438	1.304394e+02
4439	1.310163e+02
4440	1.315617e+02
4441	1.319867e+02
4442	1.323682e+02
4443	1.326462e+02
4444	1.327912e+02
4445	1.328735e+02
4446	1.328118e+02
4447	1.326462e+02
4448	1.323188e+02
4449	1.319748e+02
4450	1.315152e+02
4451	1.309798e+02
4452	1.303731e+02
4453	1.296951e+02
4454	1.290414e+02
4455	1.283000e+02
4456	1.274407e+02
4457	1.265436e+02
4458	1.255976e+02
4459	1.246185e+02
4460	1.235698e+02
4461	1.225265e+02
4462	1.215113e+02
4463	1.205767e+02
4464	1.195909e+02
4465	1.186122e+02
4466	1.176496e+02
4467	1.166423e+02
4468	1.156105e+02
4469	1.146056e+02
4470	1.136533e+02
4471	1.128562e+02
4472	1.121497e+02
4473	1.115530e+02
4474	1.109600e+02
4475	1.105850e+02
4476	1.102644e+02
4477	1.100473e+02
4478	1.099000e+02
4479	1.098250e+02
4480	1.097985e+02
4481	1.098772e+02
4482	1.100209e+02
4483	1.103432e+02
4484	1.108057e+02
4485	1.113919e+02
4486	1.120908e+02
4487	1.128569e+02
4488	1.136278e+02
4489	1.144304e+02
4490	1.153064e+02
4491	1.162209e+02
4492	1.171631e+02
4493	1.181851e+02
4494	1.192530e+02
4495	1.203038e+02
4496	1.213868e+02
4497	1.223640e+02
4498	1.233997e+02
4499	1.244586e+02
4500	1.255089e+02
4501	1.265149e+02
4502	1.274547e+02
4503	1.283223e+02
4504	1.290740e+02
4505	1.297801e+02
4506	1.303821e+02
4507	1.309528e+02
4508	1.314524e+02
4509	1.319679e+02
4510	1.324353e+02
4511	1.328739e+02
4512	1.332732e+02
4513	1.335261e+02
4514	1.337950e+02
4515	1.339371e+02
4516	1.339854e+02
4517	1.339526e+02
4518	1.337709e+02
4519	1.334956e+02
4520	1.331319e+02
4521	1.326517e+02
4522	1.322053e+02
4523	1.316887e+02
4524	1.310526e+02
4525	1.304124e+02
4526	1.297663e+02
4527	1.291210e+02
4528	1.284362e+02
4529	1.277201e+02
4530	1.270216e+02
4531	1.263188e+02
4532	1.255749e+02
4533	1.248705e+02
4534	1.242318e+02
4535	1.235279e+02
4536	1.228840e+02
4537	1.222131e+02
4538	1.215396e+02
4539	1.208544e+02
4540	1.201064e+02
4541	1.193666e+02
4542	1.186899e+02
4543	1.180208e+02
4544	1.173725e+02
4545	1.166979e+02
4546	1.160914e+02
4547	1.155933e+02
4548	1.150764e+02
4549	1.145448e+02
4550	1.141518e+02
4551	1.138041e+02
4552	1.134963e+02
4553	1.133863e+02
4554	1.133037e+02
4555	1.132248e+02
4556	1.132244e+02
4557	1.133135e+02
4558	1.134553e+02
4559	1.136230e+02
4560	1.138530e+02
4561	1.142012e+02
4562	1.146288e+02
4563	1.150193e+02
4564	1.154622e+02
4565	1.160070e+02
4566	1.166630e+02
4567	1.174312e+02
4568	1.182471e+02
4569	1.190680e+02
4570	1.199000e+02
4571	1.206070e+02
4572	1.213105e+02
4573	1.220164e+02
4574	1.226643e+02
4575	1.232742e+02
4576	1.237900e+02
4577	1.243323e+02
4578	1.248198e+02
4579	1.252001e+02
4580	1.255095e+02
4581	1.256491e+02
4582	1.257819e+02
4583	1.259036e+02
4584	1.260105e+02
4585	1.260600e+02
4586	1.260172e+02
4587	1.258762e+02
4588	1.257135e+02
4589	1.254508e+02
4590	1.251270e+02
4591	1.248311e+02
4592	1.244985e+02
4593	1.241568e+02
4594	1.237205e+02
4595	1.232355e+02
4596	1.227184e+02
4597	1.222141e+02
4598	1.217051e+02
4599	1.210973e+02
4600	1.204109e+02
4601	1.197811e+02
4602	1.191569e+02
4603	1.185531e+02
4604	1.179666e+02
4605	1.174232e+02
4606	1.169639e+02
4607	1.166040e+02
4608	1.162904e+02
4609	1.159120e+02
4610	1.155017e+02
4611	1.151802e+02
4612	1.148777e+02
4613	1.146434e+02
4614	1.143935e+02
4615	1.141682e+02
4616	1.140552e+02
4617	1.140060e+02
4618	1.140094e+02
4619	1.139882e+02
4620	1.140937e+02
4621	1.142596e+02
4622	1.144367e+02
4623	1.147052e+02
4624	1.149387e+02
4625	1.153701e+02
4626	1.158827e+02
4627	1.164396e+02
4628	1.169810e+02
4629	1.175832e+02
4630	1.181940e+02
4631	1.188500e+02
4632	1.195165e+02
4633	1.202676e+02
4634	1.210575e+02
4635	1.218942e+02
4636	1.226874e+02
4637	1.234115e+02
4638	1.241135e+02
4639	1.248656e+02
4640	1.255952e+02
4641	1.262332e+02
4642	1.268378e+02
4643	1.273645e+02
4644	1.278722e+02
4645	1.283553e+02
4646	1.287464e+02
4647	1.291441e+02
4648	1.293828e+02
4649	1.295520e+02
4650	1.297018e+02
4651	1.298466e+02
4652	1.297811e+02
4653	1.296597e+02
4654	1.294302e+02
4655	1.292452e+02
4656	1.289825e+02
4657	1.285807e+02
4658	1.280824e+02
4659	1.275171e+02
4660	1.268888e+02
4661	1.261500e+02
4662	1.253495e+02
4663	1.244451e+02
4664	1.235382e+02
4665	1.225295e+02
4666	1.214695e+02
4667	1.204736e+02
4668	1.194486e+02
4669	1.184920e+02
4670	1.174994e+02
4671	1.164378e+02
4672	1.152801e+02
4673	1.142016e+02
4674	1.131059e+02
4675	1.120771e+02
4676	1.109668e+02
4677	1.098767e+02
4678	1.088178e+02
4679	1.078698e+02
4680	1.070387e+02
4681	1.062217e+02
4682	1.054584e+02
4683	1.048117e+02
4684	1.042430e+02
4685	1.038137e+02
4686	1.035268e+02
4687	1.034272e+02
4688	1.035240e+02
4689	1.036549e+02
4690	1.037835e+02
4691	1.040038e+02
4692	1.042753e+02
4693	1.046200e+02
4694	1.050323e+02
4695	1.056121e+02
4696	1.063130e+02
4697	1.070735e+02
4698	1.078802e+02
4699	1.087902e+02
4700	1.096368e+02
4701	1.104304e+02
4702	1.112464e+02
4703	1.120701e+02
4704	1.128858e+02
4705	1.137327e+02
4706	1.145177e+02
4707	1.152770e+02
4708	1.159532e+02
4709	1.166211e+02
4710	1.173066e+02
4711	1.179462e+02
4712	1.185489e+02
4713	1.190734e+02
4714	1.195929e+02
4715	1.200988e+02
4716	1.205607e+02
4717	1.210071e+02
4718	1.212974e+02
4719	1.214811e+02
4720	1.216244e+02
4721	1.217436e+02
4722	1.217002e+02
4723	1.216670e+02
4724	1.215979e+02
4725	1.214797e+02
4726	1.213000e+02
4727	1.211251e+02
4728	1.209536e+02
4729	1.206553e+02
4730	1.203547e+02
4731	1.199980e+02
4732	1.195225e+02
4733	1.188972e+02
4734	1.181690e+02
4735	1.174179e+02
4736	1.166362e+02
4737	1.158222e+02
4738	1.150494e+02
4739	1.143166e+02
4740	1.135843e+02
4741	1.129370e+02
4742	1.123191e+02
4743	1.117579e+02
4744	1.113193e+02
4745	1.109619e+02
4746	1.105475e+02
4747	1.102121e+02
4748	1.099405e+02
4749	1.096864e+02
4750	1.094678e+02
4751	1.093575e+02
4752	1.093190e+02
4753	1.093210e+02
4754	1.093572e+02
4755	1.095579e+02
4756	1.098428e+02
4757	1.102045e+02
4758	1.105575e+02
4759	1.109305e+02
4760	1.114127e+02
4761	1.118735e+02
4762	1.123781e+02
4763	1.129476e+02
4764	1.135546e+02
4765	1.141048e+02
4766	1.146533e+02
4767	1.151624e+02
4768	1.156211e+02
4769	1.160728e+02
4770	1.165187e+02
4771	1.169187e+02
4772	1.174164e+02
4773	1.178122e+02
4774	1.181150e+02
4775	1.183564e+02
4776	1.185752e+02
4777	1.187061e+02
4778	1.189146e+02
4779	1.191446e+02
4780	1.192833e+02
4781	1.193993e+02
4782	1.194801e+02
4783	1.195070e+02
4784	1.195476e+02
4785	1.195463e+02
4786	1.195191e+02
4787	1.194643e+02
4788	1.193905e+02
4789	1.192128e+02
4790	1.190371e+02
4791	1.187690e+02
4792	1.185529e+02
4793	1.183531e+02
4794	1.181179e+02
4795	1.178571e+02
4796	1.174840e+02
4797	1.171204e+02
4798	1.167686e+02
4799	1.164169e+02
4800	1.160930e+02
4801	1.157997e+02
4802	1.155139e+02
4803	1.151905e+02
4804	1.148527e+02
4805	1.145980e+02
4806	1.144197e+02
4807	1.143331e+02
4808	1.142740e+02
4809	1.141886e+02
4810	1.141623e+02
4811	1.141192e+02
4812	1.141386e+02
4813	1.142597e+02
4814	1.144700e+02
4815	1.148530e+02
4816	1.153506e+02
4817	1.158083e+02
4818	1.162993e+02
4819	1.168717e+02
4820	1.174235e+02
4821	1.179845e+02
4822	1.185834e+02
4823	1.191000e+02
4824	1.196702e+02
4825	1.201491e+02
4826	1.205169e+02
4827	1.210003e+02
4828	1.213958e+02
4829	1.217648e+02
4830	1.222324e+02
4831	1.226871e+02
4832	1.230759e+02
4833	1.233784e+02
4834	1.236266e+02
4835	1.238290e+02
4836	1.240227e+02
4837	1.241859e+02
4838	1.243354e+02
4839	1.244313e+02
4840	1.245190e+02
4841	1.246546e+02
4842	1.247950e+02
4843	1.249669e+02
4844	1.251901e+02
4845	1.254095e+02
4846	1.255855e+02
4847	1.256743e+02
4848	1.255926e+02
4849	1.253741e+02
4850	1.250148e+02
4851	1.246043e+02
4852	1.242154e+02
4853	1.237657e+02
4854	1.233586e+02
4855	1.229169e+02
4856	1.224822e+02
4857	1.220314e+02
4858	1.215707e+02
4859	1.210548e+02
4860	1.205295e+02
4861	1.200270e+02
4862	1.194866e+02
4863	1.188804e+02
4864	1.181499e+02
4865	1.175161e+02
4866	1.170426e+02
4867	1.165577e+02
4868	1.160663e+02
4869	1.156601e+02
4870	1.153160e+02
4871	1.150150e+02
4872	1.148513e+02
4873	1.147793e+02
4874	1.146884e+02
4875	1.147048e+02
4876	1.148390e+02
4877	1.149745e+02
4878	1.151760e+02
4879	1.153368e+02
4880	1.154669e+02
4881	1.157326e+02
4882	1.159501e+02
4883	1.162803e+02
4884	1.166213e+02
4885	1.168784e+02
4886	1.171582e+02
4887	1.173959e+02
4888	1.176717e+02
4889	1.179251e+02
4890	1.182270e+02
4891	1.186082e+02
4892	1.188981e+02
4893	1.191919e+02
4894	1.194304e+02
4895	1.196800e+02
4896	1.199470e+02
4897	1.201941e+02
4898	1.204051e+02
4899	1.205790e+02
4900	1.207670e+02
4901	1.208348e+02
4902	1.208723e+02
4903	1.208587e+02
4904	1.208663e+02
4905	1.208822e+02
4906	1.207654e+02
4907	1.205984e+02
4908	1.203922e+02
4909	1.201813e+02
4910	1.199562e+02
4911	1.196594e+02
4912	1.194599e+02
4913	1.191503e+02
4914	1.187315e+02
4915	1.182836e+02
4916	1.178802e+02
4917	1.174964e+02
4918	1.172541e+02
4919	1.169951e+02
4920	1.167364e+02
4921	1.164990e+02
4922	1.162146e+02
4923	1.158745e+02
4924	1.156036e+02
4925	1.153483e+02
4926	1.151821e+02
4927	1.150446e+02
4928	1.149582e+02
4929	1.148785e+02
4930	1.148756e+02
4931	1.149465e+02
4932	1.150299e+02
4933	1.151937e+02
4934	1.153337e+02
4935	1.155069e+02
4936	1.156415e+02
4937	1.158068e+02
4938	1.160771e+02
4939	1.164259e+02
4940	1.168141e+02
4941	1.172210e+02
4942	1.176989e+02
4943	1.182654e+02
4944	1.188777e+02
4945	1.195530e+02
4946	1.202290e+02
4947	1.209801e+02
4948	1.217564e+02
4949	1.226032e+02
4950	1.234219e+02
4951	1.243200e+02
4952	1.253262e+02
4953	1.262575e+02
4954	1.271103e+02
4955	1.278878e+02
4956	1.286869e+02
4957	1.294435e+02
4958	1.301122e+02
4959	1.308031e+02
4960	1.314711e+02
4961	1.321157e+02
4962	1.326412e+02
4963	1.331093e+02
4964	1.334993e+02
4965	1.337750e+02
4966	1.339393e+02
4967	1.340676e+02
4968	1.342108e+02
4969	1.343456e+02
4970	1.343313e+02
4971	1.342962e+02
4972	1.341747e+02
4973	1.340145e+02
4974	1.337888e+02
4975	1.335254e+02
4976	1.331787e+02
4977	1.327289e+02
4978	1.323024e+02
4979	1.318126e+02
4980	1.312414e+02
4981	1.304898e+02
4982	1.296838e+02
4983	1.287583e+02
4984	1.276847e+02
4985	1.264920e+02
4986	1.252422e+02
4987	1.239673e+02
4988	1.227368e+02
4989	1.215112e+02
4990	1.203121e+02
4991	1.191966e+02
4992	1.180711e+02
4993	1.170243e+02
4994	1.161213e+02
4995	1.152035e+02
4996	1.143976e+02
4997	1.136866e+02
4998	1.130733e+02
4999	1.125970e+02
