# Step	Measurement
1	1.113753e+00
2	1.127469e+00
3	1.139167e+00
4	1.147908e+00
5	1.153491e+00
6	1.155519e+00
7	1.153034e+00
8	1.148323e+00
9	1.139182e+00
10	1.128297e+00
11	1.114423e+00
12	1.100228e+00
13	1.086185e+00
14	1.073285e+00
15	1.063700e+00
16	1.055959e+00
17	1.052016e+00
18	1.052747e+00
19	1.057139e+00
20	1.066111e+00
21	1.077658e+00
22	1.089981e+00
23	1.103867e+00
24	1.118746e+00
25	1.132146e+00
26	1.142960e+00
27	1.152221e+00
28	1.156862e+00
29	1.157070e+00
30	1.152406e+00
31	1.142982e+00
32	1.128252e+00
33	1.111054e+00
34	1.092689e+00
35	1.074316e+00
36	1.056991e+00
37	1.044392e+00
38	1.036277e+00
39	1.034004e+00
40	1.035981e+00
41	1.043855e+00
42	1.056303e+00
43	1.071446e+00
44	1.086578e+00
45	1.102102e+00
46	1.117763e+00
47	1.131457e+00
48	1.143150e+00
49	1.151843e+00
50	1.157705e+00
51	1.159905e+00
52	1.159448e+00
53	1.154535e+00
54	1.144976e+00
55	1.131497e+00
56	1.115128e+00
57	1.097970e+00
58	1.082303e+00
59	1.068938e+00
60	1.059723e+00
61	1.056175e+00
62	1.057089e+00
63	1.062005e+00
64	1.072723e+00
65	1.086352e+00
66	1.101749e+00
67	1.118064e+00
68	1.134681e+00
69	1.150081e+00
70	1.162722e+00
71	1.171738e+00
72	1.175820e+00
73	1.175555e+00
74	1.170167e+00
75	1.160243e+00
76	1.146545e+00
77	1.128949e+00
78	1.108704e+00
79	1.085694e+00
80	1.063759e+00
81	1.044514e+00
82	1.031800e+00
83	1.025721e+00
84	1.027624e+00
85	1.035434e+00
86	1.048797e+00
87	1.066983e+00
88	1.087071e+00
89	1.107334e+00
90	1.126093e+00
91	1.143248e+00
92	1.156781e+00
93	1.167491e+00
94	1.173728e+00
95	1.173023e+00
96	1.166865e+00
97	1.156091e+00
98	1.141630e+00
99	1.123281e+00
100	1.102962e+00
101	1.082367e+00
102	1.062932e+00
103	1.047141e+00
104	1.035021e+00
105	1.027953e+00
106	1.027341e+00
107	1.034631e+00
108	1.047532e+00
109	1.065442e+00
110	1.084126e+00
111	1.104065e+00
112	1.124357e+00
113	1.143024e+00
114	1.157247e+00
115	1.168142e+00
116	1.174517e+00
117	1.175596e+00
118	1.173068e+00
119	1.164692e+00
120	1.153233e+00
121	1.138052e+00
122	1.121192e+00
123	1.102731e+00
124	1.084652e+00
125	1.067330e+00
126	1.052533e+00
127	1.041392e+00
128	1.036487e+00
129	1.036055e+00
130	1.041759e+00
131	1.054186e+00
132	1.070883e+00
133	1.091409e+00
134	1.111303e+00
135	1.131180e+00
136	1.149718e+00
137	1.165276e+00
138	1.177360e+00
139	1.183443e+00
140	1.183918e+00
141	1.180489e+00
142	1.171951e+00
143	1.159642e+00
144	1.142702e+00
145	1.125099e+00
146	1.106431e+00
147	1.087329e+00
148	1.069844e+00
149	1.055035e+00
150	1.043845e+00
151	1.038957e+00
152	1.039992e+00
153	1.046337e+00
154	1.056063e+00
155	1.069008e+00
156	1.084799e+00
157	1.102049e+00
158	1.119742e+00
159	1.136595e+00
160	1.149157e+00
161	1.158192e+00
162	1.164451e+00
163	1.166582e+00
164	1.164906e+00
165	1.160121e+00
166	1.152396e+00
167	1.143067e+00
168	1.132497e+00
169	1.119942e+00
170	1.104807e+00
171	1.089515e+00
172	1.074425e+00
173	1.062029e+00
174	1.052035e+00
175	1.048062e+00
176	1.049147e+00
177	1.055778e+00
178	1.065490e+00
179	1.078426e+00
180	1.092737e+00
181	1.107032e+00
182	1.120215e+00
183	1.132714e+00
184	1.143881e+00
185	1.152136e+00
186	1.158237e+00
187	1.158051e+00
188	1.154443e+00
189	1.147471e+00
190	1.138001e+00
191	1.126120e+00
192	1.111850e+00
193	1.095690e+00
194	1.080948e+00
195	1.066943e+00
196	1.056456e+00
197	1.050646e+00
198	1.050228e+00
199	1.055059e+00
200	1.064146e+00
201	1.074546e+00
202	1.086859e+00
203	1.097804e+00
204	1.108670e+00
205	1.117590e+00
206	1.125710e+00
207	1.131648e+00
208	1.134742e+00
209	1.134940e+00
210	1.132785e+00
211	1.128272e+00
212	1.121226e+00
213	1.111319e+00
214	1.101757e+00
215	1.092040e+00
216	1.082571e+00
217	1.075183e+00
218	1.069285e+00
219	1.065913e+00
220	1.065294e+00
221	1.068900e+00
222	1.074119e+00
223	1.082905e+00
224	1.094151e+00
225	1.105596e+00
226	1.116868e+00
227	1.127139e+00
228	1.136097e+00
229	1.142354e+00
230	1.145193e+00
231	1.144969e+00
232	1.142044e+00
233	1.137763e+00
234	1.130377e+00
235	1.121771e+00
236	1.112467e+00
237	1.102922e+00
238	1.093318e+00
239	1.084677e+00
240	1.077383e+00
241	1.073192e+00
242	1.071597e+00
243	1.073096e+00
244	1.076826e+00
245	1.081474e+00
246	1.087806e+00
247	1.094813e+00
248	1.103749e+00
249	1.111225e+00
250	1.117466e+00
251	1.122946e+00
252	1.126288e+00
253	1.127492e+00
254	1.128078e+00
255	1.127702e+00
256	1.126335e+00
257	1.125378e+00
258	1.122560e+00
259	1.118108e+00
260	1.113863e+00
261	1.108733e+00
262	1.104178e+00
263	1.099057e+00
264	1.094371e+00
265	1.091554e+00
266	1.088260e+00
267	1.087805e+00
268	1.088506e+00
269	1.088051e+00
270	1.088736e+00
271	1.090335e+00
272	1.091785e+00
273	1.093988e+00
274	1.096086e+00
275	1.101207e+00
276	1.105981e+00
277	1.110152e+00
278	1.112834e+00
279	1.115266e+00
280	1.115975e+00
281	1.117665e+00
282	1.118257e+00
283	1.119337e+00
284	1.119210e+00
285	1.117391e+00
286	1.115324e+00
287	1.112459e+00
288	1.108695e+00
289	1.102884e+00
290	1.097319e+00
291	1.091029e+00
292	1.084917e+00
293	1.080800e+00
294	1.079962e+00
295	1.081840e+00
296	1.085205e+00
297	1.090795e+00
298	1.099088e+00
299	1.106998e+00
300	1.114160e+00
301	1.119947e+00
302	1.125503e+00
303	1.129595e+00
304	1.132251e+00
305	1.132212e+00
306	1.129619e+00
307	1.125142e+00
308	1.118021e+00
309	1.110271e+00
310	1.102395e+00
311	1.094119e+00
312	1.086078e+00
313	1.080033e+00
314	1.074866e+00
315	1.070088e+00
316	1.068728e+00
317	1.069078e+00
318	1.072566e+00
319	1.077257e+00
320	1.084154e+00
321	1.092789e+00
322	1.101698e+00
323	1.110373e+00
324	1.118184e+00
325	1.125462e+00
326	1.131760e+00
327	1.137095e+00
328	1.139178e+00
329	1.138428e+00
330	1.134994e+00
331	1.128834e+00
332	1.120501e+00
333	1.109714e+00
334	1.097574e+00
335	1.085497e+00
336	1.074180e+00
337	1.064598e+00
338	1.056347e+00
339	1.051039e+00
340	1.049582e+00
341	1.051825e+00
342	1.058595e+00
343	1.069857e+00
344	1.083107e+00
345	1.099660e+00
346	1.117038e+00
347	1.134233e+00
348	1.149432e+00
349	1.163213e+00
350	1.173659e+00
351	1.181189e+00
352	1.183201e+00
353	1.180539e+00
354	1.172267e+00
355	1.160236e+00
356	1.144737e+00
357	1.126677e+00
358	1.108210e+00
359	1.089409e+00
360	1.071973e+00
361	1.058718e+00
362	1.049487e+00
363	1.045815e+00
364	1.047758e+00
365	1.054068e+00
366	1.063821e+00
367	1.076722e+00
368	1.092987e+00
369	1.109766e+00
370	1.128038e+00
371	1.143441e+00
372	1.156835e+00
373	1.164873e+00
374	1.167710e+00
375	1.165591e+00
376	1.161491e+00
377	1.152985e+00
378	1.140367e+00
379	1.125440e+00
380	1.108527e+00
381	1.091447e+00
382	1.075326e+00
383	1.062862e+00
384	1.054563e+00
385	1.050683e+00
386	1.052133e+00
387	1.059504e+00
388	1.070002e+00
389	1.083185e+00
390	1.097884e+00
391	1.114965e+00
392	1.130476e+00
393	1.143111e+00
394	1.153240e+00
395	1.159859e+00
396	1.162576e+00
397	1.159835e+00
398	1.155559e+00
399	1.148141e+00
400	1.137044e+00
401	1.123414e+00
402	1.107882e+00
403	1.091391e+00
404	1.078262e+00
405	1.066909e+00
406	1.061901e+00
407	1.062554e+00
408	1.066981e+00
409	1.074026e+00
410	1.083564e+00
411	1.095381e+00
412	1.107781e+00
413	1.120235e+00
414	1.133018e+00
415	1.144348e+00
416	1.153296e+00
417	1.159428e+00
418	1.161050e+00
419	1.158191e+00
420	1.151052e+00
421	1.139018e+00
422	1.123989e+00
423	1.108213e+00
424	1.092296e+00
425	1.078607e+00
426	1.068254e+00
427	1.061688e+00
428	1.060021e+00
429	1.062636e+00
430	1.069407e+00
431	1.080228e+00
432	1.093425e+00
433	1.107970e+00
434	1.122759e+00
435	1.137674e+00
436	1.148876e+00
437	1.158451e+00
438	1.164548e+00
439	1.167408e+00
440	1.165934e+00
441	1.160594e+00
442	1.151098e+00
443	1.137270e+00
444	1.121944e+00
445	1.105025e+00
446	1.087156e+00
447	1.072422e+00
448	1.060030e+00
449	1.051220e+00
450	1.046583e+00
451	1.048458e+00
452	1.056028e+00
453	1.068615e+00
454	1.083017e+00
455	1.100136e+00
456	1.116332e+00
457	1.130377e+00
458	1.142377e+00
459	1.152268e+00
460	1.157590e+00
461	1.158744e+00
462	1.154994e+00
463	1.146338e+00
464	1.135402e+00
465	1.121663e+00
466	1.105426e+00
467	1.089533e+00
468	1.076683e+00
469	1.065928e+00
470	1.059108e+00
471	1.056069e+00
472	1.057480e+00
473	1.061698e+00
474	1.069391e+00
475	1.080019e+00
476	1.094453e+00
477	1.109668e+00
478	1.123500e+00
479	1.135883e+00
480	1.145805e+00
481	1.152634e+00
482	1.156050e+00
483	1.154703e+00
484	1.148285e+00
485	1.137968e+00
486	1.123662e+00
487	1.107503e+00
488	1.091053e+00
489	1.077253e+00
490	1.067168e+00
491	1.059610e+00
492	1.054915e+00
493	1.053872e+00
494	1.057230e+00
495	1.065308e+00
496	1.075196e+00
497	1.086982e+00
498	1.101166e+00
499	1.114586e+00
500	1.126674e+00
501	1.137076e+00
502	1.145709e+00
503	1.149592e+00
504	1.151335e+00
505	1.148147e+00
506	1.142133e+00
507	1.133023e+00
508	1.120947e+00
509	1.108085e+00
510	1.093747e+00
511	1.080296e+00
512	1.067809e+00
513	1.057750e+00
514	1.051076e+00
515	1.047709e+00
516	1.048767e+00
517	1.053851e+00
518	1.063359e+00
519	1.077051e+00
520	1.091492e+00
521	1.108229e+00
522	1.124110e+00
523	1.137282e+00
524	1.146806e+00
525	1.152900e+00
526	1.153679e+00
527	1.150124e+00
528	1.143622e+00
529	1.134664e+00
530	1.124684e+00
531	1.113118e+00
532	1.101169e+00
533	1.088484e+00
534	1.075712e+00
535	1.066364e+00
536	1.061057e+00
537	1.059745e+00
538	1.062537e+00
539	1.068173e+00
540	1.077415e+00
541	1.089474e+00
542	1.102144e+00
543	1.115165e+00
544	1.126342e+00
545	1.136101e+00
546	1.142712e+00
547	1.145577e+00
548	1.143868e+00
549	1.139065e+00
550	1.131498e+00
551	1.121985e+00
552	1.110811e+00
553	1.098274e+00
554	1.086309e+00
555	1.076934e+00
556	1.069067e+00
557	1.063442e+00
558	1.060948e+00
559	1.061800e+00
560	1.065623e+00
561	1.072879e+00
562	1.081896e+00
563	1.092364e+00
564	1.103835e+00
565	1.115236e+00
566	1.125246e+00
567	1.132560e+00
568	1.136475e+00
569	1.137903e+00
570	1.134574e+00
571	1.128762e+00
572	1.119450e+00
573	1.107769e+00
574	1.095913e+00
575	1.083718e+00
576	1.072805e+00
577	1.062360e+00
578	1.054561e+00
579	1.050300e+00
580	1.051032e+00
581	1.056775e+00
582	1.065372e+00
583	1.075955e+00
584	1.089372e+00
585	1.103944e+00
586	1.116844e+00
587	1.128623e+00
588	1.138719e+00
589	1.147315e+00
590	1.154517e+00
591	1.157365e+00
592	1.156274e+00
593	1.152146e+00
594	1.144998e+00
595	1.134478e+00
596	1.121018e+00
597	1.106553e+00
598	1.090256e+00
599	1.072898e+00
600	1.057157e+00
601	1.045476e+00
602	1.039147e+00
603	1.040254e+00
604	1.047000e+00
605	1.056549e+00
606	1.070261e+00
607	1.086985e+00
608	1.102898e+00
609	1.117182e+00
610	1.129886e+00
611	1.139979e+00
612	1.147208e+00
613	1.150437e+00
614	1.150501e+00
615	1.146097e+00
616	1.138041e+00
617	1.127779e+00
618	1.114951e+00
619	1.101262e+00
620	1.088578e+00
621	1.077282e+00
622	1.067962e+00
623	1.063139e+00
624	1.060378e+00
625	1.060500e+00
626	1.063627e+00
627	1.070023e+00
628	1.077883e+00
629	1.086642e+00
630	1.097815e+00
631	1.108676e+00
632	1.119886e+00
633	1.128623e+00
634	1.134593e+00
635	1.137273e+00
636	1.135271e+00
637	1.130401e+00
638	1.123067e+00
639	1.114023e+00
640	1.102928e+00
641	1.090356e+00
642	1.078691e+00
643	1.067273e+00
644	1.058561e+00
645	1.052566e+00
646	1.050336e+00
647	1.052000e+00
648	1.058954e+00
649	1.069269e+00
650	1.082302e+00
651	1.096065e+00
652	1.110724e+00
653	1.124211e+00
654	1.137177e+00
655	1.146620e+00
656	1.151695e+00
657	1.151472e+00
658	1.146186e+00
659	1.136545e+00
660	1.122184e+00
661	1.106589e+00
662	1.090520e+00
663	1.077382e+00
664	1.066440e+00
665	1.059426e+00
666	1.057560e+00
667	1.059300e+00
668	1.063921e+00
669	1.071602e+00
670	1.081660e+00
671	1.092139e+00
672	1.102105e+00
673	1.112152e+00
674	1.120412e+00
675	1.126726e+00
676	1.130751e+00
677	1.132764e+00
678	1.131832e+00
679	1.128145e+00
680	1.121672e+00
681	1.113249e+00
682	1.102687e+00
683	1.092624e+00
684	1.083405e+00
685	1.074635e+00
686	1.068258e+00
687	1.063075e+00
688	1.060486e+00
689	1.060844e+00
690	1.065012e+00
691	1.071480e+00
692	1.079678e+00
693	1.088756e+00
694	1.097876e+00
695	1.106119e+00
696	1.112823e+00
697	1.119092e+00
698	1.124088e+00
699	1.125752e+00
700	1.124757e+00
701	1.120853e+00
702	1.114600e+00
703	1.107406e+00
704	1.097971e+00
705	1.088922e+00
706	1.081458e+00
707	1.077490e+00
708	1.075891e+00
709	1.076676e+00
710	1.078829e+00
711	1.082358e+00
712	1.085601e+00
713	1.089761e+00
714	1.093607e+00
715	1.097541e+00
716	1.101231e+00
717	1.103628e+00
718	1.105404e+00
719	1.104973e+00
720	1.103079e+00
721	1.099826e+00
722	1.097033e+00
723	1.094262e+00
724	1.092285e+00
725	1.088148e+00
726	1.085269e+00
727	1.084251e+00
728	1.084133e+00
729	1.084806e+00
730	1.086471e+00
731	1.090003e+00
732	1.094796e+00
733	1.099928e+00
734	1.104748e+00
735	1.109202e+00
736	1.112439e+00
737	1.114885e+00
738	1.114731e+00
739	1.113452e+00
740	1.111776e+00
741	1.108530e+00
742	1.104174e+00
743	1.099314e+00
744	1.093253e+00
745	1.087990e+00
746	1.083778e+00
747	1.079760e+00
748	1.076584e+00
749	1.073339e+00
750	1.073771e+00
751	1.076206e+00
752	1.080922e+00
753	1.088568e+00
754	1.097046e+00
755	1.104359e+00
756	1.109933e+00
757	1.114522e+00
758	1.116912e+00
759	1.117540e+00
760	1.116903e+00
761	1.115486e+00
762	1.112820e+00
763	1.110830e+00
764	1.107902e+00
765	1.103587e+00
766	1.098515e+00
767	1.093554e+00
768	1.088606e+00
769	1.084599e+00
770	1.081619e+00
771	1.081630e+00
772	1.082291e+00
773	1.084682e+00
774	1.088147e+00
775	1.092475e+00
776	1.095674e+00
777	1.099408e+00
778	1.103839e+00
779	1.107602e+00
780	1.110433e+00
781	1.112674e+00
782	1.114667e+00
783	1.114467e+00
784	1.113035e+00
785	1.109962e+00
786	1.102880e+00
787	1.096406e+00
788	1.090573e+00
789	1.086251e+00
790	1.081533e+00
791	1.079288e+00
792	1.079826e+00
793	1.082258e+00
794	1.087636e+00
795	1.094444e+00
796	1.102683e+00
797	1.110555e+00
798	1.117892e+00
799	1.122723e+00
800	1.125312e+00
801	1.125716e+00
802	1.123986e+00
803	1.121134e+00
804	1.117389e+00
805	1.112618e+00
806	1.106380e+00
807	1.100325e+00
808	1.093927e+00
809	1.088072e+00
810	1.083356e+00
811	1.079477e+00
812	1.079616e+00
813	1.080680e+00
814	1.084452e+00
815	1.089192e+00
816	1.095809e+00
817	1.103391e+00
818	1.110409e+00
819	1.117640e+00
820	1.124643e+00
821	1.128750e+00
822	1.131659e+00
823	1.132168e+00
824	1.130304e+00
825	1.125023e+00
826	1.117003e+00
827	1.108528e+00
828	1.099437e+00
829	1.089263e+00
830	1.080988e+00
831	1.074304e+00
832	1.071200e+00
833	1.070356e+00
834	1.071994e+00
835	1.075977e+00
836	1.081471e+00
837	1.088164e+00
838	1.095648e+00
839	1.103294e+00
840	1.109975e+00
841	1.114411e+00
842	1.116612e+00
843	1.117259e+00
844	1.117047e+00
845	1.116387e+00
846	1.114506e+00
847	1.110463e+00
848	1.105250e+00
849	1.097574e+00
850	1.089912e+00
851	1.083210e+00
852	1.078016e+00
853	1.073393e+00
854	1.070778e+00
855	1.068926e+00
856	1.070710e+00
857	1.074336e+00
858	1.080093e+00
859	1.088324e+00
860	1.098262e+00
861	1.107515e+00
862	1.116430e+00
863	1.124786e+00
864	1.130934e+00
865	1.134486e+00
866	1.137352e+00
867	1.136239e+00
868	1.133805e+00
869	1.129213e+00
870	1.123273e+00
871	1.116055e+00
872	1.107013e+00
873	1.099260e+00
874	1.091194e+00
875	1.084250e+00
876	1.079347e+00
877	1.074906e+00
878	1.072551e+00
879	1.071929e+00
880	1.072689e+00
881	1.076390e+00
882	1.082679e+00
883	1.091378e+00
884	1.101591e+00
885	1.112675e+00
886	1.122840e+00
887	1.132838e+00
888	1.141562e+00
889	1.147929e+00
890	1.150725e+00
891	1.150304e+00
892	1.146723e+00
893	1.139082e+00
894	1.129971e+00
895	1.119219e+00
896	1.108485e+00
897	1.096300e+00
898	1.084450e+00
899	1.074306e+00
900	1.067246e+00
901	1.065207e+00
902	1.065609e+00
903	1.070999e+00
904	1.078801e+00
905	1.088592e+00
906	1.099929e+00
907	1.111724e+00
908	1.124827e+00
909	1.137342e+00
910	1.147093e+00
911	1.153403e+00
912	1.155790e+00
913	1.154912e+00
914	1.151470e+00
915	1.145048e+00
916	1.135606e+00
917	1.122922e+00
918	1.108831e+00
919	1.093617e+00
920	1.078872e+00
921	1.065252e+00
922	1.053605e+00
923	1.047014e+00
924	1.045783e+00
925	1.049577e+00
926	1.058381e+00
927	1.069043e+00
928	1.080783e+00
929	1.094201e+00
930	1.107130e+00
931	1.118349e+00
932	1.127827e+00
933	1.133905e+00
934	1.139245e+00
935	1.141463e+00
936	1.139690e+00
937	1.134869e+00
938	1.128721e+00
939	1.121452e+00
940	1.112699e+00
941	1.101829e+00
942	1.090313e+00
943	1.080165e+00
944	1.070447e+00
945	1.063573e+00
946	1.062112e+00
947	1.062909e+00
948	1.065625e+00
949	1.071345e+00
950	1.078385e+00
951	1.087932e+00
952	1.096751e+00
953	1.107418e+00
954	1.116803e+00
955	1.125177e+00
956	1.131418e+00
957	1.135080e+00
958	1.134615e+00
959	1.131906e+00
960	1.127552e+00
961	1.119149e+00
962	1.109053e+00
963	1.097536e+00
964	1.085490e+00
965	1.074512e+00
966	1.065193e+00
967	1.059782e+00
968	1.058794e+00
969	1.061123e+00
970	1.066969e+00
971	1.075240e+00
972	1.085361e+00
973	1.096709e+00
974	1.108615e+00
975	1.119243e+00
976	1.127693e+00
977	1.133950e+00
978	1.138946e+00
979	1.141428e+00
980	1.141941e+00
981	1.140437e+00
982	1.136356e+00
983	1.128826e+00
984	1.118974e+00
985	1.108308e+00
986	1.096653e+00
987	1.085388e+00
988	1.076078e+00
989	1.068965e+00
990	1.065670e+00
991	1.065576e+00
992	1.068335e+00
993	1.074855e+00
994	1.082839e+00
995	1.092501e+00
996	1.102254e+00
997	1.111951e+00
998	1.120875e+00
999	1.129230e+00
1000	1.135828e+00
1001	1.139533e+00
1002	1.140936e+00
1003	1.138512e+00
1004	1.132759e+00
1005	1.125300e+00
1006	1.116070e+00
1007	1.106347e+00
1008	1.096328e+00
1009	1.086242e+00
1010	1.076661e+00
1011	1.068338e+00
1012	1.062491e+00
1013	1.059746e+00
1014	1.061818e+00
1015	1.067471e+00
1016	1.076101e+00
1017	1.087067e+00
1018	1.099470e+00
1019	1.112713e+00
1020	1.125951e+00
1021	1.137422e+00
1022	1.145483e+00
1023	1.152054e+00
1024	1.156828e+00
1025	1.157671e+00
1026	1.155543e+00
1027	1.149752e+00
1028	1.141023e+00
1029	1.127691e+00
1030	1.113316e+00
1031	1.097169e+00
1032	1.079819e+00
1033	1.065479e+00
1034	1.055690e+00
1035	1.048840e+00
1036	1.047493e+00
1037	1.051281e+00
1038	1.059265e+00
1039	1.072029e+00
1040	1.087852e+00
1041	1.105073e+00
1042	1.120715e+00
1043	1.138150e+00
1044	1.153120e+00
1045	1.165745e+00
1046	1.174567e+00
1047	1.177522e+00
1048	1.175698e+00
1049	1.167085e+00
1050	1.153637e+00
1051	1.136081e+00
1052	1.115505e+00
1053	1.092746e+00
1054	1.070697e+00
1055	1.050399e+00
1056	1.034199e+00
1057	1.024305e+00
1058	1.019675e+00
1059	1.023915e+00
1060	1.035401e+00
1061	1.052309e+00
1062	1.073904e+00
1063	1.097472e+00
1064	1.122142e+00
1065	1.145042e+00
1066	1.164471e+00
1067	1.179311e+00
1068	1.189151e+00
1069	1.192957e+00
1070	1.191559e+00
1071	1.185505e+00
1072	1.174010e+00
1073	1.158411e+00
1074	1.139893e+00
1075	1.118943e+00
1076	1.095770e+00
1077	1.072813e+00
1078	1.053103e+00
1079	1.038603e+00
1080	1.031242e+00
1081	1.030329e+00
1082	1.035175e+00
1083	1.045961e+00
1084	1.063136e+00
1085	1.082378e+00
1086	1.102341e+00
1087	1.122139e+00
1088	1.140954e+00
1089	1.156384e+00
1090	1.167084e+00
1091	1.172779e+00
1092	1.174894e+00
1093	1.174319e+00
1094	1.167996e+00
1095	1.156815e+00
1096	1.140765e+00
1097	1.120497e+00
1098	1.098871e+00
1099	1.077877e+00
1100	1.058551e+00
1101	1.041825e+00
1102	1.029572e+00
1103	1.022744e+00
1104	1.023485e+00
1105	1.031563e+00
1106	1.045572e+00
1107	1.064515e+00
1108	1.087198e+00
1109	1.111631e+00
1110	1.134928e+00
1111	1.154697e+00
1112	1.168172e+00
1113	1.177143e+00
1114	1.180302e+00
1115	1.178229e+00
1116	1.170806e+00
1117	1.158052e+00
1118	1.142885e+00
1119	1.125797e+00
1120	1.107399e+00
1121	1.088903e+00
1122	1.073063e+00
1123	1.060180e+00
1124	1.050458e+00
1125	1.046798e+00
1126	1.049107e+00
1127	1.057325e+00
1128	1.070235e+00
1129	1.085510e+00
1130	1.102887e+00
1131	1.121685e+00
1132	1.138921e+00
1133	1.154465e+00
1134	1.167742e+00
1135	1.176906e+00
1136	1.181591e+00
1137	1.181458e+00
1138	1.174881e+00
1139	1.163950e+00
1140	1.149609e+00
1141	1.131488e+00
1142	1.110777e+00
1143	1.089974e+00
1144	1.071167e+00
1145	1.055999e+00
1146	1.046518e+00
1147	1.043841e+00
1148	1.046335e+00
1149	1.054093e+00
1150	1.066313e+00
1151	1.082656e+00
1152	1.101784e+00
1153	1.122979e+00
1154	1.142025e+00
1155	1.158154e+00
1156	1.169975e+00
1157	1.176854e+00
1158	1.178423e+00
1159	1.175608e+00
1160	1.168613e+00
1161	1.156956e+00
1162	1.141434e+00
1163	1.124511e+00
1164	1.105187e+00
1165	1.086873e+00
1166	1.072672e+00
1167	1.060376e+00
1168	1.051607e+00
1169	1.047848e+00
1170	1.050063e+00
1171	1.058248e+00
1172	1.070526e+00
1173	1.086426e+00
1174	1.104946e+00
1175	1.124375e+00
1176	1.142878e+00
1177	1.158490e+00
1178	1.168851e+00
1179	1.175934e+00
1180	1.179347e+00
1181	1.178490e+00
1182	1.172161e+00
1183	1.163169e+00
1184	1.151416e+00
1185	1.136833e+00
1186	1.119625e+00
1187	1.099907e+00
1188	1.080238e+00
1189	1.064004e+00
1190	1.052391e+00
1191	1.044113e+00
1192	1.042130e+00
1193	1.045983e+00
1194	1.055700e+00
1195	1.068450e+00
1196	1.084751e+00
1197	1.103442e+00
1198	1.121840e+00
1199	1.138918e+00
1200	1.153579e+00
1201	1.164804e+00
1202	1.172289e+00
1203	1.175510e+00
1204	1.175738e+00
1205	1.171887e+00
1206	1.163115e+00
1207	1.147934e+00
1208	1.129460e+00
1209	1.109427e+00
1210	1.089099e+00
1211	1.069162e+00
1212	1.051656e+00
1213	1.039709e+00
1214	1.034465e+00
1215	1.035527e+00
1216	1.042413e+00
1217	1.056383e+00
1218	1.074878e+00
1219	1.094185e+00
1220	1.113059e+00
1221	1.130177e+00
1222	1.144541e+00
1223	1.154450e+00
1224	1.160529e+00
1225	1.163857e+00
1226	1.162752e+00
1227	1.159106e+00
1228	1.153241e+00
1229	1.143124e+00
1230	1.130017e+00
1231	1.116149e+00
1232	1.100797e+00
1233	1.086743e+00
1234	1.073336e+00
1235	1.063716e+00
1236	1.059505e+00
1237	1.061051e+00
1238	1.066642e+00
1239	1.074709e+00
1240	1.086052e+00
1241	1.098578e+00
1242	1.112670e+00
1243	1.127020e+00
1244	1.140664e+00
1245	1.151907e+00
1246	1.158280e+00
1247	1.161816e+00
1248	1.161976e+00
1249	1.158044e+00
1250	1.151496e+00
1251	1.141887e+00
1252	1.127299e+00
1253	1.111517e+00
1254	1.094890e+00
1255	1.079133e+00
1256	1.066236e+00
1257	1.055577e+00
1258	1.048880e+00
1259	1.047521e+00
1260	1.052137e+00
1261	1.061598e+00
1262	1.072918e+00
1263	1.085912e+00
1264	1.100489e+00
1265	1.115081e+00
1266	1.128070e+00
1267	1.138211e+00
1268	1.146978e+00
1269	1.152030e+00
1270	1.153594e+00
1271	1.151638e+00
1272	1.144306e+00
1273	1.134200e+00
1274	1.119924e+00
1275	1.102033e+00
1276	1.083422e+00
1277	1.065764e+00
1278	1.050834e+00
1279	1.040932e+00
1280	1.036033e+00
1281	1.037503e+00
1282	1.042994e+00
1283	1.052992e+00
1284	1.067874e+00
1285	1.085913e+00
1286	1.106550e+00
1287	1.127546e+00
1288	1.146928e+00
1289	1.162434e+00
1290	1.174329e+00
1291	1.179794e+00
1292	1.179995e+00
1293	1.175776e+00
1294	1.165709e+00
1295	1.150875e+00
1296	1.132911e+00
1297	1.113051e+00
1298	1.091513e+00
1299	1.070201e+00
1300	1.051742e+00
1301	1.036849e+00
1302	1.027647e+00
1303	1.026400e+00
1304	1.032594e+00
1305	1.045383e+00
1306	1.064182e+00
1307	1.086508e+00
1308	1.109938e+00
1309	1.132027e+00
1310	1.151558e+00
1311	1.167437e+00
1312	1.177705e+00
1313	1.182799e+00
1314	1.182643e+00
1315	1.177753e+00
1316	1.167771e+00
1317	1.153839e+00
1318	1.136503e+00
1319	1.117001e+00
1320	1.097272e+00
1321	1.078233e+00
1322	1.062386e+00
1323	1.050898e+00
1324	1.044390e+00
1325	1.044071e+00
1326	1.048839e+00
1327	1.057784e+00
1328	1.071140e+00
1329	1.088203e+00
1330	1.107094e+00
1331	1.124334e+00
1332	1.140591e+00
1333	1.153905e+00
1334	1.163438e+00
1335	1.166832e+00
1336	1.166274e+00
1337	1.160530e+00
1338	1.151259e+00
1339	1.137798e+00
1340	1.120978e+00
1341	1.102918e+00
1342	1.083902e+00
1343	1.067128e+00
1344	1.054147e+00
1345	1.044600e+00
1346	1.041332e+00
1347	1.043321e+00
1348	1.051508e+00
1349	1.062466e+00
1350	1.077340e+00
1351	1.093712e+00
1352	1.110845e+00
1353	1.127011e+00
1354	1.140552e+00
1355	1.151947e+00
1356	1.158882e+00
1357	1.160850e+00
1358	1.158725e+00
1359	1.152673e+00
1360	1.143450e+00
1361	1.130101e+00
1362	1.115222e+00
1363	1.099422e+00
1364	1.084299e+00
1365	1.071307e+00
1366	1.060510e+00
1367	1.054087e+00
1368	1.051821e+00
1369	1.053741e+00
1370	1.059559e+00
1371	1.068724e+00
1372	1.083185e+00
1373	1.100752e+00
1374	1.118565e+00
1375	1.134768e+00
1376	1.149077e+00
1377	1.161529e+00
1378	1.168161e+00
1379	1.168700e+00
1380	1.164289e+00
1381	1.155515e+00
1382	1.142502e+00
1383	1.129165e+00
1384	1.115386e+00
1385	1.099878e+00
1386	1.084013e+00
1387	1.069580e+00
1388	1.057366e+00
1389	1.048982e+00
1390	1.044196e+00
1391	1.044329e+00
1392	1.050543e+00
1393	1.063010e+00
1394	1.078679e+00
1395	1.095908e+00
1396	1.111381e+00
1397	1.125309e+00
1398	1.137471e+00
1399	1.147300e+00
1400	1.152797e+00
1401	1.155304e+00
1402	1.154393e+00
1403	1.150169e+00
1404	1.144129e+00
1405	1.135502e+00
1406	1.124763e+00
1407	1.112806e+00
1408	1.100250e+00
1409	1.088707e+00
1410	1.079724e+00
1411	1.071628e+00
1412	1.065706e+00
1413	1.063601e+00
1414	1.064456e+00
1415	1.068842e+00
1416	1.076075e+00
1417	1.086290e+00
1418	1.097579e+00
1419	1.109423e+00
1420	1.120424e+00
1421	1.129449e+00
1422	1.135090e+00
1423	1.138023e+00
1424	1.137678e+00
1425	1.134198e+00
1426	1.128518e+00
1427	1.121090e+00
1428	1.110988e+00
1429	1.099704e+00
1430	1.088446e+00
1431	1.079027e+00
1432	1.070742e+00
1433	1.065743e+00
1434	1.063345e+00
1435	1.063006e+00
1436	1.065479e+00
1437	1.070308e+00
1438	1.076863e+00
1439	1.085034e+00
1440	1.094354e+00
1441	1.102974e+00
1442	1.110671e+00
1443	1.117144e+00
1444	1.122670e+00
1445	1.127452e+00
1446	1.129747e+00
1447	1.129809e+00
1448	1.128267e+00
1449	1.124244e+00
1450	1.117635e+00
1451	1.110266e+00
1452	1.103045e+00
1453	1.095026e+00
1454	1.086222e+00
1455	1.078833e+00
1456	1.073386e+00
1457	1.070074e+00
1458	1.068364e+00
1459	1.069892e+00
1460	1.073797e+00
1461	1.081048e+00
1462	1.089436e+00
1463	1.100326e+00
1464	1.111011e+00
1465	1.120608e+00
1466	1.128490e+00
1467	1.134259e+00
1468	1.138503e+00
1469	1.140920e+00
1470	1.140807e+00
1471	1.138933e+00
1472	1.135696e+00
1473	1.130560e+00
1474	1.124493e+00
1475	1.117280e+00
1476	1.109743e+00
1477	1.101156e+00
1478	1.093540e+00
1479	1.087222e+00
1480	1.082175e+00
1481	1.078794e+00
1482	1.076015e+00
1483	1.075925e+00
1484	1.079194e+00
1485	1.083045e+00
1486	1.088308e+00
1487	1.094194e+00
1488	1.100800e+00
1489	1.108387e+00
1490	1.113423e+00
1491	1.118222e+00
1492	1.120682e+00
1493	1.123419e+00
1494	1.124447e+00
1495	1.123723e+00
1496	1.122375e+00
1497	1.118905e+00
1498	1.113745e+00
1499	1.105920e+00
1500	1.094580e+00
1501	1.084127e+00
1502	1.075034e+00
1503	1.067659e+00
1504	1.063132e+00
1505	1.061894e+00
1506	1.064759e+00
1507	1.071111e+00
1508	1.080152e+00
1509	1.090893e+00
1510	1.101944e+00
1511	1.113251e+00
1512	1.123148e+00
1513	1.131764e+00
1514	1.138636e+00
1515	1.139846e+00
1516	1.136276e+00
1517	1.129724e+00
1518	1.120889e+00
1519	1.109166e+00
1520	1.095857e+00
1521	1.082268e+00
1522	1.070349e+00
1523	1.059853e+00
1524	1.053229e+00
1525	1.050177e+00
1526	1.051590e+00
1527	1.055555e+00
1528	1.063656e+00
1529	1.077411e+00
1530	1.092425e+00
1531	1.108072e+00
1532	1.122136e+00
1533	1.135428e+00
1534	1.147082e+00
1535	1.155597e+00
1536	1.159912e+00
1537	1.161412e+00
1538	1.158243e+00
1539	1.152087e+00
1540	1.143107e+00
1541	1.129983e+00
1542	1.114313e+00
1543	1.099241e+00
1544	1.084716e+00
1545	1.072229e+00
1546	1.062516e+00
1547	1.056923e+00
1548	1.054788e+00
1549	1.056961e+00
1550	1.063021e+00
1551	1.071083e+00
1552	1.081879e+00
1553	1.094662e+00
1554	1.108160e+00
1555	1.120973e+00
1556	1.132286e+00
1557	1.142381e+00
1558	1.149180e+00
1559	1.151583e+00
1560	1.150205e+00
1561	1.145112e+00
1562	1.137372e+00
1563	1.126665e+00
1564	1.114284e+00
1565	1.100644e+00
1566	1.086769e+00
1567	1.073705e+00
1568	1.062937e+00
1569	1.056694e+00
1570	1.055528e+00
1571	1.059737e+00
1572	1.068670e+00
1573	1.081976e+00
1574	1.097945e+00
1575	1.114934e+00
1576	1.132290e+00
1577	1.147765e+00
1578	1.160561e+00
1579	1.167290e+00
1580	1.169000e+00
1581	1.165440e+00
1582	1.158012e+00
1583	1.146458e+00
1584	1.133362e+00
1585	1.117359e+00
1586	1.099934e+00
1587	1.082008e+00
1588	1.067045e+00
1589	1.056154e+00
1590	1.048173e+00
1591	1.045448e+00
1592	1.046834e+00
1593	1.053868e+00
1594	1.064215e+00
1595	1.078130e+00
1596	1.093409e+00
1597	1.109244e+00
1598	1.123967e+00
1599	1.136873e+00
1600	1.145378e+00
1601	1.149740e+00
1602	1.150354e+00
1603	1.146534e+00
1604	1.139202e+00
1605	1.128866e+00
1606	1.115711e+00
1607	1.101869e+00
1608	1.086828e+00
1609	1.071709e+00
1610	1.059387e+00
1611	1.051074e+00
1612	1.048242e+00
1613	1.049617e+00
1614	1.054247e+00
1615	1.064736e+00
1616	1.079510e+00
1617	1.095385e+00
1618	1.110730e+00
1619	1.125190e+00
1620	1.138264e+00
1621	1.147250e+00
1622	1.153555e+00
1623	1.154699e+00
1624	1.154006e+00
1625	1.150904e+00
1626	1.143849e+00
1627	1.133474e+00
1628	1.120397e+00
1629	1.106718e+00
1630	1.091446e+00
1631	1.076248e+00
1632	1.063361e+00
1633	1.053059e+00
1634	1.046565e+00
1635	1.043741e+00
1636	1.044107e+00
1637	1.049507e+00
1638	1.059647e+00
1639	1.073771e+00
1640	1.089933e+00
1641	1.106570e+00
1642	1.122965e+00
1643	1.136977e+00
1644	1.146491e+00
1645	1.151909e+00
1646	1.152718e+00
1647	1.149501e+00
1648	1.142419e+00
1649	1.131904e+00
1650	1.118680e+00
1651	1.104251e+00
1652	1.090239e+00
1653	1.077384e+00
1654	1.066018e+00
1655	1.058579e+00
1656	1.054618e+00
1657	1.054129e+00
1658	1.057230e+00
1659	1.063078e+00
1660	1.071647e+00
1661	1.083801e+00
1662	1.097458e+00
1663	1.111127e+00
1664	1.123446e+00
1665	1.133609e+00
1666	1.142006e+00
1667	1.149181e+00
1668	1.152858e+00
1669	1.153582e+00
1670	1.151121e+00
1671	1.144576e+00
1672	1.136038e+00
1673	1.122913e+00
1674	1.109997e+00
1675	1.095774e+00
1676	1.081119e+00
1677	1.068844e+00
1678	1.058799e+00
1679	1.051618e+00
1680	1.049471e+00
1681	1.050313e+00
1682	1.055792e+00
1683	1.063325e+00
1684	1.074026e+00
1685	1.086498e+00
1686	1.099986e+00
1687	1.113388e+00
1688	1.126721e+00
1689	1.136994e+00
1690	1.145101e+00
1691	1.148386e+00
1692	1.149222e+00
1693	1.147711e+00
1694	1.142837e+00
1695	1.134862e+00
1696	1.124460e+00
1697	1.111952e+00
1698	1.098577e+00
1699	1.086956e+00
1700	1.076608e+00
1701	1.070173e+00
1702	1.067456e+00
1703	1.067313e+00
1704	1.070437e+00
1705	1.075096e+00
1706	1.082660e+00
1707	1.092446e+00
1708	1.104840e+00
1709	1.117354e+00
1710	1.127342e+00
1711	1.134513e+00
1712	1.138635e+00
1713	1.138407e+00
1714	1.135036e+00
1715	1.129069e+00
1716	1.118859e+00
1717	1.109063e+00
1718	1.097166e+00
1719	1.086557e+00
1720	1.075191e+00
1721	1.065347e+00
1722	1.057269e+00
1723	1.051966e+00
1724	1.051235e+00
1725	1.056163e+00
1726	1.064901e+00
1727	1.076475e+00
1728	1.088966e+00
1729	1.101890e+00
1730	1.113800e+00
1731	1.125473e+00
1732	1.133061e+00
1733	1.136722e+00
1734	1.137196e+00
1735	1.134030e+00
1736	1.129088e+00
1737	1.121272e+00
1738	1.111848e+00
1739	1.101070e+00
1740	1.090012e+00
1741	1.078823e+00
1742	1.067609e+00
1743	1.060835e+00
1744	1.058552e+00
1745	1.061751e+00
1746	1.066578e+00
1747	1.074318e+00
1748	1.084343e+00
1749	1.095306e+00
1750	1.105095e+00
1751	1.115669e+00
1752	1.124020e+00
1753	1.131827e+00
1754	1.137865e+00
1755	1.139044e+00
1756	1.136077e+00
1757	1.132101e+00
1758	1.124699e+00
1759	1.113494e+00
1760	1.100783e+00
1761	1.087622e+00
1762	1.075705e+00
1763	1.067412e+00
1764	1.060726e+00
1765	1.057486e+00
1766	1.058713e+00
1767	1.065348e+00
1768	1.075059e+00
1769	1.088247e+00
1770	1.101516e+00
1771	1.115429e+00
1772	1.128339e+00
1773	1.138460e+00
1774	1.145594e+00
1775	1.149444e+00
1776	1.150700e+00
1777	1.148018e+00
1778	1.141830e+00
1779	1.133129e+00
1780	1.123196e+00
1781	1.111202e+00
1782	1.097344e+00
1783	1.083546e+00
1784	1.071316e+00
1785	1.064084e+00
1786	1.060562e+00
1787	1.061334e+00
1788	1.063682e+00
1789	1.070960e+00
1790	1.080384e+00
1791	1.092764e+00
1792	1.106190e+00
1793	1.120009e+00
1794	1.131874e+00
1795	1.142655e+00
1796	1.150189e+00
1797	1.155255e+00
1798	1.158345e+00
1799	1.157332e+00
1800	1.152310e+00
1801	1.143652e+00
1802	1.131232e+00
1803	1.117338e+00
1804	1.101319e+00
1805	1.085595e+00
1806	1.072109e+00
1807	1.059784e+00
1808	1.051476e+00
1809	1.046874e+00
1810	1.047599e+00
1811	1.053042e+00
1812	1.062605e+00
1813	1.076159e+00
1814	1.092966e+00
1815	1.108970e+00
1816	1.124315e+00
1817	1.138001e+00
1818	1.149943e+00
1819	1.157841e+00
1820	1.161291e+00
1821	1.161120e+00
1822	1.155799e+00
1823	1.146437e+00
1824	1.132337e+00
1825	1.115275e+00
1826	1.096444e+00
1827	1.076450e+00
1828	1.057743e+00
1829	1.041682e+00
1830	1.029690e+00
1831	1.022741e+00
1832	1.022892e+00
1833	1.029941e+00
1834	1.043078e+00
1835	1.061874e+00
1836	1.083759e+00
1837	1.107052e+00
1838	1.130631e+00
1839	1.153372e+00
1840	1.172243e+00
1841	1.184157e+00
1842	1.191050e+00
1843	1.192117e+00
1844	1.186505e+00
1845	1.174692e+00
1846	1.156453e+00
1847	1.135643e+00
1848	1.112000e+00
1849	1.086968e+00
1850	1.064187e+00
1851	1.045033e+00
1852	1.030210e+00
1853	1.021234e+00
1854	1.020782e+00
1855	1.028879e+00
1856	1.043561e+00
1857	1.064632e+00
1858	1.091259e+00
1859	1.118618e+00
1860	1.145265e+00
1861	1.170651e+00
1862	1.191155e+00
1863	1.206435e+00
1864	1.214735e+00
1865	1.216449e+00
1866	1.211457e+00
1867	1.200916e+00
1868	1.184320e+00
1869	1.162471e+00
1870	1.135751e+00
1871	1.106996e+00
1872	1.077909e+00
1873	1.051176e+00
1874	1.029434e+00
1875	1.015319e+00
1876	1.008514e+00
1877	1.010415e+00
1878	1.021124e+00
1879	1.039536e+00
1880	1.064126e+00
1881	1.091762e+00
1882	1.119641e+00
1883	1.145595e+00
1884	1.167946e+00
1885	1.185556e+00
1886	1.198098e+00
1887	1.204590e+00
1888	1.205152e+00
1889	1.200839e+00
1890	1.190919e+00
1891	1.175306e+00
1892	1.154169e+00
1893	1.129392e+00
1894	1.103443e+00
1895	1.077310e+00
1896	1.054098e+00
1897	1.034913e+00
1898	1.020830e+00
1899	1.014738e+00
1900	1.017046e+00
1901	1.027898e+00
1902	1.045808e+00
1903	1.068381e+00
1904	1.094768e+00
1905	1.120927e+00
1906	1.145551e+00
1907	1.166673e+00
1908	1.184021e+00
1909	1.195196e+00
1910	1.202281e+00
1911	1.203071e+00
1912	1.198336e+00
1913	1.186972e+00
1914	1.168468e+00
1915	1.143947e+00
1916	1.116012e+00
1917	1.087096e+00
1918	1.059562e+00
1919	1.036748e+00
1920	1.019679e+00
1921	1.009868e+00
1922	1.008503e+00
1923	1.016387e+00
1924	1.032255e+00
1925	1.053546e+00
1926	1.076573e+00
1927	1.100808e+00
1928	1.125040e+00
1929	1.147774e+00
1930	1.166991e+00
1931	1.179739e+00
1932	1.186305e+00
1933	1.187952e+00
1934	1.182275e+00
1935	1.169778e+00
1936	1.152690e+00
1937	1.131447e+00
1938	1.107398e+00
1939	1.083029e+00
1940	1.059072e+00
1941	1.038669e+00
1942	1.024916e+00
1943	1.019521e+00
1944	1.023462e+00
1945	1.034594e+00
1946	1.051299e+00
1947	1.073515e+00
1948	1.097044e+00
1949	1.119851e+00
1950	1.140941e+00
1951	1.158835e+00
1952	1.172454e+00
1953	1.181870e+00
1954	1.186165e+00
1955	1.183995e+00
1956	1.176789e+00
1957	1.164287e+00
1958	1.147415e+00
1959	1.126383e+00
1960	1.104108e+00
1961	1.083429e+00
1962	1.064428e+00
1963	1.048925e+00
1964	1.038437e+00
1965	1.034953e+00
1966	1.037567e+00
1967	1.044498e+00
1968	1.058640e+00
1969	1.075796e+00
1970	1.095631e+00
1971	1.116200e+00
1972	1.135476e+00
1973	1.152383e+00
1974	1.167273e+00
1975	1.178135e+00
1976	1.183982e+00
1977	1.183548e+00
1978	1.177511e+00
1979	1.167277e+00
1980	1.150887e+00
1981	1.130024e+00
1982	1.107351e+00
1983	1.084544e+00
1984	1.062383e+00
1985	1.044851e+00
1986	1.032459e+00
1987	1.027590e+00
1988	1.030377e+00
1989	1.038902e+00
1990	1.052900e+00
1991	1.071043e+00
1992	1.092901e+00
1993	1.114872e+00
1994	1.136199e+00
1995	1.155306e+00
1996	1.171770e+00
1997	1.183690e+00
1998	1.189753e+00
1999	1.189893e+00
2000	1.184407e+00
2001	1.172832e+00
2002	1.156948e+00
2003	1.137579e+00
2004	1.117846e+00
2005	1.095647e+00
2006	1.074671e+00
2007	1.056062e+00
2008	1.040677e+00
2009	1.030474e+00
2010	1.026688e+00
2011	1.031354e+00
2012	1.042665e+00
2013	1.059071e+00
2014	1.078172e+00
2015	1.098553e+00
2016	1.117959e+00
2017	1.136007e+00
2018	1.148743e+00
2019	1.158129e+00
2020	1.164438e+00
2021	1.166640e+00
2022	1.163631e+00
2023	1.155726e+00
2024	1.142884e+00
2025	1.127255e+00
2026	1.108780e+00
2027	1.089314e+00
2028	1.069790e+00
2029	1.051821e+00
2030	1.039942e+00
2031	1.034407e+00
2032	1.035171e+00
2033	1.040554e+00
2034	1.049246e+00
2035	1.063374e+00
2036	1.080992e+00
2037	1.100494e+00
2038	1.119609e+00
2039	1.137513e+00
2040	1.150360e+00
2041	1.159049e+00
2042	1.163546e+00
2043	1.163125e+00
2044	1.158819e+00
2045	1.149109e+00
2046	1.134932e+00
2047	1.121859e+00
2048	1.104986e+00
2049	1.089089e+00
2050	1.073906e+00
2051	1.062097e+00
2052	1.054290e+00
2053	1.052192e+00
2054	1.056440e+00
2055	1.064530e+00
2056	1.076561e+00
2057	1.091675e+00
2058	1.109323e+00
2059	1.125388e+00
2060	1.141424e+00
2061	1.156665e+00
2062	1.168035e+00
2063	1.175812e+00
2064	1.180547e+00
2065	1.182076e+00
2066	1.180288e+00
2067	1.175081e+00
2068	1.164130e+00
2069	1.149543e+00
2070	1.131349e+00
2071	1.110098e+00
2072	1.088199e+00
2073	1.068562e+00
2074	1.052634e+00
2075	1.041755e+00
2076	1.036283e+00
2077	1.036652e+00
2078	1.043558e+00
2079	1.055873e+00
2080	1.074258e+00
2081	1.096258e+00
2082	1.120079e+00
2083	1.142527e+00
2084	1.162057e+00
2085	1.177098e+00
2086	1.187997e+00
2087	1.193527e+00
2088	1.194362e+00
2089	1.189908e+00
2090	1.179578e+00
2091	1.165756e+00
2092	1.149026e+00
2093	1.129470e+00
2094	1.108753e+00
2095	1.087807e+00
2096	1.068466e+00
2097	1.052625e+00
2098	1.040434e+00
2099	1.034082e+00
2100	1.032590e+00
2101	1.036175e+00
2102	1.044976e+00
2103	1.058255e+00
2104	1.075200e+00
2105	1.092563e+00
2106	1.110244e+00
2107	1.127407e+00
2108	1.140503e+00
2109	1.151570e+00
2110	1.157833e+00
2111	1.159398e+00
2112	1.155173e+00
2113	1.146308e+00
2114	1.135745e+00
2115	1.122618e+00
2116	1.107951e+00
2117	1.091666e+00
2118	1.076540e+00
2119	1.063372e+00
2120	1.052931e+00
2121	1.046700e+00
2122	1.045572e+00
2123	1.047917e+00
2124	1.054384e+00
2125	1.064738e+00
2126	1.079392e+00
2127	1.095626e+00
2128	1.110721e+00
2129	1.125531e+00
2130	1.139067e+00
2131	1.150930e+00
2132	1.159866e+00
2133	1.164156e+00
2134	1.164879e+00
2135	1.160917e+00
2136	1.152130e+00
2137	1.140568e+00
2138	1.126139e+00
2139	1.110501e+00
2140	1.094482e+00
2141	1.079878e+00
2142	1.067903e+00
2143	1.057642e+00
2144	1.051651e+00
2145	1.051967e+00
2146	1.058063e+00
2147	1.068671e+00
2148	1.083716e+00
2149	1.098089e+00
2150	1.111609e+00
2151	1.124381e+00
2152	1.135639e+00
2153	1.145375e+00
2154	1.152481e+00
2155	1.155853e+00
2156	1.153908e+00
2157	1.147656e+00
2158	1.137532e+00
2159	1.127705e+00
2160	1.116104e+00
2161	1.103341e+00
2162	1.089561e+00
2163	1.077699e+00
2164	1.066997e+00
2165	1.059255e+00
2166	1.054946e+00
2167	1.055752e+00
2168	1.061598e+00
2169	1.070260e+00
2170	1.081368e+00
2171	1.093647e+00
2172	1.106263e+00
2173	1.117253e+00
2174	1.126897e+00
2175	1.134403e+00
2176	1.137417e+00
2177	1.136073e+00
2178	1.132121e+00
2179	1.127043e+00
2180	1.119836e+00
2181	1.111125e+00
2182	1.101477e+00
2183	1.092896e+00
2184	1.083948e+00
2185	1.076088e+00
2186	1.070801e+00
2187	1.066649e+00
2188	1.064014e+00
2189	1.063991e+00
2190	1.066542e+00
2191	1.070486e+00
2192	1.075086e+00
2193	1.083011e+00
2194	1.090226e+00
2195	1.099545e+00
2196	1.109810e+00
2197	1.119794e+00
2198	1.128512e+00
2199	1.135079e+00
2200	1.138128e+00
2201	1.139421e+00
2202	1.138524e+00
2203	1.133179e+00
2204	1.123847e+00
2205	1.112662e+00
2206	1.099747e+00
2207	1.086575e+00
2208	1.074392e+00
2209	1.064785e+00
2210	1.058125e+00
2211	1.057184e+00
2212	1.061347e+00
2213	1.070521e+00
2214	1.082808e+00
2215	1.095769e+00
2216	1.110542e+00
2217	1.124726e+00
2218	1.135956e+00
2219	1.145029e+00
2220	1.150639e+00
2221	1.152334e+00
2222	1.149947e+00
2223	1.143009e+00
2224	1.133376e+00
2225	1.120766e+00
2226	1.106605e+00
2227	1.093705e+00
2228	1.082674e+00
2229	1.072778e+00
2230	1.066073e+00
2231	1.062408e+00
2232	1.062338e+00
2233	1.066017e+00
2234	1.072553e+00
2235	1.081085e+00
2236	1.091381e+00
2237	1.102886e+00
2238	1.113699e+00
2239	1.123648e+00
2240	1.131640e+00
2241	1.138947e+00
2242	1.141769e+00
2243	1.141554e+00
2244	1.137241e+00
2245	1.131282e+00
2246	1.123031e+00
2247	1.113287e+00
2248	1.103110e+00
2249	1.092900e+00
2250	1.084386e+00
2251	1.076414e+00
2252	1.071183e+00
2253	1.069296e+00
2254	1.070854e+00
2255	1.074346e+00
2256	1.080248e+00
2257	1.088296e+00
2258	1.097426e+00
2259	1.106651e+00
2260	1.115014e+00
2261	1.122462e+00
2262	1.129150e+00
2263	1.131723e+00
2264	1.131926e+00
2265	1.129838e+00
2266	1.125553e+00
2267	1.117132e+00
2268	1.107488e+00
2269	1.096824e+00
2270	1.085915e+00
2271	1.076769e+00
2272	1.069128e+00
2273	1.064542e+00
2274	1.063907e+00
2275	1.065858e+00
2276	1.071237e+00
2277	1.079020e+00
2278	1.088931e+00
2279	1.100895e+00
2280	1.111143e+00
2281	1.119411e+00
2282	1.127940e+00
2283	1.134348e+00
2284	1.137547e+00
2285	1.137192e+00
2286	1.134380e+00
2287	1.128476e+00
2288	1.120929e+00
2289	1.112687e+00
2290	1.102204e+00
2291	1.090209e+00
2292	1.077932e+00
2293	1.068464e+00
2294	1.061526e+00
2295	1.055756e+00
2296	1.052695e+00
2297	1.052767e+00
2298	1.057527e+00
2299	1.065153e+00
2300	1.075807e+00
2301	1.087596e+00
2302	1.100822e+00
2303	1.114026e+00
2304	1.125607e+00
2305	1.134765e+00
2306	1.141386e+00
2307	1.146012e+00
2308	1.147047e+00
2309	1.145603e+00
2310	1.141688e+00
2311	1.135901e+00
2312	1.128320e+00
2313	1.118490e+00
2314	1.107207e+00
2315	1.096440e+00
2316	1.086861e+00
2317	1.077061e+00
2318	1.068292e+00
2319	1.062377e+00
2320	1.060509e+00
2321	1.062666e+00
2322	1.069173e+00
2323	1.079320e+00
2324	1.092640e+00
2325	1.107034e+00
2326	1.122671e+00
2327	1.136756e+00
2328	1.148039e+00
2329	1.156106e+00
2330	1.160172e+00
2331	1.161663e+00
2332	1.159181e+00
2333	1.153230e+00
2334	1.143610e+00
2335	1.130871e+00
2336	1.116377e+00
2337	1.100599e+00
2338	1.084602e+00
2339	1.071099e+00
2340	1.060708e+00
2341	1.053452e+00
2342	1.051247e+00
2343	1.052881e+00
2344	1.059770e+00
2345	1.072252e+00
2346	1.087760e+00
2347	1.104436e+00
2348	1.119731e+00
2349	1.134000e+00
2350	1.146993e+00
2351	1.155077e+00
2352	1.159665e+00
2353	1.159686e+00
2354	1.155280e+00
2355	1.147143e+00
2356	1.136490e+00
2357	1.123850e+00
2358	1.110475e+00
2359	1.096112e+00
2360	1.082362e+00
2361	1.071193e+00
2362	1.062147e+00
2363	1.053820e+00
2364	1.051682e+00
2365	1.055790e+00
2366	1.064989e+00
2367	1.077149e+00
2368	1.091643e+00
2369	1.107418e+00
2370	1.122493e+00
2371	1.134685e+00
2372	1.145484e+00
2373	1.153491e+00
2374	1.158495e+00
2375	1.158921e+00
2376	1.156182e+00
2377	1.149945e+00
2378	1.140456e+00
2379	1.128521e+00
2380	1.113260e+00
2381	1.096100e+00
2382	1.078582e+00
2383	1.063758e+00
2384	1.052149e+00
2385	1.044087e+00
2386	1.042050e+00
2387	1.044628e+00
2388	1.052607e+00
2389	1.066092e+00
2390	1.082190e+00
2391	1.099141e+00
2392	1.115046e+00
2393	1.129041e+00
2394	1.139169e+00
2395	1.146201e+00
2396	1.148970e+00
2397	1.149168e+00
2398	1.146397e+00
2399	1.140431e+00
2400	1.131651e+00
2401	1.120905e+00
2402	1.108324e+00
2403	1.095806e+00
2404	1.084030e+00
2405	1.076090e+00
2406	1.069210e+00
2407	1.065789e+00
2408	1.065229e+00
2409	1.067189e+00
2410	1.072314e+00
2411	1.080595e+00
2412	1.089944e+00
2413	1.099326e+00
2414	1.108758e+00
2415	1.119340e+00
2416	1.126837e+00
2417	1.132865e+00
2418	1.136889e+00
2419	1.139992e+00
2420	1.140261e+00
2421	1.138737e+00
2422	1.134078e+00
2423	1.127256e+00
2424	1.118885e+00
2425	1.109644e+00
2426	1.100012e+00
2427	1.092170e+00
2428	1.085469e+00
2429	1.080637e+00
2430	1.079011e+00
2431	1.078203e+00
2432	1.080387e+00
2433	1.084081e+00
2434	1.088022e+00
2435	1.092939e+00
2436	1.099635e+00
2437	1.106269e+00
2438	1.113704e+00
2439	1.120245e+00
2440	1.125698e+00
2441	1.130017e+00
2442	1.133255e+00
2443	1.134102e+00
2444	1.131818e+00
2445	1.128062e+00
2446	1.122434e+00
2447	1.115468e+00
2448	1.106326e+00
2449	1.097448e+00
2450	1.088434e+00
2451	1.082138e+00
2452	1.075878e+00
2453	1.071035e+00
2454	1.068896e+00
2455	1.069073e+00
2456	1.071476e+00
2457	1.075140e+00
2458	1.081774e+00
2459	1.090672e+00
2460	1.099434e+00
2461	1.106941e+00
2462	1.112113e+00
2463	1.115210e+00
2464	1.117918e+00
2465	1.119953e+00
2466	1.119583e+00
2467	1.117588e+00
2468	1.114991e+00
2469	1.111686e+00
2470	1.108206e+00
2471	1.102864e+00
2472	1.098911e+00
2473	1.096238e+00
2474	1.093385e+00
2475	1.089933e+00
2476	1.086189e+00
2477	1.083007e+00
2478	1.080946e+00
2479	1.079956e+00
2480	1.079547e+00
2481	1.081471e+00
2482	1.084235e+00
2483	1.085932e+00
2484	1.088431e+00
2485	1.091057e+00
2486	1.095442e+00
2487	1.100659e+00
2488	1.104909e+00
2489	1.109019e+00
2490	1.114445e+00
2491	1.117431e+00
2492	1.119584e+00
2493	1.118942e+00
2494	1.116185e+00
2495	1.113984e+00
2496	1.111141e+00
2497	1.106737e+00
2498	1.102172e+00
2499	1.098872e+00
2500	1.095695e+00
2501	1.093594e+00
2502	1.091784e+00
2503	1.092651e+00
2504	1.095920e+00
2505	1.098642e+00
2506	1.101491e+00
2507	1.103671e+00
2508	1.105528e+00
2509	1.107424e+00
2510	1.109944e+00
2511	1.110199e+00
2512	1.108269e+00
2513	1.107645e+00
2514	1.105600e+00
2515	1.102301e+00
2516	1.098032e+00
2517	1.095529e+00
2518	1.095144e+00
2519	1.096417e+00
2520	1.098510e+00
2521	1.101259e+00
2522	1.103805e+00
2523	1.105930e+00
2524	1.108206e+00
2525	1.110524e+00
2526	1.113361e+00
2527	1.116410e+00
2528	1.118103e+00
2529	1.119888e+00
2530	1.119818e+00
2531	1.116454e+00
2532	1.111012e+00
2533	1.103915e+00
2534	1.097525e+00
2535	1.090727e+00
2536	1.085133e+00
2537	1.081533e+00
2538	1.079564e+00
2539	1.079580e+00
2540	1.081916e+00
2541	1.087018e+00
2542	1.092009e+00
2543	1.098258e+00
2544	1.104114e+00
2545	1.110549e+00
2546	1.116132e+00
2547	1.119762e+00
2548	1.122225e+00
2549	1.122844e+00
2550	1.121640e+00
2551	1.118590e+00
2552	1.113505e+00
2553	1.106397e+00
2554	1.096633e+00
2555	1.087244e+00
2556	1.079497e+00
2557	1.074552e+00
2558	1.073180e+00
2559	1.073495e+00
2560	1.075769e+00
2561	1.080026e+00
2562	1.085478e+00
2563	1.092748e+00
2564	1.101526e+00
2565	1.110064e+00
2566	1.117920e+00
2567	1.123952e+00
2568	1.128594e+00
2569	1.130678e+00
2570	1.131961e+00
2571	1.131818e+00
2572	1.128336e+00
2573	1.121957e+00
2574	1.112909e+00
2575	1.102262e+00
2576	1.091724e+00
2577	1.081256e+00
2578	1.073235e+00
2579	1.068553e+00
2580	1.067457e+00
2581	1.068408e+00
2582	1.071546e+00
2583	1.078477e+00
2584	1.089689e+00
2585	1.102628e+00
2586	1.115405e+00
2587	1.125728e+00
2588	1.134580e+00
2589	1.138304e+00
2590	1.139398e+00
2591	1.136705e+00
2592	1.131099e+00
2593	1.121886e+00
2594	1.110311e+00
2595	1.098270e+00
2596	1.086304e+00
2597	1.076312e+00
2598	1.067357e+00
2599	1.061763e+00
2600	1.058292e+00
2601	1.060158e+00
2602	1.067004e+00
2603	1.077367e+00
2604	1.088290e+00
2605	1.101533e+00
2606	1.113421e+00
2607	1.125210e+00
2608	1.136002e+00
2609	1.144460e+00
2610	1.149527e+00
2611	1.149495e+00
2612	1.146969e+00
2613	1.139948e+00
2614	1.129419e+00
2615	1.117420e+00
2616	1.104675e+00
2617	1.090838e+00
2618	1.077529e+00
2619	1.064916e+00
2620	1.054661e+00
2621	1.048242e+00
2622	1.045847e+00
2623	1.047662e+00
2624	1.052798e+00
2625	1.060383e+00
2626	1.070202e+00
2627	1.081877e+00
2628	1.095293e+00
2629	1.108744e+00
2630	1.121739e+00
2631	1.132156e+00
2632	1.140286e+00
2633	1.147420e+00
2634	1.152766e+00
2635	1.155619e+00
2636	1.153900e+00
2637	1.151000e+00
2638	1.145443e+00
2639	1.135840e+00
2640	1.122317e+00
2641	1.107600e+00
2642	1.093155e+00
2643	1.078888e+00
2644	1.067499e+00
2645	1.059152e+00
2646	1.054071e+00
2647	1.051917e+00
2648	1.054669e+00
2649	1.063033e+00
2650	1.074836e+00
2651	1.089152e+00
2652	1.105199e+00
2653	1.120521e+00
2654	1.134988e+00
2655	1.148095e+00
2656	1.157350e+00
2657	1.163465e+00
2658	1.165134e+00
2659	1.160932e+00
2660	1.152300e+00
2661	1.141357e+00
2662	1.128521e+00
2663	1.114454e+00
2664	1.098592e+00
2665	1.082821e+00
2666	1.068649e+00
2667	1.059179e+00
2668	1.051496e+00
2669	1.047990e+00
2670	1.049192e+00
2671	1.055336e+00
2672	1.067870e+00
2673	1.081090e+00
2674	1.096017e+00
2675	1.110496e+00
2676	1.124010e+00
2677	1.136066e+00
2678	1.145827e+00
2679	1.151579e+00
2680	1.153717e+00
2681	1.150652e+00
2682	1.143699e+00
2683	1.134158e+00
2684	1.121176e+00
2685	1.106878e+00
2686	1.093561e+00
2687	1.081309e+00
2688	1.070714e+00
2689	1.061256e+00
2690	1.056052e+00
2691	1.055386e+00
2692	1.057082e+00
2693	1.062594e+00
2694	1.069348e+00
2695	1.077823e+00
2696	1.088836e+00
2697	1.100795e+00
2698	1.111651e+00
2699	1.121182e+00
2700	1.129245e+00
2701	1.134445e+00
2702	1.136431e+00
2703	1.135774e+00
2704	1.129845e+00
2705	1.121812e+00
2706	1.110219e+00
2707	1.097977e+00
2708	1.085875e+00
2709	1.075574e+00
2710	1.066062e+00
2711	1.060366e+00
2712	1.058266e+00
2713	1.059053e+00
2714	1.063518e+00
2715	1.071324e+00
2716	1.081708e+00
2717	1.092524e+00
2718	1.102910e+00
2719	1.111805e+00
2720	1.119049e+00
2721	1.124431e+00
2722	1.127893e+00
2723	1.130278e+00
2724	1.131283e+00
2725	1.130492e+00
2726	1.128397e+00
2727	1.124340e+00
2728	1.119247e+00
2729	1.113203e+00
2730	1.106209e+00
2731	1.097961e+00
2732	1.089297e+00
2733	1.080563e+00
2734	1.072785e+00
2735	1.067075e+00
2736	1.064499e+00
2737	1.064599e+00
2738	1.068586e+00
2739	1.076444e+00
2740	1.085942e+00
2741	1.096697e+00
2742	1.107768e+00
2743	1.119168e+00
2744	1.128197e+00
2745	1.135521e+00
2746	1.139990e+00
2747	1.141414e+00
2748	1.139334e+00
2749	1.133531e+00
2750	1.126728e+00
2751	1.116997e+00
2752	1.105318e+00
2753	1.093642e+00
2754	1.082254e+00
2755	1.072799e+00
2756	1.065500e+00
2757	1.061631e+00
2758	1.061176e+00
2759	1.063496e+00
2760	1.069320e+00
2761	1.076585e+00
2762	1.087873e+00
2763	1.099772e+00
2764	1.112397e+00
2765	1.124074e+00
2766	1.132839e+00
2767	1.139630e+00
2768	1.144919e+00
2769	1.146873e+00
2770	1.144250e+00
2771	1.136295e+00
2772	1.125525e+00
2773	1.112621e+00
2774	1.098902e+00
2775	1.085735e+00
2776	1.073808e+00
2777	1.064592e+00
2778	1.058474e+00
2779	1.056095e+00
2780	1.057826e+00
2781	1.064763e+00
2782	1.075422e+00
2783	1.089550e+00
2784	1.103695e+00
2785	1.117616e+00
2786	1.130744e+00
2787	1.141643e+00
2788	1.148630e+00
2789	1.151374e+00
2790	1.151445e+00
2791	1.146988e+00
2792	1.138839e+00
2793	1.129197e+00
2794	1.117827e+00
2795	1.105386e+00
2796	1.092077e+00
2797	1.079408e+00
2798	1.069040e+00
2799	1.059717e+00
2800	1.053777e+00
2801	1.052214e+00
2802	1.054989e+00
2803	1.061324e+00
2804	1.071367e+00
2805	1.084666e+00
2806	1.099269e+00
2807	1.112864e+00
2808	1.126347e+00
2809	1.137729e+00
2810	1.146802e+00
2811	1.151535e+00
2812	1.153584e+00
2813	1.151642e+00
2814	1.146820e+00
2815	1.137429e+00
2816	1.126397e+00
2817	1.113410e+00
2818	1.099606e+00
2819	1.085030e+00
2820	1.071634e+00
2821	1.062535e+00
2822	1.057223e+00
2823	1.056772e+00
2824	1.060341e+00
2825	1.067325e+00
2826	1.079237e+00
2827	1.091955e+00
2828	1.105668e+00
2829	1.118605e+00
2830	1.133200e+00
2831	1.145806e+00
2832	1.154541e+00
2833	1.158768e+00
2834	1.159102e+00
2835	1.156910e+00
2836	1.151296e+00
2837	1.142083e+00
2838	1.130051e+00
2839	1.114047e+00
2840	1.098606e+00
2841	1.082089e+00
2842	1.067030e+00
2843	1.054862e+00
2844	1.048471e+00
2845	1.045586e+00
2846	1.046720e+00
2847	1.050699e+00
2848	1.059401e+00
2849	1.072004e+00
2850	1.086022e+00
2851	1.100252e+00
2852	1.115153e+00
2853	1.128256e+00
2854	1.138136e+00
2855	1.145203e+00
2856	1.149913e+00
2857	1.149808e+00
2858	1.143770e+00
2859	1.134429e+00
2860	1.122992e+00
2861	1.108381e+00
2862	1.093983e+00
2863	1.079050e+00
2864	1.065485e+00
2865	1.054958e+00
2866	1.048226e+00
2867	1.045305e+00
2868	1.047948e+00
2869	1.054683e+00
2870	1.065202e+00
2871	1.076346e+00
2872	1.089990e+00
2873	1.103663e+00
2874	1.115884e+00
2875	1.125761e+00
2876	1.134091e+00
2877	1.141027e+00
2878	1.145745e+00
2879	1.146829e+00
2880	1.144371e+00
2881	1.137843e+00
2882	1.127805e+00
2883	1.115797e+00
2884	1.103705e+00
2885	1.092188e+00
2886	1.080029e+00
2887	1.068102e+00
2888	1.058264e+00
2889	1.050445e+00
2890	1.049066e+00
2891	1.050737e+00
2892	1.058286e+00
2893	1.069339e+00
2894	1.083175e+00
2895	1.097169e+00
2896	1.110542e+00
2897	1.122894e+00
2898	1.134246e+00
2899	1.142388e+00
2900	1.147785e+00
2901	1.149540e+00
2902	1.147312e+00
2903	1.140915e+00
2904	1.130007e+00
2905	1.116362e+00
2906	1.100820e+00
2907	1.087024e+00
2908	1.074158e+00
2909	1.062184e+00
2910	1.053748e+00
2911	1.049050e+00
2912	1.050692e+00
2913	1.057554e+00
2914	1.068187e+00
2915	1.080225e+00
2916	1.093097e+00
2917	1.107425e+00
2918	1.121707e+00
2919	1.132818e+00
2920	1.140329e+00
2921	1.142888e+00
2922	1.142267e+00
2923	1.137801e+00
2924	1.131684e+00
2925	1.123731e+00
2926	1.114673e+00
2927	1.104400e+00
2928	1.093869e+00
2929	1.085179e+00
2930	1.079054e+00
2931	1.074586e+00
2932	1.071251e+00
2933	1.070627e+00
2934	1.073488e+00
2935	1.078634e+00
2936	1.083958e+00
2937	1.089262e+00
2938	1.094027e+00
2939	1.099524e+00
2940	1.106577e+00
2941	1.112805e+00
2942	1.117664e+00
2943	1.120246e+00
2944	1.120772e+00
2945	1.119933e+00
2946	1.118780e+00
2947	1.115533e+00
2948	1.110985e+00
2949	1.106230e+00
2950	1.099584e+00
2951	1.092641e+00
2952	1.087281e+00
2953	1.082510e+00
2954	1.077841e+00
2955	1.074345e+00
2956	1.072839e+00
2957	1.073545e+00
2958	1.076771e+00
2959	1.080769e+00
2960	1.086547e+00
2961	1.093097e+00
2962	1.100547e+00
2963	1.109214e+00
2964	1.117153e+00
2965	1.123947e+00
2966	1.128250e+00
2967	1.129592e+00
2968	1.126959e+00
2969	1.122634e+00
2970	1.117592e+00
2971	1.110794e+00
2972	1.101953e+00
2973	1.091783e+00
2974	1.082068e+00
2975	1.074144e+00
2976	1.068189e+00
2977	1.065009e+00
2978	1.064537e+00
2979	1.068492e+00
2980	1.074288e+00
2981	1.082585e+00
2982	1.093153e+00
2983	1.104155e+00
2984	1.115130e+00
2985	1.123891e+00
2986	1.131006e+00
2987	1.136240e+00
2988	1.139891e+00
2989	1.138612e+00
2990	1.134390e+00
2991	1.127518e+00
2992	1.116978e+00
2993	1.104667e+00
2994	1.091438e+00
2995	1.078143e+00
2996	1.066193e+00
2997	1.055615e+00
2998	1.050982e+00
2999	1.050679e+00
3000	1.055147e+00
3001	1.063397e+00
3002	1.074620e+00
3003	1.086297e+00
3004	1.099560e+00
3005	1.111458e+00
3006	1.122885e+00
3007	1.131916e+00
3008	1.139691e+00
3009	1.144478e+00
3010	1.145396e+00
3011	1.142204e+00
3012	1.138035e+00
3013	1.131114e+00
3014	1.121660e+00
3015	1.109620e+00
3016	1.096219e+00
3017	1.083613e+00
3018	1.072744e+00
3019	1.064618e+00
3020	1.060165e+00
3021	1.060940e+00
3022	1.063881e+00
3023	1.070972e+00
3024	1.080057e+00
3025	1.090482e+00
3026	1.101080e+00
3027	1.111506e+00
3028	1.120762e+00
3029	1.129155e+00
3030	1.135178e+00
3031	1.137714e+00
3032	1.136942e+00
3033	1.134203e+00
3034	1.129527e+00
3035	1.122858e+00
3036	1.115228e+00
3037	1.107191e+00
3038	1.098912e+00
3039	1.090834e+00
3040	1.085498e+00
3041	1.081655e+00
3042	1.079962e+00
3043	1.078839e+00
3044	1.078004e+00
3045	1.079938e+00
3046	1.084120e+00
3047	1.089557e+00
3048	1.096483e+00
3049	1.104626e+00
3050	1.112032e+00
3051	1.118729e+00
3052	1.122573e+00
3053	1.124730e+00
3054	1.125264e+00
3055	1.124342e+00
3056	1.122130e+00
3057	1.117539e+00
3058	1.111741e+00
3059	1.104658e+00
3060	1.096817e+00
3061	1.088452e+00
3062	1.081204e+00
3063	1.076288e+00
3064	1.072449e+00
3065	1.070224e+00
3066	1.070477e+00
3067	1.072009e+00
3068	1.075044e+00
3069	1.081014e+00
3070	1.087143e+00
3071	1.094406e+00
3072	1.100703e+00
3073	1.107823e+00
3074	1.113489e+00
3075	1.117113e+00
3076	1.121326e+00
3077	1.122515e+00
3078	1.120882e+00
3079	1.117166e+00
3080	1.111709e+00
3081	1.106037e+00
3082	1.099290e+00
3083	1.092099e+00
3084	1.086100e+00
3085	1.082901e+00
3086	1.081590e+00
3087	1.079921e+00
3088	1.079885e+00
3089	1.083240e+00
3090	1.088071e+00
3091	1.092341e+00
3092	1.095641e+00
3093	1.099670e+00
3094	1.102854e+00
3095	1.106274e+00
3096	1.107433e+00
3097	1.106514e+00
3098	1.106631e+00
3099	1.107978e+00
3100	1.109201e+00
3101	1.109690e+00
3102	1.110971e+00
3103	1.110050e+00
3104	1.107550e+00
3105	1.104550e+00
3106	1.101526e+00
3107	1.097571e+00
3108	1.094555e+00
3109	1.092169e+00
3110	1.092121e+00
3111	1.094368e+00
3112	1.096431e+00
3113	1.098104e+00
3114	1.101048e+00
3115	1.104826e+00
3116	1.108392e+00
3117	1.110513e+00
3118	1.112129e+00
3119	1.112514e+00
3120	1.112176e+00
3121	1.110451e+00
3122	1.106271e+00
3123	1.102628e+00
3124	1.098461e+00
3125	1.094483e+00
3126	1.092613e+00
3127	1.090569e+00
3128	1.089869e+00
3129	1.089649e+00
3130	1.090085e+00
3131	1.091989e+00
3132	1.094465e+00
3133	1.096217e+00
3134	1.098183e+00
3135	1.099997e+00
3136	1.101379e+00
3137	1.102556e+00
3138	1.101401e+00
3139	1.099690e+00
3140	1.098563e+00
3141	1.096972e+00
3142	1.095645e+00
3143	1.093274e+00
3144	1.090384e+00
3145	1.087198e+00
3146	1.084813e+00
3147	1.082287e+00
3148	1.079741e+00
3149	1.078010e+00
3150	1.077243e+00
3151	1.076999e+00
3152	1.078403e+00
3153	1.081591e+00
3154	1.085640e+00
3155	1.090475e+00
3156	1.096429e+00
3157	1.103530e+00
3158	1.109879e+00
3159	1.116529e+00
3160	1.121590e+00
3161	1.125097e+00
3162	1.127031e+00
3163	1.125120e+00
3164	1.120658e+00
3165	1.113874e+00
3166	1.106014e+00
3167	1.097029e+00
3168	1.087437e+00
3169	1.078640e+00
3170	1.071738e+00
3171	1.067887e+00
3172	1.067969e+00
3173	1.070984e+00
3174	1.077579e+00
3175	1.086843e+00
3176	1.097346e+00
3177	1.107498e+00
3178	1.117669e+00
3179	1.126963e+00
3180	1.134652e+00
3181	1.139221e+00
3182	1.142067e+00
3183	1.141937e+00
3184	1.138115e+00
3185	1.132782e+00
3186	1.125243e+00
3187	1.117203e+00
3188	1.108363e+00
3189	1.098116e+00
3190	1.088164e+00
3191	1.078150e+00
3192	1.070867e+00
3193	1.066314e+00
3194	1.064617e+00
3195	1.064688e+00
3196	1.068553e+00
3197	1.073445e+00
3198	1.081254e+00
3199	1.090531e+00
3200	1.100338e+00
3201	1.111694e+00
3202	1.121291e+00
3203	1.128841e+00
3204	1.135369e+00
3205	1.138523e+00
3206	1.140984e+00
3207	1.139621e+00
3208	1.137095e+00
3209	1.132295e+00
3210	1.126661e+00
3211	1.119815e+00
3212	1.110859e+00
3213	1.102060e+00
3214	1.092320e+00
3215	1.083927e+00
3216	1.076122e+00
3217	1.071606e+00
3218	1.069883e+00
3219	1.070793e+00
3220	1.074112e+00
3221	1.078928e+00
3222	1.087429e+00
3223	1.096672e+00
3224	1.106296e+00
3225	1.115263e+00
3226	1.121922e+00
3227	1.127955e+00
3228	1.130782e+00
3229	1.131171e+00
3230	1.127829e+00
3231	1.123028e+00
3232	1.116993e+00
3233	1.110156e+00
3234	1.102691e+00
3235	1.094541e+00
3236	1.086540e+00
3237	1.079941e+00
3238	1.075383e+00
3239	1.071973e+00
3240	1.070211e+00
3241	1.069944e+00
3242	1.072188e+00
3243	1.076997e+00
3244	1.084689e+00
3245	1.093550e+00
3246	1.101942e+00
3247	1.109208e+00
3248	1.115885e+00
3249	1.122038e+00
3250	1.127057e+00
3251	1.130153e+00
3252	1.129810e+00
3253	1.126985e+00
3254	1.122686e+00
3255	1.115616e+00
3256	1.109274e+00
3257	1.101951e+00
3258	1.095655e+00
3259	1.089616e+00
3260	1.084670e+00
3261	1.081076e+00
3262	1.079719e+00
3263	1.081002e+00
3264	1.083164e+00
3265	1.086481e+00
3266	1.090034e+00
3267	1.093661e+00
3268	1.098996e+00
3269	1.104340e+00
3270	1.110179e+00
3271	1.116375e+00
3272	1.120510e+00
3273	1.123378e+00
3274	1.123244e+00
3275	1.121314e+00
3276	1.118461e+00
3277	1.114620e+00
3278	1.110882e+00
3279	1.106623e+00
3280	1.102674e+00
3281	1.099407e+00
3282	1.096244e+00
3283	1.093983e+00
3284	1.093400e+00
3285	1.092027e+00
3286	1.091033e+00
3287	1.090266e+00
3288	1.092236e+00
3289	1.094550e+00
3290	1.096424e+00
3291	1.098166e+00
3292	1.098226e+00
3293	1.098812e+00
3294	1.099844e+00
3295	1.102185e+00
3296	1.104728e+00
3297	1.108151e+00
3298	1.110193e+00
3299	1.112682e+00
3300	1.115698e+00
3301	1.117238e+00
3302	1.118946e+00
3303	1.119246e+00
3304	1.118184e+00
3305	1.115128e+00
3306	1.109942e+00
3307	1.105068e+00
3308	1.100295e+00
3309	1.094736e+00
3310	1.089155e+00
3311	1.083976e+00
3312	1.080841e+00
3313	1.079728e+00
3314	1.080803e+00
3315	1.083549e+00
3316	1.088018e+00
3317	1.093112e+00
3318	1.098765e+00
3319	1.104709e+00
3320	1.109650e+00
3321	1.113385e+00
3322	1.115683e+00
3323	1.115130e+00
3324	1.113903e+00
3325	1.111258e+00
3326	1.104364e+00
3327	1.095873e+00
3328	1.088778e+00
3329	1.083003e+00
3330	1.079800e+00
3331	1.078184e+00
3332	1.077756e+00
3333	1.078562e+00
3334	1.079489e+00
3335	1.080039e+00
3336	1.083556e+00
3337	1.089662e+00
3338	1.095282e+00
3339	1.099793e+00
3340	1.102410e+00
3341	1.104909e+00
3342	1.104332e+00
3343	1.103518e+00
3344	1.101272e+00
3345	1.099597e+00
3346	1.098312e+00
3347	1.096307e+00
3348	1.096313e+00
3349	1.095861e+00
3350	1.094815e+00
3351	1.095839e+00
3352	1.099132e+00
3353	1.101741e+00
3354	1.104199e+00
3355	1.107277e+00
3356	1.110414e+00
3357	1.113095e+00
3358	1.115525e+00
3359	1.117618e+00
3360	1.118243e+00
3361	1.118123e+00
3362	1.118549e+00
3363	1.117832e+00
3364	1.117073e+00
3365	1.117176e+00
3366	1.115257e+00
3367	1.110004e+00
3368	1.105265e+00
3369	1.100780e+00
3370	1.097302e+00
3371	1.095533e+00
3372	1.094826e+00
3373	1.095759e+00
3374	1.097657e+00
3375	1.098211e+00
3376	1.098622e+00
3377	1.099613e+00
3378	1.101287e+00
3379	1.103525e+00
3380	1.105677e+00
3381	1.106647e+00
3382	1.108157e+00
3383	1.109052e+00
3384	1.110498e+00
3385	1.110465e+00
3386	1.109177e+00
3387	1.107521e+00
3388	1.105936e+00
3389	1.104542e+00
3390	1.105551e+00
3391	1.106559e+00
3392	1.108476e+00
3393	1.110749e+00
3394	1.113403e+00
3395	1.115974e+00
3396	1.117901e+00
3397	1.120488e+00
3398	1.122245e+00
3399	1.122306e+00
3400	1.120160e+00
3401	1.116841e+00
3402	1.112052e+00
3403	1.106376e+00
3404	1.100449e+00
3405	1.094786e+00
3406	1.089446e+00
3407	1.083965e+00
3408	1.080837e+00
3409	1.080272e+00
3410	1.081693e+00
3411	1.083724e+00
3412	1.087486e+00
3413	1.092029e+00
3414	1.095877e+00
3415	1.099713e+00
3416	1.101315e+00
3417	1.101864e+00
3418	1.100964e+00
3419	1.099747e+00
3420	1.098654e+00
3421	1.096841e+00
3422	1.094448e+00
3423	1.093141e+00
3424	1.091818e+00
3425	1.090776e+00
3426	1.091087e+00
3427	1.092760e+00
3428	1.094840e+00
3429	1.095717e+00
3430	1.096535e+00
3431	1.097351e+00
3432	1.098363e+00
3433	1.099308e+00
3434	1.100415e+00
3435	1.101864e+00
3436	1.100574e+00
3437	1.098816e+00
3438	1.097598e+00
3439	1.097047e+00
3440	1.096688e+00
3441	1.097009e+00
3442	1.096893e+00
3443	1.096193e+00
3444	1.098090e+00
3445	1.101120e+00
3446	1.105067e+00
3447	1.109057e+00
3448	1.113750e+00
3449	1.117971e+00
3450	1.120741e+00
3451	1.121887e+00
3452	1.120636e+00
3453	1.118145e+00
3454	1.115601e+00
3455	1.112222e+00
3456	1.108178e+00
3457	1.104958e+00
3458	1.100141e+00
3459	1.095633e+00
3460	1.092858e+00
3461	1.089995e+00
3462	1.088638e+00
3463	1.089842e+00
3464	1.091011e+00
3465	1.093520e+00
3466	1.097554e+00
3467	1.103086e+00
3468	1.109772e+00
3469	1.116660e+00
3470	1.121241e+00
3471	1.124449e+00
3472	1.125390e+00
3473	1.124913e+00
3474	1.123658e+00
3475	1.121366e+00
3476	1.118083e+00
3477	1.112270e+00
3478	1.105268e+00
3479	1.098594e+00
3480	1.091514e+00
3481	1.084554e+00
3482	1.079890e+00
3483	1.076463e+00
3484	1.072982e+00
3485	1.072302e+00
3486	1.073374e+00
3487	1.076202e+00
3488	1.082192e+00
3489	1.090041e+00
3490	1.098338e+00
3491	1.106319e+00
3492	1.112846e+00
3493	1.118767e+00
3494	1.123413e+00
3495	1.126023e+00
3496	1.124753e+00
3497	1.120784e+00
3498	1.115643e+00
3499	1.110179e+00
3500	1.102526e+00
3501	1.094470e+00
3502	1.086808e+00
3503	1.079875e+00
3504	1.073671e+00
3505	1.068870e+00
3506	1.065390e+00
3507	1.063352e+00
3508	1.065253e+00
3509	1.070067e+00
3510	1.077624e+00
3511	1.087671e+00
3512	1.098259e+00
3513	1.110355e+00
3514	1.121662e+00
3515	1.131567e+00
3516	1.139570e+00
3517	1.145273e+00
3518	1.148964e+00
3519	1.150088e+00
3520	1.147549e+00
3521	1.142010e+00
3522	1.132193e+00
3523	1.120261e+00
3524	1.106233e+00
3525	1.090599e+00
3526	1.073812e+00
3527	1.060351e+00
3528	1.050353e+00
3529	1.045574e+00
3530	1.045271e+00
3531	1.049381e+00
3532	1.057409e+00
3533	1.070076e+00
3534	1.085784e+00
3535	1.103262e+00
3536	1.121601e+00
3537	1.138389e+00
3538	1.153843e+00
3539	1.165348e+00
3540	1.171762e+00
3541	1.173595e+00
3542	1.170699e+00
3543	1.161812e+00
3544	1.148250e+00
3545	1.129859e+00
3546	1.108677e+00
3547	1.086088e+00
3548	1.064044e+00
3549	1.044549e+00
3550	1.029328e+00
3551	1.022144e+00
3552	1.023561e+00
3553	1.031721e+00
3554	1.046895e+00
3555	1.068479e+00
3556	1.094137e+00
3557	1.121103e+00
3558	1.144911e+00
3559	1.165257e+00
3560	1.180544e+00
3561	1.189976e+00
3562	1.193601e+00
3563	1.192672e+00
3564	1.184852e+00
3565	1.171229e+00
3566	1.153665e+00
3567	1.133197e+00
3568	1.109821e+00
3569	1.085662e+00
3570	1.063324e+00
3571	1.043902e+00
3572	1.030464e+00
3573	1.023308e+00
3574	1.023391e+00
3575	1.033028e+00
3576	1.050114e+00
3577	1.071232e+00
3578	1.094067e+00
3579	1.118122e+00
3580	1.141341e+00
3581	1.161426e+00
3582	1.177450e+00
3583	1.188594e+00
3584	1.194606e+00
3585	1.193666e+00
3586	1.184864e+00
3587	1.170881e+00
3588	1.151181e+00
3589	1.128297e+00
3590	1.103409e+00
3591	1.078490e+00
3592	1.055638e+00
3593	1.039104e+00
3594	1.026896e+00
3595	1.021358e+00
3596	1.023169e+00
3597	1.032805e+00
3598	1.048423e+00
3599	1.069213e+00
3600	1.092560e+00
3601	1.116869e+00
3602	1.139591e+00
3603	1.158678e+00
3604	1.174515e+00
3605	1.186659e+00
3606	1.192684e+00
3607	1.192262e+00
3608	1.183850e+00
3609	1.168633e+00
3610	1.150171e+00
3611	1.127275e+00
3612	1.102221e+00
3613	1.076620e+00
3614	1.051865e+00
3615	1.031847e+00
3616	1.019942e+00
3617	1.013753e+00
3618	1.016131e+00
3619	1.026037e+00
3620	1.044041e+00
3621	1.066354e+00
3622	1.090993e+00
3623	1.115654e+00
3624	1.138924e+00
3625	1.158765e+00
3626	1.172970e+00
3627	1.182189e+00
3628	1.184220e+00
3629	1.180653e+00
3630	1.171139e+00
3631	1.156583e+00
3632	1.138643e+00
3633	1.116979e+00
3634	1.094176e+00
3635	1.072811e+00
3636	1.053757e+00
3637	1.039505e+00
3638	1.030192e+00
3639	1.029068e+00
3640	1.034058e+00
3641	1.044213e+00
3642	1.059813e+00
3643	1.077668e+00
3644	1.097180e+00
3645	1.117110e+00
3646	1.135075e+00
3647	1.149915e+00
3648	1.161359e+00
3649	1.168606e+00
3650	1.170321e+00
3651	1.166775e+00
3652	1.159992e+00
3653	1.148473e+00
3654	1.133904e+00
3655	1.116594e+00
3656	1.097722e+00
3657	1.079504e+00
3658	1.063655e+00
3659	1.049521e+00
3660	1.039833e+00
3661	1.035880e+00
3662	1.037876e+00
3663	1.045800e+00
3664	1.058301e+00
3665	1.073766e+00
3666	1.089711e+00
3667	1.105845e+00
3668	1.121040e+00
3669	1.134107e+00
3670	1.143730e+00
3671	1.148461e+00
3672	1.148509e+00
3673	1.145253e+00
3674	1.137444e+00
3675	1.127437e+00
3676	1.114493e+00
3677	1.100092e+00
3678	1.085451e+00
3679	1.071797e+00
3680	1.061611e+00
3681	1.056708e+00
3682	1.055221e+00
3683	1.056350e+00
3684	1.061690e+00
3685	1.070053e+00
3686	1.081394e+00
3687	1.092470e+00
3688	1.104517e+00
3689	1.115705e+00
3690	1.125912e+00
3691	1.133196e+00
3692	1.137937e+00
3693	1.139702e+00
3694	1.137624e+00
3695	1.134069e+00
3696	1.128037e+00
3697	1.119858e+00
3698	1.111267e+00
3699	1.102661e+00
3700	1.094270e+00
3701	1.085392e+00
3702	1.079666e+00
3703	1.074321e+00
3704	1.070829e+00
3705	1.070619e+00
3706	1.074007e+00
3707	1.079970e+00
3708	1.087528e+00
3709	1.097137e+00
3710	1.106259e+00
3711	1.114499e+00
3712	1.121411e+00
3713	1.126504e+00
3714	1.130135e+00
3715	1.130446e+00
3716	1.128609e+00
3717	1.124728e+00
3718	1.119875e+00
3719	1.113346e+00
3720	1.105002e+00
3721	1.094502e+00
3722	1.084103e+00
3723	1.074904e+00
3724	1.066176e+00
3725	1.059899e+00
3726	1.055780e+00
3727	1.056585e+00
3728	1.061469e+00
3729	1.068722e+00
3730	1.077896e+00
3731	1.088810e+00
3732	1.098565e+00
3733	1.108592e+00
3734	1.118458e+00
3735	1.126522e+00
3736	1.131945e+00
3737	1.135001e+00
3738	1.135343e+00
3739	1.133296e+00
3740	1.127538e+00
3741	1.119697e+00
3742	1.108564e+00
3743	1.096229e+00
3744	1.085376e+00
3745	1.074698e+00
3746	1.065768e+00
3747	1.059247e+00
3748	1.055148e+00
3749	1.054843e+00
3750	1.056539e+00
3751	1.061146e+00
3752	1.068666e+00
3753	1.079500e+00
3754	1.090753e+00
3755	1.102724e+00
3756	1.115741e+00
3757	1.127921e+00
3758	1.135826e+00
3759	1.140490e+00
3760	1.140964e+00
3761	1.137283e+00
3762	1.131527e+00
3763	1.121195e+00
3764	1.108662e+00
3765	1.093208e+00
3766	1.075867e+00
3767	1.060403e+00
3768	1.047340e+00
3769	1.037635e+00
3770	1.033341e+00
3771	1.034699e+00
3772	1.042011e+00
3773	1.054334e+00
3774	1.070196e+00
3775	1.086702e+00
3776	1.102891e+00
3777	1.119690e+00
3778	1.132478e+00
3779	1.142009e+00
3780	1.148190e+00
3781	1.147930e+00
3782	1.143805e+00
3783	1.136508e+00
3784	1.126258e+00
3785	1.113803e+00
3786	1.099762e+00
3787	1.085159e+00
3788	1.073007e+00
3789	1.063645e+00
3790	1.057425e+00
3791	1.054917e+00
3792	1.055809e+00
3793	1.060331e+00
3794	1.067701e+00
3795	1.077592e+00
3796	1.091014e+00
3797	1.104476e+00
3798	1.117618e+00
3799	1.130101e+00
3800	1.140058e+00
3801	1.144697e+00
3802	1.145756e+00
3803	1.142268e+00
3804	1.135282e+00
3805	1.123857e+00
3806	1.110479e+00
3807	1.095207e+00
3808	1.081249e+00
3809	1.068982e+00
3810	1.060814e+00
3811	1.055197e+00
3812	1.051644e+00
3813	1.052475e+00
3814	1.056638e+00
3815	1.064559e+00
3816	1.074985e+00
3817	1.086507e+00
3818	1.098157e+00
3819	1.110200e+00
3820	1.119755e+00
3821	1.127599e+00
3822	1.132404e+00
3823	1.134157e+00
3824	1.132491e+00
3825	1.126507e+00
3826	1.118745e+00
3827	1.106421e+00
3828	1.091323e+00
3829	1.075804e+00
3830	1.062112e+00
3831	1.052315e+00
3832	1.045058e+00
3833	1.041925e+00
3834	1.042284e+00
3835	1.046187e+00
3836	1.054324e+00
3837	1.063303e+00
3838	1.073654e+00
3839	1.083669e+00
3840	1.094177e+00
3841	1.102854e+00
3842	1.109422e+00
3843	1.114419e+00
3844	1.117028e+00
3845	1.115451e+00
3846	1.111926e+00
3847	1.108198e+00
3848	1.102398e+00
3849	1.094259e+00
3850	1.085005e+00
3851	1.076436e+00
3852	1.069178e+00
3853	1.064260e+00
3854	1.062187e+00
3855	1.062394e+00
3856	1.065127e+00
3857	1.071161e+00
3858	1.080305e+00
3859	1.089864e+00
3860	1.099879e+00
3861	1.108004e+00
3862	1.114488e+00
3863	1.117925e+00
3864	1.118730e+00
3865	1.117272e+00
3866	1.112560e+00
3867	1.106661e+00
3868	1.099172e+00
3869	1.091727e+00
3870	1.085414e+00
3871	1.079775e+00
3872	1.075573e+00
3873	1.073042e+00
3874	1.072071e+00
3875	1.072455e+00
3876	1.073616e+00
3877	1.076193e+00
3878	1.078850e+00
3879	1.082564e+00
3880	1.087975e+00
3881	1.094846e+00
3882	1.101798e+00
3883	1.108695e+00
3884	1.114331e+00
3885	1.118913e+00
3886	1.123487e+00
3887	1.126836e+00
3888	1.127883e+00
3889	1.128641e+00
3890	1.126885e+00
3891	1.120727e+00
3892	1.111804e+00
3893	1.102220e+00
3894	1.092646e+00
3895	1.083496e+00
3896	1.075219e+00
3897	1.069347e+00
3898	1.065649e+00
3899	1.064998e+00
3900	1.067558e+00
3901	1.072959e+00
3902	1.080579e+00
3903	1.089472e+00
3904	1.099426e+00
3905	1.108818e+00
3906	1.117774e+00
3907	1.124939e+00
3908	1.127551e+00
3909	1.128334e+00
3910	1.126947e+00
3911	1.120350e+00
3912	1.112149e+00
3913	1.102668e+00
3914	1.093714e+00
3915	1.083520e+00
3916	1.074771e+00
3917	1.068680e+00
3918	1.064344e+00
3919	1.062502e+00
3920	1.064789e+00
3921	1.068794e+00
3922	1.077060e+00
3923	1.086659e+00
3924	1.096186e+00
3925	1.105315e+00
3926	1.114883e+00
3927	1.124410e+00
3928	1.133465e+00
3929	1.140437e+00
3930	1.142900e+00
3931	1.142733e+00
3932	1.139792e+00
3933	1.134187e+00
3934	1.124865e+00
3935	1.113045e+00
3936	1.101516e+00
3937	1.090613e+00
3938	1.080961e+00
3939	1.073186e+00
3940	1.068051e+00
3941	1.065814e+00
3942	1.066780e+00
3943	1.070282e+00
3944	1.077036e+00
3945	1.086060e+00
3946	1.096402e+00
3947	1.107086e+00
3948	1.117427e+00
3949	1.125798e+00
3950	1.131465e+00
3951	1.132855e+00
3952	1.131205e+00
3953	1.126438e+00
3954	1.120545e+00
3955	1.111850e+00
3956	1.104620e+00
3957	1.096681e+00
3958	1.090293e+00
3959	1.084464e+00
3960	1.081295e+00
3961	1.080830e+00
3962	1.080635e+00
3963	1.081944e+00
3964	1.086707e+00
3965	1.093125e+00
3966	1.098999e+00
3967	1.105269e+00
3968	1.110203e+00
3969	1.114941e+00
3970	1.117987e+00
3971	1.118792e+00
3972	1.117089e+00
3973	1.115256e+00
3974	1.112665e+00
3975	1.107691e+00
3976	1.102067e+00
3977	1.096420e+00
3978	1.090919e+00
3979	1.086541e+00
3980	1.083986e+00
3981	1.083705e+00
3982	1.082739e+00
3983	1.082906e+00
3984	1.082534e+00
3985	1.083495e+00
3986	1.087465e+00
3987	1.092523e+00
3988	1.098190e+00
3989	1.103744e+00
3990	1.111287e+00
3991	1.117556e+00
3992	1.122717e+00
3993	1.126581e+00
3994	1.128466e+00
3995	1.128078e+00
3996	1.125013e+00
3997	1.119651e+00
3998	1.112456e+00
3999	1.105408e+00
4000	1.098397e+00
4001	1.092193e+00
4002	1.086373e+00
4003	1.081277e+00
4004	1.077988e+00
4005	1.078435e+00
4006	1.081241e+00
4007	1.085823e+00
4008	1.091387e+00
4009	1.098185e+00
4010	1.105482e+00
4011	1.112013e+00
4012	1.119107e+00
4013	1.124804e+00
4014	1.128841e+00
4015	1.131634e+00
4016	1.131876e+00
4017	1.128995e+00
4018	1.124190e+00
4019	1.118306e+00
4020	1.111789e+00
4021	1.104751e+00
4022	1.098501e+00
4023	1.093087e+00
4024	1.087094e+00
4025	1.082449e+00
4026	1.079269e+00
4027	1.077228e+00
4028	1.078351e+00
4029	1.081022e+00
4030	1.084801e+00
4031	1.091091e+00
4032	1.097814e+00
4033	1.104481e+00
4034	1.111415e+00
4035	1.117164e+00
4036	1.121949e+00
4037	1.124786e+00
4038	1.127511e+00
4039	1.128048e+00
4040	1.125721e+00
4041	1.120528e+00
4042	1.115750e+00
4043	1.109085e+00
4044	1.101372e+00
4045	1.094700e+00
4046	1.088553e+00
4047	1.082287e+00
4048	1.077974e+00
4049	1.075353e+00
4050	1.074242e+00
4051	1.074520e+00
4052	1.076880e+00
4053	1.078906e+00
4054	1.083662e+00
4055	1.089419e+00
4056	1.095350e+00
4057	1.103000e+00
4058	1.108979e+00
4059	1.113072e+00
4060	1.115768e+00
4061	1.118117e+00
4062	1.118556e+00
4063	1.117284e+00
4064	1.113223e+00
4065	1.109194e+00
4066	1.104178e+00
4067	1.099593e+00
4068	1.092351e+00
4069	1.085644e+00
4070	1.080478e+00
4071	1.076820e+00
4072	1.074145e+00
4073	1.073597e+00
4074	1.075127e+00
4075	1.076994e+00
4076	1.079539e+00
4077	1.084269e+00
4078	1.089827e+00
4079	1.096022e+00
4080	1.102199e+00
4081	1.107038e+00
4082	1.110381e+00
4083	1.112759e+00
4084	1.112842e+00
4085	1.111536e+00
4086	1.108871e+00
4087	1.105057e+00
4088	1.098973e+00
4089	1.091981e+00
4090	1.083552e+00
4091	1.075965e+00
4092	1.069732e+00
4093	1.066064e+00
4094	1.063653e+00
4095	1.064144e+00
4096	1.065478e+00
4097	1.068737e+00
4098	1.075046e+00
4099	1.082274e+00
4100	1.090126e+00
4101	1.099527e+00
4102	1.108415e+00
4103	1.116043e+00
4104	1.120948e+00
4105	1.124048e+00
4106	1.124823e+00
4107	1.123531e+00
4108	1.119497e+00
4109	1.114384e+00
4110	1.108428e+00
4111	1.100860e+00
4112	1.092290e+00
4113	1.083668e+00
4114	1.076917e+00
4115	1.072090e+00
4116	1.069248e+00
4117	1.068621e+00
4118	1.070627e+00
4119	1.073253e+00
4120	1.077460e+00
4121	1.083412e+00
4122	1.090170e+00
4123	1.097626e+00
4124	1.103791e+00
4125	1.111174e+00
4126	1.117397e+00
4127	1.122503e+00
4128	1.125519e+00
4129	1.125981e+00
4130	1.124153e+00
4131	1.118419e+00
4132	1.110661e+00
4133	1.101861e+00
4134	1.093679e+00
4135	1.085570e+00
4136	1.078607e+00
4137	1.074030e+00
4138	1.070923e+00
4139	1.070687e+00
4140	1.072625e+00
4141	1.077403e+00
4142	1.084402e+00
4143	1.092240e+00
4144	1.099343e+00
4145	1.106125e+00
4146	1.111952e+00
4147	1.116081e+00
4148	1.119359e+00
4149	1.121557e+00
4150	1.120982e+00
4151	1.117600e+00
4152	1.110825e+00
4153	1.102052e+00
4154	1.093336e+00
4155	1.085469e+00
4156	1.080187e+00
4157	1.075506e+00
4158	1.072206e+00
4159	1.071997e+00
4160	1.074262e+00
4161	1.077819e+00
4162	1.083290e+00
4163	1.088923e+00
4164	1.095525e+00
4165	1.101557e+00
4166	1.106188e+00
4167	1.108924e+00
4168	1.109762e+00
4169	1.108759e+00
4170	1.106623e+00
4171	1.104350e+00
4172	1.101128e+00
4173	1.097871e+00
4174	1.095244e+00
4175	1.093047e+00
4176	1.090305e+00
4177	1.088552e+00
4178	1.087804e+00
4179	1.087341e+00
4180	1.088478e+00
4181	1.092205e+00
4182	1.096824e+00
4183	1.101743e+00
4184	1.106116e+00
4185	1.109852e+00
4186	1.111918e+00
4187	1.114226e+00
4188	1.115408e+00
4189	1.114723e+00
4190	1.112908e+00
4191	1.111063e+00
4192	1.106894e+00
4193	1.102218e+00
4194	1.096092e+00
4195	1.091227e+00
4196	1.088292e+00
4197	1.086173e+00
4198	1.084823e+00
4199	1.084243e+00
4200	1.085876e+00
4201	1.087527e+00
4202	1.091277e+00
4203	1.095469e+00
4204	1.100872e+00
4205	1.105677e+00
4206	1.111812e+00
4207	1.117358e+00
4208	1.122208e+00
4209	1.124858e+00
4210	1.125743e+00
4211	1.123644e+00
4212	1.119228e+00
4213	1.113821e+00
4214	1.108350e+00
4215	1.102866e+00
4216	1.096326e+00
4217	1.088842e+00
4218	1.082328e+00
4219	1.077782e+00
4220	1.075451e+00
4221	1.074413e+00
4222	1.075539e+00
4223	1.078323e+00
4224	1.082784e+00
4225	1.089288e+00
4226	1.095103e+00
4227	1.099524e+00
4228	1.105877e+00
4229	1.111259e+00
4230	1.115997e+00
4231	1.120919e+00
4232	1.126228e+00
4233	1.129956e+00
4234	1.130533e+00
4235	1.130559e+00
4236	1.127958e+00
4237	1.123018e+00
4238	1.116407e+00
4239	1.108339e+00
4240	1.100016e+00
4241	1.091324e+00
4242	1.084272e+00
4243	1.079439e+00
4244	1.075745e+00
4245	1.075100e+00
4246	1.077403e+00
4247	1.080920e+00
4248	1.086940e+00
4249	1.094140e+00
4250	1.100589e+00
4251	1.107046e+00
4252	1.112404e+00
4253	1.115639e+00
4254	1.116008e+00
4255	1.114351e+00
4256	1.112379e+00
4257	1.108367e+00
4258	1.103135e+00
4259	1.096578e+00
4260	1.088800e+00
4261	1.080667e+00
4262	1.072501e+00
4263	1.066676e+00
4264	1.063542e+00
4265	1.062845e+00
4266	1.064245e+00
4267	1.068648e+00
4268	1.075700e+00
4269	1.085136e+00
4270	1.096725e+00
4271	1.109267e+00
4272	1.122250e+00
4273	1.133182e+00
4274	1.141505e+00
4275	1.147332e+00
4276	1.147721e+00
4277	1.145680e+00
4278	1.140244e+00
4279	1.131194e+00
4280	1.119500e+00
4281	1.107359e+00
4282	1.096104e+00
4283	1.085602e+00
4284	1.076356e+00
4285	1.070985e+00
4286	1.067975e+00
4287	1.069213e+00
4288	1.073762e+00
4289	1.080689e+00
4290	1.089627e+00
4291	1.099675e+00
4292	1.109403e+00
4293	1.119886e+00
4294	1.127671e+00
4295	1.133554e+00
4296	1.136733e+00
4297	1.138312e+00
4298	1.136855e+00
4299	1.132959e+00
4300	1.126406e+00
4301	1.118378e+00
4302	1.108758e+00
4303	1.099571e+00
4304	1.090981e+00
4305	1.084205e+00
4306	1.078489e+00
4307	1.072926e+00
4308	1.070943e+00
4309	1.072561e+00
4310	1.076887e+00
4311	1.083459e+00
4312	1.092433e+00
4313	1.102470e+00
4314	1.113004e+00
4315	1.122543e+00
4316	1.130414e+00
4317	1.137751e+00
4318	1.143144e+00
4319	1.146162e+00
4320	1.146497e+00
4321	1.143779e+00
4322	1.139841e+00
4323	1.134445e+00
4324	1.126742e+00
4325	1.118430e+00
4326	1.109225e+00
4327	1.100842e+00
4328	1.093252e+00
4329	1.084854e+00
4330	1.077609e+00
4331	1.072116e+00
4332	1.069143e+00
4333	1.070801e+00
4334	1.073967e+00
4335	1.079599e+00
4336	1.087041e+00
4337	1.095740e+00
4338	1.104446e+00
4339	1.113686e+00
4340	1.121824e+00
4341	1.126887e+00
4342	1.128825e+00
4343	1.128329e+00
4344	1.125045e+00
4345	1.119564e+00
4346	1.113609e+00
4347	1.104995e+00
4348	1.095794e+00
4349	1.086383e+00
4350	1.077558e+00
4351	1.069991e+00
4352	1.064848e+00
4353	1.062632e+00
4354	1.062408e+00
4355	1.067489e+00
4356	1.074471e+00
4357	1.082733e+00
4358	1.091515e+00
4359	1.101698e+00
4360	1.111748e+00
4361	1.121729e+00
4362	1.131347e+00
4363	1.137736e+00
4364	1.143757e+00
4365	1.147617e+00
4366	1.147933e+00
4367	1.145975e+00
4368	1.143096e+00
4369	1.137367e+00
4370	1.128305e+00
4371	1.117652e+00
4372	1.105308e+00
4373	1.093284e+00
4374	1.082320e+00
4375	1.074018e+00
4376	1.069602e+00
4377	1.067860e+00
4378	1.069502e+00
4379	1.073707e+00
4380	1.081261e+00
4381	1.090936e+00
4382	1.101367e+00
4383	1.111267e+00
4384	1.120823e+00
4385	1.128330e+00
4386	1.134375e+00
4387	1.138187e+00
4388	1.139279e+00
4389	1.135773e+00
4390	1.131149e+00
4391	1.124127e+00
4392	1.113619e+00
4393	1.102408e+00
4394	1.090695e+00
4395	1.080325e+00
4396	1.070106e+00
4397	1.061855e+00
4398	1.056529e+00
4399	1.056255e+00
4400	1.059501e+00
4401	1.068326e+00
4402	1.080053e+00
4403	1.093339e+00
4404	1.107780e+00
4405	1.122175e+00
4406	1.135006e+00
4407	1.145493e+00
4408	1.152903e+00
4409	1.155914e+00
4410	1.155306e+00
4411	1.152385e+00
4412	1.146616e+00
4413	1.138924e+00
4414	1.128293e+00
4415	1.114544e+00
4416	1.098745e+00
4417	1.083348e+00
4418	1.069269e+00
4419	1.057576e+00
4420	1.051115e+00
4421	1.048316e+00
4422	1.051978e+00
4423	1.060981e+00
4424	1.074465e+00
4425	1.088872e+00
4426	1.103224e+00
4427	1.116578e+00
4428	1.128785e+00
4429	1.139129e+00
4430	1.147186e+00
4431	1.151172e+00
4432	1.151271e+00
4433	1.148247e+00
4434	1.141531e+00
4435	1.131319e+00
4436	1.119127e+00
4437	1.105258e+00
4438	1.092153e+00
4439	1.079705e+00
4440	1.068685e+00
4441	1.061531e+00
4442	1.060066e+00
4443	1.063614e+00
4444	1.071902e+00
4445	1.083049e+00
4446	1.097520e+00
4447	1.112808e+00
4448	1.128794e+00
4449	1.143893e+00
4450	1.159394e+00
4451	1.171661e+00
4452	1.179620e+00
4453	1.183623e+00
4454	1.182343e+00
4455	1.177272e+00
4456	1.166711e+00
4457	1.151841e+00
4458	1.134053e+00
4459	1.115499e+00
4460	1.097118e+00
4461	1.080327e+00
4462	1.065976e+00
4463	1.054806e+00
4464	1.047933e+00
4465	1.047236e+00
4466	1.052557e+00
4467	1.063971e+00
4468	1.079113e+00
4469	1.096673e+00
4470	1.115103e+00
4471	1.133329e+00
4472	1.150869e+00
4473	1.164430e+00
4474	1.175005e+00
4475	1.181452e+00
4476	1.182234e+00
4477	1.178352e+00
4478	1.170139e+00
4479	1.157445e+00
4480	1.142075e+00
4481	1.124423e+00
4482	1.105910e+00
4483	1.085514e+00
4484	1.066518e+00
4485	1.051594e+00
4486	1.040246e+00
4487	1.035311e+00
4488	1.036509e+00
4489	1.044312e+00
4490	1.056849e+00
4491	1.073278e+00
4492	1.092308e+00
4493	1.111704e+00
4494	1.129412e+00
4495	1.145679e+00
4496	1.158927e+00
4497	1.167565e+00
4498	1.171849e+00
4499	1.170736e+00
4500	1.164024e+00
4501	1.151863e+00
4502	1.136703e+00
4503	1.118261e+00
4504	1.097780e+00
4505	1.077420e+00
4506	1.057759e+00
4507	1.042593e+00
4508	1.033628e+00
4509	1.031898e+00
4510	1.036874e+00
4511	1.046536e+00
4512	1.060617e+00
4513	1.076636e+00
4514	1.094248e+00
4515	1.111552e+00
4516	1.128110e+00
4517	1.142184e+00
4518	1.152988e+00
4519	1.156787e+00
4520	1.157082e+00
4521	1.151235e+00
4522	1.140622e+00
4523	1.127013e+00
4524	1.111266e+00
4525	1.094991e+00
4526	1.079450e+00
4527	1.065359e+00
4528	1.055132e+00
4529	1.048921e+00
4530	1.048232e+00
4531	1.051707e+00
4532	1.059372e+00
4533	1.070263e+00
4534	1.084436e+00
4535	1.098362e+00
4536	1.113036e+00
4537	1.125945e+00
4538	1.137417e+00
4539	1.146500e+00
4540	1.153537e+00
4541	1.157297e+00
4542	1.156699e+00
4543	1.152630e+00
4544	1.142354e+00
4545	1.128477e+00
4546	1.112936e+00
4547	1.095747e+00
4548	1.078665e+00
4549	1.061689e+00
4550	1.048510e+00
4551	1.039356e+00
4552	1.037441e+00
4553	1.041187e+00
4554	1.050564e+00
4555	1.067128e+00
4556	1.087087e+00
4557	1.109857e+00
4558	1.131844e+00
4559	1.151767e+00
4560	1.167518e+00
4561	1.178640e+00
4562	1.184685e+00
4563	1.185758e+00
4564	1.179520e+00
4565	1.167750e+00
4566	1.151739e+00
4567	1.132311e+00
4568	1.110641e+00
4569	1.088562e+00
4570	1.066405e+00
4571	1.047183e+00
4572	1.033245e+00
4573	1.026273e+00
4574	1.028207e+00
4575	1.035796e+00
4576	1.050190e+00
4577	1.069789e+00
4578	1.092063e+00
4579	1.114953e+00
4580	1.135916e+00
4581	1.154359e+00
4582	1.167266e+00
4583	1.174916e+00
4584	1.177617e+00
4585	1.174729e+00
4586	1.165699e+00
4587	1.151132e+00
4588	1.131976e+00
4589	1.110197e+00
4590	1.087588e+00
4591	1.065439e+00
4592	1.047417e+00
4593	1.032534e+00
4594	1.023432e+00
4595	1.021361e+00
4596	1.025778e+00
4597	1.035516e+00
4598	1.050559e+00
4599	1.071014e+00
4600	1.093552e+00
4601	1.116620e+00
4602	1.137559e+00
4603	1.155928e+00
4604	1.170856e+00
4605	1.181179e+00
4606	1.184040e+00
4607	1.180038e+00
4608	1.171887e+00
4609	1.157152e+00
4610	1.139075e+00
4611	1.118591e+00
4612	1.096888e+00
4613	1.075053e+00
4614	1.055582e+00
4615	1.041402e+00
4616	1.034353e+00
4617	1.034151e+00
4618	1.040895e+00
4619	1.053017e+00
4620	1.070091e+00
4621	1.090095e+00
4622	1.109221e+00
4623	1.127300e+00
4624	1.142839e+00
4625	1.155481e+00
4626	1.164503e+00
4627	1.170563e+00
4628	1.171011e+00
4629	1.165973e+00
4630	1.156591e+00
4631	1.143517e+00
4632	1.129331e+00
4633	1.113525e+00
4634	1.097142e+00
4635	1.082855e+00
4636	1.069314e+00
4637	1.059208e+00
4638	1.052243e+00
4639	1.049793e+00
4640	1.052146e+00
4641	1.059110e+00
4642	1.069911e+00
4643	1.083035e+00
4644	1.098603e+00
4645	1.113298e+00
4646	1.127768e+00
4647	1.141389e+00
4648	1.153285e+00
4649	1.161182e+00
4650	1.164563e+00
4651	1.163344e+00
4652	1.158024e+00
4653	1.147689e+00
4654	1.133263e+00
4655	1.116554e+00
4656	1.098868e+00
4657	1.081093e+00
4658	1.064677e+00
4659	1.054260e+00
4660	1.048410e+00
4661	1.046522e+00
4662	1.048120e+00
4663	1.053298e+00
4664	1.064521e+00
4665	1.078306e+00
4666	1.094978e+00
4667	1.112275e+00
4668	1.130139e+00
4669	1.146796e+00
4670	1.158453e+00
4671	1.166774e+00
4672	1.170611e+00
4673	1.170507e+00
4674	1.166924e+00
4675	1.158605e+00
4676	1.148028e+00
4677	1.134688e+00
4678	1.117135e+00
4679	1.097751e+00
4680	1.079767e+00
4681	1.063925e+00
4682	1.053450e+00
4683	1.047790e+00
4684	1.047497e+00
4685	1.053182e+00
4686	1.063223e+00
4687	1.077714e+00
4688	1.095278e+00
4689	1.114381e+00
4690	1.133671e+00
4691	1.150486e+00
4692	1.164583e+00
4693	1.174171e+00
4694	1.177101e+00
4695	1.174229e+00
4696	1.166193e+00
4697	1.154313e+00
4698	1.138407e+00
4699	1.120503e+00
4700	1.100688e+00
4701	1.080427e+00
4702	1.060618e+00
4703	1.044034e+00
4704	1.033759e+00
4705	1.029807e+00
4706	1.032847e+00
4707	1.041137e+00
4708	1.053361e+00
4709	1.069763e+00
4710	1.088607e+00
4711	1.108194e+00
4712	1.127783e+00
4713	1.147077e+00
4714	1.161853e+00
4715	1.172203e+00
4716	1.177813e+00
4717	1.179495e+00
4718	1.174516e+00
4719	1.165555e+00
4720	1.152305e+00
4721	1.135461e+00
4722	1.117388e+00
4723	1.098393e+00
4724	1.078790e+00
4725	1.062242e+00
4726	1.048281e+00
4727	1.038615e+00
4728	1.036044e+00
4729	1.041123e+00
4730	1.051460e+00
4731	1.066424e+00
4732	1.082777e+00
4733	1.099144e+00
4734	1.115677e+00
4735	1.130422e+00
4736	1.142561e+00
4737	1.151536e+00
4738	1.156151e+00
4739	1.155693e+00
4740	1.152258e+00
4741	1.143671e+00
4742	1.132440e+00
4743	1.119234e+00
4744	1.103773e+00
4745	1.088816e+00
4746	1.074963e+00
4747	1.063032e+00
4748	1.053884e+00
4749	1.047145e+00
4750	1.044983e+00
4751	1.046029e+00
4752	1.050223e+00
4753	1.057790e+00
4754	1.069302e+00
4755	1.082752e+00
4756	1.096467e+00
4757	1.109751e+00
4758	1.121222e+00
4759	1.130206e+00
4760	1.137072e+00
4761	1.140122e+00
4762	1.139709e+00
4763	1.136068e+00
4764	1.127394e+00
4765	1.116736e+00
4766	1.105146e+00
4767	1.091188e+00
4768	1.078365e+00
4769	1.066972e+00
4770	1.058440e+00
4771	1.053255e+00
4772	1.052624e+00
4773	1.055157e+00
4774	1.060838e+00
4775	1.069632e+00
4776	1.079449e+00
4777	1.092197e+00
4778	1.103926e+00
4779	1.114924e+00
4780	1.123833e+00
4781	1.130802e+00
4782	1.135173e+00
4783	1.136699e+00
4784	1.134613e+00
4785	1.130126e+00
4786	1.124790e+00
4787	1.117999e+00
4788	1.109712e+00
4789	1.101107e+00
4790	1.091638e+00
4791	1.082924e+00
4792	1.076218e+00
4793	1.071264e+00
4794	1.069427e+00
4795	1.071509e+00
4796	1.075552e+00
4797	1.081684e+00
4798	1.089531e+00
4799	1.098677e+00
4800	1.108163e+00
4801	1.118722e+00
4802	1.127288e+00
4803	1.133592e+00
4804	1.137594e+00
4805	1.139982e+00
4806	1.140588e+00
4807	1.138634e+00
4808	1.135170e+00
4809	1.128094e+00
4810	1.117547e+00
4811	1.105214e+00
4812	1.092193e+00
4813	1.080326e+00
4814	1.069826e+00
4815	1.063021e+00
4816	1.060221e+00
4817	1.059700e+00
4818	1.063575e+00
4819	1.070096e+00
4820	1.079676e+00
4821	1.090952e+00
4822	1.102975e+00
4823	1.114474e+00
4824	1.124590e+00
4825	1.131299e+00
4826	1.134748e+00
4827	1.135798e+00
4828	1.134167e+00
4829	1.129099e+00
4830	1.121761e+00
4831	1.111783e+00
4832	1.100726e+00
4833	1.089644e+00
4834	1.079289e+00
4835	1.071551e+00
4836	1.065320e+00
4837	1.063367e+00
4838	1.065560e+00
4839	1.071090e+00
4840	1.079097e+00
4841	1.087329e+00
4842	1.098578e+00
4843	1.108545e+00
4844	1.117243e+00
4845	1.125490e+00
4846	1.132080e+00
4847	1.137124e+00
4848	1.141155e+00
4849	1.142702e+00
4850	1.140359e+00
4851	1.134588e+00
4852	1.126207e+00
4853	1.116106e+00
4854	1.103796e+00
4855	1.092317e+00
4856	1.081870e+00
4857	1.073034e+00
4858	1.066455e+00
4859	1.064074e+00
4860	1.065806e+00
4861	1.070946e+00
4862	1.078964e+00
4863	1.089278e+00
4864	1.101388e+00
4865	1.113156e+00
4866	1.124048e+00
4867	1.131883e+00
4868	1.136316e+00
4869	1.137614e+00
4870	1.137300e+00
4871	1.135021e+00
4872	1.130997e+00
4873	1.125268e+00
4874	1.118531e+00
4875	1.110850e+00
4876	1.103386e+00
4877	1.096212e+00
4878	1.090065e+00
4879	1.087672e+00
4880	1.086809e+00
4881	1.087817e+00
4882	1.090037e+00
4883	1.093644e+00
4884	1.097721e+00
4885	1.102914e+00
4886	1.109673e+00
4887	1.117463e+00
4888	1.124483e+00
4889	1.129399e+00
4890	1.132311e+00
4891	1.133301e+00
4892	1.132275e+00
4893	1.128846e+00
4894	1.121353e+00
4895	1.110760e+00
4896	1.098915e+00
4897	1.086705e+00
4898	1.074794e+00
4899	1.064655e+00
4900	1.056000e+00
4901	1.049732e+00
4902	1.047291e+00
4903	1.047968e+00
4904	1.052837e+00
4905	1.061267e+00
4906	1.074755e+00
4907	1.090463e+00
4908	1.104586e+00
4909	1.120124e+00
4910	1.132313e+00
4911	1.142659e+00
4912	1.147792e+00
4913	1.149588e+00
4914	1.146544e+00
4915	1.139204e+00
4916	1.128410e+00
4917	1.115694e+00
4918	1.101375e+00
4919	1.087653e+00
4920	1.075483e+00
4921	1.066047e+00
4922	1.059625e+00
4923	1.056939e+00
4924	1.058388e+00
4925	1.064200e+00
4926	1.073663e+00
4927	1.085108e+00
4928	1.098664e+00
4929	1.114396e+00
4930	1.128872e+00
4931	1.139845e+00
4932	1.147634e+00
4933	1.153687e+00
4934	1.156890e+00
4935	1.157393e+00
4936	1.154652e+00
4937	1.149043e+00
4938	1.140776e+00
4939	1.130348e+00
4940	1.119600e+00
4941	1.109449e+00
4942	1.100067e+00
4943	1.092683e+00
4944	1.088231e+00
4945	1.087983e+00
4946	1.089920e+00
4947	1.093461e+00
4948	1.099353e+00
4949	1.106801e+00
4950	1.114954e+00
4951	1.122305e+00
4952	1.127631e+00
4953	1.132914e+00
4954	1.136105e+00
4955	1.138819e+00
4956	1.140336e+00
4957	1.140658e+00
4958	1.140320e+00
4959	1.137256e+00
4960	1.133269e+00
4961	1.125668e+00
4962	1.116769e+00
4963	1.107596e+00
4964	1.098974e+00
4965	1.092019e+00
4966	1.088470e+00
4967	1.088487e+00
4968	1.091249e+00
4969	1.095459e+00
4970	1.100371e+00
4971	1.107253e+00
4972	1.113638e+00
4973	1.121038e+00
4974	1.126617e+00
4975	1.130693e+00
4976	1.133156e+00
4977	1.132809e+00
4978	1.130940e+00
4979	1.128130e+00
4980	1.121502e+00
4981	1.113776e+00
4982	1.105782e+00
4983	1.098139e+00
4984	1.091122e+00
4985	1.085030e+00
4986	1.079894e+00
4987	1.077350e+00
4988	1.076672e+00
4989	1.078205e+00
4990	1.082118e+00
4991	1.085669e+00
4992	1.090890e+00
4993	1.097250e+00
4994	1.103535e+00
4995	1.109008e+00
4996	1.111865e+00
4997	1.112956e+00
4998	1.112584e+00
4999	1.111056e+00
