# Step	Measurement
1	1.842207e+00
2	1.844224e+00
3	1.846356e+00
4	1.848933e+00
5	1.851715e+00
6	1.854384e+00
7	1.857086e+00
8	1.859742e+00
9	1.862051e+00
10	1.863961e+00
11	1.865728e+00
12	1.867411e+00
13	1.868977e+00
14	1.870140e+00
15	1.871186e+00
16	1.871569e+00
17	1.871496e+00
18	1.871235e+00
19	1.870457e+00
20	1.869632e+00
21	1.868573e+00
22	1.866681e+00
23	1.864570e+00
24	1.862476e+00
25	1.860270e+00
26	1.857694e+00
27	1.855239e+00
28	1.852470e+00
29	1.849933e+00
30	1.847337e+00
31	1.844929e+00
32	1.842743e+00
33	1.840971e+00
34	1.838996e+00
35	1.837172e+00
36	1.835376e+00
37	1.833731e+00
38	1.831913e+00
39	1.830323e+00
40	1.828810e+00
41	1.827215e+00
42	1.825569e+00
43	1.824288e+00
44	1.822795e+00
45	1.820931e+00
46	1.819405e+00
47	1.817947e+00
48	1.816295e+00
49	1.814661e+00
50	1.813516e+00
51	1.812614e+00
52	1.811426e+00
53	1.810671e+00
54	1.809713e+00
55	1.808986e+00
56	1.808367e+00
57	1.807970e+00
58	1.807726e+00
59	1.807505e+00
60	1.807252e+00
61	1.806789e+00
62	1.806889e+00
63	1.807211e+00
64	1.807323e+00
65	1.807483e+00
66	1.807268e+00
67	1.806879e+00
68	1.806315e+00
69	1.805546e+00
70	1.805040e+00
71	1.805268e+00
72	1.805738e+00
73	1.806292e+00
74	1.806944e+00
75	1.807935e+00
76	1.809467e+00
77	1.811378e+00
78	1.813949e+00
79	1.817024e+00
80	1.820489e+00
81	1.824066e+00
82	1.827701e+00
83	1.831294e+00
84	1.834704e+00
85	1.838503e+00
86	1.842429e+00
87	1.846235e+00
88	1.850182e+00
89	1.853713e+00
90	1.857121e+00
91	1.860392e+00
92	1.863939e+00
93	1.867360e+00
94	1.871233e+00
95	1.875461e+00
96	1.879964e+00
97	1.884679e+00
98	1.889682e+00
99	1.894776e+00
100	1.899844e+00
101	1.904949e+00
102	1.909940e+00
103	1.914681e+00
104	1.918997e+00
105	1.922902e+00
106	1.926460e+00
107	1.929779e+00
108	1.932496e+00
109	1.934535e+00
110	1.935699e+00
111	1.936520e+00
112	1.936987e+00
113	1.936725e+00
114	1.935792e+00
115	1.934131e+00
116	1.932179e+00
117	1.929668e+00
118	1.926590e+00
119	1.923041e+00
120	1.919224e+00
121	1.915117e+00
122	1.910924e+00
123	1.906239e+00
124	1.900992e+00
125	1.895604e+00
126	1.889918e+00
127	1.884143e+00
128	1.878060e+00
129	1.871439e+00
130	1.864537e+00
131	1.857382e+00
132	1.850199e+00
133	1.842871e+00
134	1.835400e+00
135	1.827599e+00
136	1.820162e+00
137	1.812616e+00
138	1.805168e+00
139	1.798019e+00
140	1.791693e+00
141	1.785911e+00
142	1.780555e+00
143	1.775979e+00
144	1.772108e+00
145	1.769084e+00
146	1.766488e+00
147	1.764527e+00
148	1.763271e+00
149	1.762587e+00
150	1.762307e+00
151	1.763337e+00
152	1.764999e+00
153	1.767221e+00
154	1.769937e+00
155	1.773163e+00
156	1.776910e+00
157	1.780987e+00
158	1.785884e+00
159	1.791210e+00
160	1.796307e+00
161	1.801563e+00
162	1.807249e+00
163	1.813467e+00
164	1.820103e+00
165	1.827221e+00
166	1.834418e+00
167	1.841782e+00
168	1.848979e+00
169	1.856208e+00
170	1.862996e+00
171	1.869725e+00
172	1.876170e+00
173	1.882673e+00
174	1.888864e+00
175	1.894365e+00
176	1.899663e+00
177	1.903876e+00
178	1.907622e+00
179	1.910786e+00
180	1.913944e+00
181	1.916831e+00
182	1.919057e+00
183	1.920532e+00
184	1.921668e+00
185	1.923028e+00
186	1.924204e+00
187	1.925412e+00
188	1.926528e+00
189	1.927380e+00
190	1.927761e+00
191	1.927667e+00
192	1.927677e+00
193	1.927303e+00
194	1.926631e+00
195	1.925707e+00
196	1.924424e+00
197	1.923044e+00
198	1.921295e+00
199	1.919348e+00
200	1.917014e+00
201	1.914734e+00
202	1.912575e+00
203	1.910283e+00
204	1.907594e+00
205	1.905070e+00
206	1.902492e+00
207	1.900105e+00
208	1.897714e+00
209	1.895083e+00
210	1.892159e+00
211	1.888577e+00
212	1.884566e+00
213	1.880134e+00
214	1.875818e+00
215	1.871224e+00
216	1.866217e+00
217	1.861268e+00
218	1.856064e+00
219	1.850880e+00
220	1.845691e+00
221	1.840564e+00
222	1.835412e+00
223	1.830092e+00
224	1.825073e+00
225	1.820475e+00
226	1.815896e+00
227	1.811655e+00
228	1.807937e+00
229	1.804384e+00
230	1.801041e+00
231	1.798031e+00
232	1.795074e+00
233	1.792575e+00
234	1.790250e+00
235	1.788386e+00
236	1.786933e+00
237	1.785645e+00
238	1.784310e+00
239	1.783184e+00
240	1.782412e+00
241	1.781648e+00
242	1.780757e+00
243	1.780023e+00
244	1.779605e+00
245	1.779204e+00
246	1.779324e+00
247	1.779812e+00
248	1.780591e+00
249	1.781594e+00
250	1.783171e+00
251	1.785291e+00
252	1.787710e+00
253	1.790664e+00
254	1.794168e+00
255	1.797928e+00
256	1.801960e+00
257	1.806505e+00
258	1.811135e+00
259	1.816039e+00
260	1.820906e+00
261	1.825558e+00
262	1.830162e+00
263	1.834732e+00
264	1.838842e+00
265	1.843043e+00
266	1.847031e+00
267	1.850943e+00
268	1.854598e+00
269	1.858101e+00
270	1.861246e+00
271	1.863829e+00
272	1.865890e+00
273	1.867840e+00
274	1.869354e+00
275	1.870484e+00
276	1.871582e+00
277	1.872583e+00
278	1.873604e+00
279	1.874808e+00
280	1.875807e+00
281	1.876467e+00
282	1.876686e+00
283	1.876848e+00
284	1.876517e+00
285	1.875817e+00
286	1.874438e+00
287	1.872837e+00
288	1.870856e+00
289	1.868412e+00
290	1.865807e+00
291	1.863254e+00
292	1.860563e+00
293	1.857790e+00
294	1.855183e+00
295	1.852965e+00
296	1.850910e+00
297	1.849100e+00
298	1.847799e+00
299	1.846019e+00
300	1.844314e+00
301	1.842811e+00
302	1.841589e+00
303	1.840317e+00
304	1.839120e+00
305	1.837801e+00
306	1.836603e+00
307	1.835757e+00
308	1.835106e+00
309	1.834523e+00
310	1.834023e+00
311	1.833779e+00
312	1.833851e+00
313	1.834037e+00
314	1.833936e+00
315	1.833978e+00
316	1.834430e+00
317	1.835099e+00
318	1.835756e+00
319	1.836896e+00
320	1.838362e+00
321	1.839572e+00
322	1.840891e+00
323	1.842566e+00
324	1.844461e+00
325	1.846599e+00
326	1.848404e+00
327	1.849907e+00
328	1.851022e+00
329	1.851848e+00
330	1.852721e+00
331	1.853282e+00
332	1.853795e+00
333	1.854172e+00
334	1.854335e+00
335	1.854298e+00
336	1.853807e+00
337	1.852930e+00
338	1.852345e+00
339	1.851893e+00
340	1.851005e+00
341	1.850144e+00
342	1.848942e+00
343	1.847745e+00
344	1.846295e+00
345	1.845038e+00
346	1.843731e+00
347	1.842659e+00
348	1.841885e+00
349	1.841262e+00
350	1.840894e+00
351	1.840385e+00
352	1.839979e+00
353	1.839756e+00
354	1.839727e+00
355	1.839935e+00
356	1.839911e+00
357	1.839845e+00
358	1.840333e+00
359	1.840918e+00
360	1.841858e+00
361	1.842998e+00
362	1.844724e+00
363	1.846829e+00
364	1.848842e+00
365	1.851151e+00
366	1.853836e+00
367	1.856419e+00
368	1.858858e+00
369	1.861288e+00
370	1.863458e+00
371	1.865354e+00
372	1.866839e+00
373	1.867654e+00
374	1.867959e+00
375	1.867961e+00
376	1.867549e+00
377	1.867231e+00
378	1.866639e+00
379	1.865868e+00
380	1.864729e+00
381	1.863448e+00
382	1.862047e+00
383	1.860277e+00
384	1.858412e+00
385	1.856164e+00
386	1.854040e+00
387	1.851743e+00
388	1.849401e+00
389	1.847129e+00
390	1.844601e+00
391	1.841972e+00
392	1.839663e+00
393	1.837590e+00
394	1.835544e+00
395	1.833993e+00
396	1.832363e+00
397	1.830913e+00
398	1.829629e+00
399	1.828597e+00
400	1.827514e+00
401	1.826243e+00
402	1.825233e+00
403	1.823889e+00
404	1.822697e+00
405	1.821667e+00
406	1.820568e+00
407	1.819747e+00
408	1.818901e+00
409	1.818156e+00
410	1.817152e+00
411	1.816237e+00
412	1.815492e+00
413	1.815265e+00
414	1.815443e+00
415	1.816006e+00
416	1.816430e+00
417	1.816911e+00
418	1.817441e+00
419	1.818053e+00
420	1.818458e+00
421	1.818916e+00
422	1.819576e+00
423	1.819977e+00
424	1.820193e+00
425	1.820322e+00
426	1.820250e+00
427	1.820111e+00
428	1.819524e+00
429	1.819037e+00
430	1.818436e+00
431	1.818245e+00
432	1.818121e+00
433	1.817756e+00
434	1.817491e+00
435	1.816991e+00
436	1.816659e+00
437	1.816278e+00
438	1.815943e+00
439	1.815702e+00
440	1.814845e+00
441	1.814439e+00
442	1.814083e+00
443	1.813702e+00
444	1.812916e+00
445	1.812490e+00
446	1.811820e+00
447	1.811075e+00
448	1.809965e+00
449	1.809384e+00
450	1.809415e+00
451	1.809865e+00
452	1.810205e+00
453	1.810833e+00
454	1.811714e+00
455	1.812717e+00
456	1.814216e+00
457	1.815877e+00
458	1.817580e+00
459	1.819584e+00
460	1.822175e+00
461	1.825117e+00
462	1.827761e+00
463	1.830550e+00
464	1.833632e+00
465	1.836448e+00
466	1.839383e+00
467	1.842282e+00
468	1.845204e+00
469	1.847966e+00
470	1.850602e+00
471	1.853416e+00
472	1.855869e+00
473	1.858197e+00
474	1.860613e+00
475	1.862885e+00
476	1.865082e+00
477	1.867110e+00
478	1.868660e+00
479	1.870314e+00
480	1.871601e+00
481	1.872558e+00
482	1.873495e+00
483	1.874551e+00
484	1.875586e+00
485	1.876373e+00
486	1.876921e+00
487	1.876933e+00
488	1.877110e+00
489	1.876962e+00
490	1.876823e+00
491	1.876210e+00
492	1.875100e+00
493	1.873279e+00
494	1.871661e+00
495	1.869773e+00
496	1.867421e+00
497	1.865284e+00
498	1.862724e+00
499	1.859886e+00
500	1.856516e+00
501	1.852989e+00
502	1.849301e+00
503	1.845778e+00
504	1.842724e+00
505	1.839911e+00
506	1.837474e+00
507	1.834894e+00
508	1.832270e+00
509	1.829678e+00
510	1.826747e+00
511	1.824103e+00
512	1.821253e+00
513	1.818831e+00
514	1.817022e+00
515	1.815253e+00
516	1.813584e+00
517	1.812258e+00
518	1.811113e+00
519	1.810165e+00
520	1.809645e+00
521	1.809172e+00
522	1.809016e+00
523	1.809064e+00
524	1.809313e+00
525	1.809949e+00
526	1.810973e+00
527	1.812003e+00
528	1.812940e+00
529	1.813947e+00
530	1.815313e+00
531	1.817231e+00
532	1.819579e+00
533	1.821850e+00
534	1.824278e+00
535	1.826851e+00
536	1.829916e+00
537	1.832528e+00
538	1.835053e+00
539	1.837476e+00
540	1.839806e+00
541	1.841583e+00
542	1.843244e+00
543	1.845111e+00
544	1.846716e+00
545	1.848500e+00
546	1.850158e+00
547	1.851816e+00
548	1.853248e+00
549	1.854589e+00
550	1.856054e+00
551	1.857516e+00
552	1.858204e+00
553	1.859028e+00
554	1.859198e+00
555	1.859009e+00
556	1.858508e+00
557	1.857952e+00
558	1.856986e+00
559	1.855486e+00
560	1.854100e+00
561	1.852585e+00
562	1.850593e+00
563	1.848483e+00
564	1.846441e+00
565	1.844375e+00
566	1.842566e+00
567	1.840921e+00
568	1.839704e+00
569	1.838536e+00
570	1.837437e+00
571	1.836370e+00
572	1.835535e+00
573	1.834895e+00
574	1.833946e+00
575	1.833380e+00
576	1.833079e+00
577	1.832996e+00
578	1.832753e+00
579	1.832540e+00
580	1.832440e+00
581	1.832306e+00
582	1.832332e+00
583	1.832334e+00
584	1.832410e+00
585	1.832699e+00
586	1.833117e+00
587	1.833958e+00
588	1.834900e+00
589	1.835751e+00
590	1.836919e+00
591	1.838552e+00
592	1.840391e+00
593	1.842271e+00
594	1.844129e+00
595	1.845782e+00
596	1.847071e+00
597	1.848158e+00
598	1.849319e+00
599	1.850291e+00
600	1.850659e+00
601	1.850884e+00
602	1.851066e+00
603	1.851094e+00
604	1.850502e+00
605	1.849827e+00
606	1.849281e+00
607	1.848667e+00
608	1.847929e+00
609	1.847226e+00
610	1.845958e+00
611	1.844844e+00
612	1.843921e+00
613	1.843015e+00
614	1.842192e+00
615	1.841400e+00
616	1.840562e+00
617	1.839887e+00
618	1.839219e+00
619	1.838526e+00
620	1.837731e+00
621	1.836764e+00
622	1.835804e+00
623	1.834577e+00
624	1.833108e+00
625	1.831194e+00
626	1.829696e+00
627	1.828181e+00
628	1.826220e+00
629	1.824394e+00
630	1.823103e+00
631	1.822088e+00
632	1.821329e+00
633	1.820568e+00
634	1.820453e+00
635	1.820396e+00
636	1.820562e+00
637	1.820878e+00
638	1.821658e+00
639	1.822456e+00
640	1.823313e+00
641	1.824100e+00
642	1.824971e+00
643	1.825658e+00
644	1.826325e+00
645	1.826938e+00
646	1.827690e+00
647	1.827909e+00
648	1.827953e+00
649	1.827810e+00
650	1.827563e+00
651	1.827374e+00
652	1.826608e+00
653	1.825846e+00
654	1.825151e+00
655	1.824681e+00
656	1.824152e+00
657	1.824138e+00
658	1.824538e+00
659	1.825323e+00
660	1.826499e+00
661	1.827655e+00
662	1.829237e+00
663	1.830515e+00
664	1.831711e+00
665	1.832507e+00
666	1.833263e+00
667	1.833853e+00
668	1.834193e+00
669	1.834660e+00
670	1.834991e+00
671	1.835097e+00
672	1.834940e+00
673	1.834750e+00
674	1.834281e+00
675	1.834022e+00
676	1.833985e+00
677	1.834015e+00
678	1.833994e+00
679	1.834315e+00
680	1.834929e+00
681	1.835674e+00
682	1.836650e+00
683	1.837436e+00
684	1.838819e+00
685	1.840052e+00
686	1.841332e+00
687	1.842392e+00
688	1.843300e+00
689	1.843929e+00
690	1.844284e+00
691	1.844622e+00
692	1.844420e+00
693	1.843988e+00
694	1.843682e+00
695	1.843587e+00
696	1.843105e+00
697	1.842813e+00
698	1.842799e+00
699	1.843098e+00
700	1.843948e+00
701	1.844813e+00
702	1.845931e+00
703	1.847024e+00
704	1.848891e+00
705	1.851090e+00
706	1.853111e+00
707	1.855254e+00
708	1.856835e+00
709	1.858339e+00
710	1.859157e+00
711	1.859541e+00
712	1.859423e+00
713	1.858899e+00
714	1.858009e+00
715	1.856846e+00
716	1.855489e+00
717	1.854228e+00
718	1.852756e+00
719	1.851563e+00
720	1.850329e+00
721	1.849094e+00
722	1.848079e+00
723	1.847160e+00
724	1.846530e+00
725	1.846196e+00
726	1.846561e+00
727	1.847023e+00
728	1.847084e+00
729	1.847162e+00
730	1.847559e+00
731	1.848041e+00
732	1.848599e+00
733	1.849010e+00
734	1.849336e+00
735	1.849990e+00
736	1.850297e+00
737	1.850359e+00
738	1.850335e+00
739	1.850112e+00
740	1.850062e+00
741	1.849870e+00
742	1.849815e+00
743	1.849832e+00
744	1.849342e+00
745	1.849165e+00
746	1.849343e+00
747	1.849892e+00
748	1.850694e+00
749	1.851131e+00
750	1.851876e+00
751	1.852465e+00
752	1.853011e+00
753	1.853130e+00
754	1.853194e+00
755	1.852862e+00
756	1.852378e+00
757	1.851754e+00
758	1.850551e+00
759	1.848959e+00
760	1.847506e+00
761	1.845683e+00
762	1.844019e+00
763	1.842507e+00
764	1.841201e+00
765	1.840250e+00
766	1.839440e+00
767	1.839044e+00
768	1.838422e+00
769	1.838028e+00
770	1.837944e+00
771	1.837829e+00
772	1.837986e+00
773	1.838360e+00
774	1.838570e+00
775	1.838866e+00
776	1.838852e+00
777	1.838635e+00
778	1.837971e+00
779	1.837198e+00
780	1.835996e+00
781	1.834142e+00
782	1.832189e+00
783	1.830098e+00
784	1.827876e+00
785	1.825623e+00
786	1.823383e+00
787	1.821432e+00
788	1.819344e+00
789	1.817861e+00
790	1.816874e+00
791	1.816534e+00
792	1.816411e+00
793	1.816717e+00
794	1.817391e+00
795	1.817967e+00
796	1.818617e+00
797	1.819016e+00
798	1.819701e+00
799	1.820263e+00
800	1.820664e+00
801	1.821009e+00
802	1.820791e+00
803	1.820167e+00
804	1.819280e+00
805	1.818722e+00
806	1.818341e+00
807	1.818414e+00
808	1.818531e+00
809	1.818884e+00
810	1.819640e+00
811	1.820675e+00
812	1.822149e+00
813	1.824077e+00
814	1.826105e+00
815	1.828745e+00
816	1.831452e+00
817	1.834066e+00
818	1.836571e+00
819	1.838781e+00
820	1.840604e+00
821	1.842161e+00
822	1.843210e+00
823	1.843737e+00
824	1.843945e+00
825	1.843616e+00
826	1.843080e+00
827	1.842927e+00
828	1.842628e+00
829	1.842032e+00
830	1.841336e+00
831	1.840551e+00
832	1.839985e+00
833	1.839754e+00
834	1.839388e+00
835	1.839212e+00
836	1.839040e+00
837	1.838976e+00
838	1.839261e+00
839	1.839746e+00
840	1.840406e+00
841	1.841082e+00
842	1.841719e+00
843	1.842121e+00
844	1.842417e+00
845	1.842908e+00
846	1.843259e+00
847	1.843502e+00
848	1.843412e+00
849	1.843098e+00
850	1.842766e+00
851	1.842598e+00
852	1.842732e+00
853	1.842729e+00
854	1.842808e+00
855	1.843122e+00
856	1.843412e+00
857	1.843844e+00
858	1.844615e+00
859	1.845833e+00
860	1.847650e+00
861	1.849933e+00
862	1.852815e+00
863	1.855725e+00
864	1.858533e+00
865	1.861347e+00
866	1.864401e+00
867	1.867139e+00
868	1.869600e+00
869	1.871426e+00
870	1.872609e+00
871	1.873483e+00
872	1.873910e+00
873	1.873857e+00
874	1.873876e+00
875	1.873960e+00
876	1.873540e+00
877	1.873015e+00
878	1.872564e+00
879	1.871583e+00
880	1.870165e+00
881	1.868408e+00
882	1.866844e+00
883	1.864723e+00
884	1.862409e+00
885	1.860202e+00
886	1.857895e+00
887	1.855291e+00
888	1.852466e+00
889	1.849448e+00
890	1.846322e+00
891	1.842757e+00
892	1.838860e+00
893	1.834402e+00
894	1.829958e+00
895	1.825275e+00
896	1.820876e+00
897	1.816582e+00
898	1.812535e+00
899	1.808389e+00
900	1.804440e+00
901	1.800803e+00
902	1.797700e+00
903	1.794744e+00
904	1.792053e+00
905	1.789598e+00
906	1.787956e+00
907	1.786754e+00
908	1.785985e+00
909	1.785410e+00
910	1.785504e+00
911	1.785795e+00
912	1.786395e+00
913	1.787174e+00
914	1.787902e+00
915	1.788619e+00
916	1.789696e+00
917	1.790790e+00
918	1.792024e+00
919	1.793247e+00
920	1.794747e+00
921	1.796453e+00
922	1.798109e+00
923	1.799962e+00
924	1.802043e+00
925	1.804444e+00
926	1.806881e+00
927	1.810350e+00
928	1.814310e+00
929	1.819014e+00
930	1.824238e+00
931	1.829860e+00
932	1.835891e+00
933	1.842069e+00
934	1.848240e+00
935	1.854577e+00
936	1.860677e+00
937	1.866617e+00
938	1.872234e+00
939	1.877487e+00
940	1.882229e+00
941	1.886129e+00
942	1.889369e+00
943	1.892565e+00
944	1.895815e+00
945	1.898666e+00
946	1.901506e+00
947	1.904813e+00
948	1.908046e+00
949	1.911328e+00
950	1.914845e+00
951	1.918435e+00
952	1.922069e+00
953	1.925520e+00
954	1.928918e+00
955	1.931676e+00
956	1.933998e+00
957	1.935950e+00
958	1.937496e+00
959	1.938423e+00
960	1.938626e+00
961	1.938375e+00
962	1.937506e+00
963	1.936365e+00
964	1.935116e+00
965	1.933337e+00
966	1.931459e+00
967	1.929108e+00
968	1.926183e+00
969	1.923059e+00
970	1.919783e+00
971	1.916846e+00
972	1.914054e+00
973	1.910990e+00
974	1.908039e+00
975	1.905094e+00
976	1.901963e+00
977	1.898926e+00
978	1.895933e+00
979	1.892748e+00
980	1.889426e+00
981	1.885744e+00
982	1.881257e+00
983	1.876192e+00
984	1.870405e+00
985	1.864367e+00
986	1.858321e+00
987	1.851922e+00
988	1.845677e+00
989	1.839875e+00
990	1.834118e+00
991	1.828554e+00
992	1.823815e+00
993	1.819767e+00
994	1.816379e+00
995	1.813680e+00
996	1.811686e+00
997	1.810323e+00
998	1.809315e+00
999	1.808985e+00
1000	1.809080e+00
1001	1.809602e+00
1002	1.810518e+00
1003	1.811087e+00
1004	1.811680e+00
1005	1.811988e+00
1006	1.812187e+00
1007	1.812481e+00
1008	1.812349e+00
1009	1.811935e+00
1010	1.811243e+00
1011	1.810300e+00
1012	1.809884e+00
1013	1.809823e+00
1014	1.810393e+00
1015	1.811431e+00
1016	1.813264e+00
1017	1.815534e+00
1018	1.818177e+00
1019	1.821544e+00
1020	1.825209e+00
1021	1.829252e+00
1022	1.833478e+00
1023	1.838106e+00
1024	1.843049e+00
1025	1.848146e+00
1026	1.852676e+00
1027	1.856614e+00
1028	1.860349e+00
1029	1.863553e+00
1030	1.865918e+00
1031	1.867794e+00
1032	1.869320e+00
1033	1.870453e+00
1034	1.870996e+00
1035	1.871335e+00
1036	1.871520e+00
1037	1.871606e+00
1038	1.871630e+00
1039	1.871884e+00
1040	1.872122e+00
1041	1.872944e+00
1042	1.873608e+00
1043	1.874509e+00
1044	1.875377e+00
1045	1.877008e+00
1046	1.878563e+00
1047	1.880426e+00
1048	1.882441e+00
1049	1.884372e+00
1050	1.885861e+00
1051	1.886815e+00
1052	1.887232e+00
1053	1.887023e+00
1054	1.886225e+00
1055	1.884901e+00
1056	1.883356e+00
1057	1.881545e+00
1058	1.879381e+00
1059	1.877202e+00
1060	1.875176e+00
1061	1.873427e+00
1062	1.872078e+00
1063	1.871174e+00
1064	1.870553e+00
1065	1.870276e+00
1066	1.870249e+00
1067	1.870206e+00
1068	1.870272e+00
1069	1.870621e+00
1070	1.871262e+00
1071	1.871729e+00
1072	1.872268e+00
1073	1.872508e+00
1074	1.872131e+00
1075	1.871135e+00
1076	1.869670e+00
1077	1.867967e+00
1078	1.865676e+00
1079	1.863070e+00
1080	1.859886e+00
1081	1.856637e+00
1082	1.852936e+00
1083	1.848694e+00
1084	1.844476e+00
1085	1.840107e+00
1086	1.836141e+00
1087	1.832444e+00
1088	1.828850e+00
1089	1.826016e+00
1090	1.823371e+00
1091	1.821048e+00
1092	1.818987e+00
1093	1.817039e+00
1094	1.815340e+00
1095	1.813740e+00
1096	1.812229e+00
1097	1.810265e+00
1098	1.808108e+00
1099	1.805915e+00
1100	1.803754e+00
1101	1.801304e+00
1102	1.798418e+00
1103	1.795552e+00
1104	1.792730e+00
1105	1.790054e+00
1106	1.787557e+00
1107	1.785443e+00
1108	1.783855e+00
1109	1.782572e+00
1110	1.782153e+00
1111	1.782495e+00
1112	1.783939e+00
1113	1.786018e+00
1114	1.788751e+00
1115	1.791967e+00
1116	1.795436e+00
1117	1.799307e+00
1118	1.803639e+00
1119	1.808749e+00
1120	1.813608e+00
1121	1.818499e+00
1122	1.823528e+00
1123	1.828349e+00
1124	1.833002e+00
1125	1.837541e+00
1126	1.841926e+00
1127	1.845819e+00
1128	1.849658e+00
1129	1.853562e+00
1130	1.857350e+00
1131	1.860733e+00
1132	1.863836e+00
1133	1.867109e+00
1134	1.870648e+00
1135	1.874627e+00
1136	1.878999e+00
1137	1.883438e+00
1138	1.887820e+00
1139	1.891949e+00
1140	1.896163e+00
1141	1.900038e+00
1142	1.903788e+00
1143	1.906748e+00
1144	1.909336e+00
1145	1.911019e+00
1146	1.912426e+00
1147	1.913150e+00
1148	1.913056e+00
1149	1.912049e+00
1150	1.910926e+00
1151	1.909456e+00
1152	1.907589e+00
1153	1.905095e+00
1154	1.902225e+00
1155	1.899052e+00
1156	1.895472e+00
1157	1.891716e+00
1158	1.888068e+00
1159	1.884512e+00
1160	1.881017e+00
1161	1.877607e+00
1162	1.874367e+00
1163	1.871236e+00
1164	1.868152e+00
1165	1.864857e+00
1166	1.861290e+00
1167	1.857915e+00
1168	1.854348e+00
1169	1.850530e+00
1170	1.846476e+00
1171	1.842230e+00
1172	1.837808e+00
1173	1.833349e+00
1174	1.828716e+00
1175	1.824058e+00
1176	1.819788e+00
1177	1.815748e+00
1178	1.811946e+00
1179	1.808609e+00
1180	1.805504e+00
1181	1.802992e+00
1182	1.801140e+00
1183	1.799492e+00
1184	1.798221e+00
1185	1.797256e+00
1186	1.796170e+00
1187	1.795407e+00
1188	1.794532e+00
1189	1.793609e+00
1190	1.792768e+00
1191	1.791868e+00
1192	1.790846e+00
1193	1.789503e+00
1194	1.788223e+00
1195	1.786423e+00
1196	1.785129e+00
1197	1.783653e+00
1198	1.782180e+00
1199	1.781275e+00
1200	1.781045e+00
1201	1.781348e+00
1202	1.782017e+00
1203	1.782812e+00
1204	1.783990e+00
1205	1.785783e+00
1206	1.788173e+00
1207	1.790666e+00
1208	1.793279e+00
1209	1.796144e+00
1210	1.798991e+00
1211	1.801927e+00
1212	1.804948e+00
1213	1.807857e+00
1214	1.810698e+00
1215	1.813208e+00
1216	1.815686e+00
1217	1.818049e+00
1218	1.820199e+00
1219	1.822269e+00
1220	1.824264e+00
1221	1.826459e+00
1222	1.828857e+00
1223	1.831779e+00
1224	1.835383e+00
1225	1.839360e+00
1226	1.843465e+00
1227	1.847896e+00
1228	1.852747e+00
1229	1.857791e+00
1230	1.862892e+00
1231	1.867993e+00
1232	1.872766e+00
1233	1.877451e+00
1234	1.882026e+00
1235	1.885734e+00
1236	1.888902e+00
1237	1.892020e+00
1238	1.894916e+00
1239	1.897327e+00
1240	1.899283e+00
1241	1.900992e+00
1242	1.902116e+00
1243	1.902643e+00
1244	1.903211e+00
1245	1.903698e+00
1246	1.904412e+00
1247	1.905259e+00
1248	1.905648e+00
1249	1.905745e+00
1250	1.905258e+00
1251	1.904687e+00
1252	1.903985e+00
1253	1.902689e+00
1254	1.900809e+00
1255	1.898391e+00
1256	1.895555e+00
1257	1.892446e+00
1258	1.888781e+00
1259	1.884712e+00
1260	1.880382e+00
1261	1.875577e+00
1262	1.870697e+00
1263	1.865917e+00
1264	1.861104e+00
1265	1.856135e+00
1266	1.851454e+00
1267	1.846967e+00
1268	1.842678e+00
1269	1.839064e+00
1270	1.835849e+00
1271	1.832875e+00
1272	1.830215e+00
1273	1.827405e+00
1274	1.824854e+00
1275	1.822778e+00
1276	1.820816e+00
1277	1.819030e+00
1278	1.817331e+00
1279	1.815617e+00
1280	1.813783e+00
1281	1.811907e+00
1282	1.810112e+00
1283	1.808114e+00
1284	1.806424e+00
1285	1.805295e+00
1286	1.804664e+00
1287	1.804119e+00
1288	1.803733e+00
1289	1.803727e+00
1290	1.804057e+00
1291	1.804940e+00
1292	1.806013e+00
1293	1.807422e+00
1294	1.809149e+00
1295	1.811293e+00
1296	1.813404e+00
1297	1.815920e+00
1298	1.818474e+00
1299	1.820929e+00
1300	1.823198e+00
1301	1.825314e+00
1302	1.826935e+00
1303	1.828361e+00
1304	1.829549e+00
1305	1.830901e+00
1306	1.831993e+00
1307	1.832794e+00
1308	1.833584e+00
1309	1.834632e+00
1310	1.835920e+00
1311	1.837183e+00
1312	1.838417e+00
1313	1.839461e+00
1314	1.840324e+00
1315	1.841441e+00
1316	1.843285e+00
1317	1.845304e+00
1318	1.847172e+00
1319	1.848936e+00
1320	1.850267e+00
1321	1.851377e+00
1322	1.852092e+00
1323	1.852359e+00
1324	1.852392e+00
1325	1.852600e+00
1326	1.852880e+00
1327	1.853490e+00
1328	1.854034e+00
1329	1.854190e+00
1330	1.854457e+00
1331	1.855007e+00
1332	1.856026e+00
1333	1.857040e+00
1334	1.858117e+00
1335	1.859249e+00
1336	1.860684e+00
1337	1.861885e+00
1338	1.862949e+00
1339	1.863823e+00
1340	1.864766e+00
1341	1.865667e+00
1342	1.866498e+00
1343	1.867057e+00
1344	1.867485e+00
1345	1.867291e+00
1346	1.866994e+00
1347	1.865977e+00
1348	1.864314e+00
1349	1.862319e+00
1350	1.860151e+00
1351	1.857870e+00
1352	1.855532e+00
1353	1.853145e+00
1354	1.850681e+00
1355	1.847941e+00
1356	1.845424e+00
1357	1.842654e+00
1358	1.840154e+00
1359	1.837337e+00
1360	1.834389e+00
1361	1.831492e+00
1362	1.828620e+00
1363	1.825724e+00
1364	1.822898e+00
1365	1.820279e+00
1366	1.817850e+00
1367	1.815366e+00
1368	1.812677e+00
1369	1.810166e+00
1370	1.808033e+00
1371	1.805646e+00
1372	1.803418e+00
1373	1.801389e+00
1374	1.799555e+00
1375	1.797836e+00
1376	1.796495e+00
1377	1.795939e+00
1378	1.795606e+00
1379	1.795860e+00
1380	1.796493e+00
1381	1.797241e+00
1382	1.798172e+00
1383	1.799255e+00
1384	1.800954e+00
1385	1.802888e+00
1386	1.804612e+00
1387	1.806433e+00
1388	1.808411e+00
1389	1.810444e+00
1390	1.812397e+00
1391	1.814486e+00
1392	1.816747e+00
1393	1.819285e+00
1394	1.822129e+00
1395	1.825366e+00
1396	1.828738e+00
1397	1.831984e+00
1398	1.835107e+00
1399	1.837974e+00
1400	1.840495e+00
1401	1.843226e+00
1402	1.845831e+00
1403	1.848104e+00
1404	1.849749e+00
1405	1.850783e+00
1406	1.851833e+00
1407	1.852344e+00
1408	1.852721e+00
1409	1.852836e+00
1410	1.852567e+00
1411	1.851931e+00
1412	1.851037e+00
1413	1.849387e+00
1414	1.847031e+00
1415	1.844637e+00
1416	1.842279e+00
1417	1.839885e+00
1418	1.837396e+00
1419	1.834893e+00
1420	1.831836e+00
1421	1.828688e+00
1422	1.825207e+00
1423	1.821786e+00
1424	1.818711e+00
1425	1.816581e+00
1426	1.814351e+00
1427	1.812315e+00
1428	1.810149e+00
1429	1.808186e+00
1430	1.806011e+00
1431	1.804124e+00
1432	1.802702e+00
1433	1.801208e+00
1434	1.799982e+00
1435	1.798992e+00
1436	1.798490e+00
1437	1.798030e+00
1438	1.797974e+00
1439	1.798098e+00
1440	1.798783e+00
1441	1.799613e+00
1442	1.800794e+00
1443	1.802317e+00
1444	1.804114e+00
1445	1.806230e+00
1446	1.808868e+00
1447	1.811425e+00
1448	1.814279e+00
1449	1.817456e+00
1450	1.820962e+00
1451	1.824035e+00
1452	1.827211e+00
1453	1.830362e+00
1454	1.833262e+00
1455	1.835962e+00
1456	1.838587e+00
1457	1.840909e+00
1458	1.843215e+00
1459	1.845469e+00
1460	1.847497e+00
1461	1.849499e+00
1462	1.851186e+00
1463	1.852634e+00
1464	1.853775e+00
1465	1.854743e+00
1466	1.855716e+00
1467	1.856375e+00
1468	1.857047e+00
1469	1.857843e+00
1470	1.858619e+00
1471	1.859424e+00
1472	1.860690e+00
1473	1.862153e+00
1474	1.863099e+00
1475	1.863634e+00
1476	1.863960e+00
1477	1.863863e+00
1478	1.863827e+00
1479	1.863809e+00
1480	1.863476e+00
1481	1.862931e+00
1482	1.862178e+00
1483	1.861562e+00
1484	1.860762e+00
1485	1.860420e+00
1486	1.860088e+00
1487	1.859747e+00
1488	1.859193e+00
1489	1.858925e+00
1490	1.859089e+00
1491	1.858758e+00
1492	1.858796e+00
1493	1.859230e+00
1494	1.859807e+00
1495	1.860489e+00
1496	1.861197e+00
1497	1.861678e+00
1498	1.861956e+00
1499	1.862105e+00
1500	1.861975e+00
1501	1.861526e+00
1502	1.861060e+00
1503	1.860716e+00
1504	1.860175e+00
1505	1.859453e+00
1506	1.858675e+00
1507	1.857696e+00
1508	1.856425e+00
1509	1.854767e+00
1510	1.852920e+00
1511	1.851345e+00
1512	1.850101e+00
1513	1.848682e+00
1514	1.847245e+00
1515	1.845908e+00
1516	1.844705e+00
1517	1.843740e+00
1518	1.842658e+00
1519	1.841454e+00
1520	1.840035e+00
1521	1.838752e+00
1522	1.837502e+00
1523	1.836041e+00
1524	1.834148e+00
1525	1.832373e+00
1526	1.830383e+00
1527	1.828155e+00
1528	1.825862e+00
1529	1.823792e+00
1530	1.822150e+00
1531	1.820951e+00
1532	1.820173e+00
1533	1.819723e+00
1534	1.819418e+00
1535	1.819381e+00
1536	1.819147e+00
1537	1.818990e+00
1538	1.819110e+00
1539	1.819137e+00
1540	1.819431e+00
1541	1.819986e+00
1542	1.820374e+00
1543	1.820499e+00
1544	1.820586e+00
1545	1.820559e+00
1546	1.820616e+00
1547	1.820950e+00
1548	1.821540e+00
1549	1.822382e+00
1550	1.823343e+00
1551	1.824150e+00
1552	1.825104e+00
1553	1.825947e+00
1554	1.826641e+00
1555	1.827768e+00
1556	1.829312e+00
1557	1.830843e+00
1558	1.832737e+00
1559	1.834996e+00
1560	1.837320e+00
1561	1.839883e+00
1562	1.842355e+00
1563	1.844286e+00
1564	1.846641e+00
1565	1.848438e+00
1566	1.850187e+00
1567	1.851583e+00
1568	1.852584e+00
1569	1.853647e+00
1570	1.854389e+00
1571	1.855064e+00
1572	1.855627e+00
1573	1.855684e+00
1574	1.855535e+00
1575	1.855033e+00
1576	1.854311e+00
1577	1.853696e+00
1578	1.853159e+00
1579	1.852627e+00
1580	1.852180e+00
1581	1.851807e+00
1582	1.851504e+00
1583	1.851159e+00
1584	1.850955e+00
1585	1.850723e+00
1586	1.850401e+00
1587	1.850041e+00
1588	1.849694e+00
1589	1.849363e+00
1590	1.848743e+00
1591	1.848342e+00
1592	1.847818e+00
1593	1.847049e+00
1594	1.845848e+00
1595	1.844348e+00
1596	1.842680e+00
1597	1.840758e+00
1598	1.838819e+00
1599	1.837035e+00
1600	1.835175e+00
1601	1.833491e+00
1602	1.831971e+00
1603	1.831043e+00
1604	1.830292e+00
1605	1.829636e+00
1606	1.828734e+00
1607	1.827922e+00
1608	1.827430e+00
1609	1.827090e+00
1610	1.827342e+00
1611	1.827702e+00
1612	1.828027e+00
1613	1.828361e+00
1614	1.828899e+00
1615	1.829515e+00
1616	1.830225e+00
1617	1.830822e+00
1618	1.831540e+00
1619	1.832126e+00
1620	1.832415e+00
1621	1.832723e+00
1622	1.832991e+00
1623	1.833586e+00
1624	1.834415e+00
1625	1.835517e+00
1626	1.837324e+00
1627	1.839222e+00
1628	1.841251e+00
1629	1.843041e+00
1630	1.845227e+00
1631	1.847719e+00
1632	1.850506e+00
1633	1.853398e+00
1634	1.855833e+00
1635	1.858385e+00
1636	1.860644e+00
1637	1.863045e+00
1638	1.865143e+00
1639	1.867272e+00
1640	1.868902e+00
1641	1.870055e+00
1642	1.871399e+00
1643	1.872311e+00
1644	1.872665e+00
1645	1.872797e+00
1646	1.872769e+00
1647	1.872814e+00
1648	1.872941e+00
1649	1.872437e+00
1650	1.872193e+00
1651	1.872089e+00
1652	1.871725e+00
1653	1.871218e+00
1654	1.870109e+00
1655	1.868938e+00
1656	1.867792e+00
1657	1.866385e+00
1658	1.864963e+00
1659	1.863086e+00
1660	1.860579e+00
1661	1.857906e+00
1662	1.854812e+00
1663	1.851580e+00
1664	1.848018e+00
1665	1.844255e+00
1666	1.840444e+00
1667	1.836467e+00
1668	1.832178e+00
1669	1.828061e+00
1670	1.823750e+00
1671	1.819473e+00
1672	1.815409e+00
1673	1.811287e+00
1674	1.807954e+00
1675	1.804152e+00
1676	1.800587e+00
1677	1.797096e+00
1678	1.793808e+00
1679	1.790848e+00
1680	1.788355e+00
1681	1.786521e+00
1682	1.785125e+00
1683	1.784062e+00
1684	1.783276e+00
1685	1.782946e+00
1686	1.783060e+00
1687	1.783830e+00
1688	1.785000e+00
1689	1.786222e+00
1690	1.787721e+00
1691	1.789546e+00
1692	1.791507e+00
1693	1.793535e+00
1694	1.795791e+00
1695	1.798467e+00
1696	1.801669e+00
1697	1.805019e+00
1698	1.808397e+00
1699	1.812337e+00
1700	1.816916e+00
1701	1.821483e+00
1702	1.826490e+00
1703	1.832166e+00
1704	1.838428e+00
1705	1.845005e+00
1706	1.851686e+00
1707	1.858398e+00
1708	1.864997e+00
1709	1.871319e+00
1710	1.877318e+00
1711	1.882969e+00
1712	1.888385e+00
1713	1.893589e+00
1714	1.898461e+00
1715	1.903195e+00
1716	1.907748e+00
1717	1.912284e+00
1718	1.916781e+00
1719	1.921230e+00
1720	1.925752e+00
1721	1.930364e+00
1722	1.934802e+00
1723	1.938850e+00
1724	1.942418e+00
1725	1.945836e+00
1726	1.949246e+00
1727	1.952379e+00
1728	1.955044e+00
1729	1.957192e+00
1730	1.958709e+00
1731	1.959858e+00
1732	1.960633e+00
1733	1.960553e+00
1734	1.959781e+00
1735	1.958577e+00
1736	1.956787e+00
1737	1.954619e+00
1738	1.952555e+00
1739	1.950257e+00
1740	1.947672e+00
1741	1.945039e+00
1742	1.942405e+00
1743	1.939988e+00
1744	1.937390e+00
1745	1.934800e+00
1746	1.932104e+00
1747	1.929327e+00
1748	1.926202e+00
1749	1.922791e+00
1750	1.919235e+00
1751	1.915501e+00
1752	1.911401e+00
1753	1.906895e+00
1754	1.902081e+00
1755	1.897389e+00
1756	1.892299e+00
1757	1.886789e+00
1758	1.880897e+00
1759	1.874601e+00
1760	1.868213e+00
1761	1.861718e+00
1762	1.855187e+00
1763	1.848871e+00
1764	1.842287e+00
1765	1.835961e+00
1766	1.829962e+00
1767	1.824205e+00
1768	1.818367e+00
1769	1.812942e+00
1770	1.807680e+00
1771	1.802687e+00
1772	1.797863e+00
1773	1.793187e+00
1774	1.788745e+00
1775	1.784497e+00
1776	1.780930e+00
1777	1.777509e+00
1778	1.774055e+00
1779	1.770234e+00
1780	1.766659e+00
1781	1.763063e+00
1782	1.759868e+00
1783	1.757261e+00
1784	1.755651e+00
1785	1.754674e+00
1786	1.754379e+00
1787	1.754836e+00
1788	1.756332e+00
1789	1.759002e+00
1790	1.762319e+00
1791	1.766416e+00
1792	1.770852e+00
1793	1.775407e+00
1794	1.780236e+00
1795	1.785476e+00
1796	1.790714e+00
1797	1.795718e+00
1798	1.800652e+00
1799	1.805344e+00
1800	1.809877e+00
1801	1.814315e+00
1802	1.818802e+00
1803	1.822875e+00
1804	1.826843e+00
1805	1.830456e+00
1806	1.833810e+00
1807	1.837274e+00
1808	1.840591e+00
1809	1.844061e+00
1810	1.847696e+00
1811	1.851670e+00
1812	1.855778e+00
1813	1.859814e+00
1814	1.863637e+00
1815	1.867378e+00
1816	1.870984e+00
1817	1.874446e+00
1818	1.877566e+00
1819	1.880252e+00
1820	1.882514e+00
1821	1.884455e+00
1822	1.885931e+00
1823	1.887150e+00
1824	1.888010e+00
1825	1.888318e+00
1826	1.888500e+00
1827	1.888822e+00
1828	1.888633e+00
1829	1.888601e+00
1830	1.888733e+00
1831	1.888975e+00
1832	1.889299e+00
1833	1.889411e+00
1834	1.889536e+00
1835	1.889827e+00
1836	1.890120e+00
1837	1.890590e+00
1838	1.891264e+00
1839	1.891480e+00
1840	1.891449e+00
1841	1.891313e+00
1842	1.890815e+00
1843	1.889850e+00
1844	1.888827e+00
1845	1.887062e+00
1846	1.884706e+00
1847	1.882355e+00
1848	1.879552e+00
1849	1.876183e+00
1850	1.872605e+00
1851	1.868714e+00
1852	1.864978e+00
1853	1.860986e+00
1854	1.857267e+00
1855	1.854023e+00
1856	1.850979e+00
1857	1.847706e+00
1858	1.844362e+00
1859	1.841448e+00
1860	1.839164e+00
1861	1.836521e+00
1862	1.833966e+00
1863	1.831541e+00
1864	1.828784e+00
1865	1.826007e+00
1866	1.822983e+00
1867	1.819851e+00
1868	1.816481e+00
1869	1.813028e+00
1870	1.809237e+00
1871	1.805933e+00
1872	1.802923e+00
1873	1.799972e+00
1874	1.797117e+00
1875	1.794836e+00
1876	1.793299e+00
1877	1.792766e+00
1878	1.793090e+00
1879	1.794148e+00
1880	1.795957e+00
1881	1.798418e+00
1882	1.801566e+00
1883	1.805028e+00
1884	1.809009e+00
1885	1.813483e+00
1886	1.817946e+00
1887	1.822403e+00
1888	1.826857e+00
1889	1.831340e+00
1890	1.835468e+00
1891	1.839415e+00
1892	1.843125e+00
1893	1.846696e+00
1894	1.850084e+00
1895	1.853377e+00
1896	1.856535e+00
1897	1.860018e+00
1898	1.863448e+00
1899	1.866929e+00
1900	1.870498e+00
1901	1.873666e+00
1902	1.876768e+00
1903	1.879757e+00
1904	1.882464e+00
1905	1.884849e+00
1906	1.887031e+00
1907	1.889125e+00
1908	1.890705e+00
1909	1.892147e+00
1910	1.892510e+00
1911	1.892109e+00
1912	1.891306e+00
1913	1.889998e+00
1914	1.888056e+00
1915	1.886022e+00
1916	1.884034e+00
1917	1.882014e+00
1918	1.879331e+00
1919	1.876588e+00
1920	1.874065e+00
1921	1.871689e+00
1922	1.869910e+00
1923	1.868237e+00
1924	1.866594e+00
1925	1.865339e+00
1926	1.864695e+00
1927	1.864028e+00
1928	1.863669e+00
1929	1.863502e+00
1930	1.863619e+00
1931	1.863795e+00
1932	1.863842e+00
1933	1.864028e+00
1934	1.863910e+00
1935	1.863878e+00
1936	1.864030e+00
1937	1.864013e+00
1938	1.864142e+00
1939	1.864631e+00
1940	1.865265e+00
1941	1.866388e+00
1942	1.867566e+00
1943	1.869039e+00
1944	1.870961e+00
1945	1.873021e+00
1946	1.875130e+00
1947	1.877486e+00
1948	1.879746e+00
1949	1.882184e+00
1950	1.884521e+00
1951	1.886641e+00
1952	1.888116e+00
1953	1.889416e+00
1954	1.890153e+00
1955	1.890678e+00
1956	1.890776e+00
1957	1.890211e+00
1958	1.889201e+00
1959	1.887833e+00
1960	1.885978e+00
1961	1.883895e+00
1962	1.881660e+00
1963	1.879118e+00
1964	1.876451e+00
1965	1.873261e+00
1966	1.870277e+00
1967	1.867046e+00
1968	1.863986e+00
1969	1.860982e+00
1970	1.858120e+00
1971	1.855103e+00
1972	1.852022e+00
1973	1.848709e+00
1974	1.845512e+00
1975	1.842622e+00
1976	1.839977e+00
1977	1.837944e+00
1978	1.835975e+00
1979	1.833984e+00
1980	1.831779e+00
1981	1.829596e+00
1982	1.827872e+00
1983	1.826131e+00
1984	1.824857e+00
1985	1.823851e+00
1986	1.823064e+00
1987	1.822606e+00
1988	1.822736e+00
1989	1.823715e+00
1990	1.825105e+00
1991	1.827062e+00
1992	1.829264e+00
1993	1.831711e+00
1994	1.834553e+00
1995	1.837703e+00
1996	1.840997e+00
1997	1.844257e+00
1998	1.847192e+00
1999	1.850134e+00
2000	1.853040e+00
2001	1.855990e+00
2002	1.859120e+00
2003	1.861751e+00
2004	1.864463e+00
2005	1.866853e+00
2006	1.869491e+00
2007	1.871863e+00
2008	1.873948e+00
2009	1.875990e+00
2010	1.877815e+00
2011	1.879435e+00
2012	1.880781e+00
2013	1.881295e+00
2014	1.881465e+00
2015	1.881543e+00
2016	1.881443e+00
2017	1.880846e+00
2018	1.879927e+00
2019	1.878685e+00
2020	1.877329e+00
2021	1.875370e+00
2022	1.873057e+00
2023	1.869921e+00
2024	1.866147e+00
2025	1.861834e+00
2026	1.857172e+00
2027	1.852123e+00
2028	1.847225e+00
2029	1.842187e+00
2030	1.837492e+00
2031	1.832941e+00
2032	1.828686e+00
2033	1.824896e+00
2034	1.821469e+00
2035	1.818286e+00
2036	1.815772e+00
2037	1.813630e+00
2038	1.811825e+00
2039	1.810604e+00
2040	1.809660e+00
2041	1.809486e+00
2042	1.809709e+00
2043	1.810311e+00
2044	1.811471e+00
2045	1.813022e+00
2046	1.814541e+00
2047	1.816113e+00
2048	1.818056e+00
2049	1.820055e+00
2050	1.822215e+00
2051	1.824838e+00
2052	1.827453e+00
2053	1.830199e+00
2054	1.833640e+00
2055	1.837233e+00
2056	1.841160e+00
2057	1.845163e+00
2058	1.848818e+00
2059	1.852423e+00
2060	1.856062e+00
2061	1.859506e+00
2062	1.862990e+00
2063	1.865790e+00
2064	1.868359e+00
2065	1.870614e+00
2066	1.872406e+00
2067	1.873892e+00
2068	1.874888e+00
2069	1.875248e+00
2070	1.875388e+00
2071	1.874933e+00
2072	1.874413e+00
2073	1.873464e+00
2074	1.872642e+00
2075	1.871569e+00
2076	1.870479e+00
2077	1.869159e+00
2078	1.868021e+00
2079	1.866955e+00
2080	1.865657e+00
2081	1.864549e+00
2082	1.863345e+00
2083	1.862023e+00
2084	1.860720e+00
2085	1.859308e+00
2086	1.858468e+00
2087	1.857551e+00
2088	1.856501e+00
2089	1.855263e+00
2090	1.854208e+00
2091	1.853136e+00
2092	1.852347e+00
2093	1.851660e+00
2094	1.850991e+00
2095	1.850456e+00
2096	1.849901e+00
2097	1.849797e+00
2098	1.849857e+00
2099	1.850767e+00
2100	1.852052e+00
2101	1.853878e+00
2102	1.855648e+00
2103	1.857779e+00
2104	1.860275e+00
2105	1.863123e+00
2106	1.866256e+00
2107	1.869215e+00
2108	1.871809e+00
2109	1.874176e+00
2110	1.876489e+00
2111	1.878393e+00
2112	1.880177e+00
2113	1.881471e+00
2114	1.882728e+00
2115	1.883364e+00
2116	1.884057e+00
2117	1.885038e+00
2118	1.885871e+00
2119	1.886027e+00
2120	1.886118e+00
2121	1.886245e+00
2122	1.885889e+00
2123	1.885694e+00
2124	1.885651e+00
2125	1.885150e+00
2126	1.884250e+00
2127	1.883206e+00
2128	1.881769e+00
2129	1.879840e+00
2130	1.877546e+00
2131	1.874793e+00
2132	1.871706e+00
2133	1.868224e+00
2134	1.864729e+00
2135	1.861402e+00
2136	1.858061e+00
2137	1.854825e+00
2138	1.851807e+00
2139	1.848909e+00
2140	1.845888e+00
2141	1.842504e+00
2142	1.839459e+00
2143	1.836560e+00
2144	1.833879e+00
2145	1.831455e+00
2146	1.829197e+00
2147	1.826912e+00
2148	1.825223e+00
2149	1.823810e+00
2150	1.822733e+00
2151	1.822150e+00
2152	1.821486e+00
2153	1.821023e+00
2154	1.820670e+00
2155	1.820588e+00
2156	1.820972e+00
2157	1.821821e+00
2158	1.823205e+00
2159	1.824832e+00
2160	1.826581e+00
2161	1.828436e+00
2162	1.830764e+00
2163	1.833167e+00
2164	1.836002e+00
2165	1.839025e+00
2166	1.842001e+00
2167	1.845043e+00
2168	1.847978e+00
2169	1.850689e+00
2170	1.852844e+00
2171	1.854981e+00
2172	1.856809e+00
2173	1.858976e+00
2174	1.861094e+00
2175	1.862972e+00
2176	1.864900e+00
2177	1.866474e+00
2178	1.867276e+00
2179	1.868058e+00
2180	1.868325e+00
2181	1.868284e+00
2182	1.868039e+00
2183	1.867226e+00
2184	1.865944e+00
2185	1.864730e+00
2186	1.863278e+00
2187	1.861196e+00
2188	1.859004e+00
2189	1.856780e+00
2190	1.854556e+00
2191	1.852752e+00
2192	1.851127e+00
2193	1.849023e+00
2194	1.846488e+00
2195	1.844013e+00
2196	1.841446e+00
2197	1.839199e+00
2198	1.836861e+00
2199	1.834792e+00
2200	1.832856e+00
2201	1.831833e+00
2202	1.830793e+00
2203	1.830026e+00
2204	1.829887e+00
2205	1.830230e+00
2206	1.830810e+00
2207	1.831443e+00
2208	1.832509e+00
2209	1.833455e+00
2210	1.834407e+00
2211	1.835758e+00
2212	1.837431e+00
2213	1.839283e+00
2214	1.841170e+00
2215	1.843274e+00
2216	1.845383e+00
2217	1.847410e+00
2218	1.849639e+00
2219	1.852176e+00
2220	1.854804e+00
2221	1.857777e+00
2222	1.860525e+00
2223	1.863430e+00
2224	1.866552e+00
2225	1.869401e+00
2226	1.872112e+00
2227	1.874909e+00
2228	1.877587e+00
2229	1.880447e+00
2230	1.883522e+00
2231	1.886651e+00
2232	1.889527e+00
2233	1.891975e+00
2234	1.894460e+00
2235	1.896770e+00
2236	1.898873e+00
2237	1.900364e+00
2238	1.901462e+00
2239	1.902506e+00
2240	1.903425e+00
2241	1.904271e+00
2242	1.904924e+00
2243	1.905318e+00
2244	1.905320e+00
2245	1.905181e+00
2246	1.905061e+00
2247	1.904501e+00
2248	1.903872e+00
2249	1.903279e+00
2250	1.902945e+00
2251	1.902820e+00
2252	1.902872e+00
2253	1.902787e+00
2254	1.902377e+00
2255	1.901433e+00
2256	1.900694e+00
2257	1.899455e+00
2258	1.897989e+00
2259	1.896431e+00
2260	1.894513e+00
2261	1.892189e+00
2262	1.890068e+00
2263	1.887750e+00
2264	1.885627e+00
2265	1.883643e+00
2266	1.881769e+00
2267	1.879873e+00
2268	1.877982e+00
2269	1.876154e+00
2270	1.874101e+00
2271	1.872016e+00
2272	1.869909e+00
2273	1.867549e+00
2274	1.865090e+00
2275	1.862017e+00
2276	1.858750e+00
2277	1.855080e+00
2278	1.851512e+00
2279	1.847661e+00
2280	1.844080e+00
2281	1.840430e+00
2282	1.837122e+00
2283	1.833971e+00
2284	1.830734e+00
2285	1.827545e+00
2286	1.824546e+00
2287	1.821223e+00
2288	1.817823e+00
2289	1.814394e+00
2290	1.811638e+00
2291	1.809327e+00
2292	1.807199e+00
2293	1.805533e+00
2294	1.804099e+00
2295	1.802900e+00
2296	1.802229e+00
2297	1.802252e+00
2298	1.802470e+00
2299	1.803215e+00
2300	1.804235e+00
2301	1.805734e+00
2302	1.807242e+00
2303	1.808822e+00
2304	1.811005e+00
2305	1.813698e+00
2306	1.816839e+00
2307	1.820653e+00
2308	1.824646e+00
2309	1.828838e+00
2310	1.833485e+00
2311	1.838246e+00
2312	1.843031e+00
2313	1.847670e+00
2314	1.852675e+00
2315	1.857588e+00
2316	1.862512e+00
2317	1.867767e+00
2318	1.872957e+00
2319	1.878036e+00
2320	1.882642e+00
2321	1.886712e+00
2322	1.890598e+00
2323	1.893824e+00
2324	1.896706e+00
2325	1.899098e+00
2326	1.901192e+00
2327	1.903129e+00
2328	1.904460e+00
2329	1.905426e+00
2330	1.905902e+00
2331	1.906603e+00
2332	1.906886e+00
2333	1.907223e+00
2334	1.907344e+00
2335	1.907156e+00
2336	1.906973e+00
2337	1.906867e+00
2338	1.906496e+00
2339	1.905890e+00
2340	1.905025e+00
2341	1.904211e+00
2342	1.903181e+00
2343	1.901964e+00
2344	1.900857e+00
2345	1.899464e+00
2346	1.897789e+00
2347	1.895964e+00
2348	1.894054e+00
2349	1.891567e+00
2350	1.888873e+00
2351	1.885503e+00
2352	1.881580e+00
2353	1.877467e+00
2354	1.873449e+00
2355	1.869509e+00
2356	1.865658e+00
2357	1.861930e+00
2358	1.858598e+00
2359	1.855518e+00
2360	1.852984e+00
2361	1.850771e+00
2362	1.848747e+00
2363	1.847056e+00
2364	1.845353e+00
2365	1.843882e+00
2366	1.842713e+00
2367	1.841529e+00
2368	1.840210e+00
2369	1.839196e+00
2370	1.837862e+00
2371	1.836702e+00
2372	1.835747e+00
2373	1.835010e+00
2374	1.834362e+00
2375	1.833754e+00
2376	1.833672e+00
2377	1.833803e+00
2378	1.834328e+00
2379	1.835307e+00
2380	1.836446e+00
2381	1.837746e+00
2382	1.838987e+00
2383	1.840793e+00
2384	1.842643e+00
2385	1.844504e+00
2386	1.846306e+00
2387	1.848439e+00
2388	1.850572e+00
2389	1.852613e+00
2390	1.854723e+00
2391	1.856745e+00
2392	1.859116e+00
2393	1.861352e+00
2394	1.863561e+00
2395	1.865703e+00
2396	1.868007e+00
2397	1.870220e+00
2398	1.872965e+00
2399	1.876079e+00
2400	1.879257e+00
2401	1.882411e+00
2402	1.885576e+00
2403	1.888575e+00
2404	1.891614e+00
2405	1.894707e+00
2406	1.897943e+00
2407	1.900795e+00
2408	1.902919e+00
2409	1.904706e+00
2410	1.905984e+00
2411	1.907018e+00
2412	1.907481e+00
2413	1.908011e+00
2414	1.908227e+00
2415	1.908215e+00
2416	1.908481e+00
2417	1.908393e+00
2418	1.908139e+00
2419	1.907731e+00
2420	1.907086e+00
2421	1.906771e+00
2422	1.906545e+00
2423	1.906666e+00
2424	1.906728e+00
2425	1.907051e+00
2426	1.906927e+00
2427	1.906560e+00
2428	1.905735e+00
2429	1.904557e+00
2430	1.903169e+00
2431	1.901583e+00
2432	1.900075e+00
2433	1.897879e+00
2434	1.895465e+00
2435	1.893115e+00
2436	1.890814e+00
2437	1.888533e+00
2438	1.886361e+00
2439	1.883997e+00
2440	1.881723e+00
2441	1.879860e+00
2442	1.877744e+00
2443	1.875446e+00
2444	1.873082e+00
2445	1.871038e+00
2446	1.868346e+00
2447	1.865733e+00
2448	1.863303e+00
2449	1.861104e+00
2450	1.858741e+00
2451	1.856452e+00
2452	1.854057e+00
2453	1.851769e+00
2454	1.849341e+00
2455	1.846687e+00
2456	1.843915e+00
2457	1.841096e+00
2458	1.838551e+00
2459	1.836231e+00
2460	1.833986e+00
2461	1.832175e+00
2462	1.830823e+00
2463	1.830147e+00
2464	1.829572e+00
2465	1.829573e+00
2466	1.830171e+00
2467	1.831162e+00
2468	1.832485e+00
2469	1.833873e+00
2470	1.835288e+00
2471	1.837145e+00
2472	1.839174e+00
2473	1.841799e+00
2474	1.844717e+00
2475	1.847869e+00
2476	1.851016e+00
2477	1.854062e+00
2478	1.857197e+00
2479	1.860337e+00
2480	1.863685e+00
2481	1.867071e+00
2482	1.870577e+00
2483	1.873793e+00
2484	1.877013e+00
2485	1.880553e+00
2486	1.884020e+00
2487	1.887347e+00
2488	1.890596e+00
2489	1.893866e+00
2490	1.896846e+00
2491	1.899555e+00
2492	1.902321e+00
2493	1.904447e+00
2494	1.905848e+00
2495	1.906720e+00
2496	1.906883e+00
2497	1.906720e+00
2498	1.906058e+00
2499	1.904720e+00
2500	1.903261e+00
2501	1.901239e+00
2502	1.898624e+00
2503	1.895660e+00
2504	1.892049e+00
2505	1.888475e+00
2506	1.885187e+00
2507	1.881716e+00
2508	1.878444e+00
2509	1.875168e+00
2510	1.871424e+00
2511	1.867494e+00
2512	1.863596e+00
2513	1.859850e+00
2514	1.856221e+00
2515	1.852324e+00
2516	1.848333e+00
2517	1.844343e+00
2518	1.840552e+00
2519	1.837009e+00
2520	1.833353e+00
2521	1.830020e+00
2522	1.827095e+00
2523	1.824274e+00
2524	1.821666e+00
2525	1.819488e+00
2526	1.817527e+00
2527	1.815651e+00
2528	1.814179e+00
2529	1.813151e+00
2530	1.812562e+00
2531	1.812129e+00
2532	1.812380e+00
2533	1.812785e+00
2534	1.813497e+00
2535	1.814561e+00
2536	1.815983e+00
2537	1.817520e+00
2538	1.819312e+00
2539	1.821354e+00
2540	1.823767e+00
2541	1.826450e+00
2542	1.829004e+00
2543	1.831670e+00
2544	1.834322e+00
2545	1.836872e+00
2546	1.839106e+00
2547	1.841418e+00
2548	1.843865e+00
2549	1.846239e+00
2550	1.848394e+00
2551	1.850600e+00
2552	1.852516e+00
2553	1.854328e+00
2554	1.855801e+00
2555	1.856989e+00
2556	1.857857e+00
2557	1.858371e+00
2558	1.858803e+00
2559	1.859301e+00
2560	1.859801e+00
2561	1.859908e+00
2562	1.860050e+00
2563	1.860583e+00
2564	1.861000e+00
2565	1.861576e+00
2566	1.862458e+00
2567	1.863176e+00
2568	1.864050e+00
2569	1.864926e+00
2570	1.865775e+00
2571	1.866469e+00
2572	1.866945e+00
2573	1.867347e+00
2574	1.867842e+00
2575	1.868393e+00
2576	1.868930e+00
2577	1.869555e+00
2578	1.870068e+00
2579	1.870466e+00
2580	1.871247e+00
2581	1.872353e+00
2582	1.873710e+00
2583	1.875043e+00
2584	1.876351e+00
2585	1.878179e+00
2586	1.880513e+00
2587	1.883256e+00
2588	1.886638e+00
2589	1.889996e+00
2590	1.893385e+00
2591	1.896940e+00
2592	1.900398e+00
2593	1.903631e+00
2594	1.906577e+00
2595	1.908994e+00
2596	1.910772e+00
2597	1.912264e+00
2598	1.913162e+00
2599	1.913778e+00
2600	1.914455e+00
2601	1.914638e+00
2602	1.914303e+00
2603	1.913620e+00
2604	1.912403e+00
2605	1.910660e+00
2606	1.908360e+00
2607	1.905579e+00
2608	1.902373e+00
2609	1.898827e+00
2610	1.894711e+00
2611	1.890243e+00
2612	1.885543e+00
2613	1.880449e+00
2614	1.875039e+00
2615	1.869462e+00
2616	1.863866e+00
2617	1.858251e+00
2618	1.852565e+00
2619	1.847182e+00
2620	1.842305e+00
2621	1.837443e+00
2622	1.832744e+00
2623	1.828262e+00
2624	1.823885e+00
2625	1.819273e+00
2626	1.815248e+00
2627	1.811190e+00
2628	1.807697e+00
2629	1.804838e+00
2630	1.802414e+00
2631	1.800355e+00
2632	1.798475e+00
2633	1.797216e+00
2634	1.796281e+00
2635	1.795735e+00
2636	1.795709e+00
2637	1.795950e+00
2638	1.796482e+00
2639	1.797563e+00
2640	1.799055e+00
2641	1.801324e+00
2642	1.803567e+00
2643	1.806061e+00
2644	1.808719e+00
2645	1.811815e+00
2646	1.815047e+00
2647	1.818318e+00
2648	1.821718e+00
2649	1.825392e+00
2650	1.829415e+00
2651	1.833340e+00
2652	1.837499e+00
2653	1.841836e+00
2654	1.846093e+00
2655	1.850249e+00
2656	1.854241e+00
2657	1.858145e+00
2658	1.862019e+00
2659	1.865962e+00
2660	1.870045e+00
2661	1.873616e+00
2662	1.876689e+00
2663	1.879788e+00
2664	1.882325e+00
2665	1.885028e+00
2666	1.887198e+00
2667	1.889044e+00
2668	1.890896e+00
2669	1.892222e+00
2670	1.893475e+00
2671	1.894556e+00
2672	1.895643e+00
2673	1.896597e+00
2674	1.897351e+00
2675	1.898159e+00
2676	1.898945e+00
2677	1.900005e+00
2678	1.901108e+00
2679	1.901647e+00
2680	1.902232e+00
2681	1.902470e+00
2682	1.902322e+00
2683	1.901752e+00
2684	1.901084e+00
2685	1.899803e+00
2686	1.898400e+00
2687	1.897006e+00
2688	1.895165e+00
2689	1.892807e+00
2690	1.890496e+00
2691	1.888292e+00
2692	1.886340e+00
2693	1.884438e+00
2694	1.882269e+00
2695	1.879887e+00
2696	1.877652e+00
2697	1.875354e+00
2698	1.873336e+00
2699	1.871278e+00
2700	1.869436e+00
2701	1.867838e+00
2702	1.866163e+00
2703	1.864318e+00
2704	1.862426e+00
2705	1.860477e+00
2706	1.858469e+00
2707	1.856462e+00
2708	1.854443e+00
2709	1.852456e+00
2710	1.850623e+00
2711	1.848767e+00
2712	1.846897e+00
2713	1.845290e+00
2714	1.843358e+00
2715	1.841686e+00
2716	1.839598e+00
2717	1.837398e+00
2718	1.835445e+00
2719	1.833769e+00
2720	1.832443e+00
2721	1.831490e+00
2722	1.830702e+00
2723	1.829929e+00
2724	1.829245e+00
2725	1.828789e+00
2726	1.828277e+00
2727	1.827970e+00
2728	1.828207e+00
2729	1.828874e+00
2730	1.830109e+00
2731	1.831631e+00
2732	1.833579e+00
2733	1.835897e+00
2734	1.837992e+00
2735	1.840302e+00
2736	1.842665e+00
2737	1.845129e+00
2738	1.847862e+00
2739	1.850524e+00
2740	1.853407e+00
2741	1.856671e+00
2742	1.859972e+00
2743	1.863152e+00
2744	1.866685e+00
2745	1.870525e+00
2746	1.874429e+00
2747	1.878238e+00
2748	1.882020e+00
2749	1.885511e+00
2750	1.889224e+00
2751	1.892380e+00
2752	1.895434e+00
2753	1.898261e+00
2754	1.901009e+00
2755	1.903067e+00
2756	1.904986e+00
2757	1.906979e+00
2758	1.908832e+00
2759	1.910484e+00
2760	1.911508e+00
2761	1.912260e+00
2762	1.912729e+00
2763	1.912630e+00
2764	1.911985e+00
2765	1.911046e+00
2766	1.910062e+00
2767	1.908474e+00
2768	1.906579e+00
2769	1.904544e+00
2770	1.901945e+00
2771	1.899319e+00
2772	1.896041e+00
2773	1.892703e+00
2774	1.889255e+00
2775	1.885815e+00
2776	1.882149e+00
2777	1.878634e+00
2778	1.874775e+00
2779	1.870987e+00
2780	1.867164e+00
2781	1.863498e+00
2782	1.859739e+00
2783	1.855964e+00
2784	1.851630e+00
2785	1.847418e+00
2786	1.843179e+00
2787	1.839165e+00
2788	1.835004e+00
2789	1.831661e+00
2790	1.828336e+00
2791	1.825366e+00
2792	1.822918e+00
2793	1.820895e+00
2794	1.818977e+00
2795	1.817378e+00
2796	1.815964e+00
2797	1.814960e+00
2798	1.813996e+00
2799	1.813194e+00
2800	1.812717e+00
2801	1.812644e+00
2802	1.812973e+00
2803	1.813585e+00
2804	1.814693e+00
2805	1.815799e+00
2806	1.817018e+00
2807	1.818029e+00
2808	1.818811e+00
2809	1.819899e+00
2810	1.821236e+00
2811	1.822626e+00
2812	1.823983e+00
2813	1.825190e+00
2814	1.827100e+00
2815	1.829461e+00
2816	1.831789e+00
2817	1.834170e+00
2818	1.836723e+00
2819	1.839546e+00
2820	1.841941e+00
2821	1.844402e+00
2822	1.846554e+00
2823	1.848339e+00
2824	1.849664e+00
2825	1.850507e+00
2826	1.850807e+00
2827	1.850734e+00
2828	1.850682e+00
2829	1.850722e+00
2830	1.850852e+00
2831	1.850733e+00
2832	1.850907e+00
2833	1.851455e+00
2834	1.851771e+00
2835	1.851764e+00
2836	1.851602e+00
2837	1.851283e+00
2838	1.850786e+00
2839	1.850454e+00
2840	1.850222e+00
2841	1.850190e+00
2842	1.850467e+00
2843	1.850779e+00
2844	1.851282e+00
2845	1.852022e+00
2846	1.853104e+00
2847	1.854367e+00
2848	1.855716e+00
2849	1.856812e+00
2850	1.858198e+00
2851	1.859529e+00
2852	1.861224e+00
2853	1.862716e+00
2854	1.864318e+00
2855	1.865724e+00
2856	1.867111e+00
2857	1.868770e+00
2858	1.870084e+00
2859	1.871307e+00
2860	1.873002e+00
2861	1.875029e+00
2862	1.877032e+00
2863	1.878756e+00
2864	1.880225e+00
2865	1.881404e+00
2866	1.882360e+00
2867	1.883215e+00
2868	1.883745e+00
2869	1.884300e+00
2870	1.884993e+00
2871	1.885505e+00
2872	1.885746e+00
2873	1.886148e+00
2874	1.886510e+00
2875	1.886877e+00
2876	1.887223e+00
2877	1.887457e+00
2878	1.887499e+00
2879	1.887512e+00
2880	1.887501e+00
2881	1.887995e+00
2882	1.888879e+00
2883	1.889888e+00
2884	1.890525e+00
2885	1.891335e+00
2886	1.891762e+00
2887	1.892481e+00
2888	1.893334e+00
2889	1.894114e+00
2890	1.894554e+00
2891	1.894756e+00
2892	1.894611e+00
2893	1.894639e+00
2894	1.894733e+00
2895	1.895045e+00
2896	1.895534e+00
2897	1.895947e+00
2898	1.896462e+00
2899	1.896978e+00
2900	1.897618e+00
2901	1.898163e+00
2902	1.898705e+00
2903	1.898798e+00
2904	1.898691e+00
2905	1.898018e+00
2906	1.897188e+00
2907	1.896267e+00
2908	1.895212e+00
2909	1.894026e+00
2910	1.892518e+00
2911	1.890640e+00
2912	1.887944e+00
2913	1.885086e+00
2914	1.882205e+00
2915	1.879070e+00
2916	1.875859e+00
2917	1.872599e+00
2918	1.868645e+00
2919	1.864956e+00
2920	1.861369e+00
2921	1.857962e+00
2922	1.854395e+00
2923	1.850944e+00
2924	1.847116e+00
2925	1.842979e+00
2926	1.839560e+00
2927	1.836073e+00
2928	1.832215e+00
2929	1.828305e+00
2930	1.824656e+00
2931	1.820779e+00
2932	1.816992e+00
2933	1.813621e+00
2934	1.810528e+00
2935	1.807194e+00
2936	1.803769e+00
2937	1.800501e+00
2938	1.797197e+00
2939	1.793886e+00
2940	1.790804e+00
2941	1.787795e+00
2942	1.784870e+00
2943	1.782252e+00
2944	1.780024e+00
2945	1.778188e+00
2946	1.776985e+00
2947	1.776601e+00
2948	1.776897e+00
2949	1.778008e+00
2950	1.779774e+00
2951	1.782213e+00
2952	1.785127e+00
2953	1.788766e+00
2954	1.793129e+00
2955	1.798075e+00
2956	1.803658e+00
2957	1.809676e+00
2958	1.815951e+00
2959	1.822645e+00
2960	1.829467e+00
2961	1.836490e+00
2962	1.843993e+00
2963	1.851743e+00
2964	1.859379e+00
2965	1.866993e+00
2966	1.874337e+00
2967	1.881457e+00
2968	1.888871e+00
2969	1.896131e+00
2970	1.902851e+00
2971	1.909037e+00
2972	1.914980e+00
2973	1.920470e+00
2974	1.925302e+00
2975	1.929622e+00
2976	1.933427e+00
2977	1.936880e+00
2978	1.939665e+00
2979	1.941479e+00
2980	1.942868e+00
2981	1.943705e+00
2982	1.944177e+00
2983	1.944113e+00
2984	1.943378e+00
2985	1.942076e+00
2986	1.940014e+00
2987	1.938111e+00
2988	1.936201e+00
2989	1.934019e+00
2990	1.931903e+00
2991	1.929724e+00
2992	1.927218e+00
2993	1.924535e+00
2994	1.921722e+00
2995	1.919017e+00
2996	1.916103e+00
2997	1.913205e+00
2998	1.910099e+00
2999	1.907005e+00
3000	1.903244e+00
3001	1.899615e+00
3002	1.896214e+00
3003	1.892858e+00
3004	1.889944e+00
3005	1.887328e+00
3006	1.884658e+00
3007	1.882665e+00
3008	1.880802e+00
3009	1.879234e+00
3010	1.877713e+00
3011	1.876343e+00
3012	1.875283e+00
3013	1.874595e+00
3014	1.873867e+00
3015	1.873115e+00
3016	1.872694e+00
3017	1.872355e+00
3018	1.872122e+00
3019	1.871620e+00
3020	1.871048e+00
3021	1.870430e+00
3022	1.869996e+00
3023	1.869404e+00
3024	1.869116e+00
3025	1.868935e+00
3026	1.868776e+00
3027	1.868216e+00
3028	1.867627e+00
3029	1.867120e+00
3030	1.867003e+00
3031	1.866910e+00
3032	1.866827e+00
3033	1.866597e+00
3034	1.866377e+00
3035	1.866155e+00
3036	1.865744e+00
3037	1.865346e+00
3038	1.865034e+00
3039	1.864855e+00
3040	1.864857e+00
3041	1.865241e+00
3042	1.865073e+00
3043	1.864793e+00
3044	1.864388e+00
3045	1.863766e+00
3046	1.863163e+00
3047	1.862617e+00
3048	1.862133e+00
3049	1.861673e+00
3050	1.861235e+00
3051	1.860808e+00
3052	1.860417e+00
3053	1.860463e+00
3054	1.860618e+00
3055	1.861089e+00
3056	1.861930e+00
3057	1.862913e+00
3058	1.864775e+00
3059	1.866915e+00
3060	1.869047e+00
3061	1.871507e+00
3062	1.873607e+00
3063	1.875770e+00
3064	1.877633e+00
3065	1.878956e+00
3066	1.880142e+00
3067	1.880771e+00
3068	1.881277e+00
3069	1.881431e+00
3070	1.881700e+00
3071	1.881564e+00
3072	1.881144e+00
3073	1.880631e+00
3074	1.879519e+00
3075	1.878258e+00
3076	1.876877e+00
3077	1.875298e+00
3078	1.873732e+00
3079	1.872222e+00
3080	1.870722e+00
3081	1.868948e+00
3082	1.867152e+00
3083	1.865173e+00
3084	1.863282e+00
3085	1.861315e+00
3086	1.859267e+00
3087	1.857182e+00
3088	1.855457e+00
3089	1.853648e+00
3090	1.852002e+00
3091	1.850247e+00
3092	1.848450e+00
3093	1.846424e+00
3094	1.844161e+00
3095	1.842053e+00
3096	1.840023e+00
3097	1.838490e+00
3098	1.836899e+00
3099	1.835826e+00
3100	1.834943e+00
3101	1.834282e+00
3102	1.834071e+00
3103	1.834124e+00
3104	1.834382e+00
3105	1.834623e+00
3106	1.834841e+00
3107	1.835291e+00
3108	1.835813e+00
3109	1.836742e+00
3110	1.837837e+00
3111	1.839299e+00
3112	1.841062e+00
3113	1.843265e+00
3114	1.845674e+00
3115	1.848267e+00
3116	1.850781e+00
3117	1.853392e+00
3118	1.856342e+00
3119	1.859650e+00
3120	1.863064e+00
3121	1.866282e+00
3122	1.869266e+00
3123	1.872159e+00
3124	1.874744e+00
3125	1.877079e+00
3126	1.879270e+00
3127	1.881244e+00
3128	1.882593e+00
3129	1.883524e+00
3130	1.883707e+00
3131	1.883483e+00
3132	1.882763e+00
3133	1.881516e+00
3134	1.880194e+00
3135	1.878724e+00
3136	1.877333e+00
3137	1.875605e+00
3138	1.873473e+00
3139	1.870932e+00
3140	1.868054e+00
3141	1.865415e+00
3142	1.862671e+00
3143	1.859614e+00
3144	1.856203e+00
3145	1.852712e+00
3146	1.849331e+00
3147	1.846213e+00
3148	1.843337e+00
3149	1.840393e+00
3150	1.837519e+00
3151	1.835146e+00
3152	1.832881e+00
3153	1.831065e+00
3154	1.829334e+00
3155	1.828042e+00
3156	1.826907e+00
3157	1.825999e+00
3158	1.825591e+00
3159	1.825281e+00
3160	1.825089e+00
3161	1.825109e+00
3162	1.825153e+00
3163	1.825455e+00
3164	1.825673e+00
3165	1.826327e+00
3166	1.827320e+00
3167	1.828561e+00
3168	1.829786e+00
3169	1.831010e+00
3170	1.832569e+00
3171	1.834403e+00
3172	1.836371e+00
3173	1.839002e+00
3174	1.841698e+00
3175	1.844614e+00
3176	1.847457e+00
3177	1.850361e+00
3178	1.853217e+00
3179	1.856118e+00
3180	1.859123e+00
3181	1.861679e+00
3182	1.864292e+00
3183	1.866695e+00
3184	1.869308e+00
3185	1.871726e+00
3186	1.874090e+00
3187	1.876610e+00
3188	1.878669e+00
3189	1.880648e+00
3190	1.882545e+00
3191	1.884297e+00
3192	1.886154e+00
3193	1.887876e+00
3194	1.889435e+00
3195	1.891154e+00
3196	1.892681e+00
3197	1.894228e+00
3198	1.895904e+00
3199	1.897562e+00
3200	1.898864e+00
3201	1.900439e+00
3202	1.902339e+00
3203	1.904127e+00
3204	1.905798e+00
3205	1.907410e+00
3206	1.909001e+00
3207	1.911071e+00
3208	1.912840e+00
3209	1.914248e+00
3210	1.915666e+00
3211	1.916835e+00
3212	1.917900e+00
3213	1.919295e+00
3214	1.920855e+00
3215	1.922074e+00
3216	1.923221e+00
3217	1.924124e+00
3218	1.924645e+00
3219	1.924494e+00
3220	1.924035e+00
3221	1.923283e+00
3222	1.922418e+00
3223	1.921450e+00
3224	1.919993e+00
3225	1.918382e+00
3226	1.916417e+00
3227	1.913697e+00
3228	1.910841e+00
3229	1.907447e+00
3230	1.903797e+00
3231	1.900149e+00
3232	1.895784e+00
3233	1.891611e+00
3234	1.887147e+00
3235	1.882627e+00
3236	1.878197e+00
3237	1.873503e+00
3238	1.868750e+00
3239	1.863868e+00
3240	1.859085e+00
3241	1.854519e+00
3242	1.850059e+00
3243	1.845438e+00
3244	1.841301e+00
3245	1.836905e+00
3246	1.832565e+00
3247	1.828467e+00
3248	1.823986e+00
3249	1.819632e+00
3250	1.815307e+00
3251	1.810994e+00
3252	1.807097e+00
3253	1.803588e+00
3254	1.800466e+00
3255	1.797527e+00
3256	1.795167e+00
3257	1.793397e+00
3258	1.791753e+00
3259	1.790685e+00
3260	1.790067e+00
3261	1.790039e+00
3262	1.790327e+00
3263	1.790764e+00
3264	1.791806e+00
3265	1.793453e+00
3266	1.795533e+00
3267	1.797796e+00
3268	1.800366e+00
3269	1.802697e+00
3270	1.805531e+00
3271	1.808713e+00
3272	1.811702e+00
3273	1.815086e+00
3274	1.818811e+00
3275	1.822327e+00
3276	1.825794e+00
3277	1.829153e+00
3278	1.832882e+00
3279	1.836634e+00
3280	1.840166e+00
3281	1.843919e+00
3282	1.847777e+00
3283	1.851664e+00
3284	1.855175e+00
3285	1.858537e+00
3286	1.861796e+00
3287	1.865076e+00
3288	1.868388e+00
3289	1.870918e+00
3290	1.873119e+00
3291	1.875026e+00
3292	1.876912e+00
3293	1.878377e+00
3294	1.879933e+00
3295	1.881268e+00
3296	1.882201e+00
3297	1.882977e+00
3298	1.883564e+00
3299	1.884192e+00
3300	1.884656e+00
3301	1.884725e+00
3302	1.884603e+00
3303	1.884851e+00
3304	1.884386e+00
3305	1.884092e+00
3306	1.884286e+00
3307	1.884691e+00
3308	1.885745e+00
3309	1.887148e+00
3310	1.888721e+00
3311	1.890693e+00
3312	1.893030e+00
3313	1.895562e+00
3314	1.898493e+00
3315	1.901389e+00
3316	1.904634e+00
3317	1.907765e+00
3318	1.911256e+00
3319	1.914548e+00
3320	1.918053e+00
3321	1.921596e+00
3322	1.925171e+00
3323	1.929061e+00
3324	1.932671e+00
3325	1.936141e+00
3326	1.939598e+00
3327	1.942634e+00
3328	1.945391e+00
3329	1.948087e+00
3330	1.950503e+00
3331	1.952848e+00
3332	1.954740e+00
3333	1.956286e+00
3334	1.957670e+00
3335	1.958590e+00
3336	1.959214e+00
3337	1.959530e+00
3338	1.959723e+00
3339	1.959516e+00
3340	1.959082e+00
3341	1.958548e+00
3342	1.957402e+00
3343	1.955847e+00
3344	1.953690e+00
3345	1.950664e+00
3346	1.946948e+00
3347	1.942861e+00
3348	1.938851e+00
3349	1.934775e+00
3350	1.930630e+00
3351	1.926400e+00
3352	1.922235e+00
3353	1.918172e+00
3354	1.914518e+00
3355	1.911039e+00
3356	1.907897e+00
3357	1.904895e+00
3358	1.902271e+00
3359	1.899824e+00
3360	1.897636e+00
3361	1.895675e+00
3362	1.893661e+00
3363	1.891925e+00
3364	1.890553e+00
3365	1.889303e+00
3366	1.887801e+00
3367	1.886234e+00
3368	1.884734e+00
3369	1.883073e+00
3370	1.881661e+00
3371	1.880833e+00
3372	1.880444e+00
3373	1.880212e+00
3374	1.880230e+00
3375	1.880431e+00
3376	1.880393e+00
3377	1.880444e+00
3378	1.880516e+00
3379	1.880665e+00
3380	1.880890e+00
3381	1.881284e+00
3382	1.881610e+00
3383	1.882170e+00
3384	1.882271e+00
3385	1.882239e+00
3386	1.881950e+00
3387	1.881112e+00
3388	1.879878e+00
3389	1.878658e+00
3390	1.877190e+00
3391	1.875364e+00
3392	1.873184e+00
3393	1.870626e+00
3394	1.867703e+00
3395	1.864385e+00
3396	1.860740e+00
3397	1.856667e+00
3398	1.852567e+00
3399	1.848397e+00
3400	1.844304e+00
3401	1.840001e+00
3402	1.835689e+00
3403	1.831404e+00
3404	1.827281e+00
3405	1.823792e+00
3406	1.820395e+00
3407	1.817175e+00
3408	1.814378e+00
3409	1.811957e+00
3410	1.810414e+00
3411	1.809312e+00
3412	1.808794e+00
3413	1.809195e+00
3414	1.809994e+00
3415	1.811756e+00
3416	1.814164e+00
3417	1.816979e+00
3418	1.820407e+00
3419	1.824011e+00
3420	1.828234e+00
3421	1.833019e+00
3422	1.838373e+00
3423	1.844399e+00
3424	1.851264e+00
3425	1.858481e+00
3426	1.865582e+00
3427	1.872891e+00
3428	1.880184e+00
3429	1.887913e+00
3430	1.895587e+00
3431	1.902772e+00
3432	1.910117e+00
3433	1.917505e+00
3434	1.924193e+00
3435	1.931044e+00
3436	1.937578e+00
3437	1.943984e+00
3438	1.949777e+00
3439	1.955011e+00
3440	1.959846e+00
3441	1.964121e+00
3442	1.967704e+00
3443	1.970796e+00
3444	1.973487e+00
3445	1.975611e+00
3446	1.976927e+00
3447	1.977681e+00
3448	1.977736e+00
3449	1.977399e+00
3450	1.976740e+00
3451	1.975438e+00
3452	1.973834e+00
3453	1.971959e+00
3454	1.969812e+00
3455	1.966891e+00
3456	1.963918e+00
3457	1.960520e+00
3458	1.956768e+00
3459	1.952793e+00
3460	1.948877e+00
3461	1.944864e+00
3462	1.940697e+00
3463	1.936417e+00
3464	1.932104e+00
3465	1.927689e+00
3466	1.923389e+00
3467	1.919124e+00
3468	1.914891e+00
3469	1.910655e+00
3470	1.906110e+00
3471	1.901560e+00
3472	1.897556e+00
3473	1.893684e+00
3474	1.890116e+00
3475	1.886622e+00
3476	1.883349e+00
3477	1.880430e+00
3478	1.877871e+00
3479	1.875277e+00
3480	1.872708e+00
3481	1.870491e+00
3482	1.868104e+00
3483	1.865122e+00
3484	1.862127e+00
3485	1.859074e+00
3486	1.855732e+00
3487	1.852467e+00
3488	1.849555e+00
3489	1.846778e+00
3490	1.843836e+00
3491	1.840768e+00
3492	1.837463e+00
3493	1.834074e+00
3494	1.830314e+00
3495	1.826348e+00
3496	1.822660e+00
3497	1.818889e+00
3498	1.815460e+00
3499	1.811958e+00
3500	1.808913e+00
3501	1.806504e+00
3502	1.804251e+00
3503	1.802466e+00
3504	1.800814e+00
3505	1.799268e+00
3506	1.797653e+00
3507	1.796217e+00
3508	1.795078e+00
3509	1.794632e+00
3510	1.794343e+00
3511	1.794546e+00
3512	1.795390e+00
3513	1.796713e+00
3514	1.798844e+00
3515	1.801499e+00
3516	1.804805e+00
3517	1.808781e+00
3518	1.813175e+00
3519	1.817971e+00
3520	1.822866e+00
3521	1.828285e+00
3522	1.834631e+00
3523	1.841516e+00
3524	1.849074e+00
3525	1.856709e+00
3526	1.864306e+00
3527	1.871727e+00
3528	1.879047e+00
3529	1.886069e+00
3530	1.893152e+00
3531	1.899646e+00
3532	1.905756e+00
3533	1.911847e+00
3534	1.917665e+00
3535	1.923295e+00
3536	1.928650e+00
3537	1.933687e+00
3538	1.937812e+00
3539	1.941351e+00
3540	1.944365e+00
3541	1.947129e+00
3542	1.949650e+00
3543	1.951611e+00
3544	1.952987e+00
3545	1.953784e+00
3546	1.954077e+00
3547	1.953919e+00
3548	1.953316e+00
3549	1.952290e+00
3550	1.950577e+00
3551	1.948519e+00
3552	1.945991e+00
3553	1.943380e+00
3554	1.940238e+00
3555	1.936925e+00
3556	1.933216e+00
3557	1.929155e+00
3558	1.924917e+00
3559	1.920256e+00
3560	1.915290e+00
3561	1.909919e+00
3562	1.904388e+00
3563	1.898410e+00
3564	1.892097e+00
3565	1.885630e+00
3566	1.879478e+00
3567	1.873225e+00
3568	1.866962e+00
3569	1.860452e+00
3570	1.853859e+00
3571	1.847133e+00
3572	1.840608e+00
3573	1.834094e+00
3574	1.827579e+00
3575	1.821247e+00
3576	1.815080e+00
3577	1.809162e+00
3578	1.803671e+00
3579	1.798797e+00
3580	1.794513e+00
3581	1.791055e+00
3582	1.788050e+00
3583	1.785452e+00
3584	1.783623e+00
3585	1.782401e+00
3586	1.781287e+00
3587	1.780797e+00
3588	1.780718e+00
3589	1.781151e+00
3590	1.781776e+00
3591	1.782717e+00
3592	1.783726e+00
3593	1.784576e+00
3594	1.785791e+00
3595	1.787247e+00
3596	1.789420e+00
3597	1.791768e+00
3598	1.794184e+00
3599	1.796998e+00
3600	1.799851e+00
3601	1.802689e+00
3602	1.805704e+00
3603	1.809122e+00
3604	1.812268e+00
3605	1.815515e+00
3606	1.818912e+00
3607	1.822197e+00
3608	1.825311e+00
3609	1.828251e+00
3610	1.830911e+00
3611	1.833885e+00
3612	1.836842e+00
3613	1.840102e+00
3614	1.843561e+00
3615	1.847326e+00
3616	1.850730e+00
3617	1.854219e+00
3618	1.857699e+00
3619	1.861054e+00
3620	1.864516e+00
3621	1.868329e+00
3622	1.872157e+00
3623	1.875960e+00
3624	1.879758e+00
3625	1.883423e+00
3626	1.887289e+00
3627	1.891013e+00
3628	1.894508e+00
3629	1.897930e+00
3630	1.901195e+00
3631	1.904495e+00
3632	1.907828e+00
3633	1.911061e+00
3634	1.913886e+00
3635	1.916217e+00
3636	1.918355e+00
3637	1.919818e+00
3638	1.920886e+00
3639	1.921382e+00
3640	1.921528e+00
3641	1.921568e+00
3642	1.921522e+00
3643	1.920955e+00
3644	1.919834e+00
3645	1.918237e+00
3646	1.916221e+00
3647	1.913855e+00
3648	1.911011e+00
3649	1.908052e+00
3650	1.905111e+00
3651	1.901847e+00
3652	1.898490e+00
3653	1.895036e+00
3654	1.891118e+00
3655	1.887524e+00
3656	1.883560e+00
3657	1.879634e+00
3658	1.875062e+00
3659	1.870339e+00
3660	1.865334e+00
3661	1.860134e+00
3662	1.855086e+00
3663	1.849656e+00
3664	1.844224e+00
3665	1.838569e+00
3666	1.833054e+00
3667	1.827756e+00
3668	1.823124e+00
3669	1.818721e+00
3670	1.814592e+00
3671	1.811148e+00
3672	1.808366e+00
3673	1.806188e+00
3674	1.804109e+00
3675	1.802398e+00
3676	1.801333e+00
3677	1.800613e+00
3678	1.800218e+00
3679	1.800577e+00
3680	1.801651e+00
3681	1.803268e+00
3682	1.805539e+00
3683	1.808130e+00
3684	1.811045e+00
3685	1.814465e+00
3686	1.818397e+00
3687	1.822680e+00
3688	1.827254e+00
3689	1.831908e+00
3690	1.836762e+00
3691	1.841627e+00
3692	1.846578e+00
3693	1.851770e+00
3694	1.856999e+00
3695	1.862558e+00
3696	1.868560e+00
3697	1.874970e+00
3698	1.881117e+00
3699	1.887380e+00
3700	1.893780e+00
3701	1.899407e+00
3702	1.904511e+00
3703	1.909364e+00
3704	1.913641e+00
3705	1.917486e+00
3706	1.920731e+00
3707	1.923540e+00
3708	1.926302e+00
3709	1.928818e+00
3710	1.931208e+00
3711	1.932866e+00
3712	1.934578e+00
3713	1.936388e+00
3714	1.938133e+00
3715	1.939584e+00
3716	1.940866e+00
3717	1.942102e+00
3718	1.942446e+00
3719	1.942365e+00
3720	1.941959e+00
3721	1.940871e+00
3722	1.939199e+00
3723	1.937417e+00
3724	1.935949e+00
3725	1.934616e+00
3726	1.932767e+00
3727	1.930524e+00
3728	1.927696e+00
3729	1.924746e+00
3730	1.921716e+00
3731	1.918768e+00
3732	1.916146e+00
3733	1.913765e+00
3734	1.911490e+00
3735	1.909559e+00
3736	1.907925e+00
3737	1.906698e+00
3738	1.905748e+00
3739	1.905200e+00
3740	1.904752e+00
3741	1.904245e+00
3742	1.903634e+00
3743	1.903159e+00
3744	1.902886e+00
3745	1.903012e+00
3746	1.902428e+00
3747	1.901721e+00
3748	1.900663e+00
3749	1.899465e+00
3750	1.898374e+00
3751	1.896916e+00
3752	1.895665e+00
3753	1.894184e+00
3754	1.892877e+00
3755	1.891440e+00
3756	1.890245e+00
3757	1.888925e+00
3758	1.887257e+00
3759	1.885153e+00
3760	1.883218e+00
3761	1.881212e+00
3762	1.878849e+00
3763	1.876040e+00
3764	1.873128e+00
3765	1.870115e+00
3766	1.867249e+00
3767	1.864543e+00
3768	1.861674e+00
3769	1.858768e+00
3770	1.855742e+00
3771	1.852872e+00
3772	1.850100e+00
3773	1.847158e+00
3774	1.844097e+00
3775	1.841367e+00
3776	1.838715e+00
3777	1.836454e+00
3778	1.834134e+00
3779	1.831841e+00
3780	1.829821e+00
3781	1.828059e+00
3782	1.826175e+00
3783	1.824403e+00
3784	1.822989e+00
3785	1.821885e+00
3786	1.821070e+00
3787	1.820694e+00
3788	1.820722e+00
3789	1.821290e+00
3790	1.822103e+00
3791	1.823240e+00
3792	1.824833e+00
3793	1.826818e+00
3794	1.829381e+00
3795	1.832318e+00
3796	1.835676e+00
3797	1.839271e+00
3798	1.843267e+00
3799	1.847429e+00
3800	1.852014e+00
3801	1.856917e+00
3802	1.862132e+00
3803	1.867271e+00
3804	1.872359e+00
3805	1.877481e+00
3806	1.882707e+00
3807	1.887727e+00
3808	1.892773e+00
3809	1.897556e+00
3810	1.902008e+00
3811	1.906370e+00
3812	1.910951e+00
3813	1.915233e+00
3814	1.919494e+00
3815	1.923598e+00
3816	1.927288e+00
3817	1.931014e+00
3818	1.934570e+00
3819	1.937735e+00
3820	1.940297e+00
3821	1.942503e+00
3822	1.944592e+00
3823	1.946185e+00
3824	1.947624e+00
3825	1.949031e+00
3826	1.950443e+00
3827	1.951801e+00
3828	1.953059e+00
3829	1.953701e+00
3830	1.953441e+00
3831	1.953047e+00
3832	1.952357e+00
3833	1.951103e+00
3834	1.949067e+00
3835	1.946621e+00
3836	1.943556e+00
3837	1.940157e+00
3838	1.936510e+00
3839	1.932342e+00
3840	1.927872e+00
3841	1.923006e+00
3842	1.918405e+00
3843	1.913470e+00
3844	1.908827e+00
3845	1.904191e+00
3846	1.899597e+00
3847	1.894677e+00
3848	1.890097e+00
3849	1.885346e+00
3850	1.880327e+00
3851	1.875458e+00
3852	1.870599e+00
3853	1.865794e+00
3854	1.861078e+00
3855	1.856424e+00
3856	1.851612e+00
3857	1.846866e+00
3858	1.842505e+00
3859	1.838132e+00
3860	1.833687e+00
3861	1.829587e+00
3862	1.825843e+00
3863	1.822301e+00
3864	1.818823e+00
3865	1.815498e+00
3866	1.812457e+00
3867	1.809310e+00
3868	1.806306e+00
3869	1.803491e+00
3870	1.800599e+00
3871	1.797693e+00
3872	1.794984e+00
3873	1.792724e+00
3874	1.790916e+00
3875	1.789645e+00
3876	1.788590e+00
3877	1.788107e+00
3878	1.787854e+00
3879	1.787960e+00
3880	1.788263e+00
3881	1.789524e+00
3882	1.791161e+00
3883	1.793291e+00
3884	1.795915e+00
3885	1.798910e+00
3886	1.802262e+00
3887	1.806130e+00
3888	1.810295e+00
3889	1.814787e+00
3890	1.819821e+00
3891	1.824951e+00
3892	1.830321e+00
3893	1.835820e+00
3894	1.841196e+00
3895	1.846560e+00
3896	1.851836e+00
3897	1.857235e+00
3898	1.862726e+00
3899	1.868148e+00
3900	1.873623e+00
3901	1.879566e+00
3902	1.885358e+00
3903	1.891285e+00
3904	1.897371e+00
3905	1.903671e+00
3906	1.910029e+00
3907	1.916144e+00
3908	1.922143e+00
3909	1.927850e+00
3910	1.933003e+00
3911	1.938238e+00
3912	1.942914e+00
3913	1.947468e+00
3914	1.951739e+00
3915	1.955334e+00
3916	1.958620e+00
3917	1.962090e+00
3918	1.965267e+00
3919	1.968065e+00
3920	1.970289e+00
3921	1.971912e+00
3922	1.973266e+00
3923	1.974207e+00
3924	1.974683e+00
3925	1.974391e+00
3926	1.973355e+00
3927	1.971113e+00
3928	1.968270e+00
3929	1.964501e+00
3930	1.960229e+00
3931	1.955421e+00
3932	1.950139e+00
3933	1.944230e+00
3934	1.938089e+00
3935	1.931306e+00
3936	1.924300e+00
3937	1.916901e+00
3938	1.909351e+00
3939	1.901614e+00
3940	1.893730e+00
3941	1.885776e+00
3942	1.877389e+00
3943	1.868888e+00
3944	1.860418e+00
3945	1.852069e+00
3946	1.843689e+00
3947	1.835247e+00
3948	1.827461e+00
3949	1.820534e+00
3950	1.814061e+00
3951	1.808099e+00
3952	1.802697e+00
3953	1.797947e+00
3954	1.793672e+00
3955	1.789797e+00
3956	1.786676e+00
3957	1.784787e+00
3958	1.783801e+00
3959	1.783590e+00
3960	1.783910e+00
3961	1.784768e+00
3962	1.786263e+00
3963	1.788211e+00
3964	1.790743e+00
3965	1.793962e+00
3966	1.797620e+00
3967	1.801720e+00
3968	1.805996e+00
3969	1.810580e+00
3970	1.815234e+00
3971	1.819916e+00
3972	1.824487e+00
3973	1.829035e+00
3974	1.833800e+00
3975	1.838840e+00
3976	1.843995e+00
3977	1.849240e+00
3978	1.854229e+00
3979	1.859104e+00
3980	1.864100e+00
3981	1.868680e+00
3982	1.872597e+00
3983	1.876673e+00
3984	1.880207e+00
3985	1.883444e+00
3986	1.886179e+00
3987	1.888461e+00
3988	1.889907e+00
3989	1.890591e+00
3990	1.890791e+00
3991	1.890284e+00
3992	1.889129e+00
3993	1.887738e+00
3994	1.885926e+00
3995	1.884089e+00
3996	1.882247e+00
3997	1.880231e+00
3998	1.878545e+00
3999	1.877025e+00
4000	1.875569e+00
4001	1.874640e+00
4002	1.874193e+00
4003	1.873737e+00
4004	1.873652e+00
4005	1.873478e+00
4006	1.873633e+00
4007	1.873889e+00
4008	1.874174e+00
4009	1.874466e+00
4010	1.874468e+00
4011	1.874784e+00
4012	1.875206e+00
4013	1.875660e+00
4014	1.876452e+00
4015	1.877566e+00
4016	1.878981e+00
4017	1.880745e+00
4018	1.882560e+00
4019	1.884402e+00
4020	1.886050e+00
4021	1.887697e+00
4022	1.889282e+00
4023	1.890833e+00
4024	1.892408e+00
4025	1.893836e+00
4026	1.894914e+00
4027	1.896045e+00
4028	1.896915e+00
4029	1.897857e+00
4030	1.898397e+00
4031	1.898937e+00
4032	1.898963e+00
4033	1.898515e+00
4034	1.897636e+00
4035	1.896441e+00
4036	1.895143e+00
4037	1.894118e+00
4038	1.892768e+00
4039	1.890855e+00
4040	1.888686e+00
4041	1.886011e+00
4042	1.883168e+00
4043	1.880432e+00
4044	1.877647e+00
4045	1.874906e+00
4046	1.871911e+00
4047	1.869326e+00
4048	1.866430e+00
4049	1.863631e+00
4050	1.861130e+00
4051	1.858384e+00
4052	1.856232e+00
4053	1.853849e+00
4054	1.851618e+00
4055	1.849473e+00
4056	1.847472e+00
4057	1.846131e+00
4058	1.845262e+00
4059	1.844946e+00
4060	1.845177e+00
4061	1.845730e+00
4062	1.846839e+00
4063	1.847945e+00
4064	1.849459e+00
4065	1.851069e+00
4066	1.853104e+00
4067	1.855541e+00
4068	1.858080e+00
4069	1.860709e+00
4070	1.863092e+00
4071	1.865512e+00
4072	1.868203e+00
4073	1.870971e+00
4074	1.873438e+00
4075	1.875582e+00
4076	1.877494e+00
4077	1.879567e+00
4078	1.881679e+00
4079	1.883702e+00
4080	1.885850e+00
4081	1.887506e+00
4082	1.888794e+00
4083	1.889853e+00
4084	1.890557e+00
4085	1.891286e+00
4086	1.891926e+00
4087	1.892778e+00
4088	1.893281e+00
4089	1.893659e+00
4090	1.894019e+00
4091	1.894156e+00
4092	1.894080e+00
4093	1.893961e+00
4094	1.893258e+00
4095	1.892040e+00
4096	1.890478e+00
4097	1.888352e+00
4098	1.886518e+00
4099	1.884703e+00
4100	1.882727e+00
4101	1.881123e+00
4102	1.879630e+00
4103	1.878046e+00
4104	1.876768e+00
4105	1.875627e+00
4106	1.874823e+00
4107	1.874404e+00
4108	1.874634e+00
4109	1.875320e+00
4110	1.876504e+00
4111	1.878043e+00
4112	1.879429e+00
4113	1.880633e+00
4114	1.882235e+00
4115	1.883784e+00
4116	1.885432e+00
4117	1.886633e+00
4118	1.887189e+00
4119	1.887364e+00
4120	1.887419e+00
4121	1.887014e+00
4122	1.886579e+00
4123	1.886258e+00
4124	1.885855e+00
4125	1.885115e+00
4126	1.884351e+00
4127	1.883532e+00
4128	1.882688e+00
4129	1.881981e+00
4130	1.881353e+00
4131	1.880856e+00
4132	1.880234e+00
4133	1.879704e+00
4134	1.879106e+00
4135	1.878694e+00
4136	1.877947e+00
4137	1.877298e+00
4138	1.876426e+00
4139	1.875200e+00
4140	1.873962e+00
4141	1.872856e+00
4142	1.871422e+00
4143	1.869226e+00
4144	1.866530e+00
4145	1.863765e+00
4146	1.860776e+00
4147	1.857553e+00
4148	1.854548e+00
4149	1.851697e+00
4150	1.849114e+00
4151	1.847031e+00
4152	1.845018e+00
4153	1.843429e+00
4154	1.842030e+00
4155	1.841103e+00
4156	1.840535e+00
4157	1.839929e+00
4158	1.839652e+00
4159	1.839911e+00
4160	1.840574e+00
4161	1.841306e+00
4162	1.842008e+00
4163	1.842957e+00
4164	1.843791e+00
4165	1.844888e+00
4166	1.845504e+00
4167	1.845609e+00
4168	1.845676e+00
4169	1.845913e+00
4170	1.846049e+00
4171	1.846158e+00
4172	1.846256e+00
4173	1.846342e+00
4174	1.846859e+00
4175	1.847746e+00
4176	1.849088e+00
4177	1.851057e+00
4178	1.853457e+00
4179	1.855927e+00
4180	1.858659e+00
4181	1.861372e+00
4182	1.863868e+00
4183	1.866495e+00
4184	1.869081e+00
4185	1.870961e+00
4186	1.872140e+00
4187	1.873415e+00
4188	1.874524e+00
4189	1.875145e+00
4190	1.875338e+00
4191	1.875403e+00
4192	1.875103e+00
4193	1.874588e+00
4194	1.873868e+00
4195	1.873309e+00
4196	1.872551e+00
4197	1.872125e+00
4198	1.872285e+00
4199	1.872570e+00
4200	1.873621e+00
4201	1.875293e+00
4202	1.877566e+00
4203	1.879634e+00
4204	1.882043e+00
4205	1.884649e+00
4206	1.887177e+00
4207	1.889116e+00
4208	1.890747e+00
4209	1.892513e+00
4210	1.894277e+00
4211	1.896313e+00
4212	1.898086e+00
4213	1.899572e+00
4214	1.900839e+00
4215	1.902261e+00
4216	1.903486e+00
4217	1.905086e+00
4218	1.907093e+00
4219	1.909391e+00
4220	1.912089e+00
4221	1.915618e+00
4222	1.919644e+00
4223	1.923794e+00
4224	1.927647e+00
4225	1.931066e+00
4226	1.934430e+00
4227	1.937504e+00
4228	1.940379e+00
4229	1.942873e+00
4230	1.944836e+00
4231	1.946505e+00
4232	1.947537e+00
4233	1.948283e+00
4234	1.948534e+00
4235	1.948126e+00
4236	1.946957e+00
4237	1.945422e+00
4238	1.943427e+00
4239	1.940697e+00
4240	1.938022e+00
4241	1.935441e+00
4242	1.932894e+00
4243	1.930153e+00
4244	1.927155e+00
4245	1.924083e+00
4246	1.921124e+00
4247	1.918035e+00
4248	1.914846e+00
4249	1.911431e+00
4250	1.908176e+00
4251	1.905027e+00
4252	1.902050e+00
4253	1.898980e+00
4254	1.895902e+00
4255	1.893114e+00
4256	1.890212e+00
4257	1.887134e+00
4258	1.884226e+00
4259	1.881247e+00
4260	1.878112e+00
4261	1.875242e+00
4262	1.872914e+00
4263	1.871021e+00
4264	1.869612e+00
4265	1.868307e+00
4266	1.867448e+00
4267	1.866980e+00
4268	1.866973e+00
4269	1.866979e+00
4270	1.867465e+00
4271	1.868457e+00
4272	1.869950e+00
4273	1.871802e+00
4274	1.873702e+00
4275	1.875790e+00
4276	1.877694e+00
4277	1.879887e+00
4278	1.881699e+00
4279	1.883506e+00
4280	1.884767e+00
4281	1.885860e+00
4282	1.887037e+00
4283	1.887653e+00
4284	1.887824e+00
4285	1.887512e+00
4286	1.887168e+00
4287	1.886405e+00
4288	1.885532e+00
4289	1.884135e+00
4290	1.882509e+00
4291	1.880273e+00
4292	1.877990e+00
4293	1.875402e+00
4294	1.872480e+00
4295	1.869674e+00
4296	1.866944e+00
4297	1.863902e+00
4298	1.860902e+00
4299	1.857658e+00
4300	1.854640e+00
4301	1.851786e+00
4302	1.848627e+00
4303	1.845552e+00
4304	1.842659e+00
4305	1.839857e+00
4306	1.837137e+00
4307	1.834654e+00
4308	1.832145e+00
4309	1.829597e+00
4310	1.827655e+00
4311	1.826118e+00
4312	1.825081e+00
4313	1.824394e+00
4314	1.823851e+00
4315	1.823776e+00
4316	1.824093e+00
4317	1.824688e+00
4318	1.825734e+00
4319	1.826766e+00
4320	1.828356e+00
4321	1.830023e+00
4322	1.832051e+00
4323	1.834118e+00
4324	1.836184e+00
4325	1.838215e+00
4326	1.840216e+00
4327	1.842164e+00
4328	1.843901e+00
4329	1.845797e+00
4330	1.847668e+00
4331	1.849643e+00
4332	1.851376e+00
4333	1.853154e+00
4334	1.854932e+00
4335	1.856615e+00
4336	1.858345e+00
4337	1.859376e+00
4338	1.860262e+00
4339	1.861172e+00
4340	1.862063e+00
4341	1.862879e+00
4342	1.863374e+00
4343	1.863851e+00
4344	1.864503e+00
4345	1.864734e+00
4346	1.865122e+00
4347	1.865235e+00
4348	1.865062e+00
4349	1.864823e+00
4350	1.864624e+00
4351	1.864415e+00
4352	1.864052e+00
4353	1.863694e+00
4354	1.863028e+00
4355	1.862446e+00
4356	1.861690e+00
4357	1.860832e+00
4358	1.859708e+00
4359	1.858535e+00
4360	1.857705e+00
4361	1.856361e+00
4362	1.854853e+00
4363	1.853574e+00
4364	1.851952e+00
4365	1.850282e+00
4366	1.848546e+00
4367	1.847044e+00
4368	1.845565e+00
4369	1.844434e+00
4370	1.843297e+00
4371	1.842590e+00
4372	1.841686e+00
4373	1.840681e+00
4374	1.839885e+00
4375	1.839008e+00
4376	1.838028e+00
4377	1.837172e+00
4378	1.836377e+00
4379	1.835282e+00
4380	1.834591e+00
4381	1.833979e+00
4382	1.833333e+00
4383	1.832696e+00
4384	1.832103e+00
4385	1.831664e+00
4386	1.831342e+00
4387	1.830976e+00
4388	1.830587e+00
4389	1.830635e+00
4390	1.830842e+00
4391	1.830841e+00
4392	1.830655e+00
4393	1.830357e+00
4394	1.830115e+00
4395	1.830070e+00
4396	1.830185e+00
4397	1.830324e+00
4398	1.830371e+00
4399	1.830602e+00
4400	1.830712e+00
4401	1.830388e+00
4402	1.829813e+00
4403	1.829324e+00
4404	1.828604e+00
4405	1.828234e+00
4406	1.828259e+00
4407	1.827912e+00
4408	1.827546e+00
4409	1.827333e+00
4410	1.827414e+00
4411	1.827461e+00
4412	1.827806e+00
4413	1.828806e+00
4414	1.830138e+00
4415	1.831164e+00
4416	1.832280e+00
4417	1.833463e+00
4418	1.834869e+00
4419	1.836498e+00
4420	1.838093e+00
4421	1.839837e+00
4422	1.841543e+00
4423	1.843084e+00
4424	1.844402e+00
4425	1.845976e+00
4426	1.847675e+00
4427	1.849433e+00
4428	1.850911e+00
4429	1.852018e+00
4430	1.853202e+00
4431	1.854501e+00
4432	1.855537e+00
4433	1.856521e+00
4434	1.857488e+00
4435	1.858381e+00
4436	1.859292e+00
4437	1.860128e+00
4438	1.860827e+00
4439	1.861662e+00
4440	1.862387e+00
4441	1.863146e+00
4442	1.863715e+00
4443	1.864260e+00
4444	1.864496e+00
4445	1.864790e+00
4446	1.865143e+00
4447	1.865237e+00
4448	1.865456e+00
4449	1.865496e+00
4450	1.865497e+00
4451	1.865274e+00
4452	1.864976e+00
4453	1.864787e+00
4454	1.865038e+00
4455	1.865201e+00
4456	1.865448e+00
4457	1.866046e+00
4458	1.866995e+00
4459	1.867656e+00
4460	1.868331e+00
4461	1.869121e+00
4462	1.869720e+00
4463	1.870546e+00
4464	1.871545e+00
4465	1.872837e+00
4466	1.873849e+00
4467	1.874914e+00
4468	1.875800e+00
4469	1.876699e+00
4470	1.877443e+00
4471	1.877828e+00
4472	1.877936e+00
4473	1.877908e+00
4474	1.877391e+00
4475	1.876808e+00
4476	1.876297e+00
4477	1.875726e+00
4478	1.875137e+00
4479	1.874606e+00
4480	1.873981e+00
4481	1.873165e+00
4482	1.872104e+00
4483	1.871206e+00
4484	1.870325e+00
4485	1.869632e+00
4486	1.868993e+00
4487	1.867944e+00
4488	1.866953e+00
4489	1.865922e+00
4490	1.864651e+00
4491	1.863547e+00
4492	1.862264e+00
4493	1.860831e+00
4494	1.858848e+00
4495	1.856608e+00
4496	1.854294e+00
4497	1.851931e+00
4498	1.849690e+00
4499	1.847445e+00
4500	1.845218e+00
4501	1.843081e+00
4502	1.841027e+00
4503	1.839290e+00
4504	1.837597e+00
4505	1.836244e+00
4506	1.834888e+00
4507	1.833813e+00
4508	1.833059e+00
4509	1.832429e+00
4510	1.832194e+00
4511	1.831688e+00
4512	1.831628e+00
4513	1.831661e+00
4514	1.831788e+00
4515	1.831877e+00
4516	1.832130e+00
4517	1.832663e+00
4518	1.833308e+00
4519	1.834253e+00
4520	1.835549e+00
4521	1.836813e+00
4522	1.838642e+00
4523	1.840412e+00
4524	1.842352e+00
4525	1.844534e+00
4526	1.847147e+00
4527	1.850246e+00
4528	1.853202e+00
4529	1.856771e+00
4530	1.860636e+00
4531	1.864779e+00
4532	1.869034e+00
4533	1.873448e+00
4534	1.877680e+00
4535	1.881688e+00
4536	1.885209e+00
4537	1.888026e+00
4538	1.890436e+00
4539	1.892020e+00
4540	1.893530e+00
4541	1.894483e+00
4542	1.895066e+00
4543	1.895373e+00
4544	1.895385e+00
4545	1.894998e+00
4546	1.894564e+00
4547	1.893865e+00
4548	1.893143e+00
4549	1.892595e+00
4550	1.892180e+00
4551	1.891794e+00
4552	1.891762e+00
4553	1.891563e+00
4554	1.891210e+00
4555	1.890577e+00
4556	1.889651e+00
4557	1.888513e+00
4558	1.887092e+00
4559	1.885407e+00
4560	1.883243e+00
4561	1.880980e+00
4562	1.878238e+00
4563	1.875746e+00
4564	1.873219e+00
4565	1.870799e+00
4566	1.868457e+00
4567	1.866435e+00
4568	1.864831e+00
4569	1.863505e+00
4570	1.862211e+00
4571	1.861023e+00
4572	1.859642e+00
4573	1.858715e+00
4574	1.857536e+00
4575	1.856636e+00
4576	1.855768e+00
4577	1.854587e+00
4578	1.853478e+00
4579	1.852401e+00
4580	1.851020e+00
4581	1.849359e+00
4582	1.847565e+00
4583	1.845739e+00
4584	1.843761e+00
4585	1.842085e+00
4586	1.840169e+00
4587	1.838198e+00
4588	1.836202e+00
4589	1.833867e+00
4590	1.831531e+00
4591	1.829161e+00
4592	1.827000e+00
4593	1.824859e+00
4594	1.822841e+00
4595	1.821269e+00
4596	1.819778e+00
4597	1.818805e+00
4598	1.818087e+00
4599	1.817423e+00
4600	1.816905e+00
4601	1.817135e+00
4602	1.817368e+00
4603	1.817747e+00
4604	1.818487e+00
4605	1.819242e+00
4606	1.819972e+00
4607	1.820605e+00
4608	1.821392e+00
4609	1.822518e+00
4610	1.823807e+00
4611	1.825268e+00
4612	1.827440e+00
4613	1.829641e+00
4614	1.832098e+00
4615	1.834957e+00
4616	1.838252e+00
4617	1.842067e+00
4618	1.846521e+00
4619	1.851493e+00
4620	1.856615e+00
4621	1.862278e+00
4622	1.867985e+00
4623	1.873873e+00
4624	1.879953e+00
4625	1.886158e+00
4626	1.892037e+00
4627	1.897571e+00
4628	1.902860e+00
4629	1.907810e+00
4630	1.912268e+00
4631	1.916594e+00
4632	1.920650e+00
4633	1.924425e+00
4634	1.927821e+00
4635	1.930799e+00
4636	1.933617e+00
4637	1.936297e+00
4638	1.939089e+00
4639	1.941686e+00
4640	1.944042e+00
4641	1.946119e+00
4642	1.947854e+00
4643	1.948959e+00
4644	1.949316e+00
4645	1.948911e+00
4646	1.948074e+00
4647	1.946442e+00
4648	1.944261e+00
4649	1.941758e+00
4650	1.938863e+00
4651	1.935630e+00
4652	1.932203e+00
4653	1.928663e+00
4654	1.924833e+00
4655	1.920524e+00
4656	1.916139e+00
4657	1.911781e+00
4658	1.907353e+00
4659	1.902914e+00
4660	1.898788e+00
4661	1.894766e+00
4662	1.891127e+00
4663	1.886948e+00
4664	1.883037e+00
4665	1.879243e+00
4666	1.875528e+00
4667	1.871875e+00
4668	1.868029e+00
4669	1.864400e+00
4670	1.860544e+00
4671	1.856971e+00
4672	1.853545e+00
4673	1.850063e+00
4674	1.846913e+00
4675	1.843845e+00
4676	1.840749e+00
4677	1.837420e+00
4678	1.834064e+00
4679	1.830835e+00
4680	1.827310e+00
4681	1.823683e+00
4682	1.820150e+00
4683	1.816885e+00
4684	1.813833e+00
4685	1.811143e+00
4686	1.808675e+00
4687	1.806086e+00
4688	1.803883e+00
4689	1.801903e+00
4690	1.800014e+00
4691	1.798588e+00
4692	1.797423e+00
4693	1.796584e+00
4694	1.795773e+00
4695	1.795034e+00
4696	1.794263e+00
4697	1.793784e+00
4698	1.793532e+00
4699	1.793477e+00
4700	1.793614e+00
4701	1.793882e+00
4702	1.794836e+00
4703	1.796383e+00
4704	1.798467e+00
4705	1.800562e+00
4706	1.803123e+00
4707	1.806572e+00
4708	1.810362e+00
4709	1.814545e+00
4710	1.819313e+00
4711	1.824304e+00
4712	1.828985e+00
4713	1.833683e+00
4714	1.838684e+00
4715	1.844137e+00
4716	1.849764e+00
4717	1.855329e+00
4718	1.860837e+00
4719	1.866350e+00
4720	1.871984e+00
4721	1.877047e+00
4722	1.881977e+00
4723	1.886597e+00
4724	1.891137e+00
4725	1.895709e+00
4726	1.900224e+00
4727	1.904710e+00
4728	1.909139e+00
4729	1.913437e+00
4730	1.916977e+00
4731	1.920386e+00
4732	1.923865e+00
4733	1.927171e+00
4734	1.930010e+00
4735	1.932265e+00
4736	1.934022e+00
4737	1.935554e+00
4738	1.937056e+00
4739	1.938072e+00
4740	1.938691e+00
4741	1.938640e+00
4742	1.938595e+00
4743	1.938111e+00
4744	1.937127e+00
4745	1.936097e+00
4746	1.934230e+00
4747	1.931909e+00
4748	1.929422e+00
4749	1.926875e+00
4750	1.924071e+00
4751	1.921437e+00
4752	1.918314e+00
4753	1.914741e+00
4754	1.911156e+00
4755	1.907342e+00
4756	1.903779e+00
4757	1.900067e+00
4758	1.895965e+00
4759	1.891606e+00
4760	1.887187e+00
4761	1.882635e+00
4762	1.877971e+00
4763	1.873392e+00
4764	1.869145e+00
4765	1.864666e+00
4766	1.860099e+00
4767	1.855616e+00
4768	1.851738e+00
4769	1.847915e+00
4770	1.844673e+00
4771	1.841711e+00
4772	1.838948e+00
4773	1.836741e+00
4774	1.834406e+00
4775	1.831654e+00
4776	1.828908e+00
4777	1.826056e+00
4778	1.823323e+00
4779	1.820459e+00
4780	1.818079e+00
4781	1.815983e+00
4782	1.814294e+00
4783	1.812807e+00
4784	1.811712e+00
4785	1.811185e+00
4786	1.811041e+00
4787	1.811369e+00
4788	1.812697e+00
4789	1.814356e+00
4790	1.816714e+00
4791	1.819256e+00
4792	1.821806e+00
4793	1.824364e+00
4794	1.827356e+00
4795	1.830616e+00
4796	1.834014e+00
4797	1.837583e+00
4798	1.840461e+00
4799	1.843005e+00
4800	1.845446e+00
4801	1.848014e+00
4802	1.850519e+00
4803	1.853201e+00
4804	1.855799e+00
4805	1.858226e+00
4806	1.860680e+00
4807	1.863083e+00
4808	1.865414e+00
4809	1.868113e+00
4810	1.870263e+00
4811	1.872319e+00
4812	1.874010e+00
4813	1.875608e+00
4814	1.876632e+00
4815	1.877563e+00
4816	1.878515e+00
4817	1.879215e+00
4818	1.879915e+00
4819	1.880122e+00
4820	1.880222e+00
4821	1.880197e+00
4822	1.880204e+00
4823	1.880177e+00
4824	1.879946e+00
4825	1.879735e+00
4826	1.879568e+00
4827	1.879594e+00
4828	1.879550e+00
4829	1.879683e+00
4830	1.880191e+00
4831	1.880583e+00
4832	1.881207e+00
4833	1.882726e+00
4834	1.884785e+00
4835	1.886907e+00
4836	1.889103e+00
4837	1.891228e+00
4838	1.893552e+00
4839	1.896044e+00
4840	1.898633e+00
4841	1.901184e+00
4842	1.903779e+00
4843	1.906306e+00
4844	1.909506e+00
4845	1.912825e+00
4846	1.916011e+00
4847	1.919350e+00
4848	1.922305e+00
4849	1.925628e+00
4850	1.928985e+00
4851	1.932020e+00
4852	1.934601e+00
4853	1.936978e+00
4854	1.939120e+00
4855	1.940707e+00
4856	1.942264e+00
4857	1.943206e+00
4858	1.943877e+00
4859	1.944319e+00
4860	1.944580e+00
4861	1.944202e+00
4862	1.943958e+00
4863	1.943326e+00
4864	1.942181e+00
4865	1.940438e+00
4866	1.938401e+00
4867	1.936361e+00
4868	1.934323e+00
4869	1.932216e+00
4870	1.929872e+00
4871	1.927379e+00
4872	1.925035e+00
4873	1.922919e+00
4874	1.920703e+00
4875	1.918008e+00
4876	1.915468e+00
4877	1.913200e+00
4878	1.910571e+00
4879	1.907589e+00
4880	1.904503e+00
4881	1.901469e+00
4882	1.898010e+00
4883	1.894566e+00
4884	1.891197e+00
4885	1.888055e+00
4886	1.885008e+00
4887	1.882449e+00
4888	1.880109e+00
4889	1.878116e+00
4890	1.876287e+00
4891	1.874376e+00
4892	1.872605e+00
4893	1.870847e+00
4894	1.869102e+00
4895	1.867338e+00
4896	1.865275e+00
4897	1.863055e+00
4898	1.860856e+00
4899	1.858633e+00
4900	1.857294e+00
4901	1.855526e+00
4902	1.854029e+00
4903	1.852555e+00
4904	1.850767e+00
4905	1.849287e+00
4906	1.848107e+00
4907	1.847092e+00
4908	1.846294e+00
4909	1.845842e+00
4910	1.845073e+00
4911	1.844567e+00
4912	1.844426e+00
4913	1.844673e+00
4914	1.845097e+00
4915	1.845545e+00
4916	1.845988e+00
4917	1.846720e+00
4918	1.847548e+00
4919	1.848052e+00
4920	1.848561e+00
4921	1.848903e+00
4922	1.849012e+00
4923	1.849395e+00
4924	1.849786e+00
4925	1.850394e+00
4926	1.851449e+00
4927	1.852697e+00
4928	1.854001e+00
4929	1.855285e+00
4930	1.856142e+00
4931	1.856679e+00
4932	1.857417e+00
4933	1.858675e+00
4934	1.859990e+00
4935	1.861324e+00
4936	1.862528e+00
4937	1.863692e+00
4938	1.865263e+00
4939	1.867139e+00
4940	1.869033e+00
4941	1.870708e+00
4942	1.872752e+00
4943	1.874825e+00
4944	1.876990e+00
4945	1.878797e+00
4946	1.880282e+00
4947	1.881772e+00
4948	1.882898e+00
4949	1.884067e+00
4950	1.885235e+00
4951	1.886846e+00
4952	1.888174e+00
4953	1.889771e+00
4954	1.891581e+00
4955	1.893200e+00
4956	1.894641e+00
4957	1.896029e+00
4958	1.897619e+00
4959	1.898772e+00
4960	1.899601e+00
4961	1.900353e+00
4962	1.900671e+00
4963	1.900584e+00
4964	1.900520e+00
4965	1.900138e+00
4966	1.899347e+00
4967	1.898339e+00
4968	1.897370e+00
4969	1.896047e+00
4970	1.894338e+00
4971	1.892339e+00
4972	1.890077e+00
4973	1.887803e+00
4974	1.885172e+00
4975	1.882338e+00
4976	1.879185e+00
4977	1.875855e+00
4978	1.872197e+00
4979	1.868101e+00
4980	1.863834e+00
4981	1.859266e+00
4982	1.854638e+00
4983	1.849942e+00
4984	1.845313e+00
4985	1.840245e+00
4986	1.835192e+00
4987	1.830180e+00
4988	1.825469e+00
4989	1.820806e+00
4990	1.816299e+00
4991	1.811948e+00
4992	1.807992e+00
4993	1.803981e+00
4994	1.799880e+00
4995	1.796147e+00
4996	1.792798e+00
4997	1.789860e+00
4998	1.787693e+00
4999	1.786380e+00
