# Step	Measurement
1	1.091361e+02
2	1.095536e+02
3	1.099961e+02
4	1.105075e+02
5	1.109844e+02
6	1.113536e+02
7	1.116696e+02
8	1.118282e+02
9	1.120909e+02
10	1.122195e+02
11	1.123083e+02
12	1.124308e+02
13	1.124834e+02
14	1.123989e+02
15	1.123276e+02
16	1.122314e+02
17	1.121831e+02
18	1.120439e+02
19	1.118782e+02
20	1.117031e+02
21	1.114507e+02
22	1.112737e+02
23	1.110280e+02
24	1.107248e+02
25	1.103667e+02
26	1.099583e+02
27	1.094292e+02
28	1.088169e+02
29	1.080755e+02
30	1.072598e+02
31	1.065016e+02
32	1.057457e+02
33	1.050368e+02
34	1.043583e+02
35	1.036835e+02
36	1.029444e+02
37	1.023923e+02
38	1.020530e+02
39	1.018791e+02
40	1.017376e+02
41	1.015580e+02
42	1.014763e+02
43	1.015652e+02
44	1.017984e+02
45	1.021418e+02
46	1.025904e+02
47	1.031944e+02
48	1.038538e+02
49	1.045852e+02
50	1.053658e+02
51	1.062298e+02
52	1.071384e+02
53	1.080657e+02
54	1.089963e+02
55	1.098671e+02
56	1.106699e+02
57	1.114233e+02
58	1.121929e+02
59	1.128497e+02
60	1.133604e+02
61	1.138523e+02
62	1.142188e+02
63	1.143922e+02
64	1.146121e+02
65	1.147917e+02
66	1.148274e+02
67	1.148753e+02
68	1.148168e+02
69	1.147094e+02
70	1.145742e+02
71	1.143560e+02
72	1.140208e+02
73	1.136793e+02
74	1.131758e+02
75	1.126518e+02
76	1.119707e+02
77	1.112267e+02
78	1.104428e+02
79	1.096503e+02
80	1.088258e+02
81	1.079729e+02
82	1.071739e+02
83	1.062989e+02
84	1.053620e+02
85	1.044136e+02
86	1.035061e+02
87	1.026035e+02
88	1.017911e+02
89	1.010586e+02
90	1.005219e+02
91	1.002250e+02
92	9.996588e+01
93	9.979567e+01
94	9.968678e+01
95	9.968766e+01
96	9.977619e+01
97	9.990313e+01
98	1.001923e+02
99	1.005917e+02
100	1.010655e+02
101	1.016005e+02
102	1.021269e+02
103	1.026212e+02
104	1.031053e+02
105	1.037162e+02
106	1.044578e+02
107	1.051618e+02
108	1.058047e+02
109	1.064126e+02
110	1.069495e+02
111	1.074339e+02
112	1.079181e+02
113	1.082787e+02
114	1.086184e+02
115	1.088767e+02
116	1.091201e+02
117	1.094357e+02
118	1.098099e+02
119	1.101767e+02
120	1.105167e+02
121	1.108180e+02
122	1.111208e+02
123	1.113175e+02
124	1.114508e+02
125	1.116029e+02
126	1.118677e+02
127	1.120592e+02
128	1.121057e+02
129	1.121617e+02
130	1.121478e+02
131	1.119473e+02
132	1.117075e+02
133	1.114437e+02
134	1.112101e+02
135	1.108359e+02
136	1.104215e+02
137	1.099910e+02
138	1.094888e+02
139	1.089723e+02
140	1.083950e+02
141	1.078424e+02
142	1.073119e+02
143	1.067583e+02
144	1.062280e+02
145	1.056825e+02
146	1.052585e+02
147	1.049114e+02
148	1.045879e+02
149	1.043213e+02
150	1.040887e+02
151	1.039463e+02
152	1.039170e+02
153	1.039524e+02
154	1.040193e+02
155	1.041258e+02
156	1.042575e+02
157	1.043873e+02
158	1.044222e+02
159	1.044012e+02
160	1.044103e+02
161	1.044418e+02
162	1.044339e+02
163	1.044715e+02
164	1.044474e+02
165	1.044595e+02
166	1.045020e+02
167	1.045402e+02
168	1.045006e+02
169	1.045044e+02
170	1.046598e+02
171	1.048251e+02
172	1.050895e+02
173	1.053801e+02
174	1.056834e+02
175	1.060375e+02
176	1.064568e+02
177	1.069672e+02
178	1.073641e+02
179	1.077098e+02
180	1.080920e+02
181	1.084606e+02
182	1.087503e+02
183	1.089746e+02
184	1.092263e+02
185	1.093772e+02
186	1.095591e+02
187	1.097251e+02
188	1.099361e+02
189	1.100974e+02
190	1.101807e+02
191	1.101181e+02
192	1.101139e+02
193	1.100045e+02
194	1.098330e+02
195	1.095184e+02
196	1.090652e+02
197	1.085385e+02
198	1.081244e+02
199	1.076811e+02
200	1.072450e+02
201	1.068264e+02
202	1.064860e+02
203	1.061182e+02
204	1.056540e+02
205	1.051997e+02
206	1.048677e+02
207	1.045721e+02
208	1.043112e+02
209	1.041399e+02
210	1.039374e+02
211	1.038201e+02
212	1.038463e+02
213	1.038915e+02
214	1.041146e+02
215	1.042998e+02
216	1.045283e+02
217	1.047801e+02
218	1.050239e+02
219	1.054682e+02
220	1.060606e+02
221	1.066254e+02
222	1.072008e+02
223	1.076590e+02
224	1.081106e+02
225	1.085757e+02
226	1.090523e+02
227	1.095630e+02
228	1.100919e+02
229	1.107272e+02
230	1.112823e+02
231	1.118138e+02
232	1.122191e+02
233	1.125877e+02
234	1.130114e+02
235	1.133251e+02
236	1.134329e+02
237	1.135805e+02
238	1.136408e+02
239	1.135945e+02
240	1.134161e+02
241	1.131192e+02
242	1.127479e+02
243	1.122490e+02
244	1.116358e+02
245	1.108924e+02
246	1.100225e+02
247	1.091965e+02
248	1.083189e+02
249	1.075314e+02
250	1.067921e+02
251	1.061898e+02
252	1.055956e+02
253	1.050959e+02
254	1.046561e+02
255	1.042876e+02
256	1.038804e+02
257	1.035066e+02
258	1.032421e+02
259	1.031304e+02
260	1.031155e+02
261	1.031581e+02
262	1.033320e+02
263	1.035723e+02
264	1.038964e+02
265	1.042578e+02
266	1.045804e+02
267	1.049917e+02
268	1.053274e+02
269	1.057397e+02
270	1.062715e+02
271	1.068042e+02
272	1.072873e+02
273	1.077800e+02
274	1.082183e+02
275	1.087481e+02
276	1.093036e+02
277	1.099324e+02
278	1.104843e+02
279	1.109703e+02
280	1.114142e+02
281	1.117283e+02
282	1.119739e+02
283	1.120599e+02
284	1.121060e+02
285	1.121166e+02
286	1.120742e+02
287	1.120029e+02
288	1.118442e+02
289	1.115437e+02
290	1.112197e+02
291	1.107517e+02
292	1.102838e+02
293	1.098506e+02
294	1.094718e+02
295	1.090847e+02
296	1.087577e+02
297	1.085350e+02
298	1.082257e+02
299	1.078645e+02
300	1.075371e+02
301	1.073336e+02
302	1.071092e+02
303	1.069733e+02
304	1.067708e+02
305	1.065471e+02
306	1.062731e+02
307	1.060338e+02
308	1.057362e+02
309	1.055042e+02
310	1.053511e+02
311	1.053330e+02
312	1.055095e+02
313	1.057098e+02
314	1.059864e+02
315	1.062298e+02
316	1.064895e+02
317	1.068143e+02
318	1.071647e+02
319	1.075119e+02
320	1.078890e+02
321	1.082855e+02
322	1.087783e+02
323	1.092013e+02
324	1.096391e+02
325	1.100571e+02
326	1.103921e+02
327	1.106063e+02
328	1.107983e+02
329	1.107952e+02
330	1.107276e+02
331	1.105870e+02
332	1.103505e+02
333	1.100840e+02
334	1.097405e+02
335	1.093583e+02
336	1.088892e+02
337	1.084032e+02
338	1.078930e+02
339	1.074937e+02
340	1.071655e+02
341	1.068789e+02
342	1.066422e+02
343	1.064820e+02
344	1.063666e+02
345	1.063849e+02
346	1.064729e+02
347	1.065699e+02
348	1.066672e+02
349	1.067414e+02
350	1.068387e+02
351	1.070101e+02
352	1.073327e+02
353	1.077260e+02
354	1.080963e+02
355	1.085422e+02
356	1.089298e+02
357	1.092788e+02
358	1.096698e+02
359	1.099929e+02
360	1.102659e+02
361	1.105617e+02
362	1.108095e+02
363	1.110995e+02
364	1.114287e+02
365	1.118385e+02
366	1.120642e+02
367	1.122553e+02
368	1.123657e+02
369	1.123786e+02
370	1.122626e+02
371	1.120128e+02
372	1.116399e+02
373	1.111148e+02
374	1.105885e+02
375	1.100111e+02
376	1.094396e+02
377	1.087661e+02
378	1.081175e+02
379	1.075428e+02
380	1.069577e+02
381	1.064274e+02
382	1.059608e+02
383	1.056629e+02
384	1.054282e+02
385	1.052352e+02
386	1.050602e+02
387	1.049908e+02
388	1.050690e+02
389	1.051776e+02
390	1.053776e+02
391	1.056854e+02
392	1.061498e+02
393	1.066384e+02
394	1.070987e+02
395	1.076024e+02
396	1.080531e+02
397	1.084111e+02
398	1.086617e+02
399	1.088134e+02
400	1.089789e+02
401	1.089850e+02
402	1.089275e+02
403	1.088371e+02
404	1.086463e+02
405	1.082864e+02
406	1.078098e+02
407	1.073370e+02
408	1.068604e+02
409	1.063879e+02
410	1.060211e+02
411	1.055686e+02
412	1.052154e+02
413	1.047540e+02
414	1.043091e+02
415	1.039232e+02
416	1.036016e+02
417	1.034697e+02
418	1.035131e+02
419	1.036476e+02
420	1.039164e+02
421	1.041879e+02
422	1.045321e+02
423	1.048330e+02
424	1.051329e+02
425	1.055281e+02
426	1.059629e+02
427	1.064975e+02
428	1.069887e+02
429	1.075989e+02
430	1.081650e+02
431	1.087184e+02
432	1.092866e+02
433	1.098461e+02
434	1.103844e+02
435	1.107982e+02
436	1.111357e+02
437	1.114557e+02
438	1.118364e+02
439	1.121476e+02
440	1.124987e+02
441	1.127643e+02
442	1.129055e+02
443	1.129307e+02
444	1.130282e+02
445	1.132020e+02
446	1.133961e+02
447	1.135634e+02
448	1.136539e+02
449	1.136329e+02
450	1.135311e+02
451	1.133303e+02
452	1.131229e+02
453	1.128747e+02
454	1.125488e+02
455	1.120320e+02
456	1.113620e+02
457	1.105238e+02
458	1.096490e+02
459	1.087382e+02
460	1.077768e+02
461	1.068261e+02
462	1.060195e+02
463	1.051370e+02
464	1.041692e+02
465	1.031950e+02
466	1.022879e+02
467	1.014416e+02
468	1.007172e+02
469	9.998696e+01
470	9.947959e+01
471	9.919323e+01
472	9.916004e+01
473	9.912592e+01
474	9.929457e+01
475	9.962961e+01
476	1.000844e+02
477	1.005632e+02
478	1.011114e+02
479	1.017258e+02
480	1.023793e+02
481	1.031216e+02
482	1.037778e+02
483	1.044867e+02
484	1.051470e+02
485	1.059520e+02
486	1.067282e+02
487	1.075392e+02
488	1.083497e+02
489	1.092519e+02
490	1.100528e+02
491	1.107932e+02
492	1.115535e+02
493	1.122254e+02
494	1.128935e+02
495	1.134516e+02
496	1.138749e+02
497	1.141359e+02
498	1.143680e+02
499	1.145110e+02
500	1.144136e+02
501	1.141301e+02
502	1.136388e+02
503	1.129733e+02
504	1.121604e+02
505	1.111773e+02
506	1.101181e+02
507	1.091047e+02
508	1.081409e+02
509	1.072003e+02
510	1.062734e+02
511	1.055175e+02
512	1.048223e+02
513	1.040910e+02
514	1.033523e+02
515	1.026314e+02
516	1.019368e+02
517	1.013741e+02
518	1.007786e+02
519	1.002814e+02
520	1.000034e+02
521	9.987382e+01
522	9.975411e+01
523	9.977627e+01
524	9.979007e+01
525	9.982920e+01
526	9.986300e+01
527	9.981529e+01
528	9.985043e+01
529	1.000797e+02
530	1.004385e+02
531	1.010061e+02
532	1.015939e+02
533	1.022661e+02
534	1.030214e+02
535	1.038238e+02
536	1.047500e+02
537	1.058554e+02
538	1.069519e+02
539	1.080403e+02
540	1.091629e+02
541	1.102029e+02
542	1.112588e+02
543	1.122537e+02
544	1.131800e+02
545	1.140132e+02
546	1.147484e+02
547	1.152895e+02
548	1.157008e+02
549	1.161127e+02
550	1.163030e+02
551	1.163778e+02
552	1.162573e+02
553	1.159771e+02
554	1.156303e+02
555	1.151753e+02
556	1.146025e+02
557	1.138362e+02
558	1.131036e+02
559	1.123698e+02
560	1.116604e+02
561	1.108961e+02
562	1.100516e+02
563	1.092012e+02
564	1.082604e+02
565	1.072792e+02
566	1.062337e+02
567	1.051987e+02
568	1.042390e+02
569	1.033061e+02
570	1.024405e+02
571	1.014791e+02
572	1.006551e+02
573	9.991268e+01
574	9.926732e+01
575	9.878963e+01
576	9.843639e+01
577	9.828338e+01
578	9.844171e+01
579	9.882619e+01
580	9.938230e+01
581	1.000723e+02
582	1.009113e+02
583	1.019374e+02
584	1.030993e+02
585	1.043990e+02
586	1.059660e+02
587	1.077009e+02
588	1.095539e+02
589	1.113993e+02
590	1.132749e+02
591	1.150070e+02
592	1.165086e+02
593	1.179013e+02
594	1.191584e+02
595	1.201899e+02
596	1.209758e+02
597	1.215091e+02
598	1.218777e+02
599	1.219807e+02
600	1.218848e+02
601	1.215467e+02
602	1.211743e+02
603	1.206733e+02
604	1.199655e+02
605	1.191062e+02
606	1.181087e+02
607	1.169129e+02
608	1.155847e+02
609	1.139670e+02
610	1.121212e+02
611	1.102231e+02
612	1.081774e+02
613	1.061861e+02
614	1.042563e+02
615	1.024081e+02
616	1.006475e+02
617	9.904846e+01
618	9.753005e+01
619	9.625545e+01
620	9.534433e+01
621	9.468997e+01
622	9.434533e+01
623	9.420719e+01
624	9.419534e+01
625	9.424957e+01
626	9.445162e+01
627	9.489222e+01
628	9.538131e+01
629	9.599780e+01
630	9.678854e+01
631	9.771775e+01
632	9.878138e+01
633	9.997847e+01
634	1.013881e+02
635	1.028689e+02
636	1.043593e+02
637	1.058766e+02
638	1.073365e+02
639	1.085695e+02
640	1.097406e+02
641	1.108911e+02
642	1.120673e+02
643	1.131723e+02
644	1.142402e+02
645	1.152503e+02
646	1.161897e+02
647	1.169693e+02
648	1.176378e+02
649	1.181771e+02
650	1.183840e+02
651	1.184604e+02
652	1.183137e+02
653	1.179850e+02
654	1.174821e+02
655	1.167076e+02
656	1.157725e+02
657	1.147080e+02
658	1.134735e+02
659	1.121674e+02
660	1.107536e+02
661	1.093328e+02
662	1.080522e+02
663	1.068727e+02
664	1.058449e+02
665	1.049154e+02
666	1.041544e+02
667	1.035440e+02
668	1.031490e+02
669	1.028107e+02
670	1.025909e+02
671	1.026106e+02
672	1.026902e+02
673	1.028464e+02
674	1.031674e+02
675	1.035528e+02
676	1.039062e+02
677	1.043198e+02
678	1.047242e+02
679	1.051310e+02
680	1.056114e+02
681	1.061447e+02
682	1.067501e+02
683	1.073448e+02
684	1.078528e+02
685	1.082877e+02
686	1.087886e+02
687	1.092665e+02
688	1.097029e+02
689	1.102299e+02
690	1.109125e+02
691	1.115919e+02
692	1.122419e+02
693	1.129026e+02
694	1.135839e+02
695	1.142481e+02
696	1.149646e+02
697	1.155437e+02
698	1.158542e+02
699	1.160393e+02
700	1.159461e+02
701	1.156774e+02
702	1.152113e+02
703	1.145982e+02
704	1.136645e+02
705	1.125078e+02
706	1.112661e+02
707	1.098651e+02
708	1.085026e+02
709	1.071535e+02
710	1.057520e+02
711	1.043170e+02
712	1.029971e+02
713	1.017493e+02
714	1.006505e+02
715	9.974412e+01
716	9.895436e+01
717	9.830131e+01
718	9.785224e+01
719	9.761871e+01
720	9.757066e+01
721	9.775501e+01
722	9.811317e+01
723	9.863345e+01
724	9.936273e+01
725	1.003066e+02
726	1.014525e+02
727	1.027628e+02
728	1.042904e+02
729	1.058078e+02
730	1.073713e+02
731	1.089922e+02
732	1.105001e+02
733	1.119571e+02
734	1.133062e+02
735	1.145629e+02
736	1.157614e+02
737	1.168319e+02
738	1.177367e+02
739	1.185260e+02
740	1.191798e+02
741	1.196300e+02
742	1.197391e+02
743	1.194871e+02
744	1.189305e+02
745	1.181511e+02
746	1.171226e+02
747	1.159232e+02
748	1.146378e+02
749	1.132275e+02
750	1.116116e+02
751	1.100393e+02
752	1.084462e+02
753	1.068223e+02
754	1.052243e+02
755	1.037374e+02
756	1.023054e+02
757	1.010671e+02
758	9.990809e+01
759	9.896220e+01
760	9.819176e+01
761	9.759451e+01
762	9.717682e+01
763	9.696509e+01
764	9.695990e+01
765	9.708545e+01
766	9.743398e+01
767	9.798105e+01
768	9.869115e+01
769	9.957231e+01
770	1.005963e+02
771	1.017530e+02
772	1.030823e+02
773	1.044482e+02
774	1.058721e+02
775	1.073472e+02
776	1.088115e+02
777	1.103604e+02
778	1.120378e+02
779	1.136736e+02
780	1.152948e+02
781	1.168216e+02
782	1.182783e+02
783	1.196622e+02
784	1.209734e+02
785	1.220739e+02
786	1.229039e+02
787	1.235102e+02
788	1.238448e+02
789	1.238796e+02
790	1.235786e+02
791	1.229947e+02
792	1.221303e+02
793	1.210274e+02
794	1.197773e+02
795	1.184767e+02
796	1.172344e+02
797	1.158827e+02
798	1.144173e+02
799	1.129135e+02
800	1.113755e+02
801	1.099600e+02
802	1.085338e+02
803	1.071879e+02
804	1.059266e+02
805	1.047521e+02
806	1.035652e+02
807	1.024550e+02
808	1.014642e+02
809	1.005903e+02
810	9.982114e+01
811	9.919769e+01
812	9.875201e+01
813	9.845434e+01
814	9.825234e+01
815	9.808965e+01
816	9.803907e+01
817	9.817637e+01
818	9.849817e+01
819	9.902384e+01
820	9.981414e+01
821	1.007134e+02
822	1.018570e+02
823	1.030168e+02
824	1.043712e+02
825	1.058509e+02
826	1.073845e+02
827	1.089884e+02
828	1.107005e+02
829	1.125228e+02
830	1.142871e+02
831	1.158923e+02
832	1.174215e+02
833	1.187593e+02
834	1.200019e+02
835	1.210666e+02
836	1.218611e+02
837	1.223669e+02
838	1.226440e+02
839	1.227808e+02
840	1.226469e+02
841	1.222786e+02
842	1.218280e+02
843	1.210279e+02
844	1.200128e+02
845	1.187294e+02
846	1.172502e+02
847	1.155006e+02
848	1.135720e+02
849	1.115391e+02
850	1.095051e+02
851	1.074437e+02
852	1.054176e+02
853	1.034378e+02
854	1.015592e+02
855	9.986235e+01
856	9.819796e+01
857	9.673952e+01
858	9.546729e+01
859	9.444118e+01
860	9.383205e+01
861	9.358752e+01
862	9.354296e+01
863	9.371352e+01
864	9.408359e+01
865	9.464103e+01
866	9.539137e+01
867	9.642321e+01
868	9.759228e+01
869	9.896698e+01
870	1.004244e+02
871	1.021339e+02
872	1.041132e+02
873	1.061465e+02
874	1.082406e+02
875	1.102245e+02
876	1.119948e+02
877	1.137187e+02
878	1.152925e+02
879	1.166639e+02
880	1.178663e+02
881	1.188879e+02
882	1.197371e+02
883	1.204194e+02
884	1.209614e+02
885	1.212725e+02
886	1.213795e+02
887	1.212662e+02
888	1.209292e+02
889	1.203349e+02
890	1.195138e+02
891	1.184700e+02
892	1.171093e+02
893	1.155072e+02
894	1.138296e+02
895	1.120813e+02
896	1.102296e+02
897	1.083949e+02
898	1.066256e+02
899	1.048812e+02
900	1.032426e+02
901	1.017565e+02
902	1.004285e+02
903	9.918017e+01
904	9.813363e+01
905	9.731168e+01
906	9.662330e+01
907	9.616557e+01
908	9.598462e+01
909	9.600771e+01
910	9.619941e+01
911	9.653733e+01
912	9.713230e+01
913	9.797491e+01
914	9.908780e+01
915	1.003097e+02
916	1.016490e+02
917	1.030499e+02
918	1.046020e+02
919	1.061104e+02
920	1.075924e+02
921	1.091688e+02
922	1.106440e+02
923	1.121568e+02
924	1.136268e+02
925	1.150586e+02
926	1.164039e+02
927	1.176450e+02
928	1.188306e+02
929	1.199582e+02
930	1.209765e+02
931	1.218050e+02
932	1.225026e+02
933	1.229552e+02
934	1.232123e+02
935	1.233333e+02
936	1.231850e+02
937	1.228488e+02
938	1.223538e+02
939	1.216287e+02
940	1.207830e+02
941	1.197971e+02
942	1.188180e+02
943	1.176973e+02
944	1.165454e+02
945	1.153537e+02
946	1.141323e+02
947	1.129308e+02
948	1.116711e+02
949	1.104112e+02
950	1.091202e+02
951	1.078172e+02
952	1.065270e+02
953	1.052668e+02
954	1.040685e+02
955	1.029585e+02
956	1.019622e+02
957	1.009743e+02
958	1.001117e+02
959	9.940584e+01
960	9.896269e+01
961	9.866754e+01
962	9.861643e+01
963	9.863912e+01
964	9.883445e+01
965	9.931770e+01
966	9.999218e+01
967	1.009314e+02
968	1.019860e+02
969	1.030976e+02
970	1.043373e+02
971	1.056711e+02
972	1.070783e+02
973	1.084337e+02
974	1.098494e+02
975	1.111990e+02
976	1.124721e+02
977	1.136581e+02
978	1.146795e+02
979	1.155046e+02
980	1.161758e+02
981	1.166684e+02
982	1.169698e+02
983	1.170446e+02
984	1.168836e+02
985	1.166220e+02
986	1.162303e+02
987	1.155865e+02
988	1.149315e+02
989	1.142011e+02
990	1.133842e+02
991	1.125083e+02
992	1.115817e+02
993	1.105219e+02
994	1.094428e+02
995	1.083712e+02
996	1.073482e+02
997	1.063927e+02
998	1.055613e+02
999	1.047606e+02
1000	1.041181e+02
1001	1.036123e+02
1002	1.032681e+02
1003	1.029484e+02
1004	1.027555e+02
1005	1.026812e+02
1006	1.026863e+02
1007	1.026958e+02
1008	1.027379e+02
1009	1.028107e+02
1010	1.029548e+02
1011	1.031541e+02
1012	1.033526e+02
1013	1.035663e+02
1014	1.038871e+02
1015	1.043454e+02
1016	1.048820e+02
1017	1.054451e+02
1018	1.061111e+02
1019	1.069487e+02
1020	1.078352e+02
1021	1.088496e+02
1022	1.098811e+02
1023	1.109808e+02
1024	1.120885e+02
1025	1.131167e+02
1026	1.140476e+02
1027	1.148782e+02
1028	1.156531e+02
1029	1.162978e+02
1030	1.167286e+02
1031	1.170448e+02
1032	1.171382e+02
1033	1.171600e+02
1034	1.169476e+02
1035	1.167055e+02
1036	1.162739e+02
1037	1.157712e+02
1038	1.150899e+02
1039	1.143106e+02
1040	1.133832e+02
1041	1.125446e+02
1042	1.117868e+02
1043	1.109576e+02
1044	1.100661e+02
1045	1.093568e+02
1046	1.088170e+02
1047	1.082476e+02
1048	1.075770e+02
1049	1.070954e+02
1050	1.067180e+02
1051	1.064791e+02
1052	1.064404e+02
1053	1.064184e+02
1054	1.065658e+02
1055	1.068075e+02
1056	1.070931e+02
1057	1.074438e+02
1058	1.078789e+02
1059	1.084048e+02
1060	1.090388e+02
1061	1.096921e+02
1062	1.103704e+02
1063	1.110333e+02
1064	1.117192e+02
1065	1.123648e+02
1066	1.129858e+02
1067	1.135370e+02
1068	1.140049e+02
1069	1.144844e+02
1070	1.149788e+02
1071	1.153368e+02
1072	1.155909e+02
1073	1.157485e+02
1074	1.158274e+02
1075	1.159086e+02
1076	1.159169e+02
1077	1.157867e+02
1078	1.154834e+02
1079	1.151000e+02
1080	1.146073e+02
1081	1.139708e+02
1082	1.131547e+02
1083	1.122720e+02
1084	1.112762e+02
1085	1.103579e+02
1086	1.094137e+02
1087	1.085358e+02
1088	1.077429e+02
1089	1.069107e+02
1090	1.061921e+02
1091	1.054267e+02
1092	1.047632e+02
1093	1.041994e+02
1094	1.038884e+02
1095	1.038091e+02
1096	1.039140e+02
1097	1.041664e+02
1098	1.045796e+02
1099	1.051532e+02
1100	1.058525e+02
1101	1.066213e+02
1102	1.073703e+02
1103	1.082622e+02
1104	1.092387e+02
1105	1.103099e+02
1106	1.113108e+02
1107	1.121549e+02
1108	1.129602e+02
1109	1.136427e+02
1110	1.142505e+02
1111	1.147062e+02
1112	1.149701e+02
1113	1.149556e+02
1114	1.148181e+02
1115	1.145082e+02
1116	1.140362e+02
1117	1.133637e+02
1118	1.126481e+02
1119	1.118719e+02
1120	1.110123e+02
1121	1.100475e+02
1122	1.091016e+02
1123	1.081768e+02
1124	1.072339e+02
1125	1.063568e+02
1126	1.055043e+02
1127	1.047085e+02
1128	1.039996e+02
1129	1.033973e+02
1130	1.030690e+02
1131	1.028649e+02
1132	1.026731e+02
1133	1.025871e+02
1134	1.027050e+02
1135	1.029978e+02
1136	1.034071e+02
1137	1.038205e+02
1138	1.041745e+02
1139	1.045583e+02
1140	1.049958e+02
1141	1.054904e+02
1142	1.059021e+02
1143	1.063652e+02
1144	1.068631e+02
1145	1.074861e+02
1146	1.081004e+02
1147	1.087482e+02
1148	1.095116e+02
1149	1.101970e+02
1150	1.108968e+02
1151	1.116051e+02
1152	1.123616e+02
1153	1.131522e+02
1154	1.138092e+02
1155	1.144239e+02
1156	1.149785e+02
1157	1.154669e+02
1158	1.158544e+02
1159	1.160746e+02
1160	1.160677e+02
1161	1.158994e+02
1162	1.156699e+02
1163	1.153819e+02
1164	1.149880e+02
1165	1.146089e+02
1166	1.141459e+02
1167	1.137469e+02
1168	1.132203e+02
1169	1.126027e+02
1170	1.119354e+02
1171	1.112877e+02
1172	1.105394e+02
1173	1.098440e+02
1174	1.091266e+02
1175	1.084167e+02
1176	1.076555e+02
1177	1.069385e+02
1178	1.062542e+02
1179	1.056265e+02
1180	1.050528e+02
1181	1.046469e+02
1182	1.042844e+02
1183	1.040254e+02
1184	1.038968e+02
1185	1.038212e+02
1186	1.038384e+02
1187	1.038409e+02
1188	1.038822e+02
1189	1.039688e+02
1190	1.041768e+02
1191	1.044366e+02
1192	1.048648e+02
1193	1.054537e+02
1194	1.060213e+02
1195	1.067195e+02
1196	1.074095e+02
1197	1.081985e+02
1198	1.090980e+02
1199	1.101274e+02
1200	1.111736e+02
1201	1.122260e+02
1202	1.133055e+02
1203	1.141812e+02
1204	1.150916e+02
1205	1.158366e+02
1206	1.164672e+02
1207	1.169517e+02
1208	1.171740e+02
1209	1.173641e+02
1210	1.174492e+02
1211	1.174555e+02
1212	1.173307e+02
1213	1.170924e+02
1214	1.166996e+02
1215	1.162302e+02
1216	1.158403e+02
1217	1.154085e+02
1218	1.148109e+02
1219	1.141821e+02
1220	1.134239e+02
1221	1.127380e+02
1222	1.119704e+02
1223	1.111440e+02
1224	1.104097e+02
1225	1.096498e+02
1226	1.089111e+02
1227	1.081415e+02
1228	1.074613e+02
1229	1.068740e+02
1230	1.063712e+02
1231	1.059685e+02
1232	1.056562e+02
1233	1.053764e+02
1234	1.050928e+02
1235	1.047647e+02
1236	1.045869e+02
1237	1.045265e+02
1238	1.044522e+02
1239	1.044463e+02
1240	1.046406e+02
1241	1.050107e+02
1242	1.056321e+02
1243	1.063623e+02
1244	1.071849e+02
1245	1.080435e+02
1246	1.089694e+02
1247	1.099502e+02
1248	1.108854e+02
1249	1.118705e+02
1250	1.128479e+02
1251	1.138584e+02
1252	1.147724e+02
1253	1.156422e+02
1254	1.163939e+02
1255	1.169761e+02
1256	1.173743e+02
1257	1.176686e+02
1258	1.178372e+02
1259	1.178261e+02
1260	1.176807e+02
1261	1.174935e+02
1262	1.172033e+02
1263	1.168489e+02
1264	1.162865e+02
1265	1.156579e+02
1266	1.149224e+02
1267	1.140434e+02
1268	1.130397e+02
1269	1.119005e+02
1270	1.107762e+02
1271	1.096362e+02
1272	1.084980e+02
1273	1.073643e+02
1274	1.062528e+02
1275	1.052836e+02
1276	1.042858e+02
1277	1.033799e+02
1278	1.026468e+02
1279	1.019199e+02
1280	1.013578e+02
1281	1.008985e+02
1282	1.005401e+02
1283	1.004756e+02
1284	1.005132e+02
1285	1.008158e+02
1286	1.013222e+02
1287	1.020382e+02
1288	1.028754e+02
1289	1.038051e+02
1290	1.048528e+02
1291	1.059438e+02
1292	1.071215e+02
1293	1.084343e+02
1294	1.097066e+02
1295	1.109941e+02
1296	1.122067e+02
1297	1.133094e+02
1298	1.142143e+02
1299	1.149377e+02
1300	1.154847e+02
1301	1.158467e+02
1302	1.161028e+02
1303	1.162323e+02
1304	1.163340e+02
1305	1.163791e+02
1306	1.163505e+02
1307	1.162045e+02
1308	1.159699e+02
1309	1.156479e+02
1310	1.152135e+02
1311	1.146634e+02
1312	1.140189e+02
1313	1.132207e+02
1314	1.121764e+02
1315	1.111205e+02
1316	1.099958e+02
1317	1.088548e+02
1318	1.076884e+02
1319	1.065558e+02
1320	1.055135e+02
1321	1.044848e+02
1322	1.035746e+02
1323	1.027688e+02
1324	1.020425e+02
1325	1.014221e+02
1326	1.009610e+02
1327	1.007234e+02
1328	1.005858e+02
1329	1.006112e+02
1330	1.007000e+02
1331	1.009118e+02
1332	1.013196e+02
1333	1.018513e+02
1334	1.024956e+02
1335	1.031779e+02
1336	1.039707e+02
1337	1.048287e+02
1338	1.056443e+02
1339	1.065139e+02
1340	1.074701e+02
1341	1.084636e+02
1342	1.094047e+02
1343	1.102884e+02
1344	1.111630e+02
1345	1.120744e+02
1346	1.130195e+02
1347	1.138564e+02
1348	1.146016e+02
1349	1.153033e+02
1350	1.159398e+02
1351	1.164282e+02
1352	1.167707e+02
1353	1.169396e+02
1354	1.169157e+02
1355	1.166165e+02
1356	1.162397e+02
1357	1.156245e+02
1358	1.148728e+02
1359	1.140458e+02
1360	1.130959e+02
1361	1.121754e+02
1362	1.112631e+02
1363	1.103831e+02
1364	1.095706e+02
1365	1.088471e+02
1366	1.081348e+02
1367	1.074420e+02
1368	1.068344e+02
1369	1.061600e+02
1370	1.056968e+02
1371	1.053421e+02
1372	1.051245e+02
1373	1.049656e+02
1374	1.047664e+02
1375	1.046316e+02
1376	1.045796e+02
1377	1.046448e+02
1378	1.047328e+02
1379	1.049219e+02
1380	1.050440e+02
1381	1.051890e+02
1382	1.054706e+02
1383	1.059053e+02
1384	1.065027e+02
1385	1.071585e+02
1386	1.077859e+02
1387	1.084807e+02
1388	1.091759e+02
1389	1.098802e+02
1390	1.105663e+02
1391	1.112643e+02
1392	1.120411e+02
1393	1.127334e+02
1394	1.134342e+02
1395	1.141371e+02
1396	1.148596e+02
1397	1.154062e+02
1398	1.159794e+02
1399	1.164791e+02
1400	1.167855e+02
1401	1.169686e+02
1402	1.169907e+02
1403	1.168381e+02
1404	1.164294e+02
1405	1.158535e+02
1406	1.151612e+02
1407	1.144651e+02
1408	1.137369e+02
1409	1.130323e+02
1410	1.122327e+02
1411	1.114161e+02
1412	1.106364e+02
1413	1.100133e+02
1414	1.095260e+02
1415	1.091099e+02
1416	1.088075e+02
1417	1.085367e+02
1418	1.083340e+02
1419	1.082012e+02
1420	1.082007e+02
1421	1.082578e+02
1422	1.082891e+02
1423	1.084049e+02
1424	1.085671e+02
1425	1.087559e+02
1426	1.088869e+02
1427	1.091066e+02
1428	1.093786e+02
1429	1.096593e+02
1430	1.100692e+02
1431	1.104652e+02
1432	1.108463e+02
1433	1.112275e+02
1434	1.116992e+02
1435	1.122133e+02
1436	1.126657e+02
1437	1.132159e+02
1438	1.137215e+02
1439	1.142695e+02
1440	1.148076e+02
1441	1.153189e+02
1442	1.156509e+02
1443	1.159731e+02
1444	1.161947e+02
1445	1.162250e+02
1446	1.161186e+02
1447	1.157854e+02
1448	1.153833e+02
1449	1.149163e+02
1450	1.142549e+02
1451	1.135268e+02
1452	1.127119e+02
1453	1.119592e+02
1454	1.111565e+02
1455	1.104485e+02
1456	1.096990e+02
1457	1.090999e+02
1458	1.085174e+02
1459	1.079379e+02
1460	1.073400e+02
1461	1.068253e+02
1462	1.063527e+02
1463	1.060721e+02
1464	1.058423e+02
1465	1.057222e+02
1466	1.057003e+02
1467	1.057450e+02
1468	1.060346e+02
1469	1.065224e+02
1470	1.070752e+02
1471	1.076655e+02
1472	1.083630e+02
1473	1.090586e+02
1474	1.098697e+02
1475	1.107391e+02
1476	1.115903e+02
1477	1.124365e+02
1478	1.133341e+02
1479	1.141003e+02
1480	1.147954e+02
1481	1.153740e+02
1482	1.158437e+02
1483	1.162669e+02
1484	1.166192e+02
1485	1.170151e+02
1486	1.173532e+02
1487	1.176428e+02
1488	1.178583e+02
1489	1.180171e+02
1490	1.180422e+02
1491	1.178462e+02
1492	1.174770e+02
1493	1.169678e+02
1494	1.163440e+02
1495	1.155691e+02
1496	1.146848e+02
1497	1.138221e+02
1498	1.130003e+02
1499	1.121569e+02
1500	1.113412e+02
1501	1.104776e+02
1502	1.095082e+02
1503	1.085409e+02
1504	1.076878e+02
1505	1.068620e+02
1506	1.060297e+02
1507	1.052844e+02
1508	1.045261e+02
1509	1.038174e+02
1510	1.033004e+02
1511	1.027792e+02
1512	1.023272e+02
1513	1.019156e+02
1514	1.015662e+02
1515	1.012858e+02
1516	1.011651e+02
1517	1.011953e+02
1518	1.014713e+02
1519	1.018096e+02
1520	1.022017e+02
1521	1.027269e+02
1522	1.034785e+02
1523	1.042252e+02
1524	1.049817e+02
1525	1.057686e+02
1526	1.065555e+02
1527	1.075104e+02
1528	1.084657e+02
1529	1.094057e+02
1530	1.105019e+02
1531	1.115330e+02
1532	1.125351e+02
1533	1.135020e+02
1534	1.143917e+02
1535	1.151492e+02
1536	1.157095e+02
1537	1.162422e+02
1538	1.166890e+02
1539	1.171762e+02
1540	1.175879e+02
1541	1.178350e+02
1542	1.180322e+02
1543	1.181663e+02
1544	1.181363e+02
1545	1.180426e+02
1546	1.178912e+02
1547	1.176942e+02
1548	1.173977e+02
1549	1.169411e+02
1550	1.163524e+02
1551	1.156994e+02
1552	1.150177e+02
1553	1.142232e+02
1554	1.135073e+02
1555	1.127766e+02
1556	1.119035e+02
1557	1.109843e+02
1558	1.100349e+02
1559	1.090384e+02
1560	1.079549e+02
1561	1.068423e+02
1562	1.056358e+02
1563	1.045491e+02
1564	1.035742e+02
1565	1.028211e+02
1566	1.021978e+02
1567	1.017763e+02
1568	1.015066e+02
1569	1.013510e+02
1570	1.012594e+02
1571	1.013129e+02
1572	1.015095e+02
1573	1.019090e+02
1574	1.023753e+02
1575	1.030963e+02
1576	1.039568e+02
1577	1.050542e+02
1578	1.062570e+02
1579	1.074932e+02
1580	1.088373e+02
1581	1.100089e+02
1582	1.111709e+02
1583	1.122649e+02
1584	1.131337e+02
1585	1.138926e+02
1586	1.144504e+02
1587	1.150193e+02
1588	1.154002e+02
1589	1.155476e+02
1590	1.155935e+02
1591	1.154951e+02
1592	1.152850e+02
1593	1.150518e+02
1594	1.147915e+02
1595	1.144753e+02
1596	1.140817e+02
1597	1.136436e+02
1598	1.132365e+02
1599	1.128342e+02
1600	1.123435e+02
1601	1.116106e+02
1602	1.108865e+02
1603	1.101051e+02
1604	1.092586e+02
1605	1.084791e+02
1606	1.077263e+02
1607	1.070554e+02
1608	1.064217e+02
1609	1.057605e+02
1610	1.051654e+02
1611	1.046931e+02
1612	1.042968e+02
1613	1.041210e+02
1614	1.041423e+02
1615	1.042722e+02
1616	1.045970e+02
1617	1.051220e+02
1618	1.057917e+02
1619	1.064561e+02
1620	1.071722e+02
1621	1.079484e+02
1622	1.086826e+02
1623	1.094541e+02
1624	1.100728e+02
1625	1.106667e+02
1626	1.111744e+02
1627	1.115553e+02
1628	1.118857e+02
1629	1.120479e+02
1630	1.122421e+02
1631	1.123594e+02
1632	1.124525e+02
1633	1.125689e+02
1634	1.126437e+02
1635	1.126453e+02
1636	1.125854e+02
1637	1.125128e+02
1638	1.124222e+02
1639	1.122996e+02
1640	1.121846e+02
1641	1.120147e+02
1642	1.118132e+02
1643	1.115570e+02
1644	1.112158e+02
1645	1.108571e+02
1646	1.103645e+02
1647	1.098770e+02
1648	1.093954e+02
1649	1.089402e+02
1650	1.085881e+02
1651	1.083227e+02
1652	1.081200e+02
1653	1.079636e+02
1654	1.078484e+02
1655	1.077582e+02
1656	1.077330e+02
1657	1.076877e+02
1658	1.076639e+02
1659	1.076794e+02
1660	1.076672e+02
1661	1.076753e+02
1662	1.076415e+02
1663	1.075849e+02
1664	1.075647e+02
1665	1.076065e+02
1666	1.076581e+02
1667	1.076951e+02
1668	1.078314e+02
1669	1.079652e+02
1670	1.080418e+02
1671	1.080390e+02
1672	1.080298e+02
1673	1.079910e+02
1674	1.078947e+02
1675	1.077883e+02
1676	1.078195e+02
1677	1.078704e+02
1678	1.079152e+02
1679	1.080717e+02
1680	1.082492e+02
1681	1.083797e+02
1682	1.085114e+02
1683	1.086717e+02
1684	1.088710e+02
1685	1.090893e+02
1686	1.092326e+02
1687	1.092865e+02
1688	1.092848e+02
1689	1.091750e+02
1690	1.090683e+02
1691	1.089404e+02
1692	1.088879e+02
1693	1.087077e+02
1694	1.084866e+02
1695	1.083261e+02
1696	1.082753e+02
1697	1.082442e+02
1698	1.082717e+02
1699	1.083760e+02
1700	1.085683e+02
1701	1.086839e+02
1702	1.088288e+02
1703	1.089340e+02
1704	1.090552e+02
1705	1.092600e+02
1706	1.093977e+02
1707	1.095256e+02
1708	1.096190e+02
1709	1.096886e+02
1710	1.099444e+02
1711	1.101216e+02
1712	1.103280e+02
1713	1.105138e+02
1714	1.106067e+02
1715	1.107244e+02
1716	1.108498e+02
1717	1.110003e+02
1718	1.111555e+02
1719	1.112537e+02
1720	1.113000e+02
1721	1.113604e+02
1722	1.114382e+02
1723	1.115915e+02
1724	1.118545e+02
1725	1.121140e+02
1726	1.123251e+02
1727	1.125708e+02
1728	1.126821e+02
1729	1.127527e+02
1730	1.126366e+02
1731	1.124267e+02
1732	1.121140e+02
1733	1.117621e+02
1734	1.113397e+02
1735	1.108108e+02
1736	1.101228e+02
1737	1.094962e+02
1738	1.088536e+02
1739	1.082040e+02
1740	1.075339e+02
1741	1.068392e+02
1742	1.061986e+02
1743	1.055822e+02
1744	1.049971e+02
1745	1.045232e+02
1746	1.041786e+02
1747	1.039881e+02
1748	1.038749e+02
1749	1.038043e+02
1750	1.037847e+02
1751	1.037659e+02
1752	1.038412e+02
1753	1.039009e+02
1754	1.040071e+02
1755	1.041640e+02
1756	1.043348e+02
1757	1.046449e+02
1758	1.050606e+02
1759	1.055141e+02
1760	1.059278e+02
1761	1.063620e+02
1762	1.068093e+02
1763	1.071894e+02
1764	1.076381e+02
1765	1.080043e+02
1766	1.084318e+02
1767	1.088854e+02
1768	1.093847e+02
1769	1.098031e+02
1770	1.103289e+02
1771	1.108787e+02
1772	1.114233e+02
1773	1.117852e+02
1774	1.120583e+02
1775	1.121947e+02
1776	1.121757e+02
1777	1.120814e+02
1778	1.118630e+02
1779	1.116565e+02
1780	1.114038e+02
1781	1.111165e+02
1782	1.107020e+02
1783	1.103307e+02
1784	1.100606e+02
1785	1.099110e+02
1786	1.097942e+02
1787	1.096912e+02
1788	1.096853e+02
1789	1.095818e+02
1790	1.096308e+02
1791	1.097132e+02
1792	1.098325e+02
1793	1.098479e+02
1794	1.097656e+02
1795	1.096285e+02
1796	1.094544e+02
1797	1.090979e+02
1798	1.086686e+02
1799	1.082007e+02
1800	1.078954e+02
1801	1.077149e+02
1802	1.074282e+02
1803	1.072024e+02
1804	1.070892e+02
1805	1.071193e+02
1806	1.072373e+02
1807	1.074723e+02
1808	1.075619e+02
1809	1.077425e+02
1810	1.079668e+02
1811	1.082040e+02
1812	1.085309e+02
1813	1.088639e+02
1814	1.090882e+02
1815	1.093044e+02
1816	1.095489e+02
1817	1.097548e+02
1818	1.099290e+02
1819	1.101940e+02
1820	1.104492e+02
1821	1.106984e+02
1822	1.108543e+02
1823	1.109128e+02
1824	1.109151e+02
1825	1.108225e+02
1826	1.107196e+02
1827	1.105832e+02
1828	1.105806e+02
1829	1.105986e+02
1830	1.105699e+02
1831	1.103680e+02
1832	1.101995e+02
1833	1.099842e+02
1834	1.097322e+02
1835	1.094174e+02
1836	1.091330e+02
1837	1.089387e+02
1838	1.087266e+02
1839	1.085454e+02
1840	1.084048e+02
1841	1.082170e+02
1842	1.081777e+02
1843	1.081232e+02
1844	1.080774e+02
1845	1.079351e+02
1846	1.078155e+02
1847	1.076231e+02
1848	1.073987e+02
1849	1.071173e+02
1850	1.068248e+02
1851	1.065189e+02
1852	1.062089e+02
1853	1.059102e+02
1854	1.056715e+02
1855	1.054449e+02
1856	1.052573e+02
1857	1.051979e+02
1858	1.051372e+02
1859	1.050413e+02
1860	1.049443e+02
1861	1.048325e+02
1862	1.046684e+02
1863	1.045731e+02
1864	1.044525e+02
1865	1.044127e+02
1866	1.044327e+02
1867	1.045582e+02
1868	1.047619e+02
1869	1.051510e+02
1870	1.055886e+02
1871	1.061214e+02
1872	1.066921e+02
1873	1.072450e+02
1874	1.078523e+02
1875	1.085109e+02
1876	1.091764e+02
1877	1.098134e+02
1878	1.104168e+02
1879	1.108976e+02
1880	1.113786e+02
1881	1.119400e+02
1882	1.124738e+02
1883	1.129618e+02
1884	1.135120e+02
1885	1.140071e+02
1886	1.143918e+02
1887	1.145681e+02
1888	1.147151e+02
1889	1.147973e+02
1890	1.147400e+02
1891	1.145746e+02
1892	1.144214e+02
1893	1.142224e+02
1894	1.138914e+02
1895	1.135229e+02
1896	1.130159e+02
1897	1.123717e+02
1898	1.115853e+02
1899	1.106313e+02
1900	1.096082e+02
1901	1.086265e+02
1902	1.075082e+02
1903	1.063380e+02
1904	1.051213e+02
1905	1.038940e+02
1906	1.026275e+02
1907	1.014639e+02
1908	1.003337e+02
1909	9.935990e+01
1910	9.858189e+01
1911	9.779128e+01
1912	9.716301e+01
1913	9.674618e+01
1914	9.655670e+01
1915	9.642325e+01
1916	9.652015e+01
1917	9.680266e+01
1918	9.726829e+01
1919	9.786631e+01
1920	9.860353e+01
1921	9.958810e+01
1922	1.005832e+02
1923	1.017744e+02
1924	1.030266e+02
1925	1.043577e+02
1926	1.057711e+02
1927	1.071592e+02
1928	1.086117e+02
1929	1.100081e+02
1930	1.113338e+02
1931	1.126737e+02
1932	1.139810e+02
1933	1.151494e+02
1934	1.162008e+02
1935	1.171059e+02
1936	1.178199e+02
1937	1.183853e+02
1938	1.187103e+02
1939	1.187990e+02
1940	1.187494e+02
1941	1.185697e+02
1942	1.182926e+02
1943	1.178267e+02
1944	1.172047e+02
1945	1.163831e+02
1946	1.154045e+02
1947	1.143362e+02
1948	1.132356e+02
1949	1.121510e+02
1950	1.110745e+02
1951	1.098946e+02
1952	1.088188e+02
1953	1.076528e+02
1954	1.065129e+02
1955	1.054772e+02
1956	1.043845e+02
1957	1.033263e+02
1958	1.023379e+02
1959	1.015016e+02
1960	1.009133e+02
1961	1.004159e+02
1962	1.000268e+02
1963	9.974337e+01
1964	9.964947e+01
1965	9.973262e+01
1966	1.000427e+02
1967	1.005295e+02
1968	1.011005e+02
1969	1.018097e+02
1970	1.026128e+02
1971	1.033890e+02
1972	1.042919e+02
1973	1.052877e+02
1974	1.062727e+02
1975	1.073304e+02
1976	1.082947e+02
1977	1.092981e+02
1978	1.103298e+02
1979	1.113960e+02
1980	1.124492e+02
1981	1.133907e+02
1982	1.142799e+02
1983	1.151278e+02
1984	1.159030e+02
1985	1.165470e+02
1986	1.171265e+02
1987	1.176940e+02
1988	1.181249e+02
1989	1.185102e+02
1990	1.187800e+02
1991	1.189000e+02
1992	1.190043e+02
1993	1.189798e+02
1994	1.187784e+02
1995	1.184221e+02
1996	1.179224e+02
1997	1.174330e+02
1998	1.168191e+02
1999	1.161947e+02
2000	1.154906e+02
2001	1.147016e+02
2002	1.136911e+02
2003	1.126241e+02
2004	1.114936e+02
2005	1.104815e+02
2006	1.093779e+02
2007	1.081781e+02
2008	1.070297e+02
2009	1.059217e+02
2010	1.048905e+02
2011	1.040394e+02
2012	1.032939e+02
2013	1.026851e+02
2014	1.021683e+02
2015	1.017925e+02
2016	1.015771e+02
2017	1.015336e+02
2018	1.015937e+02
2019	1.017970e+02
2020	1.020461e+02
2021	1.024168e+02
2022	1.028584e+02
2023	1.033065e+02
2024	1.039156e+02
2025	1.044508e+02
2026	1.051228e+02
2027	1.057654e+02
2028	1.063779e+02
2029	1.069645e+02
2030	1.076542e+02
2031	1.083684e+02
2032	1.090742e+02
2033	1.097417e+02
2034	1.102675e+02
2035	1.107172e+02
2036	1.110463e+02
2037	1.112952e+02
2038	1.114069e+02
2039	1.113932e+02
2040	1.113716e+02
2041	1.112522e+02
2042	1.111789e+02
2043	1.109661e+02
2044	1.106675e+02
2045	1.102939e+02
2046	1.099094e+02
2047	1.094460e+02
2048	1.090681e+02
2049	1.086847e+02
2050	1.081749e+02
2051	1.077187e+02
2052	1.073163e+02
2053	1.068382e+02
2054	1.064910e+02
2055	1.062508e+02
2056	1.059999e+02
2057	1.057982e+02
2058	1.055849e+02
2059	1.054472e+02
2060	1.054409e+02
2061	1.055668e+02
2062	1.056855e+02
2063	1.058880e+02
2064	1.060801e+02
2065	1.062697e+02
2066	1.064989e+02
2067	1.067779e+02
2068	1.070794e+02
2069	1.073526e+02
2070	1.077175e+02
2071	1.080917e+02
2072	1.083312e+02
2073	1.086540e+02
2074	1.089468e+02
2075	1.092508e+02
2076	1.095075e+02
2077	1.095910e+02
2078	1.096702e+02
2079	1.097967e+02
2080	1.099081e+02
2081	1.099967e+02
2082	1.101612e+02
2083	1.103208e+02
2084	1.105559e+02
2085	1.107868e+02
2086	1.110601e+02
2087	1.113178e+02
2088	1.115162e+02
2089	1.116789e+02
2090	1.117372e+02
2091	1.118315e+02
2092	1.118780e+02
2093	1.118376e+02
2094	1.118611e+02
2095	1.118372e+02
2096	1.118658e+02
2097	1.119483e+02
2098	1.120170e+02
2099	1.120955e+02
2100	1.121724e+02
2101	1.122647e+02
2102	1.124286e+02
2103	1.125169e+02
2104	1.125978e+02
2105	1.127096e+02
2106	1.127975e+02
2107	1.128903e+02
2108	1.130362e+02
2109	1.130756e+02
2110	1.131285e+02
2111	1.131814e+02
2112	1.132465e+02
2113	1.132204e+02
2114	1.130810e+02
2115	1.127450e+02
2116	1.123190e+02
2117	1.117599e+02
2118	1.111753e+02
2119	1.105958e+02
2120	1.100055e+02
2121	1.093409e+02
2122	1.085484e+02
2123	1.076388e+02
2124	1.067728e+02
2125	1.059739e+02
2126	1.052641e+02
2127	1.044719e+02
2128	1.037855e+02
2129	1.031953e+02
2130	1.025574e+02
2131	1.018955e+02
2132	1.012840e+02
2133	1.006608e+02
2134	1.001488e+02
2135	9.988768e+01
2136	9.986590e+01
2137	9.993152e+01
2138	1.001214e+02
2139	1.004156e+02
2140	1.008313e+02
2141	1.014075e+02
2142	1.021548e+02
2143	1.030090e+02
2144	1.039292e+02
2145	1.049999e+02
2146	1.060698e+02
2147	1.072679e+02
2148	1.084470e+02
2149	1.096760e+02
2150	1.110207e+02
2151	1.124235e+02
2152	1.137546e+02
2153	1.150310e+02
2154	1.162791e+02
2155	1.173776e+02
2156	1.184606e+02
2157	1.193644e+02
2158	1.201507e+02
2159	1.208579e+02
2160	1.213321e+02
2161	1.216475e+02
2162	1.218439e+02
2163	1.218152e+02
2164	1.215651e+02
2165	1.211410e+02
2166	1.204231e+02
2167	1.195650e+02
2168	1.185545e+02
2169	1.173680e+02
2170	1.161088e+02
2171	1.147730e+02
2172	1.133676e+02
2173	1.118855e+02
2174	1.103433e+02
2175	1.089397e+02
2176	1.076168e+02
2177	1.064186e+02
2178	1.053112e+02
2179	1.041924e+02
2180	1.030996e+02
2181	1.020497e+02
2182	1.010314e+02
2183	1.001025e+02
2184	9.921840e+01
2185	9.830598e+01
2186	9.761819e+01
2187	9.693758e+01
2188	9.629171e+01
2189	9.587074e+01
2190	9.562500e+01
2191	9.553535e+01
2192	9.557257e+01
2193	9.575492e+01
2194	9.618510e+01
2195	9.684851e+01
2196	9.771028e+01
2197	9.877036e+01
2198	9.986836e+01
2199	1.010395e+02
2200	1.023003e+02
2201	1.035048e+02
2202	1.046505e+02
2203	1.057970e+02
2204	1.071270e+02
2205	1.084567e+02
2206	1.097648e+02
2207	1.110805e+02
2208	1.123640e+02
2209	1.134890e+02
2210	1.145616e+02
2211	1.154492e+02
2212	1.161375e+02
2213	1.167169e+02
2214	1.171776e+02
2215	1.173789e+02
2216	1.173786e+02
2217	1.171759e+02
2218	1.167977e+02
2219	1.163074e+02
2220	1.157520e+02
2221	1.150368e+02
2222	1.142003e+02
2223	1.132179e+02
2224	1.122301e+02
2225	1.112199e+02
2226	1.102745e+02
2227	1.093756e+02
2228	1.084557e+02
2229	1.075924e+02
2230	1.067353e+02
2231	1.058616e+02
2232	1.050443e+02
2233	1.043576e+02
2234	1.036473e+02
2235	1.029692e+02
2236	1.022864e+02
2237	1.016792e+02
2238	1.012525e+02
2239	1.009253e+02
2240	1.007932e+02
2241	1.007834e+02
2242	1.009003e+02
2243	1.010763e+02
2244	1.013239e+02
2245	1.016670e+02
2246	1.020665e+02
2247	1.025209e+02
2248	1.030161e+02
2249	1.036307e+02
2250	1.043845e+02
2251	1.052034e+02
2252	1.059982e+02
2253	1.068365e+02
2254	1.076817e+02
2255	1.085066e+02
2256	1.093405e+02
2257	1.100977e+02
2258	1.108055e+02
2259	1.114841e+02
2260	1.121121e+02
2261	1.126404e+02
2262	1.131561e+02
2263	1.136696e+02
2264	1.140389e+02
2265	1.142069e+02
2266	1.142206e+02
2267	1.142058e+02
2268	1.140863e+02
2269	1.138880e+02
2270	1.136641e+02
2271	1.134355e+02
2272	1.131285e+02
2273	1.127023e+02
2274	1.122785e+02
2275	1.117959e+02
2276	1.113909e+02
2277	1.109152e+02
2278	1.105225e+02
2279	1.100916e+02
2280	1.096126e+02
2281	1.090957e+02
2282	1.085084e+02
2283	1.077657e+02
2284	1.068929e+02
2285	1.058806e+02
2286	1.048680e+02
2287	1.038369e+02
2288	1.027620e+02
2289	1.017085e+02
2290	1.007666e+02
2291	9.988095e+01
2292	9.922146e+01
2293	9.872808e+01
2294	9.834092e+01
2295	9.807854e+01
2296	9.803031e+01
2297	9.811719e+01
2298	9.835146e+01
2299	9.867414e+01
2300	9.914978e+01
2301	9.968236e+01
2302	1.003504e+02
2303	1.011122e+02
2304	1.019712e+02
2305	1.029316e+02
2306	1.040721e+02
2307	1.052906e+02
2308	1.065902e+02
2309	1.079737e+02
2310	1.093295e+02
2311	1.105155e+02
2312	1.116884e+02
2313	1.128720e+02
2314	1.139853e+02
2315	1.149587e+02
2316	1.158477e+02
2317	1.166677e+02
2318	1.173136e+02
2319	1.178964e+02
2320	1.183972e+02
2321	1.187557e+02
2322	1.190263e+02
2323	1.191674e+02
2324	1.192124e+02
2325	1.191166e+02
2326	1.189399e+02
2327	1.187346e+02
2328	1.182862e+02
2329	1.177445e+02
2330	1.170921e+02
2331	1.162156e+02
2332	1.152820e+02
2333	1.143334e+02
2334	1.132856e+02
2335	1.121131e+02
2336	1.108307e+02
2337	1.094872e+02
2338	1.080666e+02
2339	1.066703e+02
2340	1.053243e+02
2341	1.040495e+02
2342	1.029124e+02
2343	1.017961e+02
2344	1.008509e+02
2345	1.000273e+02
2346	9.937843e+01
2347	9.883715e+01
2348	9.845933e+01
2349	9.820601e+01
2350	9.801473e+01
2351	9.797238e+01
2352	9.811042e+01
2353	9.842877e+01
2354	9.889625e+01
2355	9.944629e+01
2356	1.000654e+02
2357	1.007476e+02
2358	1.014546e+02
2359	1.022763e+02
2360	1.031703e+02
2361	1.041554e+02
2362	1.051506e+02
2363	1.061536e+02
2364	1.073348e+02
2365	1.085377e+02
2366	1.097145e+02
2367	1.108286e+02
2368	1.117571e+02
2369	1.126777e+02
2370	1.134980e+02
2371	1.141863e+02
2372	1.147856e+02
2373	1.152787e+02
2374	1.156542e+02
2375	1.158271e+02
2376	1.158721e+02
2377	1.157899e+02
2378	1.155489e+02
2379	1.151475e+02
2380	1.146716e+02
2381	1.142311e+02
2382	1.137024e+02
2383	1.129526e+02
2384	1.121239e+02
2385	1.112215e+02
2386	1.102797e+02
2387	1.093434e+02
2388	1.084155e+02
2389	1.074085e+02
2390	1.064546e+02
2391	1.055589e+02
2392	1.048647e+02
2393	1.043003e+02
2394	1.038918e+02
2395	1.036204e+02
2396	1.035240e+02
2397	1.035869e+02
2398	1.038032e+02
2399	1.042546e+02
2400	1.048610e+02
2401	1.055993e+02
2402	1.064353e+02
2403	1.073749e+02
2404	1.083703e+02
2405	1.094865e+02
2406	1.106252e+02
2407	1.118955e+02
2408	1.131251e+02
2409	1.142019e+02
2410	1.151957e+02
2411	1.160424e+02
2412	1.168401e+02
2413	1.174779e+02
2414	1.179287e+02
2415	1.181396e+02
2416	1.182382e+02
2417	1.181234e+02
2418	1.179266e+02
2419	1.174673e+02
2420	1.167905e+02
2421	1.160479e+02
2422	1.152091e+02
2423	1.143269e+02
2424	1.134421e+02
2425	1.124518e+02
2426	1.114373e+02
2427	1.103833e+02
2428	1.093646e+02
2429	1.083117e+02
2430	1.072634e+02
2431	1.063250e+02
2432	1.053488e+02
2433	1.044791e+02
2434	1.036656e+02
2435	1.028652e+02
2436	1.021294e+02
2437	1.014540e+02
2438	1.009167e+02
2439	1.003772e+02
2440	9.996264e+01
2441	9.955113e+01
2442	9.922901e+01
2443	9.906846e+01
2444	9.906952e+01
2445	9.920789e+01
2446	9.946225e+01
2447	9.981204e+01
2448	1.002219e+02
2449	1.007472e+02
2450	1.013747e+02
2451	1.021384e+02
2452	1.028878e+02
2453	1.037061e+02
2454	1.045882e+02
2455	1.054898e+02
2456	1.064609e+02
2457	1.074976e+02
2458	1.085142e+02
2459	1.094457e+02
2460	1.104986e+02
2461	1.115458e+02
2462	1.125162e+02
2463	1.134224e+02
2464	1.142809e+02
2465	1.149821e+02
2466	1.156027e+02
2467	1.161791e+02
2468	1.166386e+02
2469	1.170232e+02
2470	1.173376e+02
2471	1.174685e+02
2472	1.174939e+02
2473	1.174672e+02
2474	1.172817e+02
2475	1.169246e+02
2476	1.164734e+02
2477	1.159118e+02
2478	1.153020e+02
2479	1.146624e+02
2480	1.139715e+02
2481	1.132017e+02
2482	1.124682e+02
2483	1.116677e+02
2484	1.108726e+02
2485	1.101020e+02
2486	1.093732e+02
2487	1.086245e+02
2488	1.079350e+02
2489	1.071854e+02
2490	1.065187e+02
2491	1.058157e+02
2492	1.051584e+02
2493	1.045711e+02
2494	1.040909e+02
2495	1.036214e+02
2496	1.031299e+02
2497	1.026082e+02
2498	1.020823e+02
2499	1.016908e+02
2500	1.014366e+02
2501	1.013585e+02
2502	1.012733e+02
2503	1.011174e+02
2504	1.011128e+02
2505	1.012079e+02
2506	1.012817e+02
2507	1.014571e+02
2508	1.016466e+02
2509	1.018397e+02
2510	1.019894e+02
2511	1.021607e+02
2512	1.022889e+02
2513	1.024424e+02
2514	1.025704e+02
2515	1.027650e+02
2516	1.028732e+02
2517	1.030015e+02
2518	1.032021e+02
2519	1.034791e+02
2520	1.038002e+02
2521	1.040739e+02
2522	1.043741e+02
2523	1.047267e+02
2524	1.051367e+02
2525	1.056045e+02
2526	1.061679e+02
2527	1.067948e+02
2528	1.074065e+02
2529	1.080033e+02
2530	1.085924e+02
2531	1.091284e+02
2532	1.097387e+02
2533	1.103506e+02
2534	1.108300e+02
2535	1.112500e+02
2536	1.116741e+02
2537	1.120440e+02
2538	1.122807e+02
2539	1.125298e+02
2540	1.126932e+02
2541	1.127130e+02
2542	1.125675e+02
2543	1.123640e+02
2544	1.120023e+02
2545	1.116636e+02
2546	1.111806e+02
2547	1.106453e+02
2548	1.100076e+02
2549	1.093224e+02
2550	1.084679e+02
2551	1.076202e+02
2552	1.068895e+02
2553	1.062327e+02
2554	1.056099e+02
2555	1.050688e+02
2556	1.047536e+02
2557	1.045432e+02
2558	1.045210e+02
2559	1.046341e+02
2560	1.048764e+02
2561	1.052233e+02
2562	1.056690e+02
2563	1.062320e+02
2564	1.069260e+02
2565	1.076696e+02
2566	1.085151e+02
2567	1.093844e+02
2568	1.103103e+02
2569	1.113077e+02
2570	1.122000e+02
2571	1.130313e+02
2572	1.137361e+02
2573	1.142211e+02
2574	1.144406e+02
2575	1.144734e+02
2576	1.143394e+02
2577	1.140481e+02
2578	1.135322e+02
2579	1.130117e+02
2580	1.124122e+02
2581	1.117805e+02
2582	1.111447e+02
2583	1.105137e+02
2584	1.097443e+02
2585	1.089747e+02
2586	1.082110e+02
2587	1.073798e+02
2588	1.066218e+02
2589	1.059596e+02
2590	1.052685e+02
2591	1.045280e+02
2592	1.038499e+02
2593	1.031317e+02
2594	1.024890e+02
2595	1.019946e+02
2596	1.015739e+02
2597	1.012749e+02
2598	1.010883e+02
2599	1.009240e+02
2600	1.008609e+02
2601	1.009571e+02
2602	1.011661e+02
2603	1.015161e+02
2604	1.018689e+02
2605	1.023480e+02
2606	1.029597e+02
2607	1.035852e+02
2608	1.043405e+02
2609	1.050916e+02
2610	1.057690e+02
2611	1.063606e+02
2612	1.067484e+02
2613	1.072152e+02
2614	1.077999e+02
2615	1.084159e+02
2616	1.090172e+02
2617	1.096001e+02
2618	1.101594e+02
2619	1.106548e+02
2620	1.110611e+02
2621	1.113580e+02
2622	1.116407e+02
2623	1.118738e+02
2624	1.119855e+02
2625	1.119966e+02
2626	1.119570e+02
2627	1.120071e+02
2628	1.120673e+02
2629	1.121955e+02
2630	1.122685e+02
2631	1.122847e+02
2632	1.122977e+02
2633	1.122368e+02
2634	1.120984e+02
2635	1.119262e+02
2636	1.117232e+02
2637	1.114996e+02
2638	1.111180e+02
2639	1.107202e+02
2640	1.103244e+02
2641	1.099646e+02
2642	1.096410e+02
2643	1.093866e+02
2644	1.092157e+02
2645	1.091429e+02
2646	1.090840e+02
2647	1.090814e+02
2648	1.092814e+02
2649	1.095524e+02
2650	1.098681e+02
2651	1.101284e+02
2652	1.104136e+02
2653	1.106842e+02
2654	1.108986e+02
2655	1.111690e+02
2656	1.115277e+02
2657	1.118276e+02
2658	1.121070e+02
2659	1.123257e+02
2660	1.125111e+02
2661	1.127649e+02
2662	1.130503e+02
2663	1.132859e+02
2664	1.135283e+02
2665	1.137843e+02
2666	1.139687e+02
2667	1.140777e+02
2668	1.140060e+02
2669	1.140184e+02
2670	1.138928e+02
2671	1.136502e+02
2672	1.132896e+02
2673	1.128843e+02
2674	1.123098e+02
2675	1.115667e+02
2676	1.108713e+02
2677	1.101145e+02
2678	1.093621e+02
2679	1.086902e+02
2680	1.080367e+02
2681	1.073893e+02
2682	1.067613e+02
2683	1.062081e+02
2684	1.057097e+02
2685	1.053740e+02
2686	1.050765e+02
2687	1.048130e+02
2688	1.046068e+02
2689	1.044948e+02
2690	1.044541e+02
2691	1.044317e+02
2692	1.044589e+02
2693	1.045188e+02
2694	1.047424e+02
2695	1.050968e+02
2696	1.055651e+02
2697	1.060540e+02
2698	1.064228e+02
2699	1.068206e+02
2700	1.070788e+02
2701	1.073432e+02
2702	1.074922e+02
2703	1.076606e+02
2704	1.077077e+02
2705	1.078120e+02
2706	1.079050e+02
2707	1.079758e+02
2708	1.079872e+02
2709	1.079504e+02
2710	1.079270e+02
2711	1.078568e+02
2712	1.078923e+02
2713	1.078785e+02
2714	1.079028e+02
2715	1.078868e+02
2716	1.079062e+02
2717	1.079591e+02
2718	1.079334e+02
2719	1.079434e+02
2720	1.079579e+02
2721	1.080639e+02
2722	1.081848e+02
2723	1.082945e+02
2724	1.084246e+02
2725	1.085882e+02
2726	1.088025e+02
2727	1.089196e+02
2728	1.087893e+02
2729	1.085449e+02
2730	1.083731e+02
2731	1.082869e+02
2732	1.081800e+02
2733	1.080779e+02
2734	1.079460e+02
2735	1.078686e+02
2736	1.078267e+02
2737	1.077789e+02
2738	1.077376e+02
2739	1.077178e+02
2740	1.077540e+02
2741	1.078344e+02
2742	1.079605e+02
2743	1.080517e+02
2744	1.081997e+02
2745	1.083481e+02
2746	1.083665e+02
2747	1.083243e+02
2748	1.080895e+02
2749	1.079484e+02
2750	1.079161e+02
2751	1.078671e+02
2752	1.078216e+02
2753	1.077706e+02
2754	1.076807e+02
2755	1.075870e+02
2756	1.075879e+02
2757	1.075961e+02
2758	1.075908e+02
2759	1.075636e+02
2760	1.075465e+02
2761	1.074876e+02
2762	1.073854e+02
2763	1.072225e+02
2764	1.070248e+02
2765	1.067187e+02
2766	1.064049e+02
2767	1.060078e+02
2768	1.056173e+02
2769	1.052234e+02
2770	1.048018e+02
2771	1.044413e+02
2772	1.041971e+02
2773	1.038716e+02
2774	1.037076e+02
2775	1.036898e+02
2776	1.037404e+02
2777	1.037901e+02
2778	1.039973e+02
2779	1.041883e+02
2780	1.044074e+02
2781	1.047736e+02
2782	1.050953e+02
2783	1.053807e+02
2784	1.056083e+02
2785	1.058223e+02
2786	1.060750e+02
2787	1.064320e+02
2788	1.067780e+02
2789	1.071703e+02
2790	1.075196e+02
2791	1.077997e+02
2792	1.080417e+02
2793	1.081727e+02
2794	1.082709e+02
2795	1.084485e+02
2796	1.086286e+02
2797	1.087843e+02
2798	1.089301e+02
2799	1.090815e+02
2800	1.092486e+02
2801	1.093774e+02
2802	1.094303e+02
2803	1.094894e+02
2804	1.094105e+02
2805	1.093258e+02
2806	1.093347e+02
2807	1.093178e+02
2808	1.092832e+02
2809	1.092778e+02
2810	1.092657e+02
2811	1.092263e+02
2812	1.090683e+02
2813	1.088520e+02
2814	1.086279e+02
2815	1.084762e+02
2816	1.082779e+02
2817	1.082610e+02
2818	1.082427e+02
2819	1.082025e+02
2820	1.080550e+02
2821	1.078369e+02
2822	1.075985e+02
2823	1.075290e+02
2824	1.075474e+02
2825	1.076408e+02
2826	1.078478e+02
2827	1.079717e+02
2828	1.080122e+02
2829	1.080239e+02
2830	1.080365e+02
2831	1.080538e+02
2832	1.081178e+02
2833	1.081997e+02
2834	1.081906e+02
2835	1.082679e+02
2836	1.083698e+02
2837	1.084275e+02
2838	1.083734e+02
2839	1.084086e+02
2840	1.084383e+02
2841	1.085330e+02
2842	1.086614e+02
2843	1.087068e+02
2844	1.086866e+02
2845	1.085943e+02
2846	1.085074e+02
2847	1.083717e+02
2848	1.081900e+02
2849	1.079323e+02
2850	1.077675e+02
2851	1.076587e+02
2852	1.075044e+02
2853	1.074003e+02
2854	1.072098e+02
2855	1.069601e+02
2856	1.066422e+02
2857	1.063248e+02
2858	1.060663e+02
2859	1.058531e+02
2860	1.056878e+02
2861	1.054684e+02
2862	1.053125e+02
2863	1.053348e+02
2864	1.053761e+02
2865	1.055028e+02
2866	1.057555e+02
2867	1.060190e+02
2868	1.063576e+02
2869	1.066343e+02
2870	1.070367e+02
2871	1.075212e+02
2872	1.079510e+02
2873	1.083724e+02
2874	1.086539e+02
2875	1.089277e+02
2876	1.091069e+02
2877	1.091587e+02
2878	1.091677e+02
2879	1.091635e+02
2880	1.090924e+02
2881	1.089720e+02
2882	1.088212e+02
2883	1.087976e+02
2884	1.087686e+02
2885	1.087622e+02
2886	1.088057e+02
2887	1.089125e+02
2888	1.089998e+02
2889	1.091173e+02
2890	1.092410e+02
2891	1.093178e+02
2892	1.093485e+02
2893	1.092378e+02
2894	1.091484e+02
2895	1.090004e+02
2896	1.088686e+02
2897	1.086691e+02
2898	1.085134e+02
2899	1.083629e+02
2900	1.082539e+02
2901	1.081492e+02
2902	1.080854e+02
2903	1.081702e+02
2904	1.083357e+02
2905	1.085522e+02
2906	1.088024e+02
2907	1.091452e+02
2908	1.094704e+02
2909	1.098557e+02
2910	1.101401e+02
2911	1.104818e+02
2912	1.108676e+02
2913	1.112667e+02
2914	1.115485e+02
2915	1.117992e+02
2916	1.121208e+02
2917	1.124459e+02
2918	1.126967e+02
2919	1.128469e+02
2920	1.130049e+02
2921	1.130709e+02
2922	1.132320e+02
2923	1.133347e+02
2924	1.134140e+02
2925	1.135427e+02
2926	1.137609e+02
2927	1.139999e+02
2928	1.142554e+02
2929	1.145045e+02
2930	1.147989e+02
2931	1.149831e+02
2932	1.150882e+02
2933	1.151411e+02
2934	1.151431e+02
2935	1.151023e+02
2936	1.150389e+02
2937	1.148932e+02
2938	1.146055e+02
2939	1.141717e+02
2940	1.137579e+02
2941	1.132164e+02
2942	1.124428e+02
2943	1.115299e+02
2944	1.105735e+02
2945	1.096481e+02
2946	1.087145e+02
2947	1.078856e+02
2948	1.071153e+02
2949	1.063714e+02
2950	1.056408e+02
2951	1.051151e+02
2952	1.046939e+02
2953	1.043988e+02
2954	1.041363e+02
2955	1.040246e+02
2956	1.039251e+02
2957	1.039244e+02
2958	1.039054e+02
2959	1.037678e+02
2960	1.037329e+02
2961	1.037518e+02
2962	1.039246e+02
2963	1.042701e+02
2964	1.046165e+02
2965	1.050827e+02
2966	1.056524e+02
2967	1.063415e+02
2968	1.070957e+02
2969	1.077777e+02
2970	1.084713e+02
2971	1.091101e+02
2972	1.097651e+02
2973	1.103703e+02
2974	1.109535e+02
2975	1.114249e+02
2976	1.118230e+02
2977	1.122143e+02
2978	1.124622e+02
2979	1.126656e+02
2980	1.127868e+02
2981	1.128533e+02
2982	1.127525e+02
2983	1.125124e+02
2984	1.122255e+02
2985	1.118588e+02
2986	1.114052e+02
2987	1.109457e+02
2988	1.104350e+02
2989	1.099189e+02
2990	1.093586e+02
2991	1.087869e+02
2992	1.080655e+02
2993	1.072683e+02
2994	1.064983e+02
2995	1.057309e+02
2996	1.050721e+02
2997	1.043639e+02
2998	1.037012e+02
2999	1.030845e+02
3000	1.026222e+02
3001	1.022045e+02
3002	1.019022e+02
3003	1.016838e+02
3004	1.015171e+02
3005	1.014410e+02
3006	1.016824e+02
3007	1.021074e+02
3008	1.026453e+02
3009	1.033340e+02
3010	1.041806e+02
3011	1.050427e+02
3012	1.059965e+02
3013	1.070561e+02
3014	1.080927e+02
3015	1.091449e+02
3016	1.100114e+02
3017	1.109399e+02
3018	1.116757e+02
3019	1.122377e+02
3020	1.126261e+02
3021	1.128351e+02
3022	1.128573e+02
3023	1.127576e+02
3024	1.125352e+02
3025	1.121717e+02
3026	1.117078e+02
3027	1.112382e+02
3028	1.106311e+02
3029	1.099331e+02
3030	1.091163e+02
3031	1.081686e+02
3032	1.071649e+02
3033	1.060894e+02
3034	1.050101e+02
3035	1.040108e+02
3036	1.030636e+02
3037	1.022085e+02
3038	1.014672e+02
3039	1.008483e+02
3040	1.003634e+02
3041	1.001816e+02
3042	9.998583e+01
3043	9.995078e+01
3044	9.997865e+01
3045	1.001742e+02
3046	1.004730e+02
3047	1.008548e+02
3048	1.013283e+02
3049	1.019111e+02
3050	1.024562e+02
3051	1.030868e+02
3052	1.038009e+02
3053	1.045670e+02
3054	1.053417e+02
3055	1.061243e+02
3056	1.068945e+02
3057	1.075897e+02
3058	1.082297e+02
3059	1.089062e+02
3060	1.094512e+02
3061	1.099384e+02
3062	1.103231e+02
3063	1.105630e+02
3064	1.106866e+02
3065	1.107541e+02
3066	1.107413e+02
3067	1.107362e+02
3068	1.107528e+02
3069	1.107955e+02
3070	1.109646e+02
3071	1.111896e+02
3072	1.113601e+02
3073	1.115377e+02
3074	1.116335e+02
3075	1.117628e+02
3076	1.118600e+02
3077	1.119038e+02
3078	1.120279e+02
3079	1.120821e+02
3080	1.119564e+02
3081	1.118313e+02
3082	1.117473e+02
3083	1.114907e+02
3084	1.111913e+02
3085	1.109746e+02
3086	1.107660e+02
3087	1.105539e+02
3088	1.103989e+02
3089	1.102455e+02
3090	1.101075e+02
3091	1.100663e+02
3092	1.100685e+02
3093	1.099859e+02
3094	1.098737e+02
3095	1.096897e+02
3096	1.095640e+02
3097	1.094073e+02
3098	1.092225e+02
3099	1.089746e+02
3100	1.088439e+02
3101	1.088272e+02
3102	1.087420e+02
3103	1.086312e+02
3104	1.084385e+02
3105	1.081861e+02
3106	1.079275e+02
3107	1.076504e+02
3108	1.073929e+02
3109	1.071026e+02
3110	1.068376e+02
3111	1.065853e+02
3112	1.063612e+02
3113	1.061000e+02
3114	1.057785e+02
3115	1.054512e+02
3116	1.051550e+02
3117	1.049048e+02
3118	1.046850e+02
3119	1.044972e+02
3120	1.043256e+02
3121	1.042629e+02
3122	1.042017e+02
3123	1.041659e+02
3124	1.042747e+02
3125	1.045418e+02
3126	1.049178e+02
3127	1.052662e+02
3128	1.056096e+02
3129	1.060043e+02
3130	1.064019e+02
3131	1.067407e+02
3132	1.071363e+02
3133	1.075846e+02
3134	1.081242e+02
3135	1.086011e+02
3136	1.090431e+02
3137	1.094669e+02
3138	1.098016e+02
3139	1.100425e+02
3140	1.101108e+02
3141	1.101019e+02
3142	1.101029e+02
3143	1.099804e+02
3144	1.097435e+02
3145	1.095072e+02
3146	1.093063e+02
3147	1.090100e+02
3148	1.087382e+02
3149	1.085246e+02
3150	1.082194e+02
3151	1.079123e+02
3152	1.075811e+02
3153	1.072918e+02
3154	1.069748e+02
3155	1.066176e+02
3156	1.063164e+02
3157	1.060095e+02
3158	1.057317e+02
3159	1.055846e+02
3160	1.054504e+02
3161	1.052809e+02
3162	1.051186e+02
3163	1.049996e+02
3164	1.049326e+02
3165	1.048927e+02
3166	1.050468e+02
3167	1.052893e+02
3168	1.056041e+02
3169	1.061125e+02
3170	1.067455e+02
3171	1.073922e+02
3172	1.082247e+02
3173	1.090861e+02
3174	1.099528e+02
3175	1.108746e+02
3176	1.117655e+02
3177	1.126427e+02
3178	1.134563e+02
3179	1.141148e+02
3180	1.145524e+02
3181	1.148266e+02
3182	1.150599e+02
3183	1.151390e+02
3184	1.152266e+02
3185	1.151634e+02
3186	1.150101e+02
3187	1.147840e+02
3188	1.144535e+02
3189	1.141254e+02
3190	1.137190e+02
3191	1.132021e+02
3192	1.126527e+02
3193	1.120677e+02
3194	1.114027e+02
3195	1.107689e+02
3196	1.101175e+02
3197	1.094823e+02
3198	1.087759e+02
3199	1.080496e+02
3200	1.072820e+02
3201	1.065333e+02
3202	1.058316e+02
3203	1.051974e+02
3204	1.046187e+02
3205	1.040701e+02
3206	1.035066e+02
3207	1.030469e+02
3208	1.026422e+02
3209	1.022717e+02
3210	1.019899e+02
3211	1.018845e+02
3212	1.019633e+02
3213	1.021732e+02
3214	1.025007e+02
3215	1.029480e+02
3216	1.035950e+02
3217	1.044057e+02
3218	1.052276e+02
3219	1.061285e+02
3220	1.069113e+02
3221	1.075819e+02
3222	1.081685e+02
3223	1.086430e+02
3224	1.090480e+02
3225	1.094176e+02
3226	1.096950e+02
3227	1.098676e+02
3228	1.100099e+02
3229	1.100992e+02
3230	1.102154e+02
3231	1.103745e+02
3232	1.105499e+02
3233	1.106499e+02
3234	1.107931e+02
3235	1.110342e+02
3236	1.113067e+02
3237	1.114231e+02
3238	1.113698e+02
3239	1.112207e+02
3240	1.110915e+02
3241	1.109071e+02
3242	1.106458e+02
3243	1.101906e+02
3244	1.097004e+02
3245	1.092072e+02
3246	1.087784e+02
3247	1.083636e+02
3248	1.081071e+02
3249	1.078746e+02
3250	1.077861e+02
3251	1.076786e+02
3252	1.075246e+02
3253	1.073753e+02
3254	1.072950e+02
3255	1.073063e+02
3256	1.073507e+02
3257	1.074304e+02
3258	1.075382e+02
3259	1.076043e+02
3260	1.076280e+02
3261	1.077434e+02
3262	1.077483e+02
3263	1.078061e+02
3264	1.078767e+02
3265	1.080148e+02
3266	1.081670e+02
3267	1.083305e+02
3268	1.085732e+02
3269	1.088108e+02
3270	1.089726e+02
3271	1.090223e+02
3272	1.089109e+02
3273	1.088211e+02
3274	1.087009e+02
3275	1.085970e+02
3276	1.084446e+02
3277	1.083787e+02
3278	1.083528e+02
3279	1.083157e+02
3280	1.084256e+02
3281	1.087550e+02
3282	1.089227e+02
3283	1.090433e+02
3284	1.090768e+02
3285	1.091524e+02
3286	1.091570e+02
3287	1.091327e+02
3288	1.089546e+02
3289	1.087979e+02
3290	1.086549e+02
3291	1.083750e+02
3292	1.080800e+02
3293	1.077866e+02
3294	1.075643e+02
3295	1.075316e+02
3296	1.076028e+02
3297	1.076950e+02
3298	1.077501e+02
3299	1.079142e+02
3300	1.080664e+02
3301	1.082943e+02
3302	1.085401e+02
3303	1.088628e+02
3304	1.092200e+02
3305	1.095781e+02
3306	1.098876e+02
3307	1.101139e+02
3308	1.103056e+02
3309	1.103977e+02
3310	1.104959e+02
3311	1.105339e+02
3312	1.105415e+02
3313	1.105587e+02
3314	1.105540e+02
3315	1.106130e+02
3316	1.105056e+02
3317	1.104061e+02
3318	1.102250e+02
3319	1.100318e+02
3320	1.098933e+02
3321	1.096432e+02
3322	1.094450e+02
3323	1.092216e+02
3324	1.089617e+02
3325	1.086797e+02
3326	1.083987e+02
3327	1.080997e+02
3328	1.078390e+02
3329	1.076817e+02
3330	1.074878e+02
3331	1.072204e+02
3332	1.069603e+02
3333	1.067473e+02
3334	1.065045e+02
3335	1.063504e+02
3336	1.061492e+02
3337	1.060026e+02
3338	1.058955e+02
3339	1.057759e+02
3340	1.056667e+02
3341	1.055691e+02
3342	1.055065e+02
3343	1.055620e+02
3344	1.056130e+02
3345	1.056895e+02
3346	1.057463e+02
3347	1.058493e+02
3348	1.060124e+02
3349	1.061321e+02
3350	1.062780e+02
3351	1.063185e+02
3352	1.064020e+02
3353	1.064889e+02
3354	1.064290e+02
3355	1.064951e+02
3356	1.065313e+02
3357	1.065038e+02
3358	1.065553e+02
3359	1.066070e+02
3360	1.067595e+02
3361	1.069269e+02
3362	1.070692e+02
3363	1.072076e+02
3364	1.073794e+02
3365	1.075767e+02
3366	1.078271e+02
3367	1.080275e+02
3368	1.083015e+02
3369	1.085833e+02
3370	1.088627e+02
3371	1.091823e+02
3372	1.094318e+02
3373	1.096151e+02
3374	1.098587e+02
3375	1.099260e+02
3376	1.099406e+02
3377	1.098734e+02
3378	1.098527e+02
3379	1.098625e+02
3380	1.096577e+02
3381	1.093573e+02
3382	1.090629e+02
3383	1.087062e+02
3384	1.083424e+02
3385	1.078536e+02
3386	1.073442e+02
3387	1.069034e+02
3388	1.065099e+02
3389	1.061089e+02
3390	1.057695e+02
3391	1.054257e+02
3392	1.051482e+02
3393	1.048966e+02
3394	1.046600e+02
3395	1.045700e+02
3396	1.046064e+02
3397	1.048653e+02
3398	1.051221e+02
3399	1.055787e+02
3400	1.060525e+02
3401	1.064949e+02
3402	1.069662e+02
3403	1.074712e+02
3404	1.079246e+02
3405	1.083638e+02
3406	1.088858e+02
3407	1.095007e+02
3408	1.102180e+02
3409	1.109563e+02
3410	1.116824e+02
3411	1.124616e+02
3412	1.133297e+02
3413	1.140556e+02
3414	1.149290e+02
3415	1.157226e+02
3416	1.162864e+02
3417	1.168421e+02
3418	1.173633e+02
3419	1.178923e+02
3420	1.182327e+02
3421	1.184002e+02
3422	1.184240e+02
3423	1.183041e+02
3424	1.180272e+02
3425	1.177040e+02
3426	1.173141e+02
3427	1.167711e+02
3428	1.161039e+02
3429	1.153367e+02
3430	1.144725e+02
3431	1.136137e+02
3432	1.126983e+02
3433	1.117261e+02
3434	1.107717e+02
3435	1.097838e+02
3436	1.087239e+02
3437	1.076358e+02
3438	1.065318e+02
3439	1.055804e+02
3440	1.046067e+02
3441	1.036159e+02
3442	1.026133e+02
3443	1.016661e+02
3444	1.008274e+02
3445	1.000358e+02
3446	9.941306e+01
3447	9.897453e+01
3448	9.867986e+01
3449	9.856269e+01
3450	9.866477e+01
3451	9.899027e+01
3452	9.950317e+01
3453	1.001174e+02
3454	1.008097e+02
3455	1.016044e+02
3456	1.025125e+02
3457	1.034679e+02
3458	1.044684e+02
3459	1.055283e+02
3460	1.065973e+02
3461	1.076094e+02
3462	1.086328e+02
3463	1.096852e+02
3464	1.108506e+02
3465	1.120346e+02
3466	1.132024e+02
3467	1.142806e+02
3468	1.154218e+02
3469	1.165200e+02
3470	1.175388e+02
3471	1.185242e+02
3472	1.193677e+02
3473	1.201347e+02
3474	1.208041e+02
3475	1.213345e+02
3476	1.216572e+02
3477	1.218628e+02
3478	1.219934e+02
3479	1.219105e+02
3480	1.217273e+02
3481	1.213880e+02
3482	1.209561e+02
3483	1.205018e+02
3484	1.198440e+02
3485	1.190788e+02
3486	1.181368e+02
3487	1.170851e+02
3488	1.158636e+02
3489	1.146393e+02
3490	1.131797e+02
3491	1.116356e+02
3492	1.100287e+02
3493	1.083737e+02
3494	1.067820e+02
3495	1.052677e+02
3496	1.038355e+02
3497	1.024696e+02
3498	1.011810e+02
3499	1.000391e+02
3500	9.900003e+01
3501	9.824057e+01
3502	9.773745e+01
3503	9.736128e+01
3504	9.717200e+01
3505	9.718201e+01
3506	9.729124e+01
3507	9.749671e+01
3508	9.787794e+01
3509	9.842156e+01
3510	9.916982e+01
3511	1.000638e+02
3512	1.009006e+02
3513	1.018920e+02
3514	1.029973e+02
3515	1.042063e+02
3516	1.054938e+02
3517	1.068717e+02
3518	1.082604e+02
3519	1.095677e+02
3520	1.107781e+02
3521	1.118734e+02
3522	1.129037e+02
3523	1.138642e+02
3524	1.147961e+02
3525	1.155691e+02
3526	1.162161e+02
3527	1.169036e+02
3528	1.174822e+02
3529	1.179026e+02
3530	1.183127e+02
3531	1.185934e+02
3532	1.188806e+02
3533	1.190944e+02
3534	1.190955e+02
3535	1.190451e+02
3536	1.188009e+02
3537	1.185447e+02
3538	1.182081e+02
3539	1.177542e+02
3540	1.172200e+02
3541	1.166406e+02
3542	1.159299e+02
3543	1.151791e+02
3544	1.144073e+02
3545	1.135301e+02
3546	1.126732e+02
3547	1.118615e+02
3548	1.110289e+02
3549	1.102030e+02
3550	1.093756e+02
3551	1.086061e+02
3552	1.077483e+02
3553	1.069776e+02
3554	1.061252e+02
3555	1.053909e+02
3556	1.047453e+02
3557	1.042138e+02
3558	1.037056e+02
3559	1.032507e+02
3560	1.029352e+02
3561	1.026665e+02
3562	1.025077e+02
3563	1.025093e+02
3564	1.025567e+02
3565	1.028694e+02
3566	1.032014e+02
3567	1.036546e+02
3568	1.041974e+02
3569	1.049020e+02
3570	1.057244e+02
3571	1.066391e+02
3572	1.074485e+02
3573	1.081809e+02
3574	1.088661e+02
3575	1.095114e+02
3576	1.101565e+02
3577	1.107705e+02
3578	1.112103e+02
3579	1.115223e+02
3580	1.118291e+02
3581	1.120979e+02
3582	1.122638e+02
3583	1.123678e+02
3584	1.125247e+02
3585	1.126308e+02
3586	1.127154e+02
3587	1.128549e+02
3588	1.129373e+02
3589	1.129019e+02
3590	1.127890e+02
3591	1.126394e+02
3592	1.125088e+02
3593	1.123187e+02
3594	1.121875e+02
3595	1.120856e+02
3596	1.118186e+02
3597	1.113707e+02
3598	1.108593e+02
3599	1.102982e+02
3600	1.096657e+02
3601	1.090581e+02
3602	1.084163e+02
3603	1.077276e+02
3604	1.071799e+02
3605	1.066464e+02
3606	1.061426e+02
3607	1.057656e+02
3608	1.054072e+02
3609	1.051845e+02
3610	1.050013e+02
3611	1.048207e+02
3612	1.047748e+02
3613	1.047509e+02
3614	1.046726e+02
3615	1.046327e+02
3616	1.046954e+02
3617	1.048207e+02
3618	1.049112e+02
3619	1.050411e+02
3620	1.051554e+02
3621	1.054166e+02
3622	1.057543e+02
3623	1.060755e+02
3624	1.064446e+02
3625	1.067961e+02
3626	1.072120e+02
3627	1.075228e+02
3628	1.078527e+02
3629	1.081462e+02
3630	1.082563e+02
3631	1.084887e+02
3632	1.087108e+02
3633	1.088544e+02
3634	1.088993e+02
3635	1.088994e+02
3636	1.088241e+02
3637	1.088609e+02
3638	1.089094e+02
3639	1.089654e+02
3640	1.090710e+02
3641	1.091459e+02
3642	1.093029e+02
3643	1.093995e+02
3644	1.094531e+02
3645	1.094899e+02
3646	1.095610e+02
3647	1.095432e+02
3648	1.094867e+02
3649	1.094090e+02
3650	1.092678e+02
3651	1.091846e+02
3652	1.090232e+02
3653	1.088894e+02
3654	1.087997e+02
3655	1.086599e+02
3656	1.085193e+02
3657	1.083696e+02
3658	1.081247e+02
3659	1.078080e+02
3660	1.075386e+02
3661	1.072982e+02
3662	1.070291e+02
3663	1.067431e+02
3664	1.065394e+02
3665	1.063148e+02
3666	1.060722e+02
3667	1.057429e+02
3668	1.053404e+02
3669	1.048859e+02
3670	1.045439e+02
3671	1.042453e+02
3672	1.040081e+02
3673	1.037764e+02
3674	1.036006e+02
3675	1.034391e+02
3676	1.033065e+02
3677	1.031956e+02
3678	1.030466e+02
3679	1.028946e+02
3680	1.028619e+02
3681	1.028499e+02
3682	1.027269e+02
3683	1.026017e+02
3684	1.025885e+02
3685	1.025810e+02
3686	1.027182e+02
3687	1.029528e+02
3688	1.032466e+02
3689	1.034191e+02
3690	1.035850e+02
3691	1.037019e+02
3692	1.040019e+02
3693	1.042407e+02
3694	1.045072e+02
3695	1.048417e+02
3696	1.052265e+02
3697	1.056720e+02
3698	1.061232e+02
3699	1.065677e+02
3700	1.069530e+02
3701	1.073748e+02
3702	1.079297e+02
3703	1.084543e+02
3704	1.090480e+02
3705	1.096833e+02
3706	1.102660e+02
3707	1.109001e+02
3708	1.114595e+02
3709	1.119366e+02
3710	1.123225e+02
3711	1.125669e+02
3712	1.127704e+02
3713	1.127032e+02
3714	1.125607e+02
3715	1.124773e+02
3716	1.122529e+02
3717	1.119437e+02
3718	1.114892e+02
3719	1.108734e+02
3720	1.102091e+02
3721	1.096655e+02
3722	1.090804e+02
3723	1.084543e+02
3724	1.078711e+02
3725	1.073278e+02
3726	1.067764e+02
3727	1.061372e+02
3728	1.056726e+02
3729	1.051301e+02
3730	1.045837e+02
3731	1.040915e+02
3732	1.036746e+02
3733	1.033167e+02
3734	1.030182e+02
3735	1.027519e+02
3736	1.025433e+02
3737	1.023846e+02
3738	1.022917e+02
3739	1.022385e+02
3740	1.022190e+02
3741	1.022035e+02
3742	1.022284e+02
3743	1.022946e+02
3744	1.025388e+02
3745	1.027431e+02
3746	1.031450e+02
3747	1.036023e+02
3748	1.041921e+02
3749	1.049277e+02
3750	1.055865e+02
3751	1.063625e+02
3752	1.071335e+02
3753	1.080256e+02
3754	1.089452e+02
3755	1.098257e+02
3756	1.105394e+02
3757	1.112990e+02
3758	1.121057e+02
3759	1.128020e+02
3760	1.134265e+02
3761	1.139997e+02
3762	1.144260e+02
3763	1.149099e+02
3764	1.152852e+02
3765	1.155913e+02
3766	1.157421e+02
3767	1.157460e+02
3768	1.156889e+02
3769	1.156081e+02
3770	1.153496e+02
3771	1.150431e+02
3772	1.146085e+02
3773	1.141017e+02
3774	1.134973e+02
3775	1.127384e+02
3776	1.119040e+02
3777	1.110064e+02
3778	1.100534e+02
3779	1.090900e+02
3780	1.081064e+02
3781	1.072718e+02
3782	1.064821e+02
3783	1.057629e+02
3784	1.051775e+02
3785	1.047166e+02
3786	1.042989e+02
3787	1.040587e+02
3788	1.038920e+02
3789	1.039805e+02
3790	1.041726e+02
3791	1.044490e+02
3792	1.048163e+02
3793	1.054074e+02
3794	1.062206e+02
3795	1.072078e+02
3796	1.083474e+02
3797	1.095079e+02
3798	1.106672e+02
3799	1.119719e+02
3800	1.131818e+02
3801	1.142801e+02
3802	1.152842e+02
3803	1.161953e+02
3804	1.169424e+02
3805	1.176444e+02
3806	1.182331e+02
3807	1.187439e+02
3808	1.191415e+02
3809	1.194511e+02
3810	1.196271e+02
3811	1.197616e+02
3812	1.197210e+02
3813	1.195180e+02
3814	1.191924e+02
3815	1.187494e+02
3816	1.181523e+02
3817	1.174201e+02
3818	1.165650e+02
3819	1.156521e+02
3820	1.147680e+02
3821	1.139077e+02
3822	1.129548e+02
3823	1.117724e+02
3824	1.105684e+02
3825	1.094243e+02
3826	1.084276e+02
3827	1.075170e+02
3828	1.068657e+02
3829	1.062998e+02
3830	1.057219e+02
3831	1.050427e+02
3832	1.043533e+02
3833	1.037580e+02
3834	1.032584e+02
3835	1.028137e+02
3836	1.024678e+02
3837	1.022031e+02
3838	1.020416e+02
3839	1.018985e+02
3840	1.018455e+02
3841	1.019637e+02
3842	1.021302e+02
3843	1.024748e+02
3844	1.028644e+02
3845	1.033081e+02
3846	1.038867e+02
3847	1.044861e+02
3848	1.050851e+02
3849	1.057602e+02
3850	1.064840e+02
3851	1.071210e+02
3852	1.076976e+02
3853	1.083288e+02
3854	1.088812e+02
3855	1.094244e+02
3856	1.099230e+02
3857	1.104017e+02
3858	1.108364e+02
3859	1.112487e+02
3860	1.116348e+02
3861	1.119023e+02
3862	1.122038e+02
3863	1.123782e+02
3864	1.125692e+02
3865	1.127560e+02
3866	1.128973e+02
3867	1.129797e+02
3868	1.130250e+02
3869	1.129322e+02
3870	1.127807e+02
3871	1.126458e+02
3872	1.124270e+02
3873	1.122576e+02
3874	1.120064e+02
3875	1.116064e+02
3876	1.112193e+02
3877	1.108698e+02
3878	1.104052e+02
3879	1.099891e+02
3880	1.095427e+02
3881	1.089879e+02
3882	1.084829e+02
3883	1.079751e+02
3884	1.075435e+02
3885	1.071598e+02
3886	1.068533e+02
3887	1.066133e+02
3888	1.064704e+02
3889	1.063906e+02
3890	1.065020e+02
3891	1.068116e+02
3892	1.072118e+02
3893	1.075492e+02
3894	1.079721e+02
3895	1.085099e+02
3896	1.091660e+02
3897	1.098625e+02
3898	1.106441e+02
3899	1.114088e+02
3900	1.122144e+02
3901	1.130185e+02
3902	1.138284e+02
3903	1.146304e+02
3904	1.152896e+02
3905	1.158174e+02
3906	1.162553e+02
3907	1.165313e+02
3908	1.167246e+02
3909	1.168156e+02
3910	1.167015e+02
3911	1.164483e+02
3912	1.161158e+02
3913	1.157087e+02
3914	1.151899e+02
3915	1.145889e+02
3916	1.139732e+02
3917	1.133789e+02
3918	1.127973e+02
3919	1.122411e+02
3920	1.116252e+02
3921	1.111279e+02
3922	1.106576e+02
3923	1.100842e+02
3924	1.094660e+02
3925	1.088316e+02
3926	1.083276e+02
3927	1.078930e+02
3928	1.075067e+02
3929	1.072258e+02
3930	1.070432e+02
3931	1.068574e+02
3932	1.067266e+02
3933	1.065401e+02
3934	1.065159e+02
3935	1.065534e+02
3936	1.067096e+02
3937	1.069433e+02
3938	1.072894e+02
3939	1.075648e+02
3940	1.078326e+02
3941	1.080563e+02
3942	1.081819e+02
3943	1.082217e+02
3944	1.082319e+02
3945	1.081012e+02
3946	1.080320e+02
3947	1.079051e+02
3948	1.078871e+02
3949	1.078603e+02
3950	1.077345e+02
3951	1.074457e+02
3952	1.072018e+02
3953	1.070096e+02
3954	1.068538e+02
3955	1.066296e+02
3956	1.064893e+02
3957	1.064057e+02
3958	1.064299e+02
3959	1.064408e+02
3960	1.064892e+02
3961	1.065453e+02
3962	1.066488e+02
3963	1.068439e+02
3964	1.071111e+02
3965	1.073608e+02
3966	1.076017e+02
3967	1.077773e+02
3968	1.079934e+02
3969	1.082002e+02
3970	1.083892e+02
3971	1.086578e+02
3972	1.089412e+02
3973	1.092452e+02
3974	1.096269e+02
3975	1.101364e+02
3976	1.108588e+02
3977	1.115307e+02
3978	1.123284e+02
3979	1.131446e+02
3980	1.140438e+02
3981	1.149519e+02
3982	1.158370e+02
3983	1.166086e+02
3984	1.172718e+02
3985	1.178081e+02
3986	1.181611e+02
3987	1.182153e+02
3988	1.180872e+02
3989	1.178134e+02
3990	1.175003e+02
3991	1.170226e+02
3992	1.164320e+02
3993	1.157454e+02
3994	1.149083e+02
3995	1.139522e+02
3996	1.129057e+02
3997	1.118171e+02
3998	1.106697e+02
3999	1.094983e+02
4000	1.083556e+02
4001	1.072367e+02
4002	1.061853e+02
4003	1.052519e+02
4004	1.044234e+02
4005	1.036399e+02
4006	1.029658e+02
4007	1.022869e+02
4008	1.017627e+02
4009	1.014688e+02
4010	1.011353e+02
4011	1.009533e+02
4012	1.009276e+02
4013	1.009744e+02
4014	1.013071e+02
4015	1.018521e+02
4016	1.023585e+02
4017	1.029946e+02
4018	1.036791e+02
4019	1.044719e+02
4020	1.054341e+02
4021	1.066071e+02
4022	1.078259e+02
4023	1.090403e+02
4024	1.102615e+02
4025	1.114965e+02
4026	1.128158e+02
4027	1.141051e+02
4028	1.153116e+02
4029	1.164167e+02
4030	1.172211e+02
4031	1.179969e+02
4032	1.184930e+02
4033	1.187938e+02
4034	1.188984e+02
4035	1.188218e+02
4036	1.185726e+02
4037	1.180837e+02
4038	1.173289e+02
4039	1.164944e+02
4040	1.155110e+02
4041	1.143855e+02
4042	1.132176e+02
4043	1.119415e+02
4044	1.105920e+02
4045	1.092775e+02
4046	1.079204e+02
4047	1.066624e+02
4048	1.053770e+02
4049	1.040880e+02
4050	1.028701e+02
4051	1.018222e+02
4052	1.007498e+02
4053	9.978515e+01
4054	9.883451e+01
4055	9.800605e+01
4056	9.738973e+01
4057	9.690371e+01
4058	9.661000e+01
4059	9.640974e+01
4060	9.648614e+01
4061	9.663696e+01
4062	9.700420e+01
4063	9.755564e+01
4064	9.830636e+01
4065	9.929758e+01
4066	1.005894e+02
4067	1.020053e+02
4068	1.037284e+02
4069	1.055351e+02
4070	1.073314e+02
4071	1.091783e+02
4072	1.110329e+02
4073	1.127555e+02
4074	1.143203e+02
4075	1.157753e+02
4076	1.170946e+02
4077	1.181897e+02
4078	1.191362e+02
4079	1.198003e+02
4080	1.202433e+02
4081	1.204762e+02
4082	1.204378e+02
4083	1.201719e+02
4084	1.197663e+02
4085	1.191984e+02
4086	1.184464e+02
4087	1.175668e+02
4088	1.165340e+02
4089	1.152698e+02
4090	1.139066e+02
4091	1.124060e+02
4092	1.107693e+02
4093	1.089819e+02
4094	1.071411e+02
4095	1.053812e+02
4096	1.038232e+02
4097	1.023209e+02
4098	1.008278e+02
4099	9.941784e+01
4100	9.825675e+01
4101	9.725591e+01
4102	9.651822e+01
4103	9.585650e+01
4104	9.538398e+01
4105	9.509487e+01
4106	9.500371e+01
4107	9.511892e+01
4108	9.544503e+01
4109	9.594019e+01
4110	9.667785e+01
4111	9.761748e+01
4112	9.879680e+01
4113	1.001530e+02
4114	1.015765e+02
4115	1.031531e+02
4116	1.048601e+02
4117	1.066130e+02
4118	1.082122e+02
4119	1.098511e+02
4120	1.114593e+02
4121	1.130421e+02
4122	1.145993e+02
4123	1.161680e+02
4124	1.176324e+02
4125	1.188419e+02
4126	1.199179e+02
4127	1.208936e+02
4128	1.215987e+02
4129	1.221003e+02
4130	1.223883e+02
4131	1.225292e+02
4132	1.224784e+02
4133	1.221469e+02
4134	1.215506e+02
4135	1.209027e+02
4136	1.201052e+02
4137	1.192489e+02
4138	1.182684e+02
4139	1.172070e+02
4140	1.159688e+02
4141	1.146146e+02
4142	1.131846e+02
4143	1.115995e+02
4144	1.099506e+02
4145	1.083738e+02
4146	1.068149e+02
4147	1.051965e+02
4148	1.036373e+02
4149	1.022190e+02
4150	1.008196e+02
4151	9.947526e+01
4152	9.835912e+01
4153	9.747027e+01
4154	9.679023e+01
4155	9.622479e+01
4156	9.577342e+01
4157	9.563663e+01
4158	9.568465e+01
4159	9.592444e+01
4160	9.649544e+01
4161	9.719589e+01
4162	9.806789e+01
4163	9.906526e+01
4164	1.002934e+02
4165	1.017331e+02
4166	1.032152e+02
4167	1.048560e+02
4168	1.066374e+02
4169	1.085681e+02
4170	1.104254e+02
4171	1.123074e+02
4172	1.140597e+02
4173	1.157636e+02
4174	1.173982e+02
4175	1.190222e+02
4176	1.204301e+02
4177	1.216354e+02
4178	1.225681e+02
4179	1.233063e+02
4180	1.238876e+02
4181	1.241317e+02
4182	1.242131e+02
4183	1.240556e+02
4184	1.236679e+02
4185	1.229928e+02
4186	1.220548e+02
4187	1.209383e+02
4188	1.197023e+02
4189	1.182892e+02
4190	1.168292e+02
4191	1.152232e+02
4192	1.135703e+02
4193	1.117905e+02
4194	1.099880e+02
4195	1.080602e+02
4196	1.060756e+02
4197	1.042045e+02
4198	1.024713e+02
4199	1.008503e+02
4200	9.928316e+01
4201	9.792111e+01
4202	9.667146e+01
4203	9.565614e+01
4204	9.488175e+01
4205	9.427386e+01
4206	9.398296e+01
4207	9.385265e+01
4208	9.393478e+01
4209	9.414533e+01
4210	9.452290e+01
4211	9.510332e+01
4212	9.583725e+01
4213	9.674720e+01
4214	9.785150e+01
4215	9.919025e+01
4216	1.005063e+02
4217	1.018462e+02
4218	1.032464e+02
4219	1.046916e+02
4220	1.061142e+02
4221	1.074639e+02
4222	1.087120e+02
4223	1.099911e+02
4224	1.110201e+02
4225	1.120138e+02
4226	1.129202e+02
4227	1.137722e+02
4228	1.145914e+02
4229	1.153517e+02
4230	1.160469e+02
4231	1.165947e+02
4232	1.170604e+02
4233	1.174341e+02
4234	1.175951e+02
4235	1.176969e+02
4236	1.176575e+02
4237	1.174305e+02
4238	1.170276e+02
4239	1.165401e+02
4240	1.159470e+02
4241	1.152094e+02
4242	1.142756e+02
4243	1.132525e+02
4244	1.121460e+02
4245	1.110851e+02
4246	1.100134e+02
4247	1.091223e+02
4248	1.083223e+02
4249	1.075999e+02
4250	1.069569e+02
4251	1.064380e+02
4252	1.058943e+02
4253	1.055309e+02
4254	1.053384e+02
4255	1.053454e+02
4256	1.054329e+02
4257	1.056215e+02
4258	1.058805e+02
4259	1.062311e+02
4260	1.064697e+02
4261	1.067008e+02
4262	1.068940e+02
4263	1.070576e+02
4264	1.071319e+02
4265	1.071153e+02
4266	1.070953e+02
4267	1.071814e+02
4268	1.072138e+02
4269	1.072708e+02
4270	1.074661e+02
4271	1.077192e+02
4272	1.080157e+02
4273	1.083086e+02
4274	1.085551e+02
4275	1.087257e+02
4276	1.089457e+02
4277	1.092248e+02
4278	1.095917e+02
4279	1.098944e+02
4280	1.101055e+02
4281	1.101792e+02
4282	1.103153e+02
4283	1.103980e+02
4284	1.104421e+02
4285	1.102064e+02
4286	1.098420e+02
4287	1.094501e+02
4288	1.090455e+02
4289	1.086374e+02
4290	1.081963e+02
4291	1.077383e+02
4292	1.073749e+02
4293	1.070046e+02
4294	1.067572e+02
4295	1.066783e+02
4296	1.067105e+02
4297	1.067962e+02
4298	1.070285e+02
4299	1.074009e+02
4300	1.079192e+02
4301	1.084564e+02
4302	1.091243e+02
4303	1.097164e+02
4304	1.102488e+02
4305	1.107472e+02
4306	1.111749e+02
4307	1.115037e+02
4308	1.117138e+02
4309	1.117164e+02
4310	1.116483e+02
4311	1.115029e+02
4312	1.113046e+02
4313	1.111843e+02
4314	1.110968e+02
4315	1.109931e+02
4316	1.108705e+02
4317	1.107467e+02
4318	1.106601e+02
4319	1.105916e+02
4320	1.106274e+02
4321	1.107489e+02
4322	1.109631e+02
4323	1.110504e+02
4324	1.111683e+02
4325	1.111613e+02
4326	1.110518e+02
4327	1.108778e+02
4328	1.106219e+02
4329	1.102940e+02
4330	1.099335e+02
4331	1.095528e+02
4332	1.091357e+02
4333	1.087941e+02
4334	1.083808e+02
4335	1.080597e+02
4336	1.078468e+02
4337	1.076371e+02
4338	1.073829e+02
4339	1.070707e+02
4340	1.068886e+02
4341	1.068170e+02
4342	1.067838e+02
4343	1.067066e+02
4344	1.067135e+02
4345	1.067219e+02
4346	1.067664e+02
4347	1.068387e+02
4348	1.068907e+02
4349	1.069960e+02
4350	1.070809e+02
4351	1.072225e+02
4352	1.073884e+02
4353	1.076787e+02
4354	1.079672e+02
4355	1.081973e+02
4356	1.085846e+02
4357	1.090055e+02
4358	1.093633e+02
4359	1.098509e+02
4360	1.103318e+02
4361	1.107343e+02
4362	1.110107e+02
4363	1.113700e+02
4364	1.115463e+02
4365	1.116605e+02
4366	1.117294e+02
4367	1.117043e+02
4368	1.115476e+02
4369	1.112414e+02
4370	1.108009e+02
4371	1.103889e+02
4372	1.099200e+02
4373	1.093876e+02
4374	1.089519e+02
4375	1.084911e+02
4376	1.080698e+02
4377	1.077081e+02
4378	1.072539e+02
4379	1.067909e+02
4380	1.063249e+02
4381	1.059324e+02
4382	1.055530e+02
4383	1.052797e+02
4384	1.049475e+02
4385	1.045976e+02
4386	1.042890e+02
4387	1.040342e+02
4388	1.037629e+02
4389	1.033622e+02
4390	1.030235e+02
4391	1.026370e+02
4392	1.021789e+02
4393	1.018411e+02
4394	1.015559e+02
4395	1.013855e+02
4396	1.012848e+02
4397	1.013257e+02
4398	1.014042e+02
4399	1.016751e+02
4400	1.020353e+02
4401	1.024338e+02
4402	1.030154e+02
4403	1.037626e+02
4404	1.046644e+02
4405	1.056085e+02
4406	1.067023e+02
4407	1.078570e+02
4408	1.090424e+02
4409	1.102117e+02
4410	1.113624e+02
4411	1.124526e+02
4412	1.135413e+02
4413	1.144780e+02
4414	1.153283e+02
4415	1.159783e+02
4416	1.165370e+02
4417	1.168981e+02
4418	1.170735e+02
4419	1.172059e+02
4420	1.172696e+02
4421	1.171415e+02
4422	1.168854e+02
4423	1.166035e+02
4424	1.162138e+02
4425	1.156755e+02
4426	1.149426e+02
4427	1.140257e+02
4428	1.129917e+02
4429	1.118622e+02
4430	1.106110e+02
4431	1.093012e+02
4432	1.078410e+02
4433	1.062925e+02
4434	1.048460e+02
4435	1.033903e+02
4436	1.020369e+02
4437	1.008226e+02
4438	9.974052e+01
4439	9.870634e+01
4440	9.783939e+01
4441	9.720247e+01
4442	9.681848e+01
4443	9.660190e+01
4444	9.656101e+01
4445	9.667608e+01
4446	9.699836e+01
4447	9.751899e+01
4448	9.818011e+01
4449	9.903150e+01
4450	1.001236e+02
4451	1.014000e+02
4452	1.029092e+02
4453	1.046386e+02
4454	1.065048e+02
4455	1.083727e+02
4456	1.101037e+02
4457	1.119452e+02
4458	1.137038e+02
4459	1.153389e+02
4460	1.167159e+02
4461	1.179367e+02
4462	1.190751e+02
4463	1.199481e+02
4464	1.206731e+02
4465	1.212253e+02
4466	1.216377e+02
4467	1.218540e+02
4468	1.219863e+02
4469	1.218783e+02
4470	1.215812e+02
4471	1.210741e+02
4472	1.204164e+02
4473	1.196437e+02
4474	1.187188e+02
4475	1.175957e+02
4476	1.163344e+02
4477	1.149175e+02
4478	1.133764e+02
4479	1.117289e+02
4480	1.098967e+02
4481	1.079606e+02
4482	1.060649e+02
4483	1.042795e+02
4484	1.027341e+02
4485	1.012542e+02
4486	9.982240e+01
4487	9.850651e+01
4488	9.747590e+01
4489	9.667497e+01
4490	9.606188e+01
4491	9.576155e+01
4492	9.558628e+01
4493	9.571656e+01
4494	9.605742e+01
4495	9.658624e+01
4496	9.725265e+01
4497	9.818864e+01
4498	9.927167e+01
4499	1.004646e+02
4500	1.017868e+02
4501	1.032461e+02
4502	1.047565e+02
4503	1.062521e+02
4504	1.078117e+02
4505	1.095415e+02
4506	1.111901e+02
4507	1.127799e+02
4508	1.142616e+02
4509	1.156273e+02
4510	1.168772e+02
4511	1.180318e+02
4512	1.190242e+02
4513	1.198700e+02
4514	1.204743e+02
4515	1.209885e+02
4516	1.213070e+02
4517	1.214501e+02
4518	1.214276e+02
4519	1.213416e+02
4520	1.211605e+02
4521	1.207085e+02
4522	1.202421e+02
4523	1.196311e+02
4524	1.187799e+02
4525	1.178346e+02
4526	1.166638e+02
4527	1.153213e+02
4528	1.138823e+02
4529	1.124017e+02
4530	1.109106e+02
4531	1.095221e+02
4532	1.081024e+02
4533	1.067432e+02
4534	1.054592e+02
4535	1.044523e+02
4536	1.036344e+02
4537	1.029687e+02
4538	1.023815e+02
4539	1.020421e+02
4540	1.017650e+02
4541	1.016378e+02
4542	1.016451e+02
4543	1.017853e+02
4544	1.021109e+02
4545	1.025249e+02
4546	1.031064e+02
4547	1.037709e+02
4548	1.044184e+02
4549	1.051890e+02
4550	1.060196e+02
4551	1.068348e+02
4552	1.076431e+02
4553	1.083696e+02
4554	1.091056e+02
4555	1.098080e+02
4556	1.104737e+02
4557	1.110769e+02
4558	1.116154e+02
4559	1.119367e+02
4560	1.121352e+02
4561	1.122352e+02
4562	1.122712e+02
4563	1.122020e+02
4564	1.121258e+02
4565	1.118994e+02
4566	1.115167e+02
4567	1.110785e+02
4568	1.105841e+02
4569	1.099232e+02
4570	1.092340e+02
4571	1.084483e+02
4572	1.075483e+02
4573	1.065644e+02
4574	1.055716e+02
4575	1.046724e+02
4576	1.037585e+02
4577	1.029880e+02
4578	1.022811e+02
4579	1.017219e+02
4580	1.012607e+02
4581	1.009115e+02
4582	1.006709e+02
4583	1.005612e+02
4584	1.006680e+02
4585	1.008407e+02
4586	1.010676e+02
4587	1.014114e+02
4588	1.018863e+02
4589	1.025186e+02
4590	1.033596e+02
4591	1.042892e+02
4592	1.052503e+02
4593	1.062593e+02
4594	1.072921e+02
4595	1.082190e+02
4596	1.091829e+02
4597	1.102094e+02
4598	1.110712e+02
4599	1.119672e+02
4600	1.128135e+02
4601	1.136307e+02
4602	1.145034e+02
4603	1.153613e+02
4604	1.160849e+02
4605	1.166981e+02
4606	1.170837e+02
4607	1.172568e+02
4608	1.173826e+02
4609	1.173442e+02
4610	1.170988e+02
4611	1.167973e+02
4612	1.163492e+02
4613	1.157405e+02
4614	1.149601e+02
4615	1.140963e+02
4616	1.130134e+02
4617	1.118420e+02
4618	1.106866e+02
4619	1.094396e+02
4620	1.081058e+02
4621	1.068595e+02
4622	1.056599e+02
4623	1.044025e+02
4624	1.032365e+02
4625	1.022615e+02
4626	1.012543e+02
4627	1.003336e+02
4628	9.941918e+01
4629	9.867104e+01
4630	9.806800e+01
4631	9.759033e+01
4632	9.729799e+01
4633	9.719576e+01
4634	9.717964e+01
4635	9.724423e+01
4636	9.742970e+01
4637	9.780828e+01
4638	9.837118e+01
4639	9.924308e+01
4640	1.002436e+02
4641	1.013777e+02
4642	1.026004e+02
4643	1.039921e+02
4644	1.054915e+02
4645	1.070556e+02
4646	1.086577e+02
4647	1.102619e+02
4648	1.117729e+02
4649	1.131990e+02
4650	1.144273e+02
4651	1.154439e+02
4652	1.162858e+02
4653	1.169337e+02
4654	1.174507e+02
4655	1.178504e+02
4656	1.180500e+02
4657	1.179979e+02
4658	1.177349e+02
4659	1.172570e+02
4660	1.167379e+02
4661	1.160853e+02
4662	1.153063e+02
4663	1.144247e+02
4664	1.134200e+02
4665	1.122825e+02
4666	1.109944e+02
4667	1.095689e+02
4668	1.080690e+02
4669	1.065005e+02
4670	1.049394e+02
4671	1.033785e+02
4672	1.017259e+02
4673	1.000701e+02
4674	9.849666e+01
4675	9.703670e+01
4676	9.567995e+01
4677	9.453019e+01
4678	9.353856e+01
4679	9.279350e+01
4680	9.246635e+01
4681	9.239810e+01
4682	9.267484e+01
4683	9.336344e+01
4684	9.437439e+01
4685	9.558041e+01
4686	9.702100e+01
4687	9.876277e+01
4688	1.006726e+02
4689	1.026562e+02
4690	1.047230e+02
4691	1.069338e+02
4692	1.093256e+02
4693	1.117277e+02
4694	1.141759e+02
4695	1.165105e+02
4696	1.187262e+02
4697	1.207621e+02
4698	1.225304e+02
4699	1.241665e+02
4700	1.255300e+02
4701	1.267473e+02
4702	1.277313e+02
4703	1.284324e+02
4704	1.288690e+02
4705	1.289588e+02
4706	1.287645e+02
4707	1.283009e+02
4708	1.275961e+02
4709	1.266216e+02
4710	1.254303e+02
4711	1.240435e+02
4712	1.225657e+02
4713	1.208385e+02
4714	1.189224e+02
4715	1.170177e+02
4716	1.150627e+02
4717	1.131008e+02
4718	1.111223e+02
4719	1.091178e+02
4720	1.071522e+02
4721	1.052937e+02
4722	1.035449e+02
4723	1.019924e+02
4724	1.006251e+02
4725	9.946871e+01
4726	9.854823e+01
4727	9.798306e+01
4728	9.760202e+01
4729	9.733680e+01
4730	9.741219e+01
4731	9.774363e+01
4732	9.819423e+01
4733	9.878467e+01
4734	9.955310e+01
4735	1.003333e+02
4736	1.013956e+02
4737	1.025887e+02
4738	1.039178e+02
4739	1.053575e+02
4740	1.068152e+02
4741	1.082422e+02
4742	1.095985e+02
4743	1.109360e+02
4744	1.122238e+02
4745	1.134151e+02
4746	1.144128e+02
4747	1.153098e+02
4748	1.159917e+02
4749	1.166890e+02
4750	1.173020e+02
4751	1.177677e+02
4752	1.180310e+02
4753	1.182129e+02
4754	1.182576e+02
4755	1.181761e+02
4756	1.178473e+02
4757	1.172489e+02
4758	1.164658e+02
4759	1.154135e+02
4760	1.142140e+02
4761	1.128673e+02
4762	1.114291e+02
4763	1.098657e+02
4764	1.083161e+02
4765	1.067899e+02
4766	1.052143e+02
4767	1.037502e+02
4768	1.023285e+02
4769	1.011122e+02
4770	1.000410e+02
4771	9.909280e+01
4772	9.840863e+01
4773	9.787417e+01
4774	9.748589e+01
4775	9.731796e+01
4776	9.732080e+01
4777	9.749541e+01
4778	9.787615e+01
4779	9.834891e+01
4780	9.897703e+01
4781	9.957739e+01
4782	1.002886e+02
4783	1.010958e+02
4784	1.019340e+02
4785	1.026518e+02
4786	1.034781e+02
4787	1.043797e+02
4788	1.053607e+02
4789	1.062650e+02
4790	1.071475e+02
4791	1.080658e+02
4792	1.089229e+02
4793	1.098122e+02
4794	1.106022e+02
4795	1.113128e+02
4796	1.118565e+02
4797	1.124460e+02
4798	1.130140e+02
4799	1.135338e+02
4800	1.139066e+02
4801	1.141710e+02
4802	1.142906e+02
4803	1.142577e+02
4804	1.141262e+02
4805	1.138517e+02
4806	1.133395e+02
4807	1.127093e+02
4808	1.120499e+02
4809	1.112239e+02
4810	1.101912e+02
4811	1.091176e+02
4812	1.079266e+02
4813	1.067444e+02
4814	1.055948e+02
4815	1.045125e+02
4816	1.034063e+02
4817	1.024309e+02
4818	1.016136e+02
4819	1.008552e+02
4820	1.002957e+02
4821	9.985383e+01
4822	9.953050e+01
4823	9.930357e+01
4824	9.918684e+01
4825	9.926002e+01
4826	9.943596e+01
4827	9.981933e+01
4828	1.002092e+02
4829	1.007074e+02
4830	1.013470e+02
4831	1.020932e+02
4832	1.028709e+02
4833	1.036636e+02
4834	1.044649e+02
4835	1.052092e+02
4836	1.059866e+02
4837	1.066175e+02
4838	1.070875e+02
4839	1.075163e+02
4840	1.077907e+02
4841	1.080104e+02
4842	1.081435e+02
4843	1.081656e+02
4844	1.082037e+02
4845	1.081520e+02
4846	1.080834e+02
4847	1.080306e+02
4848	1.080339e+02
4849	1.080227e+02
4850	1.081129e+02
4851	1.080707e+02
4852	1.079455e+02
4853	1.076179e+02
4854	1.073305e+02
4855	1.068755e+02
4856	1.063517e+02
4857	1.058324e+02
4858	1.053244e+02
4859	1.047983e+02
4860	1.043478e+02
4861	1.039357e+02
4862	1.035814e+02
4863	1.033126e+02
4864	1.032164e+02
4865	1.032217e+02
4866	1.033006e+02
4867	1.034758e+02
4868	1.037567e+02
4869	1.041327e+02
4870	1.046507e+02
4871	1.051411e+02
4872	1.056586e+02
4873	1.061385e+02
4874	1.066881e+02
4875	1.072528e+02
4876	1.078306e+02
4877	1.085090e+02
4878	1.092453e+02
4879	1.099860e+02
4880	1.105895e+02
4881	1.111662e+02
4882	1.117052e+02
4883	1.122965e+02
4884	1.129339e+02
4885	1.135332e+02
4886	1.139982e+02
4887	1.143085e+02
4888	1.145920e+02
4889	1.147288e+02
4890	1.148663e+02
4891	1.148603e+02
4892	1.148458e+02
4893	1.147264e+02
4894	1.144206e+02
4895	1.139598e+02
4896	1.132777e+02
4897	1.125503e+02
4898	1.117607e+02
4899	1.108697e+02
4900	1.099115e+02
4901	1.089846e+02
4902	1.080785e+02
4903	1.071359e+02
4904	1.062190e+02
4905	1.054534e+02
4906	1.046776e+02
4907	1.039871e+02
4908	1.032532e+02
4909	1.026509e+02
4910	1.021064e+02
4911	1.016147e+02
4912	1.012284e+02
4913	1.009777e+02
4914	1.008018e+02
4915	1.008718e+02
4916	1.010039e+02
4917	1.012129e+02
4918	1.015397e+02
4919	1.020423e+02
4920	1.027524e+02
4921	1.035314e+02
4922	1.043127e+02
4923	1.050750e+02
4924	1.058970e+02
4925	1.068033e+02
4926	1.076455e+02
4927	1.085290e+02
4928	1.094255e+02
4929	1.103825e+02
4930	1.113181e+02
4931	1.122671e+02
4932	1.131368e+02
4933	1.138919e+02
4934	1.146258e+02
4935	1.152587e+02
4936	1.158476e+02
4937	1.162818e+02
4938	1.165282e+02
4939	1.166684e+02
4940	1.167551e+02
4941	1.167055e+02
4942	1.164749e+02
4943	1.161923e+02
4944	1.158212e+02
4945	1.152604e+02
4946	1.146071e+02
4947	1.137223e+02
4948	1.127741e+02
4949	1.118560e+02
4950	1.108955e+02
4951	1.099466e+02
4952	1.090961e+02
4953	1.081907e+02
4954	1.073717e+02
4955	1.066211e+02
4956	1.058918e+02
4957	1.052676e+02
4958	1.047585e+02
4959	1.043187e+02
4960	1.040473e+02
4961	1.038152e+02
4962	1.038195e+02
4963	1.040002e+02
4964	1.045087e+02
4965	1.052395e+02
4966	1.060831e+02
4967	1.069072e+02
4968	1.078754e+02
4969	1.089733e+02
4970	1.101301e+02
4971	1.111697e+02
4972	1.122078e+02
4973	1.132584e+02
4974	1.142841e+02
4975	1.154287e+02
4976	1.164576e+02
4977	1.173980e+02
4978	1.182313e+02
4979	1.189874e+02
4980	1.197287e+02
4981	1.203952e+02
4982	1.208548e+02
4983	1.211719e+02
4984	1.214577e+02
4985	1.215881e+02
4986	1.217071e+02
4987	1.216599e+02
4988	1.213872e+02
4989	1.208450e+02
4990	1.200983e+02
4991	1.193031e+02
4992	1.183865e+02
4993	1.173286e+02
4994	1.161645e+02
4995	1.149419e+02
4996	1.136686e+02
4997	1.124557e+02
4998	1.111869e+02
4999	1.099495e+02
