# Step	Measurement
1	1.080695e+02
2	1.079297e+02
3	1.078007e+02
4	1.076968e+02
5	1.076509e+02
6	1.076763e+02
7	1.077489e+02
8	1.078227e+02
9	1.078679e+02
10	1.079674e+02
11	1.081011e+02
12	1.082257e+02
13	1.084526e+02
14	1.086394e+02
15	1.088030e+02
16	1.089019e+02
17	1.090164e+02
18	1.091498e+02
19	1.092719e+02
20	1.094183e+02
21	1.094251e+02
22	1.094248e+02
23	1.094004e+02
24	1.093215e+02
25	1.092258e+02
26	1.091728e+02
27	1.091106e+02
28	1.090561e+02
29	1.090482e+02
30	1.089514e+02
31	1.088511e+02
32	1.086913e+02
33	1.084831e+02
34	1.082506e+02
35	1.080284e+02
36	1.078418e+02
37	1.075985e+02
38	1.074320e+02
39	1.072242e+02
40	1.070364e+02
41	1.068751e+02
42	1.067388e+02
43	1.066386e+02
44	1.066023e+02
45	1.066346e+02
46	1.067140e+02
47	1.067617e+02
48	1.067965e+02
49	1.068682e+02
50	1.069512e+02
51	1.070682e+02
52	1.072863e+02
53	1.075452e+02
54	1.078798e+02
55	1.083210e+02
56	1.088118e+02
57	1.093451e+02
58	1.099423e+02
59	1.105114e+02
60	1.110888e+02
61	1.117261e+02
62	1.123188e+02
63	1.129058e+02
64	1.134106e+02
65	1.139222e+02
66	1.143093e+02
67	1.145969e+02
68	1.148334e+02
69	1.150543e+02
70	1.151559e+02
71	1.152255e+02
72	1.152720e+02
73	1.152094e+02
74	1.150829e+02
75	1.149767e+02
76	1.147993e+02
77	1.145733e+02
78	1.143754e+02
79	1.141019e+02
80	1.137892e+02
81	1.133781e+02
82	1.129084e+02
83	1.124398e+02
84	1.119579e+02
85	1.114828e+02
86	1.109697e+02
87	1.104457e+02
88	1.099275e+02
89	1.094172e+02
90	1.088457e+02
91	1.083732e+02
92	1.078362e+02
93	1.073303e+02
94	1.069518e+02
95	1.065798e+02
96	1.061231e+02
97	1.056584e+02
98	1.051755e+02
99	1.046749e+02
100	1.042624e+02
101	1.038608e+02
102	1.035066e+02
103	1.032613e+02
104	1.030144e+02
105	1.028146e+02
106	1.026682e+02
107	1.025621e+02
108	1.024544e+02
109	1.023723e+02
110	1.023946e+02
111	1.024855e+02
112	1.025875e+02
113	1.026992e+02
114	1.027709e+02
115	1.029149e+02
116	1.031376e+02
117	1.034413e+02
118	1.038087e+02
119	1.042835e+02
120	1.047364e+02
121	1.051607e+02
122	1.056283e+02
123	1.061388e+02
124	1.066587e+02
125	1.071657e+02
126	1.076770e+02
127	1.081440e+02
128	1.086323e+02
129	1.092038e+02
130	1.097773e+02
131	1.102741e+02
132	1.107291e+02
133	1.112015e+02
134	1.116359e+02
135	1.121258e+02
136	1.125891e+02
137	1.130455e+02
138	1.134756e+02
139	1.138785e+02
140	1.142112e+02
141	1.145251e+02
142	1.148162e+02
143	1.150950e+02
144	1.153664e+02
145	1.156006e+02
146	1.157453e+02
147	1.159367e+02
148	1.161580e+02
149	1.163814e+02
150	1.164982e+02
151	1.165293e+02
152	1.164467e+02
153	1.163516e+02
154	1.161675e+02
155	1.159200e+02
156	1.156614e+02
157	1.153503e+02
158	1.150670e+02
159	1.147211e+02
160	1.143449e+02
161	1.139910e+02
162	1.136005e+02
163	1.132525e+02
164	1.129895e+02
165	1.127246e+02
166	1.124791e+02
167	1.123215e+02
168	1.120623e+02
169	1.118399e+02
170	1.116736e+02
171	1.115680e+02
172	1.115329e+02
173	1.114854e+02
174	1.114391e+02
175	1.114199e+02
176	1.113937e+02
177	1.113630e+02
178	1.113540e+02
179	1.113415e+02
180	1.112654e+02
181	1.111147e+02
182	1.109580e+02
183	1.108311e+02
184	1.107793e+02
185	1.108204e+02
186	1.108859e+02
187	1.109383e+02
188	1.109890e+02
189	1.110117e+02
190	1.111134e+02
191	1.111573e+02
192	1.111856e+02
193	1.111664e+02
194	1.111234e+02
195	1.110259e+02
196	1.108479e+02
197	1.106476e+02
198	1.104308e+02
199	1.101761e+02
200	1.098790e+02
201	1.095452e+02
202	1.091528e+02
203	1.087256e+02
204	1.081492e+02
205	1.075415e+02
206	1.069283e+02
207	1.063059e+02
208	1.057295e+02
209	1.051982e+02
210	1.047302e+02
211	1.043338e+02
212	1.040294e+02
213	1.038437e+02
214	1.037037e+02
215	1.036209e+02
216	1.035392e+02
217	1.035540e+02
218	1.036745e+02
219	1.038260e+02
220	1.041684e+02
221	1.044988e+02
222	1.048771e+02
223	1.052494e+02
224	1.057146e+02
225	1.062207e+02
226	1.067928e+02
227	1.074142e+02
228	1.080299e+02
229	1.086526e+02
230	1.093137e+02
231	1.099653e+02
232	1.105909e+02
233	1.112133e+02
234	1.117352e+02
235	1.122091e+02
236	1.125640e+02
237	1.128642e+02
238	1.130982e+02
239	1.132072e+02
240	1.132147e+02
241	1.131864e+02
242	1.131044e+02
243	1.129252e+02
244	1.126920e+02
245	1.124727e+02
246	1.122529e+02
247	1.119985e+02
248	1.116517e+02
249	1.112572e+02
250	1.107454e+02
251	1.102299e+02
252	1.096376e+02
253	1.090657e+02
254	1.084741e+02
255	1.078795e+02
256	1.073301e+02
257	1.068198e+02
258	1.063707e+02
259	1.059676e+02
260	1.056539e+02
261	1.053675e+02
262	1.051820e+02
263	1.050385e+02
264	1.048697e+02
265	1.047564e+02
266	1.046760e+02
267	1.046798e+02
268	1.046945e+02
269	1.047310e+02
270	1.048157e+02
271	1.049476e+02
272	1.051724e+02
273	1.054737e+02
274	1.058120e+02
275	1.061604e+02
276	1.066273e+02
277	1.070747e+02
278	1.075200e+02
279	1.080096e+02
280	1.085416e+02
281	1.090681e+02
282	1.096600e+02
283	1.102871e+02
284	1.108719e+02
285	1.113787e+02
286	1.118436e+02
287	1.121508e+02
288	1.124258e+02
289	1.126650e+02
290	1.128818e+02
291	1.129965e+02
292	1.131128e+02
293	1.132301e+02
294	1.133068e+02
295	1.132911e+02
296	1.131712e+02
297	1.128700e+02
298	1.125614e+02
299	1.121243e+02
300	1.116207e+02
301	1.110327e+02
302	1.104333e+02
303	1.098465e+02
304	1.092441e+02
305	1.085915e+02
306	1.079487e+02
307	1.072506e+02
308	1.065149e+02
309	1.058616e+02
310	1.052713e+02
311	1.047366e+02
312	1.043011e+02
313	1.039268e+02
314	1.035916e+02
315	1.033807e+02
316	1.032043e+02
317	1.030854e+02
318	1.030002e+02
319	1.029579e+02
320	1.029820e+02
321	1.030116e+02
322	1.030661e+02
323	1.031367e+02
324	1.032474e+02
325	1.033544e+02
326	1.034781e+02
327	1.036092e+02
328	1.037144e+02
329	1.038187e+02
330	1.039667e+02
331	1.041218e+02
332	1.043192e+02
333	1.044703e+02
334	1.046846e+02
335	1.049278e+02
336	1.051957e+02
337	1.055324e+02
338	1.059149e+02
339	1.062514e+02
340	1.066380e+02
341	1.070565e+02
342	1.075058e+02
343	1.079287e+02
344	1.083887e+02
345	1.087530e+02
346	1.090764e+02
347	1.093740e+02
348	1.095208e+02
349	1.096361e+02
350	1.097604e+02
351	1.098172e+02
352	1.098768e+02
353	1.099417e+02
354	1.100613e+02
355	1.101259e+02
356	1.102152e+02
357	1.102596e+02
358	1.102267e+02
359	1.102006e+02
360	1.100573e+02
361	1.098878e+02
362	1.096505e+02
363	1.094460e+02
364	1.092878e+02
365	1.091012e+02
366	1.088640e+02
367	1.086441e+02
368	1.085404e+02
369	1.084625e+02
370	1.083939e+02
371	1.083453e+02
372	1.083529e+02
373	1.084310e+02
374	1.086406e+02
375	1.088641e+02
376	1.090719e+02
377	1.093219e+02
378	1.095445e+02
379	1.098572e+02
380	1.101627e+02
381	1.104990e+02
382	1.108187e+02
383	1.110436e+02
384	1.113847e+02
385	1.117460e+02
386	1.120320e+02
387	1.123205e+02
388	1.125846e+02
389	1.127631e+02
390	1.130347e+02
391	1.131957e+02
392	1.132856e+02
393	1.133886e+02
394	1.134198e+02
395	1.134502e+02
396	1.133600e+02
397	1.132534e+02
398	1.131016e+02
399	1.128675e+02
400	1.125393e+02
401	1.121329e+02
402	1.116019e+02
403	1.109964e+02
404	1.103238e+02
405	1.095772e+02
406	1.088348e+02
407	1.081319e+02
408	1.074869e+02
409	1.068649e+02
410	1.062681e+02
411	1.057280e+02
412	1.052172e+02
413	1.048148e+02
414	1.044628e+02
415	1.041060e+02
416	1.037774e+02
417	1.035704e+02
418	1.034489e+02
419	1.033686e+02
420	1.032874e+02
421	1.032109e+02
422	1.031670e+02
423	1.030967e+02
424	1.030627e+02
425	1.030243e+02
426	1.030115e+02
427	1.030215e+02
428	1.030277e+02
429	1.030724e+02
430	1.031969e+02
431	1.033972e+02
432	1.037270e+02
433	1.040301e+02
434	1.044110e+02
435	1.048602e+02
436	1.053693e+02
437	1.058635e+02
438	1.063357e+02
439	1.067819e+02
440	1.072342e+02
441	1.077662e+02
442	1.082787e+02
443	1.088096e+02
444	1.093403e+02
445	1.097580e+02
446	1.101753e+02
447	1.105584e+02
448	1.109116e+02
449	1.112133e+02
450	1.114461e+02
451	1.115363e+02
452	1.115340e+02
453	1.114501e+02
454	1.112387e+02
455	1.109119e+02
456	1.105361e+02
457	1.100661e+02
458	1.095242e+02
459	1.089433e+02
460	1.082637e+02
461	1.075517e+02
462	1.068495e+02
463	1.061357e+02
464	1.053423e+02
465	1.045057e+02
466	1.036475e+02
467	1.028698e+02
468	1.021162e+02
469	1.014526e+02
470	1.007948e+02
471	1.001583e+02
472	9.955910e+01
473	9.896204e+01
474	9.834278e+01
475	9.774621e+01
476	9.713093e+01
477	9.657442e+01
478	9.612474e+01
479	9.576990e+01
480	9.552418e+01
481	9.535866e+01
482	9.525303e+01
483	9.523067e+01
484	9.519117e+01
485	9.528975e+01
486	9.553154e+01
487	9.588615e+01
488	9.630629e+01
489	9.686902e+01
490	9.754637e+01
491	9.829835e+01
492	9.907465e+01
493	9.990148e+01
494	1.008713e+02
495	1.018877e+02
496	1.029723e+02
497	1.041403e+02
498	1.053384e+02
499	1.065419e+02
500	1.077439e+02
501	1.089660e+02
502	1.101514e+02
503	1.112420e+02
504	1.122202e+02
505	1.131565e+02
506	1.140412e+02
507	1.148589e+02
508	1.155548e+02
509	1.161973e+02
510	1.167635e+02
511	1.172022e+02
512	1.175546e+02
513	1.178035e+02
514	1.179985e+02
515	1.181049e+02
516	1.181100e+02
517	1.180692e+02
518	1.179293e+02
519	1.176972e+02
520	1.173627e+02
521	1.168498e+02
522	1.162771e+02
523	1.156968e+02
524	1.150996e+02
525	1.145025e+02
526	1.138444e+02
527	1.131942e+02
528	1.125706e+02
529	1.120030e+02
530	1.113918e+02
531	1.107223e+02
532	1.100477e+02
533	1.093620e+02
534	1.086510e+02
535	1.079189e+02
536	1.071926e+02
537	1.065230e+02
538	1.058837e+02
539	1.052422e+02
540	1.046683e+02
541	1.040657e+02
542	1.034925e+02
543	1.029997e+02
544	1.025681e+02
545	1.021944e+02
546	1.019317e+02
547	1.017394e+02
548	1.016869e+02
549	1.016809e+02
550	1.016952e+02
551	1.017428e+02
552	1.019021e+02
553	1.021234e+02
554	1.023774e+02
555	1.025941e+02
556	1.028234e+02
557	1.031175e+02
558	1.034596e+02
559	1.039524e+02
560	1.045768e+02
561	1.051688e+02
562	1.057742e+02
563	1.063678e+02
564	1.069662e+02
565	1.075732e+02
566	1.082089e+02
567	1.088535e+02
568	1.095025e+02
569	1.100592e+02
570	1.106348e+02
571	1.111555e+02
572	1.115951e+02
573	1.119729e+02
574	1.123841e+02
575	1.127925e+02
576	1.131618e+02
577	1.135234e+02
578	1.138795e+02
579	1.141884e+02
580	1.145473e+02
581	1.148724e+02
582	1.151632e+02
583	1.154813e+02
584	1.157220e+02
585	1.158849e+02
586	1.160065e+02
587	1.161365e+02
588	1.162342e+02
589	1.163173e+02
590	1.164230e+02
591	1.165185e+02
592	1.166551e+02
593	1.168210e+02
594	1.170104e+02
595	1.171432e+02
596	1.173570e+02
597	1.176561e+02
598	1.179020e+02
599	1.180581e+02
600	1.181954e+02
601	1.182740e+02
602	1.183325e+02
603	1.184465e+02
604	1.185694e+02
605	1.186453e+02
606	1.187127e+02
607	1.188720e+02
608	1.190126e+02
609	1.190375e+02
610	1.190522e+02
611	1.190151e+02
612	1.188983e+02
613	1.187482e+02
614	1.184996e+02
615	1.181630e+02
616	1.177598e+02
617	1.171690e+02
618	1.164945e+02
619	1.157791e+02
620	1.149629e+02
621	1.141410e+02
622	1.132694e+02
623	1.123168e+02
624	1.113213e+02
625	1.102979e+02
626	1.092978e+02
627	1.082681e+02
628	1.071841e+02
629	1.060856e+02
630	1.049225e+02
631	1.038508e+02
632	1.028371e+02
633	1.018223e+02
634	1.008012e+02
635	9.977546e+01
636	9.882545e+01
637	9.801534e+01
638	9.730395e+01
639	9.669753e+01
640	9.621181e+01
641	9.576982e+01
642	9.542890e+01
643	9.513179e+01
644	9.492140e+01
645	9.483109e+01
646	9.482787e+01
647	9.502262e+01
648	9.533794e+01
649	9.579484e+01
650	9.639032e+01
651	9.711667e+01
652	9.803871e+01
653	9.906219e+01
654	1.000962e+02
655	1.012560e+02
656	1.024664e+02
657	1.036786e+02
658	1.048952e+02
659	1.060894e+02
660	1.072665e+02
661	1.084977e+02
662	1.096845e+02
663	1.108452e+02
664	1.119435e+02
665	1.129495e+02
666	1.139477e+02
667	1.149132e+02
668	1.158124e+02
669	1.166568e+02
670	1.174733e+02
671	1.182257e+02
672	1.189335e+02
673	1.195465e+02
674	1.200247e+02
675	1.203048e+02
676	1.204195e+02
677	1.204263e+02
678	1.202290e+02
679	1.198988e+02
680	1.194475e+02
681	1.189327e+02
682	1.183443e+02
683	1.177329e+02
684	1.170125e+02
685	1.163473e+02
686	1.156335e+02
687	1.148034e+02
688	1.140082e+02
689	1.131452e+02
690	1.122979e+02
691	1.113835e+02
692	1.105568e+02
693	1.097846e+02
694	1.090535e+02
695	1.083499e+02
696	1.076924e+02
697	1.070656e+02
698	1.064225e+02
699	1.058302e+02
700	1.052755e+02
701	1.047950e+02
702	1.042729e+02
703	1.038982e+02
704	1.035595e+02
705	1.031884e+02
706	1.028242e+02
707	1.024534e+02
708	1.021442e+02
709	1.018255e+02
710	1.015707e+02
711	1.012955e+02
712	1.010659e+02
713	1.008798e+02
714	1.007825e+02
715	1.007127e+02
716	1.006664e+02
717	1.006382e+02
718	1.005835e+02
719	1.005758e+02
720	1.005203e+02
721	1.005326e+02
722	1.005374e+02
723	1.005559e+02
724	1.005806e+02
725	1.005444e+02
726	1.005532e+02
727	1.005757e+02
728	1.006113e+02
729	1.006474e+02
730	1.006326e+02
731	1.006438e+02
732	1.007539e+02
733	1.009237e+02
734	1.010874e+02
735	1.013044e+02
736	1.014901e+02
737	1.016759e+02
738	1.018492e+02
739	1.020964e+02
740	1.024540e+02
741	1.028058e+02
742	1.031234e+02
743	1.034009e+02
744	1.036254e+02
745	1.037980e+02
746	1.039569e+02
747	1.041873e+02
748	1.043740e+02
749	1.046562e+02
750	1.049056e+02
751	1.051585e+02
752	1.053643e+02
753	1.056103e+02
754	1.058237e+02
755	1.060406e+02
756	1.062883e+02
757	1.065692e+02
758	1.068660e+02
759	1.071982e+02
760	1.075223e+02
761	1.078037e+02
762	1.081105e+02
763	1.083914e+02
764	1.086601e+02
765	1.089066e+02
766	1.090127e+02
767	1.091406e+02
768	1.092218e+02
769	1.092309e+02
770	1.092217e+02
771	1.092866e+02
772	1.093447e+02
773	1.093831e+02
774	1.094633e+02
775	1.094505e+02
776	1.094371e+02
777	1.093993e+02
778	1.093581e+02
779	1.093139e+02
780	1.092617e+02
781	1.092603e+02
782	1.092638e+02
783	1.093328e+02
784	1.093312e+02
785	1.092738e+02
786	1.091451e+02
787	1.089165e+02
788	1.087087e+02
789	1.084517e+02
790	1.082120e+02
791	1.079247e+02
792	1.076734e+02
793	1.074763e+02
794	1.072608e+02
795	1.070862e+02
796	1.070331e+02
797	1.069855e+02
798	1.069459e+02
799	1.069646e+02
800	1.069984e+02
801	1.070244e+02
802	1.070848e+02
803	1.071666e+02
804	1.071800e+02
805	1.072814e+02
806	1.073381e+02
807	1.073829e+02
808	1.074307e+02
809	1.075208e+02
810	1.076038e+02
811	1.076515e+02
812	1.076671e+02
813	1.076993e+02
814	1.077339e+02
815	1.077230e+02
816	1.077716e+02
817	1.078080e+02
818	1.079704e+02
819	1.081847e+02
820	1.083784e+02
821	1.086254e+02
822	1.089162e+02
823	1.092077e+02
824	1.094957e+02
825	1.097756e+02
826	1.099677e+02
827	1.101077e+02
828	1.102070e+02
829	1.102690e+02
830	1.102945e+02
831	1.103402e+02
832	1.103511e+02
833	1.103722e+02
834	1.104117e+02
835	1.104177e+02
836	1.104475e+02
837	1.104317e+02
838	1.104263e+02
839	1.103909e+02
840	1.102853e+02
841	1.101261e+02
842	1.099748e+02
843	1.098299e+02
844	1.097222e+02
845	1.095089e+02
846	1.093242e+02
847	1.090904e+02
848	1.088941e+02
849	1.087358e+02
850	1.086055e+02
851	1.084476e+02
852	1.082605e+02
853	1.080226e+02
854	1.078937e+02
855	1.077638e+02
856	1.078033e+02
857	1.079520e+02
858	1.081185e+02
859	1.082795e+02
860	1.085443e+02
861	1.088388e+02
862	1.092033e+02
863	1.096416e+02
864	1.100960e+02
865	1.106293e+02
866	1.112551e+02
867	1.118748e+02
868	1.125680e+02
869	1.132667e+02
870	1.139185e+02
871	1.145845e+02
872	1.152572e+02
873	1.159687e+02
874	1.166406e+02
875	1.173210e+02
876	1.179373e+02
877	1.184453e+02
878	1.188334e+02
879	1.191261e+02
880	1.193861e+02
881	1.194404e+02
882	1.193718e+02
883	1.191846e+02
884	1.189021e+02
885	1.185319e+02
886	1.180753e+02
887	1.175413e+02
888	1.169845e+02
889	1.163097e+02
890	1.155952e+02
891	1.149070e+02
892	1.141754e+02
893	1.134859e+02
894	1.127661e+02
895	1.119933e+02
896	1.112306e+02
897	1.105266e+02
898	1.098481e+02
899	1.092564e+02
900	1.087548e+02
901	1.083106e+02
902	1.079412e+02
903	1.076357e+02
904	1.075178e+02
905	1.074553e+02
906	1.074873e+02
907	1.075911e+02
908	1.076764e+02
909	1.078917e+02
910	1.081438e+02
911	1.084247e+02
912	1.087291e+02
913	1.090015e+02
914	1.092993e+02
915	1.096778e+02
916	1.101385e+02
917	1.106116e+02
918	1.110865e+02
919	1.115716e+02
920	1.119931e+02
921	1.124005e+02
922	1.128027e+02
923	1.131224e+02
924	1.134341e+02
925	1.136462e+02
926	1.137738e+02
927	1.139360e+02
928	1.140504e+02
929	1.140981e+02
930	1.140777e+02
931	1.140271e+02
932	1.139466e+02
933	1.138139e+02
934	1.136754e+02
935	1.134834e+02
936	1.132588e+02
937	1.130012e+02
938	1.126553e+02
939	1.122097e+02
940	1.116408e+02
941	1.110154e+02
942	1.104151e+02
943	1.097741e+02
944	1.091183e+02
945	1.084509e+02
946	1.077746e+02
947	1.072237e+02
948	1.066951e+02
949	1.062636e+02
950	1.058215e+02
951	1.054044e+02
952	1.050456e+02
953	1.047572e+02
954	1.044749e+02
955	1.041953e+02
956	1.040344e+02
957	1.038599e+02
958	1.038296e+02
959	1.039141e+02
960	1.040151e+02
961	1.042114e+02
962	1.044385e+02
963	1.045749e+02
964	1.047853e+02
965	1.050030e+02
966	1.052052e+02
967	1.054712e+02
968	1.057389e+02
969	1.060247e+02
970	1.063944e+02
971	1.067742e+02
972	1.071107e+02
973	1.074386e+02
974	1.077276e+02
975	1.079536e+02
976	1.081608e+02
977	1.083719e+02
978	1.085272e+02
979	1.086360e+02
980	1.086915e+02
981	1.086450e+02
982	1.084768e+02
983	1.082847e+02
984	1.079757e+02
985	1.076061e+02
986	1.071953e+02
987	1.067411e+02
988	1.062106e+02
989	1.056733e+02
990	1.051900e+02
991	1.047305e+02
992	1.042908e+02
993	1.038655e+02
994	1.034782e+02
995	1.030723e+02
996	1.026378e+02
997	1.022794e+02
998	1.019698e+02
999	1.017250e+02
1000	1.015360e+02
1001	1.012624e+02
1002	1.010903e+02
1003	1.009228e+02
1004	1.008262e+02
1005	1.006946e+02
1006	1.006179e+02
1007	1.005514e+02
1008	1.004821e+02
1009	1.003718e+02
1010	1.002957e+02
1011	1.001833e+02
1012	1.000386e+02
1013	9.991669e+01
1014	9.973200e+01
1015	9.953567e+01
1016	9.936273e+01
1017	9.912883e+01
1018	9.891615e+01
1019	9.878720e+01
1020	9.866965e+01
1021	9.868385e+01
1022	9.873164e+01
1023	9.877229e+01
1024	9.881014e+01
1025	9.891088e+01
1026	9.902044e+01
1027	9.909827e+01
1028	9.923714e+01
1029	9.941501e+01
1030	9.963126e+01
1031	9.990703e+01
1032	1.001211e+02
1033	1.004005e+02
1034	1.006396e+02
1035	1.009178e+02
1036	1.012416e+02
1037	1.016077e+02
1038	1.019830e+02
1039	1.024071e+02
1040	1.028116e+02
1041	1.032311e+02
1042	1.037428e+02
1043	1.042906e+02
1044	1.048861e+02
1045	1.054481e+02
1046	1.059258e+02
1047	1.064247e+02
1048	1.069511e+02
1049	1.073584e+02
1050	1.076829e+02
1051	1.079236e+02
1052	1.080990e+02
1053	1.081992e+02
1054	1.083125e+02
1055	1.084598e+02
1056	1.085676e+02
1057	1.085825e+02
1058	1.086145e+02
1059	1.086760e+02
1060	1.087880e+02
1061	1.089107e+02
1062	1.090156e+02
1063	1.090838e+02
1064	1.090909e+02
1065	1.091018e+02
1066	1.090285e+02
1067	1.089069e+02
1068	1.087338e+02
1069	1.085264e+02
1070	1.081999e+02
1071	1.078519e+02
1072	1.073872e+02
1073	1.069542e+02
1074	1.065219e+02
1075	1.061931e+02
1076	1.058851e+02
1077	1.055777e+02
1078	1.053140e+02
1079	1.050339e+02
1080	1.047871e+02
1081	1.045730e+02
1082	1.043935e+02
1083	1.043236e+02
1084	1.042524e+02
1085	1.042009e+02
1086	1.041814e+02
1087	1.041350e+02
1088	1.041598e+02
1089	1.041866e+02
1090	1.042820e+02
1091	1.044169e+02
1092	1.046016e+02
1093	1.047928e+02
1094	1.050285e+02
1095	1.052449e+02
1096	1.054559e+02
1097	1.056600e+02
1098	1.058013e+02
1099	1.058882e+02
1100	1.060204e+02
1101	1.061193e+02
1102	1.062488e+02
1103	1.063526e+02
1104	1.065345e+02
1105	1.066981e+02
1106	1.068736e+02
1107	1.070598e+02
1108	1.073214e+02
1109	1.075628e+02
1110	1.078085e+02
1111	1.078962e+02
1112	1.079835e+02
1113	1.080408e+02
1114	1.079823e+02
1115	1.079475e+02
1116	1.078341e+02
1117	1.077168e+02
1118	1.076188e+02
1119	1.074572e+02
1120	1.072667e+02
1121	1.070410e+02
1122	1.068377e+02
1123	1.066696e+02
1124	1.065168e+02
1125	1.064289e+02
1126	1.064102e+02
1127	1.064252e+02
1128	1.065740e+02
1129	1.067129e+02
1130	1.068925e+02
1131	1.070557e+02
1132	1.071645e+02
1133	1.072249e+02
1134	1.073765e+02
1135	1.075609e+02
1136	1.077351e+02
1137	1.079010e+02
1138	1.080509e+02
1139	1.082367e+02
1140	1.084091e+02
1141	1.086048e+02
1142	1.087534e+02
1143	1.089168e+02
1144	1.091275e+02
1145	1.094146e+02
1146	1.097185e+02
1147	1.100595e+02
1148	1.104400e+02
1149	1.108248e+02
1150	1.112611e+02
1151	1.116556e+02
1152	1.120225e+02
1153	1.124081e+02
1154	1.127581e+02
1155	1.130213e+02
1156	1.131704e+02
1157	1.132865e+02
1158	1.133001e+02
1159	1.132429e+02
1160	1.131545e+02
1161	1.129966e+02
1162	1.127150e+02
1163	1.124538e+02
1164	1.121656e+02
1165	1.119132e+02
1166	1.116033e+02
1167	1.112582e+02
1168	1.109978e+02
1169	1.108034e+02
1170	1.104980e+02
1171	1.102085e+02
1172	1.099104e+02
1173	1.095747e+02
1174	1.092183e+02
1175	1.089287e+02
1176	1.085977e+02
1177	1.082854e+02
1178	1.080229e+02
1179	1.077009e+02
1180	1.073202e+02
1181	1.069475e+02
1182	1.065199e+02
1183	1.060984e+02
1184	1.057277e+02
1185	1.054271e+02
1186	1.051675e+02
1187	1.049636e+02
1188	1.047928e+02
1189	1.046089e+02
1190	1.044563e+02
1191	1.043761e+02
1192	1.044072e+02
1193	1.044923e+02
1194	1.046879e+02
1195	1.049180e+02
1196	1.051400e+02
1197	1.053966e+02
1198	1.058012e+02
1199	1.062867e+02
1200	1.067661e+02
1201	1.073393e+02
1202	1.079303e+02
1203	1.085737e+02
1204	1.092034e+02
1205	1.098203e+02
1206	1.103502e+02
1207	1.108346e+02
1208	1.113102e+02
1209	1.117557e+02
1210	1.122024e+02
1211	1.125756e+02
1212	1.129102e+02
1213	1.131263e+02
1214	1.133429e+02
1215	1.135664e+02
1216	1.137740e+02
1217	1.139196e+02
1218	1.140792e+02
1219	1.141692e+02
1220	1.142176e+02
1221	1.141334e+02
1222	1.139138e+02
1223	1.136034e+02
1224	1.132271e+02
1225	1.128129e+02
1226	1.123690e+02
1227	1.120120e+02
1228	1.116286e+02
1229	1.112456e+02
1230	1.109178e+02
1231	1.106201e+02
1232	1.103403e+02
1233	1.100998e+02
1234	1.099199e+02
1235	1.097101e+02
1236	1.094302e+02
1237	1.091799e+02
1238	1.089483e+02
1239	1.087697e+02
1240	1.086331e+02
1241	1.085409e+02
1242	1.084508e+02
1243	1.082980e+02
1244	1.081612e+02
1245	1.080724e+02
1246	1.079497e+02
1247	1.078799e+02
1248	1.078613e+02
1249	1.078430e+02
1250	1.077933e+02
1251	1.077553e+02
1252	1.077579e+02
1253	1.077674e+02
1254	1.078860e+02
1255	1.079058e+02
1256	1.079943e+02
1257	1.080647e+02
1258	1.081551e+02
1259	1.082093e+02
1260	1.082924e+02
1261	1.083727e+02
1262	1.084197e+02
1263	1.085012e+02
1264	1.085123e+02
1265	1.084886e+02
1266	1.084485e+02
1267	1.084486e+02
1268	1.084226e+02
1269	1.084260e+02
1270	1.083059e+02
1271	1.081267e+02
1272	1.079232e+02
1273	1.077092e+02
1274	1.074414e+02
1275	1.070750e+02
1276	1.066447e+02
1277	1.062864e+02
1278	1.060297e+02
1279	1.058056e+02
1280	1.055708e+02
1281	1.052321e+02
1282	1.048625e+02
1283	1.044640e+02
1284	1.041318e+02
1285	1.038223e+02
1286	1.035487e+02
1287	1.032866e+02
1288	1.030636e+02
1289	1.029011e+02
1290	1.027619e+02
1291	1.026759e+02
1292	1.025955e+02
1293	1.025376e+02
1294	1.025242e+02
1295	1.025506e+02
1296	1.026306e+02
1297	1.027971e+02
1298	1.029649e+02
1299	1.031949e+02
1300	1.034693e+02
1301	1.038099e+02
1302	1.041599e+02
1303	1.045397e+02
1304	1.050099e+02
1305	1.054850e+02
1306	1.059372e+02
1307	1.063719e+02
1308	1.067690e+02
1309	1.071851e+02
1310	1.076126e+02
1311	1.080088e+02
1312	1.084918e+02
1313	1.089374e+02
1314	1.092698e+02
1315	1.096578e+02
1316	1.100346e+02
1317	1.103643e+02
1318	1.106817e+02
1319	1.109275e+02
1320	1.111091e+02
1321	1.112897e+02
1322	1.114067e+02
1323	1.114677e+02
1324	1.115756e+02
1325	1.116824e+02
1326	1.117349e+02
1327	1.118535e+02
1328	1.118960e+02
1329	1.118960e+02
1330	1.119372e+02
1331	1.118907e+02
1332	1.118389e+02
1333	1.117405e+02
1334	1.116649e+02
1335	1.115494e+02
1336	1.113666e+02
1337	1.111563e+02
1338	1.109302e+02
1339	1.106099e+02
1340	1.102931e+02
1341	1.099681e+02
1342	1.096321e+02
1343	1.093174e+02
1344	1.089578e+02
1345	1.086495e+02
1346	1.084364e+02
1347	1.082601e+02
1348	1.080691e+02
1349	1.078961e+02
1350	1.076647e+02
1351	1.074614e+02
1352	1.071881e+02
1353	1.069847e+02
1354	1.067731e+02
1355	1.065011e+02
1356	1.062578e+02
1357	1.060070e+02
1358	1.058391e+02
1359	1.057326e+02
1360	1.056371e+02
1361	1.055614e+02
1362	1.054987e+02
1363	1.054019e+02
1364	1.053023e+02
1365	1.051834e+02
1366	1.050653e+02
1367	1.049738e+02
1368	1.049260e+02
1369	1.048828e+02
1370	1.049027e+02
1371	1.049511e+02
1372	1.049590e+02
1373	1.049089e+02
1374	1.048080e+02
1375	1.046878e+02
1376	1.045208e+02
1377	1.042102e+02
1378	1.039364e+02
1379	1.036218e+02
1380	1.033202e+02
1381	1.029809e+02
1382	1.026417e+02
1383	1.023517e+02
1384	1.021288e+02
1385	1.019510e+02
1386	1.018692e+02
1387	1.018808e+02
1388	1.018571e+02
1389	1.018848e+02
1390	1.019143e+02
1391	1.018900e+02
1392	1.019415e+02
1393	1.020001e+02
1394	1.020583e+02
1395	1.022157e+02
1396	1.023183e+02
1397	1.024247e+02
1398	1.026133e+02
1399	1.028577e+02
1400	1.031029e+02
1401	1.033340e+02
1402	1.036083e+02
1403	1.039155e+02
1404	1.042097e+02
1405	1.045912e+02
1406	1.050012e+02
1407	1.054436e+02
1408	1.058445e+02
1409	1.062894e+02
1410	1.068019e+02
1411	1.073357e+02
1412	1.079481e+02
1413	1.086268e+02
1414	1.092903e+02
1415	1.100163e+02
1416	1.107117e+02
1417	1.113956e+02
1418	1.120557e+02
1419	1.126556e+02
1420	1.132687e+02
1421	1.139037e+02
1422	1.145015e+02
1423	1.150374e+02
1424	1.155302e+02
1425	1.158905e+02
1426	1.162306e+02
1427	1.165858e+02
1428	1.168773e+02
1429	1.170751e+02
1430	1.172133e+02
1431	1.172381e+02
1432	1.171153e+02
1433	1.168285e+02
1434	1.165334e+02
1435	1.162062e+02
1436	1.158391e+02
1437	1.154795e+02
1438	1.150231e+02
1439	1.144597e+02
1440	1.138505e+02
1441	1.132453e+02
1442	1.125919e+02
1443	1.119239e+02
1444	1.111798e+02
1445	1.104259e+02
1446	1.096306e+02
1447	1.088010e+02
1448	1.079686e+02
1449	1.072263e+02
1450	1.064575e+02
1451	1.058022e+02
1452	1.052124e+02
1453	1.046855e+02
1454	1.041826e+02
1455	1.037059e+02
1456	1.033038e+02
1457	1.029308e+02
1458	1.025685e+02
1459	1.022167e+02
1460	1.019378e+02
1461	1.016665e+02
1462	1.013470e+02
1463	1.010386e+02
1464	1.007492e+02
1465	1.004935e+02
1466	1.002805e+02
1467	1.000411e+02
1468	9.986971e+01
1469	9.975761e+01
1470	9.971747e+01
1471	9.966965e+01
1472	9.970600e+01
1473	9.981542e+01
1474	9.997116e+01
1475	1.001989e+02
1476	1.004204e+02
1477	1.006850e+02
1478	1.009488e+02
1479	1.012613e+02
1480	1.015969e+02
1481	1.019477e+02
1482	1.023207e+02
1483	1.027018e+02
1484	1.031403e+02
1485	1.034962e+02
1486	1.038695e+02
1487	1.042633e+02
1488	1.045506e+02
1489	1.047456e+02
1490	1.049262e+02
1491	1.050044e+02
1492	1.050739e+02
1493	1.050920e+02
1494	1.052004e+02
1495	1.053043e+02
1496	1.054900e+02
1497	1.056142e+02
1498	1.056699e+02
1499	1.056852e+02
1500	1.056445e+02
1501	1.057176e+02
1502	1.057652e+02
1503	1.058561e+02
1504	1.059202e+02
1505	1.059637e+02
1506	1.059240e+02
1507	1.058895e+02
1508	1.058812e+02
1509	1.059137e+02
1510	1.059632e+02
1511	1.059479e+02
1512	1.059727e+02
1513	1.060742e+02
1514	1.062105e+02
1515	1.063566e+02
1516	1.065210e+02
1517	1.066924e+02
1518	1.068601e+02
1519	1.070092e+02
1520	1.071956e+02
1521	1.073679e+02
1522	1.075789e+02
1523	1.077789e+02
1524	1.080089e+02
1525	1.081721e+02
1526	1.083273e+02
1527	1.084459e+02
1528	1.085778e+02
1529	1.087134e+02
1530	1.088712e+02
1531	1.090486e+02
1532	1.092985e+02
1533	1.095092e+02
1534	1.096634e+02
1535	1.097708e+02
1536	1.097991e+02
1537	1.098696e+02
1538	1.099256e+02
1539	1.099316e+02
1540	1.099668e+02
1541	1.099737e+02
1542	1.098847e+02
1543	1.097042e+02
1544	1.095347e+02
1545	1.093359e+02
1546	1.091176e+02
1547	1.088994e+02
1548	1.086719e+02
1549	1.084027e+02
1550	1.081018e+02
1551	1.078262e+02
1552	1.075277e+02
1553	1.073567e+02
1554	1.072375e+02
1555	1.071352e+02
1556	1.070471e+02
1557	1.069465e+02
1558	1.068823e+02
1559	1.068160e+02
1560	1.067302e+02
1561	1.066855e+02
1562	1.066387e+02
1563	1.065334e+02
1564	1.064077e+02
1565	1.062317e+02
1566	1.060771e+02
1567	1.059046e+02
1568	1.056995e+02
1569	1.054892e+02
1570	1.053625e+02
1571	1.052569e+02
1572	1.052586e+02
1573	1.053597e+02
1574	1.055989e+02
1575	1.058973e+02
1576	1.061536e+02
1577	1.064514e+02
1578	1.067949e+02
1579	1.072070e+02
1580	1.077416e+02
1581	1.083323e+02
1582	1.088428e+02
1583	1.094055e+02
1584	1.100478e+02
1585	1.107048e+02
1586	1.113412e+02
1587	1.118979e+02
1588	1.124657e+02
1589	1.129665e+02
1590	1.134120e+02
1591	1.137507e+02
1592	1.139146e+02
1593	1.140319e+02
1594	1.141685e+02
1595	1.142600e+02
1596	1.143128e+02
1597	1.143286e+02
1598	1.143564e+02
1599	1.142957e+02
1600	1.142201e+02
1601	1.141034e+02
1602	1.139582e+02
1603	1.137646e+02
1604	1.135637e+02
1605	1.132843e+02
1606	1.129208e+02
1607	1.125408e+02
1608	1.120525e+02
1609	1.115777e+02
1610	1.110906e+02
1611	1.106255e+02
1612	1.101215e+02
1613	1.096445e+02
1614	1.091361e+02
1615	1.086521e+02
1616	1.081923e+02
1617	1.078074e+02
1618	1.075434e+02
1619	1.072991e+02
1620	1.070370e+02
1621	1.068434e+02
1622	1.067070e+02
1623	1.066228e+02
1624	1.065627e+02
1625	1.065044e+02
1626	1.063872e+02
1627	1.063569e+02
1628	1.063164e+02
1629	1.062928e+02
1630	1.062889e+02
1631	1.062751e+02
1632	1.062609e+02
1633	1.062274e+02
1634	1.062150e+02
1635	1.062132e+02
1636	1.062633e+02
1637	1.063012e+02
1638	1.063000e+02
1639	1.063464e+02
1640	1.064027e+02
1641	1.065170e+02
1642	1.067022e+02
1643	1.068686e+02
1644	1.070821e+02
1645	1.072727e+02
1646	1.074809e+02
1647	1.077036e+02
1648	1.079209e+02
1649	1.081081e+02
1650	1.082079e+02
1651	1.083378e+02
1652	1.084935e+02
1653	1.087318e+02
1654	1.088849e+02
1655	1.089653e+02
1656	1.090048e+02
1657	1.090434e+02
1658	1.090917e+02
1659	1.091326e+02
1660	1.091672e+02
1661	1.091883e+02
1662	1.092290e+02
1663	1.092856e+02
1664	1.093518e+02
1665	1.093903e+02
1666	1.094752e+02
1667	1.095015e+02
1668	1.095357e+02
1669	1.095421e+02
1670	1.095569e+02
1671	1.095127e+02
1672	1.094139e+02
1673	1.092802e+02
1674	1.091703e+02
1675	1.089646e+02
1676	1.087741e+02
1677	1.084876e+02
1678	1.082026e+02
1679	1.078821e+02
1680	1.076097e+02
1681	1.073475e+02
1682	1.071047e+02
1683	1.069403e+02
1684	1.069007e+02
1685	1.068388e+02
1686	1.068853e+02
1687	1.069982e+02
1688	1.071183e+02
1689	1.072044e+02
1690	1.072969e+02
1691	1.073574e+02
1692	1.073475e+02
1693	1.072683e+02
1694	1.072210e+02
1695	1.071415e+02
1696	1.069597e+02
1697	1.068312e+02
1698	1.066811e+02
1699	1.065021e+02
1700	1.063102e+02
1701	1.061505e+02
1702	1.060923e+02
1703	1.060734e+02
1704	1.060727e+02
1705	1.060873e+02
1706	1.061051e+02
1707	1.061469e+02
1708	1.062143e+02
1709	1.062548e+02
1710	1.063853e+02
1711	1.065507e+02
1712	1.067091e+02
1713	1.068819e+02
1714	1.070051e+02
1715	1.070910e+02
1716	1.071700e+02
1717	1.072714e+02
1718	1.073792e+02
1719	1.074074e+02
1720	1.074281e+02
1721	1.074301e+02
1722	1.073947e+02
1723	1.073386e+02
1724	1.072899e+02
1725	1.072666e+02
1726	1.072194e+02
1727	1.071161e+02
1728	1.070677e+02
1729	1.069701e+02
1730	1.068827e+02
1731	1.068086e+02
1732	1.068192e+02
1733	1.068462e+02
1734	1.069124e+02
1735	1.069832e+02
1736	1.070759e+02
1737	1.071500e+02
1738	1.072847e+02
1739	1.074761e+02
1740	1.075868e+02
1741	1.077171e+02
1742	1.078148e+02
1743	1.079264e+02
1744	1.080158e+02
1745	1.080437e+02
1746	1.080689e+02
1747	1.081321e+02
1748	1.081893e+02
1749	1.082192e+02
1750	1.083164e+02
1751	1.084863e+02
1752	1.086851e+02
1753	1.088604e+02
1754	1.089515e+02
1755	1.090515e+02
1756	1.091057e+02
1757	1.091807e+02
1758	1.092162e+02
1759	1.092136e+02
1760	1.092426e+02
1761	1.092954e+02
1762	1.092931e+02
1763	1.092438e+02
1764	1.092096e+02
1765	1.091114e+02
1766	1.089571e+02
1767	1.087451e+02
1768	1.084975e+02
1769	1.081820e+02
1770	1.078086e+02
1771	1.075015e+02
1772	1.071051e+02
1773	1.067274e+02
1774	1.064040e+02
1775	1.061223e+02
1776	1.059706e+02
1777	1.058743e+02
1778	1.057283e+02
1779	1.055629e+02
1780	1.053551e+02
1781	1.050953e+02
1782	1.048722e+02
1783	1.046316e+02
1784	1.043180e+02
1785	1.040444e+02
1786	1.038234e+02
1787	1.035892e+02
1788	1.034051e+02
1789	1.031809e+02
1790	1.029676e+02
1791	1.028182e+02
1792	1.027452e+02
1793	1.026642e+02
1794	1.026592e+02
1795	1.026146e+02
1796	1.027072e+02
1797	1.028535e+02
1798	1.030942e+02
1799	1.033443e+02
1800	1.036833e+02
1801	1.040829e+02
1802	1.045011e+02
1803	1.049828e+02
1804	1.055393e+02
1805	1.061924e+02
1806	1.069448e+02
1807	1.076735e+02
1808	1.084006e+02
1809	1.090897e+02
1810	1.098584e+02
1811	1.106345e+02
1812	1.113464e+02
1813	1.120376e+02
1814	1.127035e+02
1815	1.133488e+02
1816	1.139174e+02
1817	1.145185e+02
1818	1.150210e+02
1819	1.154776e+02
1820	1.158443e+02
1821	1.161272e+02
1822	1.163976e+02
1823	1.166637e+02
1824	1.168516e+02
1825	1.169852e+02
1826	1.170242e+02
1827	1.170400e+02
1828	1.170661e+02
1829	1.170316e+02
1830	1.170060e+02
1831	1.169528e+02
1832	1.168131e+02
1833	1.166023e+02
1834	1.162874e+02
1835	1.159529e+02
1836	1.155697e+02
1837	1.151039e+02
1838	1.146856e+02
1839	1.142503e+02
1840	1.138297e+02
1841	1.133900e+02
1842	1.130630e+02
1843	1.127184e+02
1844	1.123439e+02
1845	1.119061e+02
1846	1.114800e+02
1847	1.110675e+02
1848	1.106955e+02
1849	1.103147e+02
1850	1.098695e+02
1851	1.094478e+02
1852	1.090067e+02
1853	1.086640e+02
1854	1.083304e+02
1855	1.079795e+02
1856	1.076167e+02
1857	1.073230e+02
1858	1.070055e+02
1859	1.067098e+02
1860	1.064131e+02
1861	1.061319e+02
1862	1.059353e+02
1863	1.056892e+02
1864	1.054645e+02
1865	1.052834e+02
1866	1.051130e+02
1867	1.048433e+02
1868	1.046003e+02
1869	1.043805e+02
1870	1.042590e+02
1871	1.041434e+02
1872	1.040505e+02
1873	1.039315e+02
1874	1.038269e+02
1875	1.037409e+02
1876	1.035684e+02
1877	1.033904e+02
1878	1.031323e+02
1879	1.028062e+02
1880	1.024513e+02
1881	1.021177e+02
1882	1.018279e+02
1883	1.015299e+02
1884	1.012955e+02
1885	1.011256e+02
1886	1.009757e+02
1887	1.009092e+02
1888	1.009154e+02
1889	1.009412e+02
1890	1.010502e+02
1891	1.012306e+02
1892	1.015004e+02
1893	1.018627e+02
1894	1.023308e+02
1895	1.028184e+02
1896	1.033832e+02
1897	1.038864e+02
1898	1.044456e+02
1899	1.050730e+02
1900	1.056918e+02
1901	1.062934e+02
1902	1.068816e+02
1903	1.074755e+02
1904	1.081068e+02
1905	1.088389e+02
1906	1.095719e+02
1907	1.102426e+02
1908	1.109453e+02
1909	1.115944e+02
1910	1.123244e+02
1911	1.130487e+02
1912	1.137759e+02
1913	1.145511e+02
1914	1.152638e+02
1915	1.158609e+02
1916	1.164847e+02
1917	1.170689e+02
1918	1.176854e+02
1919	1.182031e+02
1920	1.186174e+02
1921	1.188590e+02
1922	1.189432e+02
1923	1.189726e+02
1924	1.188765e+02
1925	1.187397e+02
1926	1.184895e+02
1927	1.182070e+02
1928	1.179054e+02
1929	1.176411e+02
1930	1.173148e+02
1931	1.169686e+02
1932	1.166524e+02
1933	1.162481e+02
1934	1.158030e+02
1935	1.154242e+02
1936	1.149930e+02
1937	1.144385e+02
1938	1.138272e+02
1939	1.131698e+02
1940	1.125140e+02
1941	1.119150e+02
1942	1.112526e+02
1943	1.105889e+02
1944	1.099853e+02
1945	1.094496e+02
1946	1.090139e+02
1947	1.085526e+02
1948	1.080804e+02
1949	1.076277e+02
1950	1.071203e+02
1951	1.065920e+02
1952	1.060385e+02
1953	1.054919e+02
1954	1.050913e+02
1955	1.047383e+02
1956	1.044380e+02
1957	1.042434e+02
1958	1.041622e+02
1959	1.040602e+02
1960	1.040526e+02
1961	1.039946e+02
1962	1.039359e+02
1963	1.039104e+02
1964	1.039253e+02
1965	1.040256e+02
1966	1.041747e+02
1967	1.043094e+02
1968	1.045955e+02
1969	1.049318e+02
1970	1.052605e+02
1971	1.055568e+02
1972	1.059333e+02
1973	1.062984e+02
1974	1.067108e+02
1975	1.070914e+02
1976	1.074442e+02
1977	1.077315e+02
1978	1.080224e+02
1979	1.083161e+02
1980	1.086049e+02
1981	1.089037e+02
1982	1.092171e+02
1983	1.094253e+02
1984	1.095027e+02
1985	1.096033e+02
1986	1.097005e+02
1987	1.097705e+02
1988	1.096851e+02
1989	1.095056e+02
1990	1.092632e+02
1991	1.089999e+02
1992	1.087148e+02
1993	1.084304e+02
1994	1.081340e+02
1995	1.078334e+02
1996	1.075129e+02
1997	1.072127e+02
1998	1.069237e+02
1999	1.066133e+02
2000	1.064095e+02
2001	1.061906e+02
2002	1.059303e+02
2003	1.056086e+02
2004	1.052996e+02
2005	1.049848e+02
2006	1.045303e+02
2007	1.040569e+02
2008	1.035931e+02
2009	1.030849e+02
2010	1.025257e+02
2011	1.019500e+02
2012	1.014237e+02
2013	1.009727e+02
2014	1.005674e+02
2015	1.002781e+02
2016	1.000197e+02
2017	9.987592e+01
2018	9.985056e+01
2019	9.998051e+01
2020	1.001427e+02
2021	1.003841e+02
2022	1.007361e+02
2023	1.012229e+02
2024	1.017348e+02
2025	1.022439e+02
2026	1.027553e+02
2027	1.031874e+02
2028	1.037746e+02
2029	1.043476e+02
2030	1.049195e+02
2031	1.055322e+02
2032	1.061098e+02
2033	1.066582e+02
2034	1.071651e+02
2035	1.076485e+02
2036	1.080781e+02
2037	1.083543e+02
2038	1.085866e+02
2039	1.088120e+02
2040	1.090759e+02
2041	1.093334e+02
2042	1.095720e+02
2043	1.098039e+02
2044	1.099634e+02
2045	1.101238e+02
2046	1.102341e+02
2047	1.102762e+02
2048	1.103666e+02
2049	1.103987e+02
2050	1.104083e+02
2051	1.102937e+02
2052	1.101749e+02
2053	1.099704e+02
2054	1.097251e+02
2055	1.094446e+02
2056	1.091145e+02
2057	1.087366e+02
2058	1.082563e+02
2059	1.077624e+02
2060	1.072509e+02
2061	1.067708e+02
2062	1.063913e+02
2063	1.060605e+02
2064	1.057146e+02
2065	1.053803e+02
2066	1.050535e+02
2067	1.047255e+02
2068	1.044152e+02
2069	1.041154e+02
2070	1.038233e+02
2071	1.036471e+02
2072	1.035026e+02
2073	1.032951e+02
2074	1.032329e+02
2075	1.031915e+02
2076	1.032259e+02
2077	1.033324e+02
2078	1.034680e+02
2079	1.036306e+02
2080	1.039039e+02
2081	1.041399e+02
2082	1.044376e+02
2083	1.047618e+02
2084	1.051032e+02
2085	1.054192e+02
2086	1.057069e+02
2087	1.060054e+02
2088	1.062754e+02
2089	1.065432e+02
2090	1.067215e+02
2091	1.068257e+02
2092	1.068879e+02
2093	1.068279e+02
2094	1.066957e+02
2095	1.064651e+02
2096	1.060844e+02
2097	1.056518e+02
2098	1.051872e+02
2099	1.047447e+02
2100	1.042719e+02
2101	1.037822e+02
2102	1.033690e+02
2103	1.029535e+02
2104	1.025271e+02
2105	1.020566e+02
2106	1.016053e+02
2107	1.012403e+02
2108	1.009138e+02
2109	1.006687e+02
2110	1.004615e+02
2111	1.003416e+02
2112	1.001972e+02
2113	1.001312e+02
2114	1.000969e+02
2115	1.001454e+02
2116	1.002211e+02
2117	1.002801e+02
2118	1.004109e+02
2119	1.005769e+02
2120	1.007692e+02
2121	1.009146e+02
2122	1.011789e+02
2123	1.015358e+02
2124	1.018734e+02
2125	1.022862e+02
2126	1.027038e+02
2127	1.030449e+02
2128	1.033799e+02
2129	1.037662e+02
2130	1.041982e+02
2131	1.046755e+02
2132	1.051243e+02
2133	1.056229e+02
2134	1.060492e+02
2135	1.065554e+02
2136	1.070079e+02
2137	1.074872e+02
2138	1.080362e+02
2139	1.085254e+02
2140	1.088973e+02
2141	1.092885e+02
2142	1.096828e+02
2143	1.099633e+02
2144	1.101608e+02
2145	1.102652e+02
2146	1.103605e+02
2147	1.103771e+02
2148	1.103926e+02
2149	1.103120e+02
2150	1.101795e+02
2151	1.100383e+02
2152	1.100003e+02
2153	1.100045e+02
2154	1.100310e+02
2155	1.100948e+02
2156	1.102353e+02
2157	1.104341e+02
2158	1.106033e+02
2159	1.107580e+02
2160	1.109221e+02
2161	1.111490e+02
2162	1.113950e+02
2163	1.115365e+02
2164	1.116232e+02
2165	1.116769e+02
2166	1.116623e+02
2167	1.116998e+02
2168	1.116810e+02
2169	1.116525e+02
2170	1.116502e+02
2171	1.116621e+02
2172	1.116954e+02
2173	1.117198e+02
2174	1.117540e+02
2175	1.117738e+02
2176	1.118317e+02
2177	1.118587e+02
2178	1.119064e+02
2179	1.119334e+02
2180	1.119651e+02
2181	1.119817e+02
2182	1.119961e+02
2183	1.119589e+02
2184	1.119690e+02
2185	1.119261e+02
2186	1.118639e+02
2187	1.118079e+02
2188	1.116657e+02
2189	1.114753e+02
2190	1.112927e+02
2191	1.110381e+02
2192	1.107711e+02
2193	1.104606e+02
2194	1.101450e+02
2195	1.098269e+02
2196	1.095318e+02
2197	1.091461e+02
2198	1.088065e+02
2199	1.085169e+02
2200	1.081650e+02
2201	1.077292e+02
2202	1.071695e+02
2203	1.065652e+02
2204	1.059502e+02
2205	1.053800e+02
2206	1.048685e+02
2207	1.044093e+02
2208	1.039871e+02
2209	1.036084e+02
2210	1.033430e+02
2211	1.031231e+02
2212	1.029769e+02
2213	1.028634e+02
2214	1.028028e+02
2215	1.027431e+02
2216	1.026460e+02
2217	1.025662e+02
2218	1.025445e+02
2219	1.025904e+02
2220	1.026666e+02
2221	1.027725e+02
2222	1.029371e+02
2223	1.031863e+02
2224	1.034340e+02
2225	1.036664e+02
2226	1.038755e+02
2227	1.042021e+02
2228	1.045053e+02
2229	1.047687e+02
2230	1.049847e+02
2231	1.051575e+02
2232	1.053684e+02
2233	1.055151e+02
2234	1.057066e+02
2235	1.058418e+02
2236	1.059989e+02
2237	1.061972e+02
2238	1.064445e+02
2239	1.066771e+02
2240	1.069436e+02
2241	1.071550e+02
2242	1.073466e+02
2243	1.075337e+02
2244	1.077089e+02
2245	1.078245e+02
2246	1.078913e+02
2247	1.078794e+02
2248	1.078374e+02
2249	1.078128e+02
2250	1.078331e+02
2251	1.078292e+02
2252	1.078256e+02
2253	1.078991e+02
2254	1.080065e+02
2255	1.081731e+02
2256	1.083890e+02
2257	1.086295e+02
2258	1.087496e+02
2259	1.089728e+02
2260	1.092540e+02
2261	1.095878e+02
2262	1.099287e+02
2263	1.102326e+02
2264	1.105914e+02
2265	1.110373e+02
2266	1.115143e+02
2267	1.119409e+02
2268	1.123279e+02
2269	1.127409e+02
2270	1.131654e+02
2271	1.135643e+02
2272	1.138795e+02
2273	1.141023e+02
2274	1.142566e+02
2275	1.144319e+02
2276	1.145551e+02
2277	1.147196e+02
2278	1.148469e+02
2279	1.148166e+02
2280	1.147130e+02
2281	1.145891e+02
2282	1.144942e+02
2283	1.142831e+02
2284	1.141291e+02
2285	1.139577e+02
2286	1.136510e+02
2287	1.132399e+02
2288	1.126939e+02
2289	1.120454e+02
2290	1.114497e+02
2291	1.107189e+02
2292	1.098267e+02
2293	1.088372e+02
2294	1.078863e+02
2295	1.069417e+02
2296	1.059900e+02
2297	1.051170e+02
2298	1.042490e+02
2299	1.034302e+02
2300	1.025378e+02
2301	1.016145e+02
2302	1.008130e+02
2303	1.001226e+02
2304	9.954854e+01
2305	9.901377e+01
2306	9.852757e+01
2307	9.805970e+01
2308	9.759214e+01
2309	9.714248e+01
2310	9.666601e+01
2311	9.632150e+01
2312	9.607092e+01
2313	9.584361e+01
2314	9.577561e+01
2315	9.579976e+01
2316	9.597356e+01
2317	9.615255e+01
2318	9.639368e+01
2319	9.668207e+01
2320	9.710710e+01
2321	9.763484e+01
2322	9.835332e+01
2323	9.912386e+01
2324	1.000204e+02
2325	1.009202e+02
2326	1.019215e+02
2327	1.029790e+02
2328	1.040538e+02
2329	1.052430e+02
2330	1.063859e+02
2331	1.075320e+02
2332	1.086605e+02
2333	1.096960e+02
2334	1.106831e+02
2335	1.116055e+02
2336	1.124380e+02
2337	1.131874e+02
2338	1.138802e+02
2339	1.145028e+02
2340	1.149943e+02
2341	1.154167e+02
2342	1.157117e+02
2343	1.159653e+02
2344	1.162077e+02
2345	1.164194e+02
2346	1.166881e+02
2347	1.168773e+02
2348	1.170438e+02
2349	1.171781e+02
2350	1.172737e+02
2351	1.174241e+02
2352	1.175848e+02
2353	1.176617e+02
2354	1.176688e+02
2355	1.177181e+02
2356	1.176907e+02
2357	1.175907e+02
2358	1.174660e+02
2359	1.173652e+02
2360	1.171935e+02
2361	1.170960e+02
2362	1.170204e+02
2363	1.169131e+02
2364	1.167527e+02
2365	1.165569e+02
2366	1.163073e+02
2367	1.160486e+02
2368	1.158012e+02
2369	1.155730e+02
2370	1.153776e+02
2371	1.151275e+02
2372	1.149291e+02
2373	1.147610e+02
2374	1.145861e+02
2375	1.143100e+02
2376	1.140177e+02
2377	1.136759e+02
2378	1.132390e+02
2379	1.127145e+02
2380	1.121341e+02
2381	1.115295e+02
2382	1.109211e+02
2383	1.103130e+02
2384	1.096812e+02
2385	1.090372e+02
2386	1.084390e+02
2387	1.078207e+02
2388	1.072624e+02
2389	1.067313e+02
2390	1.062007e+02
2391	1.056251e+02
2392	1.050782e+02
2393	1.045841e+02
2394	1.040502e+02
2395	1.034667e+02
2396	1.028252e+02
2397	1.021911e+02
2398	1.015797e+02
2399	1.010299e+02
2400	1.005822e+02
2401	1.001874e+02
2402	9.979987e+01
2403	9.949998e+01
2404	9.933204e+01
2405	9.923104e+01
2406	9.921884e+01
2407	9.935732e+01
2408	9.960592e+01
2409	9.995413e+01
2410	1.003490e+02
2411	1.007242e+02
2412	1.010939e+02
2413	1.015225e+02
2414	1.019755e+02
2415	1.024218e+02
2416	1.029407e+02
2417	1.035816e+02
2418	1.042101e+02
2419	1.049078e+02
2420	1.056242e+02
2421	1.062967e+02
2422	1.070211e+02
2423	1.077351e+02
2424	1.084098e+02
2425	1.089908e+02
2426	1.095810e+02
2427	1.101519e+02
2428	1.106998e+02
2429	1.112259e+02
2430	1.117113e+02
2431	1.121563e+02
2432	1.126223e+02
2433	1.131302e+02
2434	1.135738e+02
2435	1.140186e+02
2436	1.144506e+02
2437	1.148531e+02
2438	1.152008e+02
2439	1.154556e+02
2440	1.156137e+02
2441	1.157876e+02
2442	1.158929e+02
2443	1.160058e+02
2444	1.160595e+02
2445	1.160438e+02
2446	1.159944e+02
2447	1.158936e+02
2448	1.156958e+02
2449	1.153747e+02
2450	1.151043e+02
2451	1.148151e+02
2452	1.145182e+02
2453	1.141669e+02
2454	1.137619e+02
2455	1.132819e+02
2456	1.127440e+02
2457	1.122251e+02
2458	1.117163e+02
2459	1.111338e+02
2460	1.105373e+02
2461	1.099177e+02
2462	1.092493e+02
2463	1.085613e+02
2464	1.079035e+02
2465	1.071792e+02
2466	1.064556e+02
2467	1.056911e+02
2468	1.049250e+02
2469	1.042792e+02
2470	1.036360e+02
2471	1.029873e+02
2472	1.024015e+02
2473	1.019448e+02
2474	1.015447e+02
2475	1.011924e+02
2476	1.008957e+02
2477	1.006457e+02
2478	1.004155e+02
2479	1.003342e+02
2480	1.003336e+02
2481	1.003489e+02
2482	1.004498e+02
2483	1.006321e+02
2484	1.007984e+02
2485	1.010145e+02
2486	1.012841e+02
2487	1.016562e+02
2488	1.021303e+02
2489	1.026727e+02
2490	1.032024e+02
2491	1.037842e+02
2492	1.043815e+02
2493	1.050188e+02
2494	1.057679e+02
2495	1.066364e+02
2496	1.075020e+02
2497	1.084265e+02
2498	1.092466e+02
2499	1.100724e+02
2500	1.108066e+02
2501	1.115974e+02
2502	1.123656e+02
2503	1.131192e+02
2504	1.139283e+02
2505	1.146663e+02
2506	1.152920e+02
2507	1.159101e+02
2508	1.164690e+02
2509	1.169514e+02
2510	1.173369e+02
2511	1.176513e+02
2512	1.178349e+02
2513	1.180065e+02
2514	1.181587e+02
2515	1.181512e+02
2516	1.180666e+02
2517	1.179752e+02
2518	1.178163e+02
2519	1.177084e+02
2520	1.175673e+02
2521	1.174489e+02
2522	1.172420e+02
2523	1.169869e+02
2524	1.166663e+02
2525	1.163655e+02
2526	1.160037e+02
2527	1.156409e+02
2528	1.152676e+02
2529	1.148831e+02
2530	1.143774e+02
2531	1.137553e+02
2532	1.131765e+02
2533	1.124960e+02
2534	1.118041e+02
2535	1.111367e+02
2536	1.105486e+02
2537	1.100496e+02
2538	1.096136e+02
2539	1.092230e+02
2540	1.089390e+02
2541	1.087153e+02
2542	1.085346e+02
2543	1.083868e+02
2544	1.083042e+02
2545	1.082295e+02
2546	1.082135e+02
2547	1.082340e+02
2548	1.081685e+02
2549	1.081478e+02
2550	1.081131e+02
2551	1.080494e+02
2552	1.080687e+02
2553	1.080912e+02
2554	1.080765e+02
2555	1.080469e+02
2556	1.080954e+02
2557	1.080943e+02
2558	1.080552e+02
2559	1.079342e+02
2560	1.078399e+02
2561	1.076659e+02
2562	1.074557e+02
2563	1.072510e+02
2564	1.070392e+02
2565	1.067849e+02
2566	1.065425e+02
2567	1.062733e+02
2568	1.058943e+02
2569	1.055173e+02
2570	1.051037e+02
2571	1.047648e+02
2572	1.043803e+02
2573	1.039604e+02
2574	1.035729e+02
2575	1.032381e+02
2576	1.029348e+02
2577	1.026759e+02
2578	1.024674e+02
2579	1.023156e+02
2580	1.022943e+02
2581	1.024045e+02
2582	1.025660e+02
2583	1.028689e+02
2584	1.032232e+02
2585	1.035396e+02
2586	1.038550e+02
2587	1.042419e+02
2588	1.046309e+02
2589	1.049841e+02
2590	1.053649e+02
2591	1.057518e+02
2592	1.060618e+02
2593	1.063756e+02
2594	1.066613e+02
2595	1.068696e+02
2596	1.070566e+02
2597	1.072824e+02
2598	1.075178e+02
2599	1.077252e+02
2600	1.079169e+02
2601	1.080989e+02
2602	1.082903e+02
2603	1.085604e+02
2604	1.087668e+02
2605	1.089769e+02
2606	1.090966e+02
2607	1.091764e+02
2608	1.091886e+02
2609	1.091925e+02
2610	1.091049e+02
2611	1.089096e+02
2612	1.086233e+02
2613	1.083497e+02
2614	1.080410e+02
2615	1.076610e+02
2616	1.072791e+02
2617	1.067661e+02
2618	1.062777e+02
2619	1.057521e+02
2620	1.052991e+02
2621	1.048627e+02
2622	1.043978e+02
2623	1.039893e+02
2624	1.036669e+02
2625	1.033885e+02
2626	1.032293e+02
2627	1.030315e+02
2628	1.028923e+02
2629	1.026878e+02
2630	1.025467e+02
2631	1.023386e+02
2632	1.021672e+02
2633	1.020348e+02
2634	1.020022e+02
2635	1.019713e+02
2636	1.019043e+02
2637	1.018612e+02
2638	1.018532e+02
2639	1.018528e+02
2640	1.018251e+02
2641	1.017944e+02
2642	1.018238e+02
2643	1.018710e+02
2644	1.019797e+02
2645	1.021525e+02
2646	1.023579e+02
2647	1.025698e+02
2648	1.028683e+02
2649	1.032789e+02
2650	1.036713e+02
2651	1.040768e+02
2652	1.043983e+02
2653	1.047024e+02
2654	1.051070e+02
2655	1.055803e+02
2656	1.060354e+02
2657	1.064500e+02
2658	1.068101e+02
2659	1.071487e+02
2660	1.074965e+02
2661	1.078262e+02
2662	1.080662e+02
2663	1.082706e+02
2664	1.084516e+02
2665	1.086067e+02
2666	1.087284e+02
2667	1.087286e+02
2668	1.086680e+02
2669	1.086047e+02
2670	1.085196e+02
2671	1.083471e+02
2672	1.081111e+02
2673	1.079209e+02
2674	1.077152e+02
2675	1.075352e+02
2676	1.073462e+02
2677	1.071427e+02
2678	1.069560e+02
2679	1.067778e+02
2680	1.064710e+02
2681	1.061629e+02
2682	1.059092e+02
2683	1.056317e+02
2684	1.053086e+02
2685	1.050764e+02
2686	1.047634e+02
2687	1.045083e+02
2688	1.042447e+02
2689	1.039924e+02
2690	1.038150e+02
2691	1.036575e+02
2692	1.035080e+02
2693	1.033683e+02
2694	1.032714e+02
2695	1.032447e+02
2696	1.032284e+02
2697	1.032019e+02
2698	1.032161e+02
2699	1.033697e+02
2700	1.035747e+02
2701	1.038257e+02
2702	1.041428e+02
2703	1.044880e+02
2704	1.049392e+02
2705	1.053606e+02
2706	1.058341e+02
2707	1.063202e+02
2708	1.067874e+02
2709	1.072594e+02
2710	1.076331e+02
2711	1.079879e+02
2712	1.083074e+02
2713	1.086614e+02
2714	1.089437e+02
2715	1.092349e+02
2716	1.094686e+02
2717	1.096749e+02
2718	1.098554e+02
2719	1.099845e+02
2720	1.100567e+02
2721	1.100265e+02
2722	1.099880e+02
2723	1.099531e+02
2724	1.098817e+02
2725	1.097904e+02
2726	1.096614e+02
2727	1.094972e+02
2728	1.092418e+02
2729	1.089455e+02
2730	1.086731e+02
2731	1.083885e+02
2732	1.081011e+02
2733	1.078629e+02
2734	1.075296e+02
2735	1.073426e+02
2736	1.071775e+02
2737	1.069153e+02
2738	1.066296e+02
2739	1.063780e+02
2740	1.061793e+02
2741	1.060368e+02
2742	1.059659e+02
2743	1.059483e+02
2744	1.059368e+02
2745	1.060186e+02
2746	1.060927e+02
2747	1.061734e+02
2748	1.063491e+02
2749	1.065640e+02
2750	1.067616e+02
2751	1.070085e+02
2752	1.072259e+02
2753	1.074388e+02
2754	1.076754e+02
2755	1.079266e+02
2756	1.081913e+02
2757	1.084758e+02
2758	1.087349e+02
2759	1.089313e+02
2760	1.090358e+02
2761	1.090616e+02
2762	1.091134e+02
2763	1.091517e+02
2764	1.091349e+02
2765	1.091066e+02
2766	1.090554e+02
2767	1.089560e+02
2768	1.088426e+02
2769	1.087092e+02
2770	1.085791e+02
2771	1.084888e+02
2772	1.084153e+02
2773	1.083105e+02
2774	1.081862e+02
2775	1.079919e+02
2776	1.076959e+02
2777	1.074000e+02
2778	1.070239e+02
2779	1.066122e+02
2780	1.062301e+02
2781	1.058366e+02
2782	1.053913e+02
2783	1.050237e+02
2784	1.046907e+02
2785	1.043533e+02
2786	1.040777e+02
2787	1.038994e+02
2788	1.037110e+02
2789	1.035943e+02
2790	1.035453e+02
2791	1.034926e+02
2792	1.035213e+02
2793	1.037077e+02
2794	1.038587e+02
2795	1.040288e+02
2796	1.042045e+02
2797	1.043676e+02
2798	1.044895e+02
2799	1.046925e+02
2800	1.049546e+02
2801	1.052521e+02
2802	1.055667e+02
2803	1.059133e+02
2804	1.062325e+02
2805	1.065127e+02
2806	1.067643e+02
2807	1.069451e+02
2808	1.071561e+02
2809	1.073915e+02
2810	1.075922e+02
2811	1.078115e+02
2812	1.079990e+02
2813	1.082051e+02
2814	1.084711e+02
2815	1.087043e+02
2816	1.089221e+02
2817	1.091705e+02
2818	1.093156e+02
2819	1.094554e+02
2820	1.095449e+02
2821	1.096659e+02
2822	1.097860e+02
2823	1.098828e+02
2824	1.098820e+02
2825	1.098969e+02
2826	1.098475e+02
2827	1.097183e+02
2828	1.096277e+02
2829	1.094991e+02
2830	1.092929e+02
2831	1.090434e+02
2832	1.087912e+02
2833	1.085011e+02
2834	1.082147e+02
2835	1.078556e+02
2836	1.074860e+02
2837	1.071428e+02
2838	1.067995e+02
2839	1.064026e+02
2840	1.060395e+02
2841	1.057347e+02
2842	1.054574e+02
2843	1.052271e+02
2844	1.049708e+02
2845	1.047103e+02
2846	1.044360e+02
2847	1.041324e+02
2848	1.038857e+02
2849	1.036270e+02
2850	1.033197e+02
2851	1.031284e+02
2852	1.029875e+02
2853	1.028289e+02
2854	1.027301e+02
2855	1.026863e+02
2856	1.026552e+02
2857	1.026663e+02
2858	1.027335e+02
2859	1.028312e+02
2860	1.030129e+02
2861	1.032151e+02
2862	1.033542e+02
2863	1.034735e+02
2864	1.035817e+02
2865	1.035882e+02
2866	1.036678e+02
2867	1.037258e+02
2868	1.038228e+02
2869	1.038706e+02
2870	1.038906e+02
2871	1.039558e+02
2872	1.040158e+02
2873	1.040938e+02
2874	1.042293e+02
2875	1.044368e+02
2876	1.045908e+02
2877	1.046586e+02
2878	1.047762e+02
2879	1.049433e+02
2880	1.050912e+02
2881	1.052518e+02
2882	1.053956e+02
2883	1.054722e+02
2884	1.055549e+02
2885	1.056020e+02
2886	1.056412e+02
2887	1.056245e+02
2888	1.056964e+02
2889	1.057112e+02
2890	1.057520e+02
2891	1.058456e+02
2892	1.058997e+02
2893	1.060442e+02
2894	1.061529e+02
2895	1.062881e+02
2896	1.064423e+02
2897	1.066480e+02
2898	1.069502e+02
2899	1.073055e+02
2900	1.077135e+02
2901	1.080914e+02
2902	1.085330e+02
2903	1.089696e+02
2904	1.094065e+02
2905	1.098742e+02
2906	1.103116e+02
2907	1.108036e+02
2908	1.113042e+02
2909	1.117403e+02
2910	1.121870e+02
2911	1.125887e+02
2912	1.129442e+02
2913	1.132490e+02
2914	1.134828e+02
2915	1.137232e+02
2916	1.139981e+02
2917	1.143425e+02
2918	1.146163e+02
2919	1.148525e+02
2920	1.151140e+02
2921	1.153360e+02
2922	1.155228e+02
2923	1.156550e+02
2924	1.157531e+02
2925	1.157927e+02
2926	1.157913e+02
2927	1.156365e+02
2928	1.155548e+02
2929	1.154707e+02
2930	1.153972e+02
2931	1.153190e+02
2932	1.152451e+02
2933	1.152071e+02
2934	1.152374e+02
2935	1.153291e+02
2936	1.154262e+02
2937	1.155059e+02
2938	1.155812e+02
2939	1.156331e+02
2940	1.156935e+02
2941	1.158189e+02
2942	1.159082e+02
2943	1.159260e+02
2944	1.159226e+02
2945	1.158825e+02
2946	1.157223e+02
2947	1.155898e+02
2948	1.154012e+02
2949	1.151901e+02
2950	1.149427e+02
2951	1.146591e+02
2952	1.143408e+02
2953	1.140112e+02
2954	1.136525e+02
2955	1.132347e+02
2956	1.128556e+02
2957	1.124903e+02
2958	1.122073e+02
2959	1.119043e+02
2960	1.116350e+02
2961	1.114193e+02
2962	1.112560e+02
2963	1.110574e+02
2964	1.108988e+02
2965	1.106961e+02
2966	1.104504e+02
2967	1.101323e+02
2968	1.098866e+02
2969	1.096760e+02
2970	1.094360e+02
2971	1.093123e+02
2972	1.091715e+02
2973	1.090278e+02
2974	1.088626e+02
2975	1.087319e+02
2976	1.086196e+02
2977	1.084654e+02
2978	1.083112e+02
2979	1.080986e+02
2980	1.078319e+02
2981	1.075508e+02
2982	1.072402e+02
2983	1.068689e+02
2984	1.064721e+02
2985	1.059605e+02
2986	1.055302e+02
2987	1.051979e+02
2988	1.048435e+02
2989	1.045821e+02
2990	1.043193e+02
2991	1.040129e+02
2992	1.037113e+02
2993	1.034817e+02
2994	1.032917e+02
2995	1.031489e+02
2996	1.031243e+02
2997	1.032107e+02
2998	1.033506e+02
2999	1.035169e+02
3000	1.036917e+02
3001	1.038453e+02
3002	1.041176e+02
3003	1.044952e+02
3004	1.048958e+02
3005	1.053634e+02
3006	1.059156e+02
3007	1.065133e+02
3008	1.071660e+02
3009	1.078802e+02
3010	1.085753e+02
3011	1.092219e+02
3012	1.098752e+02
3013	1.104946e+02
3014	1.110780e+02
3015	1.116626e+02
3016	1.121305e+02
3017	1.125569e+02
3018	1.129268e+02
3019	1.131692e+02
3020	1.134062e+02
3021	1.136454e+02
3022	1.138803e+02
3023	1.141138e+02
3024	1.142977e+02
3025	1.144606e+02
3026	1.145409e+02
3027	1.146353e+02
3028	1.146528e+02
3029	1.145434e+02
3030	1.142783e+02
3031	1.138392e+02
3032	1.133837e+02
3033	1.128285e+02
3034	1.121225e+02
3035	1.114032e+02
3036	1.106187e+02
3037	1.098018e+02
3038	1.088957e+02
3039	1.079768e+02
3040	1.070566e+02
3041	1.061255e+02
3042	1.051828e+02
3043	1.042998e+02
3044	1.034784e+02
3045	1.026926e+02
3046	1.019518e+02
3047	1.012498e+02
3048	1.006061e+02
3049	9.998424e+01
3050	9.944693e+01
3051	9.889988e+01
3052	9.841206e+01
3053	9.792540e+01
3054	9.754995e+01
3055	9.732590e+01
3056	9.725026e+01
3057	9.726778e+01
3058	9.738081e+01
3059	9.759782e+01
3060	9.784169e+01
3061	9.808722e+01
3062	9.848396e+01
3063	9.895486e+01
3064	9.942413e+01
3065	9.996728e+01
3066	1.006283e+02
3067	1.012404e+02
3068	1.018312e+02
3069	1.024663e+02
3070	1.031180e+02
3071	1.037354e+02
3072	1.043942e+02
3073	1.050658e+02
3074	1.056770e+02
3075	1.062021e+02
3076	1.066562e+02
3077	1.070734e+02
3078	1.074107e+02
3079	1.076343e+02
3080	1.077925e+02
3081	1.078918e+02
3082	1.079575e+02
3083	1.079381e+02
3084	1.078852e+02
3085	1.077874e+02
3086	1.076496e+02
3087	1.074716e+02
3088	1.071377e+02
3089	1.067724e+02
3090	1.063387e+02
3091	1.058583e+02
3092	1.053130e+02
3093	1.046865e+02
3094	1.041282e+02
3095	1.035471e+02
3096	1.029452e+02
3097	1.024006e+02
3098	1.019321e+02
3099	1.014763e+02
3100	1.011046e+02
3101	1.008421e+02
3102	1.007847e+02
3103	1.008048e+02
3104	1.009588e+02
3105	1.012133e+02
3106	1.014522e+02
3107	1.017699e+02
3108	1.021614e+02
3109	1.025918e+02
3110	1.030102e+02
3111	1.034568e+02
3112	1.038581e+02
3113	1.043411e+02
3114	1.049191e+02
3115	1.054788e+02
3116	1.060144e+02
3117	1.065182e+02
3118	1.070025e+02
3119	1.074160e+02
3120	1.077710e+02
3121	1.081201e+02
3122	1.084601e+02
3123	1.088336e+02
3124	1.091086e+02
3125	1.093292e+02
3126	1.094134e+02
3127	1.093804e+02
3128	1.093914e+02
3129	1.093081e+02
3130	1.091352e+02
3131	1.088910e+02
3132	1.085704e+02
3133	1.081413e+02
3134	1.076317e+02
3135	1.070179e+02
3136	1.063794e+02
3137	1.057295e+02
3138	1.051624e+02
3139	1.045425e+02
3140	1.039327e+02
3141	1.032957e+02
3142	1.027245e+02
3143	1.022168e+02
3144	1.017363e+02
3145	1.012988e+02
3146	1.009637e+02
3147	1.006739e+02
3148	1.003958e+02
3149	1.002457e+02
3150	1.001924e+02
3151	1.001934e+02
3152	1.001932e+02
3153	1.001943e+02
3154	1.002966e+02
3155	1.004448e+02
3156	1.006682e+02
3157	1.009292e+02
3158	1.013150e+02
3159	1.017537e+02
3160	1.021718e+02
3161	1.026521e+02
3162	1.031079e+02
3163	1.036688e+02
3164	1.042162e+02
3165	1.048683e+02
3166	1.056004e+02
3167	1.063650e+02
3168	1.070700e+02
3169	1.077374e+02
3170	1.083782e+02
3171	1.090594e+02
3172	1.097093e+02
3173	1.101921e+02
3174	1.105735e+02
3175	1.108428e+02
3176	1.110325e+02
3177	1.111973e+02
3178	1.112805e+02
3179	1.112987e+02
3180	1.111480e+02
3181	1.108452e+02
3182	1.104965e+02
3183	1.101468e+02
3184	1.097482e+02
3185	1.092286e+02
3186	1.086219e+02
3187	1.079941e+02
3188	1.072421e+02
3189	1.065403e+02
3190	1.057746e+02
3191	1.049342e+02
3192	1.041255e+02
3193	1.032299e+02
3194	1.024043e+02
3195	1.016913e+02
3196	1.010520e+02
3197	1.004067e+02
3198	9.986954e+01
3199	9.941782e+01
3200	9.913042e+01
3201	9.899557e+01
3202	9.889544e+01
3203	9.888054e+01
3204	9.890241e+01
3205	9.900933e+01
3206	9.928439e+01
3207	9.975697e+01
3208	1.003212e+02
3209	1.010291e+02
3210	1.017640e+02
3211	1.025511e+02
3212	1.034028e+02
3213	1.043717e+02
3214	1.053586e+02
3215	1.064044e+02
3216	1.075287e+02
3217	1.086769e+02
3218	1.098643e+02
3219	1.110578e+02
3220	1.121393e+02
3221	1.131319e+02
3222	1.139884e+02
3223	1.147356e+02
3224	1.154171e+02
3225	1.160249e+02
3226	1.165824e+02
3227	1.171199e+02
3228	1.176346e+02
3229	1.180324e+02
3230	1.184819e+02
3231	1.188229e+02
3232	1.191150e+02
3233	1.192940e+02
3234	1.193157e+02
3235	1.192114e+02
3236	1.190039e+02
3237	1.187019e+02
3238	1.183168e+02
3239	1.178310e+02
3240	1.172265e+02
3241	1.164933e+02
3242	1.157821e+02
3243	1.151300e+02
3244	1.144824e+02
3245	1.138056e+02
3246	1.130829e+02
3247	1.123945e+02
3248	1.117159e+02
3249	1.111026e+02
3250	1.104698e+02
3251	1.098260e+02
3252	1.092809e+02
3253	1.088166e+02
3254	1.083571e+02
3255	1.079129e+02
3256	1.074842e+02
3257	1.071371e+02
3258	1.068559e+02
3259	1.066649e+02
3260	1.065216e+02
3261	1.063269e+02
3262	1.061680e+02
3263	1.060562e+02
3264	1.060056e+02
3265	1.060489e+02
3266	1.061136e+02
3267	1.061030e+02
3268	1.061413e+02
3269	1.061906e+02
3270	1.062034e+02
3271	1.062329e+02
3272	1.061906e+02
3273	1.061610e+02
3274	1.061663e+02
3275	1.061501e+02
3276	1.061178e+02
3277	1.061206e+02
3278	1.060635e+02
3279	1.058857e+02
3280	1.055866e+02
3281	1.052582e+02
3282	1.049110e+02
3283	1.045695e+02
3284	1.042768e+02
3285	1.040033e+02
3286	1.037146e+02
3287	1.034198e+02
3288	1.030730e+02
3289	1.026832e+02
3290	1.022937e+02
3291	1.018642e+02
3292	1.014536e+02
3293	1.011178e+02
3294	1.007777e+02
3295	1.005128e+02
3296	1.003152e+02
3297	1.001432e+02
3298	1.000693e+02
3299	1.000904e+02
3300	1.001556e+02
3301	1.003003e+02
3302	1.004993e+02
3303	1.008096e+02
3304	1.011480e+02
3305	1.015132e+02
3306	1.018980e+02
3307	1.023347e+02
3308	1.028043e+02
3309	1.032311e+02
3310	1.036528e+02
3311	1.041517e+02
3312	1.046797e+02
3313	1.051657e+02
3314	1.056445e+02
3315	1.061154e+02
3316	1.065679e+02
3317	1.069773e+02
3318	1.073251e+02
3319	1.076769e+02
3320	1.080699e+02
3321	1.084781e+02
3322	1.088492e+02
3323	1.091287e+02
3324	1.093880e+02
3325	1.096485e+02
3326	1.098334e+02
3327	1.100014e+02
3328	1.101747e+02
3329	1.103904e+02
3330	1.105859e+02
3331	1.107486e+02
3332	1.108579e+02
3333	1.109735e+02
3334	1.110504e+02
3335	1.110825e+02
3336	1.111460e+02
3337	1.111794e+02
3338	1.112171e+02
3339	1.111534e+02
3340	1.110261e+02
3341	1.107994e+02
3342	1.105186e+02
3343	1.101792e+02
3344	1.098645e+02
3345	1.094877e+02
3346	1.090400e+02
3347	1.086159e+02
3348	1.082342e+02
3349	1.078407e+02
3350	1.074693e+02
3351	1.070266e+02
3352	1.065955e+02
3353	1.062392e+02
3354	1.058742e+02
3355	1.055388e+02
3356	1.051668e+02
3357	1.047548e+02
3358	1.042995e+02
3359	1.038259e+02
3360	1.032700e+02
3361	1.027104e+02
3362	1.022342e+02
3363	1.016903e+02
3364	1.010839e+02
3365	1.004082e+02
3366	9.976884e+01
3367	9.924836e+01
3368	9.874555e+01
3369	9.833164e+01
3370	9.799207e+01
3371	9.771586e+01
3372	9.747707e+01
3373	9.726757e+01
3374	9.714230e+01
3375	9.710387e+01
3376	9.717332e+01
3377	9.733188e+01
3378	9.756676e+01
3379	9.788837e+01
3380	9.836967e+01
3381	9.897995e+01
3382	9.964901e+01
3383	1.004642e+02
3384	1.012630e+02
3385	1.021335e+02
3386	1.030724e+02
3387	1.040215e+02
3388	1.049409e+02
3389	1.058544e+02
3390	1.067752e+02
3391	1.076914e+02
3392	1.085653e+02
3393	1.094706e+02
3394	1.104128e+02
3395	1.113620e+02
3396	1.123347e+02
3397	1.132491e+02
3398	1.141167e+02
3399	1.149009e+02
3400	1.157039e+02
3401	1.165162e+02
3402	1.171915e+02
3403	1.177961e+02
3404	1.183445e+02
3405	1.187881e+02
3406	1.191076e+02
3407	1.192595e+02
3408	1.192942e+02
3409	1.192598e+02
3410	1.192304e+02
3411	1.192130e+02
3412	1.191273e+02
3413	1.189247e+02
3414	1.186843e+02
3415	1.184157e+02
3416	1.181533e+02
3417	1.178789e+02
3418	1.174676e+02
3419	1.170316e+02
3420	1.165121e+02
3421	1.159061e+02
3422	1.152346e+02
3423	1.144543e+02
3424	1.136460e+02
3425	1.128265e+02
3426	1.119949e+02
3427	1.110588e+02
3428	1.101290e+02
3429	1.091480e+02
3430	1.081849e+02
3431	1.072016e+02
3432	1.062498e+02
3433	1.054033e+02
3434	1.045258e+02
3435	1.037792e+02
3436	1.030351e+02
3437	1.023384e+02
3438	1.017198e+02
3439	1.012121e+02
3440	1.007820e+02
3441	1.003014e+02
3442	9.986045e+01
3443	9.952013e+01
3444	9.926000e+01
3445	9.898781e+01
3446	9.873399e+01
3447	9.854213e+01
3448	9.840934e+01
3449	9.829372e+01
3450	9.811648e+01
3451	9.792702e+01
3452	9.770389e+01
3453	9.757173e+01
3454	9.748640e+01
3455	9.732540e+01
3456	9.712867e+01
3457	9.694159e+01
3458	9.681410e+01
3459	9.675942e+01
3460	9.672027e+01
3461	9.673422e+01
3462	9.674855e+01
3463	9.679324e+01
3464	9.688348e+01
3465	9.698298e+01
3466	9.713502e+01
3467	9.730361e+01
3468	9.751228e+01
3469	9.773877e+01
3470	9.792425e+01
3471	9.809927e+01
3472	9.840777e+01
3473	9.879194e+01
3474	9.923151e+01
3475	9.967338e+01
3476	1.002448e+02
3477	1.009454e+02
3478	1.016422e+02
3479	1.023817e+02
3480	1.032105e+02
3481	1.040693e+02
3482	1.050465e+02
3483	1.060323e+02
3484	1.070722e+02
3485	1.081463e+02
3486	1.093242e+02
3487	1.104613e+02
3488	1.116050e+02
3489	1.127730e+02
3490	1.139323e+02
3491	1.150694e+02
3492	1.161949e+02
3493	1.172433e+02
3494	1.181814e+02
3495	1.190370e+02
3496	1.197358e+02
3497	1.202314e+02
3498	1.206795e+02
3499	1.210301e+02
3500	1.212744e+02
3501	1.213727e+02
3502	1.213870e+02
3503	1.213184e+02
3504	1.212484e+02
3505	1.211172e+02
3506	1.210079e+02
3507	1.208470e+02
3508	1.206206e+02
3509	1.203147e+02
3510	1.199672e+02
3511	1.195179e+02
3512	1.190474e+02
3513	1.184967e+02
3514	1.178534e+02
3515	1.172055e+02
3516	1.165235e+02
3517	1.157644e+02
3518	1.149959e+02
3519	1.142454e+02
3520	1.135030e+02
3521	1.127484e+02
3522	1.119884e+02
3523	1.112607e+02
3524	1.105347e+02
3525	1.099126e+02
3526	1.093351e+02
3527	1.087807e+02
3528	1.082020e+02
3529	1.076569e+02
3530	1.071049e+02
3531	1.066055e+02
3532	1.061543e+02
3533	1.057257e+02
3534	1.053059e+02
3535	1.049390e+02
3536	1.045555e+02
3537	1.042083e+02
3538	1.038436e+02
3539	1.034146e+02
3540	1.029652e+02
3541	1.025758e+02
3542	1.022444e+02
3543	1.018204e+02
3544	1.014172e+02
3545	1.010643e+02
3546	1.008328e+02
3547	1.006770e+02
3548	1.005399e+02
3549	1.005287e+02
3550	1.005909e+02
3551	1.007600e+02
3552	1.009552e+02
3553	1.011619e+02
3554	1.014261e+02
3555	1.017949e+02
3556	1.021944e+02
3557	1.025607e+02
3558	1.029369e+02
3559	1.033969e+02
3560	1.039964e+02
3561	1.045948e+02
3562	1.051461e+02
3563	1.057651e+02
3564	1.064033e+02
3565	1.070444e+02
3566	1.076786e+02
3567	1.083314e+02
3568	1.090434e+02
3569	1.098473e+02
3570	1.107100e+02
3571	1.115926e+02
3572	1.125364e+02
3573	1.135063e+02
3574	1.145228e+02
3575	1.155430e+02
3576	1.165766e+02
3577	1.176564e+02
3578	1.187637e+02
3579	1.198993e+02
3580	1.209773e+02
3581	1.220941e+02
3582	1.231216e+02
3583	1.241119e+02
3584	1.249612e+02
3585	1.257172e+02
3586	1.263124e+02
3587	1.267877e+02
3588	1.271283e+02
3589	1.273475e+02
3590	1.275608e+02
3591	1.276485e+02
3592	1.275966e+02
3593	1.274563e+02
3594	1.271645e+02
3595	1.267078e+02
3596	1.261880e+02
3597	1.255837e+02
3598	1.248461e+02
3599	1.239219e+02
3600	1.228748e+02
3601	1.216797e+02
3602	1.204282e+02
3603	1.190407e+02
3604	1.175908e+02
3605	1.161356e+02
3606	1.146195e+02
3607	1.131047e+02
3608	1.116572e+02
3609	1.101026e+02
3610	1.085752e+02
3611	1.069894e+02
3612	1.054250e+02
3613	1.039475e+02
3614	1.025239e+02
3615	1.012043e+02
3616	9.995829e+01
3617	9.875454e+01
3618	9.764722e+01
3619	9.664705e+01
3620	9.573791e+01
3621	9.495966e+01
3622	9.437379e+01
3623	9.391306e+01
3624	9.362361e+01
3625	9.352067e+01
3626	9.354164e+01
3627	9.377589e+01
3628	9.415728e+01
3629	9.461139e+01
3630	9.524849e+01
3631	9.605247e+01
3632	9.690703e+01
3633	9.786281e+01
3634	9.884828e+01
3635	9.978124e+01
3636	1.007372e+02
3637	1.017230e+02
3638	1.027466e+02
3639	1.036858e+02
3640	1.045686e+02
3641	1.053839e+02
3642	1.060891e+02
3643	1.067967e+02
3644	1.075001e+02
3645	1.082000e+02
3646	1.088570e+02
3647	1.093976e+02
3648	1.098314e+02
3649	1.101539e+02
3650	1.104545e+02
3651	1.106656e+02
3652	1.107938e+02
3653	1.109375e+02
3654	1.110101e+02
3655	1.110613e+02
3656	1.110646e+02
3657	1.110431e+02
3658	1.109832e+02
3659	1.109045e+02
3660	1.108974e+02
3661	1.108527e+02
3662	1.106343e+02
3663	1.104071e+02
3664	1.102437e+02
3665	1.100824e+02
3666	1.099098e+02
3667	1.098217e+02
3668	1.097473e+02
3669	1.097102e+02
3670	1.096892e+02
3671	1.097253e+02
3672	1.097506e+02
3673	1.098660e+02
3674	1.100163e+02
3675	1.102337e+02
3676	1.104501e+02
3677	1.107244e+02
3678	1.110541e+02
3679	1.114572e+02
3680	1.117994e+02
3681	1.121591e+02
3682	1.125229e+02
3683	1.128031e+02
3684	1.131070e+02
3685	1.132543e+02
3686	1.135055e+02
3687	1.136767e+02
3688	1.137099e+02
3689	1.136980e+02
3690	1.136578e+02
3691	1.135452e+02
3692	1.133221e+02
3693	1.129759e+02
3694	1.125545e+02
3695	1.120481e+02
3696	1.114687e+02
3697	1.108412e+02
3698	1.101868e+02
3699	1.094246e+02
3700	1.085910e+02
3701	1.076947e+02
3702	1.067748e+02
3703	1.058117e+02
3704	1.048579e+02
3705	1.038573e+02
3706	1.029072e+02
3707	1.019998e+02
3708	1.011725e+02
3709	1.003388e+02
3710	9.959703e+01
3711	9.888979e+01
3712	9.817036e+01
3713	9.750313e+01
3714	9.697239e+01
3715	9.652540e+01
3716	9.629735e+01
3717	9.622320e+01
3718	9.625110e+01
3719	9.641841e+01
3720	9.664593e+01
3721	9.701271e+01
3722	9.747767e+01
3723	9.800874e+01
3724	9.853771e+01
3725	9.919500e+01
3726	9.999026e+01
3727	1.008174e+02
3728	1.016735e+02
3729	1.026279e+02
3730	1.035825e+02
3731	1.044968e+02
3732	1.054883e+02
3733	1.065225e+02
3734	1.075136e+02
3735	1.085307e+02
3736	1.095318e+02
3737	1.106061e+02
3738	1.116691e+02
3739	1.127722e+02
3740	1.137930e+02
3741	1.148526e+02
3742	1.159123e+02
3743	1.168845e+02
3744	1.178110e+02
3745	1.186486e+02
3746	1.193980e+02
3747	1.200155e+02
3748	1.206547e+02
3749	1.211736e+02
3750	1.216277e+02
3751	1.221145e+02
3752	1.224518e+02
3753	1.226994e+02
3754	1.227466e+02
3755	1.226802e+02
3756	1.225991e+02
3757	1.224362e+02
3758	1.221527e+02
3759	1.217764e+02
3760	1.213596e+02
3761	1.208986e+02
3762	1.203445e+02
3763	1.197894e+02
3764	1.191761e+02
3765	1.185723e+02
3766	1.179221e+02
3767	1.173891e+02
3768	1.168168e+02
3769	1.162053e+02
3770	1.155933e+02
3771	1.149656e+02
3772	1.143075e+02
3773	1.136783e+02
3774	1.130200e+02
3775	1.123852e+02
3776	1.118573e+02
3777	1.113432e+02
3778	1.107498e+02
3779	1.101947e+02
3780	1.097876e+02
3781	1.094219e+02
3782	1.091793e+02
3783	1.089692e+02
3784	1.088843e+02
3785	1.089106e+02
3786	1.090603e+02
3787	1.092580e+02
3788	1.094407e+02
3789	1.096747e+02
3790	1.098887e+02
3791	1.101087e+02
3792	1.103189e+02
3793	1.105716e+02
3794	1.107434e+02
3795	1.108698e+02
3796	1.109466e+02
3797	1.110394e+02
3798	1.110931e+02
3799	1.111438e+02
3800	1.111540e+02
3801	1.112207e+02
3802	1.113092e+02
3803	1.113947e+02
3804	1.114405e+02
3805	1.114731e+02
3806	1.115632e+02
3807	1.116179e+02
3808	1.116657e+02
3809	1.116638e+02
3810	1.116289e+02
3811	1.116591e+02
3812	1.116736e+02
3813	1.115442e+02
3814	1.114487e+02
3815	1.113691e+02
3816	1.112895e+02
3817	1.112021e+02
3818	1.111258e+02
3819	1.109360e+02
3820	1.107357e+02
3821	1.105610e+02
3822	1.104242e+02
3823	1.103182e+02
3824	1.102864e+02
3825	1.102844e+02
3826	1.103442e+02
3827	1.104738e+02
3828	1.106022e+02
3829	1.107273e+02
3830	1.108694e+02
3831	1.110557e+02
3832	1.112864e+02
3833	1.115063e+02
3834	1.117123e+02
3835	1.119538e+02
3836	1.121311e+02
3837	1.123080e+02
3838	1.124144e+02
3839	1.125125e+02
3840	1.125473e+02
3841	1.125926e+02
3842	1.126620e+02
3843	1.127198e+02
3844	1.128417e+02
3845	1.130364e+02
3846	1.132749e+02
3847	1.135297e+02
3848	1.138026e+02
3849	1.140454e+02
3850	1.143435e+02
3851	1.146450e+02
3852	1.148848e+02
3853	1.149916e+02
3854	1.150668e+02
3855	1.150884e+02
3856	1.150881e+02
3857	1.150519e+02
3858	1.149067e+02
3859	1.146500e+02
3860	1.143278e+02
3861	1.140167e+02
3862	1.136160e+02
3863	1.131086e+02
3864	1.125467e+02
3865	1.119242e+02
3866	1.112192e+02
3867	1.105054e+02
3868	1.097189e+02
3869	1.089615e+02
3870	1.081531e+02
3871	1.073624e+02
3872	1.065348e+02
3873	1.056281e+02
3874	1.047759e+02
3875	1.039487e+02
3876	1.031668e+02
3877	1.024112e+02
3878	1.017390e+02
3879	1.011250e+02
3880	1.006561e+02
3881	1.002535e+02
3882	9.995301e+01
3883	9.972740e+01
3884	9.946508e+01
3885	9.919477e+01
3886	9.895786e+01
3887	9.882691e+01
3888	9.878571e+01
3889	9.881376e+01
3890	9.886833e+01
3891	9.899277e+01
3892	9.920227e+01
3893	9.949439e+01
3894	9.993598e+01
3895	1.004039e+02
3896	1.009053e+02
3897	1.014313e+02
3898	1.019739e+02
3899	1.025690e+02
3900	1.032046e+02
3901	1.038073e+02
3902	1.043529e+02
3903	1.048389e+02
3904	1.054023e+02
3905	1.059743e+02
3906	1.065049e+02
3907	1.070552e+02
3908	1.076131e+02
3909	1.081449e+02
3910	1.086743e+02
3911	1.092040e+02
3912	1.096177e+02
3913	1.099033e+02
3914	1.100643e+02
3915	1.101413e+02
3916	1.102257e+02
3917	1.102213e+02
3918	1.102124e+02
3919	1.101285e+02
3920	1.100654e+02
3921	1.099145e+02
3922	1.096357e+02
3923	1.093585e+02
3924	1.090425e+02
3925	1.087112e+02
3926	1.083621e+02
3927	1.080877e+02
3928	1.078472e+02
3929	1.077164e+02
3930	1.075369e+02
3931	1.074502e+02
3932	1.074400e+02
3933	1.075113e+02
3934	1.076419e+02
3935	1.078376e+02
3936	1.080877e+02
3937	1.083627e+02
3938	1.086084e+02
3939	1.088672e+02
3940	1.091174e+02
3941	1.094139e+02
3942	1.096156e+02
3943	1.098246e+02
3944	1.100810e+02
3945	1.103123e+02
3946	1.105844e+02
3947	1.109128e+02
3948	1.112947e+02
3949	1.116678e+02
3950	1.120748e+02
3951	1.125631e+02
3952	1.130285e+02
3953	1.135327e+02
3954	1.140063e+02
3955	1.143927e+02
3956	1.146825e+02
3957	1.149475e+02
3958	1.151943e+02
3959	1.152860e+02
3960	1.152795e+02
3961	1.151598e+02
3962	1.149704e+02
3963	1.147085e+02
3964	1.143905e+02
3965	1.139647e+02
3966	1.133821e+02
3967	1.127056e+02
3968	1.120177e+02
3969	1.112912e+02
3970	1.104820e+02
3971	1.096716e+02
3972	1.088883e+02
3973	1.081114e+02
3974	1.073761e+02
3975	1.067221e+02
3976	1.060422e+02
3977	1.054621e+02
3978	1.047854e+02
3979	1.040893e+02
3980	1.034552e+02
3981	1.028975e+02
3982	1.023964e+02
3983	1.019952e+02
3984	1.016878e+02
3985	1.014201e+02
3986	1.012162e+02
3987	1.010165e+02
3988	1.008672e+02
3989	1.008133e+02
3990	1.008233e+02
3991	1.009293e+02
3992	1.010689e+02
3993	1.012100e+02
3994	1.013990e+02
3995	1.017268e+02
3996	1.020341e+02
3997	1.023528e+02
3998	1.026235e+02
3999	1.029281e+02
4000	1.033075e+02
4001	1.036334e+02
4002	1.040476e+02
4003	1.044551e+02
4004	1.048613e+02
4005	1.052653e+02
4006	1.057111e+02
4007	1.061524e+02
4008	1.065304e+02
4009	1.069234e+02
4010	1.071858e+02
4011	1.074289e+02
4012	1.077144e+02
4013	1.080150e+02
4014	1.082680e+02
4015	1.085533e+02
4016	1.088539e+02
4017	1.091313e+02
4018	1.092804e+02
4019	1.093741e+02
4020	1.094366e+02
4021	1.094286e+02
4022	1.093813e+02
4023	1.093594e+02
4024	1.093763e+02
4025	1.093384e+02
4026	1.092826e+02
4027	1.091514e+02
4028	1.090334e+02
4029	1.089284e+02
4030	1.087659e+02
4031	1.085946e+02
4032	1.083935e+02
4033	1.082217e+02
4034	1.080820e+02
4035	1.079376e+02
4036	1.078435e+02
4037	1.077419e+02
4038	1.075820e+02
4039	1.074583e+02
4040	1.073541e+02
4041	1.072956e+02
4042	1.072168e+02
4043	1.071938e+02
4044	1.071352e+02
4045	1.070837e+02
4046	1.070760e+02
4047	1.070740e+02
4048	1.070802e+02
4049	1.070229e+02
4050	1.069346e+02
4051	1.068978e+02
4052	1.068389e+02
4053	1.068315e+02
4054	1.068431e+02
4055	1.068681e+02
4056	1.069613e+02
4057	1.070541e+02
4058	1.071369e+02
4059	1.071559e+02
4060	1.071810e+02
4061	1.072329e+02
4062	1.073094e+02
4063	1.073146e+02
4064	1.072992e+02
4065	1.073059e+02
4066	1.072684e+02
4067	1.071634e+02
4068	1.070365e+02
4069	1.069050e+02
4070	1.067719e+02
4071	1.066724e+02
4072	1.065239e+02
4073	1.063050e+02
4074	1.061612e+02
4075	1.060502e+02
4076	1.060289e+02
4077	1.059758e+02
4078	1.059898e+02
4079	1.060182e+02
4080	1.059807e+02
4081	1.060435e+02
4082	1.061680e+02
4083	1.063391e+02
4084	1.065031e+02
4085	1.067197e+02
4086	1.068941e+02
4087	1.070746e+02
4088	1.072496e+02
4089	1.073605e+02
4090	1.074843e+02
4091	1.076262e+02
4092	1.078308e+02
4093	1.081326e+02
4094	1.083653e+02
4095	1.086377e+02
4096	1.089469e+02
4097	1.092650e+02
4098	1.096362e+02
4099	1.099245e+02
4100	1.101206e+02
4101	1.102810e+02
4102	1.103446e+02
4103	1.103604e+02
4104	1.104045e+02
4105	1.104427e+02
4106	1.104106e+02
4107	1.103497e+02
4108	1.101631e+02
4109	1.099450e+02
4110	1.097420e+02
4111	1.095492e+02
4112	1.093655e+02
4113	1.092138e+02
4114	1.090681e+02
4115	1.088887e+02
4116	1.087571e+02
4117	1.086831e+02
4118	1.087018e+02
4119	1.086835e+02
4120	1.087239e+02
4121	1.088776e+02
4122	1.090596e+02
4123	1.092099e+02
4124	1.092835e+02
4125	1.093556e+02
4126	1.094847e+02
4127	1.096484e+02
4128	1.098009e+02
4129	1.099417e+02
4130	1.100742e+02
4131	1.101068e+02
4132	1.101630e+02
4133	1.100554e+02
4134	1.098924e+02
4135	1.097076e+02
4136	1.094964e+02
4137	1.092461e+02
4138	1.089088e+02
4139	1.085181e+02
4140	1.080702e+02
4141	1.075699e+02
4142	1.070191e+02
4143	1.064385e+02
4144	1.058286e+02
4145	1.052054e+02
4146	1.046811e+02
4147	1.041739e+02
4148	1.037165e+02
4149	1.032457e+02
4150	1.027974e+02
4151	1.023975e+02
4152	1.020003e+02
4153	1.016252e+02
4154	1.012708e+02
4155	1.009131e+02
4156	1.005349e+02
4157	1.003040e+02
4158	1.000949e+02
4159	9.996310e+01
4160	9.995189e+01
4161	1.000932e+02
4162	1.002774e+02
4163	1.005188e+02
4164	1.008436e+02
4165	1.012521e+02
4166	1.016682e+02
4167	1.021746e+02
4168	1.027583e+02
4169	1.034296e+02
4170	1.042034e+02
4171	1.051280e+02
4172	1.061222e+02
4173	1.071584e+02
4174	1.082330e+02
4175	1.093260e+02
4176	1.103711e+02
4177	1.113551e+02
4178	1.122928e+02
4179	1.131732e+02
4180	1.139869e+02
4181	1.147154e+02
4182	1.154026e+02
4183	1.160096e+02
4184	1.164912e+02
4185	1.168571e+02
4186	1.170500e+02
4187	1.170793e+02
4188	1.170200e+02
4189	1.168296e+02
4190	1.165432e+02
4191	1.161098e+02
4192	1.156254e+02
4193	1.150454e+02
4194	1.143775e+02
4195	1.136190e+02
4196	1.128301e+02
4197	1.119311e+02
4198	1.110046e+02
4199	1.099604e+02
4200	1.088379e+02
4201	1.077527e+02
4202	1.066667e+02
4203	1.055950e+02
4204	1.045998e+02
4205	1.035653e+02
4206	1.025639e+02
4207	1.015993e+02
4208	1.006975e+02
4209	9.985489e+01
4210	9.910454e+01
4211	9.844709e+01
4212	9.790382e+01
4213	9.739249e+01
4214	9.699706e+01
4215	9.664154e+01
4216	9.640023e+01
4217	9.630311e+01
4218	9.627196e+01
4219	9.632160e+01
4220	9.647560e+01
4221	9.669766e+01
4222	9.694653e+01
4223	9.724662e+01
4224	9.755236e+01
4225	9.783113e+01
4226	9.809334e+01
4227	9.834138e+01
4228	9.853766e+01
4229	9.862931e+01
4230	9.878722e+01
4231	9.886289e+01
4232	9.883848e+01
4233	9.881277e+01
4234	9.880757e+01
4235	9.874347e+01
4236	9.867905e+01
4237	9.867039e+01
4238	9.853439e+01
4239	9.833861e+01
4240	9.811410e+01
4241	9.785709e+01
4242	9.759627e+01
4243	9.728897e+01
4244	9.687547e+01
4245	9.652127e+01
4246	9.625188e+01
4247	9.594114e+01
4248	9.557064e+01
4249	9.525573e+01
4250	9.492835e+01
4251	9.460049e+01
4252	9.424720e+01
4253	9.391353e+01
4254	9.365817e+01
4255	9.339967e+01
4256	9.320845e+01
4257	9.308780e+01
4258	9.305370e+01
4259	9.318371e+01
4260	9.344043e+01
4261	9.374699e+01
4262	9.420996e+01
4263	9.474753e+01
4264	9.534220e+01
4265	9.610199e+01
4266	9.692031e+01
4267	9.779522e+01
4268	9.875288e+01
4269	9.969723e+01
4270	1.006705e+02
4271	1.016878e+02
4272	1.027395e+02
4273	1.038119e+02
4274	1.050115e+02
4275	1.061557e+02
4276	1.073160e+02
4277	1.085127e+02
4278	1.097083e+02
4279	1.108993e+02
4280	1.120230e+02
4281	1.130403e+02
4282	1.139609e+02
4283	1.147441e+02
4284	1.154112e+02
4285	1.159571e+02
4286	1.164101e+02
4287	1.166505e+02
4288	1.168135e+02
4289	1.168766e+02
4290	1.168216e+02
4291	1.166652e+02
4292	1.163401e+02
4293	1.159246e+02
4294	1.154320e+02
4295	1.148503e+02
4296	1.142716e+02
4297	1.135804e+02
4298	1.128173e+02
4299	1.119735e+02
4300	1.109716e+02
4301	1.098999e+02
4302	1.088914e+02
4303	1.078337e+02
4304	1.067323e+02
4305	1.055596e+02
4306	1.044023e+02
4307	1.032022e+02
4308	1.020759e+02
4309	1.010413e+02
4310	1.000354e+02
4311	9.918720e+01
4312	9.844740e+01
4313	9.787652e+01
4314	9.746365e+01
4315	9.708744e+01
4316	9.684814e+01
4317	9.677563e+01
4318	9.679058e+01
4319	9.692762e+01
4320	9.717060e+01
4321	9.750121e+01
4322	9.797427e+01
4323	9.852160e+01
4324	9.914585e+01
4325	9.979381e+01
4326	1.004237e+02
4327	1.010181e+02
4328	1.016078e+02
4329	1.022376e+02
4330	1.028182e+02
4331	1.033366e+02
4332	1.038358e+02
4333	1.043222e+02
4334	1.048159e+02
4335	1.052205e+02
4336	1.055250e+02
4337	1.057364e+02
4338	1.059081e+02
4339	1.060026e+02
4340	1.060901e+02
4341	1.060811e+02
4342	1.060181e+02
4343	1.058961e+02
4344	1.055929e+02
4345	1.053118e+02
4346	1.050286e+02
4347	1.047607e+02
4348	1.044828e+02
4349	1.041306e+02
4350	1.037604e+02
4351	1.034428e+02
4352	1.032203e+02
4353	1.030975e+02
4354	1.030183e+02
4355	1.029653e+02
4356	1.028911e+02
4357	1.027831e+02
4358	1.027156e+02
4359	1.026128e+02
4360	1.024641e+02
4361	1.024125e+02
4362	1.024113e+02
4363	1.024450e+02
4364	1.024878e+02
4365	1.026236e+02
4366	1.028007e+02
4367	1.030574e+02
4368	1.032829e+02
4369	1.035338e+02
4370	1.037978e+02
4371	1.040731e+02
4372	1.043629e+02
4373	1.047198e+02
4374	1.051200e+02
4375	1.055432e+02
4376	1.060466e+02
4377	1.065876e+02
4378	1.071134e+02
4379	1.076113e+02
4380	1.080292e+02
4381	1.084529e+02
4382	1.090130e+02
4383	1.095361e+02
4384	1.099949e+02
4385	1.104409e+02
4386	1.108759e+02
4387	1.113169e+02
4388	1.117813e+02
4389	1.121637e+02
4390	1.124900e+02
4391	1.127772e+02
4392	1.129409e+02
4393	1.130164e+02
4394	1.129997e+02
4395	1.129697e+02
4396	1.128667e+02
4397	1.127074e+02
4398	1.124786e+02
4399	1.121840e+02
4400	1.118590e+02
4401	1.114496e+02
4402	1.111135e+02
4403	1.107825e+02
4404	1.104651e+02
4405	1.100975e+02
4406	1.096419e+02
4407	1.091180e+02
4408	1.085929e+02
4409	1.081059e+02
4410	1.076393e+02
4411	1.071623e+02
4412	1.066638e+02
4413	1.061040e+02
4414	1.056059e+02
4415	1.051313e+02
4416	1.046857e+02
4417	1.042602e+02
4418	1.038754e+02
4419	1.034441e+02
4420	1.029892e+02
4421	1.025862e+02
4422	1.022266e+02
4423	1.018518e+02
4424	1.014446e+02
4425	1.011252e+02
4426	1.008426e+02
4427	1.005080e+02
4428	1.002024e+02
4429	1.000401e+02
4430	9.991120e+01
4431	9.977369e+01
4432	9.968201e+01
4433	9.969431e+01
4434	9.974360e+01
4435	9.980523e+01
4436	9.980878e+01
4437	9.991075e+01
4438	9.999890e+01
4439	1.001124e+02
4440	1.002898e+02
4441	1.005143e+02
4442	1.007803e+02
4443	1.010560e+02
4444	1.014048e+02
4445	1.017924e+02
4446	1.022203e+02
4447	1.026262e+02
4448	1.030710e+02
4449	1.035191e+02
4450	1.040546e+02
4451	1.046017e+02
4452	1.051987e+02
4453	1.057796e+02
4454	1.063394e+02
4455	1.068925e+02
4456	1.073837e+02
4457	1.079011e+02
4458	1.083384e+02
4459	1.087596e+02
4460	1.091349e+02
4461	1.094664e+02
4462	1.097615e+02
4463	1.099410e+02
4464	1.100479e+02
4465	1.100360e+02
4466	1.100304e+02
4467	1.099240e+02
4468	1.097319e+02
4469	1.094998e+02
4470	1.092388e+02
4471	1.089631e+02
4472	1.087106e+02
4473	1.084451e+02
4474	1.080910e+02
4475	1.077659e+02
4476	1.074571e+02
4477	1.070817e+02
4478	1.067571e+02
4479	1.064693e+02
4480	1.062060e+02
4481	1.060011e+02
4482	1.058714e+02
4483	1.058208e+02
4484	1.058806e+02
4485	1.059334e+02
4486	1.059417e+02
4487	1.059763e+02
4488	1.061152e+02
4489	1.062860e+02
4490	1.065601e+02
4491	1.068658e+02
4492	1.071556e+02
4493	1.074020e+02
4494	1.077758e+02
4495	1.082280e+02
4496	1.087325e+02
4497	1.092846e+02
4498	1.097976e+02
4499	1.102842e+02
4500	1.107947e+02
4501	1.112229e+02
4502	1.115640e+02
4503	1.118612e+02
4504	1.120129e+02
4505	1.121547e+02
4506	1.121778e+02
4507	1.120577e+02
4508	1.118315e+02
4509	1.114986e+02
4510	1.112047e+02
4511	1.108899e+02
4512	1.105333e+02
4513	1.102092e+02
4514	1.098757e+02
4515	1.095147e+02
4516	1.090482e+02
4517	1.085287e+02
4518	1.080605e+02
4519	1.076344e+02
4520	1.071658e+02
4521	1.066199e+02
4522	1.060625e+02
4523	1.054905e+02
4524	1.049053e+02
4525	1.042936e+02
4526	1.037156e+02
4527	1.031284e+02
4528	1.025059e+02
4529	1.018170e+02
4530	1.011750e+02
4531	1.005906e+02
4532	1.001185e+02
4533	9.976765e+01
4534	9.945647e+01
4535	9.920881e+01
4536	9.907201e+01
4537	9.903321e+01
4538	9.907418e+01
4539	9.917696e+01
4540	9.936217e+01
4541	9.962952e+01
4542	1.000136e+02
4543	1.004774e+02
4544	1.010313e+02
4545	1.016570e+02
4546	1.023348e+02
4547	1.030590e+02
4548	1.037771e+02
4549	1.045380e+02
4550	1.053932e+02
4551	1.062427e+02
4552	1.071584e+02
4553	1.081720e+02
4554	1.092261e+02
4555	1.103183e+02
4556	1.114296e+02
4557	1.125234e+02
4558	1.135585e+02
4559	1.145286e+02
4560	1.152832e+02
4561	1.159746e+02
4562	1.166001e+02
4563	1.171065e+02
4564	1.174377e+02
4565	1.176898e+02
4566	1.178450e+02
4567	1.179241e+02
4568	1.178440e+02
4569	1.176635e+02
4570	1.173573e+02
4571	1.169745e+02
4572	1.165209e+02
4573	1.160545e+02
4574	1.155110e+02
4575	1.148888e+02
4576	1.142457e+02
4577	1.133961e+02
4578	1.124785e+02
4579	1.115915e+02
4580	1.106822e+02
4581	1.098304e+02
4582	1.088876e+02
4583	1.079675e+02
4584	1.070757e+02
4585	1.062423e+02
4586	1.054006e+02
4587	1.045918e+02
4588	1.039155e+02
4589	1.033598e+02
4590	1.029196e+02
4591	1.025628e+02
4592	1.022595e+02
4593	1.020114e+02
4594	1.019040e+02
4595	1.017908e+02
4596	1.018147e+02
4597	1.019291e+02
4598	1.021157e+02
4599	1.024262e+02
4600	1.027562e+02
4601	1.031624e+02
4602	1.036558e+02
4603	1.043094e+02
4604	1.050007e+02
4605	1.056454e+02
4606	1.062526e+02
4607	1.069078e+02
4608	1.074881e+02
4609	1.080215e+02
4610	1.084602e+02
4611	1.088996e+02
4612	1.092305e+02
4613	1.094606e+02
4614	1.096049e+02
4615	1.097138e+02
4616	1.098090e+02
4617	1.098773e+02
4618	1.097733e+02
4619	1.096325e+02
4620	1.094021e+02
4621	1.090591e+02
4622	1.086516e+02
4623	1.081344e+02
4624	1.075266e+02
4625	1.068143e+02
4626	1.061059e+02
4627	1.053331e+02
4628	1.046047e+02
4629	1.038774e+02
4630	1.031391e+02
4631	1.023912e+02
4632	1.016513e+02
4633	1.009457e+02
4634	1.003468e+02
4635	9.981318e+01
4636	9.933766e+01
4637	9.891194e+01
4638	9.855054e+01
4639	9.823412e+01
4640	9.805900e+01
4641	9.799990e+01
4642	9.802101e+01
4643	9.817443e+01
4644	9.840262e+01
4645	9.873046e+01
4646	9.918620e+01
4647	9.974048e+01
4648	1.003470e+02
4649	1.010005e+02
4650	1.017109e+02
4651	1.025332e+02
4652	1.033074e+02
4653	1.039855e+02
4654	1.045595e+02
4655	1.051484e+02
4656	1.056671e+02
4657	1.061286e+02
4658	1.065355e+02
4659	1.069040e+02
4660	1.072735e+02
4661	1.075947e+02
4662	1.078455e+02
4663	1.081866e+02
4664	1.085483e+02
4665	1.088764e+02
4666	1.091948e+02
4667	1.095060e+02
4668	1.096939e+02
4669	1.097835e+02
4670	1.097895e+02
4671	1.097464e+02
4672	1.096905e+02
4673	1.097064e+02
4674	1.098127e+02
4675	1.098462e+02
4676	1.098640e+02
4677	1.098550e+02
4678	1.098739e+02
4679	1.098831e+02
4680	1.099483e+02
4681	1.100747e+02
4682	1.102221e+02
4683	1.103756e+02
4684	1.106478e+02
4685	1.109178e+02
4686	1.112749e+02
4687	1.116779e+02
4688	1.120425e+02
4689	1.124167e+02
4690	1.128530e+02
4691	1.132853e+02
4692	1.136891e+02
4693	1.139913e+02
4694	1.143205e+02
4695	1.145706e+02
4696	1.148141e+02
4697	1.149688e+02
4698	1.151011e+02
4699	1.151755e+02
4700	1.151815e+02
4701	1.150210e+02
4702	1.149316e+02
4703	1.148946e+02
4704	1.148783e+02
4705	1.148788e+02
4706	1.147950e+02
4707	1.146372e+02
4708	1.143836e+02
4709	1.141380e+02
4710	1.138545e+02
4711	1.135934e+02
4712	1.132502e+02
4713	1.128550e+02
4714	1.124219e+02
4715	1.119490e+02
4716	1.114108e+02
4717	1.109104e+02
4718	1.103547e+02
4719	1.098611e+02
4720	1.093648e+02
4721	1.089320e+02
4722	1.084737e+02
4723	1.080770e+02
4724	1.077201e+02
4725	1.074136e+02
4726	1.071452e+02
4727	1.069175e+02
4728	1.067176e+02
4729	1.065746e+02
4730	1.064726e+02
4731	1.063606e+02
4732	1.062971e+02
4733	1.063346e+02
4734	1.064111e+02
4735	1.065708e+02
4736	1.067294e+02
4737	1.069052e+02
4738	1.070080e+02
4739	1.071369e+02
4740	1.072381e+02
4741	1.073238e+02
4742	1.074077e+02
4743	1.075081e+02
4744	1.075137e+02
4745	1.074999e+02
4746	1.074760e+02
4747	1.074111e+02
4748	1.073961e+02
4749	1.073539e+02
4750	1.073089e+02
4751	1.072082e+02
4752	1.070641e+02
4753	1.068973e+02
4754	1.066744e+02
4755	1.063676e+02
4756	1.060447e+02
4757	1.056998e+02
4758	1.054442e+02
4759	1.051254e+02
4760	1.047838e+02
4761	1.044102e+02
4762	1.039951e+02
4763	1.036277e+02
4764	1.032456e+02
4765	1.028925e+02
4766	1.026229e+02
4767	1.024268e+02
4768	1.022469e+02
4769	1.021442e+02
4770	1.020888e+02
4771	1.022096e+02
4772	1.023152e+02
4773	1.024756e+02
4774	1.026916e+02
4775	1.029626e+02
4776	1.033942e+02
4777	1.038837e+02
4778	1.044542e+02
4779	1.050442e+02
4780	1.055934e+02
4781	1.061417e+02
4782	1.067587e+02
4783	1.073525e+02
4784	1.078609e+02
4785	1.083954e+02
4786	1.088402e+02
4787	1.093377e+02
4788	1.098959e+02
4789	1.104143e+02
4790	1.108706e+02
4791	1.113007e+02
4792	1.116882e+02
4793	1.120642e+02
4794	1.123732e+02
4795	1.126392e+02
4796	1.129203e+02
4797	1.131241e+02
4798	1.133430e+02
4799	1.134194e+02
4800	1.134602e+02
4801	1.133672e+02
4802	1.131320e+02
4803	1.127978e+02
4804	1.124703e+02
4805	1.121602e+02
4806	1.117658e+02
4807	1.113022e+02
4808	1.108157e+02
4809	1.103033e+02
4810	1.098044e+02
4811	1.093303e+02
4812	1.088872e+02
4813	1.084423e+02
4814	1.079661e+02
4815	1.075656e+02
4816	1.071768e+02
4817	1.068150e+02
4818	1.063763e+02
4819	1.059122e+02
4820	1.054095e+02
4821	1.049720e+02
4822	1.045753e+02
4823	1.042949e+02
4824	1.041347e+02
4825	1.039890e+02
4826	1.039507e+02
4827	1.040258e+02
4828	1.040694e+02
4829	1.040908e+02
4830	1.042186e+02
4831	1.043538e+02
4832	1.045535e+02
4833	1.048247e+02
4834	1.051242e+02
4835	1.054769e+02
4836	1.058974e+02
4837	1.063129e+02
4838	1.068130e+02
4839	1.073224e+02
4840	1.079076e+02
4841	1.084905e+02
4842	1.090467e+02
4843	1.095984e+02
4844	1.101373e+02
4845	1.106477e+02
4846	1.111668e+02
4847	1.116734e+02
4848	1.120726e+02
4849	1.124603e+02
4850	1.127697e+02
4851	1.130142e+02
4852	1.131872e+02
4853	1.133086e+02
4854	1.134586e+02
4855	1.136017e+02
4856	1.137138e+02
4857	1.138718e+02
4858	1.140454e+02
4859	1.141933e+02
4860	1.143215e+02
4861	1.144262e+02
4862	1.143474e+02
4863	1.141599e+02
4864	1.139201e+02
4865	1.135658e+02
4866	1.131164e+02
4867	1.126092e+02
4868	1.120656e+02
4869	1.115644e+02
4870	1.111333e+02
4871	1.107218e+02
4872	1.103603e+02
4873	1.099486e+02
4874	1.095433e+02
4875	1.091865e+02
4876	1.088485e+02
4877	1.084993e+02
4878	1.081683e+02
4879	1.078585e+02
4880	1.075566e+02
4881	1.072032e+02
4882	1.069136e+02
4883	1.066597e+02
4884	1.064603e+02
4885	1.062974e+02
4886	1.061849e+02
4887	1.061145e+02
4888	1.060885e+02
4889	1.060257e+02
4890	1.059651e+02
4891	1.058865e+02
4892	1.057207e+02
4893	1.055582e+02
4894	1.053582e+02
4895	1.051441e+02
4896	1.049316e+02
4897	1.047143e+02
4898	1.044269e+02
4899	1.041065e+02
4900	1.038099e+02
4901	1.034638e+02
4902	1.030996e+02
4903	1.028094e+02
4904	1.024252e+02
4905	1.020318e+02
4906	1.016472e+02
4907	1.012750e+02
4908	1.009319e+02
4909	1.006012e+02
4910	1.002975e+02
4911	1.000214e+02
4912	9.981358e+01
4913	9.958578e+01
4914	9.938914e+01
4915	9.923816e+01
4916	9.916455e+01
4917	9.917065e+01
4918	9.922874e+01
4919	9.932655e+01
4920	9.960178e+01
4921	9.988238e+01
4922	1.002593e+02
4923	1.006750e+02
4924	1.011184e+02
4925	1.016243e+02
4926	1.021784e+02
4927	1.028156e+02
4928	1.035244e+02
4929	1.042861e+02
4930	1.050084e+02
4931	1.057297e+02
4932	1.064921e+02
4933	1.073200e+02
4934	1.081504e+02
4935	1.089990e+02
4936	1.099019e+02
4937	1.107474e+02
4938	1.115485e+02
4939	1.122705e+02
4940	1.129638e+02
4941	1.136747e+02
4942	1.143333e+02
4943	1.148240e+02
4944	1.152336e+02
4945	1.155672e+02
4946	1.158167e+02
4947	1.160782e+02
4948	1.163220e+02
4949	1.164907e+02
4950	1.165849e+02
4951	1.164856e+02
4952	1.162875e+02
4953	1.160027e+02
4954	1.156587e+02
4955	1.152718e+02
4956	1.148389e+02
4957	1.143385e+02
4958	1.137433e+02
4959	1.131097e+02
4960	1.125587e+02
4961	1.120574e+02
4962	1.116435e+02
4963	1.112725e+02
4964	1.109238e+02
4965	1.105597e+02
4966	1.102835e+02
4967	1.100110e+02
4968	1.097526e+02
4969	1.095141e+02
4970	1.093178e+02
4971	1.091690e+02
4972	1.090837e+02
4973	1.090639e+02
4974	1.091334e+02
4975	1.091938e+02
4976	1.092258e+02
4977	1.092438e+02
4978	1.093842e+02
4979	1.095066e+02
4980	1.097124e+02
4981	1.098803e+02
4982	1.100252e+02
4983	1.102126e+02
4984	1.103829e+02
4985	1.105489e+02
4986	1.106037e+02
4987	1.106600e+02
4988	1.106776e+02
4989	1.106496e+02
4990	1.105725e+02
4991	1.104369e+02
4992	1.102179e+02
4993	1.099892e+02
4994	1.097396e+02
4995	1.094812e+02
4996	1.091502e+02
4997	1.087202e+02
4998	1.082267e+02
4999	1.077007e+02
