# Step	Measurement
1	1.096325e+02
2	1.101673e+02
3	1.107831e+02
4	1.113857e+02
5	1.119676e+02
6	1.124563e+02
7	1.129449e+02
8	1.132655e+02
9	1.135405e+02
10	1.137252e+02
11	1.137308e+02
12	1.135832e+02
13	1.134042e+02
14	1.131198e+02
15	1.128205e+02
16	1.126883e+02
17	1.126300e+02
18	1.126173e+02
19	1.126451e+02
20	1.125724e+02
21	1.124045e+02
22	1.120856e+02
23	1.117418e+02
24	1.114022e+02
25	1.109864e+02
26	1.103743e+02
27	1.098470e+02
28	1.092162e+02
29	1.085779e+02
30	1.078425e+02
31	1.070674e+02
32	1.064306e+02
33	1.058021e+02
34	1.052864e+02
35	1.048630e+02
36	1.044186e+02
37	1.040493e+02
38	1.036767e+02
39	1.033674e+02
40	1.032453e+02
41	1.031293e+02
42	1.030958e+02
43	1.032210e+02
44	1.034169e+02
45	1.036732e+02
46	1.039728e+02
47	1.043193e+02
48	1.047122e+02
49	1.050459e+02
50	1.054973e+02
51	1.061072e+02
52	1.067483e+02
53	1.074369e+02
54	1.081278e+02
55	1.088618e+02
56	1.095754e+02
57	1.103136e+02
58	1.111510e+02
59	1.120734e+02
60	1.129707e+02
61	1.137984e+02
62	1.145509e+02
63	1.150990e+02
64	1.156001e+02
65	1.159757e+02
66	1.162846e+02
67	1.165633e+02
68	1.167323e+02
69	1.167448e+02
70	1.165517e+02
71	1.162629e+02
72	1.159077e+02
73	1.154581e+02
74	1.148449e+02
75	1.141728e+02
76	1.135619e+02
77	1.129170e+02
78	1.122629e+02
79	1.114619e+02
80	1.106454e+02
81	1.097954e+02
82	1.088444e+02
83	1.079077e+02
84	1.069004e+02
85	1.059321e+02
86	1.050655e+02
87	1.043826e+02
88	1.037395e+02
89	1.032043e+02
90	1.027374e+02
91	1.024009e+02
92	1.021010e+02
93	1.019318e+02
94	1.018984e+02
95	1.020060e+02
96	1.022131e+02
97	1.023494e+02
98	1.025819e+02
99	1.028682e+02
100	1.031997e+02
101	1.037822e+02
102	1.043596e+02
103	1.050069e+02
104	1.057445e+02
105	1.064217e+02
106	1.071730e+02
107	1.079609e+02
108	1.086031e+02
109	1.091877e+02
110	1.097485e+02
111	1.102559e+02
112	1.107397e+02
113	1.111821e+02
114	1.116048e+02
115	1.119622e+02
116	1.121487e+02
117	1.122129e+02
118	1.121198e+02
119	1.119581e+02
120	1.118044e+02
121	1.116672e+02
122	1.115640e+02
123	1.114501e+02
124	1.111910e+02
125	1.107080e+02
126	1.102152e+02
127	1.097205e+02
128	1.091659e+02
129	1.085702e+02
130	1.079394e+02
131	1.073518e+02
132	1.068352e+02
133	1.064185e+02
134	1.060146e+02
135	1.056298e+02
136	1.052948e+02
137	1.049023e+02
138	1.045164e+02
139	1.040928e+02
140	1.036910e+02
141	1.034055e+02
142	1.032056e+02
143	1.031393e+02
144	1.032043e+02
145	1.033788e+02
146	1.036574e+02
147	1.040498e+02
148	1.045683e+02
149	1.051391e+02
150	1.057897e+02
151	1.065391e+02
152	1.073323e+02
153	1.081344e+02
154	1.089962e+02
155	1.098821e+02
156	1.107387e+02
157	1.116229e+02
158	1.125118e+02
159	1.132305e+02
160	1.138855e+02
161	1.145096e+02
162	1.150529e+02
163	1.154955e+02
164	1.158190e+02
165	1.160702e+02
166	1.163091e+02
167	1.164158e+02
168	1.164270e+02
169	1.164072e+02
170	1.163947e+02
171	1.163474e+02
172	1.161547e+02
173	1.157937e+02
174	1.154495e+02
175	1.149124e+02
176	1.143829e+02
177	1.136901e+02
178	1.129074e+02
179	1.120782e+02
180	1.112619e+02
181	1.103943e+02
182	1.096031e+02
183	1.088528e+02
184	1.080405e+02
185	1.071807e+02
186	1.063261e+02
187	1.056372e+02
188	1.050192e+02
189	1.043216e+02
190	1.036903e+02
191	1.031342e+02
192	1.026798e+02
193	1.023633e+02
194	1.019966e+02
195	1.017159e+02
196	1.016245e+02
197	1.016868e+02
198	1.019611e+02
199	1.024059e+02
200	1.028501e+02
201	1.034221e+02
202	1.039117e+02
203	1.044439e+02
204	1.049326e+02
205	1.053612e+02
206	1.058006e+02
207	1.061080e+02
208	1.063191e+02
209	1.065603e+02
210	1.066668e+02
211	1.067175e+02
212	1.068060e+02
213	1.068817e+02
214	1.068772e+02
215	1.067964e+02
216	1.066672e+02
217	1.064909e+02
218	1.063955e+02
219	1.063439e+02
220	1.062583e+02
221	1.062389e+02
222	1.063332e+02
223	1.063251e+02
224	1.064155e+02
225	1.065569e+02
226	1.067755e+02
227	1.070695e+02
228	1.074052e+02
229	1.077159e+02
230	1.079778e+02
231	1.082003e+02
232	1.084243e+02
233	1.086147e+02
234	1.087991e+02
235	1.089916e+02
236	1.092972e+02
237	1.095805e+02
238	1.097343e+02
239	1.098858e+02
240	1.100314e+02
241	1.101828e+02
242	1.104034e+02
243	1.106546e+02
244	1.108230e+02
245	1.108331e+02
246	1.108074e+02
247	1.107511e+02
248	1.106187e+02
249	1.104364e+02
250	1.102318e+02
251	1.100602e+02
252	1.099404e+02
253	1.098395e+02
254	1.097460e+02
255	1.096497e+02
256	1.095384e+02
257	1.094563e+02
258	1.092867e+02
259	1.090753e+02
260	1.087565e+02
261	1.084520e+02
262	1.082079e+02
263	1.079880e+02
264	1.077376e+02
265	1.074192e+02
266	1.071809e+02
267	1.069092e+02
268	1.067034e+02
269	1.065989e+02
270	1.064968e+02
271	1.064563e+02
272	1.064573e+02
273	1.065672e+02
274	1.066735e+02
275	1.068201e+02
276	1.069798e+02
277	1.072420e+02
278	1.075785e+02
279	1.080354e+02
280	1.084390e+02
281	1.088559e+02
282	1.091201e+02
283	1.093506e+02
284	1.094857e+02
285	1.095713e+02
286	1.096454e+02
287	1.096222e+02
288	1.095964e+02
289	1.093691e+02
290	1.090832e+02
291	1.087507e+02
292	1.083222e+02
293	1.078291e+02
294	1.072397e+02
295	1.066124e+02
296	1.059630e+02
297	1.052856e+02
298	1.046536e+02
299	1.041195e+02
300	1.035137e+02
301	1.029337e+02
302	1.024129e+02
303	1.019475e+02
304	1.015445e+02
305	1.012500e+02
306	1.009754e+02
307	1.007037e+02
308	1.005920e+02
309	1.006744e+02
310	1.008054e+02
311	1.010762e+02
312	1.014577e+02
313	1.019991e+02
314	1.026465e+02
315	1.032884e+02
316	1.038946e+02
317	1.045147e+02
318	1.051644e+02
319	1.057937e+02
320	1.065731e+02
321	1.072556e+02
322	1.079262e+02
323	1.085583e+02
324	1.092411e+02
325	1.098684e+02
326	1.105764e+02
327	1.111334e+02
328	1.116046e+02
329	1.119989e+02
330	1.123313e+02
331	1.126391e+02
332	1.129590e+02
333	1.132411e+02
334	1.133539e+02
335	1.132785e+02
336	1.131170e+02
337	1.127645e+02
338	1.122917e+02
339	1.118288e+02
340	1.113209e+02
341	1.106816e+02
342	1.099035e+02
343	1.090551e+02
344	1.081533e+02
345	1.073315e+02
346	1.065166e+02
347	1.057696e+02
348	1.049135e+02
349	1.041235e+02
350	1.034368e+02
351	1.027062e+02
352	1.020144e+02
353	1.013770e+02
354	1.009050e+02
355	1.006325e+02
356	1.004236e+02
357	1.003242e+02
358	1.003145e+02
359	1.005188e+02
360	1.008903e+02
361	1.013686e+02
362	1.019264e+02
363	1.026574e+02
364	1.034655e+02
365	1.043183e+02
366	1.051335e+02
367	1.060528e+02
368	1.070934e+02
369	1.081419e+02
370	1.091032e+02
371	1.101649e+02
372	1.112963e+02
373	1.123915e+02
374	1.133882e+02
375	1.142275e+02
376	1.148907e+02
377	1.154078e+02
378	1.158623e+02
379	1.162388e+02
380	1.165385e+02
381	1.167635e+02
382	1.167679e+02
383	1.166299e+02
384	1.163382e+02
385	1.158725e+02
386	1.152859e+02
387	1.145843e+02
388	1.136561e+02
389	1.127514e+02
390	1.118604e+02
391	1.109734e+02
392	1.101159e+02
393	1.093124e+02
394	1.085258e+02
395	1.077469e+02
396	1.070625e+02
397	1.064777e+02
398	1.058858e+02
399	1.053162e+02
400	1.047780e+02
401	1.042711e+02
402	1.038084e+02
403	1.034906e+02
404	1.032897e+02
405	1.032938e+02
406	1.034329e+02
407	1.036552e+02
408	1.038981e+02
409	1.042265e+02
410	1.046630e+02
411	1.050160e+02
412	1.054283e+02
413	1.059071e+02
414	1.063717e+02
415	1.068622e+02
416	1.073822e+02
417	1.079572e+02
418	1.086439e+02
419	1.093658e+02
420	1.100923e+02
421	1.107223e+02
422	1.111928e+02
423	1.115480e+02
424	1.118770e+02
425	1.120843e+02
426	1.121138e+02
427	1.120369e+02
428	1.119224e+02
429	1.118146e+02
430	1.116821e+02
431	1.115399e+02
432	1.113726e+02
433	1.111632e+02
434	1.109228e+02
435	1.106725e+02
436	1.104513e+02
437	1.102417e+02
438	1.100919e+02
439	1.099174e+02
440	1.096960e+02
441	1.095008e+02
442	1.093077e+02
443	1.092413e+02
444	1.091195e+02
445	1.090745e+02
446	1.090409e+02
447	1.089717e+02
448	1.089028e+02
449	1.087458e+02
450	1.086558e+02
451	1.085807e+02
452	1.085256e+02
453	1.084061e+02
454	1.083087e+02
455	1.080937e+02
456	1.079294e+02
457	1.078679e+02
458	1.078448e+02
459	1.078611e+02
460	1.079287e+02
461	1.079575e+02
462	1.078562e+02
463	1.078475e+02
464	1.077771e+02
465	1.077866e+02
466	1.078183e+02
467	1.079137e+02
468	1.080627e+02
469	1.082560e+02
470	1.084845e+02
471	1.088163e+02
472	1.091398e+02
473	1.095310e+02
474	1.098214e+02
475	1.101259e+02
476	1.104145e+02
477	1.107344e+02
478	1.109982e+02
479	1.112014e+02
480	1.112729e+02
481	1.113127e+02
482	1.112534e+02
483	1.111250e+02
484	1.109998e+02
485	1.108716e+02
486	1.107822e+02
487	1.106225e+02
488	1.104477e+02
489	1.102551e+02
490	1.100471e+02
491	1.097806e+02
492	1.093671e+02
493	1.087340e+02
494	1.080485e+02
495	1.072781e+02
496	1.065533e+02
497	1.059745e+02
498	1.054697e+02
499	1.051069e+02
500	1.047219e+02
501	1.043976e+02
502	1.041019e+02
503	1.038758e+02
504	1.036827e+02
505	1.035255e+02
506	1.033964e+02
507	1.032832e+02
508	1.032191e+02
509	1.031224e+02
510	1.031734e+02
511	1.033494e+02
512	1.035401e+02
513	1.037064e+02
514	1.038897e+02
515	1.040915e+02
516	1.043516e+02
517	1.046092e+02
518	1.048443e+02
519	1.051854e+02
520	1.054340e+02
521	1.057174e+02
522	1.060184e+02
523	1.063530e+02
524	1.066604e+02
525	1.069412e+02
526	1.071980e+02
527	1.074501e+02
528	1.076103e+02
529	1.077976e+02
530	1.079239e+02
531	1.081806e+02
532	1.084566e+02
533	1.087764e+02
534	1.091615e+02
535	1.095594e+02
536	1.099656e+02
537	1.103175e+02
538	1.106823e+02
539	1.109344e+02
540	1.111668e+02
541	1.113327e+02
542	1.114856e+02
543	1.115219e+02
544	1.113347e+02
545	1.111775e+02
546	1.109605e+02
547	1.107829e+02
548	1.105472e+02
549	1.104089e+02
550	1.103243e+02
551	1.102594e+02
552	1.100121e+02
553	1.097022e+02
554	1.093561e+02
555	1.090402e+02
556	1.088683e+02
557	1.088390e+02
558	1.087731e+02
559	1.087259e+02
560	1.086771e+02
561	1.086949e+02
562	1.086785e+02
563	1.086519e+02
564	1.086613e+02
565	1.086858e+02
566	1.086470e+02
567	1.085399e+02
568	1.084346e+02
569	1.082620e+02
570	1.080483e+02
571	1.078701e+02
572	1.076542e+02
573	1.075369e+02
574	1.074817e+02
575	1.074215e+02
576	1.073703e+02
577	1.073549e+02
578	1.073599e+02
579	1.073481e+02
580	1.072794e+02
581	1.073118e+02
582	1.073132e+02
583	1.073043e+02
584	1.073065e+02
585	1.072901e+02
586	1.073650e+02
587	1.073905e+02
588	1.074402e+02
589	1.074543e+02
590	1.074293e+02
591	1.074008e+02
592	1.074474e+02
593	1.074860e+02
594	1.075030e+02
595	1.074656e+02
596	1.072786e+02
597	1.069894e+02
598	1.067574e+02
599	1.065621e+02
600	1.063914e+02
601	1.062362e+02
602	1.062427e+02
603	1.063341e+02
604	1.065133e+02
605	1.066868e+02
606	1.068450e+02
607	1.071447e+02
608	1.073617e+02
609	1.076367e+02
610	1.079027e+02
611	1.081737e+02
612	1.083356e+02
613	1.085375e+02
614	1.086764e+02
615	1.088383e+02
616	1.090098e+02
617	1.091330e+02
618	1.092820e+02
619	1.093244e+02
620	1.093806e+02
621	1.095601e+02
622	1.097089e+02
623	1.099586e+02
624	1.101446e+02
625	1.103434e+02
626	1.105564e+02
627	1.107721e+02
628	1.109226e+02
629	1.110798e+02
630	1.112548e+02
631	1.113295e+02
632	1.113913e+02
633	1.113925e+02
634	1.114727e+02
635	1.116248e+02
636	1.117446e+02
637	1.118236e+02
638	1.119735e+02
639	1.121659e+02
640	1.123152e+02
641	1.124717e+02
642	1.125829e+02
643	1.126638e+02
644	1.126870e+02
645	1.126787e+02
646	1.126718e+02
647	1.125604e+02
648	1.125328e+02
649	1.125066e+02
650	1.124624e+02
651	1.124306e+02
652	1.123708e+02
653	1.122721e+02
654	1.120687e+02
655	1.117834e+02
656	1.114914e+02
657	1.111881e+02
658	1.107969e+02
659	1.103000e+02
660	1.098785e+02
661	1.094301e+02
662	1.088719e+02
663	1.082910e+02
664	1.078256e+02
665	1.073587e+02
666	1.068083e+02
667	1.063732e+02
668	1.059366e+02
669	1.054525e+02
670	1.049987e+02
671	1.046079e+02
672	1.043026e+02
673	1.040583e+02
674	1.038438e+02
675	1.036313e+02
676	1.034557e+02
677	1.033002e+02
678	1.031486e+02
679	1.030310e+02
680	1.029861e+02
681	1.030690e+02
682	1.032536e+02
683	1.034499e+02
684	1.037693e+02
685	1.041229e+02
686	1.045217e+02
687	1.048261e+02
688	1.051988e+02
689	1.055923e+02
690	1.059990e+02
691	1.062968e+02
692	1.066319e+02
693	1.069245e+02
694	1.072125e+02
695	1.075187e+02
696	1.077687e+02
697	1.080066e+02
698	1.082586e+02
699	1.085486e+02
700	1.088460e+02
701	1.092444e+02
702	1.097255e+02
703	1.101963e+02
704	1.107101e+02
705	1.111815e+02
706	1.115678e+02
707	1.119439e+02
708	1.123663e+02
709	1.130147e+02
710	1.136415e+02
711	1.140821e+02
712	1.144909e+02
713	1.147831e+02
714	1.149705e+02
715	1.150436e+02
716	1.149581e+02
717	1.148270e+02
718	1.146121e+02
719	1.142859e+02
720	1.138863e+02
721	1.134518e+02
722	1.129298e+02
723	1.123227e+02
724	1.116373e+02
725	1.110276e+02
726	1.103835e+02
727	1.096638e+02
728	1.089139e+02
729	1.081372e+02
730	1.074837e+02
731	1.068285e+02
732	1.061421e+02
733	1.053993e+02
734	1.046675e+02
735	1.039915e+02
736	1.034358e+02
737	1.029803e+02
738	1.025168e+02
739	1.021557e+02
740	1.019242e+02
741	1.017704e+02
742	1.016131e+02
743	1.014456e+02
744	1.012858e+02
745	1.013307e+02
746	1.014254e+02
747	1.015187e+02
748	1.017964e+02
749	1.021770e+02
750	1.027446e+02
751	1.033995e+02
752	1.041544e+02
753	1.049240e+02
754	1.057634e+02
755	1.066175e+02
756	1.075727e+02
757	1.085287e+02
758	1.094447e+02
759	1.101511e+02
760	1.107475e+02
761	1.112018e+02
762	1.116168e+02
763	1.119472e+02
764	1.122494e+02
765	1.125090e+02
766	1.127471e+02
767	1.128722e+02
768	1.129694e+02
769	1.130250e+02
770	1.130588e+02
771	1.130978e+02
772	1.130258e+02
773	1.128889e+02
774	1.127540e+02
775	1.125887e+02
776	1.121946e+02
777	1.116900e+02
778	1.111463e+02
779	1.105669e+02
780	1.099284e+02
781	1.093068e+02
782	1.087688e+02
783	1.082427e+02
784	1.077397e+02
785	1.073196e+02
786	1.069396e+02
787	1.066816e+02
788	1.064342e+02
789	1.063083e+02
790	1.062605e+02
791	1.062469e+02
792	1.063521e+02
793	1.065603e+02
794	1.069280e+02
795	1.071965e+02
796	1.074627e+02
797	1.078155e+02
798	1.082958e+02
799	1.088719e+02
800	1.093396e+02
801	1.097535e+02
802	1.101683e+02
803	1.106114e+02
804	1.110651e+02
805	1.114954e+02
806	1.119383e+02
807	1.124052e+02
808	1.128722e+02
809	1.133023e+02
810	1.136864e+02
811	1.140023e+02
812	1.142948e+02
813	1.146042e+02
814	1.149086e+02
815	1.151351e+02
816	1.153069e+02
817	1.155167e+02
818	1.155620e+02
819	1.154940e+02
820	1.153613e+02
821	1.151366e+02
822	1.148164e+02
823	1.144424e+02
824	1.139648e+02
825	1.134352e+02
826	1.128252e+02
827	1.123362e+02
828	1.118238e+02
829	1.112540e+02
830	1.107596e+02
831	1.102302e+02
832	1.096488e+02
833	1.091222e+02
834	1.086200e+02
835	1.081181e+02
836	1.077494e+02
837	1.074340e+02
838	1.070615e+02
839	1.067894e+02
840	1.065714e+02
841	1.064067e+02
842	1.063448e+02
843	1.062943e+02
844	1.062757e+02
845	1.063504e+02
846	1.064568e+02
847	1.067167e+02
848	1.068119e+02
849	1.068985e+02
850	1.069043e+02
851	1.069111e+02
852	1.069296e+02
853	1.070718e+02
854	1.072367e+02
855	1.075290e+02
856	1.078107e+02
857	1.081551e+02
858	1.085112e+02
859	1.088351e+02
860	1.092295e+02
861	1.095861e+02
862	1.099559e+02
863	1.104080e+02
864	1.108648e+02
865	1.114474e+02
866	1.120206e+02
867	1.126095e+02
868	1.131728e+02
869	1.136887e+02
870	1.141205e+02
871	1.145087e+02
872	1.147670e+02
873	1.148277e+02
874	1.147043e+02
875	1.146097e+02
876	1.145518e+02
877	1.145146e+02
878	1.143588e+02
879	1.141508e+02
880	1.138983e+02
881	1.135497e+02
882	1.131829e+02
883	1.127681e+02
884	1.122738e+02
885	1.117573e+02
886	1.112382e+02
887	1.107001e+02
888	1.102348e+02
889	1.098482e+02
890	1.095106e+02
891	1.092735e+02
892	1.091890e+02
893	1.091293e+02
894	1.091178e+02
895	1.091556e+02
896	1.093565e+02
897	1.096290e+02
898	1.099194e+02
899	1.102468e+02
900	1.106128e+02
901	1.110347e+02
902	1.115625e+02
903	1.121082e+02
904	1.126066e+02
905	1.132111e+02
906	1.138411e+02
907	1.144980e+02
908	1.151108e+02
909	1.156335e+02
910	1.160125e+02
911	1.162851e+02
912	1.164036e+02
913	1.164596e+02
914	1.163908e+02
915	1.161156e+02
916	1.158235e+02
917	1.154388e+02
918	1.150371e+02
919	1.146561e+02
920	1.143324e+02
921	1.138403e+02
922	1.131735e+02
923	1.123991e+02
924	1.115335e+02
925	1.106707e+02
926	1.097940e+02
927	1.089035e+02
928	1.080361e+02
929	1.070923e+02
930	1.062487e+02
931	1.053752e+02
932	1.045034e+02
933	1.036011e+02
934	1.025695e+02
935	1.015714e+02
936	1.007045e+02
937	9.982813e+01
938	9.900737e+01
939	9.837721e+01
940	9.802451e+01
941	9.786992e+01
942	9.792667e+01
943	9.808472e+01
944	9.836999e+01
945	9.875713e+01
946	9.919328e+01
947	9.967199e+01
948	1.002366e+02
949	1.008933e+02
950	1.017058e+02
951	1.026605e+02
952	1.037292e+02
953	1.048283e+02
954	1.060006e+02
955	1.072496e+02
956	1.085349e+02
957	1.098254e+02
958	1.111204e+02
959	1.122351e+02
960	1.132795e+02
961	1.142450e+02
962	1.150977e+02
963	1.157338e+02
964	1.161587e+02
965	1.164030e+02
966	1.164934e+02
967	1.163592e+02
968	1.159933e+02
969	1.154275e+02
970	1.147757e+02
971	1.140956e+02
972	1.133978e+02
973	1.126269e+02
974	1.117118e+02
975	1.107798e+02
976	1.097219e+02
977	1.085103e+02
978	1.073401e+02
979	1.060052e+02
980	1.046557e+02
981	1.033477e+02
982	1.020125e+02
983	1.008965e+02
984	1.000153e+02
985	9.937738e+01
986	9.893613e+01
987	9.863257e+01
988	9.858526e+01
989	9.870726e+01
990	9.903945e+01
991	9.952345e+01
992	1.001568e+02
993	1.011040e+02
994	1.021715e+02
995	1.033493e+02
996	1.045998e+02
997	1.059832e+02
998	1.073788e+02
999	1.088846e+02
1000	1.103644e+02
1001	1.118918e+02
1002	1.134502e+02
1003	1.148787e+02
1004	1.162322e+02
1005	1.173948e+02
1006	1.184826e+02
1007	1.194576e+02
1008	1.201798e+02
1009	1.206440e+02
1010	1.209282e+02
1011	1.210115e+02
1012	1.209037e+02
1013	1.205188e+02
1014	1.200326e+02
1015	1.194265e+02
1016	1.186697e+02
1017	1.177684e+02
1018	1.168892e+02
1019	1.159200e+02
1020	1.148592e+02
1021	1.136237e+02
1022	1.122182e+02
1023	1.108200e+02
1024	1.093337e+02
1025	1.079600e+02
1026	1.067140e+02
1027	1.054720e+02
1028	1.044084e+02
1029	1.033731e+02
1030	1.025178e+02
1031	1.018020e+02
1032	1.012499e+02
1033	1.007420e+02
1034	1.003794e+02
1035	1.001842e+02
1036	1.001294e+02
1037	1.002238e+02
1038	1.005119e+02
1039	1.008411e+02
1040	1.012144e+02
1041	1.016299e+02
1042	1.020975e+02
1043	1.027867e+02
1044	1.035571e+02
1045	1.044448e+02
1046	1.053516e+02
1047	1.062973e+02
1048	1.073375e+02
1049	1.085002e+02
1050	1.097596e+02
1051	1.109026e+02
1052	1.119117e+02
1053	1.129318e+02
1054	1.137635e+02
1055	1.144085e+02
1056	1.149527e+02
1057	1.154309e+02
1058	1.158611e+02
1059	1.160799e+02
1060	1.162746e+02
1061	1.163283e+02
1062	1.161638e+02
1063	1.159690e+02
1064	1.156353e+02
1065	1.152899e+02
1066	1.148988e+02
1067	1.144421e+02
1068	1.139275e+02
1069	1.133746e+02
1070	1.128280e+02
1071	1.122775e+02
1072	1.117259e+02
1073	1.111552e+02
1074	1.104968e+02
1075	1.097951e+02
1076	1.090290e+02
1077	1.082577e+02
1078	1.076180e+02
1079	1.070423e+02
1080	1.065724e+02
1081	1.061496e+02
1082	1.058602e+02
1083	1.057139e+02
1084	1.057948e+02
1085	1.059155e+02
1086	1.061176e+02
1087	1.063568e+02
1088	1.066592e+02
1089	1.071334e+02
1090	1.076103e+02
1091	1.082625e+02
1092	1.090506e+02
1093	1.097982e+02
1094	1.104988e+02
1095	1.112938e+02
1096	1.119308e+02
1097	1.124942e+02
1098	1.129158e+02
1099	1.132098e+02
1100	1.133313e+02
1101	1.133183e+02
1102	1.131835e+02
1103	1.129066e+02
1104	1.124416e+02
1105	1.118461e+02
1106	1.113345e+02
1107	1.108140e+02
1108	1.102613e+02
1109	1.096716e+02
1110	1.091481e+02
1111	1.087093e+02
1112	1.082234e+02
1113	1.078315e+02
1114	1.074314e+02
1115	1.071206e+02
1116	1.066395e+02
1117	1.062070e+02
1118	1.057123e+02
1119	1.052244e+02
1120	1.046893e+02
1121	1.042265e+02
1122	1.037379e+02
1123	1.032080e+02
1124	1.026798e+02
1125	1.022425e+02
1126	1.019835e+02
1127	1.017967e+02
1128	1.015837e+02
1129	1.014287e+02
1130	1.014834e+02
1131	1.016316e+02
1132	1.020083e+02
1133	1.024290e+02
1134	1.029451e+02
1135	1.035732e+02
1136	1.043290e+02
1137	1.051553e+02
1138	1.060003e+02
1139	1.069528e+02
1140	1.079355e+02
1141	1.088925e+02
1142	1.099951e+02
1143	1.110524e+02
1144	1.120711e+02
1145	1.130549e+02
1146	1.139923e+02
1147	1.148555e+02
1148	1.155736e+02
1149	1.161304e+02
1150	1.166169e+02
1151	1.168745e+02
1152	1.168755e+02
1153	1.168106e+02
1154	1.165889e+02
1155	1.162479e+02
1156	1.157592e+02
1157	1.151368e+02
1158	1.144594e+02
1159	1.137473e+02
1160	1.129511e+02
1161	1.120690e+02
1162	1.111893e+02
1163	1.103384e+02
1164	1.094030e+02
1165	1.084056e+02
1166	1.073980e+02
1167	1.062668e+02
1168	1.050545e+02
1169	1.039658e+02
1170	1.029717e+02
1171	1.020556e+02
1172	1.012560e+02
1173	1.006921e+02
1174	1.003267e+02
1175	1.001774e+02
1176	1.003206e+02
1177	1.006293e+02
1178	1.011865e+02
1179	1.019179e+02
1180	1.026826e+02
1181	1.037510e+02
1182	1.050114e+02
1183	1.064739e+02
1184	1.079908e+02
1185	1.095390e+02
1186	1.110859e+02
1187	1.125764e+02
1188	1.140703e+02
1189	1.154851e+02
1190	1.168423e+02
1191	1.180657e+02
1192	1.192171e+02
1193	1.202747e+02
1194	1.210915e+02
1195	1.216007e+02
1196	1.220386e+02
1197	1.222859e+02
1198	1.223427e+02
1199	1.222838e+02
1200	1.219580e+02
1201	1.214217e+02
1202	1.208476e+02
1203	1.201462e+02
1204	1.192761e+02
1205	1.182116e+02
1206	1.169878e+02
1207	1.155550e+02
1208	1.140032e+02
1209	1.122769e+02
1210	1.106287e+02
1211	1.089337e+02
1212	1.072859e+02
1213	1.056496e+02
1214	1.040161e+02
1215	1.024345e+02
1216	1.010744e+02
1217	9.982888e+01
1218	9.871823e+01
1219	9.781248e+01
1220	9.706593e+01
1221	9.657636e+01
1222	9.620444e+01
1223	9.595871e+01
1224	9.602090e+01
1225	9.630845e+01
1226	9.673930e+01
1227	9.733185e+01
1228	9.822543e+01
1229	9.929491e+01
1230	1.005498e+02
1231	1.020585e+02
1232	1.038347e+02
1233	1.057218e+02
1234	1.077873e+02
1235	1.098464e+02
1236	1.117725e+02
1237	1.135703e+02
1238	1.153742e+02
1239	1.170195e+02
1240	1.184432e+02
1241	1.197902e+02
1242	1.208738e+02
1243	1.217036e+02
1244	1.224071e+02
1245	1.229148e+02
1246	1.233300e+02
1247	1.236131e+02
1248	1.237470e+02
1249	1.236760e+02
1250	1.235247e+02
1251	1.231276e+02
1252	1.225067e+02
1253	1.216179e+02
1254	1.205075e+02
1255	1.190948e+02
1256	1.175335e+02
1257	1.157665e+02
1258	1.138025e+02
1259	1.117726e+02
1260	1.096520e+02
1261	1.075933e+02
1262	1.055290e+02
1263	1.035927e+02
1264	1.018561e+02
1265	1.003422e+02
1266	9.904209e+01
1267	9.800169e+01
1268	9.721818e+01
1269	9.667683e+01
1270	9.635941e+01
1271	9.624032e+01
1272	9.638370e+01
1273	9.677103e+01
1274	9.740867e+01
1275	9.819569e+01
1276	9.913620e+01
1277	1.002932e+02
1278	1.016612e+02
1279	1.032576e+02
1280	1.048585e+02
1281	1.065158e+02
1282	1.083119e+02
1283	1.101592e+02
1284	1.119575e+02
1285	1.135739e+02
1286	1.151536e+02
1287	1.165926e+02
1288	1.179530e+02
1289	1.193307e+02
1290	1.204915e+02
1291	1.214635e+02
1292	1.222166e+02
1293	1.227083e+02
1294	1.228919e+02
1295	1.227884e+02
1296	1.224740e+02
1297	1.218555e+02
1298	1.210209e+02
1299	1.199745e+02
1300	1.187485e+02
1301	1.173896e+02
1302	1.159632e+02
1303	1.144366e+02
1304	1.128919e+02
1305	1.114492e+02
1306	1.100500e+02
1307	1.088546e+02
1308	1.076692e+02
1309	1.065308e+02
1310	1.054706e+02
1311	1.044982e+02
1312	1.037110e+02
1313	1.031018e+02
1314	1.026156e+02
1315	1.022840e+02
1316	1.021421e+02
1317	1.020942e+02
1318	1.021467e+02
1319	1.023643e+02
1320	1.026822e+02
1321	1.030791e+02
1322	1.035068e+02
1323	1.040328e+02
1324	1.046445e+02
1325	1.053246e+02
1326	1.060418e+02
1327	1.068096e+02
1328	1.075493e+02
1329	1.081675e+02
1330	1.086826e+02
1331	1.093488e+02
1332	1.100613e+02
1333	1.108395e+02
1334	1.115579e+02
1335	1.122005e+02
1336	1.128959e+02
1337	1.135052e+02
1338	1.141254e+02
1339	1.145836e+02
1340	1.149307e+02
1341	1.152664e+02
1342	1.156178e+02
1343	1.158032e+02
1344	1.156974e+02
1345	1.154486e+02
1346	1.150960e+02
1347	1.145399e+02
1348	1.138753e+02
1349	1.130994e+02
1350	1.123138e+02
1351	1.115128e+02
1352	1.107133e+02
1353	1.098644e+02
1354	1.091380e+02
1355	1.084674e+02
1356	1.077231e+02
1357	1.069990e+02
1358	1.062166e+02
1359	1.053795e+02
1360	1.046568e+02
1361	1.039611e+02
1362	1.033320e+02
1363	1.027865e+02
1364	1.023385e+02
1365	1.019251e+02
1366	1.016608e+02
1367	1.014589e+02
1368	1.015292e+02
1369	1.016169e+02
1370	1.018155e+02
1371	1.020750e+02
1372	1.024304e+02
1373	1.027950e+02
1374	1.032986e+02
1375	1.039402e+02
1376	1.046183e+02
1377	1.054337e+02
1378	1.062202e+02
1379	1.069583e+02
1380	1.076403e+02
1381	1.083032e+02
1382	1.089733e+02
1383	1.096494e+02
1384	1.101617e+02
1385	1.105866e+02
1386	1.109183e+02
1387	1.112538e+02
1388	1.115213e+02
1389	1.116736e+02
1390	1.117603e+02
1391	1.116875e+02
1392	1.115953e+02
1393	1.114128e+02
1394	1.112462e+02
1395	1.112002e+02
1396	1.111499e+02
1397	1.109809e+02
1398	1.108210e+02
1399	1.106731e+02
1400	1.104251e+02
1401	1.101718e+02
1402	1.099762e+02
1403	1.096552e+02
1404	1.092547e+02
1405	1.088300e+02
1406	1.084913e+02
1407	1.081821e+02
1408	1.079731e+02
1409	1.078214e+02
1410	1.077123e+02
1411	1.075632e+02
1412	1.075136e+02
1413	1.075253e+02
1414	1.075995e+02
1415	1.077968e+02
1416	1.079601e+02
1417	1.081979e+02
1418	1.084285e+02
1419	1.087934e+02
1420	1.091777e+02
1421	1.096356e+02
1422	1.100348e+02
1423	1.103686e+02
1424	1.106813e+02
1425	1.109616e+02
1426	1.110931e+02
1427	1.112333e+02
1428	1.113167e+02
1429	1.114609e+02
1430	1.115193e+02
1431	1.113564e+02
1432	1.111522e+02
1433	1.108244e+02
1434	1.104839e+02
1435	1.101556e+02
1436	1.095782e+02
1437	1.089131e+02
1438	1.081757e+02
1439	1.073070e+02
1440	1.063851e+02
1441	1.053991e+02
1442	1.043387e+02
1443	1.033075e+02
1444	1.023987e+02
1445	1.015770e+02
1446	1.007713e+02
1447	9.997653e+01
1448	9.929462e+01
1449	9.880072e+01
1450	9.854337e+01
1451	9.843071e+01
1452	9.861779e+01
1453	9.891784e+01
1454	9.940009e+01
1455	1.000866e+02
1456	1.008722e+02
1457	1.017207e+02
1458	1.027246e+02
1459	1.037570e+02
1460	1.047628e+02
1461	1.058517e+02
1462	1.069725e+02
1463	1.080658e+02
1464	1.091475e+02
1465	1.101706e+02
1466	1.111674e+02
1467	1.120102e+02
1468	1.127378e+02
1469	1.134204e+02
1470	1.140851e+02
1471	1.147671e+02
1472	1.152580e+02
1473	1.156697e+02
1474	1.160144e+02
1475	1.163027e+02
1476	1.164793e+02
1477	1.164589e+02
1478	1.162714e+02
1479	1.161366e+02
1480	1.159310e+02
1481	1.155049e+02
1482	1.148713e+02
1483	1.142489e+02
1484	1.135821e+02
1485	1.128728e+02
1486	1.122012e+02
1487	1.114332e+02
1488	1.105828e+02
1489	1.097857e+02
1490	1.090516e+02
1491	1.083738e+02
1492	1.078458e+02
1493	1.074228e+02
1494	1.070862e+02
1495	1.068887e+02
1496	1.066986e+02
1497	1.065612e+02
1498	1.064759e+02
1499	1.065288e+02
1500	1.066029e+02
1501	1.067609e+02
1502	1.069485e+02
1503	1.072162e+02
1504	1.076022e+02
1505	1.079882e+02
1506	1.083270e+02
1507	1.087690e+02
1508	1.091486e+02
1509	1.095566e+02
1510	1.099477e+02
1511	1.103106e+02
1512	1.107822e+02
1513	1.111600e+02
1514	1.115097e+02
1515	1.118789e+02
1516	1.122791e+02
1517	1.124990e+02
1518	1.124785e+02
1519	1.123063e+02
1520	1.121510e+02
1521	1.118006e+02
1522	1.113321e+02
1523	1.106780e+02
1524	1.099566e+02
1525	1.091877e+02
1526	1.084346e+02
1527	1.077110e+02
1528	1.070799e+02
1529	1.064157e+02
1530	1.058356e+02
1531	1.052731e+02
1532	1.049183e+02
1533	1.046150e+02
1534	1.044238e+02
1535	1.042614e+02
1536	1.041839e+02
1537	1.042137e+02
1538	1.043659e+02
1539	1.045808e+02
1540	1.048689e+02
1541	1.052371e+02
1542	1.055569e+02
1543	1.059330e+02
1544	1.064103e+02
1545	1.069261e+02
1546	1.076383e+02
1547	1.083078e+02
1548	1.090924e+02
1549	1.098925e+02
1550	1.106377e+02
1551	1.112189e+02
1552	1.117706e+02
1553	1.124327e+02
1554	1.131201e+02
1555	1.137449e+02
1556	1.142836e+02
1557	1.147537e+02
1558	1.151345e+02
1559	1.154670e+02
1560	1.158068e+02
1561	1.160533e+02
1562	1.161327e+02
1563	1.161452e+02
1564	1.160148e+02
1565	1.156703e+02
1566	1.151633e+02
1567	1.146794e+02
1568	1.141251e+02
1569	1.135852e+02
1570	1.130129e+02
1571	1.124839e+02
1572	1.118668e+02
1573	1.112555e+02
1574	1.106864e+02
1575	1.100807e+02
1576	1.094771e+02
1577	1.087583e+02
1578	1.080819e+02
1579	1.074014e+02
1580	1.068573e+02
1581	1.064093e+02
1582	1.058074e+02
1583	1.053051e+02
1584	1.048247e+02
1585	1.044061e+02
1586	1.041366e+02
1587	1.040410e+02
1588	1.040134e+02
1589	1.040151e+02
1590	1.042037e+02
1591	1.044951e+02
1592	1.047991e+02
1593	1.051431e+02
1594	1.055236e+02
1595	1.059154e+02
1596	1.062415e+02
1597	1.065032e+02
1598	1.067275e+02
1599	1.069489e+02
1600	1.071073e+02
1601	1.072105e+02
1602	1.073084e+02
1603	1.074679e+02
1604	1.076094e+02
1605	1.077341e+02
1606	1.078843e+02
1607	1.079424e+02
1608	1.079064e+02
1609	1.078558e+02
1610	1.077888e+02
1611	1.077088e+02
1612	1.074936e+02
1613	1.071542e+02
1614	1.069499e+02
1615	1.066698e+02
1616	1.063210e+02
1617	1.059608e+02
1618	1.056136e+02
1619	1.052461e+02
1620	1.048358e+02
1621	1.045400e+02
1622	1.042827e+02
1623	1.040938e+02
1624	1.040283e+02
1625	1.040396e+02
1626	1.040679e+02
1627	1.041798e+02
1628	1.042734e+02
1629	1.045312e+02
1630	1.048717e+02
1631	1.052564e+02
1632	1.056477e+02
1633	1.060422e+02
1634	1.062143e+02
1635	1.065193e+02
1636	1.069240e+02
1637	1.073557e+02
1638	1.077297e+02
1639	1.081697e+02
1640	1.084431e+02
1641	1.086770e+02
1642	1.089459e+02
1643	1.091181e+02
1644	1.093165e+02
1645	1.095111e+02
1646	1.096320e+02
1647	1.097817e+02
1648	1.098541e+02
1649	1.099335e+02
1650	1.100758e+02
1651	1.101503e+02
1652	1.101792e+02
1653	1.101317e+02
1654	1.099531e+02
1655	1.097469e+02
1656	1.095062e+02
1657	1.092026e+02
1658	1.089103e+02
1659	1.086348e+02
1660	1.083362e+02
1661	1.080189e+02
1662	1.076286e+02
1663	1.073064e+02
1664	1.069896e+02
1665	1.067468e+02
1666	1.064144e+02
1667	1.060411e+02
1668	1.056396e+02
1669	1.053014e+02
1670	1.051311e+02
1671	1.050913e+02
1672	1.049878e+02
1673	1.049884e+02
1674	1.050634e+02
1675	1.051452e+02
1676	1.053529e+02
1677	1.055307e+02
1678	1.058640e+02
1679	1.062944e+02
1680	1.066942e+02
1681	1.071345e+02
1682	1.076086e+02
1683	1.081507e+02
1684	1.086717e+02
1685	1.091675e+02
1686	1.096745e+02
1687	1.101440e+02
1688	1.106342e+02
1689	1.110269e+02
1690	1.114104e+02
1691	1.117537e+02
1692	1.120149e+02
1693	1.122092e+02
1694	1.124159e+02
1695	1.126025e+02
1696	1.126752e+02
1697	1.125651e+02
1698	1.123742e+02
1699	1.120643e+02
1700	1.117017e+02
1701	1.112823e+02
1702	1.107276e+02
1703	1.102178e+02
1704	1.096295e+02
1705	1.090523e+02
1706	1.084462e+02
1707	1.077746e+02
1708	1.070735e+02
1709	1.063755e+02
1710	1.056972e+02
1711	1.051135e+02
1712	1.046235e+02
1713	1.042699e+02
1714	1.041034e+02
1715	1.038399e+02
1716	1.037339e+02
1717	1.038084e+02
1718	1.039765e+02
1719	1.042279e+02
1720	1.045316e+02
1721	1.049076e+02
1722	1.053796e+02
1723	1.058594e+02
1724	1.064006e+02
1725	1.069693e+02
1726	1.075468e+02
1727	1.081423e+02
1728	1.086720e+02
1729	1.091885e+02
1730	1.096270e+02
1731	1.100438e+02
1732	1.104705e+02
1733	1.107348e+02
1734	1.108775e+02
1735	1.109415e+02
1736	1.109719e+02
1737	1.110162e+02
1738	1.110044e+02
1739	1.109224e+02
1740	1.109149e+02
1741	1.108363e+02
1742	1.106966e+02
1743	1.105055e+02
1744	1.103084e+02
1745	1.101692e+02
1746	1.099844e+02
1747	1.097447e+02
1748	1.094475e+02
1749	1.091201e+02
1750	1.087746e+02
1751	1.084703e+02
1752	1.082178e+02
1753	1.079055e+02
1754	1.075494e+02
1755	1.073355e+02
1756	1.072838e+02
1757	1.073344e+02
1758	1.073628e+02
1759	1.075135e+02
1760	1.078031e+02
1761	1.081136e+02
1762	1.084177e+02
1763	1.087102e+02
1764	1.089513e+02
1765	1.092308e+02
1766	1.095253e+02
1767	1.097414e+02
1768	1.099458e+02
1769	1.101256e+02
1770	1.102847e+02
1771	1.103926e+02
1772	1.105207e+02
1773	1.106478e+02
1774	1.106944e+02
1775	1.107729e+02
1776	1.106757e+02
1777	1.105242e+02
1778	1.103642e+02
1779	1.102553e+02
1780	1.101075e+02
1781	1.099417e+02
1782	1.097916e+02
1783	1.096868e+02
1784	1.094903e+02
1785	1.092556e+02
1786	1.091048e+02
1787	1.088876e+02
1788	1.086770e+02
1789	1.085208e+02
1790	1.083305e+02
1791	1.082330e+02
1792	1.081167e+02
1793	1.079042e+02
1794	1.076274e+02
1795	1.072757e+02
1796	1.068868e+02
1797	1.066852e+02
1798	1.066262e+02
1799	1.065557e+02
1800	1.064579e+02
1801	1.063857e+02
1802	1.062121e+02
1803	1.059909e+02
1804	1.057777e+02
1805	1.055620e+02
1806	1.054142e+02
1807	1.053325e+02
1808	1.053893e+02
1809	1.055776e+02
1810	1.058909e+02
1811	1.062562e+02
1812	1.067006e+02
1813	1.071566e+02
1814	1.077020e+02
1815	1.080850e+02
1816	1.084921e+02
1817	1.088548e+02
1818	1.091547e+02
1819	1.094700e+02
1820	1.095834e+02
1821	1.096390e+02
1822	1.095936e+02
1823	1.095628e+02
1824	1.095005e+02
1825	1.094612e+02
1826	1.094278e+02
1827	1.092844e+02
1828	1.089868e+02
1829	1.087872e+02
1830	1.085343e+02
1831	1.083917e+02
1832	1.083076e+02
1833	1.082283e+02
1834	1.081664e+02
1835	1.080888e+02
1836	1.080343e+02
1837	1.081627e+02
1838	1.083338e+02
1839	1.085012e+02
1840	1.086649e+02
1841	1.087826e+02
1842	1.089435e+02
1843	1.090691e+02
1844	1.091837e+02
1845	1.093579e+02
1846	1.094877e+02
1847	1.095931e+02
1848	1.096721e+02
1849	1.098371e+02
1850	1.099860e+02
1851	1.099968e+02
1852	1.099840e+02
1853	1.100567e+02
1854	1.100799e+02
1855	1.101018e+02
1856	1.100852e+02
1857	1.101274e+02
1858	1.101372e+02
1859	1.101371e+02
1860	1.101870e+02
1861	1.100903e+02
1862	1.099632e+02
1863	1.097535e+02
1864	1.095457e+02
1865	1.092543e+02
1866	1.088175e+02
1867	1.083719e+02
1868	1.079008e+02
1869	1.074157e+02
1870	1.070160e+02
1871	1.067042e+02
1872	1.064535e+02
1873	1.062258e+02
1874	1.059647e+02
1875	1.057405e+02
1876	1.056480e+02
1877	1.056942e+02
1878	1.058244e+02
1879	1.059754e+02
1880	1.062588e+02
1881	1.065792e+02
1882	1.069510e+02
1883	1.074123e+02
1884	1.079459e+02
1885	1.085402e+02
1886	1.092271e+02
1887	1.098861e+02
1888	1.104851e+02
1889	1.109835e+02
1890	1.113787e+02
1891	1.116871e+02
1892	1.118881e+02
1893	1.120078e+02
1894	1.120956e+02
1895	1.120434e+02
1896	1.118980e+02
1897	1.116557e+02
1898	1.114070e+02
1899	1.110746e+02
1900	1.107855e+02
1901	1.104125e+02
1902	1.099646e+02
1903	1.095546e+02
1904	1.091050e+02
1905	1.087977e+02
1906	1.084596e+02
1907	1.081483e+02
1908	1.077573e+02
1909	1.074235e+02
1910	1.072371e+02
1911	1.072740e+02
1912	1.074294e+02
1913	1.076653e+02
1914	1.079810e+02
1915	1.083309e+02
1916	1.087267e+02
1917	1.091639e+02
1918	1.095587e+02
1919	1.098869e+02
1920	1.100891e+02
1921	1.102596e+02
1922	1.104720e+02
1923	1.105771e+02
1924	1.106545e+02
1925	1.106338e+02
1926	1.105609e+02
1927	1.105306e+02
1928	1.104362e+02
1929	1.101189e+02
1930	1.098016e+02
1931	1.095317e+02
1932	1.091575e+02
1933	1.088540e+02
1934	1.085742e+02
1935	1.082747e+02
1936	1.079943e+02
1937	1.077565e+02
1938	1.075593e+02
1939	1.073921e+02
1940	1.072454e+02
1941	1.070532e+02
1942	1.068613e+02
1943	1.068319e+02
1944	1.068556e+02
1945	1.067821e+02
1946	1.067887e+02
1947	1.067602e+02
1948	1.067023e+02
1949	1.066078e+02
1950	1.067041e+02
1951	1.069446e+02
1952	1.071445e+02
1953	1.074211e+02
1954	1.076897e+02
1955	1.080981e+02
1956	1.086060e+02
1957	1.092723e+02
1958	1.100338e+02
1959	1.106798e+02
1960	1.113270e+02
1961	1.119838e+02
1962	1.125866e+02
1963	1.131762e+02
1964	1.137232e+02
1965	1.142447e+02
1966	1.146236e+02
1967	1.148831e+02
1968	1.151071e+02
1969	1.152754e+02
1970	1.153312e+02
1971	1.152905e+02
1972	1.152047e+02
1973	1.149882e+02
1974	1.146191e+02
1975	1.141540e+02
1976	1.135653e+02
1977	1.129466e+02
1978	1.121590e+02
1979	1.111897e+02
1980	1.100805e+02
1981	1.088505e+02
1982	1.075734e+02
1983	1.061862e+02
1984	1.047088e+02
1985	1.032926e+02
1986	1.019005e+02
1987	1.006420e+02
1988	9.945841e+01
1989	9.842999e+01
1990	9.766316e+01
1991	9.713733e+01
1992	9.678992e+01
1993	9.650054e+01
1994	9.630152e+01
1995	9.635081e+01
1996	9.661193e+01
1997	9.709439e+01
1998	9.769611e+01
1999	9.845342e+01
2000	9.940799e+01
2001	1.004562e+02
2002	1.015406e+02
2003	1.026636e+02
2004	1.037913e+02
2005	1.050043e+02
2006	1.062209e+02
2007	1.073903e+02
2008	1.085183e+02
2009	1.096890e+02
2010	1.108479e+02
2011	1.120306e+02
2012	1.131017e+02
2013	1.141513e+02
2014	1.150935e+02
2015	1.158865e+02
2016	1.165971e+02
2017	1.170623e+02
2018	1.174558e+02
2019	1.175479e+02
2020	1.174929e+02
2021	1.173113e+02
2022	1.168618e+02
2023	1.160864e+02
2024	1.151215e+02
2025	1.139383e+02
2026	1.126774e+02
2027	1.113886e+02
2028	1.100278e+02
2029	1.086866e+02
2030	1.073554e+02
2031	1.060496e+02
2032	1.046718e+02
2033	1.034533e+02
2034	1.024042e+02
2035	1.015963e+02
2036	1.009339e+02
2037	1.003056e+02
2038	9.976371e+01
2039	9.931554e+01
2040	9.895935e+01
2041	9.879232e+01
2042	9.874077e+01
2043	9.887060e+01
2044	9.924640e+01
2045	9.973141e+01
2046	1.003288e+02
2047	1.010401e+02
2048	1.018454e+02
2049	1.027979e+02
2050	1.037910e+02
2051	1.047366e+02
2052	1.057724e+02
2053	1.068115e+02
2054	1.078158e+02
2055	1.088266e+02
2056	1.097617e+02
2057	1.106425e+02
2058	1.114972e+02
2059	1.122745e+02
2060	1.130367e+02
2061	1.138004e+02
2062	1.144734e+02
2063	1.150383e+02
2064	1.154448e+02
2065	1.157376e+02
2066	1.160153e+02
2067	1.161691e+02
2068	1.163232e+02
2069	1.164345e+02
2070	1.164337e+02
2071	1.162429e+02
2072	1.159224e+02
2073	1.155141e+02
2074	1.148877e+02
2075	1.141578e+02
2076	1.133601e+02
2077	1.124858e+02
2078	1.115324e+02
2079	1.104830e+02
2080	1.094960e+02
2081	1.085808e+02
2082	1.075947e+02
2083	1.065180e+02
2084	1.054169e+02
2085	1.043090e+02
2086	1.032874e+02
2087	1.023484e+02
2088	1.015136e+02
2089	1.006719e+02
2090	9.999496e+01
2091	9.942768e+01
2092	9.898226e+01
2093	9.871876e+01
2094	9.862331e+01
2095	9.875219e+01
2096	9.896115e+01
2097	9.925102e+01
2098	9.970410e+01
2099	1.002360e+02
2100	1.008847e+02
2101	1.017030e+02
2102	1.025004e+02
2103	1.034128e+02
2104	1.044191e+02
2105	1.055438e+02
2106	1.067593e+02
2107	1.079741e+02
2108	1.092182e+02
2109	1.104808e+02
2110	1.117616e+02
2111	1.130505e+02
2112	1.142882e+02
2113	1.154395e+02
2114	1.164065e+02
2115	1.171812e+02
2116	1.178847e+02
2117	1.185958e+02
2118	1.190433e+02
2119	1.192288e+02
2120	1.192688e+02
2121	1.191385e+02
2122	1.188580e+02
2123	1.183727e+02
2124	1.177176e+02
2125	1.169270e+02
2126	1.160548e+02
2127	1.152277e+02
2128	1.142446e+02
2129	1.130885e+02
2130	1.119693e+02
2131	1.107783e+02
2132	1.097169e+02
2133	1.085860e+02
2134	1.074597e+02
2135	1.065422e+02
2136	1.057355e+02
2137	1.050967e+02
2138	1.044729e+02
2139	1.039798e+02
2140	1.035692e+02
2141	1.032026e+02
2142	1.029299e+02
2143	1.027398e+02
2144	1.026630e+02
2145	1.027892e+02
2146	1.030105e+02
2147	1.033080e+02
2148	1.036504e+02
2149	1.040377e+02
2150	1.045374e+02
2151	1.050640e+02
2152	1.056718e+02
2153	1.063117e+02
2154	1.070245e+02
2155	1.078414e+02
2156	1.086164e+02
2157	1.094287e+02
2158	1.102004e+02
2159	1.109569e+02
2160	1.116529e+02
2161	1.124007e+02
2162	1.131230e+02
2163	1.136692e+02
2164	1.140568e+02
2165	1.144194e+02
2166	1.148435e+02
2167	1.151582e+02
2168	1.153194e+02
2169	1.153899e+02
2170	1.153664e+02
2171	1.152735e+02
2172	1.150498e+02
2173	1.147403e+02
2174	1.142570e+02
2175	1.137453e+02
2176	1.132400e+02
2177	1.126738e+02
2178	1.119509e+02
2179	1.111397e+02
2180	1.102556e+02
2181	1.093303e+02
2182	1.083589e+02
2183	1.073337e+02
2184	1.062737e+02
2185	1.053985e+02
2186	1.046283e+02
2187	1.038535e+02
2188	1.031597e+02
2189	1.026514e+02
2190	1.021891e+02
2191	1.017980e+02
2192	1.016083e+02
2193	1.015910e+02
2194	1.016341e+02
2195	1.016905e+02
2196	1.018396e+02
2197	1.019875e+02
2198	1.021725e+02
2199	1.024757e+02
2200	1.027272e+02
2201	1.031612e+02
2202	1.036694e+02
2203	1.042202e+02
2204	1.047644e+02
2205	1.054357e+02
2206	1.061232e+02
2207	1.067676e+02
2208	1.074478e+02
2209	1.081899e+02
2210	1.089767e+02
2211	1.096353e+02
2212	1.101768e+02
2213	1.107029e+02
2214	1.111674e+02
2215	1.115432e+02
2216	1.117671e+02
2217	1.118417e+02
2218	1.118740e+02
2219	1.117729e+02
2220	1.115937e+02
2221	1.112476e+02
2222	1.108973e+02
2223	1.106444e+02
2224	1.103032e+02
2225	1.099121e+02
2226	1.096228e+02
2227	1.092970e+02
2228	1.090496e+02
2229	1.086427e+02
2230	1.082267e+02
2231	1.078186e+02
2232	1.074236e+02
2233	1.070940e+02
2234	1.067102e+02
2235	1.062847e+02
2236	1.058566e+02
2237	1.054480e+02
2238	1.051283e+02
2239	1.047769e+02
2240	1.043954e+02
2241	1.040802e+02
2242	1.038116e+02
2243	1.036637e+02
2244	1.035742e+02
2245	1.035477e+02
2246	1.035406e+02
2247	1.035822e+02
2248	1.036147e+02
2249	1.036428e+02
2250	1.036684e+02
2251	1.037955e+02
2252	1.039819e+02
2253	1.040975e+02
2254	1.041811e+02
2255	1.042297e+02
2256	1.044073e+02
2257	1.047197e+02
2258	1.050174e+02
2259	1.054411e+02
2260	1.058641e+02
2261	1.062304e+02
2262	1.066220e+02
2263	1.070723e+02
2264	1.075177e+02
2265	1.078390e+02
2266	1.080084e+02
2267	1.081121e+02
2268	1.081157e+02
2269	1.081916e+02
2270	1.080926e+02
2271	1.078759e+02
2272	1.076118e+02
2273	1.074076e+02
2274	1.071666e+02
2275	1.069254e+02
2276	1.067919e+02
2277	1.066788e+02
2278	1.065693e+02
2279	1.063398e+02
2280	1.062631e+02
2281	1.063504e+02
2282	1.064802e+02
2283	1.066536e+02
2284	1.067609e+02
2285	1.068236e+02
2286	1.069165e+02
2287	1.070181e+02
2288	1.069969e+02
2289	1.069013e+02
2290	1.068898e+02
2291	1.069125e+02
2292	1.068291e+02
2293	1.066892e+02
2294	1.066058e+02
2295	1.065815e+02
2296	1.066586e+02
2297	1.067492e+02
2298	1.069360e+02
2299	1.072248e+02
2300	1.074402e+02
2301	1.076584e+02
2302	1.078590e+02
2303	1.080229e+02
2304	1.081542e+02
2305	1.083012e+02
2306	1.084446e+02
2307	1.086241e+02
2308	1.086918e+02
2309	1.087337e+02
2310	1.087647e+02
2311	1.088086e+02
2312	1.087495e+02
2313	1.086641e+02
2314	1.086055e+02
2315	1.084738e+02
2316	1.083833e+02
2317	1.082722e+02
2318	1.081845e+02
2319	1.080995e+02
2320	1.080025e+02
2321	1.077816e+02
2322	1.075410e+02
2323	1.073795e+02
2324	1.072211e+02
2325	1.071473e+02
2326	1.071881e+02
2327	1.073594e+02
2328	1.076398e+02
2329	1.080045e+02
2330	1.083474e+02
2331	1.087247e+02
2332	1.089874e+02
2333	1.092682e+02
2334	1.095424e+02
2335	1.097624e+02
2336	1.100854e+02
2337	1.104194e+02
2338	1.107098e+02
2339	1.109123e+02
2340	1.111014e+02
2341	1.112324e+02
2342	1.113655e+02
2343	1.115619e+02
2344	1.115488e+02
2345	1.115310e+02
2346	1.116075e+02
2347	1.117261e+02
2348	1.118493e+02
2349	1.120747e+02
2350	1.122406e+02
2351	1.124271e+02
2352	1.125142e+02
2353	1.125757e+02
2354	1.125003e+02
2355	1.123128e+02
2356	1.121273e+02
2357	1.118631e+02
2358	1.116451e+02
2359	1.113091e+02
2360	1.109319e+02
2361	1.104906e+02
2362	1.100609e+02
2363	1.096466e+02
2364	1.091769e+02
2365	1.086428e+02
2366	1.081129e+02
2367	1.075880e+02
2368	1.069701e+02
2369	1.063033e+02
2370	1.055800e+02
2371	1.047978e+02
2372	1.040607e+02
2373	1.034818e+02
2374	1.030555e+02
2375	1.027205e+02
2376	1.024709e+02
2377	1.022845e+02
2378	1.022414e+02
2379	1.022870e+02
2380	1.023766e+02
2381	1.024967e+02
2382	1.027581e+02
2383	1.029616e+02
2384	1.032683e+02
2385	1.036450e+02
2386	1.041939e+02
2387	1.049010e+02
2388	1.056474e+02
2389	1.064517e+02
2390	1.073092e+02
2391	1.081951e+02
2392	1.091480e+02
2393	1.102493e+02
2394	1.113212e+02
2395	1.122730e+02
2396	1.130836e+02
2397	1.138091e+02
2398	1.144530e+02
2399	1.149797e+02
2400	1.153620e+02
2401	1.155316e+02
2402	1.154386e+02
2403	1.152211e+02
2404	1.148510e+02
2405	1.145137e+02
2406	1.140813e+02
2407	1.135719e+02
2408	1.129524e+02
2409	1.122247e+02
2410	1.114344e+02
2411	1.105975e+02
2412	1.096400e+02
2413	1.086789e+02
2414	1.076517e+02
2415	1.066134e+02
2416	1.055226e+02
2417	1.044937e+02
2418	1.034926e+02
2419	1.024931e+02
2420	1.015857e+02
2421	1.008012e+02
2422	1.001615e+02
2423	9.955315e+01
2424	9.915794e+01
2425	9.892715e+01
2426	9.882962e+01
2427	9.886185e+01
2428	9.908654e+01
2429	9.952034e+01
2430	1.000215e+02
2431	1.008068e+02
2432	1.017709e+02
2433	1.028576e+02
2434	1.039965e+02
2435	1.051426e+02
2436	1.063482e+02
2437	1.076440e+02
2438	1.089879e+02
2439	1.103583e+02
2440	1.117047e+02
2441	1.131119e+02
2442	1.144187e+02
2443	1.155244e+02
2444	1.165215e+02
2445	1.174440e+02
2446	1.181723e+02
2447	1.186808e+02
2448	1.190340e+02
2449	1.191784e+02
2450	1.191381e+02
2451	1.189907e+02
2452	1.187041e+02
2453	1.181661e+02
2454	1.175033e+02
2455	1.167155e+02
2456	1.157191e+02
2457	1.146260e+02
2458	1.134088e+02
2459	1.121279e+02
2460	1.107636e+02
2461	1.094018e+02
2462	1.080096e+02
2463	1.066616e+02
2464	1.053062e+02
2465	1.039565e+02
2466	1.026133e+02
2467	1.014487e+02
2468	1.004171e+02
2469	9.949188e+01
2470	9.880556e+01
2471	9.825661e+01
2472	9.788822e+01
2473	9.770085e+01
2474	9.768772e+01
2475	9.792465e+01
2476	9.844767e+01
2477	9.926576e+01
2478	1.002151e+02
2479	1.011810e+02
2480	1.023814e+02
2481	1.037403e+02
2482	1.053020e+02
2483	1.069589e+02
2484	1.086208e+02
2485	1.104373e+02
2486	1.122241e+02
2487	1.138920e+02
2488	1.156566e+02
2489	1.173164e+02
2490	1.188448e+02
2491	1.201214e+02
2492	1.212127e+02
2493	1.221339e+02
2494	1.227539e+02
2495	1.231876e+02
2496	1.233519e+02
2497	1.232854e+02
2498	1.230291e+02
2499	1.225837e+02
2500	1.219328e+02
2501	1.210042e+02
2502	1.198365e+02
2503	1.184488e+02
2504	1.169251e+02
2505	1.152206e+02
2506	1.134709e+02
2507	1.115911e+02
2508	1.097531e+02
2509	1.078990e+02
2510	1.060498e+02
2511	1.042015e+02
2512	1.023136e+02
2513	1.004771e+02
2514	9.874091e+01
2515	9.715214e+01
2516	9.562565e+01
2517	9.432985e+01
2518	9.334774e+01
2519	9.265831e+01
2520	9.215358e+01
2521	9.181027e+01
2522	9.180357e+01
2523	9.212636e+01
2524	9.270740e+01
2525	9.356267e+01
2526	9.482717e+01
2527	9.629800e+01
2528	9.792516e+01
2529	9.968600e+01
2530	1.015093e+02
2531	1.033119e+02
2532	1.051707e+02
2533	1.070204e+02
2534	1.088611e+02
2535	1.106558e+02
2536	1.124082e+02
2537	1.142471e+02
2538	1.160236e+02
2539	1.176305e+02
2540	1.190356e+02
2541	1.202737e+02
2542	1.212552e+02
2543	1.221130e+02
2544	1.228057e+02
2545	1.233299e+02
2546	1.235398e+02
2547	1.234540e+02
2548	1.231381e+02
2549	1.225414e+02
2550	1.216886e+02
2551	1.205964e+02
2552	1.192235e+02
2553	1.176280e+02
2554	1.159262e+02
2555	1.141395e+02
2556	1.122650e+02
2557	1.102986e+02
2558	1.084366e+02
2559	1.066670e+02
2560	1.049255e+02
2561	1.032745e+02
2562	1.017072e+02
2563	1.003361e+02
2564	9.901585e+01
2565	9.777936e+01
2566	9.664651e+01
2567	9.555867e+01
2568	9.468384e+01
2569	9.394845e+01
2570	9.344504e+01
2571	9.316593e+01
2572	9.304777e+01
2573	9.308969e+01
2574	9.332604e+01
2575	9.382300e+01
2576	9.455437e+01
2577	9.548346e+01
2578	9.654217e+01
2579	9.768450e+01
2580	9.898455e+01
2581	1.003034e+02
2582	1.015733e+02
2583	1.029506e+02
2584	1.043426e+02
2585	1.058417e+02
2586	1.072959e+02
2587	1.087899e+02
2588	1.101969e+02
2589	1.115375e+02
2590	1.128149e+02
2591	1.139404e+02
2592	1.149511e+02
2593	1.157057e+02
2594	1.162348e+02
2595	1.165392e+02
2596	1.166841e+02
2597	1.166100e+02
2598	1.163839e+02
2599	1.158705e+02
2600	1.152564e+02
2601	1.143763e+02
2602	1.133424e+02
2603	1.122517e+02
2604	1.110328e+02
2605	1.097534e+02
2606	1.086249e+02
2607	1.074953e+02
2608	1.063891e+02
2609	1.052640e+02
2610	1.042962e+02
2611	1.034136e+02
2612	1.025668e+02
2613	1.018258e+02
2614	1.011392e+02
2615	1.005993e+02
2616	1.001612e+02
2617	9.982809e+01
2618	9.940567e+01
2619	9.903629e+01
2620	9.886809e+01
2621	9.883552e+01
2622	9.890975e+01
2623	9.907380e+01
2624	9.926237e+01
2625	9.943822e+01
2626	9.981542e+01
2627	1.003605e+02
2628	1.011253e+02
2629	1.019432e+02
2630	1.029485e+02
2631	1.041152e+02
2632	1.053837e+02
2633	1.067295e+02
2634	1.080512e+02
2635	1.093425e+02
2636	1.105317e+02
2637	1.116535e+02
2638	1.126975e+02
2639	1.135886e+02
2640	1.142559e+02
2641	1.146444e+02
2642	1.147999e+02
2643	1.147623e+02
2644	1.145046e+02
2645	1.140169e+02
2646	1.134759e+02
2647	1.128116e+02
2648	1.121673e+02
2649	1.114953e+02
2650	1.109113e+02
2651	1.102526e+02
2652	1.096167e+02
2653	1.089174e+02
2654	1.082403e+02
2655	1.075224e+02
2656	1.068031e+02
2657	1.061394e+02
2658	1.054892e+02
2659	1.049532e+02
2660	1.044953e+02
2661	1.041254e+02
2662	1.037662e+02
2663	1.034965e+02
2664	1.031279e+02
2665	1.028567e+02
2666	1.026854e+02
2667	1.025939e+02
2668	1.026525e+02
2669	1.028245e+02
2670	1.030039e+02
2671	1.032879e+02
2672	1.036469e+02
2673	1.041159e+02
2674	1.046603e+02
2675	1.053269e+02
2676	1.060733e+02
2677	1.068550e+02
2678	1.077560e+02
2679	1.084999e+02
2680	1.092104e+02
2681	1.099105e+02
2682	1.105730e+02
2683	1.112405e+02
2684	1.119142e+02
2685	1.123701e+02
2686	1.127375e+02
2687	1.130215e+02
2688	1.131305e+02
2689	1.131574e+02
2690	1.132049e+02
2691	1.131649e+02
2692	1.129630e+02
2693	1.128051e+02
2694	1.125375e+02
2695	1.121553e+02
2696	1.116807e+02
2697	1.111688e+02
2698	1.106442e+02
2699	1.098806e+02
2700	1.091199e+02
2701	1.083103e+02
2702	1.074701e+02
2703	1.065846e+02
2704	1.056285e+02
2705	1.046836e+02
2706	1.037894e+02
2707	1.028528e+02
2708	1.020783e+02
2709	1.014037e+02
2710	1.007626e+02
2711	1.002745e+02
2712	9.995408e+01
2713	9.987659e+01
2714	9.999696e+01
2715	1.003109e+02
2716	1.008280e+02
2717	1.015215e+02
2718	1.021947e+02
2719	1.031365e+02
2720	1.041566e+02
2721	1.053402e+02
2722	1.065594e+02
2723	1.078038e+02
2724	1.090529e+02
2725	1.101942e+02
2726	1.111645e+02
2727	1.120696e+02
2728	1.129808e+02
2729	1.137201e+02
2730	1.144218e+02
2731	1.150236e+02
2732	1.156138e+02
2733	1.160848e+02
2734	1.162652e+02
2735	1.163568e+02
2736	1.162776e+02
2737	1.161202e+02
2738	1.159234e+02
2739	1.155047e+02
2740	1.150559e+02
2741	1.145754e+02
2742	1.139736e+02
2743	1.133580e+02
2744	1.126074e+02
2745	1.118277e+02
2746	1.109023e+02
2747	1.099675e+02
2748	1.090464e+02
2749	1.080913e+02
2750	1.070853e+02
2751	1.061380e+02
2752	1.053295e+02
2753	1.045725e+02
2754	1.039611e+02
2755	1.034432e+02
2756	1.030396e+02
2757	1.027788e+02
2758	1.025818e+02
2759	1.025279e+02
2760	1.026867e+02
2761	1.030693e+02
2762	1.035417e+02
2763	1.041674e+02
2764	1.049153e+02
2765	1.057306e+02
2766	1.066676e+02
2767	1.076020e+02
2768	1.085726e+02
2769	1.095701e+02
2770	1.105008e+02
2771	1.114318e+02
2772	1.123519e+02
2773	1.133130e+02
2774	1.142480e+02
2775	1.150293e+02
2776	1.156987e+02
2777	1.162867e+02
2778	1.167594e+02
2779	1.171417e+02
2780	1.174308e+02
2781	1.175712e+02
2782	1.175699e+02
2783	1.174811e+02
2784	1.172760e+02
2785	1.170319e+02
2786	1.166995e+02
2787	1.162682e+02
2788	1.156267e+02
2789	1.149079e+02
2790	1.140388e+02
2791	1.130024e+02
2792	1.118205e+02
2793	1.103741e+02
2794	1.089416e+02
2795	1.076144e+02
2796	1.062787e+02
2797	1.049986e+02
2798	1.037418e+02
2799	1.025297e+02
2800	1.014187e+02
2801	1.004577e+02
2802	9.972107e+01
2803	9.913804e+01
2804	9.865180e+01
2805	9.837143e+01
2806	9.825064e+01
2807	9.832230e+01
2808	9.860414e+01
2809	9.900708e+01
2810	9.952003e+01
2811	1.002277e+02
2812	1.010192e+02
2813	1.017659e+02
2814	1.025597e+02
2815	1.034990e+02
2816	1.044369e+02
2817	1.055252e+02
2818	1.066517e+02
2819	1.078156e+02
2820	1.090343e+02
2821	1.102534e+02
2822	1.115002e+02
2823	1.128556e+02
2824	1.140304e+02
2825	1.151164e+02
2826	1.160958e+02
2827	1.169373e+02
2828	1.176415e+02
2829	1.180978e+02
2830	1.183094e+02
2831	1.182655e+02
2832	1.181766e+02
2833	1.179633e+02
2834	1.174963e+02
2835	1.168939e+02
2836	1.160411e+02
2837	1.150017e+02
2838	1.139500e+02
2839	1.127684e+02
2840	1.114765e+02
2841	1.101557e+02
2842	1.088823e+02
2843	1.075096e+02
2844	1.062712e+02
2845	1.052277e+02
2846	1.044253e+02
2847	1.036624e+02
2848	1.030952e+02
2849	1.026265e+02
2850	1.023688e+02
2851	1.021705e+02
2852	1.020028e+02
2853	1.019306e+02
2854	1.018808e+02
2855	1.019692e+02
2856	1.022372e+02
2857	1.025484e+02
2858	1.030341e+02
2859	1.034823e+02
2860	1.039164e+02
2861	1.043446e+02
2862	1.048159e+02
2863	1.052709e+02
2864	1.058271e+02
2865	1.064759e+02
2866	1.071996e+02
2867	1.078459e+02
2868	1.086092e+02
2869	1.094003e+02
2870	1.103151e+02
2871	1.111731e+02
2872	1.120453e+02
2873	1.128396e+02
2874	1.135820e+02
2875	1.142271e+02
2876	1.147484e+02
2877	1.150992e+02
2878	1.153572e+02
2879	1.155245e+02
2880	1.155601e+02
2881	1.154808e+02
2882	1.152581e+02
2883	1.149607e+02
2884	1.145403e+02
2885	1.139375e+02
2886	1.132219e+02
2887	1.123640e+02
2888	1.113578e+02
2889	1.102265e+02
2890	1.089915e+02
2891	1.077528e+02
2892	1.065034e+02
2893	1.052466e+02
2894	1.041436e+02
2895	1.031072e+02
2896	1.020924e+02
2897	1.010497e+02
2898	1.000171e+02
2899	9.899870e+01
2900	9.806271e+01
2901	9.737978e+01
2902	9.694421e+01
2903	9.671396e+01
2904	9.653657e+01
2905	9.649032e+01
2906	9.661122e+01
2907	9.690456e+01
2908	9.734694e+01
2909	9.769891e+01
2910	9.813856e+01
2911	9.870163e+01
2912	9.947299e+01
2913	1.004855e+02
2914	1.016149e+02
2915	1.028369e+02
2916	1.040801e+02
2917	1.053703e+02
2918	1.067001e+02
2919	1.080473e+02
2920	1.093040e+02
2921	1.104655e+02
2922	1.115170e+02
2923	1.123568e+02
2924	1.129080e+02
2925	1.134467e+02
2926	1.138147e+02
2927	1.140809e+02
2928	1.141351e+02
2929	1.141171e+02
2930	1.138881e+02
2931	1.134515e+02
2932	1.129829e+02
2933	1.124380e+02
2934	1.119100e+02
2935	1.112181e+02
2936	1.104164e+02
2937	1.094930e+02
2938	1.085639e+02
2939	1.076345e+02
2940	1.065458e+02
2941	1.053559e+02
2942	1.041001e+02
2943	1.029342e+02
2944	1.019393e+02
2945	1.010196e+02
2946	1.001505e+02
2947	9.929556e+01
2948	9.852715e+01
2949	9.795054e+01
2950	9.745966e+01
2951	9.713772e+01
2952	9.693903e+01
2953	9.699100e+01
2954	9.720134e+01
2955	9.756961e+01
2956	9.816088e+01
2957	9.880687e+01
2958	9.952080e+01
2959	1.003844e+02
2960	1.012524e+02
2961	1.022502e+02
2962	1.032383e+02
2963	1.042510e+02
2964	1.052118e+02
2965	1.061753e+02
2966	1.070982e+02
2967	1.079648e+02
2968	1.087251e+02
2969	1.095596e+02
2970	1.102362e+02
2971	1.108738e+02
2972	1.115650e+02
2973	1.121580e+02
2974	1.126613e+02
2975	1.130668e+02
2976	1.133991e+02
2977	1.135684e+02
2978	1.136506e+02
2979	1.135676e+02
2980	1.133542e+02
2981	1.131069e+02
2982	1.127385e+02
2983	1.122276e+02
2984	1.116387e+02
2985	1.109766e+02
2986	1.101294e+02
2987	1.091473e+02
2988	1.081908e+02
2989	1.071125e+02
2990	1.062196e+02
2991	1.052312e+02
2992	1.042148e+02
2993	1.031977e+02
2994	1.023156e+02
2995	1.014708e+02
2996	1.006680e+02
2997	9.994967e+01
2998	9.924583e+01
2999	9.876247e+01
3000	9.831067e+01
3001	9.803403e+01
3002	9.798095e+01
3003	9.808780e+01
3004	9.848795e+01
3005	9.915856e+01
3006	1.000779e+02
3007	1.011415e+02
3008	1.022308e+02
3009	1.033734e+02
3010	1.044675e+02
3011	1.055044e+02
3012	1.066252e+02
3013	1.077644e+02
3014	1.088459e+02
3015	1.099754e+02
3016	1.112837e+02
3017	1.125790e+02
3018	1.138264e+02
3019	1.150190e+02
3020	1.161462e+02
3021	1.171752e+02
3022	1.180457e+02
3023	1.188134e+02
3024	1.194656e+02
3025	1.198899e+02
3026	1.200772e+02
3027	1.200481e+02
3028	1.198188e+02
3029	1.193983e+02
3030	1.188666e+02
3031	1.180184e+02
3032	1.169043e+02
3033	1.156787e+02
3034	1.144094e+02
3035	1.130064e+02
3036	1.116704e+02
3037	1.103915e+02
3038	1.091307e+02
3039	1.079796e+02
3040	1.067437e+02
3041	1.056102e+02
3042	1.046570e+02
3043	1.038556e+02
3044	1.031960e+02
3045	1.026379e+02
3046	1.021822e+02
3047	1.017807e+02
3048	1.015799e+02
3049	1.014525e+02
3050	1.015143e+02
3051	1.016601e+02
3052	1.018397e+02
3053	1.021659e+02
3054	1.026687e+02
3055	1.032247e+02
3056	1.038602e+02
3057	1.045075e+02
3058	1.050931e+02
3059	1.056856e+02
3060	1.062574e+02
3061	1.069242e+02
3062	1.076521e+02
3063	1.082864e+02
3064	1.088413e+02
3065	1.094600e+02
3066	1.100618e+02
3067	1.106220e+02
3068	1.111530e+02
3069	1.117074e+02
3070	1.121820e+02
3071	1.125843e+02
3072	1.130363e+02
3073	1.133704e+02
3074	1.137036e+02
3075	1.140740e+02
3076	1.143711e+02
3077	1.146290e+02
3078	1.148692e+02
3079	1.150036e+02
3080	1.149771e+02
3081	1.148101e+02
3082	1.145546e+02
3083	1.142284e+02
3084	1.139155e+02
3085	1.134527e+02
3086	1.129814e+02
3087	1.126005e+02
3088	1.122142e+02
3089	1.117435e+02
3090	1.112715e+02
3091	1.107588e+02
3092	1.102147e+02
3093	1.096974e+02
3094	1.090280e+02
3095	1.082696e+02
3096	1.074242e+02
3097	1.065575e+02
3098	1.056523e+02
3099	1.048522e+02
3100	1.040343e+02
3101	1.034687e+02
3102	1.029448e+02
3103	1.026126e+02
3104	1.023856e+02
3105	1.024003e+02
3106	1.025297e+02
3107	1.026375e+02
3108	1.029107e+02
3109	1.033959e+02
3110	1.040456e+02
3111	1.048419e+02
3112	1.056506e+02
3113	1.065941e+02
3114	1.076505e+02
3115	1.086953e+02
3116	1.096602e+02
3117	1.105212e+02
3118	1.113923e+02
3119	1.122267e+02
3120	1.129671e+02
3121	1.135505e+02
3122	1.140081e+02
3123	1.143683e+02
3124	1.146512e+02
3125	1.148565e+02
3126	1.149944e+02
3127	1.149499e+02
3128	1.148824e+02
3129	1.147630e+02
3130	1.145752e+02
3131	1.144081e+02
3132	1.140479e+02
3133	1.136363e+02
3134	1.130990e+02
3135	1.124025e+02
3136	1.116291e+02
3137	1.108499e+02
3138	1.099698e+02
3139	1.090389e+02
3140	1.081568e+02
3141	1.073144e+02
3142	1.065131e+02
3143	1.055869e+02
3144	1.047646e+02
3145	1.039778e+02
3146	1.033166e+02
3147	1.026426e+02
3148	1.021464e+02
3149	1.016774e+02
3150	1.012631e+02
3151	1.009466e+02
3152	1.006882e+02
3153	1.005789e+02
3154	1.006672e+02
3155	1.008889e+02
3156	1.012374e+02
3157	1.017220e+02
3158	1.023856e+02
3159	1.031336e+02
3160	1.039978e+02
3161	1.048620e+02
3162	1.056631e+02
3163	1.065482e+02
3164	1.073926e+02
3165	1.082489e+02
3166	1.091099e+02
3167	1.100879e+02
3168	1.111323e+02
3169	1.120914e+02
3170	1.131013e+02
3171	1.140630e+02
3172	1.149896e+02
3173	1.159341e+02
3174	1.167691e+02
3175	1.175657e+02
3176	1.182412e+02
3177	1.189270e+02
3178	1.194406e+02
3179	1.198707e+02
3180	1.201895e+02
3181	1.203572e+02
3182	1.203995e+02
3183	1.203050e+02
3184	1.200251e+02
3185	1.195111e+02
3186	1.188455e+02
3187	1.180380e+02
3188	1.171501e+02
3189	1.160693e+02
3190	1.147995e+02
3191	1.133916e+02
3192	1.119952e+02
3193	1.105302e+02
3194	1.089700e+02
3195	1.074906e+02
3196	1.061549e+02
3197	1.048903e+02
3198	1.036584e+02
3199	1.025136e+02
3200	1.015484e+02
3201	1.007298e+02
3202	1.000975e+02
3203	9.945468e+01
3204	9.890055e+01
3205	9.845713e+01
3206	9.818601e+01
3207	9.794185e+01
3208	9.786108e+01
3209	9.796471e+01
3210	9.824384e+01
3211	9.866210e+01
3212	9.921714e+01
3213	9.991803e+01
3214	1.007727e+02
3215	1.017039e+02
3216	1.026892e+02
3217	1.037587e+02
3218	1.048760e+02
3219	1.060367e+02
3220	1.072088e+02
3221	1.084025e+02
3222	1.096465e+02
3223	1.108586e+02
3224	1.121279e+02
3225	1.133438e+02
3226	1.145448e+02
3227	1.155358e+02
3228	1.165498e+02
3229	1.174168e+02
3230	1.179897e+02
3231	1.183916e+02
3232	1.185412e+02
3233	1.186584e+02
3234	1.186613e+02
3235	1.184321e+02
3236	1.180775e+02
3237	1.175610e+02
3238	1.169089e+02
3239	1.161251e+02
3240	1.153306e+02
3241	1.145274e+02
3242	1.137215e+02
3243	1.129043e+02
3244	1.120377e+02
3245	1.111202e+02
3246	1.099999e+02
3247	1.088158e+02
3248	1.076105e+02
3249	1.063580e+02
3250	1.051443e+02
3251	1.039663e+02
3252	1.029837e+02
3253	1.021168e+02
3254	1.014078e+02
3255	1.008249e+02
3256	1.003986e+02
3257	1.000441e+02
3258	9.991327e+01
3259	9.992460e+01
3260	1.000477e+02
3261	1.005172e+02
3262	1.010698e+02
3263	1.016491e+02
3264	1.023871e+02
3265	1.031814e+02
3266	1.041011e+02
3267	1.052516e+02
3268	1.064849e+02
3269	1.078788e+02
3270	1.093269e+02
3271	1.109002e+02
3272	1.125776e+02
3273	1.141935e+02
3274	1.156913e+02
3275	1.171057e+02
3276	1.183291e+02
3277	1.194553e+02
3278	1.203677e+02
3279	1.211135e+02
3280	1.217004e+02
3281	1.220072e+02
3282	1.220945e+02
3283	1.219460e+02
3284	1.214667e+02
3285	1.208284e+02
3286	1.200623e+02
3287	1.190569e+02
3288	1.179153e+02
3289	1.166703e+02
3290	1.153459e+02
3291	1.138134e+02
3292	1.120927e+02
3293	1.101642e+02
3294	1.081814e+02
3295	1.062796e+02
3296	1.043583e+02
3297	1.024144e+02
3298	1.005656e+02
3299	9.881765e+01
3300	9.717210e+01
3301	9.569653e+01
3302	9.443135e+01
3303	9.338597e+01
3304	9.254586e+01
3305	9.195384e+01
3306	9.149370e+01
3307	9.129326e+01
3308	9.141921e+01
3309	9.175521e+01
3310	9.236887e+01
3311	9.331279e+01
3312	9.435585e+01
3313	9.562568e+01
3314	9.707435e+01
3315	9.873032e+01
3316	1.005348e+02
3317	1.023934e+02
3318	1.042442e+02
3319	1.061456e+02
3320	1.080563e+02
3321	1.099340e+02
3322	1.118833e+02
3323	1.137480e+02
3324	1.155366e+02
3325	1.172291e+02
3326	1.187614e+02
3327	1.200780e+02
3328	1.211087e+02
3329	1.218896e+02
3330	1.224997e+02
3331	1.228701e+02
3332	1.229464e+02
3333	1.228805e+02
3334	1.226013e+02
3335	1.220317e+02
3336	1.213438e+02
3337	1.204278e+02
3338	1.194046e+02
3339	1.182770e+02
3340	1.170404e+02
3341	1.156389e+02
3342	1.141371e+02
3343	1.126668e+02
3344	1.111904e+02
3345	1.096153e+02
3346	1.080069e+02
3347	1.064970e+02
3348	1.050469e+02
3349	1.037002e+02
3350	1.024983e+02
3351	1.014242e+02
3352	1.004781e+02
3353	9.964796e+01
3354	9.891234e+01
3355	9.837660e+01
3356	9.795905e+01
3357	9.782375e+01
3358	9.793775e+01
3359	9.829094e+01
3360	9.886284e+01
3361	9.954963e+01
3362	1.004202e+02
3363	1.015246e+02
3364	1.027668e+02
3365	1.041804e+02
3366	1.057062e+02
3367	1.073115e+02
3368	1.089048e+02
3369	1.104747e+02
3370	1.119445e+02
3371	1.134122e+02
3372	1.147340e+02
3373	1.158169e+02
3374	1.167544e+02
3375	1.175697e+02
3376	1.182596e+02
3377	1.187157e+02
3378	1.189957e+02
3379	1.189490e+02
3380	1.187310e+02
3381	1.183794e+02
3382	1.177558e+02
3383	1.168075e+02
3384	1.155854e+02
3385	1.142022e+02
3386	1.127041e+02
3387	1.111829e+02
3388	1.097172e+02
3389	1.084364e+02
3390	1.072561e+02
3391	1.061543e+02
3392	1.051517e+02
3393	1.042233e+02
3394	1.034479e+02
3395	1.027317e+02
3396	1.021222e+02
3397	1.016974e+02
3398	1.013613e+02
3399	1.010610e+02
3400	1.008180e+02
3401	1.006219e+02
3402	1.005598e+02
3403	1.006076e+02
3404	1.007577e+02
3405	1.010087e+02
3406	1.013495e+02
3407	1.017870e+02
3408	1.023675e+02
3409	1.029833e+02
3410	1.035708e+02
3411	1.041952e+02
3412	1.048568e+02
3413	1.055785e+02
3414	1.062919e+02
3415	1.069657e+02
3416	1.075959e+02
3417	1.082118e+02
3418	1.088210e+02
3419	1.093411e+02
3420	1.098025e+02
3421	1.102155e+02
3422	1.105458e+02
3423	1.107417e+02
3424	1.108483e+02
3425	1.108370e+02
3426	1.107619e+02
3427	1.105719e+02
3428	1.102575e+02
3429	1.100035e+02
3430	1.096053e+02
3431	1.090540e+02
3432	1.084455e+02
3433	1.077686e+02
3434	1.069847e+02
3435	1.062793e+02
3436	1.056036e+02
3437	1.049605e+02
3438	1.042559e+02
3439	1.036815e+02
3440	1.033196e+02
3441	1.030480e+02
3442	1.029279e+02
3443	1.028424e+02
3444	1.027845e+02
3445	1.028605e+02
3446	1.029937e+02
3447	1.031798e+02
3448	1.033337e+02
3449	1.034462e+02
3450	1.036702e+02
3451	1.039287e+02
3452	1.041417e+02
3453	1.044145e+02
3454	1.047089e+02
3455	1.049857e+02
3456	1.052717e+02
3457	1.053961e+02
3458	1.055395e+02
3459	1.055946e+02
3460	1.056394e+02
3461	1.056153e+02
3462	1.055796e+02
3463	1.054642e+02
3464	1.053350e+02
3465	1.051969e+02
3466	1.050769e+02
3467	1.050399e+02
3468	1.049231e+02
3469	1.048675e+02
3470	1.047864e+02
3471	1.047100e+02
3472	1.047639e+02
3473	1.048003e+02
3474	1.048404e+02
3475	1.048190e+02
3476	1.047750e+02
3477	1.048387e+02
3478	1.048733e+02
3479	1.049289e+02
3480	1.050141e+02
3481	1.050579e+02
3482	1.051334e+02
3483	1.051613e+02
3484	1.050740e+02
3485	1.049579e+02
3486	1.048240e+02
3487	1.046477e+02
3488	1.044899e+02
3489	1.043458e+02
3490	1.043387e+02
3491	1.043707e+02
3492	1.043332e+02
3493	1.044442e+02
3494	1.045491e+02
3495	1.046634e+02
3496	1.048345e+02
3497	1.050445e+02
3498	1.052794e+02
3499	1.054204e+02
3500	1.055000e+02
3501	1.056302e+02
3502	1.057562e+02
3503	1.059202e+02
3504	1.060902e+02
3505	1.062826e+02
3506	1.064422e+02
3507	1.065809e+02
3508	1.067034e+02
3509	1.068855e+02
3510	1.071187e+02
3511	1.072511e+02
3512	1.073172e+02
3513	1.073902e+02
3514	1.074497e+02
3515	1.074749e+02
3516	1.074961e+02
3517	1.076500e+02
3518	1.076754e+02
3519	1.076778e+02
3520	1.076639e+02
3521	1.075443e+02
3522	1.073958e+02
3523	1.073497e+02
3524	1.073058e+02
3525	1.072714e+02
3526	1.071692e+02
3527	1.070821e+02
3528	1.070312e+02
3529	1.070046e+02
3530	1.070532e+02
3531	1.071071e+02
3532	1.072484e+02
3533	1.073796e+02
3534	1.075196e+02
3535	1.075612e+02
3536	1.075624e+02
3537	1.076007e+02
3538	1.076628e+02
3539	1.077517e+02
3540	1.078980e+02
3541	1.080384e+02
3542	1.082037e+02
3543	1.083409e+02
3544	1.085117e+02
3545	1.085106e+02
3546	1.084855e+02
3547	1.084227e+02
3548	1.083555e+02
3549	1.082956e+02
3550	1.082754e+02
3551	1.082519e+02
3552	1.081886e+02
3553	1.081421e+02
3554	1.082616e+02
3555	1.083035e+02
3556	1.082808e+02
3557	1.081306e+02
3558	1.081058e+02
3559	1.081027e+02
3560	1.081084e+02
3561	1.080713e+02
3562	1.080253e+02
3563	1.079578e+02
3564	1.079118e+02
3565	1.078020e+02
3566	1.077791e+02
3567	1.077708e+02
3568	1.077320e+02
3569	1.076162e+02
3570	1.075121e+02
3571	1.074362e+02
3572	1.073838e+02
3573	1.073310e+02
3574	1.072966e+02
3575	1.073919e+02
3576	1.074468e+02
3577	1.074332e+02
3578	1.073921e+02
3579	1.072281e+02
3580	1.070162e+02
3581	1.067972e+02
3582	1.066442e+02
3583	1.065322e+02
3584	1.064307e+02
3585	1.063613e+02
3586	1.062982e+02
3587	1.062850e+02
3588	1.062925e+02
3589	1.064057e+02
3590	1.066155e+02
3591	1.068326e+02
3592	1.070637e+02
3593	1.073434e+02
3594	1.076324e+02
3595	1.079179e+02
3596	1.081936e+02
3597	1.084662e+02
3598	1.087739e+02
3599	1.091320e+02
3600	1.094468e+02
3601	1.096991e+02
3602	1.099344e+02
3603	1.101268e+02
3604	1.102482e+02
3605	1.103374e+02
3606	1.103612e+02
3607	1.102887e+02
3608	1.101713e+02
3609	1.100465e+02
3610	1.098032e+02
3611	1.095533e+02
3612	1.092211e+02
3613	1.088600e+02
3614	1.084715e+02
3615	1.079756e+02
3616	1.075152e+02
3617	1.069599e+02
3618	1.065179e+02
3619	1.060172e+02
3620	1.055568e+02
3621	1.051669e+02
3622	1.047651e+02
3623	1.044932e+02
3624	1.042938e+02
3625	1.041341e+02
3626	1.040550e+02
3627	1.039434e+02
3628	1.037632e+02
3629	1.036767e+02
3630	1.036650e+02
3631	1.037848e+02
3632	1.040324e+02
3633	1.044080e+02
3634	1.049234e+02
3635	1.054695e+02
3636	1.060280e+02
3637	1.066839e+02
3638	1.072626e+02
3639	1.078096e+02
3640	1.084006e+02
3641	1.089334e+02
3642	1.095256e+02
3643	1.101155e+02
3644	1.105852e+02
3645	1.110606e+02
3646	1.115730e+02
3647	1.119908e+02
3648	1.122899e+02
3649	1.125638e+02
3650	1.127801e+02
3651	1.131068e+02
3652	1.133221e+02
3653	1.134287e+02
3654	1.136471e+02
3655	1.138964e+02
3656	1.140506e+02
3657	1.141549e+02
3658	1.142163e+02
3659	1.142764e+02
3660	1.142146e+02
3661	1.141620e+02
3662	1.139463e+02
3663	1.136695e+02
3664	1.133588e+02
3665	1.130129e+02
3666	1.125662e+02
3667	1.120842e+02
3668	1.115410e+02
3669	1.109078e+02
3670	1.103612e+02
3671	1.098560e+02
3672	1.093186e+02
3673	1.089437e+02
3674	1.086145e+02
3675	1.083324e+02
3676	1.080927e+02
3677	1.078270e+02
3678	1.077793e+02
3679	1.078200e+02
3680	1.078249e+02
3681	1.078335e+02
3682	1.078492e+02
3683	1.078386e+02
3684	1.078601e+02
3685	1.079603e+02
3686	1.080981e+02
3687	1.081846e+02
3688	1.082315e+02
3689	1.081993e+02
3690	1.081847e+02
3691	1.081638e+02
3692	1.081227e+02
3693	1.080214e+02
3694	1.077940e+02
3695	1.076266e+02
3696	1.074775e+02
3697	1.074087e+02
3698	1.074444e+02
3699	1.075077e+02
3700	1.075556e+02
3701	1.075983e+02
3702	1.075691e+02
3703	1.075127e+02
3704	1.074791e+02
3705	1.075107e+02
3706	1.075085e+02
3707	1.074811e+02
3708	1.074833e+02
3709	1.074478e+02
3710	1.075037e+02
3711	1.075775e+02
3712	1.076608e+02
3713	1.077865e+02
3714	1.079878e+02
3715	1.081980e+02
3716	1.082930e+02
3717	1.083403e+02
3718	1.083441e+02
3719	1.081939e+02
3720	1.080306e+02
3721	1.077859e+02
3722	1.074797e+02
3723	1.070734e+02
3724	1.066002e+02
3725	1.060677e+02
3726	1.054941e+02
3727	1.049167e+02
3728	1.043966e+02
3729	1.037791e+02
3730	1.032082e+02
3731	1.028460e+02
3732	1.026549e+02
3733	1.025152e+02
3734	1.024567e+02
3735	1.024446e+02
3736	1.023886e+02
3737	1.025836e+02
3738	1.027378e+02
3739	1.028553e+02
3740	1.029319e+02
3741	1.030983e+02
3742	1.032663e+02
3743	1.034738e+02
3744	1.038146e+02
3745	1.042633e+02
3746	1.046023e+02
3747	1.049989e+02
3748	1.054306e+02
3749	1.059089e+02
3750	1.063869e+02
3751	1.067679e+02
3752	1.073311e+02
3753	1.078549e+02
3754	1.084337e+02
3755	1.088948e+02
3756	1.093154e+02
3757	1.097536e+02
3758	1.101350e+02
3759	1.104773e+02
3760	1.107018e+02
3761	1.109907e+02
3762	1.111874e+02
3763	1.112375e+02
3764	1.113536e+02
3765	1.114538e+02
3766	1.115194e+02
3767	1.116012e+02
3768	1.116087e+02
3769	1.115992e+02
3770	1.116354e+02
3771	1.116596e+02
3772	1.116096e+02
3773	1.114746e+02
3774	1.112938e+02
3775	1.110521e+02
3776	1.107204e+02
3777	1.102221e+02
3778	1.097421e+02
3779	1.092114e+02
3780	1.085983e+02
3781	1.079377e+02
3782	1.073028e+02
3783	1.065658e+02
3784	1.057664e+02
3785	1.048789e+02
3786	1.040302e+02
3787	1.032359e+02
3788	1.024599e+02
3789	1.017280e+02
3790	1.010273e+02
3791	1.003159e+02
3792	9.957216e+01
3793	9.905515e+01
3794	9.850569e+01
3795	9.806799e+01
3796	9.767619e+01
3797	9.744325e+01
3798	9.728104e+01
3799	9.740759e+01
3800	9.778172e+01
3801	9.830900e+01
3802	9.895878e+01
3803	9.972888e+01
3804	1.006813e+02
3805	1.017280e+02
3806	1.027902e+02
3807	1.037879e+02
3808	1.047642e+02
3809	1.059018e+02
3810	1.071335e+02
3811	1.083316e+02
3812	1.096338e+02
3813	1.109020e+02
3814	1.121503e+02
3815	1.132503e+02
3816	1.142514e+02
3817	1.151579e+02
3818	1.159680e+02
3819	1.167770e+02
3820	1.173898e+02
3821	1.178310e+02
3822	1.180202e+02
3823	1.179963e+02
3824	1.177472e+02
3825	1.172508e+02
3826	1.166508e+02
3827	1.158872e+02
3828	1.149954e+02
3829	1.139740e+02
3830	1.127652e+02
3831	1.115055e+02
3832	1.100867e+02
3833	1.086395e+02
3834	1.070823e+02
3835	1.055858e+02
3836	1.041403e+02
3837	1.027390e+02
3838	1.014451e+02
3839	1.003393e+02
3840	9.934021e+01
3841	9.830084e+01
3842	9.749688e+01
3843	9.684197e+01
3844	9.646047e+01
3845	9.631091e+01
3846	9.634903e+01
3847	9.645549e+01
3848	9.670953e+01
3849	9.710058e+01
3850	9.758133e+01
3851	9.825067e+01
3852	9.911187e+01
3853	1.001700e+02
3854	1.013229e+02
3855	1.026221e+02
3856	1.039460e+02
3857	1.054320e+02
3858	1.069718e+02
3859	1.086335e+02
3860	1.103224e+02
3861	1.121555e+02
3862	1.139539e+02
3863	1.156576e+02
3864	1.172867e+02
3865	1.188132e+02
3866	1.201047e+02
3867	1.211634e+02
3868	1.220670e+02
3869	1.227641e+02
3870	1.231855e+02
3871	1.234447e+02
3872	1.234415e+02
3873	1.232850e+02
3874	1.230364e+02
3875	1.227467e+02
3876	1.222435e+02
3877	1.214875e+02
3878	1.204921e+02
3879	1.193323e+02
3880	1.180412e+02
3881	1.167082e+02
3882	1.152893e+02
3883	1.137174e+02
3884	1.120644e+02
3885	1.104681e+02
3886	1.088826e+02
3887	1.071934e+02
3888	1.055794e+02
3889	1.039869e+02
3890	1.025262e+02
3891	1.012239e+02
3892	9.996479e+01
3893	9.877218e+01
3894	9.770241e+01
3895	9.680833e+01
3896	9.607529e+01
3897	9.540094e+01
3898	9.500797e+01
3899	9.484806e+01
3900	9.494011e+01
3901	9.536066e+01
3902	9.589571e+01
3903	9.654972e+01
3904	9.739992e+01
3905	9.841251e+01
3906	9.955577e+01
3907	1.006810e+02
3908	1.018469e+02
3909	1.032181e+02
3910	1.046651e+02
3911	1.061323e+02
3912	1.076419e+02
3913	1.091126e+02
3914	1.106518e+02
3915	1.120244e+02
3916	1.132840e+02
3917	1.145493e+02
3918	1.157008e+02
3919	1.167087e+02
3920	1.175907e+02
3921	1.183356e+02
3922	1.189425e+02
3923	1.192749e+02
3924	1.194714e+02
3925	1.194715e+02
3926	1.193946e+02
3927	1.191662e+02
3928	1.188203e+02
3929	1.182964e+02
3930	1.176637e+02
3931	1.168780e+02
3932	1.159822e+02
3933	1.149802e+02
3934	1.138764e+02
3935	1.126909e+02
3936	1.114734e+02
3937	1.101572e+02
3938	1.088048e+02
3939	1.074121e+02
3940	1.060851e+02
3941	1.047663e+02
3942	1.035860e+02
3943	1.026027e+02
3944	1.017966e+02
3945	1.011232e+02
3946	1.006092e+02
3947	1.001584e+02
3948	9.983433e+01
3949	9.973836e+01
3950	9.983225e+01
3951	1.000705e+02
3952	1.004199e+02
3953	1.008550e+02
3954	1.014080e+02
3955	1.020337e+02
3956	1.027902e+02
3957	1.037263e+02
3958	1.048101e+02
3959	1.059198e+02
3960	1.071188e+02
3961	1.083541e+02
3962	1.095627e+02
3963	1.107311e+02
3964	1.118645e+02
3965	1.130072e+02
3966	1.140875e+02
3967	1.151075e+02
3968	1.160884e+02
3969	1.169095e+02
3970	1.175195e+02
3971	1.179661e+02
3972	1.181071e+02
3973	1.181160e+02
3974	1.178865e+02
3975	1.175365e+02
3976	1.171047e+02
3977	1.165629e+02
3978	1.158251e+02
3979	1.149974e+02
3980	1.139906e+02
3981	1.128197e+02
3982	1.115598e+02
3983	1.102972e+02
3984	1.089375e+02
3985	1.076225e+02
3986	1.063132e+02
3987	1.050237e+02
3988	1.037984e+02
3989	1.026854e+02
3990	1.016934e+02
3991	1.007962e+02
3992	9.998197e+01
3993	9.918207e+01
3994	9.837066e+01
3995	9.775014e+01
3996	9.729871e+01
3997	9.699590e+01
3998	9.691788e+01
3999	9.695218e+01
4000	9.713791e+01
4001	9.758340e+01
4002	9.807388e+01
4003	9.851135e+01
4004	9.910501e+01
4005	9.996829e+01
4006	1.009079e+02
4007	1.020888e+02
4008	1.034555e+02
4009	1.049339e+02
4010	1.064053e+02
4011	1.079761e+02
4012	1.095767e+02
4013	1.111110e+02
4014	1.125916e+02
4015	1.140571e+02
4016	1.154252e+02
4017	1.167127e+02
4018	1.179679e+02
4019	1.191172e+02
4020	1.199442e+02
4021	1.205488e+02
4022	1.210023e+02
4023	1.212029e+02
4024	1.211301e+02
4025	1.208527e+02
4026	1.203254e+02
4027	1.196862e+02
4028	1.188704e+02
4029	1.178183e+02
4030	1.166073e+02
4031	1.152970e+02
4032	1.139168e+02
4033	1.125002e+02
4034	1.109615e+02
4035	1.094398e+02
4036	1.078919e+02
4037	1.063843e+02
4038	1.048364e+02
4039	1.033254e+02
4040	1.018697e+02
4041	1.006310e+02
4042	9.953385e+01
4043	9.867180e+01
4044	9.798642e+01
4045	9.765642e+01
4046	9.745357e+01
4047	9.754172e+01
4048	9.784729e+01
4049	9.825149e+01
4050	9.890082e+01
4051	9.966471e+01
4052	1.005055e+02
4053	1.012919e+02
4054	1.021658e+02
4055	1.032344e+02
4056	1.043485e+02
4057	1.055087e+02
4058	1.066857e+02
4059	1.078937e+02
4060	1.091179e+02
4061	1.103817e+02
4062	1.116786e+02
4063	1.128557e+02
4064	1.139324e+02
4065	1.149756e+02
4066	1.159755e+02
4067	1.169580e+02
4068	1.177975e+02
4069	1.184349e+02
4070	1.188994e+02
4071	1.192666e+02
4072	1.194910e+02
4073	1.195764e+02
4074	1.194256e+02
4075	1.190864e+02
4076	1.185054e+02
4077	1.178980e+02
4078	1.172396e+02
4079	1.165165e+02
4080	1.156590e+02
4081	1.146654e+02
4082	1.136476e+02
4083	1.124723e+02
4084	1.112769e+02
4085	1.101438e+02
4086	1.089913e+02
4087	1.078242e+02
4088	1.067710e+02
4089	1.056407e+02
4090	1.044415e+02
4091	1.032283e+02
4092	1.021003e+02
4093	1.010543e+02
4094	1.000726e+02
4095	9.919848e+01
4096	9.846261e+01
4097	9.784237e+01
4098	9.742254e+01
4099	9.712948e+01
4100	9.691060e+01
4101	9.677619e+01
4102	9.665131e+01
4103	9.670340e+01
4104	9.694078e+01
4105	9.725071e+01
4106	9.772437e+01
4107	9.838930e+01
4108	9.909387e+01
4109	9.985199e+01
4110	1.007237e+02
4111	1.015916e+02
4112	1.025035e+02
4113	1.034293e+02
4114	1.045301e+02
4115	1.056679e+02
4116	1.069402e+02
4117	1.080917e+02
4118	1.092887e+02
4119	1.104487e+02
4120	1.114451e+02
4121	1.122218e+02
4122	1.130421e+02
4123	1.137651e+02
4124	1.143474e+02
4125	1.147758e+02
4126	1.151485e+02
4127	1.154394e+02
4128	1.156503e+02
4129	1.157903e+02
4130	1.158587e+02
4131	1.157482e+02
4132	1.154959e+02
4133	1.151419e+02
4134	1.146848e+02
4135	1.142167e+02
4136	1.136941e+02
4137	1.132685e+02
4138	1.127474e+02
4139	1.123316e+02
4140	1.118800e+02
4141	1.114382e+02
4142	1.109500e+02
4143	1.104293e+02
4144	1.099207e+02
4145	1.093930e+02
4146	1.088997e+02
4147	1.084518e+02
4148	1.081526e+02
4149	1.079120e+02
4150	1.076211e+02
4151	1.073535e+02
4152	1.070573e+02
4153	1.068544e+02
4154	1.066370e+02
4155	1.065550e+02
4156	1.064863e+02
4157	1.064653e+02
4158	1.065981e+02
4159	1.067756e+02
4160	1.070244e+02
4161	1.073042e+02
4162	1.076401e+02
4163	1.080399e+02
4164	1.085836e+02
4165	1.092433e+02
4166	1.099131e+02
4167	1.106294e+02
4168	1.112402e+02
4169	1.118035e+02
4170	1.122730e+02
4171	1.127252e+02
4172	1.129996e+02
4173	1.132355e+02
4174	1.133544e+02
4175	1.134533e+02
4176	1.134058e+02
4177	1.132425e+02
4178	1.130149e+02
4179	1.126464e+02
4180	1.122505e+02
4181	1.117394e+02
4182	1.109807e+02
4183	1.100728e+02
4184	1.090979e+02
4185	1.080774e+02
4186	1.071128e+02
4187	1.062342e+02
4188	1.053049e+02
4189	1.044035e+02
4190	1.035466e+02
4191	1.028071e+02
4192	1.022064e+02
4193	1.016650e+02
4194	1.013326e+02
4195	1.011820e+02
4196	1.011299e+02
4197	1.011969e+02
4198	1.013504e+02
4199	1.015336e+02
4200	1.017456e+02
4201	1.019832e+02
4202	1.023232e+02
4203	1.026365e+02
4204	1.029857e+02
4205	1.033835e+02
4206	1.038574e+02
4207	1.043650e+02
4208	1.050241e+02
4209	1.056943e+02
4210	1.063630e+02
4211	1.069164e+02
4212	1.074136e+02
4213	1.078773e+02
4214	1.083193e+02
4215	1.086187e+02
4216	1.088760e+02
4217	1.090507e+02
4218	1.091576e+02
4219	1.091431e+02
4220	1.090106e+02
4221	1.089726e+02
4222	1.088965e+02
4223	1.087241e+02
4224	1.085166e+02
4225	1.082422e+02
4226	1.079761e+02
4227	1.077197e+02
4228	1.074602e+02
4229	1.071961e+02
4230	1.069253e+02
4231	1.068349e+02
4232	1.066946e+02
4233	1.065480e+02
4234	1.063989e+02
4235	1.063032e+02
4236	1.062730e+02
4237	1.062192e+02
4238	1.061583e+02
4239	1.061410e+02
4240	1.061953e+02
4241	1.062436e+02
4242	1.064110e+02
4243	1.066987e+02
4244	1.070292e+02
4245	1.073576e+02
4246	1.077858e+02
4247	1.080752e+02
4248	1.084020e+02
4249	1.087445e+02
4250	1.091028e+02
4251	1.095175e+02
4252	1.099562e+02
4253	1.103993e+02
4254	1.107692e+02
4255	1.111690e+02
4256	1.113990e+02
4257	1.116208e+02
4258	1.117228e+02
4259	1.117574e+02
4260	1.117802e+02
4261	1.116282e+02
4262	1.114909e+02
4263	1.112984e+02
4264	1.110735e+02
4265	1.108050e+02
4266	1.104871e+02
4267	1.101561e+02
4268	1.097341e+02
4269	1.092817e+02
4270	1.087270e+02
4271	1.082074e+02
4272	1.076112e+02
4273	1.070002e+02
4274	1.064320e+02
4275	1.058745e+02
4276	1.052498e+02
4277	1.046771e+02
4278	1.040497e+02
4279	1.033665e+02
4280	1.026538e+02
4281	1.019881e+02
4282	1.014961e+02
4283	1.010905e+02
4284	1.006992e+02
4285	1.004526e+02
4286	1.002947e+02
4287	1.000766e+02
4288	9.997930e+01
4289	1.000013e+02
4290	1.001292e+02
4291	1.003551e+02
4292	1.006679e+02
4293	1.011192e+02
4294	1.016575e+02
4295	1.022710e+02
4296	1.028229e+02
4297	1.034431e+02
4298	1.041101e+02
4299	1.047921e+02
4300	1.055579e+02
4301	1.062999e+02
4302	1.069744e+02
4303	1.076705e+02
4304	1.084131e+02
4305	1.090374e+02
4306	1.096203e+02
4307	1.102632e+02
4308	1.108052e+02
4309	1.112989e+02
4310	1.117501e+02
4311	1.122072e+02
4312	1.126555e+02
4313	1.130295e+02
4314	1.132814e+02
4315	1.135364e+02
4316	1.137246e+02
4317	1.138761e+02
4318	1.138689e+02
4319	1.137477e+02
4320	1.135297e+02
4321	1.132961e+02
4322	1.130390e+02
4323	1.126941e+02
4324	1.122366e+02
4325	1.116516e+02
4326	1.110493e+02
4327	1.104165e+02
4328	1.096478e+02
4329	1.088782e+02
4330	1.081941e+02
4331	1.075607e+02
4332	1.069283e+02
4333	1.062553e+02
4334	1.056188e+02
4335	1.050319e+02
4336	1.045762e+02
4337	1.041706e+02
4338	1.039180e+02
4339	1.037961e+02
4340	1.037856e+02
4341	1.039355e+02
4342	1.043461e+02
4343	1.047898e+02
4344	1.053072e+02
4345	1.058149e+02
4346	1.064393e+02
4347	1.071112e+02
4348	1.077980e+02
4349	1.084783e+02
4350	1.092171e+02
4351	1.100816e+02
4352	1.108271e+02
4353	1.115161e+02
4354	1.121243e+02
4355	1.126164e+02
4356	1.129338e+02
4357	1.131217e+02
4358	1.131100e+02
4359	1.129397e+02
4360	1.126035e+02
4361	1.120853e+02
4362	1.115133e+02
4363	1.108037e+02
4364	1.100166e+02
4365	1.092166e+02
4366	1.084409e+02
4367	1.075897e+02
4368	1.066964e+02
4369	1.058479e+02
4370	1.050973e+02
4371	1.042974e+02
4372	1.035659e+02
4373	1.029114e+02
4374	1.022879e+02
4375	1.018547e+02
4376	1.015487e+02
4377	1.012385e+02
4378	1.010601e+02
4379	1.009489e+02
4380	1.009696e+02
4381	1.011124e+02
4382	1.013713e+02
4383	1.020070e+02
4384	1.027646e+02
4385	1.036930e+02
4386	1.047884e+02
4387	1.059344e+02
4388	1.072080e+02
4389	1.086143e+02
4390	1.099667e+02
4391	1.113127e+02
4392	1.126720e+02
4393	1.139029e+02
4394	1.150575e+02
4395	1.161613e+02
4396	1.171505e+02
4397	1.179663e+02
4398	1.186051e+02
4399	1.190710e+02
4400	1.193856e+02
4401	1.195912e+02
4402	1.196281e+02
4403	1.195517e+02
4404	1.193381e+02
4405	1.189268e+02
4406	1.183715e+02
4407	1.176667e+02
4408	1.168134e+02
4409	1.158133e+02
4410	1.146750e+02
4411	1.134958e+02
4412	1.122526e+02
4413	1.110559e+02
4414	1.098690e+02
4415	1.085821e+02
4416	1.072595e+02
4417	1.059672e+02
4418	1.047935e+02
4419	1.036612e+02
4420	1.025201e+02
4421	1.012989e+02
4422	1.002340e+02
4423	9.930036e+01
4424	9.853810e+01
4425	9.793448e+01
4426	9.750931e+01
4427	9.726108e+01
4428	9.718053e+01
4429	9.714263e+01
4430	9.723900e+01
4431	9.758564e+01
4432	9.803945e+01
4433	9.868194e+01
4434	9.945983e+01
4435	1.004777e+02
4436	1.015804e+02
4437	1.026924e+02
4438	1.038261e+02
4439	1.050242e+02
4440	1.062734e+02
4441	1.076016e+02
4442	1.088940e+02
4443	1.102636e+02
4444	1.114667e+02
4445	1.126832e+02
4446	1.137921e+02
4447	1.148472e+02
4448	1.158688e+02
4449	1.167618e+02
4450	1.176458e+02
4451	1.183246e+02
4452	1.188524e+02
4453	1.192084e+02
4454	1.194713e+02
4455	1.195574e+02
4456	1.194822e+02
4457	1.193689e+02
4458	1.190222e+02
4459	1.185481e+02
4460	1.179038e+02
4461	1.171841e+02
4462	1.162541e+02
4463	1.153138e+02
4464	1.143901e+02
4465	1.134199e+02
4466	1.123413e+02
4467	1.112828e+02
4468	1.101956e+02
4469	1.092386e+02
4470	1.083052e+02
4471	1.075170e+02
4472	1.067826e+02
4473	1.060327e+02
4474	1.052248e+02
4475	1.044232e+02
4476	1.036878e+02
4477	1.030527e+02
4478	1.025578e+02
4479	1.021275e+02
4480	1.017539e+02
4481	1.016461e+02
4482	1.016891e+02
4483	1.018052e+02
4484	1.021528e+02
4485	1.025835e+02
4486	1.031008e+02
4487	1.036767e+02
4488	1.044116e+02
4489	1.053366e+02
4490	1.063962e+02
4491	1.074611e+02
4492	1.086207e+02
4493	1.098603e+02
4494	1.110825e+02
4495	1.123452e+02
4496	1.135943e+02
4497	1.147390e+02
4498	1.158373e+02
4499	1.168575e+02
4500	1.178792e+02
4501	1.186771e+02
4502	1.193453e+02
4503	1.198287e+02
4504	1.201607e+02
4505	1.202788e+02
4506	1.200966e+02
4507	1.198431e+02
4508	1.193263e+02
4509	1.185525e+02
4510	1.177036e+02
4511	1.167057e+02
4512	1.156155e+02
4513	1.144459e+02
4514	1.130593e+02
4515	1.116596e+02
4516	1.103106e+02
4517	1.089359e+02
4518	1.076061e+02
4519	1.062406e+02
4520	1.048584e+02
4521	1.035879e+02
4522	1.024523e+02
4523	1.014457e+02
4524	1.006926e+02
4525	1.000427e+02
4526	9.949239e+01
4527	9.902553e+01
4528	9.872386e+01
4529	9.858035e+01
4530	9.858549e+01
4531	9.879813e+01
4532	9.908531e+01
4533	9.946841e+01
4534	1.000180e+02
4535	1.006326e+02
4536	1.013535e+02
4537	1.021715e+02
4538	1.030119e+02
4539	1.039276e+02
4540	1.049617e+02
4541	1.060242e+02
4542	1.070268e+02
4543	1.079940e+02
4544	1.087843e+02
4545	1.094651e+02
4546	1.101069e+02
4547	1.106065e+02
4548	1.110959e+02
4549	1.114459e+02
4550	1.116474e+02
4551	1.117719e+02
4552	1.118669e+02
4553	1.119410e+02
4554	1.120006e+02
4555	1.119291e+02
4556	1.117968e+02
4557	1.115827e+02
4558	1.113423e+02
4559	1.110143e+02
4560	1.106361e+02
4561	1.101348e+02
4562	1.096528e+02
4563	1.091251e+02
4564	1.085615e+02
4565	1.079719e+02
4566	1.072932e+02
4567	1.066321e+02
4568	1.061108e+02
4569	1.056074e+02
4570	1.051284e+02
4571	1.046399e+02
4572	1.041805e+02
4573	1.037266e+02
4574	1.032700e+02
4575	1.028431e+02
4576	1.024568e+02
4577	1.021852e+02
4578	1.020420e+02
4579	1.019793e+02
4580	1.020869e+02
4581	1.023541e+02
4582	1.028177e+02
4583	1.034986e+02
4584	1.043687e+02
4585	1.053016e+02
4586	1.063068e+02
4587	1.073965e+02
4588	1.086023e+02
4589	1.097382e+02
4590	1.107329e+02
4591	1.116891e+02
4592	1.125323e+02
4593	1.132663e+02
4594	1.138488e+02
4595	1.144130e+02
4596	1.149515e+02
4597	1.153808e+02
4598	1.157078e+02
4599	1.159207e+02
4600	1.160242e+02
4601	1.159963e+02
4602	1.157916e+02
4603	1.154496e+02
4604	1.150622e+02
4605	1.146627e+02
4606	1.141683e+02
4607	1.136941e+02
4608	1.129945e+02
4609	1.121609e+02
4610	1.113362e+02
4611	1.105690e+02
4612	1.097141e+02
4613	1.088857e+02
4614	1.080405e+02
4615	1.072540e+02
4616	1.065632e+02
4617	1.060321e+02
4618	1.055053e+02
4619	1.049537e+02
4620	1.043778e+02
4621	1.038261e+02
4622	1.032421e+02
4623	1.027116e+02
4624	1.022539e+02
4625	1.019387e+02
4626	1.017750e+02
4627	1.016716e+02
4628	1.016438e+02
4629	1.018267e+02
4630	1.020848e+02
4631	1.023260e+02
4632	1.026385e+02
4633	1.030600e+02
4634	1.035302e+02
4635	1.040036e+02
4636	1.044902e+02
4637	1.050028e+02
4638	1.055847e+02
4639	1.061424e+02
4640	1.067375e+02
4641	1.074025e+02
4642	1.080720e+02
4643	1.087022e+02
4644	1.093288e+02
4645	1.099215e+02
4646	1.104752e+02
4647	1.110097e+02
4648	1.116436e+02
4649	1.122576e+02
4650	1.127376e+02
4651	1.131301e+02
4652	1.133639e+02
4653	1.134292e+02
4654	1.132913e+02
4655	1.130692e+02
4656	1.126771e+02
4657	1.122342e+02
4658	1.116393e+02
4659	1.109097e+02
4660	1.100094e+02
4661	1.089255e+02
4662	1.076907e+02
4663	1.064063e+02
4664	1.050861e+02
4665	1.038962e+02
4666	1.027158e+02
4667	1.014914e+02
4668	1.004532e+02
4669	9.952411e+01
4670	9.879764e+01
4671	9.825129e+01
4672	9.778266e+01
4673	9.748662e+01
4674	9.734620e+01
4675	9.739351e+01
4676	9.764563e+01
4677	9.816027e+01
4678	9.883028e+01
4679	9.951387e+01
4680	1.002154e+02
4681	1.011810e+02
4682	1.022787e+02
4683	1.033857e+02
4684	1.045125e+02
4685	1.056552e+02
4686	1.067929e+02
4687	1.079679e+02
4688	1.091556e+02
4689	1.103647e+02
4690	1.116010e+02
4691	1.129104e+02
4692	1.141310e+02
4693	1.152729e+02
4694	1.162282e+02
4695	1.171791e+02
4696	1.179745e+02
4697	1.186516e+02
4698	1.190638e+02
4699	1.192309e+02
4700	1.192631e+02
4701	1.191196e+02
4702	1.188175e+02
4703	1.184514e+02
4704	1.179717e+02
4705	1.174007e+02
4706	1.166639e+02
4707	1.159324e+02
4708	1.151532e+02
4709	1.143323e+02
4710	1.134671e+02
4711	1.126491e+02
4712	1.117209e+02
4713	1.107451e+02
4714	1.096683e+02
4715	1.085667e+02
4716	1.074551e+02
4717	1.062606e+02
4718	1.049842e+02
4719	1.037048e+02
4720	1.023954e+02
4721	1.010300e+02
4722	9.966638e+01
4723	9.848529e+01
4724	9.735554e+01
4725	9.636537e+01
4726	9.562693e+01
4727	9.510441e+01
4728	9.469385e+01
4729	9.442250e+01
4730	9.431763e+01
4731	9.445695e+01
4732	9.478337e+01
4733	9.531606e+01
4734	9.602609e+01
4735	9.693811e+01
4736	9.791639e+01
4737	9.912887e+01
4738	1.005691e+02
4739	1.020519e+02
4740	1.036018e+02
4741	1.052050e+02
4742	1.068877e+02
4743	1.086395e+02
4744	1.103468e+02
4745	1.119733e+02
4746	1.133519e+02
4747	1.146172e+02
4748	1.156625e+02
4749	1.164865e+02
4750	1.172889e+02
4751	1.178653e+02
4752	1.181722e+02
4753	1.182506e+02
4754	1.181880e+02
4755	1.179559e+02
4756	1.176855e+02
4757	1.172600e+02
4758	1.166393e+02
4759	1.159076e+02
4760	1.149583e+02
4761	1.138212e+02
4762	1.125146e+02
4763	1.111061e+02
4764	1.097587e+02
4765	1.083863e+02
4766	1.069879e+02
4767	1.056581e+02
4768	1.043814e+02
4769	1.031589e+02
4770	1.019738e+02
4771	1.009233e+02
4772	1.000576e+02
4773	9.940037e+01
4774	9.885629e+01
4775	9.831078e+01
4776	9.791553e+01
4777	9.763590e+01
4778	9.748578e+01
4779	9.748134e+01
4780	9.767824e+01
4781	9.794057e+01
4782	9.833531e+01
4783	9.875811e+01
4784	9.928708e+01
4785	9.989114e+01
4786	1.005984e+02
4787	1.013604e+02
4788	1.023264e+02
4789	1.033706e+02
4790	1.044386e+02
4791	1.053776e+02
4792	1.062214e+02
4793	1.071915e+02
4794	1.081360e+02
4795	1.089792e+02
4796	1.096858e+02
4797	1.103666e+02
4798	1.109211e+02
4799	1.113549e+02
4800	1.116891e+02
4801	1.118607e+02
4802	1.119694e+02
4803	1.120712e+02
4804	1.120265e+02
4805	1.120055e+02
4806	1.119001e+02
4807	1.116262e+02
4808	1.112110e+02
4809	1.107509e+02
4810	1.102750e+02
4811	1.098117e+02
4812	1.092642e+02
4813	1.085600e+02
4814	1.077257e+02
4815	1.069157e+02
4816	1.060378e+02
4817	1.052481e+02
4818	1.045158e+02
4819	1.038043e+02
4820	1.032040e+02
4821	1.026788e+02
4822	1.022554e+02
4823	1.018244e+02
4824	1.012930e+02
4825	1.009107e+02
4826	1.006572e+02
4827	1.004528e+02
4828	1.003550e+02
4829	1.002675e+02
4830	1.002268e+02
4831	1.002269e+02
4832	1.002444e+02
4833	1.003532e+02
4834	1.005118e+02
4835	1.007292e+02
4836	1.010669e+02
4837	1.014861e+02
4838	1.019836e+02
4839	1.026246e+02
4840	1.032093e+02
4841	1.038960e+02
4842	1.045711e+02
4843	1.054231e+02
4844	1.061935e+02
4845	1.070231e+02
4846	1.077837e+02
4847	1.085533e+02
4848	1.093701e+02
4849	1.101964e+02
4850	1.108577e+02
4851	1.114116e+02
4852	1.118416e+02
4853	1.122274e+02
4854	1.125220e+02
4855	1.127329e+02
4856	1.127837e+02
4857	1.126932e+02
4858	1.124744e+02
4859	1.122438e+02
4860	1.119397e+02
4861	1.115481e+02
4862	1.110884e+02
4863	1.105805e+02
4864	1.100483e+02
4865	1.094251e+02
4866	1.085984e+02
4867	1.076333e+02
4868	1.067659e+02
4869	1.059078e+02
4870	1.051370e+02
4871	1.043206e+02
4872	1.036361e+02
4873	1.028983e+02
4874	1.023328e+02
4875	1.017316e+02
4876	1.012547e+02
4877	1.008981e+02
4878	1.007221e+02
4879	1.006730e+02
4880	1.006705e+02
4881	1.008082e+02
4882	1.009945e+02
4883	1.012790e+02
4884	1.018269e+02
4885	1.025023e+02
4886	1.033359e+02
4887	1.043255e+02
4888	1.053098e+02
4889	1.063077e+02
4890	1.073567e+02
4891	1.084543e+02
4892	1.094350e+02
4893	1.103197e+02
4894	1.110915e+02
4895	1.117955e+02
4896	1.123753e+02
4897	1.127591e+02
4898	1.129655e+02
4899	1.131157e+02
4900	1.131693e+02
4901	1.129774e+02
4902	1.126707e+02
4903	1.122848e+02
4904	1.118722e+02
4905	1.115092e+02
4906	1.111486e+02
4907	1.106354e+02
4908	1.101115e+02
4909	1.095859e+02
4910	1.090609e+02
4911	1.086685e+02
4912	1.082892e+02
4913	1.079996e+02
4914	1.077762e+02
4915	1.075133e+02
4916	1.073264e+02
4917	1.071802e+02
4918	1.070528e+02
4919	1.069217e+02
4920	1.067478e+02
4921	1.065786e+02
4922	1.063807e+02
4923	1.063427e+02
4924	1.063984e+02
4925	1.064529e+02
4926	1.064768e+02
4927	1.064542e+02
4928	1.064982e+02
4929	1.064986e+02
4930	1.065747e+02
4931	1.065695e+02
4932	1.065914e+02
4933	1.066065e+02
4934	1.065902e+02
4935	1.066092e+02
4936	1.066899e+02
4937	1.067649e+02
4938	1.067813e+02
4939	1.069139e+02
4940	1.070135e+02
4941	1.072553e+02
4942	1.074232e+02
4943	1.075761e+02
4944	1.077342e+02
4945	1.077231e+02
4946	1.077875e+02
4947	1.077002e+02
4948	1.075982e+02
4949	1.074817e+02
4950	1.074148e+02
4951	1.071988e+02
4952	1.071110e+02
4953	1.070487e+02
4954	1.070180e+02
4955	1.068966e+02
4956	1.067248e+02
4957	1.065130e+02
4958	1.063078e+02
4959	1.060330e+02
4960	1.058421e+02
4961	1.056499e+02
4962	1.054845e+02
4963	1.053677e+02
4964	1.052741e+02
4965	1.052515e+02
4966	1.052811e+02
4967	1.052099e+02
4968	1.052327e+02
4969	1.053414e+02
4970	1.054260e+02
4971	1.054994e+02
4972	1.055023e+02
4973	1.055101e+02
4974	1.056569e+02
4975	1.059411e+02
4976	1.063538e+02
4977	1.067175e+02
4978	1.070787e+02
4979	1.075513e+02
4980	1.080610e+02
4981	1.085995e+02
4982	1.091320e+02
4983	1.097607e+02
4984	1.103434e+02
4985	1.108360e+02
4986	1.112440e+02
4987	1.115950e+02
4988	1.118551e+02
4989	1.120496e+02
4990	1.122844e+02
4991	1.124298e+02
4992	1.126230e+02
4993	1.129339e+02
4994	1.131678e+02
4995	1.133343e+02
4996	1.135612e+02
4997	1.137119e+02
4998	1.139044e+02
4999	1.140667e+02
