# Step	Measurement
1	1.093536e+02
2	1.087156e+02
3	1.081076e+02
4	1.075021e+02
5	1.069591e+02
6	1.064431e+02
7	1.060079e+02
8	1.055952e+02
9	1.050939e+02
10	1.046376e+02
11	1.041497e+02
12	1.037444e+02
13	1.033736e+02
14	1.030216e+02
15	1.026484e+02
16	1.022697e+02
17	1.018993e+02
18	1.015733e+02
19	1.012062e+02
20	1.009258e+02
21	1.006685e+02
22	1.004619e+02
23	1.002926e+02
24	1.001867e+02
25	1.001275e+02
26	1.001884e+02
27	1.003019e+02
28	1.004697e+02
29	1.006875e+02
30	1.009251e+02
31	1.012652e+02
32	1.016784e+02
33	1.021955e+02
34	1.028434e+02
35	1.036475e+02
36	1.044765e+02
37	1.052633e+02
38	1.060879e+02
39	1.069531e+02
40	1.077040e+02
41	1.085053e+02
42	1.092802e+02
43	1.099861e+02
44	1.106088e+02
45	1.112773e+02
46	1.118105e+02
47	1.123167e+02
48	1.128490e+02
49	1.133104e+02
50	1.137912e+02
51	1.142951e+02
52	1.147731e+02
53	1.152871e+02
54	1.157870e+02
55	1.163068e+02
56	1.168980e+02
57	1.174739e+02
58	1.180165e+02
59	1.185848e+02
60	1.191254e+02
61	1.195544e+02
62	1.199806e+02
63	1.204206e+02
64	1.207990e+02
65	1.210894e+02
66	1.212727e+02
67	1.214224e+02
68	1.215254e+02
69	1.215943e+02
70	1.216204e+02
71	1.214947e+02
72	1.212797e+02
73	1.210018e+02
74	1.206020e+02
75	1.202000e+02
76	1.197859e+02
77	1.192687e+02
78	1.186674e+02
79	1.179914e+02
80	1.172800e+02
81	1.164173e+02
82	1.154634e+02
83	1.144885e+02
84	1.135315e+02
85	1.125680e+02
86	1.116379e+02
87	1.107038e+02
88	1.097966e+02
89	1.089169e+02
90	1.080649e+02
91	1.072326e+02
92	1.065670e+02
93	1.059782e+02
94	1.053793e+02
95	1.048510e+02
96	1.043811e+02
97	1.039406e+02
98	1.035381e+02
99	1.031572e+02
100	1.027945e+02
101	1.024327e+02
102	1.020942e+02
103	1.017726e+02
104	1.015350e+02
105	1.013693e+02
106	1.013270e+02
107	1.013462e+02
108	1.014380e+02
109	1.016416e+02
110	1.018847e+02
111	1.022221e+02
112	1.025893e+02
113	1.029661e+02
114	1.032642e+02
115	1.036516e+02
116	1.040479e+02
117	1.045191e+02
118	1.050329e+02
119	1.055719e+02
120	1.060465e+02
121	1.065916e+02
122	1.071258e+02
123	1.076585e+02
124	1.081438e+02
125	1.085721e+02
126	1.089819e+02
127	1.093663e+02
128	1.097821e+02
129	1.101345e+02
130	1.104505e+02
131	1.107091e+02
132	1.109844e+02
133	1.112791e+02
134	1.116073e+02
135	1.118729e+02
136	1.121275e+02
137	1.123551e+02
138	1.125455e+02
139	1.127587e+02
140	1.129314e+02
141	1.130966e+02
142	1.132429e+02
143	1.132992e+02
144	1.132971e+02
145	1.132223e+02
146	1.131552e+02
147	1.131066e+02
148	1.130043e+02
149	1.128718e+02
150	1.128111e+02
151	1.127685e+02
152	1.127727e+02
153	1.127876e+02
154	1.127617e+02
155	1.127620e+02
156	1.128538e+02
157	1.129925e+02
158	1.130868e+02
159	1.132027e+02
160	1.133391e+02
161	1.134276e+02
162	1.134956e+02
163	1.135979e+02
164	1.136899e+02
165	1.137197e+02
166	1.137040e+02
167	1.136866e+02
168	1.136424e+02
169	1.135641e+02
170	1.133908e+02
171	1.131208e+02
172	1.127914e+02
173	1.123789e+02
174	1.118967e+02
175	1.114536e+02
176	1.110444e+02
177	1.106046e+02
178	1.101355e+02
179	1.096128e+02
180	1.090063e+02
181	1.083931e+02
182	1.077333e+02
183	1.070702e+02
184	1.063829e+02
185	1.056505e+02
186	1.048240e+02
187	1.039924e+02
188	1.031089e+02
189	1.022360e+02
190	1.014072e+02
191	1.006662e+02
192	1.000049e+02
193	9.947846e+01
194	9.897685e+01
195	9.855907e+01
196	9.820825e+01
197	9.799479e+01
198	9.787796e+01
199	9.782439e+01
200	9.786975e+01
201	9.802048e+01
202	9.812596e+01
203	9.822657e+01
204	9.834788e+01
205	9.845406e+01
206	9.861084e+01
207	9.889334e+01
208	9.921024e+01
209	9.958554e+01
210	1.000938e+02
211	1.006430e+02
212	1.012438e+02
213	1.018753e+02
214	1.024964e+02
215	1.030634e+02
216	1.036821e+02
217	1.042853e+02
218	1.048782e+02
219	1.054366e+02
220	1.058770e+02
221	1.062929e+02
222	1.066784e+02
223	1.070496e+02
224	1.073820e+02
225	1.076011e+02
226	1.077406e+02
227	1.078309e+02
228	1.078829e+02
229	1.078993e+02
230	1.078703e+02
231	1.078455e+02
232	1.077645e+02
233	1.076294e+02
234	1.075462e+02
235	1.073246e+02
236	1.070699e+02
237	1.067866e+02
238	1.065509e+02
239	1.063618e+02
240	1.062513e+02
241	1.061382e+02
242	1.060143e+02
243	1.058824e+02
244	1.057784e+02
245	1.056548e+02
246	1.055701e+02
247	1.054185e+02
248	1.052398e+02
249	1.050911e+02
250	1.049292e+02
251	1.047293e+02
252	1.045547e+02
253	1.044023e+02
254	1.043412e+02
255	1.043428e+02
256	1.043650e+02
257	1.044166e+02
258	1.045364e+02
259	1.047061e+02
260	1.049208e+02
261	1.051887e+02
262	1.054164e+02
263	1.056574e+02
264	1.059166e+02
265	1.061849e+02
266	1.063895e+02
267	1.066777e+02
268	1.069263e+02
269	1.070868e+02
270	1.071798e+02
271	1.072460e+02
272	1.072362e+02
273	1.071878e+02
274	1.071241e+02
275	1.070231e+02
276	1.069264e+02
277	1.068129e+02
278	1.066589e+02
279	1.064420e+02
280	1.062063e+02
281	1.059969e+02
282	1.058365e+02
283	1.058137e+02
284	1.058293e+02
285	1.058187e+02
286	1.058645e+02
287	1.059257e+02
288	1.060009e+02
289	1.060837e+02
290	1.061302e+02
291	1.062339e+02
292	1.063354e+02
293	1.064626e+02
294	1.066687e+02
295	1.069273e+02
296	1.071165e+02
297	1.073437e+02
298	1.076095e+02
299	1.078128e+02
300	1.080129e+02
301	1.082420e+02
302	1.085357e+02
303	1.087825e+02
304	1.090383e+02
305	1.093161e+02
306	1.095781e+02
307	1.099112e+02
308	1.102148e+02
309	1.105073e+02
310	1.107468e+02
311	1.109792e+02
312	1.112431e+02
313	1.114159e+02
314	1.114669e+02
315	1.114692e+02
316	1.115196e+02
317	1.115721e+02
318	1.116033e+02
319	1.115481e+02
320	1.113596e+02
321	1.111676e+02
322	1.110234e+02
323	1.108635e+02
324	1.107160e+02
325	1.105260e+02
326	1.103358e+02
327	1.102009e+02
328	1.099723e+02
329	1.097007e+02
330	1.093883e+02
331	1.090795e+02
332	1.087774e+02
333	1.084975e+02
334	1.081737e+02
335	1.077682e+02
336	1.073443e+02
337	1.068994e+02
338	1.064207e+02
339	1.059880e+02
340	1.055825e+02
341	1.052486e+02
342	1.049957e+02
343	1.048008e+02
344	1.046507e+02
345	1.045489e+02
346	1.045490e+02
347	1.045221e+02
348	1.045381e+02
349	1.045889e+02
350	1.046689e+02
351	1.047451e+02
352	1.049149e+02
353	1.050737e+02
354	1.052714e+02
355	1.054511e+02
356	1.056201e+02
357	1.058148e+02
358	1.060064e+02
359	1.061848e+02
360	1.064271e+02
361	1.066635e+02
362	1.069714e+02
363	1.072760e+02
364	1.075530e+02
365	1.078686e+02
366	1.080955e+02
367	1.083121e+02
368	1.084839e+02
369	1.086586e+02
370	1.088622e+02
371	1.090875e+02
372	1.092998e+02
373	1.095476e+02
374	1.097302e+02
375	1.098899e+02
376	1.101148e+02
377	1.103549e+02
378	1.105569e+02
379	1.107214e+02
380	1.108958e+02
381	1.111369e+02
382	1.113667e+02
383	1.115888e+02
384	1.117757e+02
385	1.119152e+02
386	1.120212e+02
387	1.121342e+02
388	1.122601e+02
389	1.123782e+02
390	1.125074e+02
391	1.126381e+02
392	1.127729e+02
393	1.128966e+02
394	1.129476e+02
395	1.129186e+02
396	1.128512e+02
397	1.127781e+02
398	1.126987e+02
399	1.125644e+02
400	1.122697e+02
401	1.119621e+02
402	1.115876e+02
403	1.111740e+02
404	1.107930e+02
405	1.103380e+02
406	1.098461e+02
407	1.092501e+02
408	1.087053e+02
409	1.081881e+02
410	1.075801e+02
411	1.069592e+02
412	1.064180e+02
413	1.058851e+02
414	1.053324e+02
415	1.048200e+02
416	1.043355e+02
417	1.038877e+02
418	1.035058e+02
419	1.031761e+02
420	1.029721e+02
421	1.027904e+02
422	1.026623e+02
423	1.026080e+02
424	1.025550e+02
425	1.025260e+02
426	1.025191e+02
427	1.026057e+02
428	1.027814e+02
429	1.031076e+02
430	1.034793e+02
431	1.039275e+02
432	1.044366e+02
433	1.049964e+02
434	1.055989e+02
435	1.062154e+02
436	1.068791e+02
437	1.075894e+02
438	1.083133e+02
439	1.089983e+02
440	1.097252e+02
441	1.103710e+02
442	1.110539e+02
443	1.117475e+02
444	1.124446e+02
445	1.130860e+02
446	1.136708e+02
447	1.142138e+02
448	1.146529e+02
449	1.150331e+02
450	1.154337e+02
451	1.157801e+02
452	1.160502e+02
453	1.162027e+02
454	1.162489e+02
455	1.163101e+02
456	1.163166e+02
457	1.162591e+02
458	1.160872e+02
459	1.158804e+02
460	1.156101e+02
461	1.152641e+02
462	1.149784e+02
463	1.145956e+02
464	1.142368e+02
465	1.138888e+02
466	1.135533e+02
467	1.131771e+02
468	1.128250e+02
469	1.124325e+02
470	1.120695e+02
471	1.115927e+02
472	1.111607e+02
473	1.107728e+02
474	1.103178e+02
475	1.098302e+02
476	1.093164e+02
477	1.087796e+02
478	1.082418e+02
479	1.076744e+02
480	1.071535e+02
481	1.067124e+02
482	1.064608e+02
483	1.062894e+02
484	1.062157e+02
485	1.061435e+02
486	1.062022e+02
487	1.063182e+02
488	1.064519e+02
489	1.065382e+02
490	1.066291e+02
491	1.068280e+02
492	1.069881e+02
493	1.070926e+02
494	1.073014e+02
495	1.074472e+02
496	1.075973e+02
497	1.077667e+02
498	1.080166e+02
499	1.082595e+02
500	1.085530e+02
501	1.088654e+02
502	1.091359e+02
503	1.094134e+02
504	1.096463e+02
505	1.097597e+02
506	1.098016e+02
507	1.098096e+02
508	1.098052e+02
509	1.098578e+02
510	1.099076e+02
511	1.099926e+02
512	1.100487e+02
513	1.100217e+02
514	1.099894e+02
515	1.099374e+02
516	1.098083e+02
517	1.095751e+02
518	1.092856e+02
519	1.089611e+02
520	1.086860e+02
521	1.085194e+02
522	1.083023e+02
523	1.080948e+02
524	1.079219e+02
525	1.077694e+02
526	1.076911e+02
527	1.077470e+02
528	1.078802e+02
529	1.080516e+02
530	1.082216e+02
531	1.084995e+02
532	1.088021e+02
533	1.091837e+02
534	1.096400e+02
535	1.101591e+02
536	1.107181e+02
537	1.112887e+02
538	1.118961e+02
539	1.124904e+02
540	1.131030e+02
541	1.137486e+02
542	1.143231e+02
543	1.149288e+02
544	1.155234e+02
545	1.161736e+02
546	1.167932e+02
547	1.173881e+02
548	1.178853e+02
549	1.183932e+02
550	1.188067e+02
551	1.190690e+02
552	1.192068e+02
553	1.192235e+02
554	1.191421e+02
555	1.189608e+02
556	1.187569e+02
557	1.185352e+02
558	1.182884e+02
559	1.178969e+02
560	1.174557e+02
561	1.169487e+02
562	1.163713e+02
563	1.157371e+02
564	1.151147e+02
565	1.144976e+02
566	1.138789e+02
567	1.132259e+02
568	1.125683e+02
569	1.119111e+02
570	1.112342e+02
571	1.104634e+02
572	1.097171e+02
573	1.089751e+02
574	1.082203e+02
575	1.074298e+02
576	1.066937e+02
577	1.060165e+02
578	1.054056e+02
579	1.049048e+02
580	1.044317e+02
581	1.039453e+02
582	1.035533e+02
583	1.031702e+02
584	1.029017e+02
585	1.027382e+02
586	1.026565e+02
587	1.026653e+02
588	1.027216e+02
589	1.028356e+02
590	1.029382e+02
591	1.030981e+02
592	1.032925e+02
593	1.035675e+02
594	1.039119e+02
595	1.043460e+02
596	1.048558e+02
597	1.053947e+02
598	1.059680e+02
599	1.065727e+02
600	1.071718e+02
601	1.077355e+02
602	1.082732e+02
603	1.087488e+02
604	1.092216e+02
605	1.096411e+02
606	1.100079e+02
607	1.102352e+02
608	1.104464e+02
609	1.106315e+02
610	1.106869e+02
611	1.106601e+02
612	1.106079e+02
613	1.104808e+02
614	1.102795e+02
615	1.100083e+02
616	1.097008e+02
617	1.093458e+02
618	1.090234e+02
619	1.085975e+02
620	1.081690e+02
621	1.076946e+02
622	1.072587e+02
623	1.067598e+02
624	1.063144e+02
625	1.058484e+02
626	1.053944e+02
627	1.049534e+02
628	1.045454e+02
629	1.040952e+02
630	1.037305e+02
631	1.033805e+02
632	1.030903e+02
633	1.028584e+02
634	1.026681e+02
635	1.024971e+02
636	1.024166e+02
637	1.024330e+02
638	1.025685e+02
639	1.026706e+02
640	1.028608e+02
641	1.031555e+02
642	1.034502e+02
643	1.038190e+02
644	1.042891e+02
645	1.048403e+02
646	1.054043e+02
647	1.060635e+02
648	1.066929e+02
649	1.073833e+02
650	1.080355e+02
651	1.086407e+02
652	1.091769e+02
653	1.097304e+02
654	1.102988e+02
655	1.107946e+02
656	1.112259e+02
657	1.116427e+02
658	1.119597e+02
659	1.122233e+02
660	1.124527e+02
661	1.125561e+02
662	1.125694e+02
663	1.125044e+02
664	1.123813e+02
665	1.122096e+02
666	1.118981e+02
667	1.114879e+02
668	1.110813e+02
669	1.106361e+02
670	1.101900e+02
671	1.097750e+02
672	1.093910e+02
673	1.089401e+02
674	1.084168e+02
675	1.079217e+02
676	1.074599e+02
677	1.070450e+02
678	1.066283e+02
679	1.063173e+02
680	1.059836e+02
681	1.056636e+02
682	1.053886e+02
683	1.051675e+02
684	1.049623e+02
685	1.047183e+02
686	1.045111e+02
687	1.044194e+02
688	1.044258e+02
689	1.044696e+02
690	1.045659e+02
691	1.047208e+02
692	1.049053e+02
693	1.051631e+02
694	1.054116e+02
695	1.057538e+02
696	1.061596e+02
697	1.065248e+02
698	1.068243e+02
699	1.070660e+02
700	1.073233e+02
701	1.076175e+02
702	1.079734e+02
703	1.083614e+02
704	1.088375e+02
705	1.092851e+02
706	1.097740e+02
707	1.103475e+02
708	1.108679e+02
709	1.113287e+02
710	1.117975e+02
711	1.122477e+02
712	1.126100e+02
713	1.129033e+02
714	1.131389e+02
715	1.134047e+02
716	1.135593e+02
717	1.135833e+02
718	1.135868e+02
719	1.135386e+02
720	1.133983e+02
721	1.132105e+02
722	1.129546e+02
723	1.126902e+02
724	1.124706e+02
725	1.122562e+02
726	1.120907e+02
727	1.118727e+02
728	1.116297e+02
729	1.113280e+02
730	1.109879e+02
731	1.106033e+02
732	1.101921e+02
733	1.097672e+02
734	1.093992e+02
735	1.091432e+02
736	1.088737e+02
737	1.086606e+02
738	1.084892e+02
739	1.084200e+02
740	1.084355e+02
741	1.084817e+02
742	1.085006e+02
743	1.085524e+02
744	1.086421e+02
745	1.087997e+02
746	1.089645e+02
747	1.091420e+02
748	1.094009e+02
749	1.097311e+02
750	1.101443e+02
751	1.106275e+02
752	1.111212e+02
753	1.116000e+02
754	1.120507e+02
755	1.124600e+02
756	1.128628e+02
757	1.132491e+02
758	1.136282e+02
759	1.139497e+02
760	1.142177e+02
761	1.144797e+02
762	1.147459e+02
763	1.149508e+02
764	1.151287e+02
765	1.152394e+02
766	1.153229e+02
767	1.154006e+02
768	1.155147e+02
769	1.155357e+02
770	1.155243e+02
771	1.155319e+02
772	1.155051e+02
773	1.155300e+02
774	1.154843e+02
775	1.154121e+02
776	1.152843e+02
777	1.151180e+02
778	1.148351e+02
779	1.146058e+02
780	1.144251e+02
781	1.142135e+02
782	1.139782e+02
783	1.137577e+02
784	1.134984e+02
785	1.132889e+02
786	1.131437e+02
787	1.130127e+02
788	1.128592e+02
789	1.126911e+02
790	1.126266e+02
791	1.126485e+02
792	1.126891e+02
793	1.127472e+02
794	1.127471e+02
795	1.128203e+02
796	1.129085e+02
797	1.129948e+02
798	1.131692e+02
799	1.132472e+02
800	1.133510e+02
801	1.133925e+02
802	1.133989e+02
803	1.133360e+02
804	1.131936e+02
805	1.129940e+02
806	1.128092e+02
807	1.125864e+02
808	1.124381e+02
809	1.123150e+02
810	1.122691e+02
811	1.122355e+02
812	1.121621e+02
813	1.120654e+02
814	1.119039e+02
815	1.117237e+02
816	1.115205e+02
817	1.113327e+02
818	1.111252e+02
819	1.109330e+02
820	1.106486e+02
821	1.103725e+02
822	1.101200e+02
823	1.099096e+02
824	1.098349e+02
825	1.097741e+02
826	1.097377e+02
827	1.097964e+02
828	1.099289e+02
829	1.101483e+02
830	1.103634e+02
831	1.107341e+02
832	1.110512e+02
833	1.114119e+02
834	1.118752e+02
835	1.124002e+02
836	1.129379e+02
837	1.134753e+02
838	1.140565e+02
839	1.146478e+02
840	1.152331e+02
841	1.158419e+02
842	1.164682e+02
843	1.170241e+02
844	1.175207e+02
845	1.180944e+02
846	1.186244e+02
847	1.192152e+02
848	1.197137e+02
849	1.201771e+02
850	1.206009e+02
851	1.210448e+02
852	1.213594e+02
853	1.216340e+02
854	1.218702e+02
855	1.220425e+02
856	1.221061e+02
857	1.220452e+02
858	1.219077e+02
859	1.216401e+02
860	1.212759e+02
861	1.208116e+02
862	1.202316e+02
863	1.195453e+02
864	1.188018e+02
865	1.180060e+02
866	1.170586e+02
867	1.161408e+02
868	1.152236e+02
869	1.143181e+02
870	1.134636e+02
871	1.125346e+02
872	1.116349e+02
873	1.107622e+02
874	1.099014e+02
875	1.091004e+02
876	1.082650e+02
877	1.074851e+02
878	1.067545e+02
879	1.060507e+02
880	1.054000e+02
881	1.047440e+02
882	1.041318e+02
883	1.036035e+02
884	1.031179e+02
885	1.026814e+02
886	1.023617e+02
887	1.020789e+02
888	1.018472e+02
889	1.015640e+02
890	1.013055e+02
891	1.010473e+02
892	1.008546e+02
893	1.007074e+02
894	1.005073e+02
895	1.003103e+02
896	1.001408e+02
897	1.000977e+02
898	1.000724e+02
899	1.000973e+02
900	1.001250e+02
901	1.000915e+02
902	1.001239e+02
903	1.001728e+02
904	1.002543e+02
905	1.004553e+02
906	1.005642e+02
907	1.007156e+02
908	1.009170e+02
909	1.011551e+02
910	1.013603e+02
911	1.015317e+02
912	1.016552e+02
913	1.018289e+02
914	1.019814e+02
915	1.021409e+02
916	1.024079e+02
917	1.027681e+02
918	1.031338e+02
919	1.035142e+02
920	1.039410e+02
921	1.043968e+02
922	1.049283e+02
923	1.055426e+02
924	1.062706e+02
925	1.070579e+02
926	1.078873e+02
927	1.087336e+02
928	1.096290e+02
929	1.105512e+02
930	1.115431e+02
931	1.125441e+02
932	1.134469e+02
933	1.143250e+02
934	1.151208e+02
935	1.159056e+02
936	1.166559e+02
937	1.173389e+02
938	1.179606e+02
939	1.184792e+02
940	1.189377e+02
941	1.193175e+02
942	1.195534e+02
943	1.196873e+02
944	1.197824e+02
945	1.198745e+02
946	1.199121e+02
947	1.199066e+02
948	1.199107e+02
949	1.197884e+02
950	1.196470e+02
951	1.195107e+02
952	1.193027e+02
953	1.189639e+02
954	1.184665e+02
955	1.179498e+02
956	1.173585e+02
957	1.167266e+02
958	1.160845e+02
959	1.153932e+02
960	1.145880e+02
961	1.137367e+02
962	1.128391e+02
963	1.120216e+02
964	1.111408e+02
965	1.102784e+02
966	1.094094e+02
967	1.085672e+02
968	1.076542e+02
969	1.067619e+02
970	1.059073e+02
971	1.051066e+02
972	1.043044e+02
973	1.035574e+02
974	1.028342e+02
975	1.021166e+02
976	1.014646e+02
977	1.009668e+02
978	1.005231e+02
979	1.001859e+02
980	9.995264e+01
981	9.986024e+01
982	9.987172e+01
983	9.989853e+01
984	9.999189e+01
985	1.001471e+02
986	1.002322e+02
987	1.003106e+02
988	1.004727e+02
989	1.006562e+02
990	1.009014e+02
991	1.011735e+02
992	1.014077e+02
993	1.016154e+02
994	1.018412e+02
995	1.021294e+02
996	1.024012e+02
997	1.026509e+02
998	1.028742e+02
999	1.030237e+02
1000	1.031806e+02
1001	1.032901e+02
1002	1.034197e+02
1003	1.034665e+02
1004	1.035400e+02
1005	1.036690e+02
1006	1.038067e+02
1007	1.038946e+02
1008	1.040084e+02
1009	1.041487e+02
1010	1.043124e+02
1011	1.044839e+02
1012	1.046441e+02
1013	1.048233e+02
1014	1.050496e+02
1015	1.053401e+02
1016	1.056918e+02
1017	1.060647e+02
1018	1.065263e+02
1019	1.070499e+02
1020	1.076634e+02
1021	1.083076e+02
1022	1.089354e+02
1023	1.095995e+02
1024	1.102394e+02
1025	1.108794e+02
1026	1.114846e+02
1027	1.121037e+02
1028	1.126836e+02
1029	1.132121e+02
1030	1.137073e+02
1031	1.142055e+02
1032	1.146563e+02
1033	1.150995e+02
1034	1.155591e+02
1035	1.160198e+02
1036	1.163412e+02
1037	1.165924e+02
1038	1.167861e+02
1039	1.168571e+02
1040	1.168933e+02
1041	1.168654e+02
1042	1.167417e+02
1043	1.165038e+02
1044	1.162172e+02
1045	1.158380e+02
1046	1.153802e+02
1047	1.148775e+02
1048	1.143895e+02
1049	1.139442e+02
1050	1.135392e+02
1051	1.131081e+02
1052	1.127246e+02
1053	1.123383e+02
1054	1.119183e+02
1055	1.115109e+02
1056	1.110693e+02
1057	1.105632e+02
1058	1.100096e+02
1059	1.094451e+02
1060	1.088986e+02
1061	1.083674e+02
1062	1.078251e+02
1063	1.072736e+02
1064	1.067141e+02
1065	1.061516e+02
1066	1.055967e+02
1067	1.051733e+02
1068	1.048261e+02
1069	1.045344e+02
1070	1.043238e+02
1071	1.041669e+02
1072	1.040762e+02
1073	1.040561e+02
1074	1.041674e+02
1075	1.043654e+02
1076	1.046105e+02
1077	1.048898e+02
1078	1.052133e+02
1079	1.055468e+02
1080	1.059513e+02
1081	1.063807e+02
1082	1.068785e+02
1083	1.073853e+02
1084	1.078568e+02
1085	1.083463e+02
1086	1.088377e+02
1087	1.092624e+02
1088	1.096757e+02
1089	1.100514e+02
1090	1.104169e+02
1091	1.107409e+02
1092	1.110426e+02
1093	1.113579e+02
1094	1.116513e+02
1095	1.119714e+02
1096	1.122984e+02
1097	1.126346e+02
1098	1.129069e+02
1099	1.131679e+02
1100	1.134576e+02
1101	1.138066e+02
1102	1.141557e+02
1103	1.144775e+02
1104	1.147725e+02
1105	1.151633e+02
1106	1.155597e+02
1107	1.158281e+02
1108	1.160598e+02
1109	1.162777e+02
1110	1.164383e+02
1111	1.165786e+02
1112	1.166019e+02
1113	1.166455e+02
1114	1.167210e+02
1115	1.167814e+02
1116	1.168198e+02
1117	1.168244e+02
1118	1.167876e+02
1119	1.167990e+02
1120	1.168343e+02
1121	1.168370e+02
1122	1.168367e+02
1123	1.168168e+02
1124	1.168345e+02
1125	1.169391e+02
1126	1.170012e+02
1127	1.169881e+02
1128	1.169424e+02
1129	1.167719e+02
1130	1.166175e+02
1131	1.163648e+02
1132	1.160107e+02
1133	1.155712e+02
1134	1.150851e+02
1135	1.146908e+02
1136	1.142746e+02
1137	1.138227e+02
1138	1.133083e+02
1139	1.127856e+02
1140	1.122940e+02
1141	1.117776e+02
1142	1.112882e+02
1143	1.108787e+02
1144	1.105244e+02
1145	1.102344e+02
1146	1.099547e+02
1147	1.096756e+02
1148	1.093753e+02
1149	1.090756e+02
1150	1.088137e+02
1151	1.085123e+02
1152	1.083307e+02
1153	1.082552e+02
1154	1.081610e+02
1155	1.081779e+02
1156	1.081872e+02
1157	1.082888e+02
1158	1.082999e+02
1159	1.084123e+02
1160	1.086190e+02
1161	1.089040e+02
1162	1.092272e+02
1163	1.096572e+02
1164	1.101519e+02
1165	1.106820e+02
1166	1.112908e+02
1167	1.118465e+02
1168	1.124638e+02
1169	1.130974e+02
1170	1.137960e+02
1171	1.144219e+02
1172	1.150161e+02
1173	1.155166e+02
1174	1.158691e+02
1175	1.161776e+02
1176	1.163758e+02
1177	1.165146e+02
1178	1.165324e+02
1179	1.164493e+02
1180	1.162276e+02
1181	1.159665e+02
1182	1.157431e+02
1183	1.154972e+02
1184	1.152548e+02
1185	1.150346e+02
1186	1.148026e+02
1187	1.146242e+02
1188	1.143633e+02
1189	1.140321e+02
1190	1.136165e+02
1191	1.131958e+02
1192	1.127944e+02
1193	1.124142e+02
1194	1.119998e+02
1195	1.115782e+02
1196	1.111148e+02
1197	1.107125e+02
1198	1.104494e+02
1199	1.102436e+02
1200	1.100186e+02
1201	1.098082e+02
1202	1.096575e+02
1203	1.095354e+02
1204	1.095011e+02
1205	1.095215e+02
1206	1.095182e+02
1207	1.095031e+02
1208	1.094820e+02
1209	1.094782e+02
1210	1.094265e+02
1211	1.092949e+02
1212	1.091831e+02
1213	1.091305e+02
1214	1.091587e+02
1215	1.091167e+02
1216	1.091002e+02
1217	1.091357e+02
1218	1.091303e+02
1219	1.090959e+02
1220	1.090783e+02
1221	1.091113e+02
1222	1.090869e+02
1223	1.091079e+02
1224	1.090934e+02
1225	1.090506e+02
1226	1.089487e+02
1227	1.088788e+02
1228	1.087757e+02
1229	1.086483e+02
1230	1.084904e+02
1231	1.082848e+02
1232	1.080560e+02
1233	1.078514e+02
1234	1.077081e+02
1235	1.075055e+02
1236	1.072617e+02
1237	1.069821e+02
1238	1.066005e+02
1239	1.062111e+02
1240	1.058714e+02
1241	1.056395e+02
1242	1.054789e+02
1243	1.053202e+02
1244	1.051467e+02
1245	1.050040e+02
1246	1.049768e+02
1247	1.049865e+02
1248	1.050911e+02
1249	1.052635e+02
1250	1.054510e+02
1251	1.057538e+02
1252	1.060752e+02
1253	1.064889e+02
1254	1.069564e+02
1255	1.075106e+02
1256	1.080480e+02
1257	1.086461e+02
1258	1.093421e+02
1259	1.101224e+02
1260	1.109603e+02
1261	1.118067e+02
1262	1.127113e+02
1263	1.137158e+02
1264	1.147145e+02
1265	1.156782e+02
1266	1.166510e+02
1267	1.175857e+02
1268	1.184991e+02
1269	1.194317e+02
1270	1.202819e+02
1271	1.211263e+02
1272	1.219540e+02
1273	1.226826e+02
1274	1.232977e+02
1275	1.238368e+02
1276	1.244133e+02
1277	1.249440e+02
1278	1.254418e+02
1279	1.257391e+02
1280	1.259092e+02
1281	1.259778e+02
1282	1.259762e+02
1283	1.258271e+02
1284	1.256679e+02
1285	1.255018e+02
1286	1.252406e+02
1287	1.249986e+02
1288	1.246980e+02
1289	1.243367e+02
1290	1.240001e+02
1291	1.236842e+02
1292	1.234250e+02
1293	1.231666e+02
1294	1.229027e+02
1295	1.226409e+02
1296	1.223479e+02
1297	1.219782e+02
1298	1.215414e+02
1299	1.210098e+02
1300	1.204151e+02
1301	1.197635e+02
1302	1.190396e+02
1303	1.182721e+02
1304	1.175908e+02
1305	1.170061e+02
1306	1.163662e+02
1307	1.158001e+02
1308	1.152247e+02
1309	1.147370e+02
1310	1.143288e+02
1311	1.139846e+02
1312	1.136588e+02
1313	1.133603e+02
1314	1.131486e+02
1315	1.129330e+02
1316	1.127200e+02
1317	1.126054e+02
1318	1.124867e+02
1319	1.124433e+02
1320	1.124314e+02
1321	1.123468e+02
1322	1.123440e+02
1323	1.123034e+02
1324	1.123526e+02
1325	1.124189e+02
1326	1.125467e+02
1327	1.126869e+02
1328	1.128017e+02
1329	1.128859e+02
1330	1.129757e+02
1331	1.130134e+02
1332	1.130873e+02
1333	1.132205e+02
1334	1.133428e+02
1335	1.134979e+02
1336	1.136153e+02
1337	1.137487e+02
1338	1.139007e+02
1339	1.140132e+02
1340	1.142045e+02
1341	1.143697e+02
1342	1.145916e+02
1343	1.148177e+02
1344	1.149938e+02
1345	1.151042e+02
1346	1.151651e+02
1347	1.151831e+02
1348	1.151794e+02
1349	1.151407e+02
1350	1.149538e+02
1351	1.147813e+02
1352	1.145607e+02
1353	1.143570e+02
1354	1.141466e+02
1355	1.139723e+02
1356	1.138218e+02
1357	1.137201e+02
1358	1.135705e+02
1359	1.134093e+02
1360	1.131857e+02
1361	1.130098e+02
1362	1.128394e+02
1363	1.126702e+02
1364	1.125088e+02
1365	1.123015e+02
1366	1.120375e+02
1367	1.117937e+02
1368	1.115340e+02
1369	1.112335e+02
1370	1.108866e+02
1371	1.105120e+02
1372	1.100950e+02
1373	1.096374e+02
1374	1.091639e+02
1375	1.087463e+02
1376	1.082880e+02
1377	1.078383e+02
1378	1.073857e+02
1379	1.070132e+02
1380	1.067137e+02
1381	1.065109e+02
1382	1.063227e+02
1383	1.062456e+02
1384	1.062184e+02
1385	1.063210e+02
1386	1.063920e+02
1387	1.065349e+02
1388	1.067535e+02
1389	1.070458e+02
1390	1.073686e+02
1391	1.077322e+02
1392	1.081362e+02
1393	1.085066e+02
1394	1.088829e+02
1395	1.092806e+02
1396	1.097022e+02
1397	1.101153e+02
1398	1.105223e+02
1399	1.109100e+02
1400	1.112778e+02
1401	1.116509e+02
1402	1.120098e+02
1403	1.123692e+02
1404	1.127955e+02
1405	1.133480e+02
1406	1.138105e+02
1407	1.142576e+02
1408	1.146906e+02
1409	1.150767e+02
1410	1.153786e+02
1411	1.156721e+02
1412	1.158121e+02
1413	1.159104e+02
1414	1.159611e+02
1415	1.158759e+02
1416	1.158117e+02
1417	1.158108e+02
1418	1.158263e+02
1419	1.157541e+02
1420	1.156801e+02
1421	1.155667e+02
1422	1.154526e+02
1423	1.153786e+02
1424	1.152492e+02
1425	1.149943e+02
1426	1.146788e+02
1427	1.143463e+02
1428	1.141139e+02
1429	1.138941e+02
1430	1.137159e+02
1431	1.134880e+02
1432	1.133121e+02
1433	1.131330e+02
1434	1.129507e+02
1435	1.127553e+02
1436	1.125631e+02
1437	1.123614e+02
1438	1.120965e+02
1439	1.118576e+02
1440	1.117045e+02
1441	1.115239e+02
1442	1.113074e+02
1443	1.111419e+02
1444	1.109717e+02
1445	1.107884e+02
1446	1.106510e+02
1447	1.105709e+02
1448	1.105091e+02
1449	1.104174e+02
1450	1.102717e+02
1451	1.101184e+02
1452	1.099412e+02
1453	1.097282e+02
1454	1.094746e+02
1455	1.092385e+02
1456	1.089816e+02
1457	1.087389e+02
1458	1.084857e+02
1459	1.082656e+02
1460	1.080327e+02
1461	1.078242e+02
1462	1.076086e+02
1463	1.073957e+02
1464	1.072689e+02
1465	1.070996e+02
1466	1.069283e+02
1467	1.068097e+02
1468	1.067451e+02
1469	1.066537e+02
1470	1.066167e+02
1471	1.066019e+02
1472	1.066285e+02
1473	1.066752e+02
1474	1.068446e+02
1475	1.070482e+02
1476	1.072359e+02
1477	1.074503e+02
1478	1.077551e+02
1479	1.080718e+02
1480	1.083900e+02
1481	1.087628e+02
1482	1.092223e+02
1483	1.096955e+02
1484	1.102034e+02
1485	1.107721e+02
1486	1.113404e+02
1487	1.120849e+02
1488	1.127664e+02
1489	1.134713e+02
1490	1.141326e+02
1491	1.147856e+02
1492	1.154157e+02
1493	1.160202e+02
1494	1.166018e+02
1495	1.171738e+02
1496	1.177466e+02
1497	1.183024e+02
1498	1.188477e+02
1499	1.193404e+02
1500	1.197414e+02
1501	1.200383e+02
1502	1.203623e+02
1503	1.206543e+02
1504	1.208693e+02
1505	1.210303e+02
1506	1.211475e+02
1507	1.212478e+02
1508	1.212836e+02
1509	1.212650e+02
1510	1.211572e+02
1511	1.210227e+02
1512	1.207702e+02
1513	1.205465e+02
1514	1.202734e+02
1515	1.199506e+02
1516	1.195874e+02
1517	1.192436e+02
1518	1.188320e+02
1519	1.183374e+02
1520	1.177550e+02
1521	1.170969e+02
1522	1.163585e+02
1523	1.155319e+02
1524	1.146317e+02
1525	1.135943e+02
1526	1.125165e+02
1527	1.114131e+02
1528	1.103679e+02
1529	1.093552e+02
1530	1.084609e+02
1531	1.077640e+02
1532	1.071617e+02
1533	1.066864e+02
1534	1.061932e+02
1535	1.057743e+02
1536	1.054682e+02
1537	1.052634e+02
1538	1.051492e+02
1539	1.050787e+02
1540	1.050981e+02
1541	1.051648e+02
1542	1.053063e+02
1543	1.055087e+02
1544	1.057637e+02
1545	1.059782e+02
1546	1.061359e+02
1547	1.062913e+02
1548	1.065121e+02
1549	1.067249e+02
1550	1.069177e+02
1551	1.071042e+02
1552	1.072587e+02
1553	1.074628e+02
1554	1.076839e+02
1555	1.078884e+02
1556	1.080990e+02
1557	1.082658e+02
1558	1.084509e+02
1559	1.086487e+02
1560	1.088815e+02
1561	1.091119e+02
1562	1.092779e+02
1563	1.093978e+02
1564	1.094295e+02
1565	1.094991e+02
1566	1.094307e+02
1567	1.094342e+02
1568	1.093374e+02
1569	1.091872e+02
1570	1.089763e+02
1571	1.087221e+02
1572	1.084745e+02
1573	1.082743e+02
1574	1.080411e+02
1575	1.077910e+02
1576	1.075305e+02
1577	1.072902e+02
1578	1.071267e+02
1579	1.070275e+02
1580	1.069600e+02
1581	1.069040e+02
1582	1.069506e+02
1583	1.069823e+02
1584	1.070677e+02
1585	1.072155e+02
1586	1.073082e+02
1587	1.074610e+02
1588	1.076911e+02
1589	1.079892e+02
1590	1.082069e+02
1591	1.083929e+02
1592	1.086190e+02
1593	1.088332e+02
1594	1.090395e+02
1595	1.092466e+02
1596	1.094523e+02
1597	1.096649e+02
1598	1.098888e+02
1599	1.100637e+02
1600	1.102565e+02
1601	1.104542e+02
1602	1.105680e+02
1603	1.106654e+02
1604	1.106654e+02
1605	1.106110e+02
1606	1.105080e+02
1607	1.103136e+02
1608	1.099955e+02
1609	1.095678e+02
1610	1.089580e+02
1611	1.083206e+02
1612	1.077633e+02
1613	1.072887e+02
1614	1.068210e+02
1615	1.062378e+02
1616	1.056112e+02
1617	1.050768e+02
1618	1.045696e+02
1619	1.041255e+02
1620	1.037539e+02
1621	1.034074e+02
1622	1.031072e+02
1623	1.028412e+02
1624	1.026060e+02
1625	1.024452e+02
1626	1.023841e+02
1627	1.024054e+02
1628	1.024925e+02
1629	1.025895e+02
1630	1.027317e+02
1631	1.029268e+02
1632	1.031660e+02
1633	1.034133e+02
1634	1.036323e+02
1635	1.039005e+02
1636	1.041896e+02
1637	1.044827e+02
1638	1.047379e+02
1639	1.049581e+02
1640	1.051591e+02
1641	1.053500e+02
1642	1.054839e+02
1643	1.056682e+02
1644	1.059040e+02
1645	1.060629e+02
1646	1.061167e+02
1647	1.061675e+02
1648	1.062707e+02
1649	1.063351e+02
1650	1.063840e+02
1651	1.063601e+02
1652	1.062453e+02
1653	1.061124e+02
1654	1.060406e+02
1655	1.059730e+02
1656	1.058974e+02
1657	1.059230e+02
1658	1.059436e+02
1659	1.059285e+02
1660	1.059677e+02
1661	1.060114e+02
1662	1.060923e+02
1663	1.061756e+02
1664	1.063104e+02
1665	1.065018e+02
1666	1.067404e+02
1667	1.070050e+02
1668	1.072444e+02
1669	1.074476e+02
1670	1.076397e+02
1671	1.077759e+02
1672	1.079492e+02
1673	1.082104e+02
1674	1.085135e+02
1675	1.087440e+02
1676	1.090127e+02
1677	1.092255e+02
1678	1.093924e+02
1679	1.096204e+02
1680	1.098550e+02
1681	1.101381e+02
1682	1.104219e+02
1683	1.107864e+02
1684	1.111887e+02
1685	1.116602e+02
1686	1.121780e+02
1687	1.126715e+02
1688	1.131299e+02
1689	1.135794e+02
1690	1.140921e+02
1691	1.145943e+02
1692	1.150783e+02
1693	1.155138e+02
1694	1.159240e+02
1695	1.162739e+02
1696	1.165445e+02
1697	1.167428e+02
1698	1.168716e+02
1699	1.169814e+02
1700	1.170365e+02
1701	1.169798e+02
1702	1.169552e+02
1703	1.168838e+02
1704	1.168033e+02
1705	1.166712e+02
1706	1.164923e+02
1707	1.162612e+02
1708	1.160235e+02
1709	1.157638e+02
1710	1.155352e+02
1711	1.152379e+02
1712	1.149541e+02
1713	1.147013e+02
1714	1.144395e+02
1715	1.141659e+02
1716	1.138848e+02
1717	1.135755e+02
1718	1.132061e+02
1719	1.128073e+02
1720	1.123470e+02
1721	1.118788e+02
1722	1.114267e+02
1723	1.110497e+02
1724	1.107331e+02
1725	1.104423e+02
1726	1.102807e+02
1727	1.101482e+02
1728	1.100161e+02
1729	1.098921e+02
1730	1.098059e+02
1731	1.097161e+02
1732	1.096831e+02
1733	1.096461e+02
1734	1.095914e+02
1735	1.095664e+02
1736	1.096651e+02
1737	1.097432e+02
1738	1.097700e+02
1739	1.098318e+02
1740	1.099102e+02
1741	1.100103e+02
1742	1.101411e+02
1743	1.102950e+02
1744	1.105213e+02
1745	1.108163e+02
1746	1.111180e+02
1747	1.114434e+02
1748	1.118296e+02
1749	1.122479e+02
1750	1.128009e+02
1751	1.133961e+02
1752	1.140121e+02
1753	1.146996e+02
1754	1.153362e+02
1755	1.159717e+02
1756	1.165722e+02
1757	1.171639e+02
1758	1.178013e+02
1759	1.184085e+02
1760	1.190377e+02
1761	1.196389e+02
1762	1.202611e+02
1763	1.208755e+02
1764	1.214448e+02
1765	1.219354e+02
1766	1.223657e+02
1767	1.227538e+02
1768	1.230741e+02
1769	1.233824e+02
1770	1.237186e+02
1771	1.240083e+02
1772	1.242130e+02
1773	1.243658e+02
1774	1.244347e+02
1775	1.244926e+02
1776	1.245032e+02
1777	1.244844e+02
1778	1.243686e+02
1779	1.242864e+02
1780	1.241450e+02
1781	1.239027e+02
1782	1.235972e+02
1783	1.231901e+02
1784	1.226956e+02
1785	1.221251e+02
1786	1.214751e+02
1787	1.207500e+02
1788	1.199926e+02
1789	1.191953e+02
1790	1.184509e+02
1791	1.176917e+02
1792	1.169246e+02
1793	1.161328e+02
1794	1.152911e+02
1795	1.144112e+02
1796	1.135725e+02
1797	1.127195e+02
1798	1.117574e+02
1799	1.107254e+02
1800	1.096936e+02
1801	1.087085e+02
1802	1.077011e+02
1803	1.067045e+02
1804	1.057143e+02
1805	1.048328e+02
1806	1.040343e+02
1807	1.031985e+02
1808	1.024306e+02
1809	1.016994e+02
1810	1.009860e+02
1811	1.003025e+02
1812	9.968927e+01
1813	9.919766e+01
1814	9.875250e+01
1815	9.842033e+01
1816	9.812173e+01
1817	9.789775e+01
1818	9.767161e+01
1819	9.753327e+01
1820	9.746613e+01
1821	9.747578e+01
1822	9.761752e+01
1823	9.777942e+01
1824	9.799066e+01
1825	9.823596e+01
1826	9.846921e+01
1827	9.872926e+01
1828	9.905149e+01
1829	9.942679e+01
1830	9.981832e+01
1831	1.002865e+02
1832	1.007544e+02
1833	1.013396e+02
1834	1.019144e+02
1835	1.025045e+02
1836	1.031407e+02
1837	1.038135e+02
1838	1.045174e+02
1839	1.051665e+02
1840	1.058528e+02
1841	1.065545e+02
1842	1.073745e+02
1843	1.081953e+02
1844	1.089915e+02
1845	1.098093e+02
1846	1.105850e+02
1847	1.113016e+02
1848	1.119212e+02
1849	1.124886e+02
1850	1.130908e+02
1851	1.135800e+02
1852	1.139978e+02
1853	1.143546e+02
1854	1.147077e+02
1855	1.150102e+02
1856	1.153194e+02
1857	1.156333e+02
1858	1.159395e+02
1859	1.162525e+02
1860	1.165550e+02
1861	1.168663e+02
1862	1.170713e+02
1863	1.172385e+02
1864	1.173296e+02
1865	1.173786e+02
1866	1.173793e+02
1867	1.173223e+02
1868	1.172800e+02
1869	1.172286e+02
1870	1.171359e+02
1871	1.170835e+02
1872	1.169819e+02
1873	1.168867e+02
1874	1.167828e+02
1875	1.166547e+02
1876	1.164933e+02
1877	1.163332e+02
1878	1.161452e+02
1879	1.159056e+02
1880	1.156258e+02
1881	1.152895e+02
1882	1.148912e+02
1883	1.143801e+02
1884	1.139000e+02
1885	1.133087e+02
1886	1.126541e+02
1887	1.120166e+02
1888	1.114319e+02
1889	1.108318e+02
1890	1.102698e+02
1891	1.097557e+02
1892	1.091760e+02
1893	1.086822e+02
1894	1.081629e+02
1895	1.077677e+02
1896	1.074219e+02
1897	1.071024e+02
1898	1.067928e+02
1899	1.065260e+02
1900	1.063363e+02
1901	1.062188e+02
1902	1.061408e+02
1903	1.060868e+02
1904	1.061336e+02
1905	1.062318e+02
1906	1.063490e+02
1907	1.065406e+02
1908	1.067640e+02
1909	1.069909e+02
1910	1.071132e+02
1911	1.072588e+02
1912	1.075169e+02
1913	1.077460e+02
1914	1.079567e+02
1915	1.082246e+02
1916	1.085600e+02
1917	1.089567e+02
1918	1.093068e+02
1919	1.096402e+02
1920	1.099876e+02
1921	1.103261e+02
1922	1.105647e+02
1923	1.107616e+02
1924	1.109766e+02
1925	1.111346e+02
1926	1.112944e+02
1927	1.114064e+02
1928	1.114685e+02
1929	1.114951e+02
1930	1.114701e+02
1931	1.113386e+02
1932	1.111263e+02
1933	1.108641e+02
1934	1.105684e+02
1935	1.102359e+02
1936	1.099148e+02
1937	1.096356e+02
1938	1.092660e+02
1939	1.089463e+02
1940	1.086063e+02
1941	1.083574e+02
1942	1.081763e+02
1943	1.080189e+02
1944	1.079244e+02
1945	1.078734e+02
1946	1.078517e+02
1947	1.077491e+02
1948	1.076883e+02
1949	1.076792e+02
1950	1.076770e+02
1951	1.076809e+02
1952	1.076751e+02
1953	1.077435e+02
1954	1.077833e+02
1955	1.078520e+02
1956	1.080626e+02
1957	1.083729e+02
1958	1.086254e+02
1959	1.089421e+02
1960	1.092522e+02
1961	1.095447e+02
1962	1.098405e+02
1963	1.101416e+02
1964	1.104051e+02
1965	1.106030e+02
1966	1.107272e+02
1967	1.108013e+02
1968	1.108804e+02
1969	1.108927e+02
1970	1.108987e+02
1971	1.108772e+02
1972	1.108080e+02
1973	1.107234e+02
1974	1.105503e+02
1975	1.103534e+02
1976	1.101051e+02
1977	1.098022e+02
1978	1.094630e+02
1979	1.091359e+02
1980	1.087853e+02
1981	1.084853e+02
1982	1.081665e+02
1983	1.079244e+02
1984	1.076458e+02
1985	1.073938e+02
1986	1.071647e+02
1987	1.069891e+02
1988	1.068483e+02
1989	1.067673e+02
1990	1.067814e+02
1991	1.068165e+02
1992	1.068422e+02
1993	1.070116e+02
1994	1.073207e+02
1995	1.076222e+02
1996	1.078833e+02
1997	1.080395e+02
1998	1.081439e+02
1999	1.082396e+02
2000	1.083494e+02
2001	1.084966e+02
2002	1.086113e+02
2003	1.087675e+02
2004	1.089482e+02
2005	1.090695e+02
2006	1.092059e+02
2007	1.093912e+02
2008	1.096371e+02
2009	1.098807e+02
2010	1.100415e+02
2011	1.101981e+02
2012	1.103321e+02
2013	1.104753e+02
2014	1.105618e+02
2015	1.106100e+02
2016	1.106064e+02
2017	1.105308e+02
2018	1.104454e+02
2019	1.103979e+02
2020	1.103815e+02
2021	1.103727e+02
2022	1.103661e+02
2023	1.103110e+02
2024	1.103357e+02
2025	1.103825e+02
2026	1.104710e+02
2027	1.106462e+02
2028	1.108126e+02
2029	1.109802e+02
2030	1.112205e+02
2031	1.113731e+02
2032	1.116323e+02
2033	1.119155e+02
2034	1.122374e+02
2035	1.125792e+02
2036	1.129301e+02
2037	1.132682e+02
2038	1.135977e+02
2039	1.138764e+02
2040	1.142172e+02
2041	1.145828e+02
2042	1.149748e+02
2043	1.153403e+02
2044	1.157938e+02
2045	1.162274e+02
2046	1.166868e+02
2047	1.171386e+02
2048	1.175808e+02
2049	1.180205e+02
2050	1.184611e+02
2051	1.188571e+02
2052	1.192540e+02
2053	1.196172e+02
2054	1.199383e+02
2055	1.201910e+02
2056	1.203644e+02
2057	1.205092e+02
2058	1.204693e+02
2059	1.203442e+02
2060	1.201128e+02
2061	1.197718e+02
2062	1.194021e+02
2063	1.189981e+02
2064	1.186077e+02
2065	1.182283e+02
2066	1.178068e+02
2067	1.173343e+02
2068	1.168474e+02
2069	1.163909e+02
2070	1.159687e+02
2071	1.155864e+02
2072	1.151588e+02
2073	1.146751e+02
2074	1.140627e+02
2075	1.133830e+02
2076	1.127111e+02
2077	1.119896e+02
2078	1.112622e+02
2079	1.104409e+02
2080	1.096077e+02
2081	1.087229e+02
2082	1.078387e+02
2083	1.069640e+02
2084	1.061973e+02
2085	1.054790e+02
2086	1.048207e+02
2087	1.042569e+02
2088	1.037482e+02
2089	1.033354e+02
2090	1.029207e+02
2091	1.025277e+02
2092	1.022210e+02
2093	1.019421e+02
2094	1.016119e+02
2095	1.013079e+02
2096	1.010702e+02
2097	1.009429e+02
2098	1.009313e+02
2099	1.009831e+02
2100	1.010930e+02
2101	1.012706e+02
2102	1.014822e+02
2103	1.017956e+02
2104	1.021857e+02
2105	1.025731e+02
2106	1.029668e+02
2107	1.033702e+02
2108	1.038486e+02
2109	1.044094e+02
2110	1.049647e+02
2111	1.055651e+02
2112	1.061906e+02
2113	1.069575e+02
2114	1.077212e+02
2115	1.084337e+02
2116	1.092027e+02
2117	1.100261e+02
2118	1.108564e+02
2119	1.116185e+02
2120	1.122654e+02
2121	1.128818e+02
2122	1.135358e+02
2123	1.141330e+02
2124	1.146660e+02
2125	1.150774e+02
2126	1.154635e+02
2127	1.158806e+02
2128	1.162231e+02
2129	1.166260e+02
2130	1.170079e+02
2131	1.173127e+02
2132	1.175969e+02
2133	1.177762e+02
2134	1.179043e+02
2135	1.179479e+02
2136	1.178992e+02
2137	1.178750e+02
2138	1.178328e+02
2139	1.177554e+02
2140	1.177315e+02
2141	1.176810e+02
2142	1.175705e+02
2143	1.174694e+02
2144	1.173362e+02
2145	1.171626e+02
2146	1.169831e+02
2147	1.167537e+02
2148	1.165459e+02
2149	1.161990e+02
2150	1.158323e+02
2151	1.155007e+02
2152	1.151053e+02
2153	1.146398e+02
2154	1.141581e+02
2155	1.136885e+02
2156	1.132537e+02
2157	1.127716e+02
2158	1.122709e+02
2159	1.118434e+02
2160	1.113543e+02
2161	1.109001e+02
2162	1.105505e+02
2163	1.101901e+02
2164	1.097830e+02
2165	1.093163e+02
2166	1.088088e+02
2167	1.082945e+02
2168	1.077402e+02
2169	1.071365e+02
2170	1.066143e+02
2171	1.060813e+02
2172	1.056157e+02
2173	1.052176e+02
2174	1.048568e+02
2175	1.046056e+02
2176	1.044208e+02
2177	1.042800e+02
2178	1.042143e+02
2179	1.041692e+02
2180	1.041651e+02
2181	1.040969e+02
2182	1.040370e+02
2183	1.040571e+02
2184	1.040508e+02
2185	1.039920e+02
2186	1.039587e+02
2187	1.039705e+02
2188	1.039799e+02
2189	1.040018e+02
2190	1.040813e+02
2191	1.042080e+02
2192	1.044195e+02
2193	1.047012e+02
2194	1.050161e+02
2195	1.053712e+02
2196	1.057465e+02
2197	1.062458e+02
2198	1.068810e+02
2199	1.075992e+02
2200	1.083573e+02
2201	1.091285e+02
2202	1.100185e+02
2203	1.108957e+02
2204	1.118039e+02
2205	1.125958e+02
2206	1.133371e+02
2207	1.140442e+02
2208	1.147000e+02
2209	1.152901e+02
2210	1.158330e+02
2211	1.163273e+02
2212	1.167570e+02
2213	1.171082e+02
2214	1.174986e+02
2215	1.178933e+02
2216	1.182523e+02
2217	1.185957e+02
2218	1.188703e+02
2219	1.191144e+02
2220	1.193984e+02
2221	1.196446e+02
2222	1.198313e+02
2223	1.199893e+02
2224	1.200687e+02
2225	1.200523e+02
2226	1.199690e+02
2227	1.197523e+02
2228	1.194609e+02
2229	1.191344e+02
2230	1.188150e+02
2231	1.184490e+02
2232	1.179927e+02
2233	1.175375e+02
2234	1.170648e+02
2235	1.165592e+02
2236	1.161225e+02
2237	1.156828e+02
2238	1.151882e+02
2239	1.146868e+02
2240	1.141955e+02
2241	1.136113e+02
2242	1.129840e+02
2243	1.124155e+02
2244	1.118285e+02
2245	1.112665e+02
2246	1.107350e+02
2247	1.103425e+02
2248	1.099889e+02
2249	1.096202e+02
2250	1.091818e+02
2251	1.088302e+02
2252	1.085858e+02
2253	1.083139e+02
2254	1.080755e+02
2255	1.078653e+02
2256	1.076156e+02
2257	1.072882e+02
2258	1.069358e+02
2259	1.065839e+02
2260	1.062562e+02
2261	1.059312e+02
2262	1.056323e+02
2263	1.053596e+02
2264	1.051263e+02
2265	1.050092e+02
2266	1.049063e+02
2267	1.047931e+02
2268	1.047561e+02
2269	1.048095e+02
2270	1.049591e+02
2271	1.050819e+02
2272	1.052620e+02
2273	1.054143e+02
2274	1.056570e+02
2275	1.059214e+02
2276	1.062342e+02
2277	1.066381e+02
2278	1.071138e+02
2279	1.075310e+02
2280	1.079953e+02
2281	1.084355e+02
2282	1.089033e+02
2283	1.093198e+02
2284	1.097314e+02
2285	1.101318e+02
2286	1.105728e+02
2287	1.110469e+02
2288	1.114308e+02
2289	1.117649e+02
2290	1.121019e+02
2291	1.123799e+02
2292	1.126722e+02
2293	1.129779e+02
2294	1.132506e+02
2295	1.134491e+02
2296	1.136266e+02
2297	1.138430e+02
2298	1.140093e+02
2299	1.141567e+02
2300	1.142993e+02
2301	1.144619e+02
2302	1.146144e+02
2303	1.147009e+02
2304	1.148386e+02
2305	1.149686e+02
2306	1.150175e+02
2307	1.150612e+02
2308	1.150508e+02
2309	1.150184e+02
2310	1.148204e+02
2311	1.146196e+02
2312	1.144108e+02
2313	1.142242e+02
2314	1.140159e+02
2315	1.138104e+02
2316	1.136112e+02
2317	1.133821e+02
2318	1.130924e+02
2319	1.127506e+02
2320	1.124290e+02
2321	1.121448e+02
2322	1.118244e+02
2323	1.115531e+02
2324	1.112058e+02
2325	1.107875e+02
2326	1.104109e+02
2327	1.100169e+02
2328	1.096023e+02
2329	1.091585e+02
2330	1.086960e+02
2331	1.082272e+02
2332	1.077429e+02
2333	1.072793e+02
2334	1.068613e+02
2335	1.065021e+02
2336	1.062091e+02
2337	1.058940e+02
2338	1.056290e+02
2339	1.053590e+02
2340	1.051275e+02
2341	1.050112e+02
2342	1.049862e+02
2343	1.050508e+02
2344	1.051765e+02
2345	1.053698e+02
2346	1.056334e+02
2347	1.059924e+02
2348	1.064133e+02
2349	1.068655e+02
2350	1.074220e+02
2351	1.079909e+02
2352	1.086380e+02
2353	1.094319e+02
2354	1.102231e+02
2355	1.110548e+02
2356	1.118381e+02
2357	1.125450e+02
2358	1.131935e+02
2359	1.137712e+02
2360	1.142564e+02
2361	1.147244e+02
2362	1.151115e+02
2363	1.154813e+02
2364	1.158794e+02
2365	1.161477e+02
2366	1.163945e+02
2367	1.165758e+02
2368	1.167373e+02
2369	1.168302e+02
2370	1.168789e+02
2371	1.169108e+02
2372	1.168912e+02
2373	1.168115e+02
2374	1.167727e+02
2375	1.167249e+02
2376	1.166704e+02
2377	1.166169e+02
2378	1.164552e+02
2379	1.161507e+02
2380	1.157578e+02
2381	1.153162e+02
2382	1.149418e+02
2383	1.145929e+02
2384	1.141489e+02
2385	1.136789e+02
2386	1.132129e+02
2387	1.126530e+02
2388	1.120959e+02
2389	1.115963e+02
2390	1.111946e+02
2391	1.108297e+02
2392	1.104537e+02
2393	1.101535e+02
2394	1.099101e+02
2395	1.097484e+02
2396	1.096789e+02
2397	1.096735e+02
2398	1.096293e+02
2399	1.096438e+02
2400	1.096127e+02
2401	1.096626e+02
2402	1.097269e+02
2403	1.099309e+02
2404	1.101703e+02
2405	1.103788e+02
2406	1.105592e+02
2407	1.107191e+02
2408	1.108714e+02
2409	1.109258e+02
2410	1.109661e+02
2411	1.108952e+02
2412	1.107819e+02
2413	1.106462e+02
2414	1.104499e+02
2415	1.102391e+02
2416	1.099845e+02
2417	1.097111e+02
2418	1.094019e+02
2419	1.091124e+02
2420	1.088078e+02
2421	1.084339e+02
2422	1.080805e+02
2423	1.077762e+02
2424	1.074818e+02
2425	1.070597e+02
2426	1.066666e+02
2427	1.062685e+02
2428	1.058812e+02
2429	1.055599e+02
2430	1.053185e+02
2431	1.050103e+02
2432	1.046556e+02
2433	1.043186e+02
2434	1.040319e+02
2435	1.038304e+02
2436	1.036320e+02
2437	1.035681e+02
2438	1.035619e+02
2439	1.036327e+02
2440	1.037595e+02
2441	1.039159e+02
2442	1.040577e+02
2443	1.041781e+02
2444	1.043503e+02
2445	1.046017e+02
2446	1.048814e+02
2447	1.053086e+02
2448	1.057613e+02
2449	1.062266e+02
2450	1.067635e+02
2451	1.073462e+02
2452	1.080007e+02
2453	1.087061e+02
2454	1.093723e+02
2455	1.100056e+02
2456	1.106754e+02
2457	1.112817e+02
2458	1.118065e+02
2459	1.121952e+02
2460	1.125152e+02
2461	1.127586e+02
2462	1.130226e+02
2463	1.132242e+02
2464	1.134208e+02
2465	1.136099e+02
2466	1.137819e+02
2467	1.138842e+02
2468	1.139248e+02
2469	1.138651e+02
2470	1.138243e+02
2471	1.137039e+02
2472	1.135546e+02
2473	1.133676e+02
2474	1.130187e+02
2475	1.125354e+02
2476	1.119683e+02
2477	1.113036e+02
2478	1.105170e+02
2479	1.096546e+02
2480	1.086913e+02
2481	1.078293e+02
2482	1.070142e+02
2483	1.062680e+02
2484	1.055776e+02
2485	1.049746e+02
2486	1.045041e+02
2487	1.040304e+02
2488	1.036426e+02
2489	1.033698e+02
2490	1.031654e+02
2491	1.030235e+02
2492	1.029576e+02
2493	1.028708e+02
2494	1.028685e+02
2495	1.029484e+02
2496	1.030713e+02
2497	1.031987e+02
2498	1.033963e+02
2499	1.036722e+02
2500	1.040439e+02
2501	1.044378e+02
2502	1.049386e+02
2503	1.054850e+02
2504	1.060277e+02
2505	1.066277e+02
2506	1.072196e+02
2507	1.077953e+02
2508	1.082847e+02
2509	1.087219e+02
2510	1.091878e+02
2511	1.095737e+02
2512	1.099867e+02
2513	1.102981e+02
2514	1.105481e+02
2515	1.107145e+02
2516	1.109050e+02
2517	1.110996e+02
2518	1.112790e+02
2519	1.114087e+02
2520	1.114486e+02
2521	1.113764e+02
2522	1.112218e+02
2523	1.110160e+02
2524	1.107693e+02
2525	1.104193e+02
2526	1.099591e+02
2527	1.094848e+02
2528	1.090535e+02
2529	1.086059e+02
2530	1.080641e+02
2531	1.074914e+02
2532	1.068444e+02
2533	1.061752e+02
2534	1.055853e+02
2535	1.049723e+02
2536	1.042956e+02
2537	1.036558e+02
2538	1.030309e+02
2539	1.024117e+02
2540	1.019512e+02
2541	1.015517e+02
2542	1.012442e+02
2543	1.010105e+02
2544	1.008766e+02
2545	1.008052e+02
2546	1.008854e+02
2547	1.010866e+02
2548	1.013404e+02
2549	1.016430e+02
2550	1.020190e+02
2551	1.024773e+02
2552	1.029419e+02
2553	1.035953e+02
2554	1.043310e+02
2555	1.050302e+02
2556	1.058057e+02
2557	1.065562e+02
2558	1.073153e+02
2559	1.080935e+02
2560	1.088608e+02
2561	1.095902e+02
2562	1.103082e+02
2563	1.109341e+02
2564	1.114627e+02
2565	1.119382e+02
2566	1.123602e+02
2567	1.126908e+02
2568	1.128650e+02
2569	1.129249e+02
2570	1.128608e+02
2571	1.127151e+02
2572	1.124458e+02
2573	1.120977e+02
2574	1.117912e+02
2575	1.114567e+02
2576	1.110548e+02
2577	1.105950e+02
2578	1.101454e+02
2579	1.095835e+02
2580	1.090124e+02
2581	1.084609e+02
2582	1.079668e+02
2583	1.073397e+02
2584	1.066697e+02
2585	1.060171e+02
2586	1.053541e+02
2587	1.047834e+02
2588	1.042720e+02
2589	1.037815e+02
2590	1.033718e+02
2591	1.030795e+02
2592	1.028468e+02
2593	1.026523e+02
2594	1.025662e+02
2595	1.025624e+02
2596	1.025682e+02
2597	1.026741e+02
2598	1.027572e+02
2599	1.030052e+02
2600	1.033320e+02
2601	1.037106e+02
2602	1.041767e+02
2603	1.046326e+02
2604	1.051943e+02
2605	1.057899e+02
2606	1.064093e+02
2607	1.070459e+02
2608	1.076520e+02
2609	1.083084e+02
2610	1.089531e+02
2611	1.095876e+02
2612	1.102226e+02
2613	1.108402e+02
2614	1.114263e+02
2615	1.119120e+02
2616	1.124004e+02
2617	1.127938e+02
2618	1.130670e+02
2619	1.132463e+02
2620	1.133026e+02
2621	1.132411e+02
2622	1.130594e+02
2623	1.128068e+02
2624	1.125166e+02
2625	1.122246e+02
2626	1.119137e+02
2627	1.114976e+02
2628	1.111634e+02
2629	1.108811e+02
2630	1.105437e+02
2631	1.102082e+02
2632	1.098799e+02
2633	1.095760e+02
2634	1.092926e+02
2635	1.089905e+02
2636	1.086603e+02
2637	1.083033e+02
2638	1.078968e+02
2639	1.074602e+02
2640	1.070315e+02
2641	1.066774e+02
2642	1.062965e+02
2643	1.060427e+02
2644	1.058155e+02
2645	1.056480e+02
2646	1.055212e+02
2647	1.053944e+02
2648	1.052974e+02
2649	1.052965e+02
2650	1.053293e+02
2651	1.054355e+02
2652	1.055575e+02
2653	1.056516e+02
2654	1.057275e+02
2655	1.058111e+02
2656	1.058955e+02
2657	1.059211e+02
2658	1.058774e+02
2659	1.059283e+02
2660	1.059008e+02
2661	1.058027e+02
2662	1.057112e+02
2663	1.055628e+02
2664	1.054719e+02
2665	1.054475e+02
2666	1.054605e+02
2667	1.054994e+02
2668	1.055463e+02
2669	1.056054e+02
2670	1.055797e+02
2671	1.056124e+02
2672	1.056227e+02
2673	1.055809e+02
2674	1.054747e+02
2675	1.053700e+02
2676	1.051964e+02
2677	1.049350e+02
2678	1.046602e+02
2679	1.043958e+02
2680	1.040951e+02
2681	1.038704e+02
2682	1.036442e+02
2683	1.034286e+02
2684	1.032773e+02
2685	1.031744e+02
2686	1.030731e+02
2687	1.030630e+02
2688	1.031220e+02
2689	1.033043e+02
2690	1.035296e+02
2691	1.038622e+02
2692	1.043060e+02
2693	1.048180e+02
2694	1.054019e+02
2695	1.060278e+02
2696	1.066600e+02
2697	1.073294e+02
2698	1.081091e+02
2699	1.088316e+02
2700	1.095442e+02
2701	1.103338e+02
2702	1.111495e+02
2703	1.120273e+02
2704	1.128803e+02
2705	1.137879e+02
2706	1.146241e+02
2707	1.154051e+02
2708	1.161148e+02
2709	1.168149e+02
2710	1.174991e+02
2711	1.181703e+02
2712	1.188253e+02
2713	1.193911e+02
2714	1.199438e+02
2715	1.204312e+02
2716	1.208223e+02
2717	1.211029e+02
2718	1.213562e+02
2719	1.214476e+02
2720	1.214117e+02
2721	1.213331e+02
2722	1.211977e+02
2723	1.209068e+02
2724	1.204557e+02
2725	1.198912e+02
2726	1.192755e+02
2727	1.186305e+02
2728	1.179049e+02
2729	1.171247e+02
2730	1.163177e+02
2731	1.155384e+02
2732	1.147535e+02
2733	1.139265e+02
2734	1.129892e+02
2735	1.119899e+02
2736	1.110257e+02
2737	1.101083e+02
2738	1.092434e+02
2739	1.083943e+02
2740	1.076365e+02
2741	1.069956e+02
2742	1.063699e+02
2743	1.058571e+02
2744	1.053577e+02
2745	1.049053e+02
2746	1.045213e+02
2747	1.042034e+02
2748	1.039725e+02
2749	1.038256e+02
2750	1.037827e+02
2751	1.038325e+02
2752	1.039899e+02
2753	1.042857e+02
2754	1.046202e+02
2755	1.050551e+02
2756	1.055748e+02
2757	1.061271e+02
2758	1.067220e+02
2759	1.073616e+02
2760	1.080164e+02
2761	1.086900e+02
2762	1.093773e+02
2763	1.099555e+02
2764	1.106007e+02
2765	1.113027e+02
2766	1.119236e+02
2767	1.124234e+02
2768	1.129946e+02
2769	1.134832e+02
2770	1.139836e+02
2771	1.143937e+02
2772	1.148129e+02
2773	1.151850e+02
2774	1.155600e+02
2775	1.158072e+02
2776	1.159814e+02
2777	1.160505e+02
2778	1.160780e+02
2779	1.161419e+02
2780	1.161455e+02
2781	1.161614e+02
2782	1.160564e+02
2783	1.158921e+02
2784	1.157037e+02
2785	1.154557e+02
2786	1.151975e+02
2787	1.148627e+02
2788	1.144776e+02
2789	1.140598e+02
2790	1.136800e+02
2791	1.133281e+02
2792	1.129860e+02
2793	1.126580e+02
2794	1.123756e+02
2795	1.120976e+02
2796	1.118511e+02
2797	1.116550e+02
2798	1.114903e+02
2799	1.112852e+02
2800	1.110700e+02
2801	1.109317e+02
2802	1.107922e+02
2803	1.106356e+02
2804	1.104635e+02
2805	1.102860e+02
2806	1.102380e+02
2807	1.101637e+02
2808	1.100934e+02
2809	1.099673e+02
2810	1.097790e+02
2811	1.095701e+02
2812	1.093509e+02
2813	1.090996e+02
2814	1.088858e+02
2815	1.087035e+02
2816	1.085880e+02
2817	1.084531e+02
2818	1.083604e+02
2819	1.083020e+02
2820	1.082935e+02
2821	1.083504e+02
2822	1.083739e+02
2823	1.083535e+02
2824	1.083361e+02
2825	1.083442e+02
2826	1.082913e+02
2827	1.081088e+02
2828	1.079955e+02
2829	1.078787e+02
2830	1.077767e+02
2831	1.076273e+02
2832	1.075740e+02
2833	1.075167e+02
2834	1.075071e+02
2835	1.074996e+02
2836	1.075283e+02
2837	1.076448e+02
2838	1.077050e+02
2839	1.077381e+02
2840	1.078207e+02
2841	1.079954e+02
2842	1.082588e+02
2843	1.085565e+02
2844	1.088617e+02
2845	1.092136e+02
2846	1.096783e+02
2847	1.101541e+02
2848	1.106662e+02
2849	1.111376e+02
2850	1.116051e+02
2851	1.121364e+02
2852	1.127154e+02
2853	1.133032e+02
2854	1.138410e+02
2855	1.143458e+02
2856	1.148436e+02
2857	1.153094e+02
2858	1.157712e+02
2859	1.161825e+02
2860	1.165492e+02
2861	1.169122e+02
2862	1.172439e+02
2863	1.175642e+02
2864	1.178034e+02
2865	1.179655e+02
2866	1.180754e+02
2867	1.181888e+02
2868	1.183334e+02
2869	1.183593e+02
2870	1.183210e+02
2871	1.182567e+02
2872	1.181026e+02
2873	1.178998e+02
2874	1.176031e+02
2875	1.173392e+02
2876	1.169715e+02
2877	1.166520e+02
2878	1.163942e+02
2879	1.161074e+02
2880	1.158248e+02
2881	1.155241e+02
2882	1.152405e+02
2883	1.150017e+02
2884	1.147880e+02
2885	1.146914e+02
2886	1.145423e+02
2887	1.144549e+02
2888	1.143968e+02
2889	1.143289e+02
2890	1.143059e+02
2891	1.142511e+02
2892	1.142006e+02
2893	1.140942e+02
2894	1.139504e+02
2895	1.138110e+02
2896	1.136562e+02
2897	1.134524e+02
2898	1.132879e+02
2899	1.130803e+02
2900	1.129056e+02
2901	1.126679e+02
2902	1.124158e+02
2903	1.121534e+02
2904	1.118383e+02
2905	1.116014e+02
2906	1.113694e+02
2907	1.111476e+02
2908	1.108673e+02
2909	1.106474e+02
2910	1.103954e+02
2911	1.102187e+02
2912	1.100560e+02
2913	1.098432e+02
2914	1.095557e+02
2915	1.092137e+02
2916	1.088172e+02
2917	1.084064e+02
2918	1.079573e+02
2919	1.075215e+02
2920	1.071109e+02
2921	1.067160e+02
2922	1.063836e+02
2923	1.061111e+02
2924	1.059627e+02
2925	1.058412e+02
2926	1.057824e+02
2927	1.057677e+02
2928	1.057343e+02
2929	1.057819e+02
2930	1.057827e+02
2931	1.058320e+02
2932	1.059032e+02
2933	1.060410e+02
2934	1.062326e+02
2935	1.063882e+02
2936	1.067020e+02
2937	1.070282e+02
2938	1.074700e+02
2939	1.079911e+02
2940	1.085188e+02
2941	1.091243e+02
2942	1.097392e+02
2943	1.103815e+02
2944	1.110596e+02
2945	1.116652e+02
2946	1.122880e+02
2947	1.128519e+02
2948	1.134324e+02
2949	1.140993e+02
2950	1.147441e+02
2951	1.153852e+02
2952	1.159477e+02
2953	1.164747e+02
2954	1.169235e+02
2955	1.173194e+02
2956	1.176871e+02
2957	1.179998e+02
2958	1.182934e+02
2959	1.185503e+02
2960	1.187113e+02
2961	1.187941e+02
2962	1.187306e+02
2963	1.185457e+02
2964	1.183061e+02
2965	1.180437e+02
2966	1.176718e+02
2967	1.172293e+02
2968	1.167599e+02
2969	1.162821e+02
2970	1.158670e+02
2971	1.153877e+02
2972	1.148697e+02
2973	1.143432e+02
2974	1.137669e+02
2975	1.131581e+02
2976	1.124176e+02
2977	1.117179e+02
2978	1.110609e+02
2979	1.104543e+02
2980	1.097832e+02
2981	1.091122e+02
2982	1.084688e+02
2983	1.077896e+02
2984	1.071303e+02
2985	1.065591e+02
2986	1.060629e+02
2987	1.055817e+02
2988	1.051214e+02
2989	1.046458e+02
2990	1.044432e+02
2991	1.043558e+02
2992	1.043474e+02
2993	1.044481e+02
2994	1.045218e+02
2995	1.046701e+02
2996	1.048898e+02
2997	1.051352e+02
2998	1.053061e+02
2999	1.055417e+02
3000	1.057436e+02
3001	1.059315e+02
3002	1.059913e+02
3003	1.060685e+02
3004	1.061683e+02
3005	1.062143e+02
3006	1.062672e+02
3007	1.063472e+02
3008	1.064373e+02
3009	1.065522e+02
3010	1.066683e+02
3011	1.068511e+02
3012	1.070795e+02
3013	1.073900e+02
3014	1.077615e+02
3015	1.081579e+02
3016	1.085198e+02
3017	1.088435e+02
3018	1.091647e+02
3019	1.094853e+02
3020	1.097951e+02
3021	1.101336e+02
3022	1.105203e+02
3023	1.108732e+02
3024	1.111198e+02
3025	1.113519e+02
3026	1.115234e+02
3027	1.116349e+02
3028	1.116380e+02
3029	1.116681e+02
3030	1.117255e+02
3031	1.117897e+02
3032	1.118004e+02
3033	1.117533e+02
3034	1.117104e+02
3035	1.116190e+02
3036	1.114259e+02
3037	1.112261e+02
3038	1.110116e+02
3039	1.106905e+02
3040	1.103304e+02
3041	1.100237e+02
3042	1.097439e+02
3043	1.094351e+02
3044	1.091254e+02
3045	1.089122e+02
3046	1.087173e+02
3047	1.085358e+02
3048	1.084197e+02
3049	1.083088e+02
3050	1.083186e+02
3051	1.083608e+02
3052	1.085393e+02
3053	1.088084e+02
3054	1.091891e+02
3055	1.096092e+02
3056	1.101091e+02
3057	1.106222e+02
3058	1.111074e+02
3059	1.115381e+02
3060	1.119577e+02
3061	1.123385e+02
3062	1.127123e+02
3063	1.130102e+02
3064	1.133103e+02
3065	1.136235e+02
3066	1.138786e+02
3067	1.141257e+02
3068	1.142518e+02
3069	1.143185e+02
3070	1.143424e+02
3071	1.143205e+02
3072	1.142076e+02
3073	1.139970e+02
3074	1.137549e+02
3075	1.134875e+02
3076	1.131644e+02
3077	1.127912e+02
3078	1.124041e+02
3079	1.119838e+02
3080	1.115460e+02
3081	1.110070e+02
3082	1.104518e+02
3083	1.098883e+02
3084	1.094258e+02
3085	1.089065e+02
3086	1.084041e+02
3087	1.079100e+02
3088	1.075175e+02
3089	1.072524e+02
3090	1.069451e+02
3091	1.066911e+02
3092	1.064928e+02
3093	1.063852e+02
3094	1.062893e+02
3095	1.061887e+02
3096	1.061618e+02
3097	1.061984e+02
3098	1.062202e+02
3099	1.063301e+02
3100	1.065251e+02
3101	1.067917e+02
3102	1.071653e+02
3103	1.075375e+02
3104	1.079141e+02
3105	1.083427e+02
3106	1.087136e+02
3107	1.090344e+02
3108	1.093570e+02
3109	1.096434e+02
3110	1.098960e+02
3111	1.101558e+02
3112	1.103486e+02
3113	1.104108e+02
3114	1.104172e+02
3115	1.104396e+02
3116	1.104191e+02
3117	1.104067e+02
3118	1.103214e+02
3119	1.101950e+02
3120	1.101068e+02
3121	1.100129e+02
3122	1.099398e+02
3123	1.098816e+02
3124	1.097329e+02
3125	1.095933e+02
3126	1.094620e+02
3127	1.093688e+02
3128	1.093285e+02
3129	1.092674e+02
3130	1.091801e+02
3131	1.091227e+02
3132	1.091119e+02
3133	1.091275e+02
3134	1.091115e+02
3135	1.091186e+02
3136	1.091182e+02
3137	1.090788e+02
3138	1.090223e+02
3139	1.090926e+02
3140	1.091402e+02
3141	1.092446e+02
3142	1.094377e+02
3143	1.098181e+02
3144	1.102995e+02
3145	1.109087e+02
3146	1.115311e+02
3147	1.121075e+02
3148	1.126583e+02
3149	1.132418e+02
3150	1.138634e+02
3151	1.144169e+02
3152	1.148803e+02
3153	1.152980e+02
3154	1.155721e+02
3155	1.157702e+02
3156	1.159758e+02
3157	1.161345e+02
3158	1.162594e+02
3159	1.163456e+02
3160	1.165212e+02
3161	1.166999e+02
3162	1.168059e+02
3163	1.169394e+02
3164	1.169479e+02
3165	1.168113e+02
3166	1.165372e+02
3167	1.161887e+02
3168	1.158369e+02
3169	1.154164e+02
3170	1.149302e+02
3171	1.144476e+02
3172	1.140558e+02
3173	1.136399e+02
3174	1.131717e+02
3175	1.126143e+02
3176	1.120460e+02
3177	1.114353e+02
3178	1.108407e+02
3179	1.102165e+02
3180	1.094961e+02
3181	1.086908e+02
3182	1.078747e+02
3183	1.070692e+02
3184	1.062931e+02
3185	1.055478e+02
3186	1.048216e+02
3187	1.041218e+02
3188	1.034710e+02
3189	1.029289e+02
3190	1.023719e+02
3191	1.018924e+02
3192	1.014490e+02
3193	1.010928e+02
3194	1.008056e+02
3195	1.005486e+02
3196	1.004419e+02
3197	1.004520e+02
3198	1.005768e+02
3199	1.007498e+02
3200	1.010082e+02
3201	1.013292e+02
3202	1.017258e+02
3203	1.021182e+02
3204	1.025123e+02
3205	1.029613e+02
3206	1.034848e+02
3207	1.040417e+02
3208	1.046228e+02
3209	1.052747e+02
3210	1.060266e+02
3211	1.068200e+02
3212	1.076002e+02
3213	1.084102e+02
3214	1.092133e+02
3215	1.100218e+02
3216	1.108359e+02
3217	1.115542e+02
3218	1.122096e+02
3219	1.127997e+02
3220	1.132828e+02
3221	1.136396e+02
3222	1.139553e+02
3223	1.142098e+02
3224	1.144150e+02
3225	1.146120e+02
3226	1.147974e+02
3227	1.149081e+02
3228	1.150037e+02
3229	1.150685e+02
3230	1.150526e+02
3231	1.148800e+02
3232	1.146897e+02
3233	1.145155e+02
3234	1.142850e+02
3235	1.140287e+02
3236	1.137760e+02
3237	1.135190e+02
3238	1.133391e+02
3239	1.130452e+02
3240	1.126958e+02
3241	1.123548e+02
3242	1.121099e+02
3243	1.118491e+02
3244	1.115862e+02
3245	1.112679e+02
3246	1.109344e+02
3247	1.105598e+02
3248	1.101437e+02
3249	1.096561e+02
3250	1.091730e+02
3251	1.086463e+02
3252	1.081544e+02
3253	1.077524e+02
3254	1.073396e+02
3255	1.069714e+02
3256	1.066054e+02
3257	1.062875e+02
3258	1.059525e+02
3259	1.056734e+02
3260	1.054451e+02
3261	1.052729e+02
3262	1.051753e+02
3263	1.051091e+02
3264	1.050539e+02
3265	1.050317e+02
3266	1.051021e+02
3267	1.052384e+02
3268	1.053194e+02
3269	1.054584e+02
3270	1.055951e+02
3271	1.058015e+02
3272	1.059763e+02
3273	1.060863e+02
3274	1.062128e+02
3275	1.062560e+02
3276	1.063364e+02
3277	1.064512e+02
3278	1.065990e+02
3279	1.066959e+02
3280	1.068409e+02
3281	1.070459e+02
3282	1.072141e+02
3283	1.074015e+02
3284	1.075990e+02
3285	1.077535e+02
3286	1.079560e+02
3287	1.081767e+02
3288	1.083699e+02
3289	1.086168e+02
3290	1.087532e+02
3291	1.088761e+02
3292	1.090618e+02
3293	1.093241e+02
3294	1.095899e+02
3295	1.099399e+02
3296	1.103400e+02
3297	1.107849e+02
3298	1.112368e+02
3299	1.115951e+02
3300	1.119323e+02
3301	1.123329e+02
3302	1.126952e+02
3303	1.131323e+02
3304	1.135846e+02
3305	1.140516e+02
3306	1.144845e+02
3307	1.149087e+02
3308	1.153157e+02
3309	1.155613e+02
3310	1.157867e+02
3311	1.159131e+02
3312	1.159629e+02
3313	1.159283e+02
3314	1.157577e+02
3315	1.154843e+02
3316	1.151631e+02
3317	1.148281e+02
3318	1.144815e+02
3319	1.140813e+02
3320	1.136443e+02
3321	1.132139e+02
3322	1.127383e+02
3323	1.121933e+02
3324	1.116411e+02
3325	1.110372e+02
3326	1.103777e+02
3327	1.097494e+02
3328	1.090688e+02
3329	1.083987e+02
3330	1.078445e+02
3331	1.073019e+02
3332	1.067309e+02
3333	1.062098e+02
3334	1.056628e+02
3335	1.051369e+02
3336	1.045834e+02
3337	1.040850e+02
3338	1.035889e+02
3339	1.031706e+02
3340	1.027229e+02
3341	1.023714e+02
3342	1.020594e+02
3343	1.018581e+02
3344	1.017158e+02
3345	1.017530e+02
3346	1.018513e+02
3347	1.020417e+02
3348	1.022887e+02
3349	1.025123e+02
3350	1.028221e+02
3351	1.032400e+02
3352	1.036414e+02
3353	1.040548e+02
3354	1.045772e+02
3355	1.050748e+02
3356	1.055602e+02
3357	1.060614e+02
3358	1.065718e+02
3359	1.070749e+02
3360	1.075545e+02
3361	1.079780e+02
3362	1.084673e+02
3363	1.089474e+02
3364	1.093818e+02
3365	1.097849e+02
3366	1.101495e+02
3367	1.104776e+02
3368	1.107438e+02
3369	1.109921e+02
3370	1.111969e+02
3371	1.113881e+02
3372	1.115342e+02
3373	1.116659e+02
3374	1.118807e+02
3375	1.120168e+02
3376	1.121485e+02
3377	1.122593e+02
3378	1.123429e+02
3379	1.123765e+02
3380	1.124111e+02
3381	1.124825e+02
3382	1.126301e+02
3383	1.127742e+02
3384	1.129176e+02
3385	1.130543e+02
3386	1.130918e+02
3387	1.130657e+02
3388	1.131708e+02
3389	1.132586e+02
3390	1.133729e+02
3391	1.135132e+02
3392	1.137497e+02
3393	1.140085e+02
3394	1.142861e+02
3395	1.145618e+02
3396	1.148320e+02
3397	1.150736e+02
3398	1.152606e+02
3399	1.154340e+02
3400	1.155785e+02
3401	1.155972e+02
3402	1.155230e+02
3403	1.153530e+02
3404	1.150766e+02
3405	1.147670e+02
3406	1.143938e+02
3407	1.140070e+02
3408	1.136090e+02
3409	1.132523e+02
3410	1.128046e+02
3411	1.123113e+02
3412	1.117049e+02
3413	1.110965e+02
3414	1.105238e+02
3415	1.099003e+02
3416	1.093042e+02
3417	1.087453e+02
3418	1.081739e+02
3419	1.075859e+02
3420	1.070926e+02
3421	1.066873e+02
3422	1.062372e+02
3423	1.057516e+02
3424	1.052911e+02
3425	1.048743e+02
3426	1.045339e+02
3427	1.042586e+02
3428	1.040071e+02
3429	1.037992e+02
3430	1.036886e+02
3431	1.036680e+02
3432	1.037227e+02
3433	1.039002e+02
3434	1.041639e+02
3435	1.044966e+02
3436	1.049523e+02
3437	1.054752e+02
3438	1.060849e+02
3439	1.066779e+02
3440	1.073115e+02
3441	1.079656e+02
3442	1.086223e+02
3443	1.092428e+02
3444	1.097972e+02
3445	1.103955e+02
3446	1.109539e+02
3447	1.115114e+02
3448	1.120182e+02
3449	1.124844e+02
3450	1.128651e+02
3451	1.131692e+02
3452	1.134399e+02
3453	1.136387e+02
3454	1.138260e+02
3455	1.139434e+02
3456	1.140753e+02
3457	1.141909e+02
3458	1.143215e+02
3459	1.143591e+02
3460	1.143750e+02
3461	1.144893e+02
3462	1.144905e+02
3463	1.145009e+02
3464	1.144505e+02
3465	1.144593e+02
3466	1.143271e+02
3467	1.142056e+02
3468	1.140724e+02
3469	1.139406e+02
3470	1.137508e+02
3471	1.136182e+02
3472	1.135006e+02
3473	1.134354e+02
3474	1.133635e+02
3475	1.133342e+02
3476	1.132838e+02
3477	1.132761e+02
3478	1.133256e+02
3479	1.133699e+02
3480	1.134324e+02
3481	1.135298e+02
3482	1.137144e+02
3483	1.140080e+02
3484	1.143358e+02
3485	1.146455e+02
3486	1.149387e+02
3487	1.151458e+02
3488	1.153213e+02
3489	1.153592e+02
3490	1.153247e+02
3491	1.152705e+02
3492	1.151364e+02
3493	1.150275e+02
3494	1.149512e+02
3495	1.147981e+02
3496	1.146020e+02
3497	1.143932e+02
3498	1.141993e+02
3499	1.140764e+02
3500	1.138557e+02
3501	1.136089e+02
3502	1.133733e+02
3503	1.129909e+02
3504	1.125641e+02
3505	1.120926e+02
3506	1.116992e+02
3507	1.113318e+02
3508	1.109520e+02
3509	1.106265e+02
3510	1.102639e+02
3511	1.099963e+02
3512	1.096837e+02
3513	1.093500e+02
3514	1.090496e+02
3515	1.088126e+02
3516	1.085620e+02
3517	1.083350e+02
3518	1.082382e+02
3519	1.082311e+02
3520	1.083722e+02
3521	1.086130e+02
3522	1.088606e+02
3523	1.091590e+02
3524	1.095291e+02
3525	1.099268e+02
3526	1.104040e+02
3527	1.109081e+02
3528	1.114024e+02
3529	1.118881e+02
3530	1.123339e+02
3531	1.128333e+02
3532	1.132754e+02
3533	1.137358e+02
3534	1.142180e+02
3535	1.146723e+02
3536	1.150885e+02
3537	1.154125e+02
3538	1.156119e+02
3539	1.157230e+02
3540	1.157497e+02
3541	1.157244e+02
3542	1.156372e+02
3543	1.155290e+02
3544	1.154221e+02
3545	1.153173e+02
3546	1.152126e+02
3547	1.149900e+02
3548	1.147305e+02
3549	1.144229e+02
3550	1.140803e+02
3551	1.137454e+02
3552	1.134405e+02
3553	1.131412e+02
3554	1.128160e+02
3555	1.124654e+02
3556	1.121044e+02
3557	1.117882e+02
3558	1.114135e+02
3559	1.109265e+02
3560	1.103969e+02
3561	1.097921e+02
3562	1.091311e+02
3563	1.085169e+02
3564	1.078071e+02
3565	1.070779e+02
3566	1.063397e+02
3567	1.055722e+02
3568	1.048509e+02
3569	1.041784e+02
3570	1.034619e+02
3571	1.028732e+02
3572	1.023861e+02
3573	1.019694e+02
3574	1.016695e+02
3575	1.014427e+02
3576	1.013883e+02
3577	1.014507e+02
3578	1.015155e+02
3579	1.017088e+02
3580	1.020104e+02
3581	1.023004e+02
3582	1.026900e+02
3583	1.030875e+02
3584	1.035406e+02
3585	1.040954e+02
3586	1.046785e+02
3587	1.053188e+02
3588	1.060445e+02
3589	1.068575e+02
3590	1.076986e+02
3591	1.084635e+02
3592	1.092977e+02
3593	1.101581e+02
3594	1.110277e+02
3595	1.118793e+02
3596	1.127774e+02
3597	1.136058e+02
3598	1.143692e+02
3599	1.151370e+02
3600	1.158729e+02
3601	1.165387e+02
3602	1.172126e+02
3603	1.178560e+02
3604	1.184180e+02
3605	1.190383e+02
3606	1.196039e+02
3607	1.202271e+02
3608	1.207909e+02
3609	1.211277e+02
3610	1.213664e+02
3611	1.215609e+02
3612	1.216342e+02
3613	1.216777e+02
3614	1.215526e+02
3615	1.214121e+02
3616	1.211484e+02
3617	1.208679e+02
3618	1.205978e+02
3619	1.202453e+02
3620	1.198870e+02
3621	1.194921e+02
3622	1.190168e+02
3623	1.185384e+02
3624	1.180093e+02
3625	1.173904e+02
3626	1.166808e+02
3627	1.157970e+02
3628	1.147731e+02
3629	1.136179e+02
3630	1.123555e+02
3631	1.110669e+02
3632	1.097215e+02
3633	1.083775e+02
3634	1.070962e+02
3635	1.058223e+02
3636	1.045977e+02
3637	1.034489e+02
3638	1.024204e+02
3639	1.014548e+02
3640	1.005332e+02
3641	9.968184e+01
3642	9.898409e+01
3643	9.833055e+01
3644	9.780889e+01
3645	9.734360e+01
3646	9.703955e+01
3647	9.688042e+01
3648	9.684210e+01
3649	9.695095e+01
3650	9.709647e+01
3651	9.734737e+01
3652	9.769620e+01
3653	9.819972e+01
3654	9.881518e+01
3655	9.954247e+01
3656	1.003406e+02
3657	1.012098e+02
3658	1.021783e+02
3659	1.031503e+02
3660	1.040888e+02
3661	1.050311e+02
3662	1.059340e+02
3663	1.067907e+02
3664	1.076988e+02
3665	1.086081e+02
3666	1.095350e+02
3667	1.104520e+02
3668	1.113141e+02
3669	1.121924e+02
3670	1.129420e+02
3671	1.136450e+02
3672	1.142956e+02
3673	1.149325e+02
3674	1.155031e+02
3675	1.160009e+02
3676	1.164658e+02
3677	1.168566e+02
3678	1.172164e+02
3679	1.174688e+02
3680	1.177246e+02
3681	1.179410e+02
3682	1.181292e+02
3683	1.182771e+02
3684	1.184216e+02
3685	1.185134e+02
3686	1.185779e+02
3687	1.185945e+02
3688	1.186069e+02
3689	1.186183e+02
3690	1.185588e+02
3691	1.184663e+02
3692	1.183167e+02
3693	1.181127e+02
3694	1.179525e+02
3695	1.178235e+02
3696	1.176762e+02
3697	1.174752e+02
3698	1.172159e+02
3699	1.169696e+02
3700	1.167831e+02
3701	1.166036e+02
3702	1.164505e+02
3703	1.163097e+02
3704	1.161324e+02
3705	1.158519e+02
3706	1.155110e+02
3707	1.151530e+02
3708	1.147846e+02
3709	1.144342e+02
3710	1.140030e+02
3711	1.135070e+02
3712	1.129176e+02
3713	1.122141e+02
3714	1.113726e+02
3715	1.104518e+02
3716	1.094345e+02
3717	1.082893e+02
3718	1.070726e+02
3719	1.058210e+02
3720	1.045534e+02
3721	1.033482e+02
3722	1.021257e+02
3723	1.009491e+02
3724	9.989581e+01
3725	9.898566e+01
3726	9.817534e+01
3727	9.751825e+01
3728	9.704677e+01
3729	9.661109e+01
3730	9.628267e+01
3731	9.609050e+01
3732	9.594324e+01
3733	9.587158e+01
3734	9.581206e+01
3735	9.580950e+01
3736	9.592303e+01
3737	9.604885e+01
3738	9.622535e+01
3739	9.637841e+01
3740	9.665440e+01
3741	9.698684e+01
3742	9.746756e+01
3743	9.808473e+01
3744	9.880233e+01
3745	9.964033e+01
3746	1.005821e+02
3747	1.015488e+02
3748	1.025974e+02
3749	1.037471e+02
3750	1.048819e+02
3751	1.060771e+02
3752	1.072500e+02
3753	1.083685e+02
3754	1.095161e+02
3755	1.106478e+02
3756	1.118679e+02
3757	1.129994e+02
3758	1.140652e+02
3759	1.150805e+02
3760	1.160313e+02
3761	1.168987e+02
3762	1.176658e+02
3763	1.183110e+02
3764	1.188693e+02
3765	1.194099e+02
3766	1.198220e+02
3767	1.201030e+02
3768	1.202635e+02
3769	1.203233e+02
3770	1.203268e+02
3771	1.202474e+02
3772	1.201463e+02
3773	1.200813e+02
3774	1.199407e+02
3775	1.197110e+02
3776	1.194019e+02
3777	1.190574e+02
3778	1.185868e+02
3779	1.180474e+02
3780	1.174723e+02
3781	1.167788e+02
3782	1.160458e+02
3783	1.153434e+02
3784	1.145895e+02
3785	1.137755e+02
3786	1.130442e+02
3787	1.123398e+02
3788	1.116037e+02
3789	1.109515e+02
3790	1.102989e+02
3791	1.097718e+02
3792	1.092918e+02
3793	1.088706e+02
3794	1.084831e+02
3795	1.081524e+02
3796	1.078409e+02
3797	1.075787e+02
3798	1.072981e+02
3799	1.070608e+02
3800	1.068420e+02
3801	1.067052e+02
3802	1.066604e+02
3803	1.065532e+02
3804	1.064563e+02
3805	1.063889e+02
3806	1.064956e+02
3807	1.066251e+02
3808	1.067309e+02
3809	1.068601e+02
3810	1.070709e+02
3811	1.072914e+02
3812	1.075008e+02
3813	1.076241e+02
3814	1.077699e+02
3815	1.078942e+02
3816	1.080545e+02
3817	1.081844e+02
3818	1.082701e+02
3819	1.083624e+02
3820	1.083678e+02
3821	1.083537e+02
3822	1.082864e+02
3823	1.082251e+02
3824	1.081656e+02
3825	1.081191e+02
3826	1.081035e+02
3827	1.081088e+02
3828	1.081013e+02
3829	1.080797e+02
3830	1.080698e+02
3831	1.080232e+02
3832	1.080753e+02
3833	1.082387e+02
3834	1.084671e+02
3835	1.086844e+02
3836	1.089331e+02
3837	1.092127e+02
3838	1.095014e+02
3839	1.098643e+02
3840	1.103750e+02
3841	1.108594e+02
3842	1.114590e+02
3843	1.120743e+02
3844	1.127116e+02
3845	1.132760e+02
3846	1.138720e+02
3847	1.144568e+02
3848	1.150741e+02
3849	1.156226e+02
3850	1.162399e+02
3851	1.169110e+02
3852	1.176218e+02
3853	1.183669e+02
3854	1.191082e+02
3855	1.198659e+02
3856	1.205800e+02
3857	1.212740e+02
3858	1.219090e+02
3859	1.224974e+02
3860	1.230261e+02
3861	1.235576e+02
3862	1.240592e+02
3863	1.245216e+02
3864	1.249833e+02
3865	1.252826e+02
3866	1.255782e+02
3867	1.258467e+02
3868	1.259686e+02
3869	1.259311e+02
3870	1.257742e+02
3871	1.254665e+02
3872	1.249997e+02
3873	1.243515e+02
3874	1.235490e+02
3875	1.225760e+02
3876	1.215318e+02
3877	1.204782e+02
3878	1.193491e+02
3879	1.181613e+02
3880	1.170337e+02
3881	1.159805e+02
3882	1.149064e+02
3883	1.139261e+02
3884	1.130474e+02
3885	1.121873e+02
3886	1.112800e+02
3887	1.104060e+02
3888	1.094719e+02
3889	1.085097e+02
3890	1.074778e+02
3891	1.065215e+02
3892	1.056217e+02
3893	1.047799e+02
3894	1.039233e+02
3895	1.031763e+02
3896	1.024316e+02
3897	1.017762e+02
3898	1.011834e+02
3899	1.006968e+02
3900	1.003002e+02
3901	9.999102e+01
3902	9.969056e+01
3903	9.943346e+01
3904	9.919651e+01
3905	9.903430e+01
3906	9.894175e+01
3907	9.892776e+01
3908	9.899378e+01
3909	9.914045e+01
3910	9.931705e+01
3911	9.956782e+01
3912	9.987633e+01
3913	1.003195e+02
3914	1.007844e+02
3915	1.012682e+02
3916	1.018419e+02
3917	1.024730e+02
3918	1.030065e+02
3919	1.035306e+02
3920	1.040025e+02
3921	1.044444e+02
3922	1.049511e+02
3923	1.054026e+02
3924	1.058419e+02
3925	1.063705e+02
3926	1.068883e+02
3927	1.074834e+02
3928	1.081190e+02
3929	1.087533e+02
3930	1.094143e+02
3931	1.101735e+02
3932	1.109262e+02
3933	1.117405e+02
3934	1.125258e+02
3935	1.133188e+02
3936	1.141342e+02
3937	1.149529e+02
3938	1.157526e+02
3939	1.165567e+02
3940	1.172328e+02
3941	1.178205e+02
3942	1.183150e+02
3943	1.187608e+02
3944	1.190928e+02
3945	1.193454e+02
3946	1.195771e+02
3947	1.198333e+02
3948	1.200068e+02
3949	1.201040e+02
3950	1.201971e+02
3951	1.202448e+02
3952	1.202630e+02
3953	1.203186e+02
3954	1.203572e+02
3955	1.204205e+02
3956	1.204624e+02
3957	1.206323e+02
3958	1.207516e+02
3959	1.208463e+02
3960	1.208832e+02
3961	1.207921e+02
3962	1.207608e+02
3963	1.207351e+02
3964	1.206284e+02
3965	1.204585e+02
3966	1.201379e+02
3967	1.198195e+02
3968	1.194819e+02
3969	1.191460e+02
3970	1.188248e+02
3971	1.184661e+02
3972	1.180457e+02
3973	1.175845e+02
3974	1.170627e+02
3975	1.164610e+02
3976	1.158786e+02
3977	1.151662e+02
3978	1.143463e+02
3979	1.134956e+02
3980	1.125522e+02
3981	1.115386e+02
3982	1.104802e+02
3983	1.093873e+02
3984	1.083462e+02
3985	1.073206e+02
3986	1.062495e+02
3987	1.051809e+02
3988	1.041409e+02
3989	1.031831e+02
3990	1.022451e+02
3991	1.013890e+02
3992	1.005736e+02
3993	9.990100e+01
3994	9.928700e+01
3995	9.872473e+01
3996	9.816803e+01
3997	9.767063e+01
3998	9.725775e+01
3999	9.696199e+01
4000	9.673522e+01
4001	9.655800e+01
4002	9.640778e+01
4003	9.633156e+01
4004	9.633590e+01
4005	9.641277e+01
4006	9.645247e+01
4007	9.661807e+01
4008	9.689528e+01
4009	9.726089e+01
4010	9.768164e+01
4011	9.825603e+01
4012	9.888379e+01
4013	9.959171e+01
4014	1.004608e+02
4015	1.013864e+02
4016	1.023918e+02
4017	1.035044e+02
4018	1.047305e+02
4019	1.059900e+02
4020	1.072776e+02
4021	1.085384e+02
4022	1.098141e+02
4023	1.110930e+02
4024	1.122970e+02
4025	1.134131e+02
4026	1.144859e+02
4027	1.154650e+02
4028	1.163832e+02
4029	1.171688e+02
4030	1.178366e+02
4031	1.183531e+02
4032	1.187120e+02
4033	1.189968e+02
4034	1.192477e+02
4035	1.193601e+02
4036	1.193483e+02
4037	1.192324e+02
4038	1.189942e+02
4039	1.186917e+02
4040	1.183160e+02
4041	1.178917e+02
4042	1.174331e+02
4043	1.169755e+02
4044	1.164322e+02
4045	1.158602e+02
4046	1.153808e+02
4047	1.149131e+02
4048	1.143898e+02
4049	1.138479e+02
4050	1.133155e+02
4051	1.128648e+02
4052	1.124258e+02
4053	1.120486e+02
4054	1.116962e+02
4055	1.113351e+02
4056	1.110178e+02
4057	1.108110e+02
4058	1.106451e+02
4059	1.105548e+02
4060	1.104106e+02
4061	1.102915e+02
4062	1.101725e+02
4063	1.101130e+02
4064	1.100426e+02
4065	1.099449e+02
4066	1.098854e+02
4067	1.098618e+02
4068	1.098852e+02
4069	1.098555e+02
4070	1.098293e+02
4071	1.097863e+02
4072	1.098370e+02
4073	1.099836e+02
4074	1.102630e+02
4075	1.105951e+02
4076	1.109153e+02
4077	1.112735e+02
4078	1.115810e+02
4079	1.119999e+02
4080	1.124871e+02
4081	1.129039e+02
4082	1.132966e+02
4083	1.136169e+02
4084	1.138989e+02
4085	1.141214e+02
4086	1.143126e+02
4087	1.145185e+02
4088	1.146718e+02
4089	1.148107e+02
4090	1.149239e+02
4091	1.149069e+02
4092	1.147841e+02
4093	1.146231e+02
4094	1.144428e+02
4095	1.142346e+02
4096	1.139585e+02
4097	1.136962e+02
4098	1.134092e+02
4099	1.131372e+02
4100	1.128187e+02
4101	1.125925e+02
4102	1.123493e+02
4103	1.121049e+02
4104	1.118657e+02
4105	1.116587e+02
4106	1.114000e+02
4107	1.110917e+02
4108	1.106623e+02
4109	1.102220e+02
4110	1.097257e+02
4111	1.093774e+02
4112	1.091376e+02
4113	1.088880e+02
4114	1.086298e+02
4115	1.083961e+02
4116	1.082352e+02
4117	1.080819e+02
4118	1.078883e+02
4119	1.077510e+02
4120	1.076597e+02
4121	1.075780e+02
4122	1.074887e+02
4123	1.074222e+02
4124	1.073661e+02
4125	1.073205e+02
4126	1.072444e+02
4127	1.071535e+02
4128	1.071280e+02
4129	1.070451e+02
4130	1.068929e+02
4131	1.067425e+02
4132	1.066420e+02
4133	1.065946e+02
4134	1.065864e+02
4135	1.065655e+02
4136	1.065315e+02
4137	1.064180e+02
4138	1.062495e+02
4139	1.059647e+02
4140	1.056547e+02
4141	1.053875e+02
4142	1.051412e+02
4143	1.048761e+02
4144	1.046648e+02
4145	1.044376e+02
4146	1.042127e+02
4147	1.040866e+02
4148	1.039723e+02
4149	1.038658e+02
4150	1.037492e+02
4151	1.036433e+02
4152	1.035700e+02
4153	1.034877e+02
4154	1.033752e+02
4155	1.033358e+02
4156	1.033481e+02
4157	1.033504e+02
4158	1.035005e+02
4159	1.035954e+02
4160	1.036103e+02
4161	1.036571e+02
4162	1.036799e+02
4163	1.037386e+02
4164	1.038526e+02
4165	1.039484e+02
4166	1.040286e+02
4167	1.041807e+02
4168	1.043873e+02
4169	1.047169e+02
4170	1.051298e+02
4171	1.056430e+02
4172	1.061908e+02
4173	1.068124e+02
4174	1.075300e+02
4175	1.081945e+02
4176	1.088944e+02
4177	1.096413e+02
4178	1.103080e+02
4179	1.109331e+02
4180	1.115568e+02
4181	1.121051e+02
4182	1.126037e+02
4183	1.131491e+02
4184	1.135503e+02
4185	1.138538e+02
4186	1.140945e+02
4187	1.142550e+02
4188	1.143534e+02
4189	1.144122e+02
4190	1.143929e+02
4191	1.143188e+02
4192	1.141241e+02
4193	1.138974e+02
4194	1.136858e+02
4195	1.135300e+02
4196	1.133063e+02
4197	1.130111e+02
4198	1.125775e+02
4199	1.121600e+02
4200	1.116958e+02
4201	1.111452e+02
4202	1.105654e+02
4203	1.099248e+02
4204	1.092260e+02
4205	1.086213e+02
4206	1.080920e+02
4207	1.075616e+02
4208	1.070819e+02
4209	1.066779e+02
4210	1.062792e+02
4211	1.059348e+02
4212	1.056335e+02
4213	1.053104e+02
4214	1.050682e+02
4215	1.049387e+02
4216	1.048647e+02
4217	1.048411e+02
4218	1.048757e+02
4219	1.050759e+02
4220	1.053389e+02
4221	1.056913e+02
4222	1.061213e+02
4223	1.065839e+02
4224	1.070789e+02
4225	1.076374e+02
4226	1.082475e+02
4227	1.089207e+02
4228	1.097273e+02
4229	1.104994e+02
4230	1.113043e+02
4231	1.121053e+02
4232	1.128641e+02
4233	1.136000e+02
4234	1.142890e+02
4235	1.149683e+02
4236	1.156079e+02
4237	1.161459e+02
4238	1.166288e+02
4239	1.169670e+02
4240	1.173377e+02
4241	1.176364e+02
4242	1.178150e+02
4243	1.179323e+02
4244	1.179416e+02
4245	1.179179e+02
4246	1.179552e+02
4247	1.180026e+02
4248	1.179510e+02
4249	1.178223e+02
4250	1.177285e+02
4251	1.176141e+02
4252	1.174548e+02
4253	1.171325e+02
4254	1.168041e+02
4255	1.164253e+02
4256	1.159242e+02
4257	1.153441e+02
4258	1.146427e+02
4259	1.139233e+02
4260	1.131884e+02
4261	1.123727e+02
4262	1.115562e+02
4263	1.106294e+02
4264	1.097130e+02
4265	1.087688e+02
4266	1.078568e+02
4267	1.069987e+02
4268	1.061425e+02
4269	1.053671e+02
4270	1.047056e+02
4271	1.041620e+02
4272	1.037731e+02
4273	1.035347e+02
4274	1.034067e+02
4275	1.034308e+02
4276	1.035505e+02
4277	1.037555e+02
4278	1.040905e+02
4279	1.044700e+02
4280	1.048836e+02
4281	1.053261e+02
4282	1.058876e+02
4283	1.064445e+02
4284	1.070085e+02
4285	1.076091e+02
4286	1.082500e+02
4287	1.089290e+02
4288	1.096415e+02
4289	1.104080e+02
4290	1.110945e+02
4291	1.117423e+02
4292	1.123562e+02
4293	1.128899e+02
4294	1.133903e+02
4295	1.138665e+02
4296	1.142948e+02
4297	1.146552e+02
4298	1.149740e+02
4299	1.151706e+02
4300	1.153544e+02
4301	1.154662e+02
4302	1.155325e+02
4303	1.155130e+02
4304	1.153487e+02
4305	1.150868e+02
4306	1.146676e+02
4307	1.141016e+02
4308	1.134899e+02
4309	1.127600e+02
4310	1.120168e+02
4311	1.112591e+02
4312	1.104989e+02
4313	1.096892e+02
4314	1.089569e+02
4315	1.082961e+02
4316	1.078041e+02
4317	1.073957e+02
4318	1.070625e+02
4319	1.067850e+02
4320	1.066236e+02
4321	1.065049e+02
4322	1.064085e+02
4323	1.064286e+02
4324	1.065567e+02
4325	1.067572e+02
4326	1.070075e+02
4327	1.072998e+02
4328	1.076384e+02
4329	1.080635e+02
4330	1.085781e+02
4331	1.090848e+02
4332	1.096438e+02
4333	1.100717e+02
4334	1.104160e+02
4335	1.108328e+02
4336	1.113101e+02
4337	1.117928e+02
4338	1.123431e+02
4339	1.128800e+02
4340	1.134619e+02
4341	1.141650e+02
4342	1.149273e+02
4343	1.157651e+02
4344	1.165885e+02
4345	1.173015e+02
4346	1.179475e+02
4347	1.185707e+02
4348	1.190714e+02
4349	1.194800e+02
4350	1.198815e+02
4351	1.201310e+02
4352	1.202830e+02
4353	1.203608e+02
4354	1.204097e+02
4355	1.203988e+02
4356	1.203710e+02
4357	1.202767e+02
4358	1.201894e+02
4359	1.200487e+02
4360	1.198520e+02
4361	1.195411e+02
4362	1.191827e+02
4363	1.188505e+02
4364	1.185304e+02
4365	1.181702e+02
4366	1.177134e+02
4367	1.171647e+02
4368	1.166231e+02
4369	1.160300e+02
4370	1.154094e+02
4371	1.148249e+02
4372	1.142975e+02
4373	1.137381e+02
4374	1.132391e+02
4375	1.128580e+02
4376	1.124667e+02
4377	1.121480e+02
4378	1.118796e+02
4379	1.116664e+02
4380	1.116151e+02
4381	1.116280e+02
4382	1.116671e+02
4383	1.117197e+02
4384	1.117617e+02
4385	1.118185e+02
4386	1.118869e+02
4387	1.120820e+02
4388	1.122308e+02
4389	1.123822e+02
4390	1.124859e+02
4391	1.126562e+02
4392	1.128113e+02
4393	1.129411e+02
4394	1.130929e+02
4395	1.132070e+02
4396	1.132881e+02
4397	1.132513e+02
4398	1.132215e+02
4399	1.131676e+02
4400	1.131660e+02
4401	1.131925e+02
4402	1.132151e+02
4403	1.133242e+02
4404	1.134015e+02
4405	1.135063e+02
4406	1.136226e+02
4407	1.136757e+02
4408	1.137621e+02
4409	1.138610e+02
4410	1.139168e+02
4411	1.139682e+02
4412	1.139394e+02
4413	1.137830e+02
4414	1.135581e+02
4415	1.132331e+02
4416	1.128512e+02
4417	1.124884e+02
4418	1.120751e+02
4419	1.117510e+02
4420	1.114933e+02
4421	1.112555e+02
4422	1.110629e+02
4423	1.108358e+02
4424	1.106342e+02
4425	1.103933e+02
4426	1.102325e+02
4427	1.100490e+02
4428	1.099507e+02
4429	1.098836e+02
4430	1.098171e+02
4431	1.097362e+02
4432	1.096533e+02
4433	1.095296e+02
4434	1.094956e+02
4435	1.095716e+02
4436	1.096973e+02
4437	1.099212e+02
4438	1.101652e+02
4439	1.104277e+02
4440	1.107080e+02
4441	1.109065e+02
4442	1.110669e+02
4443	1.112043e+02
4444	1.112965e+02
4445	1.112893e+02
4446	1.112279e+02
4447	1.111631e+02
4448	1.111317e+02
4449	1.111067e+02
4450	1.111604e+02
4451	1.112605e+02
4452	1.113429e+02
4453	1.114760e+02
4454	1.115728e+02
4455	1.117105e+02
4456	1.118063e+02
4457	1.119212e+02
4458	1.120563e+02
4459	1.121487e+02
4460	1.122334e+02
4461	1.123505e+02
4462	1.124239e+02
4463	1.125385e+02
4464	1.125537e+02
4465	1.125532e+02
4466	1.125158e+02
4467	1.124983e+02
4468	1.125270e+02
4469	1.125502e+02
4470	1.125488e+02
4471	1.125658e+02
4472	1.126108e+02
4473	1.127638e+02
4474	1.129238e+02
4475	1.130158e+02
4476	1.132135e+02
4477	1.134242e+02
4478	1.135409e+02
4479	1.136831e+02
4480	1.137431e+02
4481	1.137319e+02
4482	1.136819e+02
4483	1.136300e+02
4484	1.135664e+02
4485	1.134954e+02
4486	1.133768e+02
4487	1.131735e+02
4488	1.129613e+02
4489	1.126694e+02
4490	1.123699e+02
4491	1.120607e+02
4492	1.118192e+02
4493	1.114945e+02
4494	1.111713e+02
4495	1.108999e+02
4496	1.107535e+02
4497	1.106252e+02
4498	1.104105e+02
4499	1.102537e+02
4500	1.100669e+02
4501	1.099339e+02
4502	1.098071e+02
4503	1.096423e+02
4504	1.095489e+02
4505	1.094675e+02
4506	1.093833e+02
4507	1.092796e+02
4508	1.092891e+02
4509	1.093425e+02
4510	1.093470e+02
4511	1.094351e+02
4512	1.096306e+02
4513	1.098841e+02
4514	1.102295e+02
4515	1.106387e+02
4516	1.111633e+02
4517	1.116703e+02
4518	1.122690e+02
4519	1.128835e+02
4520	1.135585e+02
4521	1.142388e+02
4522	1.149293e+02
4523	1.155996e+02
4524	1.162799e+02
4525	1.169055e+02
4526	1.173887e+02
4527	1.177423e+02
4528	1.179938e+02
4529	1.182013e+02
4530	1.183044e+02
4531	1.183602e+02
4532	1.183186e+02
4533	1.183035e+02
4534	1.183302e+02
4535	1.183571e+02
4536	1.183402e+02
4537	1.182676e+02
4538	1.181535e+02
4539	1.179592e+02
4540	1.177017e+02
4541	1.173092e+02
4542	1.168011e+02
4543	1.162971e+02
4544	1.157113e+02
4545	1.151283e+02
4546	1.144407e+02
4547	1.137085e+02
4548	1.129041e+02
4549	1.120748e+02
4550	1.111458e+02
4551	1.103134e+02
4552	1.094258e+02
4553	1.085648e+02
4554	1.076841e+02
4555	1.069180e+02
4556	1.062604e+02
4557	1.057206e+02
4558	1.052909e+02
4559	1.048537e+02
4560	1.044773e+02
4561	1.042230e+02
4562	1.040957e+02
4563	1.040680e+02
4564	1.040706e+02
4565	1.040312e+02
4566	1.040444e+02
4567	1.041235e+02
4568	1.042462e+02
4569	1.044524e+02
4570	1.047432e+02
4571	1.051929e+02
4572	1.056124e+02
4573	1.060723e+02
4574	1.065878e+02
4575	1.071976e+02
4576	1.079177e+02
4577	1.086736e+02
4578	1.094380e+02
4579	1.102474e+02
4580	1.110206e+02
4581	1.117731e+02
4582	1.125137e+02
4583	1.132985e+02
4584	1.140529e+02
4585	1.147633e+02
4586	1.154642e+02
4587	1.160788e+02
4588	1.166384e+02
4589	1.171274e+02
4590	1.174871e+02
4591	1.177013e+02
4592	1.177978e+02
4593	1.178730e+02
4594	1.178407e+02
4595	1.177749e+02
4596	1.175931e+02
4597	1.173719e+02
4598	1.172000e+02
4599	1.170243e+02
4600	1.168258e+02
4601	1.166244e+02
4602	1.164862e+02
4603	1.164110e+02
4604	1.163214e+02
4605	1.162264e+02
4606	1.161255e+02
4607	1.160120e+02
4608	1.159506e+02
4609	1.159168e+02
4610	1.158083e+02
4611	1.157199e+02
4612	1.156756e+02
4613	1.156669e+02
4614	1.156406e+02
4615	1.155450e+02
4616	1.154124e+02
4617	1.153095e+02
4618	1.152204e+02
4619	1.151275e+02
4620	1.151567e+02
4621	1.151200e+02
4622	1.150805e+02
4623	1.149937e+02
4624	1.148266e+02
4625	1.146879e+02
4626	1.144540e+02
4627	1.141380e+02
4628	1.138446e+02
4629	1.135130e+02
4630	1.131286e+02
4631	1.127724e+02
4632	1.124338e+02
4633	1.121487e+02
4634	1.119049e+02
4635	1.117380e+02
4636	1.115063e+02
4637	1.111718e+02
4638	1.108501e+02
4639	1.105462e+02
4640	1.102265e+02
4641	1.098767e+02
4642	1.094690e+02
4643	1.090667e+02
4644	1.087859e+02
4645	1.085042e+02
4646	1.082588e+02
4647	1.080257e+02
4648	1.078633e+02
4649	1.078148e+02
4650	1.077892e+02
4651	1.079284e+02
4652	1.081034e+02
4653	1.082967e+02
4654	1.084379e+02
4655	1.086251e+02
4656	1.089203e+02
4657	1.091783e+02
4658	1.095463e+02
4659	1.099233e+02
4660	1.103362e+02
4661	1.108058e+02
4662	1.113130e+02
4663	1.117579e+02
4664	1.122285e+02
4665	1.127521e+02
4666	1.132025e+02
4667	1.135848e+02
4668	1.139081e+02
4669	1.143649e+02
4670	1.148434e+02
4671	1.152831e+02
4672	1.157547e+02
4673	1.162189e+02
4674	1.166757e+02
4675	1.171103e+02
4676	1.175698e+02
4677	1.180228e+02
4678	1.184741e+02
4679	1.188597e+02
4680	1.191659e+02
4681	1.194777e+02
4682	1.197299e+02
4683	1.199554e+02
4684	1.201649e+02
4685	1.202836e+02
4686	1.203370e+02
4687	1.203395e+02
4688	1.203021e+02
4689	1.202228e+02
4690	1.199981e+02
4691	1.197587e+02
4692	1.194738e+02
4693	1.191013e+02
4694	1.187053e+02
4695	1.183014e+02
4696	1.179129e+02
4697	1.174720e+02
4698	1.170870e+02
4699	1.166262e+02
4700	1.161784e+02
4701	1.156033e+02
4702	1.149136e+02
4703	1.141786e+02
4704	1.134626e+02
4705	1.127179e+02
4706	1.119515e+02
4707	1.110999e+02
4708	1.101975e+02
4709	1.093021e+02
4710	1.083161e+02
4711	1.073189e+02
4712	1.064209e+02
4713	1.055038e+02
4714	1.046485e+02
4715	1.038707e+02
4716	1.030825e+02
4717	1.024091e+02
4718	1.018212e+02
4719	1.013317e+02
4720	1.009237e+02
4721	1.005746e+02
4722	1.003274e+02
4723	1.001697e+02
4724	1.001172e+02
4725	1.001211e+02
4726	1.002528e+02
4727	1.004751e+02
4728	1.007106e+02
4729	1.010778e+02
4730	1.015552e+02
4731	1.021122e+02
4732	1.027467e+02
4733	1.034818e+02
4734	1.042805e+02
4735	1.052213e+02
4736	1.062472e+02
4737	1.073329e+02
4738	1.084720e+02
4739	1.097256e+02
4740	1.109697e+02
4741	1.122469e+02
4742	1.135102e+02
4743	1.147709e+02
4744	1.159720e+02
4745	1.171843e+02
4746	1.182645e+02
4747	1.192074e+02
4748	1.200231e+02
4749	1.207385e+02
4750	1.213423e+02
4751	1.218961e+02
4752	1.222299e+02
4753	1.224892e+02
4754	1.226398e+02
4755	1.226764e+02
4756	1.226794e+02
4757	1.226365e+02
4758	1.225632e+02
4759	1.223898e+02
4760	1.221723e+02
4761	1.219174e+02
4762	1.216037e+02
4763	1.212253e+02
4764	1.206948e+02
4765	1.201832e+02
4766	1.196373e+02
4767	1.190256e+02
4768	1.184574e+02
4769	1.178508e+02
4770	1.172374e+02
4771	1.166090e+02
4772	1.159919e+02
4773	1.154666e+02
4774	1.150303e+02
4775	1.146826e+02
4776	1.144328e+02
4777	1.142181e+02
4778	1.140684e+02
4779	1.139816e+02
4780	1.139795e+02
4781	1.140343e+02
4782	1.141442e+02
4783	1.143137e+02
4784	1.145580e+02
4785	1.148766e+02
4786	1.152675e+02
4787	1.157224e+02
4788	1.162294e+02
4789	1.167101e+02
4790	1.171932e+02
4791	1.176143e+02
4792	1.180313e+02
4793	1.183768e+02
4794	1.186203e+02
4795	1.187374e+02
4796	1.187874e+02
4797	1.188316e+02
4798	1.187794e+02
4799	1.187338e+02
4800	1.185928e+02
4801	1.183888e+02
4802	1.180984e+02
4803	1.177440e+02
4804	1.173126e+02
4805	1.167889e+02
4806	1.162261e+02
4807	1.155831e+02
4808	1.149203e+02
4809	1.142020e+02
4810	1.134669e+02
4811	1.126864e+02
4812	1.118752e+02
4813	1.110806e+02
4814	1.103195e+02
4815	1.096486e+02
4816	1.089365e+02
4817	1.082514e+02
4818	1.076494e+02
4819	1.070768e+02
4820	1.065103e+02
4821	1.060353e+02
4822	1.055744e+02
4823	1.051931e+02
4824	1.049224e+02
4825	1.047055e+02
4826	1.046227e+02
4827	1.045247e+02
4828	1.045120e+02
4829	1.046461e+02
4830	1.048701e+02
4831	1.052068e+02
4832	1.056033e+02
4833	1.061390e+02
4834	1.066651e+02
4835	1.071962e+02
4836	1.078154e+02
4837	1.083843e+02
4838	1.090250e+02
4839	1.096592e+02
4840	1.102607e+02
4841	1.108692e+02
4842	1.115418e+02
4843	1.121520e+02
4844	1.127444e+02
4845	1.133175e+02
4846	1.139523e+02
4847	1.146551e+02
4848	1.153844e+02
4849	1.161368e+02
4850	1.169104e+02
4851	1.176832e+02
4852	1.184046e+02
4853	1.189375e+02
4854	1.193735e+02
4855	1.197614e+02
4856	1.201215e+02
4857	1.203826e+02
4858	1.205684e+02
4859	1.206256e+02
4860	1.205170e+02
4861	1.202174e+02
4862	1.197895e+02
4863	1.192916e+02
4864	1.187452e+02
4865	1.180735e+02
4866	1.173747e+02
4867	1.165234e+02
4868	1.156116e+02
4869	1.146271e+02
4870	1.135731e+02
4871	1.124691e+02
4872	1.112354e+02
4873	1.099700e+02
4874	1.086548e+02
4875	1.073438e+02
4876	1.061133e+02
4877	1.048344e+02
4878	1.036952e+02
4879	1.026192e+02
4880	1.015554e+02
4881	1.006078e+02
4882	9.967952e+01
4883	9.890078e+01
4884	9.821128e+01
4885	9.763233e+01
4886	9.716750e+01
4887	9.676587e+01
4888	9.647717e+01
4889	9.618810e+01
4890	9.603554e+01
4891	9.596997e+01
4892	9.608670e+01
4893	9.635468e+01
4894	9.671524e+01
4895	9.709116e+01
4896	9.754920e+01
4897	9.803998e+01
4898	9.854567e+01
4899	9.907876e+01
4900	9.952606e+01
4901	9.995717e+01
4902	1.003906e+02
4903	1.008400e+02
4904	1.012056e+02
4905	1.015468e+02
4906	1.018704e+02
4907	1.022055e+02
4908	1.025568e+02
4909	1.028652e+02
4910	1.031452e+02
4911	1.035076e+02
4912	1.038736e+02
4913	1.042974e+02
4914	1.046774e+02
4915	1.050587e+02
4916	1.053756e+02
4917	1.057086e+02
4918	1.060558e+02
4919	1.063456e+02
4920	1.066807e+02
4921	1.069794e+02
4922	1.072979e+02
4923	1.076311e+02
4924	1.079697e+02
4925	1.083049e+02
4926	1.085569e+02
4927	1.087441e+02
4928	1.089091e+02
4929	1.091187e+02
4930	1.093779e+02
4931	1.096983e+02
4932	1.100582e+02
4933	1.104119e+02
4934	1.108661e+02
4935	1.113372e+02
4936	1.118221e+02
4937	1.123563e+02
4938	1.130387e+02
4939	1.137379e+02
4940	1.144782e+02
4941	1.152139e+02
4942	1.159576e+02
4943	1.166276e+02
4944	1.172111e+02
4945	1.176831e+02
4946	1.180831e+02
4947	1.184282e+02
4948	1.187555e+02
4949	1.190643e+02
4950	1.192493e+02
4951	1.193212e+02
4952	1.193665e+02
4953	1.193688e+02
4954	1.193291e+02
4955	1.192003e+02
4956	1.189632e+02
4957	1.185994e+02
4958	1.181441e+02
4959	1.176477e+02
4960	1.170801e+02
4961	1.163769e+02
4962	1.155685e+02
4963	1.147978e+02
4964	1.139471e+02
4965	1.131179e+02
4966	1.122932e+02
4967	1.115388e+02
4968	1.107784e+02
4969	1.100212e+02
4970	1.093131e+02
4971	1.086631e+02
4972	1.080421e+02
4973	1.074945e+02
4974	1.070061e+02
4975	1.065862e+02
4976	1.062719e+02
4977	1.060115e+02
4978	1.058028e+02
4979	1.057335e+02
4980	1.056848e+02
4981	1.058224e+02
4982	1.061044e+02
4983	1.063982e+02
4984	1.067339e+02
4985	1.072727e+02
4986	1.078477e+02
4987	1.084285e+02
4988	1.090983e+02
4989	1.097993e+02
4990	1.105032e+02
4991	1.112134e+02
4992	1.118722e+02
4993	1.125287e+02
4994	1.131545e+02
4995	1.137629e+02
4996	1.144448e+02
4997	1.151731e+02
4998	1.159130e+02
4999	1.167813e+02
