# Step	Measurement
1	1.080049e+02
2	1.078533e+02
3	1.078096e+02
4	1.076727e+02
5	1.075301e+02
6	1.072698e+02
7	1.069802e+02
8	1.067455e+02
9	1.065012e+02
10	1.062253e+02
11	1.059731e+02
12	1.058305e+02
13	1.056819e+02
14	1.055297e+02
15	1.055275e+02
16	1.055433e+02
17	1.056104e+02
18	1.057145e+02
19	1.058351e+02
20	1.059046e+02
21	1.060014e+02
22	1.062740e+02
23	1.065130e+02
24	1.067103e+02
25	1.070220e+02
26	1.072808e+02
27	1.075954e+02
28	1.080017e+02
29	1.084792e+02
30	1.089112e+02
31	1.093502e+02
32	1.097228e+02
33	1.100080e+02
34	1.102596e+02
35	1.105705e+02
36	1.109507e+02
37	1.113312e+02
38	1.116129e+02
39	1.118656e+02
40	1.120042e+02
41	1.120210e+02
42	1.119441e+02
43	1.118848e+02
44	1.117895e+02
45	1.116661e+02
46	1.115376e+02
47	1.113466e+02
48	1.111092e+02
49	1.107688e+02
50	1.104058e+02
51	1.100129e+02
52	1.096496e+02
53	1.092261e+02
54	1.088883e+02
55	1.084562e+02
56	1.080920e+02
57	1.076826e+02
58	1.072508e+02
59	1.068193e+02
60	1.064452e+02
61	1.060516e+02
62	1.056461e+02
63	1.052482e+02
64	1.049654e+02
65	1.047031e+02
66	1.043844e+02
67	1.039345e+02
68	1.036034e+02
69	1.032287e+02
70	1.029346e+02
71	1.026291e+02
72	1.023728e+02
73	1.021960e+02
74	1.022392e+02
75	1.023569e+02
76	1.025473e+02
77	1.028321e+02
78	1.031470e+02
79	1.035574e+02
80	1.040981e+02
81	1.047110e+02
82	1.054230e+02
83	1.061300e+02
84	1.067450e+02
85	1.073363e+02
86	1.079239e+02
87	1.085131e+02
88	1.090822e+02
89	1.095077e+02
90	1.098480e+02
91	1.102052e+02
92	1.105612e+02
93	1.109842e+02
94	1.112545e+02
95	1.115264e+02
96	1.118060e+02
97	1.120215e+02
98	1.121931e+02
99	1.123122e+02
100	1.122572e+02
101	1.121476e+02
102	1.119263e+02
103	1.116946e+02
104	1.114495e+02
105	1.111909e+02
106	1.110642e+02
107	1.108125e+02
108	1.103896e+02
109	1.099022e+02
110	1.094065e+02
111	1.088929e+02
112	1.084442e+02
113	1.080631e+02
114	1.076303e+02
115	1.072184e+02
116	1.068777e+02
117	1.065567e+02
118	1.061705e+02
119	1.058481e+02
120	1.054097e+02
121	1.050058e+02
122	1.045683e+02
123	1.042207e+02
124	1.038838e+02
125	1.036538e+02
126	1.034029e+02
127	1.032211e+02
128	1.030835e+02
129	1.030121e+02
130	1.030665e+02
131	1.031563e+02
132	1.032471e+02
133	1.035631e+02
134	1.039418e+02
135	1.043615e+02
136	1.049670e+02
137	1.054966e+02
138	1.059709e+02
139	1.064457e+02
140	1.069108e+02
141	1.074010e+02
142	1.078721e+02
143	1.083996e+02
144	1.088273e+02
145	1.093424e+02
146	1.098528e+02
147	1.104125e+02
148	1.109092e+02
149	1.113116e+02
150	1.117776e+02
151	1.121228e+02
152	1.124072e+02
153	1.125931e+02
154	1.127219e+02
155	1.127382e+02
156	1.126750e+02
157	1.125690e+02
158	1.123930e+02
159	1.121891e+02
160	1.119657e+02
161	1.117582e+02
162	1.114971e+02
163	1.112139e+02
164	1.109276e+02
165	1.105553e+02
166	1.101513e+02
167	1.097154e+02
168	1.091952e+02
169	1.085924e+02
170	1.079253e+02
171	1.071959e+02
172	1.064469e+02
173	1.057255e+02
174	1.050794e+02
175	1.044862e+02
176	1.038680e+02
177	1.033302e+02
178	1.028258e+02
179	1.024463e+02
180	1.021550e+02
181	1.020000e+02
182	1.019648e+02
183	1.019474e+02
184	1.020314e+02
185	1.022648e+02
186	1.026300e+02
187	1.030924e+02
188	1.036853e+02
189	1.042825e+02
190	1.050888e+02
191	1.059718e+02
192	1.069827e+02
193	1.079436e+02
194	1.088194e+02
195	1.095002e+02
196	1.100235e+02
197	1.103708e+02
198	1.106638e+02
199	1.110364e+02
200	1.113249e+02
201	1.115525e+02
202	1.116568e+02
203	1.117983e+02
204	1.118938e+02
205	1.119541e+02
206	1.120632e+02
207	1.122616e+02
208	1.124774e+02
209	1.126581e+02
210	1.128330e+02
211	1.129545e+02
212	1.130131e+02
213	1.129470e+02
214	1.128476e+02
215	1.126288e+02
216	1.123398e+02
217	1.119671e+02
218	1.116124e+02
219	1.111835e+02
220	1.107134e+02
221	1.101673e+02
222	1.095564e+02
223	1.089687e+02
224	1.083374e+02
225	1.076238e+02
226	1.068610e+02
227	1.060481e+02
228	1.053344e+02
229	1.046190e+02
230	1.039918e+02
231	1.034641e+02
232	1.030300e+02
233	1.025461e+02
234	1.020563e+02
235	1.016069e+02
236	1.013289e+02
237	1.010614e+02
238	1.008158e+02
239	1.008388e+02
240	1.009134e+02
241	1.011653e+02
242	1.014992e+02
243	1.019481e+02
244	1.024869e+02
245	1.031449e+02
246	1.038030e+02
247	1.045532e+02
248	1.053554e+02
249	1.061637e+02
250	1.068659e+02
251	1.076332e+02
252	1.085136e+02
253	1.094298e+02
254	1.103626e+02
255	1.111134e+02
256	1.117723e+02
257	1.123457e+02
258	1.129033e+02
259	1.133171e+02
260	1.136793e+02
261	1.139744e+02
262	1.140087e+02
263	1.138671e+02
264	1.136985e+02
265	1.133534e+02
266	1.129049e+02
267	1.124279e+02
268	1.118641e+02
269	1.112020e+02
270	1.105679e+02
271	1.099206e+02
272	1.092719e+02
273	1.085028e+02
274	1.076349e+02
275	1.068809e+02
276	1.061328e+02
277	1.053745e+02
278	1.046346e+02
279	1.039614e+02
280	1.033489e+02
281	1.028121e+02
282	1.024845e+02
283	1.022001e+02
284	1.020624e+02
285	1.019880e+02
286	1.018931e+02
287	1.018759e+02
288	1.019483e+02
289	1.020995e+02
290	1.024325e+02
291	1.029703e+02
292	1.037362e+02
293	1.045860e+02
294	1.054291e+02
295	1.062501e+02
296	1.070688e+02
297	1.079293e+02
298	1.087576e+02
299	1.095899e+02
300	1.103729e+02
301	1.111575e+02
302	1.118797e+02
303	1.125603e+02
304	1.130582e+02
305	1.135348e+02
306	1.138451e+02
307	1.139648e+02
308	1.139766e+02
309	1.137952e+02
310	1.135631e+02
311	1.132602e+02
312	1.128668e+02
313	1.124145e+02
314	1.119237e+02
315	1.112733e+02
316	1.105450e+02
317	1.096745e+02
318	1.087296e+02
319	1.078170e+02
320	1.069760e+02
321	1.060657e+02
322	1.051702e+02
323	1.043312e+02
324	1.035912e+02
325	1.030556e+02
326	1.026201e+02
327	1.022469e+02
328	1.020242e+02
329	1.019779e+02
330	1.021304e+02
331	1.024848e+02
332	1.029789e+02
333	1.036465e+02
334	1.044365e+02
335	1.052550e+02
336	1.061085e+02
337	1.068866e+02
338	1.076321e+02
339	1.085270e+02
340	1.094480e+02
341	1.103067e+02
342	1.112153e+02
343	1.120806e+02
344	1.128477e+02
345	1.135281e+02
346	1.141401e+02
347	1.145694e+02
348	1.149070e+02
349	1.150830e+02
350	1.151815e+02
351	1.153207e+02
352	1.153659e+02
353	1.152092e+02
354	1.149837e+02
355	1.146369e+02
356	1.141065e+02
357	1.134138e+02
358	1.127535e+02
359	1.120246e+02
360	1.113070e+02
361	1.105071e+02
362	1.097612e+02
363	1.089253e+02
364	1.080999e+02
365	1.073474e+02
366	1.065819e+02
367	1.059195e+02
368	1.051862e+02
369	1.045158e+02
370	1.039540e+02
371	1.035279e+02
372	1.031443e+02
373	1.029286e+02
374	1.028878e+02
375	1.029105e+02
376	1.031432e+02
377	1.035189e+02
378	1.040577e+02
379	1.046938e+02
380	1.053021e+02
381	1.060225e+02
382	1.069036e+02
383	1.078885e+02
384	1.087831e+02
385	1.097774e+02
386	1.105725e+02
387	1.113751e+02
388	1.121321e+02
389	1.127854e+02
390	1.133425e+02
391	1.137554e+02
392	1.140565e+02
393	1.142043e+02
394	1.143061e+02
395	1.143587e+02
396	1.143029e+02
397	1.140217e+02
398	1.136846e+02
399	1.133247e+02
400	1.128340e+02
401	1.123138e+02
402	1.117797e+02
403	1.111426e+02
404	1.103278e+02
405	1.093995e+02
406	1.083435e+02
407	1.073386e+02
408	1.064133e+02
409	1.054594e+02
410	1.046851e+02
411	1.040724e+02
412	1.036032e+02
413	1.032508e+02
414	1.029887e+02
415	1.028992e+02
416	1.030009e+02
417	1.032047e+02
418	1.034911e+02
419	1.038279e+02
420	1.041956e+02
421	1.047255e+02
422	1.053212e+02
423	1.059711e+02
424	1.066409e+02
425	1.073896e+02
426	1.082052e+02
427	1.089379e+02
428	1.096267e+02
429	1.102587e+02
430	1.108487e+02
431	1.115062e+02
432	1.120640e+02
433	1.126120e+02
434	1.131555e+02
435	1.136057e+02
436	1.139600e+02
437	1.141337e+02
438	1.142781e+02
439	1.143928e+02
440	1.143422e+02
441	1.142303e+02
442	1.141444e+02
443	1.138904e+02
444	1.135756e+02
445	1.132366e+02
446	1.127325e+02
447	1.120810e+02
448	1.113649e+02
449	1.106092e+02
450	1.097519e+02
451	1.089307e+02
452	1.080761e+02
453	1.072647e+02
454	1.065484e+02
455	1.058220e+02
456	1.052398e+02
457	1.047911e+02
458	1.044620e+02
459	1.042413e+02
460	1.040540e+02
461	1.037235e+02
462	1.034635e+02
463	1.032848e+02
464	1.032153e+02
465	1.032560e+02
466	1.034285e+02
467	1.036892e+02
468	1.040809e+02
469	1.044819e+02
470	1.048288e+02
471	1.051349e+02
472	1.056205e+02
473	1.060141e+02
474	1.064184e+02
475	1.068466e+02
476	1.073083e+02
477	1.076630e+02
478	1.080528e+02
479	1.084751e+02
480	1.088856e+02
481	1.093673e+02
482	1.098913e+02
483	1.103665e+02
484	1.107659e+02
485	1.110428e+02
486	1.111522e+02
487	1.112628e+02
488	1.111677e+02
489	1.111007e+02
490	1.109983e+02
491	1.108667e+02
492	1.106665e+02
493	1.103439e+02
494	1.099233e+02
495	1.094478e+02
496	1.090503e+02
497	1.087070e+02
498	1.083822e+02
499	1.080862e+02
500	1.078336e+02
501	1.074913e+02
502	1.071306e+02
503	1.067446e+02
504	1.063461e+02
505	1.060275e+02
506	1.057388e+02
507	1.055351e+02
508	1.053610e+02
509	1.052224e+02
510	1.051198e+02
511	1.052621e+02
512	1.053978e+02
513	1.055875e+02
514	1.058069e+02
515	1.059741e+02
516	1.061831e+02
517	1.063931e+02
518	1.066283e+02
519	1.067494e+02
520	1.069218e+02
521	1.071391e+02
522	1.075335e+02
523	1.079604e+02
524	1.083727e+02
525	1.088653e+02
526	1.093405e+02
527	1.099059e+02
528	1.104887e+02
529	1.110568e+02
530	1.117291e+02
531	1.123148e+02
532	1.127994e+02
533	1.132392e+02
534	1.135001e+02
535	1.136691e+02
536	1.136107e+02
537	1.132511e+02
538	1.127761e+02
539	1.122501e+02
540	1.116711e+02
541	1.110205e+02
542	1.101906e+02
543	1.093084e+02
544	1.085032e+02
545	1.077654e+02
546	1.070534e+02
547	1.062935e+02
548	1.056256e+02
549	1.050033e+02
550	1.044605e+02
551	1.040385e+02
552	1.037218e+02
553	1.035432e+02
554	1.034476e+02
555	1.033775e+02
556	1.033954e+02
557	1.034848e+02
558	1.037137e+02
559	1.040238e+02
560	1.044088e+02
561	1.048351e+02
562	1.052452e+02
563	1.057360e+02
564	1.061996e+02
565	1.067721e+02
566	1.072936e+02
567	1.079430e+02
568	1.086184e+02
569	1.093013e+02
570	1.099931e+02
571	1.106231e+02
572	1.111723e+02
573	1.117935e+02
574	1.123437e+02
575	1.127512e+02
576	1.131135e+02
577	1.135145e+02
578	1.138473e+02
579	1.142230e+02
580	1.145665e+02
581	1.147067e+02
582	1.148076e+02
583	1.148252e+02
584	1.147850e+02
585	1.147582e+02
586	1.147317e+02
587	1.147204e+02
588	1.147043e+02
589	1.146094e+02
590	1.143660e+02
591	1.141047e+02
592	1.138501e+02
593	1.134883e+02
594	1.130388e+02
595	1.125782e+02
596	1.121542e+02
597	1.117290e+02
598	1.112304e+02
599	1.106829e+02
600	1.101162e+02
601	1.095488e+02
602	1.089674e+02
603	1.084146e+02
604	1.078746e+02
605	1.073753e+02
606	1.069556e+02
607	1.065443e+02
608	1.062350e+02
609	1.059179e+02
610	1.057499e+02
611	1.057461e+02
612	1.057318e+02
613	1.058051e+02
614	1.060135e+02
615	1.063706e+02
616	1.067495e+02
617	1.071522e+02
618	1.073835e+02
619	1.076115e+02
620	1.078232e+02
621	1.080100e+02
622	1.081918e+02
623	1.083894e+02
624	1.085785e+02
625	1.088491e+02
626	1.090626e+02
627	1.092707e+02
628	1.094338e+02
629	1.096203e+02
630	1.097855e+02
631	1.099288e+02
632	1.100124e+02
633	1.101795e+02
634	1.102281e+02
635	1.101718e+02
636	1.100601e+02
637	1.099328e+02
638	1.098617e+02
639	1.097036e+02
640	1.093924e+02
641	1.089066e+02
642	1.084009e+02
643	1.079745e+02
644	1.075759e+02
645	1.071812e+02
646	1.068731e+02
647	1.065991e+02
648	1.062132e+02
649	1.057753e+02
650	1.053953e+02
651	1.050245e+02
652	1.047266e+02
653	1.045137e+02
654	1.044080e+02
655	1.043027e+02
656	1.042891e+02
657	1.043547e+02
658	1.046216e+02
659	1.048331e+02
660	1.052067e+02
661	1.056453e+02
662	1.061477e+02
663	1.065649e+02
664	1.069891e+02
665	1.073969e+02
666	1.077631e+02
667	1.081020e+02
668	1.084555e+02
669	1.088080e+02
670	1.090726e+02
671	1.093008e+02
672	1.095572e+02
673	1.098634e+02
674	1.102470e+02
675	1.106021e+02
676	1.109403e+02
677	1.112107e+02
678	1.115931e+02
679	1.119621e+02
680	1.123491e+02
681	1.127899e+02
682	1.131411e+02
683	1.133609e+02
684	1.136166e+02
685	1.136990e+02
686	1.136910e+02
687	1.136383e+02
688	1.134211e+02
689	1.131154e+02
690	1.125888e+02
691	1.120554e+02
692	1.114263e+02
693	1.107584e+02
694	1.100572e+02
695	1.093069e+02
696	1.085208e+02
697	1.078024e+02
698	1.071131e+02
699	1.064769e+02
700	1.058981e+02
701	1.053165e+02
702	1.048807e+02
703	1.043947e+02
704	1.039293e+02
705	1.035648e+02
706	1.033031e+02
707	1.030450e+02
708	1.029571e+02
709	1.028555e+02
710	1.028797e+02
711	1.029903e+02
712	1.030960e+02
713	1.031790e+02
714	1.032469e+02
715	1.033417e+02
716	1.034317e+02
717	1.036061e+02
718	1.039301e+02
719	1.043681e+02
720	1.048925e+02
721	1.054600e+02
722	1.061401e+02
723	1.069226e+02
724	1.077774e+02
725	1.086345e+02
726	1.095050e+02
727	1.103530e+02
728	1.110922e+02
729	1.118430e+02
730	1.123907e+02
731	1.128522e+02
732	1.131850e+02
733	1.134289e+02
734	1.135140e+02
735	1.135145e+02
736	1.133738e+02
737	1.131022e+02
738	1.127315e+02
739	1.123298e+02
740	1.119146e+02
741	1.114142e+02
742	1.109124e+02
743	1.103868e+02
744	1.099204e+02
745	1.094658e+02
746	1.091221e+02
747	1.087723e+02
748	1.084451e+02
749	1.081607e+02
750	1.079258e+02
751	1.076358e+02
752	1.073047e+02
753	1.069701e+02
754	1.067861e+02
755	1.065885e+02
756	1.063844e+02
757	1.061489e+02
758	1.059865e+02
759	1.059540e+02
760	1.060293e+02
761	1.061397e+02
762	1.064023e+02
763	1.067077e+02
764	1.071155e+02
765	1.076350e+02
766	1.082291e+02
767	1.088717e+02
768	1.094618e+02
769	1.099747e+02
770	1.104832e+02
771	1.109960e+02
772	1.115194e+02
773	1.119958e+02
774	1.125030e+02
775	1.129794e+02
776	1.133068e+02
777	1.135523e+02
778	1.136554e+02
779	1.136140e+02
780	1.133756e+02
781	1.130635e+02
782	1.126276e+02
783	1.121249e+02
784	1.116185e+02
785	1.110592e+02
786	1.104276e+02
787	1.098559e+02
788	1.092836e+02
789	1.087301e+02
790	1.081767e+02
791	1.075921e+02
792	1.069814e+02
793	1.062940e+02
794	1.055495e+02
795	1.048816e+02
796	1.042230e+02
797	1.036480e+02
798	1.032264e+02
799	1.027670e+02
800	1.023815e+02
801	1.020485e+02
802	1.018057e+02
803	1.016395e+02
804	1.015289e+02
805	1.015138e+02
806	1.013994e+02
807	1.014090e+02
808	1.015064e+02
809	1.017596e+02
810	1.021556e+02
811	1.026986e+02
812	1.032138e+02
813	1.038138e+02
814	1.044246e+02
815	1.050373e+02
816	1.056692e+02
817	1.063415e+02
818	1.070330e+02
819	1.075726e+02
820	1.079953e+02
821	1.084142e+02
822	1.087856e+02
823	1.092259e+02
824	1.095744e+02
825	1.098955e+02
826	1.101673e+02
827	1.104030e+02
828	1.104562e+02
829	1.104755e+02
830	1.104541e+02
831	1.103696e+02
832	1.102248e+02
833	1.100096e+02
834	1.098565e+02
835	1.096430e+02
836	1.094677e+02
837	1.092740e+02
838	1.090847e+02
839	1.088295e+02
840	1.086211e+02
841	1.083964e+02
842	1.081362e+02
843	1.077216e+02
844	1.072642e+02
845	1.067261e+02
846	1.061755e+02
847	1.056650e+02
848	1.052491e+02
849	1.048531e+02
850	1.045118e+02
851	1.042770e+02
852	1.042356e+02
853	1.042165e+02
854	1.043273e+02
855	1.045132e+02
856	1.047791e+02
857	1.050613e+02
858	1.054381e+02
859	1.057113e+02
860	1.060499e+02
861	1.063791e+02
862	1.067392e+02
863	1.071206e+02
864	1.074864e+02
865	1.078142e+02
866	1.081879e+02
867	1.086384e+02
868	1.091050e+02
869	1.095014e+02
870	1.098189e+02
871	1.100507e+02
872	1.101659e+02
873	1.103085e+02
874	1.103718e+02
875	1.104297e+02
876	1.104241e+02
877	1.103539e+02
878	1.102622e+02
879	1.102081e+02
880	1.100861e+02
881	1.099354e+02
882	1.096096e+02
883	1.091899e+02
884	1.087913e+02
885	1.083086e+02
886	1.077804e+02
887	1.072455e+02
888	1.067148e+02
889	1.063200e+02
890	1.059133e+02
891	1.056554e+02
892	1.054887e+02
893	1.054315e+02
894	1.053223e+02
895	1.053286e+02
896	1.052948e+02
897	1.052979e+02
898	1.052301e+02
899	1.052862e+02
900	1.053705e+02
901	1.055289e+02
902	1.056546e+02
903	1.058455e+02
904	1.060633e+02
905	1.062350e+02
906	1.064334e+02
907	1.066785e+02
908	1.068814e+02
909	1.071007e+02
910	1.073762e+02
911	1.076345e+02
912	1.079520e+02
913	1.081879e+02
914	1.083484e+02
915	1.086266e+02
916	1.088920e+02
917	1.091526e+02
918	1.093636e+02
919	1.096083e+02
920	1.099011e+02
921	1.102115e+02
922	1.105519e+02
923	1.108015e+02
924	1.110259e+02
925	1.112628e+02
926	1.113754e+02
927	1.112914e+02
928	1.110907e+02
929	1.108576e+02
930	1.106844e+02
931	1.104239e+02
932	1.101333e+02
933	1.097139e+02
934	1.092302e+02
935	1.087239e+02
936	1.081199e+02
937	1.075602e+02
938	1.069692e+02
939	1.064144e+02
940	1.058803e+02
941	1.054681e+02
942	1.051592e+02
943	1.049189e+02
944	1.047558e+02
945	1.045199e+02
946	1.043823e+02
947	1.043896e+02
948	1.044371e+02
949	1.044763e+02
950	1.046787e+02
951	1.049052e+02
952	1.051238e+02
953	1.055395e+02
954	1.060268e+02
955	1.065915e+02
956	1.071992e+02
957	1.077643e+02
958	1.084820e+02
959	1.092644e+02
960	1.098292e+02
961	1.103720e+02
962	1.108755e+02
963	1.112065e+02
964	1.115989e+02
965	1.120222e+02
966	1.123255e+02
967	1.125100e+02
968	1.126287e+02
969	1.126980e+02
970	1.127415e+02
971	1.126728e+02
972	1.124772e+02
973	1.122246e+02
974	1.119900e+02
975	1.117258e+02
976	1.114935e+02
977	1.112449e+02
978	1.109485e+02
979	1.106032e+02
980	1.103381e+02
981	1.100047e+02
982	1.096404e+02
983	1.091668e+02
984	1.086941e+02
985	1.082110e+02
986	1.078101e+02
987	1.073203e+02
988	1.068761e+02
989	1.064452e+02
990	1.060409e+02
991	1.056057e+02
992	1.052325e+02
993	1.049201e+02
994	1.047743e+02
995	1.045959e+02
996	1.045080e+02
997	1.045327e+02
998	1.046010e+02
999	1.048286e+02
1000	1.052083e+02
1001	1.057056e+02
1002	1.063490e+02
1003	1.069033e+02
1004	1.075290e+02
1005	1.082929e+02
1006	1.090450e+02
1007	1.098822e+02
1008	1.106021e+02
1009	1.112851e+02
1010	1.118335e+02
1011	1.123800e+02
1012	1.127499e+02
1013	1.131509e+02
1014	1.134031e+02
1015	1.134925e+02
1016	1.134135e+02
1017	1.133998e+02
1018	1.134301e+02
1019	1.134818e+02
1020	1.133843e+02
1021	1.133028e+02
1022	1.131057e+02
1023	1.128031e+02
1024	1.122270e+02
1025	1.116408e+02
1026	1.109083e+02
1027	1.101067e+02
1028	1.092914e+02
1029	1.083674e+02
1030	1.074382e+02
1031	1.065113e+02
1032	1.056391e+02
1033	1.048745e+02
1034	1.040944e+02
1035	1.034346e+02
1036	1.029812e+02
1037	1.026366e+02
1038	1.023527e+02
1039	1.022673e+02
1040	1.022370e+02
1041	1.022540e+02
1042	1.023499e+02
1043	1.025309e+02
1044	1.026835e+02
1045	1.029415e+02
1046	1.033829e+02
1047	1.038496e+02
1048	1.043511e+02
1049	1.048136e+02
1050	1.052637e+02
1051	1.057058e+02
1052	1.061027e+02
1053	1.065697e+02
1054	1.070095e+02
1055	1.074199e+02
1056	1.077764e+02
1057	1.081999e+02
1058	1.084797e+02
1059	1.087714e+02
1060	1.090504e+02
1061	1.093669e+02
1062	1.097392e+02
1063	1.101220e+02
1064	1.105139e+02
1065	1.110311e+02
1066	1.115050e+02
1067	1.119194e+02
1068	1.122212e+02
1069	1.125697e+02
1070	1.127719e+02
1071	1.129030e+02
1072	1.127366e+02
1073	1.124461e+02
1074	1.121536e+02
1075	1.119935e+02
1076	1.117856e+02
1077	1.114041e+02
1078	1.109675e+02
1079	1.104851e+02
1080	1.100483e+02
1081	1.096650e+02
1082	1.093103e+02
1083	1.089966e+02
1084	1.087624e+02
1085	1.085946e+02
1086	1.084689e+02
1087	1.083271e+02
1088	1.082827e+02
1089	1.081753e+02
1090	1.080544e+02
1091	1.078722e+02
1092	1.076913e+02
1093	1.076140e+02
1094	1.076487e+02
1095	1.076887e+02
1096	1.076099e+02
1097	1.073846e+02
1098	1.072255e+02
1099	1.071887e+02
1100	1.070703e+02
1101	1.068903e+02
1102	1.068579e+02
1103	1.068335e+02
1104	1.069128e+02
1105	1.070080e+02
1106	1.070759e+02
1107	1.071101e+02
1108	1.072155e+02
1109	1.073590e+02
1110	1.073662e+02
1111	1.073500e+02
1112	1.073595e+02
1113	1.072894e+02
1114	1.072784e+02
1115	1.071280e+02
1116	1.070335e+02
1117	1.068254e+02
1118	1.064816e+02
1119	1.061433e+02
1120	1.058642e+02
1121	1.056331e+02
1122	1.053300e+02
1123	1.050185e+02
1124	1.047154e+02
1125	1.045108e+02
1126	1.044103e+02
1127	1.044389e+02
1128	1.044784e+02
1129	1.045678e+02
1130	1.046890e+02
1131	1.048575e+02
1132	1.050297e+02
1133	1.052547e+02
1134	1.054548e+02
1135	1.056785e+02
1136	1.058651e+02
1137	1.060607e+02
1138	1.062741e+02
1139	1.064890e+02
1140	1.068223e+02
1141	1.071987e+02
1142	1.075339e+02
1143	1.077834e+02
1144	1.079992e+02
1145	1.080904e+02
1146	1.082669e+02
1147	1.084237e+02
1148	1.085756e+02
1149	1.086371e+02
1150	1.086960e+02
1151	1.087565e+02
1152	1.088978e+02
1153	1.090157e+02
1154	1.090604e+02
1155	1.090656e+02
1156	1.091238e+02
1157	1.091788e+02
1158	1.092465e+02
1159	1.092419e+02
1160	1.091795e+02
1161	1.090888e+02
1162	1.089738e+02
1163	1.088744e+02
1164	1.089382e+02
1165	1.089193e+02
1166	1.090458e+02
1167	1.091664e+02
1168	1.094730e+02
1169	1.097984e+02
1170	1.101026e+02
1171	1.104598e+02
1172	1.106764e+02
1173	1.107325e+02
1174	1.107502e+02
1175	1.107759e+02
1176	1.107659e+02
1177	1.107138e+02
1178	1.105024e+02
1179	1.102714e+02
1180	1.099950e+02
1181	1.096704e+02
1182	1.092755e+02
1183	1.088772e+02
1184	1.084848e+02
1185	1.080720e+02
1186	1.077028e+02
1187	1.074093e+02
1188	1.071032e+02
1189	1.068420e+02
1190	1.066819e+02
1191	1.066375e+02
1192	1.065444e+02
1193	1.065585e+02
1194	1.066823e+02
1195	1.067447e+02
1196	1.068080e+02
1197	1.068511e+02
1198	1.068215e+02
1199	1.068470e+02
1200	1.068240e+02
1201	1.069085e+02
1202	1.070278e+02
1203	1.071229e+02
1204	1.070798e+02
1205	1.070385e+02
1206	1.070023e+02
1207	1.070055e+02
1208	1.069675e+02
1209	1.068115e+02
1210	1.067828e+02
1211	1.067575e+02
1212	1.066678e+02
1213	1.065682e+02
1214	1.064173e+02
1215	1.062946e+02
1216	1.061360e+02
1217	1.060640e+02
1218	1.059296e+02
1219	1.057488e+02
1220	1.056902e+02
1221	1.055191e+02
1222	1.053045e+02
1223	1.050825e+02
1224	1.048374e+02
1225	1.046170e+02
1226	1.044847e+02
1227	1.043464e+02
1228	1.043079e+02
1229	1.044116e+02
1230	1.045444e+02
1231	1.047072e+02
1232	1.048974e+02
1233	1.050517e+02
1234	1.053256e+02
1235	1.056077e+02
1236	1.059973e+02
1237	1.063519e+02
1238	1.067462e+02
1239	1.071188e+02
1240	1.075181e+02
1241	1.079690e+02
1242	1.084565e+02
1243	1.088759e+02
1244	1.092002e+02
1245	1.094912e+02
1246	1.097457e+02
1247	1.098896e+02
1248	1.100497e+02
1249	1.101612e+02
1250	1.102625e+02
1251	1.103947e+02
1252	1.105482e+02
1253	1.106255e+02
1254	1.106481e+02
1255	1.106369e+02
1256	1.104600e+02
1257	1.101908e+02
1258	1.098890e+02
1259	1.095549e+02
1260	1.091637e+02
1261	1.088167e+02
1262	1.084566e+02
1263	1.080760e+02
1264	1.076728e+02
1265	1.072684e+02
1266	1.067664e+02
1267	1.062811e+02
1268	1.058085e+02
1269	1.053980e+02
1270	1.051657e+02
1271	1.049951e+02
1272	1.049428e+02
1273	1.048940e+02
1274	1.049675e+02
1275	1.051914e+02
1276	1.053740e+02
1277	1.056113e+02
1278	1.057347e+02
1279	1.057665e+02
1280	1.058263e+02
1281	1.057755e+02
1282	1.055915e+02
1283	1.053243e+02
1284	1.050287e+02
1285	1.047493e+02
1286	1.045437e+02
1287	1.043123e+02
1288	1.041138e+02
1289	1.039598e+02
1290	1.038590e+02
1291	1.037096e+02
1292	1.035818e+02
1293	1.034650e+02
1294	1.035567e+02
1295	1.035926e+02
1296	1.035756e+02
1297	1.035463e+02
1298	1.035074e+02
1299	1.035093e+02
1300	1.035988e+02
1301	1.037376e+02
1302	1.039123e+02
1303	1.041362e+02
1304	1.043827e+02
1305	1.047223e+02
1306	1.050467e+02
1307	1.054443e+02
1308	1.057535e+02
1309	1.060790e+02
1310	1.063938e+02
1311	1.068447e+02
1312	1.072738e+02
1313	1.076824e+02
1314	1.081035e+02
1315	1.086407e+02
1316	1.092090e+02
1317	1.097266e+02
1318	1.101754e+02
1319	1.106756e+02
1320	1.111456e+02
1321	1.114758e+02
1322	1.117838e+02
1323	1.119911e+02
1324	1.121972e+02
1325	1.122826e+02
1326	1.123670e+02
1327	1.124735e+02
1328	1.125193e+02
1329	1.124182e+02
1330	1.122175e+02
1331	1.119133e+02
1332	1.115637e+02
1333	1.111601e+02
1334	1.106070e+02
1335	1.100159e+02
1336	1.093617e+02
1337	1.086859e+02
1338	1.079755e+02
1339	1.072996e+02
1340	1.065638e+02
1341	1.059287e+02
1342	1.053821e+02
1343	1.049465e+02
1344	1.044476e+02
1345	1.039926e+02
1346	1.037139e+02
1347	1.034995e+02
1348	1.034629e+02
1349	1.034385e+02
1350	1.034135e+02
1351	1.035070e+02
1352	1.037625e+02
1353	1.041613e+02
1354	1.046229e+02
1355	1.051830e+02
1356	1.057606e+02
1357	1.063357e+02
1358	1.070145e+02
1359	1.078129e+02
1360	1.087390e+02
1361	1.096960e+02
1362	1.107341e+02
1363	1.117486e+02
1364	1.126266e+02
1365	1.133207e+02
1366	1.138631e+02
1367	1.142642e+02
1368	1.145652e+02
1369	1.146711e+02
1370	1.145843e+02
1371	1.144285e+02
1372	1.142045e+02
1373	1.137775e+02
1374	1.132498e+02
1375	1.126165e+02
1376	1.118498e+02
1377	1.110207e+02
1378	1.100702e+02
1379	1.090464e+02
1380	1.079834e+02
1381	1.069336e+02
1382	1.059765e+02
1383	1.051204e+02
1384	1.044467e+02
1385	1.035950e+02
1386	1.028677e+02
1387	1.022616e+02
1388	1.018115e+02
1389	1.015088e+02
1390	1.013503e+02
1391	1.012408e+02
1392	1.012856e+02
1393	1.014883e+02
1394	1.017919e+02
1395	1.022566e+02
1396	1.028921e+02
1397	1.036387e+02
1398	1.044987e+02
1399	1.054485e+02
1400	1.064562e+02
1401	1.074997e+02
1402	1.086456e+02
1403	1.097982e+02
1404	1.109886e+02
1405	1.122632e+02
1406	1.135381e+02
1407	1.147569e+02
1408	1.159272e+02
1409	1.170123e+02
1410	1.178911e+02
1411	1.186940e+02
1412	1.194051e+02
1413	1.199127e+02
1414	1.202942e+02
1415	1.204056e+02
1416	1.204034e+02
1417	1.201175e+02
1418	1.196128e+02
1419	1.189191e+02
1420	1.179955e+02
1421	1.170050e+02
1422	1.158692e+02
1423	1.145718e+02
1424	1.133170e+02
1425	1.119951e+02
1426	1.106139e+02
1427	1.093083e+02
1428	1.080584e+02
1429	1.068729e+02
1430	1.057499e+02
1431	1.046855e+02
1432	1.037378e+02
1433	1.028131e+02
1434	1.019905e+02
1435	1.011878e+02
1436	1.003665e+02
1437	9.983320e+01
1438	9.947447e+01
1439	9.918417e+01
1440	9.903840e+01
1441	9.894561e+01
1442	9.891234e+01
1443	9.904528e+01
1444	9.931517e+01
1445	9.969962e+01
1446	1.002012e+02
1447	1.008726e+02
1448	1.017245e+02
1449	1.027436e+02
1450	1.040891e+02
1451	1.056192e+02
1452	1.073030e+02
1453	1.091584e+02
1454	1.109644e+02
1455	1.127246e+02
1456	1.144278e+02
1457	1.161152e+02
1458	1.176955e+02
1459	1.191475e+02
1460	1.203919e+02
1461	1.213209e+02
1462	1.220469e+02
1463	1.225435e+02
1464	1.227183e+02
1465	1.226865e+02
1466	1.222909e+02
1467	1.217883e+02
1468	1.212057e+02
1469	1.204742e+02
1470	1.196465e+02
1471	1.186641e+02
1472	1.174946e+02
1473	1.162949e+02
1474	1.148429e+02
1475	1.133726e+02
1476	1.116859e+02
1477	1.099742e+02
1478	1.082654e+02
1479	1.065052e+02
1480	1.047737e+02
1481	1.030751e+02
1482	1.015199e+02
1483	1.002242e+02
1484	9.910143e+01
1485	9.816383e+01
1486	9.740898e+01
1487	9.679254e+01
1488	9.643616e+01
1489	9.636605e+01
1490	9.648287e+01
1491	9.680481e+01
1492	9.734523e+01
1493	9.811465e+01
1494	9.903348e+01
1495	1.001086e+02
1496	1.012656e+02
1497	1.025479e+02
1498	1.039187e+02
1499	1.052204e+02
1500	1.065676e+02
1501	1.078397e+02
1502	1.090076e+02
1503	1.100847e+02
1504	1.109556e+02
1505	1.119095e+02
1506	1.127777e+02
1507	1.136226e+02
1508	1.141869e+02
1509	1.145042e+02
1510	1.147235e+02
1511	1.147688e+02
1512	1.147130e+02
1513	1.146689e+02
1514	1.144306e+02
1515	1.141683e+02
1516	1.136907e+02
1517	1.131719e+02
1518	1.126791e+02
1519	1.122338e+02
1520	1.117454e+02
1521	1.112571e+02
1522	1.106743e+02
1523	1.100546e+02
1524	1.093804e+02
1525	1.087022e+02
1526	1.080339e+02
1527	1.074906e+02
1528	1.069037e+02
1529	1.063090e+02
1530	1.058165e+02
1531	1.054202e+02
1532	1.050512e+02
1533	1.047185e+02
1534	1.044578e+02
1535	1.042709e+02
1536	1.042361e+02
1537	1.042694e+02
1538	1.042989e+02
1539	1.044572e+02
1540	1.047309e+02
1541	1.050816e+02
1542	1.054816e+02
1543	1.060983e+02
1544	1.067717e+02
1545	1.072519e+02
1546	1.077321e+02
1547	1.082092e+02
1548	1.086798e+02
1549	1.091658e+02
1550	1.096302e+02
1551	1.100355e+02
1552	1.103293e+02
1553	1.105652e+02
1554	1.107801e+02
1555	1.109506e+02
1556	1.110960e+02
1557	1.112161e+02
1558	1.113794e+02
1559	1.114885e+02
1560	1.114855e+02
1561	1.114622e+02
1562	1.113865e+02
1563	1.112235e+02
1564	1.109595e+02
1565	1.106810e+02
1566	1.103957e+02
1567	1.100161e+02
1568	1.094582e+02
1569	1.087571e+02
1570	1.079314e+02
1571	1.070231e+02
1572	1.061491e+02
1573	1.052556e+02
1574	1.044581e+02
1575	1.036456e+02
1576	1.027878e+02
1577	1.019047e+02
1578	1.010799e+02
1579	1.003240e+02
1580	9.977632e+01
1581	9.932145e+01
1582	9.898173e+01
1583	9.881072e+01
1584	9.878263e+01
1585	9.898997e+01
1586	9.927923e+01
1587	9.968784e+01
1588	1.002850e+02
1589	1.010167e+02
1590	1.018442e+02
1591	1.026421e+02
1592	1.034315e+02
1593	1.042374e+02
1594	1.049376e+02
1595	1.054868e+02
1596	1.060287e+02
1597	1.066577e+02
1598	1.072906e+02
1599	1.079201e+02
1600	1.084640e+02
1601	1.090213e+02
1602	1.094706e+02
1603	1.099619e+02
1604	1.103357e+02
1605	1.108058e+02
1606	1.112606e+02
1607	1.116538e+02
1608	1.119049e+02
1609	1.122438e+02
1610	1.125330e+02
1611	1.127623e+02
1612	1.128729e+02
1613	1.128296e+02
1614	1.125960e+02
1615	1.122023e+02
1616	1.116516e+02
1617	1.109520e+02
1618	1.101800e+02
1619	1.092955e+02
1620	1.083543e+02
1621	1.074034e+02
1622	1.066185e+02
1623	1.059647e+02
1624	1.053408e+02
1625	1.048394e+02
1626	1.043718e+02
1627	1.039882e+02
1628	1.036857e+02
1629	1.034645e+02
1630	1.032549e+02
1631	1.031524e+02
1632	1.029862e+02
1633	1.028835e+02
1634	1.027800e+02
1635	1.028552e+02
1636	1.029366e+02
1637	1.031023e+02
1638	1.032933e+02
1639	1.035850e+02
1640	1.039644e+02
1641	1.043882e+02
1642	1.048444e+02
1643	1.053459e+02
1644	1.058677e+02
1645	1.064027e+02
1646	1.070842e+02
1647	1.077972e+02
1648	1.085006e+02
1649	1.092290e+02
1650	1.100225e+02
1651	1.108152e+02
1652	1.115302e+02
1653	1.120512e+02
1654	1.124494e+02
1655	1.127482e+02
1656	1.129971e+02
1657	1.131926e+02
1658	1.132343e+02
1659	1.132051e+02
1660	1.130886e+02
1661	1.128543e+02
1662	1.124365e+02
1663	1.119455e+02
1664	1.114232e+02
1665	1.109232e+02
1666	1.104708e+02
1667	1.099426e+02
1668	1.095673e+02
1669	1.093476e+02
1670	1.091877e+02
1671	1.090107e+02
1672	1.087302e+02
1673	1.083523e+02
1674	1.079643e+02
1675	1.075468e+02
1676	1.070549e+02
1677	1.065721e+02
1678	1.060625e+02
1679	1.055324e+02
1680	1.050010e+02
1681	1.044588e+02
1682	1.040511e+02
1683	1.037817e+02
1684	1.036103e+02
1685	1.035604e+02
1686	1.035329e+02
1687	1.034945e+02
1688	1.035155e+02
1689	1.036174e+02
1690	1.037226e+02
1691	1.039024e+02
1692	1.041738e+02
1693	1.043595e+02
1694	1.046342e+02
1695	1.050409e+02
1696	1.054409e+02
1697	1.058281e+02
1698	1.062704e+02
1699	1.067422e+02
1700	1.073389e+02
1701	1.080202e+02
1702	1.086494e+02
1703	1.092457e+02
1704	1.098412e+02
1705	1.105325e+02
1706	1.110466e+02
1707	1.114270e+02
1708	1.117896e+02
1709	1.120815e+02
1710	1.123615e+02
1711	1.124639e+02
1712	1.125614e+02
1713	1.125433e+02
1714	1.123410e+02
1715	1.120586e+02
1716	1.116544e+02
1717	1.112286e+02
1718	1.107394e+02
1719	1.101717e+02
1720	1.095456e+02
1721	1.089417e+02
1722	1.083175e+02
1723	1.075047e+02
1724	1.066526e+02
1725	1.057544e+02
1726	1.047770e+02
1727	1.037688e+02
1728	1.028785e+02
1729	1.021582e+02
1730	1.013772e+02
1731	1.007067e+02
1732	1.002149e+02
1733	9.991100e+01
1734	9.975129e+01
1735	9.973969e+01
1736	9.979841e+01
1737	1.000448e+02
1738	1.003943e+02
1739	1.008170e+02
1740	1.013432e+02
1741	1.019568e+02
1742	1.026738e+02
1743	1.035964e+02
1744	1.045774e+02
1745	1.055674e+02
1746	1.066423e+02
1747	1.076711e+02
1748	1.086961e+02
1749	1.097235e+02
1750	1.106647e+02
1751	1.115243e+02
1752	1.121344e+02
1753	1.126940e+02
1754	1.132337e+02
1755	1.135843e+02
1756	1.138670e+02
1757	1.141144e+02
1758	1.143564e+02
1759	1.145149e+02
1760	1.145963e+02
1761	1.145647e+02
1762	1.144455e+02
1763	1.142953e+02
1764	1.140137e+02
1765	1.135781e+02
1766	1.130792e+02
1767	1.124203e+02
1768	1.117501e+02
1769	1.110516e+02
1770	1.102380e+02
1771	1.093378e+02
1772	1.084315e+02
1773	1.075340e+02
1774	1.065488e+02
1775	1.055675e+02
1776	1.045956e+02
1777	1.035296e+02
1778	1.026376e+02
1779	1.017891e+02
1780	1.009941e+02
1781	1.003172e+02
1782	9.978324e+01
1783	9.941352e+01
1784	9.919983e+01
1785	9.926597e+01
1786	9.939524e+01
1787	9.970665e+01
1788	1.002221e+02
1789	1.007869e+02
1790	1.014886e+02
1791	1.022845e+02
1792	1.031518e+02
1793	1.040683e+02
1794	1.050419e+02
1795	1.060294e+02
1796	1.070507e+02
1797	1.081247e+02
1798	1.092470e+02
1799	1.104011e+02
1800	1.115518e+02
1801	1.127396e+02
1802	1.137807e+02
1803	1.147559e+02
1804	1.155628e+02
1805	1.162832e+02
1806	1.168616e+02
1807	1.173081e+02
1808	1.175107e+02
1809	1.174548e+02
1810	1.172477e+02
1811	1.168979e+02
1812	1.163095e+02
1813	1.156708e+02
1814	1.150174e+02
1815	1.144051e+02
1816	1.138029e+02
1817	1.131543e+02
1818	1.124542e+02
1819	1.117596e+02
1820	1.109726e+02
1821	1.101273e+02
1822	1.091450e+02
1823	1.082227e+02
1824	1.072987e+02
1825	1.064578e+02
1826	1.056149e+02
1827	1.047573e+02
1828	1.039243e+02
1829	1.031336e+02
1830	1.024604e+02
1831	1.019439e+02
1832	1.015712e+02
1833	1.011758e+02
1834	1.008714e+02
1835	1.006491e+02
1836	1.005529e+02
1837	1.006567e+02
1838	1.009041e+02
1839	1.012732e+02
1840	1.018061e+02
1841	1.023592e+02
1842	1.029942e+02
1843	1.036120e+02
1844	1.042551e+02
1845	1.049144e+02
1846	1.055539e+02
1847	1.061405e+02
1848	1.066459e+02
1849	1.072493e+02
1850	1.079187e+02
1851	1.085535e+02
1852	1.091417e+02
1853	1.096553e+02
1854	1.101529e+02
1855	1.105140e+02
1856	1.108064e+02
1857	1.110718e+02
1858	1.112012e+02
1859	1.113079e+02
1860	1.113314e+02
1861	1.113336e+02
1862	1.112057e+02
1863	1.109990e+02
1864	1.107222e+02
1865	1.103109e+02
1866	1.098313e+02
1867	1.092339e+02
1868	1.086135e+02
1869	1.080845e+02
1870	1.074179e+02
1871	1.068094e+02
1872	1.062859e+02
1873	1.058523e+02
1874	1.055289e+02
1875	1.052293e+02
1876	1.050331e+02
1877	1.049387e+02
1878	1.048893e+02
1879	1.049000e+02
1880	1.050146e+02
1881	1.052166e+02
1882	1.055217e+02
1883	1.058687e+02
1884	1.063252e+02
1885	1.068553e+02
1886	1.074262e+02
1887	1.078581e+02
1888	1.082178e+02
1889	1.085695e+02
1890	1.088779e+02
1891	1.091370e+02
1892	1.093742e+02
1893	1.095651e+02
1894	1.096819e+02
1895	1.096991e+02
1896	1.096991e+02
1897	1.096014e+02
1898	1.095558e+02
1899	1.095118e+02
1900	1.095017e+02
1901	1.094679e+02
1902	1.093726e+02
1903	1.092556e+02
1904	1.090772e+02
1905	1.088180e+02
1906	1.084741e+02
1907	1.082221e+02
1908	1.080899e+02
1909	1.079121e+02
1910	1.077233e+02
1911	1.075699e+02
1912	1.074962e+02
1913	1.074675e+02
1914	1.073959e+02
1915	1.073359e+02
1916	1.073759e+02
1917	1.074985e+02
1918	1.076263e+02
1919	1.077939e+02
1920	1.080256e+02
1921	1.082573e+02
1922	1.084680e+02
1923	1.086900e+02
1924	1.088157e+02
1925	1.089261e+02
1926	1.089716e+02
1927	1.090603e+02
1928	1.091387e+02
1929	1.091790e+02
1930	1.092139e+02
1931	1.091297e+02
1932	1.089520e+02
1933	1.087869e+02
1934	1.086369e+02
1935	1.084535e+02
1936	1.081993e+02
1937	1.080045e+02
1938	1.076581e+02
1939	1.071829e+02
1940	1.066434e+02
1941	1.060511e+02
1942	1.054535e+02
1943	1.049300e+02
1944	1.044317e+02
1945	1.039622e+02
1946	1.035301e+02
1947	1.031204e+02
1948	1.028619e+02
1949	1.026634e+02
1950	1.024336e+02
1951	1.023244e+02
1952	1.022886e+02
1953	1.022649e+02
1954	1.022911e+02
1955	1.025654e+02
1956	1.028240e+02
1957	1.032059e+02
1958	1.036532e+02
1959	1.040961e+02
1960	1.045056e+02
1961	1.049656e+02
1962	1.053675e+02
1963	1.058265e+02
1964	1.062687e+02
1965	1.067611e+02
1966	1.073139e+02
1967	1.077956e+02
1968	1.082322e+02
1969	1.086601e+02
1970	1.090728e+02
1971	1.094840e+02
1972	1.098216e+02
1973	1.101400e+02
1974	1.103075e+02
1975	1.104312e+02
1976	1.104112e+02
1977	1.102829e+02
1978	1.100819e+02
1979	1.097219e+02
1980	1.093120e+02
1981	1.088214e+02
1982	1.081789e+02
1983	1.074924e+02
1984	1.068381e+02
1985	1.060520e+02
1986	1.052742e+02
1987	1.044275e+02
1988	1.036637e+02
1989	1.029958e+02
1990	1.023833e+02
1991	1.019133e+02
1992	1.015987e+02
1993	1.013661e+02
1994	1.011789e+02
1995	1.011542e+02
1996	1.011103e+02
1997	1.011222e+02
1998	1.013006e+02
1999	1.016955e+02
2000	1.021873e+02
2001	1.026156e+02
2002	1.031064e+02
2003	1.038069e+02
2004	1.045697e+02
2005	1.053359e+02
2006	1.062325e+02
2007	1.071474e+02
2008	1.081191e+02
2009	1.090991e+02
2010	1.099430e+02
2011	1.106842e+02
2012	1.113412e+02
2013	1.119389e+02
2014	1.124117e+02
2015	1.127955e+02
2016	1.130509e+02
2017	1.132808e+02
2018	1.134123e+02
2019	1.133492e+02
2020	1.132255e+02
2021	1.130936e+02
2022	1.128626e+02
2023	1.125175e+02
2024	1.120995e+02
2025	1.116082e+02
2026	1.110431e+02
2027	1.103349e+02
2028	1.095722e+02
2029	1.087030e+02
2030	1.077972e+02
2031	1.070126e+02
2032	1.061864e+02
2033	1.052895e+02
2034	1.044158e+02
2035	1.035030e+02
2036	1.026325e+02
2037	1.018203e+02
2038	1.011700e+02
2039	1.005831e+02
2040	1.000998e+02
2041	9.945170e+01
2042	9.887300e+01
2043	9.846185e+01
2044	9.822610e+01
2045	9.819864e+01
2046	9.841339e+01
2047	9.877647e+01
2048	9.930930e+01
2049	9.998791e+01
2050	1.007283e+02
2051	1.015112e+02
2052	1.023768e+02
2053	1.033028e+02
2054	1.044525e+02
2055	1.056502e+02
2056	1.069395e+02
2057	1.081455e+02
2058	1.093943e+02
2059	1.105983e+02
2060	1.116945e+02
2061	1.127037e+02
2062	1.135795e+02
2063	1.144604e+02
2064	1.152066e+02
2065	1.158557e+02
2066	1.162649e+02
2067	1.164597e+02
2068	1.164414e+02
2069	1.162312e+02
2070	1.158983e+02
2071	1.153347e+02
2072	1.146199e+02
2073	1.138858e+02
2074	1.130081e+02
2075	1.120172e+02
2076	1.110240e+02
2077	1.099087e+02
2078	1.087599e+02
2079	1.076170e+02
2080	1.064571e+02
2081	1.053632e+02
2082	1.044005e+02
2083	1.035014e+02
2084	1.026132e+02
2085	1.017919e+02
2086	1.011973e+02
2087	1.006980e+02
2088	1.003649e+02
2089	1.001692e+02
2090	1.000766e+02
2091	1.001391e+02
2092	1.003093e+02
2093	1.007110e+02
2094	1.011530e+02
2095	1.016480e+02
2096	1.022376e+02
2097	1.028063e+02
2098	1.036095e+02
2099	1.044054e+02
2100	1.052162e+02
2101	1.060598e+02
2102	1.069249e+02
2103	1.078796e+02
2104	1.087902e+02
2105	1.095398e+02
2106	1.103146e+02
2107	1.109644e+02
2108	1.115416e+02
2109	1.120172e+02
2110	1.123930e+02
2111	1.126225e+02
2112	1.126950e+02
2113	1.126061e+02
2114	1.125405e+02
2115	1.123576e+02
2116	1.120186e+02
2117	1.116398e+02
2118	1.111626e+02
2119	1.106687e+02
2120	1.100808e+02
2121	1.094973e+02
2122	1.088892e+02
2123	1.082700e+02
2124	1.075592e+02
2125	1.068982e+02
2126	1.063345e+02
2127	1.057971e+02
2128	1.051088e+02
2129	1.044603e+02
2130	1.038791e+02
2131	1.035249e+02
2132	1.031508e+02
2133	1.028641e+02
2134	1.026084e+02
2135	1.024079e+02
2136	1.022678e+02
2137	1.022372e+02
2138	1.022897e+02
2139	1.024689e+02
2140	1.026745e+02
2141	1.030238e+02
2142	1.034734e+02
2143	1.040545e+02
2144	1.047593e+02
2145	1.054434e+02
2146	1.062252e+02
2147	1.069934e+02
2148	1.077882e+02
2149	1.086371e+02
2150	1.094473e+02
2151	1.102437e+02
2152	1.109974e+02
2153	1.116811e+02
2154	1.122007e+02
2155	1.126353e+02
2156	1.130160e+02
2157	1.132496e+02
2158	1.132716e+02
2159	1.133066e+02
2160	1.132709e+02
2161	1.131966e+02
2162	1.130999e+02
2163	1.128233e+02
2164	1.124804e+02
2165	1.120933e+02
2166	1.114591e+02
2167	1.106738e+02
2168	1.098277e+02
2169	1.089492e+02
2170	1.080316e+02
2171	1.070642e+02
2172	1.060630e+02
2173	1.051586e+02
2174	1.043368e+02
2175	1.034716e+02
2176	1.026941e+02
2177	1.020383e+02
2178	1.014144e+02
2179	1.008368e+02
2180	1.003569e+02
2181	1.000163e+02
2182	9.976771e+01
2183	9.958022e+01
2184	9.951931e+01
2185	9.958872e+01
2186	9.970144e+01
2187	9.981653e+01
2188	9.999003e+01
2189	1.003253e+02
2190	1.008443e+02
2191	1.013751e+02
2192	1.019067e+02
2193	1.024321e+02
2194	1.029947e+02
2195	1.036581e+02
2196	1.044453e+02
2197	1.053724e+02
2198	1.062927e+02
2199	1.071807e+02
2200	1.080398e+02
2201	1.089566e+02
2202	1.098861e+02
2203	1.106814e+02
2204	1.113822e+02
2205	1.119729e+02
2206	1.124836e+02
2207	1.129320e+02
2208	1.133136e+02
2209	1.135000e+02
2210	1.135106e+02
2211	1.133225e+02
2212	1.129796e+02
2213	1.124711e+02
2214	1.117668e+02
2215	1.109543e+02
2216	1.100886e+02
2217	1.092424e+02
2218	1.084048e+02
2219	1.076868e+02
2220	1.069664e+02
2221	1.063581e+02
2222	1.057352e+02
2223	1.052841e+02
2224	1.049699e+02
2225	1.046116e+02
2226	1.043997e+02
2227	1.043055e+02
2228	1.043064e+02
2229	1.043824e+02
2230	1.045656e+02
2231	1.047394e+02
2232	1.049532e+02
2233	1.052498e+02
2234	1.055871e+02
2235	1.060285e+02
2236	1.064626e+02
2237	1.068768e+02
2238	1.074496e+02
2239	1.080717e+02
2240	1.087598e+02
2241	1.094623e+02
2242	1.100169e+02
2243	1.105735e+02
2244	1.110307e+02
2245	1.113600e+02
2246	1.116810e+02
2247	1.118349e+02
2248	1.118812e+02
2249	1.119869e+02
2250	1.121476e+02
2251	1.122967e+02
2252	1.122478e+02
2253	1.121602e+02
2254	1.119262e+02
2255	1.116565e+02
2256	1.113282e+02
2257	1.109571e+02
2258	1.105172e+02
2259	1.101748e+02
2260	1.098246e+02
2261	1.094359e+02
2262	1.091259e+02
2263	1.087966e+02
2264	1.083881e+02
2265	1.080737e+02
2266	1.076931e+02
2267	1.073642e+02
2268	1.070310e+02
2269	1.067283e+02
2270	1.065325e+02
2271	1.062529e+02
2272	1.060969e+02
2273	1.059037e+02
2274	1.057194e+02
2275	1.056645e+02
2276	1.056999e+02
2277	1.059132e+02
2278	1.060808e+02
2279	1.063305e+02
2280	1.065339e+02
2281	1.067658e+02
2282	1.071056e+02
2283	1.074219e+02
2284	1.077451e+02
2285	1.081000e+02
2286	1.083829e+02
2287	1.087319e+02
2288	1.091082e+02
2289	1.094707e+02
2290	1.097905e+02
2291	1.100243e+02
2292	1.101898e+02
2293	1.103858e+02
2294	1.106330e+02
2295	1.107559e+02
2296	1.109311e+02
2297	1.109591e+02
2298	1.109292e+02
2299	1.109461e+02
2300	1.109543e+02
2301	1.108978e+02
2302	1.108147e+02
2303	1.106652e+02
2304	1.104294e+02
2305	1.101910e+02
2306	1.098968e+02
2307	1.095850e+02
2308	1.091824e+02
2309	1.087411e+02
2310	1.082372e+02
2311	1.076914e+02
2312	1.071613e+02
2313	1.068739e+02
2314	1.065620e+02
2315	1.063770e+02
2316	1.062526e+02
2317	1.062428e+02
2318	1.061336e+02
2319	1.059943e+02
2320	1.057567e+02
2321	1.055185e+02
2322	1.052832e+02
2323	1.049709e+02
2324	1.047543e+02
2325	1.045834e+02
2326	1.044269e+02
2327	1.042181e+02
2328	1.039770e+02
2329	1.037725e+02
2330	1.037003e+02
2331	1.036695e+02
2332	1.037528e+02
2333	1.038475e+02
2334	1.040090e+02
2335	1.043213e+02
2336	1.045943e+02
2337	1.049713e+02
2338	1.053314e+02
2339	1.056181e+02
2340	1.058751e+02
2341	1.062380e+02
2342	1.067101e+02
2343	1.073168e+02
2344	1.078020e+02
2345	1.082577e+02
2346	1.087300e+02
2347	1.092441e+02
2348	1.097502e+02
2349	1.103271e+02
2350	1.108506e+02
2351	1.113979e+02
2352	1.117846e+02
2353	1.120781e+02
2354	1.123181e+02
2355	1.125064e+02
2356	1.127708e+02
2357	1.129737e+02
2358	1.129892e+02
2359	1.129047e+02
2360	1.128664e+02
2361	1.127179e+02
2362	1.124209e+02
2363	1.120383e+02
2364	1.115766e+02
2365	1.110672e+02
2366	1.105742e+02
2367	1.100519e+02
2368	1.096095e+02
2369	1.091380e+02
2370	1.086922e+02
2371	1.082283e+02
2372	1.077936e+02
2373	1.074148e+02
2374	1.070667e+02
2375	1.067361e+02
2376	1.063866e+02
2377	1.062449e+02
2378	1.061308e+02
2379	1.060466e+02
2380	1.059685e+02
2381	1.057640e+02
2382	1.055351e+02
2383	1.052736e+02
2384	1.051243e+02
2385	1.050266e+02
2386	1.050585e+02
2387	1.051319e+02
2388	1.052109e+02
2389	1.053088e+02
2390	1.053570e+02
2391	1.055065e+02
2392	1.056984e+02
2393	1.058858e+02
2394	1.061343e+02
2395	1.063687e+02
2396	1.066788e+02
2397	1.071576e+02
2398	1.076616e+02
2399	1.081688e+02
2400	1.088622e+02
2401	1.096088e+02
2402	1.103075e+02
2403	1.110090e+02
2404	1.116920e+02
2405	1.122186e+02
2406	1.125863e+02
2407	1.128654e+02
2408	1.131157e+02
2409	1.132315e+02
2410	1.132041e+02
2411	1.130886e+02
2412	1.129739e+02
2413	1.127994e+02
2414	1.126559e+02
2415	1.124577e+02
2416	1.121737e+02
2417	1.118328e+02
2418	1.115520e+02
2419	1.112984e+02
2420	1.110444e+02
2421	1.107696e+02
2422	1.104484e+02
2423	1.101200e+02
2424	1.097767e+02
2425	1.093809e+02
2426	1.088836e+02
2427	1.083711e+02
2428	1.079370e+02
2429	1.075054e+02
2430	1.071091e+02
2431	1.066786e+02
2432	1.061891e+02
2433	1.058646e+02
2434	1.055778e+02
2435	1.052500e+02
2436	1.049650e+02
2437	1.047462e+02
2438	1.047572e+02
2439	1.049393e+02
2440	1.051650e+02
2441	1.054800e+02
2442	1.060417e+02
2443	1.067784e+02
2444	1.074216e+02
2445	1.080457e+02
2446	1.086851e+02
2447	1.093112e+02
2448	1.098485e+02
2449	1.102484e+02
2450	1.105924e+02
2451	1.108605e+02
2452	1.109767e+02
2453	1.109016e+02
2454	1.107365e+02
2455	1.104858e+02
2456	1.101706e+02
2457	1.098031e+02
2458	1.093745e+02
2459	1.087522e+02
2460	1.081995e+02
2461	1.076402e+02
2462	1.070931e+02
2463	1.064574e+02
2464	1.059134e+02
2465	1.054862e+02
2466	1.051732e+02
2467	1.050068e+02
2468	1.048018e+02
2469	1.046298e+02
2470	1.045406e+02
2471	1.044808e+02
2472	1.044362e+02
2473	1.043644e+02
2474	1.044096e+02
2475	1.044978e+02
2476	1.046683e+02
2477	1.048745e+02
2478	1.052110e+02
2479	1.055120e+02
2480	1.057931e+02
2481	1.061917e+02
2482	1.064391e+02
2483	1.066763e+02
2484	1.068055e+02
2485	1.069685e+02
2486	1.071688e+02
2487	1.072399e+02
2488	1.072405e+02
2489	1.072121e+02
2490	1.070245e+02
2491	1.066842e+02
2492	1.062968e+02
2493	1.058632e+02
2494	1.054478e+02
2495	1.050844e+02
2496	1.047527e+02
2497	1.043916e+02
2498	1.041101e+02
2499	1.039138e+02
2500	1.036793e+02
2501	1.034586e+02
2502	1.032410e+02
2503	1.030939e+02
2504	1.029926e+02
2505	1.028438e+02
2506	1.026985e+02
2507	1.023573e+02
2508	1.020295e+02
2509	1.018225e+02
2510	1.015864e+02
2511	1.013219e+02
2512	1.009848e+02
2513	1.007397e+02
2514	1.005048e+02
2515	1.003099e+02
2516	1.002581e+02
2517	1.002733e+02
2518	1.003189e+02
2519	1.004513e+02
2520	1.005444e+02
2521	1.006820e+02
2522	1.009725e+02
2523	1.013446e+02
2524	1.017277e+02
2525	1.022242e+02
2526	1.028309e+02
2527	1.035139e+02
2528	1.042486e+02
2529	1.049795e+02
2530	1.059130e+02
2531	1.067034e+02
2532	1.074961e+02
2533	1.082525e+02
2534	1.091191e+02
2535	1.097806e+02
2536	1.102149e+02
2537	1.105741e+02
2538	1.107717e+02
2539	1.109192e+02
2540	1.109568e+02
2541	1.108452e+02
2542	1.106911e+02
2543	1.105089e+02
2544	1.103595e+02
2545	1.101281e+02
2546	1.098945e+02
2547	1.095591e+02
2548	1.092270e+02
2549	1.089352e+02
2550	1.086509e+02
2551	1.083223e+02
2552	1.080576e+02
2553	1.078901e+02
2554	1.077624e+02
2555	1.076040e+02
2556	1.073543e+02
2557	1.070365e+02
2558	1.066458e+02
2559	1.061746e+02
2560	1.057011e+02
2561	1.052754e+02
2562	1.048778e+02
2563	1.044696e+02
2564	1.041307e+02
2565	1.038674e+02
2566	1.036228e+02
2567	1.034747e+02
2568	1.034438e+02
2569	1.034413e+02
2570	1.035751e+02
2571	1.038301e+02
2572	1.041563e+02
2573	1.045694e+02
2574	1.050529e+02
2575	1.057284e+02
2576	1.064522e+02
2577	1.072206e+02
2578	1.078653e+02
2579	1.084252e+02
2580	1.089438e+02
2581	1.093878e+02
2582	1.097270e+02
2583	1.100302e+02
2584	1.102826e+02
2585	1.104698e+02
2586	1.104637e+02
2587	1.103484e+02
2588	1.102314e+02
2589	1.100622e+02
2590	1.098481e+02
2591	1.096772e+02
2592	1.093967e+02
2593	1.091104e+02
2594	1.087055e+02
2595	1.082765e+02
2596	1.078487e+02
2597	1.074852e+02
2598	1.071674e+02
2599	1.068609e+02
2600	1.066280e+02
2601	1.063820e+02
2602	1.061561e+02
2603	1.060966e+02
2604	1.060195e+02
2605	1.060040e+02
2606	1.059457e+02
2607	1.059325e+02
2608	1.060741e+02
2609	1.063600e+02
2610	1.068251e+02
2611	1.072333e+02
2612	1.076721e+02
2613	1.080358e+02
2614	1.084826e+02
2615	1.089729e+02
2616	1.094719e+02
2617	1.098284e+02
2618	1.101272e+02
2619	1.105490e+02
2620	1.108830e+02
2621	1.110485e+02
2622	1.110492e+02
2623	1.110277e+02
2624	1.109328e+02
2625	1.107473e+02
2626	1.105755e+02
2627	1.104704e+02
2628	1.103908e+02
2629	1.103046e+02
2630	1.102718e+02
2631	1.102474e+02
2632	1.101162e+02
2633	1.100728e+02
2634	1.101543e+02
2635	1.103183e+02
2636	1.104936e+02
2637	1.107486e+02
2638	1.109858e+02
2639	1.112968e+02
2640	1.115665e+02
2641	1.118109e+02
2642	1.119305e+02
2643	1.120152e+02
2644	1.119428e+02
2645	1.118600e+02
2646	1.117798e+02
2647	1.116947e+02
2648	1.115469e+02
2649	1.113105e+02
2650	1.109999e+02
2651	1.106549e+02
2652	1.102522e+02
2653	1.099875e+02
2654	1.097264e+02
2655	1.094133e+02
2656	1.090701e+02
2657	1.088060e+02
2658	1.084799e+02
2659	1.081120e+02
2660	1.077863e+02
2661	1.074015e+02
2662	1.069212e+02
2663	1.063483e+02
2664	1.057256e+02
2665	1.051453e+02
2666	1.046818e+02
2667	1.043210e+02
2668	1.040167e+02
2669	1.037458e+02
2670	1.035145e+02
2671	1.034726e+02
2672	1.034267e+02
2673	1.034624e+02
2674	1.035606e+02
2675	1.037950e+02
2676	1.041641e+02
2677	1.046180e+02
2678	1.051469e+02
2679	1.057015e+02
2680	1.063730e+02
2681	1.070562e+02
2682	1.077762e+02
2683	1.085551e+02
2684	1.091983e+02
2685	1.097854e+02
2686	1.103621e+02
2687	1.108627e+02
2688	1.112272e+02
2689	1.115509e+02
2690	1.117974e+02
2691	1.119276e+02
2692	1.119280e+02
2693	1.118633e+02
2694	1.117687e+02
2695	1.116444e+02
2696	1.116199e+02
2697	1.115739e+02
2698	1.115388e+02
2699	1.114684e+02
2700	1.113782e+02
2701	1.112354e+02
2702	1.110520e+02
2703	1.107903e+02
2704	1.106241e+02
2705	1.104375e+02
2706	1.102724e+02
2707	1.100063e+02
2708	1.097253e+02
2709	1.093469e+02
2710	1.089372e+02
2711	1.086206e+02
2712	1.083555e+02
2713	1.080705e+02
2714	1.078638e+02
2715	1.077676e+02
2716	1.075800e+02
2717	1.074066e+02
2718	1.073276e+02
2719	1.073609e+02
2720	1.074314e+02
2721	1.074534e+02
2722	1.074226e+02
2723	1.075178e+02
2724	1.076532e+02
2725	1.079473e+02
2726	1.082726e+02
2727	1.086684e+02
2728	1.090763e+02
2729	1.096113e+02
2730	1.101984e+02
2731	1.107941e+02
2732	1.112913e+02
2733	1.117595e+02
2734	1.121130e+02
2735	1.124674e+02
2736	1.126709e+02
2737	1.128262e+02
2738	1.129035e+02
2739	1.129389e+02
2740	1.129180e+02
2741	1.128324e+02
2742	1.126650e+02
2743	1.123841e+02
2744	1.120134e+02
2745	1.116566e+02
2746	1.112284e+02
2747	1.106931e+02
2748	1.101410e+02
2749	1.095635e+02
2750	1.089814e+02
2751	1.083871e+02
2752	1.078310e+02
2753	1.072741e+02
2754	1.067233e+02
2755	1.059977e+02
2756	1.052287e+02
2757	1.044971e+02
2758	1.039195e+02
2759	1.034489e+02
2760	1.031295e+02
2761	1.030188e+02
2762	1.029527e+02
2763	1.029148e+02
2764	1.029225e+02
2765	1.030292e+02
2766	1.033119e+02
2767	1.036085e+02
2768	1.040512e+02
2769	1.045427e+02
2770	1.051833e+02
2771	1.060446e+02
2772	1.069811e+02
2773	1.078565e+02
2774	1.087555e+02
2775	1.097013e+02
2776	1.106791e+02
2777	1.116788e+02
2778	1.126214e+02
2779	1.135259e+02
2780	1.143188e+02
2781	1.149833e+02
2782	1.156332e+02
2783	1.162388e+02
2784	1.167390e+02
2785	1.170415e+02
2786	1.172147e+02
2787	1.171847e+02
2788	1.170171e+02
2789	1.167167e+02
2790	1.163070e+02
2791	1.157147e+02
2792	1.150430e+02
2793	1.143998e+02
2794	1.136892e+02
2795	1.128615e+02
2796	1.118957e+02
2797	1.108002e+02
2798	1.097069e+02
2799	1.085525e+02
2800	1.073518e+02
2801	1.062217e+02
2802	1.053037e+02
2803	1.044663e+02
2804	1.038236e+02
2805	1.032689e+02
2806	1.028895e+02
2807	1.026017e+02
2808	1.023828e+02
2809	1.023538e+02
2810	1.025289e+02
2811	1.029098e+02
2812	1.034394e+02
2813	1.040056e+02
2814	1.047033e+02
2815	1.055067e+02
2816	1.063945e+02
2817	1.073691e+02
2818	1.084141e+02
2819	1.094624e+02
2820	1.106232e+02
2821	1.117305e+02
2822	1.128688e+02
2823	1.140303e+02
2824	1.151155e+02
2825	1.161380e+02
2826	1.170341e+02
2827	1.178556e+02
2828	1.185011e+02
2829	1.190840e+02
2830	1.194834e+02
2831	1.197688e+02
2832	1.200026e+02
2833	1.202080e+02
2834	1.202680e+02
2835	1.201143e+02
2836	1.197413e+02
2837	1.191205e+02
2838	1.183958e+02
2839	1.175106e+02
2840	1.165643e+02
2841	1.153984e+02
2842	1.141362e+02
2843	1.127707e+02
2844	1.114459e+02
2845	1.100962e+02
2846	1.088914e+02
2847	1.076603e+02
2848	1.064849e+02
2849	1.054096e+02
2850	1.043642e+02
2851	1.034281e+02
2852	1.026752e+02
2853	1.020619e+02
2854	1.014904e+02
2855	1.010707e+02
2856	1.009148e+02
2857	1.009715e+02
2858	1.012203e+02
2859	1.015210e+02
2860	1.019149e+02
2861	1.025015e+02
2862	1.031631e+02
2863	1.038345e+02
2864	1.044778e+02
2865	1.053125e+02
2866	1.061009e+02
2867	1.069416e+02
2868	1.078916e+02
2869	1.088444e+02
2870	1.096948e+02
2871	1.104138e+02
2872	1.110803e+02
2873	1.116750e+02
2874	1.122353e+02
2875	1.127600e+02
2876	1.132730e+02
2877	1.136530e+02
2878	1.138533e+02
2879	1.139339e+02
2880	1.140470e+02
2881	1.139820e+02
2882	1.138027e+02
2883	1.135749e+02
2884	1.132538e+02
2885	1.128194e+02
2886	1.123264e+02
2887	1.118592e+02
2888	1.114140e+02
2889	1.109093e+02
2890	1.103682e+02
2891	1.097825e+02
2892	1.091516e+02
2893	1.085082e+02
2894	1.078527e+02
2895	1.073057e+02
2896	1.067010e+02
2897	1.061048e+02
2898	1.055862e+02
2899	1.051310e+02
2900	1.046479e+02
2901	1.041734e+02
2902	1.037306e+02
2903	1.032792e+02
2904	1.029010e+02
2905	1.025548e+02
2906	1.023005e+02
2907	1.020617e+02
2908	1.019090e+02
2909	1.017426e+02
2910	1.017083e+02
2911	1.019048e+02
2912	1.021085e+02
2913	1.024262e+02
2914	1.027924e+02
2915	1.032064e+02
2916	1.037700e+02
2917	1.043613e+02
2918	1.049791e+02
2919	1.057800e+02
2920	1.067373e+02
2921	1.077452e+02
2922	1.088929e+02
2923	1.101377e+02
2924	1.112513e+02
2925	1.123139e+02
2926	1.133671e+02
2927	1.142057e+02
2928	1.149044e+02
2929	1.154135e+02
2930	1.157613e+02
2931	1.160648e+02
2932	1.161720e+02
2933	1.161292e+02
2934	1.159768e+02
2935	1.157212e+02
2936	1.152913e+02
2937	1.147775e+02
2938	1.140874e+02
2939	1.132838e+02
2940	1.124988e+02
2941	1.117081e+02
2942	1.108780e+02
2943	1.099738e+02
2944	1.090723e+02
2945	1.081928e+02
2946	1.072326e+02
2947	1.063366e+02
2948	1.054551e+02
2949	1.046251e+02
2950	1.039256e+02
2951	1.033378e+02
2952	1.029374e+02
2953	1.026919e+02
2954	1.025509e+02
2955	1.023909e+02
2956	1.023842e+02
2957	1.024799e+02
2958	1.025800e+02
2959	1.026991e+02
2960	1.028979e+02
2961	1.032406e+02
2962	1.036823e+02
2963	1.042283e+02
2964	1.048210e+02
2965	1.055030e+02
2966	1.062419e+02
2967	1.069081e+02
2968	1.075677e+02
2969	1.081294e+02
2970	1.087158e+02
2971	1.091974e+02
2972	1.096203e+02
2973	1.099037e+02
2974	1.099774e+02
2975	1.099463e+02
2976	1.098322e+02
2977	1.097255e+02
2978	1.096137e+02
2979	1.095362e+02
2980	1.094523e+02
2981	1.094450e+02
2982	1.095130e+02
2983	1.097330e+02
2984	1.100426e+02
2985	1.104364e+02
2986	1.108721e+02
2987	1.112362e+02
2988	1.115693e+02
2989	1.119110e+02
2990	1.122084e+02
2991	1.123123e+02
2992	1.124092e+02
2993	1.124546e+02
2994	1.124287e+02
2995	1.123491e+02
2996	1.121427e+02
2997	1.117412e+02
2998	1.112988e+02
2999	1.108575e+02
3000	1.102475e+02
3001	1.096884e+02
3002	1.091183e+02
3003	1.085829e+02
3004	1.080840e+02
3005	1.076611e+02
3006	1.072488e+02
3007	1.068457e+02
3008	1.065072e+02
3009	1.061531e+02
3010	1.058946e+02
3011	1.057658e+02
3012	1.056150e+02
3013	1.054970e+02
3014	1.055043e+02
3015	1.056258e+02
3016	1.057860e+02
3017	1.058596e+02
3018	1.060949e+02
3019	1.063058e+02
3020	1.065983e+02
3021	1.069380e+02
3022	1.074178e+02
3023	1.077557e+02
3024	1.081481e+02
3025	1.084944e+02
3026	1.088594e+02
3027	1.093286e+02
3028	1.098259e+02
3029	1.101828e+02
3030	1.104906e+02
3031	1.107661e+02
3032	1.110443e+02
3033	1.112575e+02
3034	1.114015e+02
3035	1.114233e+02
3036	1.112953e+02
3037	1.111938e+02
3038	1.109630e+02
3039	1.107477e+02
3040	1.104410e+02
3041	1.100704e+02
3042	1.095835e+02
3043	1.091046e+02
3044	1.085992e+02
3045	1.081616e+02
3046	1.076825e+02
3047	1.071553e+02
3048	1.067758e+02
3049	1.063744e+02
3050	1.060271e+02
3051	1.056893e+02
3052	1.052975e+02
3053	1.050464e+02
3054	1.047774e+02
3055	1.045524e+02
3056	1.043086e+02
3057	1.039953e+02
3058	1.036618e+02
3059	1.033178e+02
3060	1.030312e+02
3061	1.028965e+02
3062	1.028334e+02
3063	1.029427e+02
3064	1.029877e+02
3065	1.029593e+02
3066	1.030560e+02
3067	1.032530e+02
3068	1.035269e+02
3069	1.038598e+02
3070	1.041480e+02
3071	1.045007e+02
3072	1.049022e+02
3073	1.053640e+02
3074	1.058596e+02
3075	1.062451e+02
3076	1.066187e+02
3077	1.067775e+02
3078	1.069612e+02
3079	1.070899e+02
3080	1.072089e+02
3081	1.073401e+02
3082	1.075326e+02
3083	1.077475e+02
3084	1.078801e+02
3085	1.080636e+02
3086	1.080995e+02
3087	1.081017e+02
3088	1.080570e+02
3089	1.079793e+02
3090	1.079052e+02
3091	1.078955e+02
3092	1.079521e+02
3093	1.081056e+02
3094	1.083301e+02
3095	1.085091e+02
3096	1.087419e+02
3097	1.089160e+02
3098	1.090325e+02
3099	1.091378e+02
3100	1.091922e+02
3101	1.092225e+02
3102	1.091928e+02
3103	1.090947e+02
3104	1.088262e+02
3105	1.084486e+02
3106	1.080768e+02
3107	1.075944e+02
3108	1.071515e+02
3109	1.066316e+02
3110	1.061823e+02
3111	1.059258e+02
3112	1.056682e+02
3113	1.054792e+02
3114	1.053633e+02
3115	1.051234e+02
3116	1.048562e+02
3117	1.046146e+02
3118	1.043855e+02
3119	1.041525e+02
3120	1.039577e+02
3121	1.038364e+02
3122	1.038055e+02
3123	1.037534e+02
3124	1.037998e+02
3125	1.038228e+02
3126	1.040050e+02
3127	1.042095e+02
3128	1.044342e+02
3129	1.046262e+02
3130	1.047999e+02
3131	1.050070e+02
3132	1.053537e+02
3133	1.057098e+02
3134	1.060085e+02
3135	1.062585e+02
3136	1.065080e+02
3137	1.066937e+02
3138	1.069018e+02
3139	1.071425e+02
3140	1.074245e+02
3141	1.077122e+02
3142	1.080323e+02
3143	1.082850e+02
3144	1.086116e+02
3145	1.089086e+02
3146	1.092282e+02
3147	1.094585e+02
3148	1.097033e+02
3149	1.100093e+02
3150	1.103700e+02
3151	1.107155e+02
3152	1.109790e+02
3153	1.112596e+02
3154	1.113780e+02
3155	1.115016e+02
3156	1.116375e+02
3157	1.118567e+02
3158	1.120317e+02
3159	1.121816e+02
3160	1.123116e+02
3161	1.123688e+02
3162	1.124566e+02
3163	1.124862e+02
3164	1.125709e+02
3165	1.125771e+02
3166	1.125678e+02
3167	1.125373e+02
3168	1.124119e+02
3169	1.121305e+02
3170	1.117974e+02
3171	1.113824e+02
3172	1.109333e+02
3173	1.104743e+02
3174	1.100963e+02
3175	1.096178e+02
3176	1.090547e+02
3177	1.084366e+02
3178	1.078387e+02
3179	1.073542e+02
3180	1.068487e+02
3181	1.064311e+02
3182	1.060235e+02
3183	1.057238e+02
3184	1.054156e+02
3185	1.052323e+02
3186	1.051588e+02
3187	1.051210e+02
3188	1.051297e+02
3189	1.051656e+02
3190	1.052352e+02
3191	1.053031e+02
3192	1.055086e+02
3193	1.058016e+02
3194	1.061714e+02
3195	1.065870e+02
3196	1.070182e+02
3197	1.074097e+02
3198	1.077622e+02
3199	1.082563e+02
3200	1.087188e+02
3201	1.091910e+02
3202	1.096847e+02
3203	1.102131e+02
3204	1.105756e+02
3205	1.109724e+02
3206	1.113053e+02
3207	1.113868e+02
3208	1.114236e+02
3209	1.113920e+02
3210	1.112723e+02
3211	1.110465e+02
3212	1.108370e+02
3213	1.105557e+02
3214	1.101955e+02
3215	1.098284e+02
3216	1.094432e+02
3217	1.090592e+02
3218	1.087157e+02
3219	1.084570e+02
3220	1.082455e+02
3221	1.080683e+02
3222	1.077810e+02
3223	1.075478e+02
3224	1.073413e+02
3225	1.072099e+02
3226	1.071082e+02
3227	1.071339e+02
3228	1.071526e+02
3229	1.070947e+02
3230	1.071115e+02
3231	1.071942e+02
3232	1.072050e+02
3233	1.072228e+02
3234	1.072103e+02
3235	1.071747e+02
3236	1.071504e+02
3237	1.072131e+02
3238	1.073746e+02
3239	1.074950e+02
3240	1.076693e+02
3241	1.078786e+02
3242	1.081902e+02
3243	1.084834e+02
3244	1.088061e+02
3245	1.091801e+02
3246	1.096130e+02
3247	1.101789e+02
3248	1.107504e+02
3249	1.113246e+02
3250	1.118801e+02
3251	1.122408e+02
3252	1.125671e+02
3253	1.129271e+02
3254	1.131541e+02
3255	1.131725e+02
3256	1.130097e+02
3257	1.128321e+02
3258	1.126061e+02
3259	1.122965e+02
3260	1.119005e+02
3261	1.113904e+02
3262	1.108717e+02
3263	1.101652e+02
3264	1.094563e+02
3265	1.087292e+02
3266	1.078858e+02
3267	1.069932e+02
3268	1.061329e+02
3269	1.052431e+02
3270	1.043840e+02
3271	1.034462e+02
3272	1.025150e+02
3273	1.016484e+02
3274	1.009249e+02
3275	1.002812e+02
3276	9.973462e+01
3277	9.925585e+01
3278	9.894694e+01
3279	9.877183e+01
3280	9.866478e+01
3281	9.857710e+01
3282	9.865949e+01
3283	9.894716e+01
3284	9.939135e+01
3285	9.984110e+01
3286	1.003899e+02
3287	1.009924e+02
3288	1.016763e+02
3289	1.024828e+02
3290	1.034142e+02
3291	1.043817e+02
3292	1.054299e+02
3293	1.065207e+02
3294	1.075384e+02
3295	1.086065e+02
3296	1.096825e+02
3297	1.108071e+02
3298	1.119517e+02
3299	1.129773e+02
3300	1.139493e+02
3301	1.149050e+02
3302	1.157382e+02
3303	1.164057e+02
3304	1.170627e+02
3305	1.176836e+02
3306	1.181379e+02
3307	1.183524e+02
3308	1.183751e+02
3309	1.182585e+02
3310	1.181033e+02
3311	1.178429e+02
3312	1.173718e+02
3313	1.167440e+02
3314	1.160296e+02
3315	1.151745e+02
3316	1.142092e+02
3317	1.131278e+02
3318	1.121475e+02
3319	1.110670e+02
3320	1.100950e+02
3321	1.092175e+02
3322	1.082281e+02
3323	1.073163e+02
3324	1.064717e+02
3325	1.057293e+02
3326	1.050935e+02
3327	1.046016e+02
3328	1.042853e+02
3329	1.040722e+02
3330	1.039398e+02
3331	1.038449e+02
3332	1.038400e+02
3333	1.040091e+02
3334	1.043129e+02
3335	1.047515e+02
3336	1.051803e+02
3337	1.056244e+02
3338	1.061256e+02
3339	1.067067e+02
3340	1.073054e+02
3341	1.078780e+02
3342	1.086127e+02
3343	1.094075e+02
3344	1.101656e+02
3345	1.108959e+02
3346	1.117338e+02
3347	1.125048e+02
3348	1.132038e+02
3349	1.138168e+02
3350	1.142645e+02
3351	1.146361e+02
3352	1.149411e+02
3353	1.152563e+02
3354	1.154120e+02
3355	1.154248e+02
3356	1.153501e+02
3357	1.152442e+02
3358	1.149652e+02
3359	1.146789e+02
3360	1.143223e+02
3361	1.138615e+02
3362	1.132519e+02
3363	1.125991e+02
3364	1.119491e+02
3365	1.113641e+02
3366	1.108007e+02
3367	1.101551e+02
3368	1.095061e+02
3369	1.090305e+02
3370	1.085951e+02
3371	1.082155e+02
3372	1.078717e+02
3373	1.074100e+02
3374	1.068850e+02
3375	1.064537e+02
3376	1.060965e+02
3377	1.057537e+02
3378	1.054937e+02
3379	1.052318e+02
3380	1.051037e+02
3381	1.049532e+02
3382	1.048041e+02
3383	1.047564e+02
3384	1.047842e+02
3385	1.047851e+02
3386	1.048463e+02
3387	1.049767e+02
3388	1.051576e+02
3389	1.054986e+02
3390	1.057717e+02
3391	1.060989e+02
3392	1.065280e+02
3393	1.070549e+02
3394	1.077081e+02
3395	1.083902e+02
3396	1.091363e+02
3397	1.098984e+02
3398	1.107128e+02
3399	1.114877e+02
3400	1.122727e+02
3401	1.130657e+02
3402	1.137022e+02
3403	1.144131e+02
3404	1.151538e+02
3405	1.157954e+02
3406	1.162540e+02
3407	1.165435e+02
3408	1.165363e+02
3409	1.163944e+02
3410	1.160649e+02
3411	1.155180e+02
3412	1.149302e+02
3413	1.143210e+02
3414	1.137292e+02
3415	1.130673e+02
3416	1.123362e+02
3417	1.115405e+02
3418	1.107546e+02
3419	1.098960e+02
3420	1.090964e+02
3421	1.082857e+02
3422	1.074977e+02
3423	1.067541e+02
3424	1.060212e+02
3425	1.052287e+02
3426	1.044902e+02
3427	1.038537e+02
3428	1.033600e+02
3429	1.028644e+02
3430	1.023871e+02
3431	1.020945e+02
3432	1.018115e+02
3433	1.016064e+02
3434	1.014098e+02
3435	1.014461e+02
3436	1.016038e+02
3437	1.017520e+02
3438	1.020105e+02
3439	1.023783e+02
3440	1.027720e+02
3441	1.032336e+02
3442	1.037053e+02
3443	1.042945e+02
3444	1.048796e+02
3445	1.054928e+02
3446	1.060082e+02
3447	1.065719e+02
3448	1.071503e+02
3449	1.077184e+02
3450	1.082806e+02
3451	1.088968e+02
3452	1.094358e+02
3453	1.098320e+02
3454	1.101548e+02
3455	1.104323e+02
3456	1.106368e+02
3457	1.107985e+02
3458	1.108929e+02
3459	1.109804e+02
3460	1.108844e+02
3461	1.106367e+02
3462	1.103252e+02
3463	1.100789e+02
3464	1.097826e+02
3465	1.095041e+02
3466	1.092276e+02
3467	1.089808e+02
3468	1.088374e+02
3469	1.087373e+02
3470	1.086161e+02
3471	1.085142e+02
3472	1.085367e+02
3473	1.086152e+02
3474	1.088287e+02
3475	1.091592e+02
3476	1.094910e+02
3477	1.099096e+02
3478	1.103576e+02
3479	1.107801e+02
3480	1.111390e+02
3481	1.114713e+02
3482	1.118243e+02
3483	1.121930e+02
3484	1.124134e+02
3485	1.125098e+02
3486	1.126441e+02
3487	1.127745e+02
3488	1.127776e+02
3489	1.126945e+02
3490	1.125149e+02
3491	1.122386e+02
3492	1.117721e+02
3493	1.112558e+02
3494	1.106695e+02
3495	1.099565e+02
3496	1.091022e+02
3497	1.081734e+02
3498	1.070168e+02
3499	1.058194e+02
3500	1.046224e+02
3501	1.033939e+02
3502	1.021778e+02
3503	1.010485e+02
3504	1.000933e+02
3505	9.907004e+01
3506	9.816905e+01
3507	9.739107e+01
3508	9.679773e+01
3509	9.631344e+01
3510	9.591197e+01
3511	9.558013e+01
3512	9.546634e+01
3513	9.544379e+01
3514	9.559021e+01
3515	9.590319e+01
3516	9.648521e+01
3517	9.718392e+01
3518	9.789861e+01
3519	9.856713e+01
3520	9.935456e+01
3521	1.002206e+02
3522	1.011680e+02
3523	1.020698e+02
3524	1.030635e+02
3525	1.040676e+02
3526	1.050411e+02
3527	1.059508e+02
3528	1.068835e+02
3529	1.077590e+02
3530	1.086456e+02
3531	1.093726e+02
3532	1.101129e+02
3533	1.107058e+02
3534	1.112902e+02
3535	1.117679e+02
3536	1.120393e+02
3537	1.122230e+02
3538	1.121920e+02
3539	1.120678e+02
3540	1.118309e+02
3541	1.114994e+02
3542	1.109876e+02
3543	1.103702e+02
3544	1.096768e+02
3545	1.089552e+02
3546	1.081844e+02
3547	1.075151e+02
3548	1.069096e+02
3549	1.063130e+02
3550	1.057141e+02
3551	1.051378e+02
3552	1.044406e+02
3553	1.038071e+02
3554	1.033254e+02
3555	1.029249e+02
3556	1.025102e+02
3557	1.022068e+02
3558	1.020674e+02
3559	1.020729e+02
3560	1.022850e+02
3561	1.027585e+02
3562	1.032347e+02
3563	1.039440e+02
3564	1.047638e+02
3565	1.057079e+02
3566	1.067755e+02
3567	1.080027e+02
3568	1.092438e+02
3569	1.104017e+02
3570	1.115257e+02
3571	1.126456e+02
3572	1.136557e+02
3573	1.146088e+02
3574	1.154867e+02
3575	1.161776e+02
3576	1.167619e+02
3577	1.171820e+02
3578	1.174010e+02
3579	1.174187e+02
3580	1.172473e+02
3581	1.169641e+02
3582	1.165663e+02
3583	1.160320e+02
3584	1.152895e+02
3585	1.144402e+02
3586	1.135308e+02
3587	1.125578e+02
3588	1.114857e+02
3589	1.103302e+02
3590	1.090842e+02
3591	1.077468e+02
3592	1.063895e+02
3593	1.050462e+02
3594	1.037607e+02
3595	1.026769e+02
3596	1.016674e+02
3597	1.008109e+02
3598	1.001044e+02
3599	9.953599e+01
3600	9.914128e+01
3601	9.883002e+01
3602	9.879274e+01
3603	9.894182e+01
3604	9.923270e+01
3605	9.963445e+01
3606	1.003294e+02
3607	1.010536e+02
3608	1.018455e+02
3609	1.026608e+02
3610	1.035682e+02
3611	1.044834e+02
3612	1.054973e+02
3613	1.065590e+02
3614	1.076153e+02
3615	1.086109e+02
3616	1.096647e+02
3617	1.107322e+02
3618	1.117825e+02
3619	1.127989e+02
3620	1.137208e+02
3621	1.145590e+02
3622	1.152796e+02
3623	1.158524e+02
3624	1.162193e+02
3625	1.164091e+02
3626	1.164597e+02
3627	1.164691e+02
3628	1.163994e+02
3629	1.162841e+02
3630	1.160873e+02
3631	1.157429e+02
3632	1.153646e+02
3633	1.148848e+02
3634	1.143273e+02
3635	1.136779e+02
3636	1.130267e+02
3637	1.123279e+02
3638	1.115970e+02
3639	1.108821e+02
3640	1.102178e+02
3641	1.095974e+02
3642	1.089593e+02
3643	1.082936e+02
3644	1.075811e+02
3645	1.067827e+02
3646	1.060440e+02
3647	1.053313e+02
3648	1.047326e+02
3649	1.042125e+02
3650	1.037606e+02
3651	1.034162e+02
3652	1.031945e+02
3653	1.031284e+02
3654	1.031774e+02
3655	1.034215e+02
3656	1.038028e+02
3657	1.043011e+02
3658	1.048228e+02
3659	1.054260e+02
3660	1.060990e+02
3661	1.067778e+02
3662	1.074275e+02
3663	1.082628e+02
3664	1.090434e+02
3665	1.098065e+02
3666	1.104545e+02
3667	1.109434e+02
3668	1.114263e+02
3669	1.117897e+02
3670	1.120823e+02
3671	1.123429e+02
3672	1.126037e+02
3673	1.127076e+02
3674	1.127469e+02
3675	1.128081e+02
3676	1.127709e+02
3677	1.127514e+02
3678	1.126158e+02
3679	1.124333e+02
3680	1.121561e+02
3681	1.117335e+02
3682	1.113642e+02
3683	1.109517e+02
3684	1.105022e+02
3685	1.100086e+02
3686	1.094955e+02
3687	1.088873e+02
3688	1.082685e+02
3689	1.075665e+02
3690	1.068470e+02
3691	1.060877e+02
3692	1.053496e+02
3693	1.046451e+02
3694	1.040185e+02
3695	1.033651e+02
3696	1.026931e+02
3697	1.021401e+02
3698	1.017235e+02
3699	1.014049e+02
3700	1.012245e+02
3701	1.011438e+02
3702	1.012158e+02
3703	1.013124e+02
3704	1.016616e+02
3705	1.021241e+02
3706	1.026836e+02
3707	1.032719e+02
3708	1.038988e+02
3709	1.047083e+02
3710	1.056570e+02
3711	1.066660e+02
3712	1.077194e+02
3713	1.087879e+02
3714	1.099177e+02
3715	1.110438e+02
3716	1.121639e+02
3717	1.133391e+02
3718	1.144392e+02
3719	1.154980e+02
3720	1.164076e+02
3721	1.171813e+02
3722	1.178447e+02
3723	1.183144e+02
3724	1.186351e+02
3725	1.187780e+02
3726	1.188489e+02
3727	1.188049e+02
3728	1.185322e+02
3729	1.179447e+02
3730	1.172177e+02
3731	1.164092e+02
3732	1.155975e+02
3733	1.147748e+02
3734	1.138106e+02
3735	1.128367e+02
3736	1.119284e+02
3737	1.109442e+02
3738	1.098919e+02
3739	1.089370e+02
3740	1.080271e+02
3741	1.070634e+02
3742	1.061379e+02
3743	1.052459e+02
3744	1.044494e+02
3745	1.037944e+02
3746	1.032820e+02
3747	1.028874e+02
3748	1.026279e+02
3749	1.025281e+02
3750	1.024431e+02
3751	1.025088e+02
3752	1.026356e+02
3753	1.029250e+02
3754	1.032276e+02
3755	1.036372e+02
3756	1.040980e+02
3757	1.046744e+02
3758	1.054401e+02
3759	1.064396e+02
3760	1.074207e+02
3761	1.085109e+02
3762	1.095942e+02
3763	1.107470e+02
3764	1.117702e+02
3765	1.127956e+02
3766	1.138174e+02
3767	1.147359e+02
3768	1.155831e+02
3769	1.162818e+02
3770	1.167548e+02
3771	1.170973e+02
3772	1.173129e+02
3773	1.174647e+02
3774	1.174185e+02
3775	1.171773e+02
3776	1.167384e+02
3777	1.161815e+02
3778	1.154728e+02
3779	1.146755e+02
3780	1.137276e+02
3781	1.127261e+02
3782	1.116805e+02
3783	1.106424e+02
3784	1.096214e+02
3785	1.087077e+02
3786	1.078298e+02
3787	1.068585e+02
3788	1.059904e+02
3789	1.050828e+02
3790	1.041857e+02
3791	1.033349e+02
3792	1.024576e+02
3793	1.016453e+02
3794	1.009995e+02
3795	1.004490e+02
3796	1.000557e+02
3797	9.974115e+01
3798	9.963901e+01
3799	9.965107e+01
3800	9.999128e+01
3801	1.004259e+02
3802	1.010236e+02
3803	1.016728e+02
3804	1.023627e+02
3805	1.031189e+02
3806	1.039032e+02
3807	1.046672e+02
3808	1.054800e+02
3809	1.063817e+02
3810	1.073000e+02
3811	1.081619e+02
3812	1.091165e+02
3813	1.099812e+02
3814	1.107095e+02
3815	1.113224e+02
3816	1.119504e+02
3817	1.125332e+02
3818	1.130392e+02
3819	1.134356e+02
3820	1.137195e+02
3821	1.138595e+02
3822	1.138745e+02
3823	1.138862e+02
3824	1.137456e+02
3825	1.134415e+02
3826	1.130243e+02
3827	1.125231e+02
3828	1.119518e+02
3829	1.112838e+02
3830	1.105458e+02
3831	1.097245e+02
3832	1.089038e+02
3833	1.082110e+02
3834	1.074793e+02
3835	1.065953e+02
3836	1.056904e+02
3837	1.047717e+02
3838	1.039909e+02
3839	1.032463e+02
3840	1.025888e+02
3841	1.020443e+02
3842	1.015404e+02
3843	1.011145e+02
3844	1.008537e+02
3845	1.006801e+02
3846	1.005826e+02
3847	1.004757e+02
3848	1.004859e+02
3849	1.005995e+02
3850	1.008465e+02
3851	1.011400e+02
3852	1.014832e+02
3853	1.019547e+02
3854	1.025739e+02
3855	1.031421e+02
3856	1.038016e+02
3857	1.044430e+02
3858	1.051248e+02
3859	1.058001e+02
3860	1.064427e+02
3861	1.070459e+02
3862	1.076255e+02
3863	1.082002e+02
3864	1.086988e+02
3865	1.091509e+02
3866	1.095606e+02
3867	1.098348e+02
3868	1.100866e+02
3869	1.102714e+02
3870	1.103893e+02
3871	1.105138e+02
3872	1.105712e+02
3873	1.104619e+02
3874	1.102229e+02
3875	1.098850e+02
3876	1.095047e+02
3877	1.091482e+02
3878	1.086981e+02
3879	1.081821e+02
3880	1.075970e+02
3881	1.069809e+02
3882	1.064343e+02
3883	1.059553e+02
3884	1.054166e+02
3885	1.048072e+02
3886	1.042721e+02
3887	1.038394e+02
3888	1.034294e+02
3889	1.029785e+02
3890	1.026251e+02
3891	1.024203e+02
3892	1.022632e+02
3893	1.022531e+02
3894	1.023450e+02
3895	1.025932e+02
3896	1.028559e+02
3897	1.030573e+02
3898	1.032583e+02
3899	1.034563e+02
3900	1.036539e+02
3901	1.040169e+02
3902	1.044202e+02
3903	1.049429e+02
3904	1.054911e+02
3905	1.060577e+02
3906	1.066913e+02
3907	1.073075e+02
3908	1.079924e+02
3909	1.086558e+02
3910	1.093493e+02
3911	1.100332e+02
3912	1.106724e+02
3913	1.112972e+02
3914	1.118806e+02
3915	1.124220e+02
3916	1.130472e+02
3917	1.135729e+02
3918	1.141726e+02
3919	1.146009e+02
3920	1.148344e+02
3921	1.149131e+02
3922	1.148563e+02
3923	1.147440e+02
3924	1.146262e+02
3925	1.145722e+02
3926	1.145398e+02
3927	1.143855e+02
3928	1.142092e+02
3929	1.138757e+02
3930	1.135292e+02
3931	1.132123e+02
3932	1.128192e+02
3933	1.123350e+02
3934	1.116754e+02
3935	1.109608e+02
3936	1.102170e+02
3937	1.094107e+02
3938	1.086681e+02
3939	1.079420e+02
3940	1.071817e+02
3941	1.064409e+02
3942	1.057615e+02
3943	1.050732e+02
3944	1.044744e+02
3945	1.038679e+02
3946	1.033459e+02
3947	1.029894e+02
3948	1.026943e+02
3949	1.025076e+02
3950	1.024978e+02
3951	1.025107e+02
3952	1.026603e+02
3953	1.028855e+02
3954	1.032443e+02
3955	1.037029e+02
3956	1.042993e+02
3957	1.050529e+02
3958	1.058180e+02
3959	1.066608e+02
3960	1.075517e+02
3961	1.083865e+02
3962	1.092946e+02
3963	1.101610e+02
3964	1.109331e+02
3965	1.117802e+02
3966	1.125372e+02
3967	1.131979e+02
3968	1.138460e+02
3969	1.143529e+02
3970	1.146937e+02
3971	1.148446e+02
3972	1.149669e+02
3973	1.149874e+02
3974	1.147835e+02
3975	1.144522e+02
3976	1.139594e+02
3977	1.133578e+02
3978	1.125665e+02
3979	1.117635e+02
3980	1.108920e+02
3981	1.099229e+02
3982	1.087252e+02
3983	1.074449e+02
3984	1.061453e+02
3985	1.048585e+02
3986	1.036557e+02
3987	1.024260e+02
3988	1.012608e+02
3989	1.001738e+02
3990	9.918551e+01
3991	9.836092e+01
3992	9.762682e+01
3993	9.696030e+01
3994	9.652496e+01
3995	9.625803e+01
3996	9.619730e+01
3997	9.634221e+01
3998	9.667592e+01
3999	9.720520e+01
4000	9.782769e+01
4001	9.861048e+01
4002	9.951554e+01
4003	1.005196e+02
4004	1.016409e+02
4005	1.029594e+02
4006	1.043744e+02
4007	1.059253e+02
4008	1.074695e+02
4009	1.089588e+02
4010	1.104951e+02
4011	1.119619e+02
4012	1.134339e+02
4013	1.147548e+02
4014	1.159854e+02
4015	1.169833e+02
4016	1.178580e+02
4017	1.185766e+02
4018	1.191191e+02
4019	1.194557e+02
4020	1.196451e+02
4021	1.196176e+02
4022	1.193754e+02
4023	1.189533e+02
4024	1.183335e+02
4025	1.175967e+02
4026	1.166991e+02
4027	1.156905e+02
4028	1.145409e+02
4029	1.131937e+02
4030	1.117584e+02
4031	1.101782e+02
4032	1.085419e+02
4033	1.069505e+02
4034	1.052459e+02
4035	1.035025e+02
4036	1.018194e+02
4037	1.002772e+02
4038	9.883818e+01
4039	9.767968e+01
4040	9.676720e+01
4041	9.607526e+01
4042	9.551202e+01
4043	9.524096e+01
4044	9.511949e+01
4045	9.525622e+01
4046	9.567745e+01
4047	9.640085e+01
4048	9.736160e+01
4049	9.846119e+01
4050	9.968690e+01
4051	1.009181e+02
4052	1.021226e+02
4053	1.034463e+02
4054	1.048249e+02
4055	1.062151e+02
4056	1.074509e+02
4057	1.086344e+02
4058	1.096859e+02
4059	1.107616e+02
4060	1.118554e+02
4061	1.129811e+02
4062	1.139913e+02
4063	1.149491e+02
4064	1.157498e+02
4065	1.163616e+02
4066	1.168444e+02
4067	1.170984e+02
4068	1.171339e+02
4069	1.169656e+02
4070	1.165598e+02
4071	1.159885e+02
4072	1.152539e+02
4073	1.144061e+02
4074	1.135744e+02
4075	1.126272e+02
4076	1.116165e+02
4077	1.106678e+02
4078	1.097545e+02
4079	1.088893e+02
4080	1.080858e+02
4081	1.073286e+02
4082	1.065338e+02
4083	1.059229e+02
4084	1.054388e+02
4085	1.050199e+02
4086	1.045647e+02
4087	1.042018e+02
4088	1.038912e+02
4089	1.035335e+02
4090	1.032072e+02
4091	1.029014e+02
4092	1.026877e+02
4093	1.026107e+02
4094	1.027242e+02
4095	1.028890e+02
4096	1.031585e+02
4097	1.034634e+02
4098	1.038186e+02
4099	1.042918e+02
4100	1.048681e+02
4101	1.055384e+02
4102	1.061619e+02
4103	1.068809e+02
4104	1.075717e+02
4105	1.081989e+02
4106	1.089192e+02
4107	1.095814e+02
4108	1.102271e+02
4109	1.107935e+02
4110	1.113674e+02
4111	1.118587e+02
4112	1.121543e+02
4113	1.123326e+02
4114	1.125162e+02
4115	1.125887e+02
4116	1.127348e+02
4117	1.126951e+02
4118	1.125392e+02
4119	1.122984e+02
4120	1.119510e+02
4121	1.115064e+02
4122	1.108590e+02
4123	1.100272e+02
4124	1.091881e+02
4125	1.083804e+02
4126	1.074969e+02
4127	1.066119e+02
4128	1.057437e+02
4129	1.049765e+02
4130	1.042536e+02
4131	1.034760e+02
4132	1.028372e+02
4133	1.022754e+02
4134	1.017316e+02
4135	1.013309e+02
4136	1.010791e+02
4137	1.009148e+02
4138	1.009477e+02
4139	1.010557e+02
4140	1.012999e+02
4141	1.016659e+02
4142	1.020998e+02
4143	1.027531e+02
4144	1.035234e+02
4145	1.043595e+02
4146	1.052648e+02
4147	1.062103e+02
4148	1.071974e+02
4149	1.083161e+02
4150	1.094136e+02
4151	1.104818e+02
4152	1.117512e+02
4153	1.129618e+02
4154	1.140381e+02
4155	1.149427e+02
4156	1.157680e+02
4157	1.163870e+02
4158	1.169591e+02
4159	1.175380e+02
4160	1.180924e+02
4161	1.185818e+02
4162	1.189648e+02
4163	1.192876e+02
4164	1.194545e+02
4165	1.193763e+02
4166	1.191837e+02
4167	1.188133e+02
4168	1.183366e+02
4169	1.175523e+02
4170	1.166093e+02
4171	1.155611e+02
4172	1.144697e+02
4173	1.132533e+02
4174	1.119413e+02
4175	1.104951e+02
4176	1.089843e+02
4177	1.074298e+02
4178	1.058061e+02
4179	1.043369e+02
4180	1.029690e+02
4181	1.017782e+02
4182	1.007430e+02
4183	9.978163e+01
4184	9.889878e+01
4185	9.818521e+01
4186	9.753812e+01
4187	9.720283e+01
4188	9.705856e+01
4189	9.702357e+01
4190	9.712066e+01
4191	9.743012e+01
4192	9.789961e+01
4193	9.850187e+01
4194	9.928493e+01
4195	1.002893e+02
4196	1.015857e+02
4197	1.030629e+02
4198	1.046888e+02
4199	1.063040e+02
4200	1.079698e+02
4201	1.096381e+02
4202	1.113050e+02
4203	1.128139e+02
4204	1.142635e+02
4205	1.156541e+02
4206	1.169130e+02
4207	1.180098e+02
4208	1.189392e+02
4209	1.195650e+02
4210	1.201187e+02
4211	1.205041e+02
4212	1.207097e+02
4213	1.207763e+02
4214	1.206253e+02
4215	1.204030e+02
4216	1.200249e+02
4217	1.195541e+02
4218	1.189834e+02
4219	1.182850e+02
4220	1.173585e+02
4221	1.163434e+02
4222	1.152993e+02
4223	1.142276e+02
4224	1.131192e+02
4225	1.120601e+02
4226	1.110379e+02
4227	1.100137e+02
4228	1.089511e+02
4229	1.078631e+02
4230	1.067878e+02
4231	1.057998e+02
4232	1.049516e+02
4233	1.041499e+02
4234	1.034788e+02
4235	1.029837e+02
4236	1.025666e+02
4237	1.020980e+02
4238	1.016389e+02
4239	1.012510e+02
4240	1.011295e+02
4241	1.011158e+02
4242	1.011986e+02
4243	1.013533e+02
4244	1.016886e+02
4245	1.021274e+02
4246	1.027566e+02
4247	1.034399e+02
4248	1.041531e+02
4249	1.049852e+02
4250	1.058455e+02
4251	1.066841e+02
4252	1.074698e+02
4253	1.082795e+02
4254	1.090297e+02
4255	1.097644e+02
4256	1.104445e+02
4257	1.110999e+02
4258	1.117053e+02
4259	1.123004e+02
4260	1.128112e+02
4261	1.132839e+02
4262	1.136809e+02
4263	1.139321e+02
4264	1.142448e+02
4265	1.144379e+02
4266	1.144162e+02
4267	1.142646e+02
4268	1.140540e+02
4269	1.138065e+02
4270	1.134148e+02
4271	1.129220e+02
4272	1.124083e+02
4273	1.118876e+02
4274	1.114008e+02
4275	1.108544e+02
4276	1.102564e+02
4277	1.097035e+02
4278	1.090584e+02
4279	1.084281e+02
4280	1.077588e+02
4281	1.071059e+02
4282	1.064755e+02
4283	1.059405e+02
4284	1.055181e+02
4285	1.051771e+02
4286	1.047665e+02
4287	1.043285e+02
4288	1.039634e+02
4289	1.037666e+02
4290	1.037645e+02
4291	1.037828e+02
4292	1.039254e+02
4293	1.041552e+02
4294	1.044156e+02
4295	1.047581e+02
4296	1.052763e+02
4297	1.056847e+02
4298	1.060695e+02
4299	1.064140e+02
4300	1.068576e+02
4301	1.073745e+02
4302	1.080127e+02
4303	1.085985e+02
4304	1.090867e+02
4305	1.096967e+02
4306	1.102662e+02
4307	1.107972e+02
4308	1.111921e+02
4309	1.116164e+02
4310	1.119385e+02
4311	1.121172e+02
4312	1.121617e+02
4313	1.120615e+02
4314	1.118834e+02
4315	1.116305e+02
4316	1.113983e+02
4317	1.110344e+02
4318	1.106089e+02
4319	1.101832e+02
4320	1.096993e+02
4321	1.091249e+02
4322	1.085339e+02
4323	1.079284e+02
4324	1.073575e+02
4325	1.067668e+02
4326	1.061299e+02
4327	1.056519e+02
4328	1.052665e+02
4329	1.050145e+02
4330	1.048347e+02
4331	1.047968e+02
4332	1.049187e+02
4333	1.051523e+02
4334	1.054558e+02
4335	1.058653e+02
4336	1.063623e+02
4337	1.069451e+02
4338	1.076901e+02
4339	1.085384e+02
4340	1.094908e+02
4341	1.104251e+02
4342	1.111858e+02
4343	1.117986e+02
4344	1.123757e+02
4345	1.128200e+02
4346	1.132115e+02
4347	1.135142e+02
4348	1.136898e+02
4349	1.138491e+02
4350	1.138910e+02
4351	1.138250e+02
4352	1.138333e+02
4353	1.137803e+02
4354	1.136302e+02
4355	1.133631e+02
4356	1.129517e+02
4357	1.123808e+02
4358	1.116856e+02
4359	1.110046e+02
4360	1.102754e+02
4361	1.093281e+02
4362	1.083756e+02
4363	1.072473e+02
4364	1.060997e+02
4365	1.048951e+02
4366	1.037285e+02
4367	1.026922e+02
4368	1.017360e+02
4369	1.007915e+02
4370	9.979236e+01
4371	9.892788e+01
4372	9.815480e+01
4373	9.752308e+01
4374	9.699434e+01
4375	9.661486e+01
4376	9.634032e+01
4377	9.629248e+01
4378	9.645716e+01
4379	9.679163e+01
4380	9.717857e+01
4381	9.762958e+01
4382	9.828793e+01
4383	9.906476e+01
4384	9.996812e+01
4385	1.009575e+02
4386	1.020733e+02
4387	1.031577e+02
4388	1.043054e+02
4389	1.054050e+02
4390	1.066336e+02
4391	1.078523e+02
4392	1.091067e+02
4393	1.102715e+02
4394	1.114258e+02
4395	1.125709e+02
4396	1.137535e+02
4397	1.148888e+02
4398	1.159877e+02
4399	1.170338e+02
4400	1.179332e+02
4401	1.187050e+02
4402	1.193148e+02
4403	1.197570e+02
4404	1.199997e+02
4405	1.200513e+02
4406	1.199718e+02
4407	1.196513e+02
4408	1.192196e+02
4409	1.187964e+02
4410	1.183252e+02
4411	1.178481e+02
4412	1.172875e+02
4413	1.166737e+02
4414	1.160213e+02
4415	1.152717e+02
4416	1.144719e+02
4417	1.135519e+02
4418	1.126723e+02
4419	1.118623e+02
4420	1.110106e+02
4421	1.100873e+02
4422	1.091090e+02
4423	1.081134e+02
4424	1.071555e+02
4425	1.061457e+02
4426	1.052118e+02
4427	1.042631e+02
4428	1.033230e+02
4429	1.025017e+02
4430	1.018113e+02
4431	1.012718e+02
4432	1.008571e+02
4433	1.005698e+02
4434	1.004584e+02
4435	1.003718e+02
4436	1.003911e+02
4437	1.005462e+02
4438	1.008734e+02
4439	1.011792e+02
4440	1.016496e+02
4441	1.022155e+02
4442	1.028855e+02
4443	1.037010e+02
4444	1.044897e+02
4445	1.053411e+02
4446	1.061679e+02
4447	1.070869e+02
4448	1.079433e+02
4449	1.087771e+02
4450	1.096785e+02
4451	1.105862e+02
4452	1.115217e+02
4453	1.124998e+02
4454	1.133675e+02
4455	1.142650e+02
4456	1.151633e+02
4457	1.161000e+02
4458	1.170062e+02
4459	1.177522e+02
4460	1.183533e+02
4461	1.188197e+02
4462	1.190694e+02
4463	1.191002e+02
4464	1.189941e+02
4465	1.186565e+02
4466	1.181969e+02
4467	1.174577e+02
4468	1.165445e+02
4469	1.154285e+02
4470	1.142513e+02
4471	1.128867e+02
4472	1.114973e+02
4473	1.100760e+02
4474	1.085812e+02
4475	1.070723e+02
4476	1.057023e+02
4477	1.044453e+02
4478	1.033053e+02
4479	1.023800e+02
4480	1.015775e+02
4481	1.009229e+02
4482	1.003309e+02
4483	9.980784e+01
4484	9.936527e+01
4485	9.926451e+01
4486	9.935423e+01
4487	9.974607e+01
4488	1.003757e+02
4489	1.011916e+02
4490	1.021776e+02
4491	1.033128e+02
4492	1.045467e+02
4493	1.059643e+02
4494	1.073945e+02
4495	1.087707e+02
4496	1.101653e+02
4497	1.115405e+02
4498	1.128844e+02
4499	1.140701e+02
4500	1.152108e+02
4501	1.161705e+02
4502	1.170418e+02
4503	1.177799e+02
4504	1.182889e+02
4505	1.186773e+02
4506	1.189683e+02
4507	1.191134e+02
4508	1.191621e+02
4509	1.189500e+02
4510	1.185942e+02
4511	1.181016e+02
4512	1.174456e+02
4513	1.165172e+02
4514	1.154234e+02
4515	1.141809e+02
4516	1.129026e+02
4517	1.115180e+02
4518	1.101406e+02
4519	1.089316e+02
4520	1.078474e+02
4521	1.068421e+02
4522	1.059422e+02
4523	1.050088e+02
4524	1.041886e+02
4525	1.033797e+02
4526	1.027170e+02
4527	1.020579e+02
4528	1.014451e+02
4529	1.009137e+02
4530	1.005156e+02
4531	1.002586e+02
4532	1.001724e+02
4533	1.002105e+02
4534	1.002939e+02
4535	1.005635e+02
4536	1.008556e+02
4537	1.012284e+02
4538	1.016656e+02
4539	1.023288e+02
4540	1.031137e+02
4541	1.040269e+02
4542	1.050600e+02
4543	1.061930e+02
4544	1.073903e+02
4545	1.086848e+02
4546	1.099155e+02
4547	1.111465e+02
4548	1.123938e+02
4549	1.135918e+02
4550	1.147602e+02
4551	1.159270e+02
4552	1.170123e+02
4553	1.180424e+02
4554	1.189291e+02
4555	1.196306e+02
4556	1.201497e+02
4557	1.204568e+02
4558	1.206008e+02
4559	1.204955e+02
4560	1.203728e+02
4561	1.200447e+02
4562	1.194673e+02
4563	1.188402e+02
4564	1.180319e+02
4565	1.171417e+02
4566	1.162032e+02
4567	1.152421e+02
4568	1.142929e+02
4569	1.133154e+02
4570	1.123308e+02
4571	1.113226e+02
4572	1.102895e+02
4573	1.093228e+02
4574	1.082946e+02
4575	1.073539e+02
4576	1.064779e+02
4577	1.057870e+02
4578	1.052306e+02
4579	1.048057e+02
4580	1.044159e+02
4581	1.041354e+02
4582	1.039477e+02
4583	1.037642e+02
4584	1.037000e+02
4585	1.037836e+02
4586	1.040181e+02
4587	1.043322e+02
4588	1.047172e+02
4589	1.052301e+02
4590	1.058197e+02
4591	1.064412e+02
4592	1.071474e+02
4593	1.079063e+02
4594	1.086423e+02
4595	1.094358e+02
4596	1.103021e+02
4597	1.111813e+02
4598	1.119529e+02
4599	1.127195e+02
4600	1.136373e+02
4601	1.143215e+02
4602	1.149126e+02
4603	1.155074e+02
4604	1.159676e+02
4605	1.161753e+02
4606	1.162331e+02
4607	1.161385e+02
4608	1.159919e+02
4609	1.157604e+02
4610	1.154650e+02
4611	1.151975e+02
4612	1.149176e+02
4613	1.146340e+02
4614	1.142246e+02
4615	1.137550e+02
4616	1.132062e+02
4617	1.126040e+02
4618	1.119709e+02
4619	1.113286e+02
4620	1.105768e+02
4621	1.098490e+02
4622	1.089507e+02
4623	1.079973e+02
4624	1.070243e+02
4625	1.059617e+02
4626	1.049184e+02
4627	1.038696e+02
4628	1.028018e+02
4629	1.018361e+02
4630	1.010149e+02
4631	1.004662e+02
4632	1.000424e+02
4633	9.970245e+01
4634	9.945904e+01
4635	9.938853e+01
4636	9.940889e+01
4637	9.950970e+01
4638	9.971730e+01
4639	1.000127e+02
4640	1.003311e+02
4641	1.006972e+02
4642	1.011195e+02
4643	1.017623e+02
4644	1.025508e+02
4645	1.033937e+02
4646	1.043165e+02
4647	1.052654e+02
4648	1.062269e+02
4649	1.070698e+02
4650	1.076877e+02
4651	1.083198e+02
4652	1.089568e+02
4653	1.095569e+02
4654	1.100198e+02
4655	1.103846e+02
4656	1.106782e+02
4657	1.109330e+02
4658	1.110981e+02
4659	1.111669e+02
4660	1.111934e+02
4661	1.112288e+02
4662	1.111392e+02
4663	1.110913e+02
4664	1.111982e+02
4665	1.113989e+02
4666	1.114964e+02
4667	1.115542e+02
4668	1.114997e+02
4669	1.112833e+02
4670	1.111420e+02
4671	1.109539e+02
4672	1.106430e+02
4673	1.102914e+02
4674	1.098818e+02
4675	1.093352e+02
4676	1.088724e+02
4677	1.084149e+02
4678	1.078987e+02
4679	1.074428e+02
4680	1.069653e+02
4681	1.065123e+02
4682	1.061564e+02
4683	1.057441e+02
4684	1.052586e+02
4685	1.048300e+02
4686	1.044068e+02
4687	1.039495e+02
4688	1.034971e+02
4689	1.030646e+02
4690	1.026802e+02
4691	1.024063e+02
4692	1.021561e+02
4693	1.019440e+02
4694	1.017396e+02
4695	1.016381e+02
4696	1.016898e+02
4697	1.018865e+02
4698	1.021785e+02
4699	1.024846e+02
4700	1.027427e+02
4701	1.030901e+02
4702	1.034357e+02
4703	1.038755e+02
4704	1.044377e+02
4705	1.049920e+02
4706	1.055432e+02
4707	1.061223e+02
4708	1.067026e+02
4709	1.073685e+02
4710	1.080022e+02
4711	1.086745e+02
4712	1.093560e+02
4713	1.099327e+02
4714	1.104694e+02
4715	1.110533e+02
4716	1.114011e+02
4717	1.117619e+02
4718	1.119868e+02
4719	1.121555e+02
4720	1.122762e+02
4721	1.123296e+02
4722	1.123056e+02
4723	1.122257e+02
4724	1.120901e+02
4725	1.119908e+02
4726	1.119472e+02
4727	1.118218e+02
4728	1.117224e+02
4729	1.115518e+02
4730	1.114229e+02
4731	1.113478e+02
4732	1.112399e+02
4733	1.110839e+02
4734	1.109506e+02
4735	1.107952e+02
4736	1.105896e+02
4737	1.103484e+02
4738	1.099976e+02
4739	1.096026e+02
4740	1.091238e+02
4741	1.086659e+02
4742	1.083079e+02
4743	1.079275e+02
4744	1.075639e+02
4745	1.073090e+02
4746	1.071777e+02
4747	1.069560e+02
4748	1.068130e+02
4749	1.067343e+02
4750	1.067236e+02
4751	1.067916e+02
4752	1.069935e+02
4753	1.073524e+02
4754	1.077783e+02
4755	1.080542e+02
4756	1.084530e+02
4757	1.089435e+02
4758	1.093436e+02
4759	1.097525e+02
4760	1.101079e+02
4761	1.104213e+02
4762	1.106423e+02
4763	1.108218e+02
4764	1.110597e+02
4765	1.113921e+02
4766	1.116835e+02
4767	1.120566e+02
4768	1.124405e+02
4769	1.127828e+02
4770	1.131795e+02
4771	1.134172e+02
4772	1.136876e+02
4773	1.138989e+02
4774	1.140276e+02
4775	1.141256e+02
4776	1.141995e+02
4777	1.142121e+02
4778	1.142204e+02
4779	1.140758e+02
4780	1.137595e+02
4781	1.133515e+02
4782	1.130198e+02
4783	1.126194e+02
4784	1.120662e+02
4785	1.115093e+02
4786	1.109320e+02
4787	1.103572e+02
4788	1.098061e+02
4789	1.091919e+02
4790	1.085776e+02
4791	1.080652e+02
4792	1.075784e+02
4793	1.071314e+02
4794	1.066275e+02
4795	1.060660e+02
4796	1.054897e+02
4797	1.049883e+02
4798	1.045118e+02
4799	1.040629e+02
4800	1.037017e+02
4801	1.033361e+02
4802	1.031197e+02
4803	1.029348e+02
4804	1.029279e+02
4805	1.030301e+02
4806	1.031624e+02
4807	1.032821e+02
4808	1.035314e+02
4809	1.038156e+02
4810	1.040873e+02
4811	1.044654e+02
4812	1.049225e+02
4813	1.054945e+02
4814	1.061195e+02
4815	1.067107e+02
4816	1.073294e+02
4817	1.079237e+02
4818	1.086038e+02
4819	1.092601e+02
4820	1.099283e+02
4821	1.106349e+02
4822	1.113067e+02
4823	1.118940e+02
4824	1.123805e+02
4825	1.127434e+02
4826	1.129947e+02
4827	1.132777e+02
4828	1.134966e+02
4829	1.135684e+02
4830	1.136773e+02
4831	1.137133e+02
4832	1.137274e+02
4833	1.136657e+02
4834	1.136117e+02
4835	1.134456e+02
4836	1.132374e+02
4837	1.129516e+02
4838	1.125719e+02
4839	1.121736e+02
4840	1.117021e+02
4841	1.111342e+02
4842	1.105282e+02
4843	1.097776e+02
4844	1.089600e+02
4845	1.081363e+02
4846	1.072432e+02
4847	1.064186e+02
4848	1.056120e+02
4849	1.047295e+02
4850	1.039474e+02
4851	1.032520e+02
4852	1.024684e+02
4853	1.018773e+02
4854	1.014875e+02
4855	1.013705e+02
4856	1.013977e+02
4857	1.014761e+02
4858	1.016627e+02
4859	1.018820e+02
4860	1.023126e+02
4861	1.028197e+02
4862	1.033490e+02
4863	1.039151e+02
4864	1.045697e+02
4865	1.052723e+02
4866	1.060724e+02
4867	1.069452e+02
4868	1.079602e+02
4869	1.089361e+02
4870	1.099474e+02
4871	1.109531e+02
4872	1.119263e+02
4873	1.127655e+02
4874	1.135845e+02
4875	1.142240e+02
4876	1.148834e+02
4877	1.154860e+02
4878	1.160586e+02
4879	1.164505e+02
4880	1.167545e+02
4881	1.169616e+02
4882	1.170901e+02
4883	1.169620e+02
4884	1.166195e+02
4885	1.160909e+02
4886	1.153232e+02
4887	1.143109e+02
4888	1.131632e+02
4889	1.120067e+02
4890	1.107383e+02
4891	1.093789e+02
4892	1.078258e+02
4893	1.062348e+02
4894	1.046727e+02
4895	1.032724e+02
4896	1.019046e+02
4897	1.006027e+02
4898	9.942128e+01
4899	9.831777e+01
4900	9.727047e+01
4901	9.627358e+01
4902	9.541140e+01
4903	9.477300e+01
4904	9.422379e+01
4905	9.388649e+01
4906	9.376624e+01
4907	9.381772e+01
4908	9.408845e+01
4909	9.459328e+01
4910	9.535721e+01
4911	9.623753e+01
4912	9.724201e+01
4913	9.834442e+01
4914	9.955885e+01
4915	1.006624e+02
4916	1.017844e+02
4917	1.029199e+02
4918	1.040742e+02
4919	1.052866e+02
4920	1.064770e+02
4921	1.076574e+02
4922	1.087289e+02
4923	1.096739e+02
4924	1.104953e+02
4925	1.111786e+02
4926	1.116818e+02
4927	1.121024e+02
4928	1.123737e+02
4929	1.125300e+02
4930	1.125203e+02
4931	1.124014e+02
4932	1.122547e+02
4933	1.120775e+02
4934	1.118534e+02
4935	1.115669e+02
4936	1.113149e+02
4937	1.110767e+02
4938	1.107711e+02
4939	1.104104e+02
4940	1.100668e+02
4941	1.096882e+02
4942	1.092449e+02
4943	1.088922e+02
4944	1.086008e+02
4945	1.082549e+02
4946	1.079013e+02
4947	1.076263e+02
4948	1.074595e+02
4949	1.073612e+02
4950	1.073089e+02
4951	1.071337e+02
4952	1.069630e+02
4953	1.067469e+02
4954	1.064499e+02
4955	1.061950e+02
4956	1.059889e+02
4957	1.058828e+02
4958	1.058030e+02
4959	1.056694e+02
4960	1.055447e+02
4961	1.055488e+02
4962	1.056446e+02
4963	1.057757e+02
4964	1.059898e+02
4965	1.062891e+02
4966	1.065750e+02
4967	1.068966e+02
4968	1.070594e+02
4969	1.071579e+02
4970	1.072515e+02
4971	1.072512e+02
4972	1.072214e+02
4973	1.073166e+02
4974	1.073543e+02
4975	1.072620e+02
4976	1.070880e+02
4977	1.067654e+02
4978	1.064489e+02
4979	1.061057e+02
4980	1.057367e+02
4981	1.053667e+02
4982	1.050228e+02
4983	1.047436e+02
4984	1.044536e+02
4985	1.041838e+02
4986	1.038534e+02
4987	1.035427e+02
4988	1.031629e+02
4989	1.027586e+02
4990	1.023545e+02
4991	1.019634e+02
4992	1.015847e+02
4993	1.012803e+02
4994	1.010698e+02
4995	1.008607e+02
4996	1.006809e+02
4997	1.005620e+02
4998	1.005216e+02
4999	1.005944e+02
