# Step	Measurement
1	1.092300e+02
2	1.097622e+02
3	1.103136e+02
4	1.108277e+02
5	1.113389e+02
6	1.117012e+02
7	1.119701e+02
8	1.122085e+02
9	1.124521e+02
10	1.126162e+02
11	1.127442e+02
12	1.128071e+02
13	1.128801e+02
14	1.128723e+02
15	1.128923e+02
16	1.129318e+02
17	1.130360e+02
18	1.131254e+02
19	1.132503e+02
20	1.134238e+02
21	1.135956e+02
22	1.137609e+02
23	1.139909e+02
24	1.141913e+02
25	1.144433e+02
26	1.146733e+02
27	1.148592e+02
28	1.149392e+02
29	1.149444e+02
30	1.148688e+02
31	1.148130e+02
32	1.147320e+02
33	1.146547e+02
34	1.145881e+02
35	1.144257e+02
36	1.142027e+02
37	1.139923e+02
38	1.137365e+02
39	1.134669e+02
40	1.132154e+02
41	1.128681e+02
42	1.124551e+02
43	1.119631e+02
44	1.113138e+02
45	1.107188e+02
46	1.100877e+02
47	1.093802e+02
48	1.087405e+02
49	1.081377e+02
50	1.075656e+02
51	1.069712e+02
52	1.063583e+02
53	1.058044e+02
54	1.053647e+02
55	1.050043e+02
56	1.045933e+02
57	1.042675e+02
58	1.039589e+02
59	1.038302e+02
60	1.037773e+02
61	1.037098e+02
62	1.036555e+02
63	1.035957e+02
64	1.035936e+02
65	1.035864e+02
66	1.035803e+02
67	1.035688e+02
68	1.035721e+02
69	1.035683e+02
70	1.035968e+02
71	1.036761e+02
72	1.036629e+02
73	1.036587e+02
74	1.037270e+02
75	1.038920e+02
76	1.040881e+02
77	1.042490e+02
78	1.045043e+02
79	1.048308e+02
80	1.050609e+02
81	1.052899e+02
82	1.055597e+02
83	1.058286e+02
84	1.061379e+02
85	1.064212e+02
86	1.066816e+02
87	1.068572e+02
88	1.070257e+02
89	1.071916e+02
90	1.073231e+02
91	1.073934e+02
92	1.074261e+02
93	1.074461e+02
94	1.074643e+02
95	1.074665e+02
96	1.073738e+02
97	1.072427e+02
98	1.070904e+02
99	1.068757e+02
100	1.067096e+02
101	1.064948e+02
102	1.063122e+02
103	1.061827e+02
104	1.060950e+02
105	1.060236e+02
106	1.059732e+02
107	1.059644e+02
108	1.059848e+02
109	1.059092e+02
110	1.057737e+02
111	1.056434e+02
112	1.055138e+02
113	1.053679e+02
114	1.052295e+02
115	1.051592e+02
116	1.050791e+02
117	1.050449e+02
118	1.050296e+02
119	1.050352e+02
120	1.050107e+02
121	1.050415e+02
122	1.051160e+02
123	1.052266e+02
124	1.053736e+02
125	1.055723e+02
126	1.057846e+02
127	1.060234e+02
128	1.063022e+02
129	1.065580e+02
130	1.067937e+02
131	1.070922e+02
132	1.074018e+02
133	1.077955e+02
134	1.082677e+02
135	1.087183e+02
136	1.090486e+02
137	1.093196e+02
138	1.095833e+02
139	1.098490e+02
140	1.100444e+02
141	1.101654e+02
142	1.102535e+02
143	1.102938e+02
144	1.103706e+02
145	1.104580e+02
146	1.104806e+02
147	1.105578e+02
148	1.106047e+02
149	1.106821e+02
150	1.106866e+02
151	1.106313e+02
152	1.105928e+02
153	1.105374e+02
154	1.104411e+02
155	1.103296e+02
156	1.102220e+02
157	1.101047e+02
158	1.099866e+02
159	1.098978e+02
160	1.098066e+02
161	1.098017e+02
162	1.097541e+02
163	1.098074e+02
164	1.098672e+02
165	1.099093e+02
166	1.099725e+02
167	1.101370e+02
168	1.103044e+02
169	1.104487e+02
170	1.107013e+02
171	1.110665e+02
172	1.114541e+02
173	1.119139e+02
174	1.124147e+02
175	1.129000e+02
176	1.134111e+02
177	1.139431e+02
178	1.144061e+02
179	1.148166e+02
180	1.152031e+02
181	1.154703e+02
182	1.157045e+02
183	1.159273e+02
184	1.161243e+02
185	1.162857e+02
186	1.163688e+02
187	1.164776e+02
188	1.165187e+02
189	1.165186e+02
190	1.165373e+02
191	1.164612e+02
192	1.163693e+02
193	1.162162e+02
194	1.160098e+02
195	1.157875e+02
196	1.155349e+02
197	1.152169e+02
198	1.148470e+02
199	1.144124e+02
200	1.139902e+02
201	1.134653e+02
202	1.128671e+02
203	1.121490e+02
204	1.114377e+02
205	1.106434e+02
206	1.098355e+02
207	1.090552e+02
208	1.083826e+02
209	1.077257e+02
210	1.071054e+02
211	1.065396e+02
212	1.059818e+02
213	1.054248e+02
214	1.048160e+02
215	1.043393e+02
216	1.039230e+02
217	1.036027e+02
218	1.032975e+02
219	1.030460e+02
220	1.027727e+02
221	1.025921e+02
222	1.025079e+02
223	1.025184e+02
224	1.026119e+02
225	1.028086e+02
226	1.030233e+02
227	1.032846e+02
228	1.036634e+02
229	1.040610e+02
230	1.045233e+02
231	1.049642e+02
232	1.053772e+02
233	1.058274e+02
234	1.061887e+02
235	1.065859e+02
236	1.070001e+02
237	1.073009e+02
238	1.075594e+02
239	1.078028e+02
240	1.080845e+02
241	1.083287e+02
242	1.085607e+02
243	1.087834e+02
244	1.089954e+02
245	1.090932e+02
246	1.091848e+02
247	1.091794e+02
248	1.091252e+02
249	1.090265e+02
250	1.088991e+02
251	1.086734e+02
252	1.083538e+02
253	1.079381e+02
254	1.075088e+02
255	1.070871e+02
256	1.066837e+02
257	1.063610e+02
258	1.060960e+02
259	1.058092e+02
260	1.055715e+02
261	1.053841e+02
262	1.052031e+02
263	1.050676e+02
264	1.050339e+02
265	1.050253e+02
266	1.050863e+02
267	1.052697e+02
268	1.055043e+02
269	1.057717e+02
270	1.061723e+02
271	1.065498e+02
272	1.069853e+02
273	1.074921e+02
274	1.079862e+02
275	1.085581e+02
276	1.092101e+02
277	1.098267e+02
278	1.104014e+02
279	1.109298e+02
280	1.114169e+02
281	1.119369e+02
282	1.124560e+02
283	1.129807e+02
284	1.135223e+02
285	1.140849e+02
286	1.146209e+02
287	1.150364e+02
288	1.154156e+02
289	1.157190e+02
290	1.158976e+02
291	1.160386e+02
292	1.159930e+02
293	1.158111e+02
294	1.155335e+02
295	1.151736e+02
296	1.147339e+02
297	1.142188e+02
298	1.136475e+02
299	1.129587e+02
300	1.122377e+02
301	1.114655e+02
302	1.107588e+02
303	1.100172e+02
304	1.093174e+02
305	1.085699e+02
306	1.077581e+02
307	1.069286e+02
308	1.060685e+02
309	1.051798e+02
310	1.042983e+02
311	1.034003e+02
312	1.026172e+02
313	1.018138e+02
314	1.010864e+02
315	1.003996e+02
316	9.976377e+01
317	9.921331e+01
318	9.877470e+01
319	9.840571e+01
320	9.818050e+01
321	9.808020e+01
322	9.812141e+01
323	9.825091e+01
324	9.852715e+01
325	9.891146e+01
326	9.937184e+01
327	9.994137e+01
328	1.006421e+02
329	1.014091e+02
330	1.022998e+02
331	1.032249e+02
332	1.041235e+02
333	1.051098e+02
334	1.060903e+02
335	1.071167e+02
336	1.081327e+02
337	1.090968e+02
338	1.099473e+02
339	1.107647e+02
340	1.115836e+02
341	1.122825e+02
342	1.129493e+02
343	1.134951e+02
344	1.139775e+02
345	1.143931e+02
346	1.146651e+02
347	1.149627e+02
348	1.151270e+02
349	1.151999e+02
350	1.151813e+02
351	1.150823e+02
352	1.149019e+02
353	1.146522e+02
354	1.143238e+02
355	1.139168e+02
356	1.135246e+02
357	1.131267e+02
358	1.127014e+02
359	1.123382e+02
360	1.119293e+02
361	1.115207e+02
362	1.110737e+02
363	1.106353e+02
364	1.101735e+02
365	1.097454e+02
366	1.093556e+02
367	1.089264e+02
368	1.085408e+02
369	1.082787e+02
370	1.080833e+02
371	1.079149e+02
372	1.077196e+02
373	1.076956e+02
374	1.077643e+02
375	1.079656e+02
376	1.081515e+02
377	1.084623e+02
378	1.087344e+02
379	1.089189e+02
380	1.091425e+02
381	1.093169e+02
382	1.095229e+02
383	1.097474e+02
384	1.100215e+02
385	1.102818e+02
386	1.105224e+02
387	1.106977e+02
388	1.108540e+02
389	1.108994e+02
390	1.109367e+02
391	1.109406e+02
392	1.108297e+02
393	1.106684e+02
394	1.105044e+02
395	1.102980e+02
396	1.100359e+02
397	1.096420e+02
398	1.091870e+02
399	1.087169e+02
400	1.082477e+02
401	1.077770e+02
402	1.072240e+02
403	1.066766e+02
404	1.061121e+02
405	1.056054e+02
406	1.050878e+02
407	1.045471e+02
408	1.040524e+02
409	1.036331e+02
410	1.031668e+02
411	1.026708e+02
412	1.021732e+02
413	1.016871e+02
414	1.012412e+02
415	1.007557e+02
416	1.003401e+02
417	9.998928e+01
418	9.963971e+01
419	9.944450e+01
420	9.934043e+01
421	9.925823e+01
422	9.936627e+01
423	9.958245e+01
424	9.986021e+01
425	1.002531e+02
426	1.007001e+02
427	1.012367e+02
428	1.018334e+02
429	1.024443e+02
430	1.031568e+02
431	1.038944e+02
432	1.046028e+02
433	1.052931e+02
434	1.059517e+02
435	1.065653e+02
436	1.071859e+02
437	1.078321e+02
438	1.084111e+02
439	1.090016e+02
440	1.095869e+02
441	1.101445e+02
442	1.105838e+02
443	1.109779e+02
444	1.112993e+02
445	1.115267e+02
446	1.116797e+02
447	1.118530e+02
448	1.120499e+02
449	1.122585e+02
450	1.123959e+02
451	1.125165e+02
452	1.126466e+02
453	1.127762e+02
454	1.128888e+02
455	1.130562e+02
456	1.131847e+02
457	1.132331e+02
458	1.133018e+02
459	1.133078e+02
460	1.132873e+02
461	1.131867e+02
462	1.130343e+02
463	1.129293e+02
464	1.128383e+02
465	1.127068e+02
466	1.125166e+02
467	1.123640e+02
468	1.121361e+02
469	1.117830e+02
470	1.114162e+02
471	1.110372e+02
472	1.106486e+02
473	1.102981e+02
474	1.100336e+02
475	1.097421e+02
476	1.094080e+02
477	1.090369e+02
478	1.087135e+02
479	1.084487e+02
480	1.082157e+02
481	1.079673e+02
482	1.077752e+02
483	1.075718e+02
484	1.074394e+02
485	1.073222e+02
486	1.072155e+02
487	1.070482e+02
488	1.068371e+02
489	1.066190e+02
490	1.063378e+02
491	1.060671e+02
492	1.057885e+02
493	1.055203e+02
494	1.052281e+02
495	1.050194e+02
496	1.048834e+02
497	1.047479e+02
498	1.046524e+02
499	1.044930e+02
500	1.043312e+02
501	1.041569e+02
502	1.040100e+02
503	1.038614e+02
504	1.036818e+02
505	1.035156e+02
506	1.033936e+02
507	1.032139e+02
508	1.029930e+02
509	1.027026e+02
510	1.024200e+02
511	1.020441e+02
512	1.016191e+02
513	1.012552e+02
514	1.008917e+02
515	1.005749e+02
516	1.002643e+02
517	9.994507e+01
518	9.968792e+01
519	9.953041e+01
520	9.937282e+01
521	9.924678e+01
522	9.918910e+01
523	9.913568e+01
524	9.912660e+01
525	9.916598e+01
526	9.922754e+01
527	9.934214e+01
528	9.949589e+01
529	9.961024e+01
530	9.976037e+01
531	9.995582e+01
532	1.002414e+02
533	1.006339e+02
534	1.010418e+02
535	1.015963e+02
536	1.022228e+02
537	1.028809e+02
538	1.035915e+02
539	1.042679e+02
540	1.049555e+02
541	1.056226e+02
542	1.062916e+02
543	1.069324e+02
544	1.075648e+02
545	1.081596e+02
546	1.087466e+02
547	1.093560e+02
548	1.098993e+02
549	1.104541e+02
550	1.109936e+02
551	1.115185e+02
552	1.119739e+02
553	1.123983e+02
554	1.127622e+02
555	1.130353e+02
556	1.132529e+02
557	1.134833e+02
558	1.135639e+02
559	1.135411e+02
560	1.135070e+02
561	1.135140e+02
562	1.134439e+02
563	1.133406e+02
564	1.132335e+02
565	1.130148e+02
566	1.127607e+02
567	1.125433e+02
568	1.122614e+02
569	1.119220e+02
570	1.115455e+02
571	1.111401e+02
572	1.107727e+02
573	1.103727e+02
574	1.099360e+02
575	1.094196e+02
576	1.089209e+02
577	1.084846e+02
578	1.080638e+02
579	1.077340e+02
580	1.074548e+02
581	1.072062e+02
582	1.070283e+02
583	1.068061e+02
584	1.066180e+02
585	1.064119e+02
586	1.062214e+02
587	1.060922e+02
588	1.060769e+02
589	1.060916e+02
590	1.061067e+02
591	1.060864e+02
592	1.061581e+02
593	1.062353e+02
594	1.063694e+02
595	1.064500e+02
596	1.065504e+02
597	1.067274e+02
598	1.069628e+02
599	1.071698e+02
600	1.073286e+02
601	1.074736e+02
602	1.076888e+02
603	1.077657e+02
604	1.078364e+02
605	1.078397e+02
606	1.077525e+02
607	1.076761e+02
608	1.075108e+02
609	1.072989e+02
610	1.069794e+02
611	1.066599e+02
612	1.062801e+02
613	1.058084e+02
614	1.052861e+02
615	1.048294e+02
616	1.043968e+02
617	1.039987e+02
618	1.036680e+02
619	1.033883e+02
620	1.031509e+02
621	1.030173e+02
622	1.028518e+02
623	1.027950e+02
624	1.028093e+02
625	1.028749e+02
626	1.030288e+02
627	1.033283e+02
628	1.036462e+02
629	1.040163e+02
630	1.044631e+02
631	1.049945e+02
632	1.056950e+02
633	1.065098e+02
634	1.074204e+02
635	1.083557e+02
636	1.092843e+02
637	1.102110e+02
638	1.110933e+02
639	1.120653e+02
640	1.130434e+02
641	1.139244e+02
642	1.147957e+02
643	1.156286e+02
644	1.164422e+02
645	1.171592e+02
646	1.178282e+02
647	1.183755e+02
648	1.188047e+02
649	1.191609e+02
650	1.195184e+02
651	1.197981e+02
652	1.199355e+02
653	1.200351e+02
654	1.200503e+02
655	1.198651e+02
656	1.196220e+02
657	1.192476e+02
658	1.188009e+02
659	1.182839e+02
660	1.177069e+02
661	1.170309e+02
662	1.162874e+02
663	1.154668e+02
664	1.146165e+02
665	1.136543e+02
666	1.126272e+02
667	1.115687e+02
668	1.105278e+02
669	1.094965e+02
670	1.084583e+02
671	1.074900e+02
672	1.065877e+02
673	1.057475e+02
674	1.049678e+02
675	1.041549e+02
676	1.033724e+02
677	1.026847e+02
678	1.021215e+02
679	1.016508e+02
680	1.012390e+02
681	1.008407e+02
682	1.004759e+02
683	1.001268e+02
684	9.979805e+01
685	9.950661e+01
686	9.928134e+01
687	9.910157e+01
688	9.893267e+01
689	9.884707e+01
690	9.879704e+01
691	9.869164e+01
692	9.860485e+01
693	9.855681e+01
694	9.850260e+01
695	9.850985e+01
696	9.850124e+01
697	9.851164e+01
698	9.851375e+01
699	9.851967e+01
700	9.855758e+01
701	9.854587e+01
702	9.851680e+01
703	9.843279e+01
704	9.838403e+01
705	9.844763e+01
706	9.853493e+01
707	9.859989e+01
708	9.868998e+01
709	9.862813e+01
710	9.862467e+01
711	9.866286e+01
712	9.871611e+01
713	9.880667e+01
714	9.886594e+01
715	9.896258e+01
716	9.907549e+01
717	9.923515e+01
718	9.947668e+01
719	9.972823e+01
720	1.000438e+02
721	1.005232e+02
722	1.010593e+02
723	1.016161e+02
724	1.021694e+02
725	1.027187e+02
726	1.032620e+02
727	1.039373e+02
728	1.046336e+02
729	1.053691e+02
730	1.060806e+02
731	1.067876e+02
732	1.075067e+02
733	1.081643e+02
734	1.088243e+02
735	1.094803e+02
736	1.101225e+02
737	1.107129e+02
738	1.112191e+02
739	1.116632e+02
740	1.120340e+02
741	1.123633e+02
742	1.126890e+02
743	1.130490e+02
744	1.133136e+02
745	1.134945e+02
746	1.136237e+02
747	1.136387e+02
748	1.135197e+02
749	1.133002e+02
750	1.128644e+02
751	1.122284e+02
752	1.115394e+02
753	1.107556e+02
754	1.097876e+02
755	1.087665e+02
756	1.077143e+02
757	1.065746e+02
758	1.054692e+02
759	1.044064e+02
760	1.033542e+02
761	1.023214e+02
762	1.012581e+02
763	1.001788e+02
764	9.924124e+01
765	9.833493e+01
766	9.746659e+01
767	9.664897e+01
768	9.584807e+01
769	9.506257e+01
770	9.438377e+01
771	9.376739e+01
772	9.317551e+01
773	9.267303e+01
774	9.220303e+01
775	9.183284e+01
776	9.163160e+01
777	9.154824e+01
778	9.162701e+01
779	9.179442e+01
780	9.213464e+01
781	9.256934e+01
782	9.310188e+01
783	9.366937e+01
784	9.428459e+01
785	9.494901e+01
786	9.570589e+01
787	9.654196e+01
788	9.733899e+01
789	9.816906e+01
790	9.908334e+01
791	1.000831e+02
792	1.010622e+02
793	1.019485e+02
794	1.027713e+02
795	1.035263e+02
796	1.041890e+02
797	1.048024e+02
798	1.053724e+02
799	1.058627e+02
800	1.062294e+02
801	1.065123e+02
802	1.067300e+02
803	1.069009e+02
804	1.069327e+02
805	1.068817e+02
806	1.068128e+02
807	1.066633e+02
808	1.064673e+02
809	1.062079e+02
810	1.059771e+02
811	1.056927e+02
812	1.053794e+02
813	1.050582e+02
814	1.046835e+02
815	1.041744e+02
816	1.036654e+02
817	1.031579e+02
818	1.025645e+02
819	1.018846e+02
820	1.012496e+02
821	1.006072e+02
822	9.997951e+01
823	9.941054e+01
824	9.883422e+01
825	9.829811e+01
826	9.777854e+01
827	9.738115e+01
828	9.708427e+01
829	9.685278e+01
830	9.660523e+01
831	9.642563e+01
832	9.640949e+01
833	9.648041e+01
834	9.662261e+01
835	9.676891e+01
836	9.696899e+01
837	9.725045e+01
838	9.758886e+01
839	9.800504e+01
840	9.847676e+01
841	9.904182e+01
842	9.977474e+01
843	1.005841e+02
844	1.014241e+02
845	1.023402e+02
846	1.032605e+02
847	1.042951e+02
848	1.053755e+02
849	1.064737e+02
850	1.075156e+02
851	1.085187e+02
852	1.095087e+02
853	1.104882e+02
854	1.114968e+02
855	1.124333e+02
856	1.132842e+02
857	1.140522e+02
858	1.148152e+02
859	1.155123e+02
860	1.160639e+02
861	1.165244e+02
862	1.169260e+02
863	1.171663e+02
864	1.172575e+02
865	1.173266e+02
866	1.173473e+02
867	1.172088e+02
868	1.169571e+02
869	1.165197e+02
870	1.159571e+02
871	1.153197e+02
872	1.146271e+02
873	1.138302e+02
874	1.130425e+02
875	1.122093e+02
876	1.113849e+02
877	1.106215e+02
878	1.098653e+02
879	1.091877e+02
880	1.084835e+02
881	1.078427e+02
882	1.071956e+02
883	1.066433e+02
884	1.060697e+02
885	1.054860e+02
886	1.049666e+02
887	1.045232e+02
888	1.040784e+02
889	1.036641e+02
890	1.032852e+02
891	1.029452e+02
892	1.025998e+02
893	1.023695e+02
894	1.021744e+02
895	1.020070e+02
896	1.018933e+02
897	1.018841e+02
898	1.020311e+02
899	1.022834e+02
900	1.025921e+02
901	1.029336e+02
902	1.032844e+02
903	1.036598e+02
904	1.040569e+02
905	1.044496e+02
906	1.048715e+02
907	1.052979e+02
908	1.058621e+02
909	1.064575e+02
910	1.070009e+02
911	1.075801e+02
912	1.081892e+02
913	1.088365e+02
914	1.094361e+02
915	1.099689e+02
916	1.103613e+02
917	1.107015e+02
918	1.110623e+02
919	1.113376e+02
920	1.115777e+02
921	1.117649e+02
922	1.119191e+02
923	1.120111e+02
924	1.120179e+02
925	1.119128e+02
926	1.117495e+02
927	1.115807e+02
928	1.113889e+02
929	1.111171e+02
930	1.107702e+02
931	1.104599e+02
932	1.101320e+02
933	1.096843e+02
934	1.092799e+02
935	1.089122e+02
936	1.085141e+02
937	1.081506e+02
938	1.077660e+02
939	1.073241e+02
940	1.068164e+02
941	1.063841e+02
942	1.059110e+02
943	1.054947e+02
944	1.050702e+02
945	1.046872e+02
946	1.042936e+02
947	1.039478e+02
948	1.036445e+02
949	1.034079e+02
950	1.032077e+02
951	1.030603e+02
952	1.028821e+02
953	1.027481e+02
954	1.026478e+02
955	1.026497e+02
956	1.027195e+02
957	1.027796e+02
958	1.029112e+02
959	1.029720e+02
960	1.030095e+02
961	1.031063e+02
962	1.032166e+02
963	1.034339e+02
964	1.036801e+02
965	1.039675e+02
966	1.042744e+02
967	1.045760e+02
968	1.049487e+02
969	1.053717e+02
970	1.057599e+02
971	1.061461e+02
972	1.064931e+02
973	1.069575e+02
974	1.073974e+02
975	1.078143e+02
976	1.081445e+02
977	1.083793e+02
978	1.085238e+02
979	1.086479e+02
980	1.087722e+02
981	1.088961e+02
982	1.090368e+02
983	1.091651e+02
984	1.093297e+02
985	1.094493e+02
986	1.095539e+02
987	1.096757e+02
988	1.098086e+02
989	1.099692e+02
990	1.101337e+02
991	1.101703e+02
992	1.101379e+02
993	1.100857e+02
994	1.099772e+02
995	1.098571e+02
996	1.097222e+02
997	1.096012e+02
998	1.094035e+02
999	1.091697e+02
1000	1.088858e+02
1001	1.085809e+02
1002	1.082710e+02
1003	1.079945e+02
1004	1.077282e+02
1005	1.073805e+02
1006	1.070035e+02
1007	1.066480e+02
1008	1.062887e+02
1009	1.059327e+02
1010	1.056137e+02
1011	1.052924e+02
1012	1.050435e+02
1013	1.048658e+02
1014	1.047147e+02
1015	1.046209e+02
1016	1.046622e+02
1017	1.047907e+02
1018	1.050152e+02
1019	1.052909e+02
1020	1.056157e+02
1021	1.060143e+02
1022	1.064426e+02
1023	1.069461e+02
1024	1.074901e+02
1025	1.080719e+02
1026	1.086872e+02
1027	1.093201e+02
1028	1.100368e+02
1029	1.107739e+02
1030	1.115030e+02
1031	1.122593e+02
1032	1.130416e+02
1033	1.137527e+02
1034	1.143854e+02
1035	1.149508e+02
1036	1.154407e+02
1037	1.157946e+02
1038	1.161734e+02
1039	1.164085e+02
1040	1.165449e+02
1041	1.166112e+02
1042	1.165686e+02
1043	1.163429e+02
1044	1.160206e+02
1045	1.155485e+02
1046	1.150777e+02
1047	1.145339e+02
1048	1.138756e+02
1049	1.131066e+02
1050	1.122107e+02
1051	1.112870e+02
1052	1.102853e+02
1053	1.092040e+02
1054	1.080835e+02
1055	1.069177e+02
1056	1.058248e+02
1057	1.046842e+02
1058	1.036155e+02
1059	1.025423e+02
1060	1.014944e+02
1061	1.004846e+02
1062	9.951479e+01
1063	9.858418e+01
1064	9.771319e+01
1065	9.699579e+01
1066	9.632152e+01
1067	9.575527e+01
1068	9.517852e+01
1069	9.464470e+01
1070	9.422582e+01
1071	9.390043e+01
1072	9.368143e+01
1073	9.353750e+01
1074	9.345219e+01
1075	9.341173e+01
1076	9.347293e+01
1077	9.373343e+01
1078	9.406851e+01
1079	9.449965e+01
1080	9.513922e+01
1081	9.583994e+01
1082	9.651465e+01
1083	9.731451e+01
1084	9.812932e+01
1085	9.898233e+01
1086	9.987505e+01
1087	1.007397e+02
1088	1.016449e+02
1089	1.024399e+02
1090	1.031458e+02
1091	1.038320e+02
1092	1.044264e+02
1093	1.049020e+02
1094	1.053209e+02
1095	1.056780e+02
1096	1.059914e+02
1097	1.061611e+02
1098	1.062424e+02
1099	1.062429e+02
1100	1.062068e+02
1101	1.060585e+02
1102	1.058435e+02
1103	1.056179e+02
1104	1.053374e+02
1105	1.049429e+02
1106	1.045349e+02
1107	1.040682e+02
1108	1.035554e+02
1109	1.029996e+02
1110	1.023794e+02
1111	1.017176e+02
1112	1.010483e+02
1113	1.003653e+02
1114	9.968172e+01
1115	9.909474e+01
1116	9.848777e+01
1117	9.794575e+01
1118	9.746088e+01
1119	9.695355e+01
1120	9.654161e+01
1121	9.615875e+01
1122	9.586770e+01
1123	9.571590e+01
1124	9.562859e+01
1125	9.562581e+01
1126	9.563634e+01
1127	9.579084e+01
1128	9.606933e+01
1129	9.638228e+01
1130	9.687626e+01
1131	9.752427e+01
1132	9.820728e+01
1133	9.894575e+01
1134	9.975813e+01
1135	1.006595e+02
1136	1.014561e+02
1137	1.022866e+02
1138	1.030834e+02
1139	1.039149e+02
1140	1.047210e+02
1141	1.054317e+02
1142	1.060600e+02
1143	1.066908e+02
1144	1.072697e+02
1145	1.078219e+02
1146	1.083025e+02
1147	1.086292e+02
1148	1.088070e+02
1149	1.088933e+02
1150	1.089788e+02
1151	1.089780e+02
1152	1.088820e+02
1153	1.086844e+02
1154	1.083972e+02
1155	1.079425e+02
1156	1.074449e+02
1157	1.068638e+02
1158	1.062478e+02
1159	1.056254e+02
1160	1.050028e+02
1161	1.044166e+02
1162	1.038275e+02
1163	1.032206e+02
1164	1.027027e+02
1165	1.023111e+02
1166	1.020316e+02
1167	1.018534e+02
1168	1.017948e+02
1169	1.017583e+02
1170	1.017268e+02
1171	1.017341e+02
1172	1.018054e+02
1173	1.019444e+02
1174	1.022086e+02
1175	1.024927e+02
1176	1.028509e+02
1177	1.032931e+02
1178	1.037768e+02
1179	1.043116e+02
1180	1.048595e+02
1181	1.055438e+02
1182	1.062301e+02
1183	1.069467e+02
1184	1.076917e+02
1185	1.084360e+02
1186	1.092117e+02
1187	1.099950e+02
1188	1.107279e+02
1189	1.113450e+02
1190	1.119491e+02
1191	1.125109e+02
1192	1.131277e+02
1193	1.136799e+02
1194	1.141762e+02
1195	1.145562e+02
1196	1.148889e+02
1197	1.151858e+02
1198	1.153644e+02
1199	1.154631e+02
1200	1.154908e+02
1201	1.154462e+02
1202	1.153644e+02
1203	1.151363e+02
1204	1.147906e+02
1205	1.142778e+02
1206	1.136699e+02
1207	1.129569e+02
1208	1.122249e+02
1209	1.114950e+02
1210	1.107207e+02
1211	1.098748e+02
1212	1.090843e+02
1213	1.082619e+02
1214	1.074048e+02
1215	1.065755e+02
1216	1.057979e+02
1217	1.050266e+02
1218	1.043385e+02
1219	1.036936e+02
1220	1.030615e+02
1221	1.025107e+02
1222	1.020811e+02
1223	1.017400e+02
1224	1.014612e+02
1225	1.013137e+02
1226	1.012290e+02
1227	1.012275e+02
1228	1.013104e+02
1229	1.014672e+02
1230	1.017208e+02
1231	1.019960e+02
1232	1.023026e+02
1233	1.026462e+02
1234	1.030606e+02
1235	1.034871e+02
1236	1.038778e+02
1237	1.042515e+02
1238	1.046399e+02
1239	1.049995e+02
1240	1.053941e+02
1241	1.058779e+02
1242	1.063169e+02
1243	1.067253e+02
1244	1.071974e+02
1245	1.076302e+02
1246	1.080704e+02
1247	1.085162e+02
1248	1.089274e+02
1249	1.092432e+02
1250	1.094988e+02
1251	1.096899e+02
1252	1.098918e+02
1253	1.100924e+02
1254	1.103235e+02
1255	1.105130e+02
1256	1.106630e+02
1257	1.107796e+02
1258	1.108190e+02
1259	1.109001e+02
1260	1.109265e+02
1261	1.109770e+02
1262	1.109940e+02
1263	1.110202e+02
1264	1.110724e+02
1265	1.111193e+02
1266	1.111182e+02
1267	1.111032e+02
1268	1.110883e+02
1269	1.110305e+02
1270	1.109134e+02
1271	1.107618e+02
1272	1.106239e+02
1273	1.104820e+02
1274	1.104032e+02
1275	1.103236e+02
1276	1.103516e+02
1277	1.104061e+02
1278	1.104710e+02
1279	1.105481e+02
1280	1.105934e+02
1281	1.106288e+02
1282	1.106768e+02
1283	1.107671e+02
1284	1.108898e+02
1285	1.110941e+02
1286	1.113685e+02
1287	1.116100e+02
1288	1.118548e+02
1289	1.120845e+02
1290	1.123215e+02
1291	1.124955e+02
1292	1.126828e+02
1293	1.129289e+02
1294	1.130785e+02
1295	1.131802e+02
1296	1.132854e+02
1297	1.133450e+02
1298	1.133581e+02
1299	1.132989e+02
1300	1.131868e+02
1301	1.130368e+02
1302	1.128422e+02
1303	1.126382e+02
1304	1.124150e+02
1305	1.120897e+02
1306	1.117855e+02
1307	1.114798e+02
1308	1.112360e+02
1309	1.110196e+02
1310	1.107973e+02
1311	1.105710e+02
1312	1.102873e+02
1313	1.101045e+02
1314	1.098876e+02
1315	1.097563e+02
1316	1.095985e+02
1317	1.094449e+02
1318	1.092731e+02
1319	1.090151e+02
1320	1.087608e+02
1321	1.085075e+02
1322	1.082218e+02
1323	1.079290e+02
1324	1.075910e+02
1325	1.072519e+02
1326	1.068545e+02
1327	1.065013e+02
1328	1.061598e+02
1329	1.058436e+02
1330	1.055149e+02
1331	1.052555e+02
1332	1.049946e+02
1333	1.047669e+02
1334	1.045534e+02
1335	1.043548e+02
1336	1.042379e+02
1337	1.041906e+02
1338	1.041928e+02
1339	1.042284e+02
1340	1.042829e+02
1341	1.043564e+02
1342	1.044838e+02
1343	1.046238e+02
1344	1.048135e+02
1345	1.050078e+02
1346	1.052196e+02
1347	1.054043e+02
1348	1.056410e+02
1349	1.059011e+02
1350	1.062205e+02
1351	1.065959e+02
1352	1.070432e+02
1353	1.074626e+02
1354	1.078820e+02
1355	1.081723e+02
1356	1.084818e+02
1357	1.087865e+02
1358	1.091133e+02
1359	1.094274e+02
1360	1.097029e+02
1361	1.100315e+02
1362	1.103160e+02
1363	1.106341e+02
1364	1.109934e+02
1365	1.113151e+02
1366	1.115392e+02
1367	1.116772e+02
1368	1.117874e+02
1369	1.118440e+02
1370	1.119061e+02
1371	1.119759e+02
1372	1.119832e+02
1373	1.120044e+02
1374	1.119507e+02
1375	1.118713e+02
1376	1.117072e+02
1377	1.114683e+02
1378	1.111821e+02
1379	1.108475e+02
1380	1.104504e+02
1381	1.099287e+02
1382	1.094093e+02
1383	1.089595e+02
1384	1.085025e+02
1385	1.080529e+02
1386	1.075685e+02
1387	1.070843e+02
1388	1.065336e+02
1389	1.060106e+02
1390	1.054788e+02
1391	1.048802e+02
1392	1.043403e+02
1393	1.038608e+02
1394	1.033867e+02
1395	1.028783e+02
1396	1.023478e+02
1397	1.018439e+02
1398	1.013497e+02
1399	1.008751e+02
1400	1.003295e+02
1401	9.990360e+01
1402	9.948557e+01
1403	9.909039e+01
1404	9.873490e+01
1405	9.840129e+01
1406	9.813006e+01
1407	9.790773e+01
1408	9.778202e+01
1409	9.772218e+01
1410	9.778996e+01
1411	9.782518e+01
1412	9.789725e+01
1413	9.801218e+01
1414	9.825615e+01
1415	9.857508e+01
1416	9.890848e+01
1417	9.927604e+01
1418	9.965239e+01
1419	1.000783e+02
1420	1.005477e+02
1421	1.010253e+02
1422	1.014903e+02
1423	1.020884e+02
1424	1.027041e+02
1425	1.033479e+02
1426	1.040165e+02
1427	1.047146e+02
1428	1.053856e+02
1429	1.060156e+02
1430	1.066097e+02
1431	1.071058e+02
1432	1.074868e+02
1433	1.077791e+02
1434	1.080728e+02
1435	1.083679e+02
1436	1.086073e+02
1437	1.087384e+02
1438	1.088062e+02
1439	1.088313e+02
1440	1.088154e+02
1441	1.087779e+02
1442	1.087263e+02
1443	1.086479e+02
1444	1.086268e+02
1445	1.086684e+02
1446	1.087387e+02
1447	1.088872e+02
1448	1.090965e+02
1449	1.093372e+02
1450	1.095513e+02
1451	1.097713e+02
1452	1.100481e+02
1453	1.103740e+02
1454	1.106869e+02
1455	1.109455e+02
1456	1.111605e+02
1457	1.113632e+02
1458	1.115514e+02
1459	1.116957e+02
1460	1.117846e+02
1461	1.118658e+02
1462	1.119426e+02
1463	1.119148e+02
1464	1.118432e+02
1465	1.117768e+02
1466	1.116759e+02
1467	1.115250e+02
1468	1.113769e+02
1469	1.112777e+02
1470	1.111386e+02
1471	1.109234e+02
1472	1.107500e+02
1473	1.105109e+02
1474	1.102990e+02
1475	1.100732e+02
1476	1.098580e+02
1477	1.096138e+02
1478	1.093774e+02
1479	1.090781e+02
1480	1.087144e+02
1481	1.082712e+02
1482	1.077423e+02
1483	1.071875e+02
1484	1.065837e+02
1485	1.059479e+02
1486	1.052360e+02
1487	1.045525e+02
1488	1.039335e+02
1489	1.033087e+02
1490	1.026893e+02
1491	1.021237e+02
1492	1.016066e+02
1493	1.011441e+02
1494	1.006911e+02
1495	1.002130e+02
1496	9.974901e+01
1497	9.939285e+01
1498	9.910022e+01
1499	9.888733e+01
1500	9.875126e+01
1501	9.870938e+01
1502	9.872535e+01
1503	9.885042e+01
1504	9.903094e+01
1505	9.927154e+01
1506	9.957920e+01
1507	9.987444e+01
1508	1.002130e+02
1509	1.005389e+02
1510	1.009750e+02
1511	1.014726e+02
1512	1.020390e+02
1513	1.026254e+02
1514	1.033485e+02
1515	1.040581e+02
1516	1.047929e+02
1517	1.055490e+02
1518	1.063715e+02
1519	1.072787e+02
1520	1.082074e+02
1521	1.091001e+02
1522	1.100402e+02
1523	1.110345e+02
1524	1.120192e+02
1525	1.129664e+02
1526	1.139577e+02
1527	1.148803e+02
1528	1.157938e+02
1529	1.165833e+02
1530	1.173575e+02
1531	1.180636e+02
1532	1.187057e+02
1533	1.192131e+02
1534	1.196002e+02
1535	1.199004e+02
1536	1.201517e+02
1537	1.203497e+02
1538	1.204800e+02
1539	1.205059e+02
1540	1.204623e+02
1541	1.204121e+02
1542	1.203574e+02
1543	1.202921e+02
1544	1.201525e+02
1545	1.199317e+02
1546	1.196658e+02
1547	1.192732e+02
1548	1.187790e+02
1549	1.182469e+02
1550	1.177160e+02
1551	1.172076e+02
1552	1.165439e+02
1553	1.159418e+02
1554	1.152877e+02
1555	1.146046e+02
1556	1.139215e+02
1557	1.132531e+02
1558	1.124876e+02
1559	1.117775e+02
1560	1.110186e+02
1561	1.102760e+02
1562	1.095339e+02
1563	1.088257e+02
1564	1.081092e+02
1565	1.074079e+02
1566	1.066669e+02
1567	1.059758e+02
1568	1.053811e+02
1569	1.047849e+02
1570	1.041948e+02
1571	1.036422e+02
1572	1.031100e+02
1573	1.027067e+02
1574	1.022919e+02
1575	1.019570e+02
1576	1.016310e+02
1577	1.014429e+02
1578	1.012899e+02
1579	1.011362e+02
1580	1.010355e+02
1581	1.008752e+02
1582	1.007809e+02
1583	1.008229e+02
1584	1.009024e+02
1585	1.010743e+02
1586	1.013285e+02
1587	1.015991e+02
1588	1.018804e+02
1589	1.021270e+02
1590	1.023566e+02
1591	1.025428e+02
1592	1.026521e+02
1593	1.027688e+02
1594	1.028612e+02
1595	1.029642e+02
1596	1.030100e+02
1597	1.030632e+02
1598	1.030245e+02
1599	1.030007e+02
1600	1.029653e+02
1601	1.029064e+02
1602	1.028792e+02
1603	1.029010e+02
1604	1.029868e+02
1605	1.031076e+02
1606	1.032554e+02
1607	1.034043e+02
1608	1.035920e+02
1609	1.037526e+02
1610	1.038689e+02
1611	1.039402e+02
1612	1.040373e+02
1613	1.040878e+02
1614	1.041497e+02
1615	1.041684e+02
1616	1.042045e+02
1617	1.041982e+02
1618	1.042176e+02
1619	1.042167e+02
1620	1.042711e+02
1621	1.042836e+02
1622	1.043325e+02
1623	1.044722e+02
1624	1.046411e+02
1625	1.048213e+02
1626	1.050403e+02
1627	1.052919e+02
1628	1.055391e+02
1629	1.058366e+02
1630	1.061437e+02
1631	1.064750e+02
1632	1.067833e+02
1633	1.070683e+02
1634	1.073459e+02
1635	1.075361e+02
1636	1.076868e+02
1637	1.078809e+02
1638	1.080620e+02
1639	1.081340e+02
1640	1.081388e+02
1641	1.081329e+02
1642	1.081943e+02
1643	1.082656e+02
1644	1.083115e+02
1645	1.083772e+02
1646	1.085163e+02
1647	1.086847e+02
1648	1.088517e+02
1649	1.089888e+02
1650	1.089936e+02
1651	1.090710e+02
1652	1.091735e+02
1653	1.092465e+02
1654	1.092835e+02
1655	1.092276e+02
1656	1.091788e+02
1657	1.090974e+02
1658	1.091006e+02
1659	1.090476e+02
1660	1.089769e+02
1661	1.088362e+02
1662	1.086148e+02
1663	1.083516e+02
1664	1.080940e+02
1665	1.077960e+02
1666	1.075600e+02
1667	1.073530e+02
1668	1.071723e+02
1669	1.070788e+02
1670	1.069227e+02
1671	1.066898e+02
1672	1.064347e+02
1673	1.060973e+02
1674	1.058836e+02
1675	1.056589e+02
1676	1.054539e+02
1677	1.052951e+02
1678	1.051768e+02
1679	1.050614e+02
1680	1.048782e+02
1681	1.046506e+02
1682	1.043444e+02
1683	1.040352e+02
1684	1.035798e+02
1685	1.031637e+02
1686	1.027438e+02
1687	1.023146e+02
1688	1.019167e+02
1689	1.015908e+02
1690	1.013612e+02
1691	1.011733e+02
1692	1.009369e+02
1693	1.006766e+02
1694	1.004772e+02
1695	1.004111e+02
1696	1.004402e+02
1697	1.005301e+02
1698	1.006635e+02
1699	1.008739e+02
1700	1.010119e+02
1701	1.011372e+02
1702	1.012995e+02
1703	1.015258e+02
1704	1.017397e+02
1705	1.019937e+02
1706	1.022912e+02
1707	1.026759e+02
1708	1.029496e+02
1709	1.032054e+02
1710	1.034579e+02
1711	1.036663e+02
1712	1.039108e+02
1713	1.042453e+02
1714	1.046239e+02
1715	1.049870e+02
1716	1.054063e+02
1717	1.058300e+02
1718	1.062985e+02
1719	1.067505e+02
1720	1.072180e+02
1721	1.076734e+02
1722	1.080901e+02
1723	1.084934e+02
1724	1.088361e+02
1725	1.091870e+02
1726	1.095733e+02
1727	1.099491e+02
1728	1.103091e+02
1729	1.106123e+02
1730	1.108867e+02
1731	1.111064e+02
1732	1.112820e+02
1733	1.114106e+02
1734	1.114406e+02
1735	1.113562e+02
1736	1.112492e+02
1737	1.111820e+02
1738	1.111491e+02
1739	1.110404e+02
1740	1.109126e+02
1741	1.107536e+02
1742	1.106199e+02
1743	1.104674e+02
1744	1.102512e+02
1745	1.100431e+02
1746	1.097880e+02
1747	1.094818e+02
1748	1.091127e+02
1749	1.087742e+02
1750	1.084662e+02
1751	1.082364e+02
1752	1.080771e+02
1753	1.078532e+02
1754	1.076954e+02
1755	1.075681e+02
1756	1.074932e+02
1757	1.074487e+02
1758	1.074430e+02
1759	1.074636e+02
1760	1.075791e+02
1761	1.077710e+02
1762	1.079824e+02
1763	1.082261e+02
1764	1.084942e+02
1765	1.087948e+02
1766	1.091488e+02
1767	1.094713e+02
1768	1.097759e+02
1769	1.100586e+02
1770	1.102058e+02
1771	1.102313e+02
1772	1.102208e+02
1773	1.101343e+02
1774	1.100164e+02
1775	1.098460e+02
1776	1.096681e+02
1777	1.095117e+02
1778	1.093243e+02
1779	1.090528e+02
1780	1.087437e+02
1781	1.083989e+02
1782	1.079417e+02
1783	1.075394e+02
1784	1.071008e+02
1785	1.067856e+02
1786	1.063797e+02
1787	1.059279e+02
1788	1.054527e+02
1789	1.049825e+02
1790	1.044614e+02
1791	1.038981e+02
1792	1.033842e+02
1793	1.028481e+02
1794	1.023713e+02
1795	1.018824e+02
1796	1.015065e+02
1797	1.011844e+02
1798	1.009453e+02
1799	1.007480e+02
1800	1.006645e+02
1801	1.007308e+02
1802	1.008326e+02
1803	1.010478e+02
1804	1.013811e+02
1805	1.017911e+02
1806	1.022617e+02
1807	1.027586e+02
1808	1.033592e+02
1809	1.040714e+02
1810	1.047931e+02
1811	1.055215e+02
1812	1.063752e+02
1813	1.072384e+02
1814	1.081731e+02
1815	1.091362e+02
1816	1.100815e+02
1817	1.109447e+02
1818	1.117494e+02
1819	1.125429e+02
1820	1.133458e+02
1821	1.141838e+02
1822	1.149870e+02
1823	1.156656e+02
1824	1.162823e+02
1825	1.168914e+02
1826	1.174397e+02
1827	1.179722e+02
1828	1.183948e+02
1829	1.187139e+02
1830	1.189699e+02
1831	1.190450e+02
1832	1.190691e+02
1833	1.189332e+02
1834	1.186982e+02
1835	1.182956e+02
1836	1.177512e+02
1837	1.169910e+02
1838	1.161539e+02
1839	1.152231e+02
1840	1.141910e+02
1841	1.131059e+02
1842	1.120031e+02
1843	1.109478e+02
1844	1.099333e+02
1845	1.089740e+02
1846	1.080310e+02
1847	1.070902e+02
1848	1.063229e+02
1849	1.055689e+02
1850	1.049159e+02
1851	1.043638e+02
1852	1.038869e+02
1853	1.034952e+02
1854	1.031430e+02
1855	1.028558e+02
1856	1.025558e+02
1857	1.023831e+02
1858	1.022943e+02
1859	1.022989e+02
1860	1.023844e+02
1861	1.025210e+02
1862	1.027249e+02
1863	1.028806e+02
1864	1.030669e+02
1865	1.033238e+02
1866	1.035970e+02
1867	1.039682e+02
1868	1.044211e+02
1869	1.048640e+02
1870	1.052817e+02
1871	1.057695e+02
1872	1.061564e+02
1873	1.065322e+02
1874	1.067414e+02
1875	1.068036e+02
1876	1.068679e+02
1877	1.068814e+02
1878	1.068512e+02
1879	1.067731e+02
1880	1.066486e+02
1881	1.063943e+02
1882	1.061503e+02
1883	1.059099e+02
1884	1.056471e+02
1885	1.053286e+02
1886	1.049486e+02
1887	1.045110e+02
1888	1.039879e+02
1889	1.034011e+02
1890	1.027304e+02
1891	1.019347e+02
1892	1.011450e+02
1893	1.003379e+02
1894	9.963791e+01
1895	9.908512e+01
1896	9.858951e+01
1897	9.797350e+01
1898	9.738047e+01
1899	9.691993e+01
1900	9.653226e+01
1901	9.623371e+01
1902	9.609374e+01
1903	9.606340e+01
1904	9.610638e+01
1905	9.624761e+01
1906	9.650623e+01
1907	9.691482e+01
1908	9.739111e+01
1909	9.795974e+01
1910	9.869274e+01
1911	9.957944e+01
1912	1.005335e+02
1913	1.015570e+02
1914	1.025729e+02
1915	1.036460e+02
1916	1.047444e+02
1917	1.058488e+02
1918	1.069228e+02
1919	1.079826e+02
1920	1.089708e+02
1921	1.099740e+02
1922	1.108979e+02
1923	1.117250e+02
1924	1.125166e+02
1925	1.132692e+02
1926	1.139503e+02
1927	1.145153e+02
1928	1.149875e+02
1929	1.153658e+02
1930	1.156508e+02
1931	1.158906e+02
1932	1.160447e+02
1933	1.161454e+02
1934	1.161337e+02
1935	1.159719e+02
1936	1.155881e+02
1937	1.150912e+02
1938	1.145525e+02
1939	1.139108e+02
1940	1.131651e+02
1941	1.122831e+02
1942	1.113717e+02
1943	1.104487e+02
1944	1.094563e+02
1945	1.083826e+02
1946	1.073312e+02
1947	1.063391e+02
1948	1.053769e+02
1949	1.045091e+02
1950	1.036235e+02
1951	1.027654e+02
1952	1.020125e+02
1953	1.013114e+02
1954	1.005963e+02
1955	9.998856e+01
1956	9.949611e+01
1957	9.899585e+01
1958	9.858275e+01
1959	9.824920e+01
1960	9.810588e+01
1961	9.805373e+01
1962	9.812140e+01
1963	9.825309e+01
1964	9.843356e+01
1965	9.874893e+01
1966	9.907732e+01
1967	9.945831e+01
1968	9.981801e+01
1969	1.000944e+02
1970	1.003914e+02
1971	1.006760e+02
1972	1.010105e+02
1973	1.012328e+02
1974	1.014455e+02
1975	1.016876e+02
1976	1.018850e+02
1977	1.020486e+02
1978	1.023065e+02
1979	1.024939e+02
1980	1.026799e+02
1981	1.029018e+02
1982	1.030804e+02
1983	1.033043e+02
1984	1.034710e+02
1985	1.036824e+02
1986	1.038075e+02
1987	1.038799e+02
1988	1.040219e+02
1989	1.041273e+02
1990	1.042330e+02
1991	1.043271e+02
1992	1.044338e+02
1993	1.045903e+02
1994	1.046929e+02
1995	1.047962e+02
1996	1.048987e+02
1997	1.050844e+02
1998	1.052343e+02
1999	1.054464e+02
2000	1.056847e+02
2001	1.059583e+02
2002	1.062748e+02
2003	1.065691e+02
2004	1.069043e+02
2005	1.072922e+02
2006	1.077567e+02
2007	1.082646e+02
2008	1.087972e+02
2009	1.092271e+02
2010	1.095755e+02
2011	1.099328e+02
2012	1.101790e+02
2013	1.103989e+02
2014	1.105201e+02
2015	1.105653e+02
2016	1.104722e+02
2017	1.103388e+02
2018	1.101635e+02
2019	1.100398e+02
2020	1.098370e+02
2021	1.096110e+02
2022	1.093372e+02
2023	1.090217e+02
2024	1.086321e+02
2025	1.081849e+02
2026	1.076828e+02
2027	1.071494e+02
2028	1.066273e+02
2029	1.061321e+02
2030	1.055662e+02
2031	1.048917e+02
2032	1.041596e+02
2033	1.033559e+02
2034	1.025530e+02
2035	1.017859e+02
2036	1.010318e+02
2037	1.001801e+02
2038	9.933760e+01
2039	9.850222e+01
2040	9.767903e+01
2041	9.684051e+01
2042	9.605990e+01
2043	9.535543e+01
2044	9.476973e+01
2045	9.428514e+01
2046	9.382820e+01
2047	9.350106e+01
2048	9.321516e+01
2049	9.307338e+01
2050	9.300353e+01
2051	9.305412e+01
2052	9.314948e+01
2053	9.333243e+01
2054	9.367727e+01
2055	9.421404e+01
2056	9.489289e+01
2057	9.569209e+01
2058	9.659339e+01
2059	9.750068e+01
2060	9.842499e+01
2061	9.939337e+01
2062	1.003247e+02
2063	1.013087e+02
2064	1.022708e+02
2065	1.032328e+02
2066	1.041169e+02
2067	1.049587e+02
2068	1.058256e+02
2069	1.066231e+02
2070	1.073732e+02
2071	1.080092e+02
2072	1.085937e+02
2073	1.092013e+02
2074	1.096343e+02
2075	1.099888e+02
2076	1.102801e+02
2077	1.105083e+02
2078	1.106046e+02
2079	1.106830e+02
2080	1.106654e+02
2081	1.105626e+02
2082	1.104035e+02
2083	1.102051e+02
2084	1.099984e+02
2085	1.097922e+02
2086	1.095803e+02
2087	1.093666e+02
2088	1.090980e+02
2089	1.088518e+02
2090	1.085719e+02
2091	1.082491e+02
2092	1.079560e+02
2093	1.076327e+02
2094	1.072330e+02
2095	1.068919e+02
2096	1.066288e+02
2097	1.064118e+02
2098	1.061525e+02
2099	1.059617e+02
2100	1.058163e+02
2101	1.057077e+02
2102	1.056196e+02
2103	1.056787e+02
2104	1.057803e+02
2105	1.059663e+02
2106	1.061536e+02
2107	1.063408e+02
2108	1.066615e+02
2109	1.070185e+02
2110	1.073055e+02
2111	1.076118e+02
2112	1.079482e+02
2113	1.082256e+02
2114	1.084624e+02
2115	1.087496e+02
2116	1.089923e+02
2117	1.092614e+02
2118	1.093940e+02
2119	1.094366e+02
2120	1.094717e+02
2121	1.094859e+02
2122	1.094384e+02
2123	1.093483e+02
2124	1.092397e+02
2125	1.091080e+02
2126	1.088568e+02
2127	1.085700e+02
2128	1.081755e+02
2129	1.076786e+02
2130	1.071526e+02
2131	1.065931e+02
2132	1.059452e+02
2133	1.053825e+02
2134	1.048307e+02
2135	1.042732e+02
2136	1.037773e+02
2137	1.033347e+02
2138	1.029286e+02
2139	1.025648e+02
2140	1.022922e+02
2141	1.021012e+02
2142	1.019726e+02
2143	1.019252e+02
2144	1.019460e+02
2145	1.019597e+02
2146	1.020237e+02
2147	1.021950e+02
2148	1.023977e+02
2149	1.026578e+02
2150	1.029800e+02
2151	1.033571e+02
2152	1.037621e+02
2153	1.041785e+02
2154	1.045712e+02
2155	1.049833e+02
2156	1.055058e+02
2157	1.060021e+02
2158	1.065336e+02
2159	1.071078e+02
2160	1.077179e+02
2161	1.083020e+02
2162	1.088884e+02
2163	1.095014e+02
2164	1.100931e+02
2165	1.107853e+02
2166	1.114396e+02
2167	1.121055e+02
2168	1.127204e+02
2169	1.133056e+02
2170	1.137973e+02
2171	1.142134e+02
2172	1.145301e+02
2173	1.147501e+02
2174	1.149113e+02
2175	1.149650e+02
2176	1.149082e+02
2177	1.147687e+02
2178	1.145781e+02
2179	1.143590e+02
2180	1.140322e+02
2181	1.136371e+02
2182	1.132502e+02
2183	1.128719e+02
2184	1.124892e+02
2185	1.120610e+02
2186	1.115574e+02
2187	1.110029e+02
2188	1.104270e+02
2189	1.098089e+02
2190	1.092530e+02
2191	1.087189e+02
2192	1.081972e+02
2193	1.076998e+02
2194	1.072432e+02
2195	1.067216e+02
2196	1.062682e+02
2197	1.058600e+02
2198	1.054820e+02
2199	1.051044e+02
2200	1.047980e+02
2201	1.044793e+02
2202	1.042304e+02
2203	1.039123e+02
2204	1.035744e+02
2205	1.031972e+02
2206	1.027735e+02
2207	1.023045e+02
2208	1.018316e+02
2209	1.013659e+02
2210	1.009410e+02
2211	1.006378e+02
2212	1.003357e+02
2213	1.000701e+02
2214	9.979309e+01
2215	9.958993e+01
2216	9.940640e+01
2217	9.929502e+01
2218	9.916345e+01
2219	9.910595e+01
2220	9.915182e+01
2221	9.913497e+01
2222	9.912810e+01
2223	9.915403e+01
2224	9.918471e+01
2225	9.916460e+01
2226	9.916295e+01
2227	9.921394e+01
2228	9.930479e+01
2229	9.945365e+01
2230	9.962100e+01
2231	9.988479e+01
2232	1.001783e+02
2233	1.005279e+02
2234	1.008823e+02
2235	1.012574e+02
2236	1.017441e+02
2237	1.022938e+02
2238	1.028310e+02
2239	1.033488e+02
2240	1.038793e+02
2241	1.044355e+02
2242	1.050104e+02
2243	1.056032e+02
2244	1.061682e+02
2245	1.067043e+02
2246	1.071404e+02
2247	1.075001e+02
2248	1.078497e+02
2249	1.082442e+02
2250	1.085848e+02
2251	1.089033e+02
2252	1.092402e+02
2253	1.095450e+02
2254	1.098340e+02
2255	1.101601e+02
2256	1.105360e+02
2257	1.109001e+02
2258	1.113366e+02
2259	1.117283e+02
2260	1.121530e+02
2261	1.125924e+02
2262	1.130217e+02
2263	1.135275e+02
2264	1.139290e+02
2265	1.142973e+02
2266	1.146993e+02
2267	1.150753e+02
2268	1.154671e+02
2269	1.158465e+02
2270	1.161353e+02
2271	1.162607e+02
2272	1.163258e+02
2273	1.162751e+02
2274	1.161960e+02
2275	1.160575e+02
2276	1.158436e+02
2277	1.155341e+02
2278	1.151051e+02
2279	1.146115e+02
2280	1.140577e+02
2281	1.133767e+02
2282	1.126932e+02
2283	1.119205e+02
2284	1.110873e+02
2285	1.101746e+02
2286	1.092221e+02
2287	1.082510e+02
2288	1.073084e+02
2289	1.063793e+02
2290	1.053677e+02
2291	1.043584e+02
2292	1.033773e+02
2293	1.025110e+02
2294	1.017103e+02
2295	1.010008e+02
2296	1.004211e+02
2297	9.987360e+01
2298	9.939776e+01
2299	9.904506e+01
2300	9.877441e+01
2301	9.860841e+01
2302	9.851989e+01
2303	9.842441e+01
2304	9.849819e+01
2305	9.862213e+01
2306	9.884527e+01
2307	9.910871e+01
2308	9.941183e+01
2309	9.971325e+01
2310	1.000532e+02
2311	1.003871e+02
2312	1.007595e+02
2313	1.011017e+02
2314	1.014113e+02
2315	1.017852e+02
2316	1.022288e+02
2317	1.026559e+02
2318	1.030560e+02
2319	1.034182e+02
2320	1.037983e+02
2321	1.042322e+02
2322	1.046975e+02
2323	1.052075e+02
2324	1.057866e+02
2325	1.063930e+02
2326	1.069402e+02
2327	1.074129e+02
2328	1.078902e+02
2329	1.083513e+02
2330	1.088793e+02
2331	1.093439e+02
2332	1.097207e+02
2333	1.100782e+02
2334	1.104060e+02
2335	1.106194e+02
2336	1.107505e+02
2337	1.107910e+02
2338	1.108457e+02
2339	1.108920e+02
2340	1.108722e+02
2341	1.108586e+02
2342	1.107754e+02
2343	1.106728e+02
2344	1.105174e+02
2345	1.103363e+02
2346	1.101243e+02
2347	1.099335e+02
2348	1.097133e+02
2349	1.095147e+02
2350	1.093666e+02
2351	1.092802e+02
2352	1.092649e+02
2353	1.092715e+02
2354	1.092851e+02
2355	1.092165e+02
2356	1.091624e+02
2357	1.091033e+02
2358	1.090202e+02
2359	1.089189e+02
2360	1.088272e+02
2361	1.087712e+02
2362	1.087802e+02
2363	1.088121e+02
2364	1.087999e+02
2365	1.087914e+02
2366	1.087984e+02
2367	1.088467e+02
2368	1.089771e+02
2369	1.091220e+02
2370	1.092536e+02
2371	1.093754e+02
2372	1.094809e+02
2373	1.095784e+02
2374	1.096656e+02
2375	1.097807e+02
2376	1.098942e+02
2377	1.100638e+02
2378	1.102136e+02
2379	1.102950e+02
2380	1.103886e+02
2381	1.103566e+02
2382	1.103200e+02
2383	1.102323e+02
2384	1.100676e+02
2385	1.098403e+02
2386	1.095677e+02
2387	1.092839e+02
2388	1.089758e+02
2389	1.086837e+02
2390	1.083473e+02
2391	1.080048e+02
2392	1.076321e+02
2393	1.072525e+02
2394	1.068893e+02
2395	1.066604e+02
2396	1.065140e+02
2397	1.063579e+02
2398	1.061753e+02
2399	1.060314e+02
2400	1.057838e+02
2401	1.054988e+02
2402	1.052534e+02
2403	1.050471e+02
2404	1.049098e+02
2405	1.048441e+02
2406	1.047604e+02
2407	1.046081e+02
2408	1.044497e+02
2409	1.042579e+02
2410	1.041044e+02
2411	1.039388e+02
2412	1.037945e+02
2413	1.037136e+02
2414	1.036032e+02
2415	1.035243e+02
2416	1.034775e+02
2417	1.034511e+02
2418	1.035130e+02
2419	1.037227e+02
2420	1.039998e+02
2421	1.042940e+02
2422	1.045262e+02
2423	1.047750e+02
2424	1.050625e+02
2425	1.052876e+02
2426	1.055872e+02
2427	1.059040e+02
2428	1.061753e+02
2429	1.063960e+02
2430	1.065885e+02
2431	1.067958e+02
2432	1.069938e+02
2433	1.070571e+02
2434	1.071236e+02
2435	1.071904e+02
2436	1.072746e+02
2437	1.073414e+02
2438	1.074015e+02
2439	1.073211e+02
2440	1.072450e+02
2441	1.071918e+02
2442	1.070745e+02
2443	1.069132e+02
2444	1.066530e+02
2445	1.063801e+02
2446	1.060531e+02
2447	1.056652e+02
2448	1.052687e+02
2449	1.049023e+02
2450	1.044871e+02
2451	1.041459e+02
2452	1.038270e+02
2453	1.034583e+02
2454	1.030408e+02
2455	1.026858e+02
2456	1.023847e+02
2457	1.021370e+02
2458	1.018778e+02
2459	1.017722e+02
2460	1.017248e+02
2461	1.016711e+02
2462	1.016588e+02
2463	1.016663e+02
2464	1.017490e+02
2465	1.019356e+02
2466	1.021669e+02
2467	1.024345e+02
2468	1.027496e+02
2469	1.031458e+02
2470	1.035754e+02
2471	1.040931e+02
2472	1.045677e+02
2473	1.050704e+02
2474	1.056160e+02
2475	1.061399e+02
2476	1.067729e+02
2477	1.073154e+02
2478	1.078398e+02
2479	1.083624e+02
2480	1.087836e+02
2481	1.092406e+02
2482	1.096755e+02
2483	1.100599e+02
2484	1.103800e+02
2485	1.107083e+02
2486	1.110417e+02
2487	1.113799e+02
2488	1.116531e+02
2489	1.118877e+02
2490	1.121510e+02
2491	1.123268e+02
2492	1.124879e+02
2493	1.126419e+02
2494	1.127000e+02
2495	1.126508e+02
2496	1.125768e+02
2497	1.124364e+02
2498	1.122184e+02
2499	1.119390e+02
2500	1.115998e+02
2501	1.111844e+02
2502	1.107987e+02
2503	1.103600e+02
2504	1.097935e+02
2505	1.091484e+02
2506	1.084163e+02
2507	1.076491e+02
2508	1.069307e+02
2509	1.061695e+02
2510	1.053899e+02
2511	1.046112e+02
2512	1.038078e+02
2513	1.030425e+02
2514	1.023743e+02
2515	1.016964e+02
2516	1.011048e+02
2517	1.006079e+02
2518	1.002610e+02
2519	9.992282e+01
2520	9.965299e+01
2521	9.941848e+01
2522	9.921703e+01
2523	9.910229e+01
2524	9.905512e+01
2525	9.899673e+01
2526	9.899376e+01
2527	9.916665e+01
2528	9.943546e+01
2529	9.966772e+01
2530	9.998998e+01
2531	1.002948e+02
2532	1.006479e+02
2533	1.010611e+02
2534	1.015427e+02
2535	1.020994e+02
2536	1.026914e+02
2537	1.032009e+02
2538	1.036590e+02
2539	1.041375e+02
2540	1.045416e+02
2541	1.049658e+02
2542	1.053854e+02
2543	1.058481e+02
2544	1.062958e+02
2545	1.066944e+02
2546	1.070577e+02
2547	1.073334e+02
2548	1.075600e+02
2549	1.078062e+02
2550	1.079262e+02
2551	1.080891e+02
2552	1.082084e+02
2553	1.082749e+02
2554	1.082468e+02
2555	1.082818e+02
2556	1.083118e+02
2557	1.083080e+02
2558	1.082031e+02
2559	1.080938e+02
2560	1.079404e+02
2561	1.077667e+02
2562	1.075677e+02
2563	1.073937e+02
2564	1.071514e+02
2565	1.069426e+02
2566	1.067504e+02
2567	1.065589e+02
2568	1.063531e+02
2569	1.062230e+02
2570	1.061841e+02
2571	1.062980e+02
2572	1.064381e+02
2573	1.065970e+02
2574	1.068319e+02
2575	1.071643e+02
2576	1.074444e+02
2577	1.077039e+02
2578	1.079405e+02
2579	1.081965e+02
2580	1.085343e+02
2581	1.089497e+02
2582	1.094344e+02
2583	1.100086e+02
2584	1.106603e+02
2585	1.114559e+02
2586	1.122974e+02
2587	1.130915e+02
2588	1.139135e+02
2589	1.147604e+02
2590	1.155989e+02
2591	1.164687e+02
2592	1.172425e+02
2593	1.178903e+02
2594	1.185189e+02
2595	1.189840e+02
2596	1.193683e+02
2597	1.196098e+02
2598	1.198397e+02
2599	1.200027e+02
2600	1.200593e+02
2601	1.200030e+02
2602	1.199434e+02
2603	1.197767e+02
2604	1.195691e+02
2605	1.192452e+02
2606	1.188516e+02
2607	1.183475e+02
2608	1.177374e+02
2609	1.171320e+02
2610	1.165049e+02
2611	1.157182e+02
2612	1.149259e+02
2613	1.141129e+02
2614	1.132929e+02
2615	1.124658e+02
2616	1.116350e+02
2617	1.107897e+02
2618	1.099297e+02
2619	1.091093e+02
2620	1.084030e+02
2621	1.076912e+02
2622	1.069417e+02
2623	1.062588e+02
2624	1.056035e+02
2625	1.050199e+02
2626	1.044037e+02
2627	1.038107e+02
2628	1.032214e+02
2629	1.026753e+02
2630	1.022131e+02
2631	1.018658e+02
2632	1.014792e+02
2633	1.010829e+02
2634	1.007057e+02
2635	1.004198e+02
2636	1.001312e+02
2637	9.982784e+01
2638	9.963088e+01
2639	9.948192e+01
2640	9.931073e+01
2641	9.916537e+01
2642	9.905889e+01
2643	9.902599e+01
2644	9.906039e+01
2645	9.914449e+01
2646	9.924224e+01
2647	9.939407e+01
2648	9.965925e+01
2649	1.000486e+02
2650	1.004918e+02
2651	1.010072e+02
2652	1.015395e+02
2653	1.021684e+02
2654	1.027753e+02
2655	1.033845e+02
2656	1.039827e+02
2657	1.045125e+02
2658	1.049306e+02
2659	1.053119e+02
2660	1.056466e+02
2661	1.059189e+02
2662	1.061460e+02
2663	1.063915e+02
2664	1.065883e+02
2665	1.068168e+02
2666	1.070401e+02
2667	1.072737e+02
2668	1.074801e+02
2669	1.076860e+02
2670	1.079277e+02
2671	1.082587e+02
2672	1.085994e+02
2673	1.089834e+02
2674	1.093701e+02
2675	1.098074e+02
2676	1.102191e+02
2677	1.106412e+02
2678	1.111258e+02
2679	1.115917e+02
2680	1.121128e+02
2681	1.127482e+02
2682	1.133847e+02
2683	1.140518e+02
2684	1.146482e+02
2685	1.152341e+02
2686	1.157563e+02
2687	1.163226e+02
2688	1.169045e+02
2689	1.175612e+02
2690	1.181759e+02
2691	1.187611e+02
2692	1.193559e+02
2693	1.200342e+02
2694	1.206032e+02
2695	1.211168e+02
2696	1.215786e+02
2697	1.219930e+02
2698	1.222451e+02
2699	1.224054e+02
2700	1.223759e+02
2701	1.222090e+02
2702	1.219905e+02
2703	1.216995e+02
2704	1.212962e+02
2705	1.208472e+02
2706	1.203221e+02
2707	1.197463e+02
2708	1.190178e+02
2709	1.182521e+02
2710	1.174207e+02
2711	1.165936e+02
2712	1.156804e+02
2713	1.146766e+02
2714	1.136933e+02
2715	1.126698e+02
2716	1.115741e+02
2717	1.104151e+02
2718	1.092724e+02
2719	1.080762e+02
2720	1.068722e+02
2721	1.057240e+02
2722	1.045334e+02
2723	1.033659e+02
2724	1.023432e+02
2725	1.013555e+02
2726	1.004240e+02
2727	9.961640e+01
2728	9.894326e+01
2729	9.834694e+01
2730	9.783089e+01
2731	9.751600e+01
2732	9.732025e+01
2733	9.729225e+01
2734	9.731700e+01
2735	9.756490e+01
2736	9.799187e+01
2737	9.842987e+01
2738	9.900899e+01
2739	9.969744e+01
2740	1.005698e+02
2741	1.015156e+02
2742	1.024919e+02
2743	1.035020e+02
2744	1.045804e+02
2745	1.057617e+02
2746	1.068601e+02
2747	1.079306e+02
2748	1.089363e+02
2749	1.099324e+02
2750	1.108596e+02
2751	1.116771e+02
2752	1.123219e+02
2753	1.128644e+02
2754	1.133343e+02
2755	1.137919e+02
2756	1.141027e+02
2757	1.142957e+02
2758	1.143925e+02
2759	1.143843e+02
2760	1.143608e+02
2761	1.142856e+02
2762	1.141501e+02
2763	1.139315e+02
2764	1.137242e+02
2765	1.134205e+02
2766	1.130678e+02
2767	1.127357e+02
2768	1.123830e+02
2769	1.120596e+02
2770	1.117116e+02
2771	1.113489e+02
2772	1.109222e+02
2773	1.105477e+02
2774	1.101984e+02
2775	1.099198e+02
2776	1.095560e+02
2777	1.092436e+02
2778	1.089152e+02
2779	1.086737e+02
2780	1.084467e+02
2781	1.081717e+02
2782	1.078210e+02
2783	1.074035e+02
2784	1.070171e+02
2785	1.067078e+02
2786	1.064903e+02
2787	1.062070e+02
2788	1.060295e+02
2789	1.058653e+02
2790	1.056530e+02
2791	1.054263e+02
2792	1.051914e+02
2793	1.049695e+02
2794	1.047630e+02
2795	1.045873e+02
2796	1.043493e+02
2797	1.041458e+02
2798	1.038812e+02
2799	1.035102e+02
2800	1.032736e+02
2801	1.030782e+02
2802	1.028756e+02
2803	1.026338e+02
2804	1.024383e+02
2805	1.024029e+02
2806	1.023433e+02
2807	1.022447e+02
2808	1.020984e+02
2809	1.019300e+02
2810	1.017446e+02
2811	1.016155e+02
2812	1.014666e+02
2813	1.013820e+02
2814	1.013649e+02
2815	1.013466e+02
2816	1.014029e+02
2817	1.015459e+02
2818	1.016885e+02
2819	1.019465e+02
2820	1.022544e+02
2821	1.026327e+02
2822	1.030571e+02
2823	1.036152e+02
2824	1.041836e+02
2825	1.048487e+02
2826	1.055105e+02
2827	1.062530e+02
2828	1.069454e+02
2829	1.075336e+02
2830	1.081166e+02
2831	1.086769e+02
2832	1.091731e+02
2833	1.096775e+02
2834	1.101646e+02
2835	1.106344e+02
2836	1.111552e+02
2837	1.115969e+02
2838	1.119553e+02
2839	1.122396e+02
2840	1.125142e+02
2841	1.127592e+02
2842	1.129700e+02
2843	1.131967e+02
2844	1.134230e+02
2845	1.136897e+02
2846	1.139120e+02
2847	1.140801e+02
2848	1.140898e+02
2849	1.140369e+02
2850	1.139155e+02
2851	1.137598e+02
2852	1.135333e+02
2853	1.132294e+02
2854	1.129198e+02
2855	1.126115e+02
2856	1.122333e+02
2857	1.118472e+02
2858	1.114181e+02
2859	1.110043e+02
2860	1.106679e+02
2861	1.103309e+02
2862	1.100874e+02
2863	1.098454e+02
2864	1.096605e+02
2865	1.094932e+02
2866	1.093271e+02
2867	1.091499e+02
2868	1.089676e+02
2869	1.086050e+02
2870	1.082308e+02
2871	1.078392e+02
2872	1.075058e+02
2873	1.071824e+02
2874	1.069132e+02
2875	1.066075e+02
2876	1.062329e+02
2877	1.059627e+02
2878	1.057108e+02
2879	1.055249e+02
2880	1.053481e+02
2881	1.051876e+02
2882	1.050803e+02
2883	1.051006e+02
2884	1.052240e+02
2885	1.053691e+02
2886	1.055454e+02
2887	1.057981e+02
2888	1.060655e+02
2889	1.063355e+02
2890	1.065374e+02
2891	1.068157e+02
2892	1.071022e+02
2893	1.074534e+02
2894	1.077803e+02
2895	1.081428e+02
2896	1.084713e+02
2897	1.087512e+02
2898	1.089480e+02
2899	1.091925e+02
2900	1.094116e+02
2901	1.096333e+02
2902	1.099688e+02
2903	1.103272e+02
2904	1.106267e+02
2905	1.109550e+02
2906	1.112407e+02
2907	1.114701e+02
2908	1.116872e+02
2909	1.119182e+02
2910	1.120184e+02
2911	1.120333e+02
2912	1.120084e+02
2913	1.119711e+02
2914	1.118906e+02
2915	1.118422e+02
2916	1.117921e+02
2917	1.117701e+02
2918	1.117909e+02
2919	1.118437e+02
2920	1.119219e+02
2921	1.120600e+02
2922	1.122390e+02
2923	1.123773e+02
2924	1.125455e+02
2925	1.127048e+02
2926	1.128850e+02
2927	1.130360e+02
2928	1.132400e+02
2929	1.133828e+02
2930	1.134944e+02
2931	1.135734e+02
2932	1.136083e+02
2933	1.136297e+02
2934	1.136288e+02
2935	1.135756e+02
2936	1.135404e+02
2937	1.134737e+02
2938	1.133326e+02
2939	1.131917e+02
2940	1.129448e+02
2941	1.126798e+02
2942	1.124676e+02
2943	1.123263e+02
2944	1.122013e+02
2945	1.120683e+02
2946	1.119589e+02
2947	1.118765e+02
2948	1.118741e+02
2949	1.119338e+02
2950	1.120293e+02
2951	1.121252e+02
2952	1.122824e+02
2953	1.124179e+02
2954	1.125311e+02
2955	1.126573e+02
2956	1.127383e+02
2957	1.128610e+02
2958	1.129639e+02
2959	1.130683e+02
2960	1.131725e+02
2961	1.132709e+02
2962	1.133332e+02
2963	1.134103e+02
2964	1.134741e+02
2965	1.135431e+02
2966	1.136716e+02
2967	1.138606e+02
2968	1.140675e+02
2969	1.142391e+02
2970	1.143781e+02
2971	1.144846e+02
2972	1.145752e+02
2973	1.146905e+02
2974	1.148085e+02
2975	1.149145e+02
2976	1.149251e+02
2977	1.149514e+02
2978	1.149382e+02
2979	1.148888e+02
2980	1.147250e+02
2981	1.145632e+02
2982	1.143168e+02
2983	1.140939e+02
2984	1.138629e+02
2985	1.136955e+02
2986	1.135665e+02
2987	1.134632e+02
2988	1.132945e+02
2989	1.131066e+02
2990	1.129226e+02
2991	1.128064e+02
2992	1.127308e+02
2993	1.126937e+02
2994	1.126202e+02
2995	1.125295e+02
2996	1.123747e+02
2997	1.121823e+02
2998	1.119925e+02
2999	1.118713e+02
3000	1.117237e+02
3001	1.115236e+02
3002	1.112912e+02
3003	1.109539e+02
3004	1.105544e+02
3005	1.102003e+02
3006	1.099286e+02
3007	1.096427e+02
3008	1.093286e+02
3009	1.089675e+02
3010	1.085995e+02
3011	1.083291e+02
3012	1.080891e+02
3013	1.079067e+02
3014	1.077655e+02
3015	1.076361e+02
3016	1.075455e+02
3017	1.074484e+02
3018	1.073925e+02
3019	1.072961e+02
3020	1.072120e+02
3021	1.072520e+02
3022	1.073052e+02
3023	1.074065e+02
3024	1.074470e+02
3025	1.074867e+02
3026	1.075043e+02
3027	1.076227e+02
3028	1.077845e+02
3029	1.079337e+02
3030	1.081019e+02
3031	1.082881e+02
3032	1.085208e+02
3033	1.088584e+02
3034	1.093334e+02
3035	1.098251e+02
3036	1.104215e+02
3037	1.109717e+02
3038	1.114841e+02
3039	1.120411e+02
3040	1.125405e+02
3041	1.130514e+02
3042	1.134801e+02
3043	1.138684e+02
3044	1.142267e+02
3045	1.145562e+02
3046	1.149295e+02
3047	1.151966e+02
3048	1.154477e+02
3049	1.157031e+02
3050	1.159283e+02
3051	1.160700e+02
3052	1.162221e+02
3053	1.163308e+02
3054	1.163789e+02
3055	1.163953e+02
3056	1.163210e+02
3057	1.161805e+02
3058	1.159605e+02
3059	1.156651e+02
3060	1.153751e+02
3061	1.151821e+02
3062	1.149921e+02
3063	1.148272e+02
3064	1.147331e+02
3065	1.146671e+02
3066	1.145688e+02
3067	1.145389e+02
3068	1.145269e+02
3069	1.144459e+02
3070	1.143026e+02
3071	1.141316e+02
3072	1.139538e+02
3073	1.137172e+02
3074	1.135462e+02
3075	1.134384e+02
3076	1.133613e+02
3077	1.132078e+02
3078	1.131061e+02
3079	1.130275e+02
3080	1.129054e+02
3081	1.128466e+02
3082	1.128142e+02
3083	1.128323e+02
3084	1.128236e+02
3085	1.128147e+02
3086	1.126943e+02
3087	1.125337e+02
3088	1.123029e+02
3089	1.120172e+02
3090	1.116414e+02
3091	1.112834e+02
3092	1.108458e+02
3093	1.103433e+02
3094	1.097550e+02
3095	1.091848e+02
3096	1.084946e+02
3097	1.078217e+02
3098	1.070860e+02
3099	1.063365e+02
3100	1.055164e+02
3101	1.047117e+02
3102	1.039547e+02
3103	1.032007e+02
3104	1.026126e+02
3105	1.021372e+02
3106	1.017756e+02
3107	1.015239e+02
3108	1.012863e+02
3109	1.011047e+02
3110	1.009233e+02
3111	1.007392e+02
3112	1.006641e+02
3113	1.006074e+02
3114	1.006421e+02
3115	1.007041e+02
3116	1.008898e+02
3117	1.011310e+02
3118	1.014156e+02
3119	1.016855e+02
3120	1.020872e+02
3121	1.025285e+02
3122	1.029517e+02
3123	1.034395e+02
3124	1.039412e+02
3125	1.044674e+02
3126	1.050278e+02
3127	1.056654e+02
3128	1.062573e+02
3129	1.067682e+02
3130	1.072532e+02
3131	1.077243e+02
3132	1.081976e+02
3133	1.086263e+02
3134	1.090940e+02
3135	1.095128e+02
3136	1.099331e+02
3137	1.103364e+02
3138	1.107336e+02
3139	1.111357e+02
3140	1.114544e+02
3141	1.117129e+02
3142	1.119365e+02
3143	1.120565e+02
3144	1.121356e+02
3145	1.121459e+02
3146	1.122024e+02
3147	1.121492e+02
3148	1.120403e+02
3149	1.119710e+02
3150	1.119377e+02
3151	1.118410e+02
3152	1.118146e+02
3153	1.117420e+02
3154	1.117138e+02
3155	1.116275e+02
3156	1.115322e+02
3157	1.113740e+02
3158	1.112148e+02
3159	1.110623e+02
3160	1.109300e+02
3161	1.108296e+02
3162	1.106485e+02
3163	1.105217e+02
3164	1.104471e+02
3165	1.103175e+02
3166	1.101694e+02
3167	1.099925e+02
3168	1.098358e+02
3169	1.097055e+02
3170	1.095695e+02
3171	1.094207e+02
3172	1.092514e+02
3173	1.090194e+02
3174	1.086665e+02
3175	1.082860e+02
3176	1.078868e+02
3177	1.075041e+02
3178	1.070953e+02
3179	1.066245e+02
3180	1.061038e+02
3181	1.055131e+02
3182	1.049212e+02
3183	1.043625e+02
3184	1.037475e+02
3185	1.031629e+02
3186	1.025734e+02
3187	1.020047e+02
3188	1.014176e+02
3189	1.008507e+02
3190	1.002654e+02
3191	9.976943e+01
3192	9.938033e+01
3193	9.913953e+01
3194	9.908008e+01
3195	9.912998e+01
3196	9.929169e+01
3197	9.952535e+01
3198	9.981941e+01
3199	1.000909e+02
3200	1.004109e+02
3201	1.007821e+02
3202	1.012102e+02
3203	1.016569e+02
3204	1.022775e+02
3205	1.030129e+02
3206	1.038606e+02
3207	1.048101e+02
3208	1.057932e+02
3209	1.068116e+02
3210	1.079473e+02
3211	1.090072e+02
3212	1.101036e+02
3213	1.111502e+02
3214	1.121607e+02
3215	1.131195e+02
3216	1.140940e+02
3217	1.150852e+02
3218	1.160656e+02
3219	1.169788e+02
3220	1.177539e+02
3221	1.184165e+02
3222	1.190690e+02
3223	1.196905e+02
3224	1.202173e+02
3225	1.206177e+02
3226	1.208990e+02
3227	1.210895e+02
3228	1.211168e+02
3229	1.210322e+02
3230	1.207864e+02
3231	1.204454e+02
3232	1.200618e+02
3233	1.196820e+02
3234	1.193269e+02
3235	1.190066e+02
3236	1.185750e+02
3237	1.180815e+02
3238	1.175587e+02
3239	1.170263e+02
3240	1.164845e+02
3241	1.158901e+02
3242	1.153056e+02
3243	1.147958e+02
3244	1.142980e+02
3245	1.137430e+02
3246	1.131783e+02
3247	1.125911e+02
3248	1.120403e+02
3249	1.114019e+02
3250	1.107566e+02
3251	1.101258e+02
3252	1.095409e+02
3253	1.089711e+02
3254	1.084107e+02
3255	1.078637e+02
3256	1.074448e+02
3257	1.070932e+02
3258	1.068138e+02
3259	1.065978e+02
3260	1.063685e+02
3261	1.061689e+02
3262	1.059931e+02
3263	1.059007e+02
3264	1.058871e+02
3265	1.059334e+02
3266	1.060239e+02
3267	1.061231e+02
3268	1.062196e+02
3269	1.064261e+02
3270	1.067212e+02
3271	1.071282e+02
3272	1.076197e+02
3273	1.081403e+02
3274	1.087319e+02
3275	1.093533e+02
3276	1.100009e+02
3277	1.107029e+02
3278	1.114526e+02
3279	1.122526e+02
3280	1.130716e+02
3281	1.137858e+02
3282	1.144714e+02
3283	1.151536e+02
3284	1.157379e+02
3285	1.163126e+02
3286	1.169045e+02
3287	1.173527e+02
3288	1.177575e+02
3289	1.181283e+02
3290	1.184187e+02
3291	1.186663e+02
3292	1.188866e+02
3293	1.190201e+02
3294	1.191054e+02
3295	1.191669e+02
3296	1.191147e+02
3297	1.189944e+02
3298	1.188973e+02
3299	1.188106e+02
3300	1.187335e+02
3301	1.185940e+02
3302	1.184696e+02
3303	1.183559e+02
3304	1.182978e+02
3305	1.182554e+02
3306	1.181836e+02
3307	1.181082e+02
3308	1.179581e+02
3309	1.177761e+02
3310	1.176388e+02
3311	1.175120e+02
3312	1.173414e+02
3313	1.171313e+02
3314	1.169328e+02
3315	1.166659e+02
3316	1.164561e+02
3317	1.162021e+02
3318	1.159883e+02
3319	1.158465e+02
3320	1.156452e+02
3321	1.154018e+02
3322	1.151414e+02
3323	1.149552e+02
3324	1.147773e+02
3325	1.145062e+02
3326	1.142301e+02
3327	1.138767e+02
3328	1.134944e+02
3329	1.130744e+02
3330	1.126328e+02
3331	1.122170e+02
3332	1.117895e+02
3333	1.112749e+02
3334	1.107191e+02
3335	1.100307e+02
3336	1.093374e+02
3337	1.086719e+02
3338	1.079750e+02
3339	1.073459e+02
3340	1.067263e+02
3341	1.061248e+02
3342	1.056091e+02
3343	1.051014e+02
3344	1.045178e+02
3345	1.039906e+02
3346	1.034658e+02
3347	1.029721e+02
3348	1.024948e+02
3349	1.021128e+02
3350	1.016962e+02
3351	1.013522e+02
3352	1.010177e+02
3353	1.007641e+02
3354	1.005319e+02
3355	1.004599e+02
3356	1.004016e+02
3357	1.004197e+02
3358	1.004333e+02
3359	1.005249e+02
3360	1.007159e+02
3361	1.010284e+02
3362	1.013144e+02
3363	1.016908e+02
3364	1.022045e+02
3365	1.027769e+02
3366	1.034739e+02
3367	1.042840e+02
3368	1.051279e+02
3369	1.060152e+02
3370	1.069772e+02
3371	1.079555e+02
3372	1.089123e+02
3373	1.098718e+02
3374	1.107623e+02
3375	1.116588e+02
3376	1.124976e+02
3377	1.132639e+02
3378	1.139718e+02
3379	1.147399e+02
3380	1.154748e+02
3381	1.161291e+02
3382	1.166683e+02
3383	1.171125e+02
3384	1.175831e+02
3385	1.179738e+02
3386	1.182721e+02
3387	1.185054e+02
3388	1.186843e+02
3389	1.187971e+02
3390	1.188759e+02
3391	1.188283e+02
3392	1.187179e+02
3393	1.186573e+02
3394	1.184483e+02
3395	1.181668e+02
3396	1.177969e+02
3397	1.174117e+02
3398	1.169497e+02
3399	1.164354e+02
3400	1.158898e+02
3401	1.153335e+02
3402	1.147868e+02
3403	1.142457e+02
3404	1.137048e+02
3405	1.132107e+02
3406	1.128014e+02
3407	1.122712e+02
3408	1.117689e+02
3409	1.113058e+02
3410	1.108629e+02
3411	1.104311e+02
3412	1.100911e+02
3413	1.098352e+02
3414	1.095722e+02
3415	1.092719e+02
3416	1.090021e+02
3417	1.088110e+02
3418	1.086947e+02
3419	1.085817e+02
3420	1.084530e+02
3421	1.083268e+02
3422	1.082212e+02
3423	1.080254e+02
3424	1.077628e+02
3425	1.074872e+02
3426	1.072227e+02
3427	1.069592e+02
3428	1.067011e+02
3429	1.065406e+02
3430	1.063939e+02
3431	1.062525e+02
3432	1.061160e+02
3433	1.059465e+02
3434	1.058173e+02
3435	1.056854e+02
3436	1.055198e+02
3437	1.053680e+02
3438	1.051124e+02
3439	1.048811e+02
3440	1.047712e+02
3441	1.047047e+02
3442	1.046795e+02
3443	1.047261e+02
3444	1.048369e+02
3445	1.049637e+02
3446	1.050918e+02
3447	1.052449e+02
3448	1.055225e+02
3449	1.058863e+02
3450	1.063486e+02
3451	1.069079e+02
3452	1.075243e+02
3453	1.081541e+02
3454	1.088539e+02
3455	1.095246e+02
3456	1.102496e+02
3457	1.109414e+02
3458	1.116439e+02
3459	1.123952e+02
3460	1.131892e+02
3461	1.139792e+02
3462	1.146942e+02
3463	1.153195e+02
3464	1.158759e+02
3465	1.163687e+02
3466	1.168265e+02
3467	1.172656e+02
3468	1.176643e+02
3469	1.180414e+02
3470	1.183779e+02
3471	1.185976e+02
3472	1.187257e+02
3473	1.188243e+02
3474	1.188358e+02
3475	1.187550e+02
3476	1.186043e+02
3477	1.184671e+02
3478	1.183350e+02
3479	1.182005e+02
3480	1.180274e+02
3481	1.177968e+02
3482	1.174959e+02
3483	1.171947e+02
3484	1.167690e+02
3485	1.163107e+02
3486	1.158436e+02
3487	1.154108e+02
3488	1.149919e+02
3489	1.146797e+02
3490	1.144378e+02
3491	1.141572e+02
3492	1.138835e+02
3493	1.136552e+02
3494	1.134566e+02
3495	1.133263e+02
3496	1.132642e+02
3497	1.132761e+02
3498	1.133684e+02
3499	1.134803e+02
3500	1.136820e+02
3501	1.138530e+02
3502	1.141180e+02
3503	1.143508e+02
3504	1.144917e+02
3505	1.145571e+02
3506	1.146337e+02
3507	1.146913e+02
3508	1.146954e+02
3509	1.146795e+02
3510	1.147321e+02
3511	1.148288e+02
3512	1.148260e+02
3513	1.147170e+02
3514	1.146188e+02
3515	1.145535e+02
3516	1.143957e+02
3517	1.142196e+02
3518	1.139631e+02
3519	1.136763e+02
3520	1.134149e+02
3521	1.132201e+02
3522	1.129355e+02
3523	1.126764e+02
3524	1.123388e+02
3525	1.118723e+02
3526	1.113550e+02
3527	1.107903e+02
3528	1.101544e+02
3529	1.094980e+02
3530	1.088773e+02
3531	1.081681e+02
3532	1.074489e+02
3533	1.067169e+02
3534	1.059677e+02
3535	1.053215e+02
3536	1.047331e+02
3537	1.042397e+02
3538	1.039345e+02
3539	1.037283e+02
3540	1.036565e+02
3541	1.037310e+02
3542	1.038058e+02
3543	1.040509e+02
3544	1.043599e+02
3545	1.047239e+02
3546	1.051410e+02
3547	1.056481e+02
3548	1.062528e+02
3549	1.069326e+02
3550	1.076381e+02
3551	1.084054e+02
3552	1.091802e+02
3553	1.099319e+02
3554	1.106599e+02
3555	1.114488e+02
3556	1.121249e+02
3557	1.127367e+02
3558	1.132889e+02
3559	1.137896e+02
3560	1.142591e+02
3561	1.146598e+02
3562	1.149998e+02
3563	1.153584e+02
3564	1.156443e+02
3565	1.159339e+02
3566	1.162503e+02
3567	1.165535e+02
3568	1.167701e+02
3569	1.169186e+02
3570	1.169609e+02
3571	1.168876e+02
3572	1.167341e+02
3573	1.164027e+02
3574	1.159513e+02
3575	1.153789e+02
3576	1.147304e+02
3577	1.140252e+02
3578	1.131694e+02
3579	1.122467e+02
3580	1.113316e+02
3581	1.103428e+02
3582	1.093106e+02
3583	1.082359e+02
3584	1.071032e+02
3585	1.060136e+02
3586	1.048812e+02
3587	1.037118e+02
3588	1.026029e+02
3589	1.015453e+02
3590	1.005225e+02
3591	9.952491e+01
3592	9.853529e+01
3593	9.763510e+01
3594	9.685749e+01
3595	9.613391e+01
3596	9.551668e+01
3597	9.493987e+01
3598	9.445066e+01
3599	9.415777e+01
3600	9.402860e+01
3601	9.407534e+01
3602	9.426528e+01
3603	9.460804e+01
3604	9.510184e+01
3605	9.572070e+01
3606	9.647475e+01
3607	9.733523e+01
3608	9.822482e+01
3609	9.925875e+01
3610	1.003325e+02
3611	1.014016e+02
3612	1.025799e+02
3613	1.038050e+02
3614	1.050413e+02
3615	1.061979e+02
3616	1.073004e+02
3617	1.083467e+02
3618	1.092388e+02
3619	1.100831e+02
3620	1.108487e+02
3621	1.115811e+02
3622	1.122328e+02
3623	1.127596e+02
3624	1.131113e+02
3625	1.133354e+02
3626	1.134772e+02
3627	1.135621e+02
3628	1.136912e+02
3629	1.138135e+02
3630	1.139379e+02
3631	1.139409e+02
3632	1.139279e+02
3633	1.139200e+02
3634	1.138934e+02
3635	1.138265e+02
3636	1.137950e+02
3637	1.137073e+02
3638	1.136010e+02
3639	1.134415e+02
3640	1.131950e+02
3641	1.129891e+02
3642	1.126960e+02
3643	1.124521e+02
3644	1.122197e+02
3645	1.119543e+02
3646	1.118118e+02
3647	1.117133e+02
3648	1.116574e+02
3649	1.116667e+02
3650	1.117254e+02
3651	1.118159e+02
3652	1.118628e+02
3653	1.118566e+02
3654	1.118692e+02
3655	1.119681e+02
3656	1.120131e+02
3657	1.120957e+02
3658	1.121453e+02
3659	1.123273e+02
3660	1.124800e+02
3661	1.126399e+02
3662	1.127250e+02
3663	1.128200e+02
3664	1.129347e+02
3665	1.130015e+02
3666	1.129707e+02
3667	1.128735e+02
3668	1.126998e+02
3669	1.125491e+02
3670	1.123081e+02
3671	1.120802e+02
3672	1.118049e+02
3673	1.114593e+02
3674	1.110560e+02
3675	1.105909e+02
3676	1.101376e+02
3677	1.097283e+02
3678	1.092461e+02
3679	1.087592e+02
3680	1.082247e+02
3681	1.077627e+02
3682	1.072476e+02
3683	1.066668e+02
3684	1.061523e+02
3685	1.056438e+02
3686	1.051055e+02
3687	1.046091e+02
3688	1.040988e+02
3689	1.036854e+02
3690	1.033032e+02
3691	1.028974e+02
3692	1.025746e+02
3693	1.023526e+02
3694	1.022735e+02
3695	1.022419e+02
3696	1.023050e+02
3697	1.024944e+02
3698	1.027254e+02
3699	1.029960e+02
3700	1.034425e+02
3701	1.039236e+02
3702	1.044615e+02
3703	1.050370e+02
3704	1.056803e+02
3705	1.063494e+02
3706	1.070616e+02
3707	1.078201e+02
3708	1.086080e+02
3709	1.094201e+02
3710	1.101998e+02
3711	1.109267e+02
3712	1.115929e+02
3713	1.122999e+02
3714	1.130132e+02
3715	1.136749e+02
3716	1.142694e+02
3717	1.149231e+02
3718	1.156028e+02
3719	1.162398e+02
3720	1.167459e+02
3721	1.171484e+02
3722	1.174691e+02
3723	1.178091e+02
3724	1.180754e+02
3725	1.182269e+02
3726	1.181907e+02
3727	1.180904e+02
3728	1.178888e+02
3729	1.174644e+02
3730	1.168992e+02
3731	1.162001e+02
3732	1.153926e+02
3733	1.145650e+02
3734	1.137576e+02
3735	1.129696e+02
3736	1.121920e+02
3737	1.113948e+02
3738	1.105926e+02
3739	1.098383e+02
3740	1.090544e+02
3741	1.082748e+02
3742	1.074798e+02
3743	1.067185e+02
3744	1.060417e+02
3745	1.053919e+02
3746	1.048368e+02
3747	1.042834e+02
3748	1.036753e+02
3749	1.030626e+02
3750	1.023997e+02
3751	1.017695e+02
3752	1.011775e+02
3753	1.007094e+02
3754	1.002348e+02
3755	9.987840e+01
3756	9.963651e+01
3757	9.943219e+01
3758	9.923735e+01
3759	9.906672e+01
3760	9.897978e+01
3761	9.897819e+01
3762	9.903060e+01
3763	9.909465e+01
3764	9.929570e+01
3765	9.949107e+01
3766	9.976166e+01
3767	1.000747e+02
3768	1.003826e+02
3769	1.007647e+02
3770	1.012163e+02
3771	1.017000e+02
3772	1.022678e+02
3773	1.028307e+02
3774	1.034219e+02
3775	1.039881e+02
3776	1.046586e+02
3777	1.053603e+02
3778	1.061356e+02
3779	1.070761e+02
3780	1.079516e+02
3781	1.088519e+02
3782	1.096787e+02
3783	1.104988e+02
3784	1.112421e+02
3785	1.118997e+02
3786	1.124187e+02
3787	1.129527e+02
3788	1.134673e+02
3789	1.139576e+02
3790	1.144096e+02
3791	1.147936e+02
3792	1.150860e+02
3793	1.153030e+02
3794	1.153811e+02
3795	1.153918e+02
3796	1.153162e+02
3797	1.152331e+02
3798	1.150773e+02
3799	1.148999e+02
3800	1.147303e+02
3801	1.145529e+02
3802	1.144021e+02
3803	1.142639e+02
3804	1.141142e+02
3805	1.139273e+02
3806	1.137009e+02
3807	1.136040e+02
3808	1.134646e+02
3809	1.133628e+02
3810	1.132176e+02
3811	1.130881e+02
3812	1.129221e+02
3813	1.128023e+02
3814	1.126891e+02
3815	1.125751e+02
3816	1.124639e+02
3817	1.123959e+02
3818	1.123230e+02
3819	1.123008e+02
3820	1.123467e+02
3821	1.125099e+02
3822	1.126324e+02
3823	1.127280e+02
3824	1.127248e+02
3825	1.126785e+02
3826	1.126009e+02
3827	1.124630e+02
3828	1.123034e+02
3829	1.120461e+02
3830	1.117632e+02
3831	1.114476e+02
3832	1.110068e+02
3833	1.104884e+02
3834	1.099287e+02
3835	1.092315e+02
3836	1.084679e+02
3837	1.076415e+02
3838	1.068324e+02
3839	1.059353e+02
3840	1.050077e+02
3841	1.040113e+02
3842	1.030103e+02
3843	1.019632e+02
3844	1.009962e+02
3845	1.001073e+02
3846	9.917904e+01
3847	9.839351e+01
3848	9.772017e+01
3849	9.714898e+01
3850	9.669197e+01
3851	9.633942e+01
3852	9.609692e+01
3853	9.589597e+01
3854	9.578041e+01
3855	9.580432e+01
3856	9.585795e+01
3857	9.605843e+01
3858	9.628931e+01
3859	9.664931e+01
3860	9.710574e+01
3861	9.768688e+01
3862	9.825141e+01
3863	9.893467e+01
3864	9.965717e+01
3865	1.004471e+02
3866	1.012741e+02
3867	1.022417e+02
3868	1.032258e+02
3869	1.042559e+02
3870	1.053348e+02
3871	1.064914e+02
3872	1.077181e+02
3873	1.088509e+02
3874	1.100443e+02
3875	1.112862e+02
3876	1.124222e+02
3877	1.135207e+02
3878	1.145992e+02
3879	1.155688e+02
3880	1.164715e+02
3881	1.172647e+02
3882	1.179698e+02
3883	1.185422e+02
3884	1.190474e+02
3885	1.194906e+02
3886	1.198454e+02
3887	1.201170e+02
3888	1.203270e+02
3889	1.203283e+02
3890	1.202617e+02
3891	1.201117e+02
3892	1.199823e+02
3893	1.198667e+02
3894	1.196866e+02
3895	1.194128e+02
3896	1.190623e+02
3897	1.186324e+02
3898	1.181518e+02
3899	1.175728e+02
3900	1.169340e+02
3901	1.162031e+02
3902	1.153885e+02
3903	1.145323e+02
3904	1.136256e+02
3905	1.126934e+02
3906	1.116705e+02
3907	1.106493e+02
3908	1.096355e+02
3909	1.086031e+02
3910	1.075378e+02
3911	1.064647e+02
3912	1.054557e+02
3913	1.044922e+02
3914	1.035425e+02
3915	1.026353e+02
3916	1.018317e+02
3917	1.011408e+02
3918	1.004850e+02
3919	9.988626e+01
3920	9.931557e+01
3921	9.874504e+01
3922	9.824075e+01
3923	9.780227e+01
3924	9.743060e+01
3925	9.710116e+01
3926	9.687738e+01
3927	9.675647e+01
3928	9.675926e+01
3929	9.692475e+01
3930	9.713296e+01
3931	9.745296e+01
3932	9.779857e+01
3933	9.821646e+01
3934	9.862684e+01
3935	9.908410e+01
3936	9.956990e+01
3937	1.000460e+02
3938	1.005641e+02
3939	1.010295e+02
3940	1.014978e+02
3941	1.019010e+02
3942	1.022432e+02
3943	1.025595e+02
3944	1.029143e+02
3945	1.033131e+02
3946	1.036879e+02
3947	1.040469e+02
3948	1.043450e+02
3949	1.045716e+02
3950	1.047975e+02
3951	1.050042e+02
3952	1.052169e+02
3953	1.054362e+02
3954	1.056857e+02
3955	1.059765e+02
3956	1.062853e+02
3957	1.065425e+02
3958	1.066675e+02
3959	1.068228e+02
3960	1.069081e+02
3961	1.069134e+02
3962	1.069547e+02
3963	1.069378e+02
3964	1.069984e+02
3965	1.070148e+02
3966	1.071502e+02
3967	1.073357e+02
3968	1.075783e+02
3969	1.079177e+02
3970	1.082808e+02
3971	1.087204e+02
3972	1.091805e+02
3973	1.096520e+02
3974	1.100907e+02
3975	1.105662e+02
3976	1.111445e+02
3977	1.116669e+02
3978	1.122029e+02
3979	1.127356e+02
3980	1.132285e+02
3981	1.137155e+02
3982	1.142253e+02
3983	1.147102e+02
3984	1.150748e+02
3985	1.154283e+02
3986	1.158022e+02
3987	1.160860e+02
3988	1.162523e+02
3989	1.163802e+02
3990	1.164726e+02
3991	1.164961e+02
3992	1.164499e+02
3993	1.162627e+02
3994	1.160251e+02
3995	1.157110e+02
3996	1.152770e+02
3997	1.147805e+02
3998	1.141731e+02
3999	1.134184e+02
4000	1.125941e+02
4001	1.117226e+02
4002	1.107624e+02
4003	1.097540e+02
4004	1.087079e+02
4005	1.076429e+02
4006	1.065243e+02
4007	1.054495e+02
4008	1.043396e+02
4009	1.031364e+02
4010	1.019427e+02
4011	1.008463e+02
4012	9.983328e+01
4013	9.893663e+01
4014	9.806860e+01
4015	9.717110e+01
4016	9.634462e+01
4017	9.560997e+01
4018	9.500849e+01
4019	9.451543e+01
4020	9.416087e+01
4021	9.390623e+01
4022	9.383198e+01
4023	9.389423e+01
4024	9.407743e+01
4025	9.434540e+01
4026	9.476688e+01
4027	9.532423e+01
4028	9.599434e+01
4029	9.688284e+01
4030	9.790571e+01
4031	9.906916e+01
4032	1.003624e+02
4033	1.017218e+02
4034	1.030945e+02
4035	1.044713e+02
4036	1.057904e+02
4037	1.070829e+02
4038	1.083592e+02
4039	1.096722e+02
4040	1.108988e+02
4041	1.120462e+02
4042	1.130891e+02
4043	1.140845e+02
4044	1.150353e+02
4045	1.158763e+02
4046	1.166482e+02
4047	1.173456e+02
4048	1.179949e+02
4049	1.185657e+02
4050	1.190590e+02
4051	1.194218e+02
4052	1.196490e+02
4053	1.197129e+02
4054	1.196979e+02
4055	1.195803e+02
4056	1.193312e+02
4057	1.189238e+02
4058	1.183654e+02
4059	1.176914e+02
4060	1.169702e+02
4061	1.161761e+02
4062	1.153770e+02
4063	1.145633e+02
4064	1.137464e+02
4065	1.129287e+02
4066	1.121033e+02
4067	1.112807e+02
4068	1.104737e+02
4069	1.096894e+02
4070	1.089218e+02
4071	1.081213e+02
4072	1.073488e+02
4073	1.066375e+02
4074	1.059151e+02
4075	1.052966e+02
4076	1.047417e+02
4077	1.042074e+02
4078	1.038082e+02
4079	1.034822e+02
4080	1.032785e+02
4081	1.031484e+02
4082	1.030310e+02
4083	1.029488e+02
4084	1.028852e+02
4085	1.029508e+02
4086	1.030317e+02
4087	1.031321e+02
4088	1.032264e+02
4089	1.034450e+02
4090	1.037614e+02
4091	1.040826e+02
4092	1.044113e+02
4093	1.046705e+02
4094	1.049344e+02
4095	1.050815e+02
4096	1.051743e+02
4097	1.052419e+02
4098	1.052864e+02
4099	1.053501e+02
4100	1.053043e+02
4101	1.052175e+02
4102	1.050622e+02
4103	1.048357e+02
4104	1.045348e+02
4105	1.042013e+02
4106	1.038174e+02
4107	1.034047e+02
4108	1.029909e+02
4109	1.026162e+02
4110	1.022946e+02
4111	1.020023e+02
4112	1.016937e+02
4113	1.013976e+02
4114	1.010975e+02
4115	1.007846e+02
4116	1.005897e+02
4117	1.004769e+02
4118	1.004248e+02
4119	1.004618e+02
4120	1.005642e+02
4121	1.006941e+02
4122	1.009166e+02
4123	1.012747e+02
4124	1.016554e+02
4125	1.021246e+02
4126	1.026312e+02
4127	1.032679e+02
4128	1.039169e+02
4129	1.045860e+02
4130	1.052664e+02
4131	1.060544e+02
4132	1.068846e+02
4133	1.077288e+02
4134	1.085759e+02
4135	1.094576e+02
4136	1.103876e+02
4137	1.113735e+02
4138	1.123504e+02
4139	1.133666e+02
4140	1.143369e+02
4141	1.152369e+02
4142	1.161310e+02
4143	1.169772e+02
4144	1.177610e+02
4145	1.184890e+02
4146	1.191565e+02
4147	1.197409e+02
4148	1.202050e+02
4149	1.205304e+02
4150	1.207471e+02
4151	1.208543e+02
4152	1.208836e+02
4153	1.207805e+02
4154	1.205969e+02
4155	1.202857e+02
4156	1.198563e+02
4157	1.192408e+02
4158	1.185797e+02
4159	1.178283e+02
4160	1.170754e+02
4161	1.163955e+02
4162	1.156611e+02
4163	1.148150e+02
4164	1.139452e+02
4165	1.131383e+02
4166	1.123965e+02
4167	1.116067e+02
4168	1.107619e+02
4169	1.099612e+02
4170	1.091644e+02
4171	1.083756e+02
4172	1.076992e+02
4173	1.070773e+02
4174	1.064398e+02
4175	1.059199e+02
4176	1.053685e+02
4177	1.047644e+02
4178	1.042628e+02
4179	1.039100e+02
4180	1.036367e+02
4181	1.033544e+02
4182	1.031335e+02
4183	1.029028e+02
4184	1.026851e+02
4185	1.025312e+02
4186	1.024899e+02
4187	1.024406e+02
4188	1.024136e+02
4189	1.025406e+02
4190	1.027535e+02
4191	1.029455e+02
4192	1.031066e+02
4193	1.033364e+02
4194	1.036134e+02
4195	1.039000e+02
4196	1.042128e+02
4197	1.046008e+02
4198	1.050813e+02
4199	1.055612e+02
4200	1.060553e+02
4201	1.065720e+02
4202	1.071742e+02
4203	1.078243e+02
4204	1.085089e+02
4205	1.092239e+02
4206	1.099495e+02
4207	1.106054e+02
4208	1.112241e+02
4209	1.117792e+02
4210	1.123120e+02
4211	1.128286e+02
4212	1.132983e+02
4213	1.136985e+02
4214	1.141064e+02
4215	1.144893e+02
4216	1.148854e+02
4217	1.152487e+02
4218	1.155954e+02
4219	1.157762e+02
4220	1.158267e+02
4221	1.157613e+02
4222	1.155508e+02
4223	1.153238e+02
4224	1.150198e+02
4225	1.146843e+02
4226	1.143579e+02
4227	1.139799e+02
4228	1.135528e+02
4229	1.130944e+02
4230	1.125740e+02
4231	1.120287e+02
4232	1.114736e+02
4233	1.107882e+02
4234	1.101800e+02
4235	1.095764e+02
4236	1.090157e+02
4237	1.085021e+02
4238	1.080023e+02
4239	1.075281e+02
4240	1.070047e+02
4241	1.064460e+02
4242	1.059532e+02
4243	1.054352e+02
4244	1.049392e+02
4245	1.043374e+02
4246	1.036683e+02
4247	1.029967e+02
4248	1.023497e+02
4249	1.017606e+02
4250	1.012146e+02
4251	1.006576e+02
4252	1.000334e+02
4253	9.947170e+01
4254	9.898212e+01
4255	9.851387e+01
4256	9.811929e+01
4257	9.775322e+01
4258	9.739449e+01
4259	9.707805e+01
4260	9.676481e+01
4261	9.652624e+01
4262	9.630238e+01
4263	9.607515e+01
4264	9.582200e+01
4265	9.564807e+01
4266	9.556997e+01
4267	9.550304e+01
4268	9.547089e+01
4269	9.553693e+01
4270	9.556521e+01
4271	9.563065e+01
4272	9.568682e+01
4273	9.573511e+01
4274	9.584200e+01
4275	9.598256e+01
4276	9.612983e+01
4277	9.630528e+01
4278	9.649789e+01
4279	9.661256e+01
4280	9.680540e+01
4281	9.704330e+01
4282	9.729938e+01
4283	9.753207e+01
4284	9.780159e+01
4285	9.811423e+01
4286	9.844631e+01
4287	9.881230e+01
4288	9.919587e+01
4289	9.959058e+01
4290	9.998011e+01
4291	1.004336e+02
4292	1.009544e+02
4293	1.015739e+02
4294	1.022677e+02
4295	1.030251e+02
4296	1.038204e+02
4297	1.047188e+02
4298	1.056494e+02
4299	1.065910e+02
4300	1.075967e+02
4301	1.086554e+02
4302	1.097987e+02
4303	1.108736e+02
4304	1.119791e+02
4305	1.130414e+02
4306	1.140409e+02
4307	1.149844e+02
4308	1.159817e+02
4309	1.169320e+02
4310	1.177982e+02
4311	1.186882e+02
4312	1.195616e+02
4313	1.203781e+02
4314	1.211301e+02
4315	1.218442e+02
4316	1.224499e+02
4317	1.229732e+02
4318	1.233527e+02
4319	1.235977e+02
4320	1.236804e+02
4321	1.235882e+02
4322	1.233334e+02
4323	1.229709e+02
4324	1.224463e+02
4325	1.217488e+02
4326	1.208462e+02
4327	1.197795e+02
4328	1.185807e+02
4329	1.173000e+02
4330	1.157922e+02
4331	1.141959e+02
4332	1.124732e+02
4333	1.106997e+02
4334	1.088921e+02
4335	1.070800e+02
4336	1.052565e+02
4337	1.035500e+02
4338	1.018546e+02
4339	1.002152e+02
4340	9.870685e+01
4341	9.729251e+01
4342	9.595963e+01
4343	9.478673e+01
4344	9.374759e+01
4345	9.284622e+01
4346	9.211130e+01
4347	9.141014e+01
4348	9.078259e+01
4349	9.027043e+01
4350	8.990370e+01
4351	8.961575e+01
4352	8.948570e+01
4353	8.951728e+01
4354	8.979581e+01
4355	9.020743e+01
4356	9.079786e+01
4357	9.157409e+01
4358	9.244181e+01
4359	9.337750e+01
4360	9.430308e+01
4361	9.532283e+01
4362	9.639191e+01
4363	9.747046e+01
4364	9.854960e+01
4365	9.969790e+01
4366	1.008912e+02
4367	1.020091e+02
4368	1.030827e+02
4369	1.040411e+02
4370	1.048886e+02
4371	1.056061e+02
4372	1.062099e+02
4373	1.067677e+02
4374	1.072592e+02
4375	1.075943e+02
4376	1.078710e+02
4377	1.080598e+02
4378	1.081839e+02
4379	1.082152e+02
4380	1.082347e+02
4381	1.082685e+02
4382	1.082723e+02
4383	1.081983e+02
4384	1.080065e+02
4385	1.077440e+02
4386	1.074274e+02
4387	1.070195e+02
4388	1.065801e+02
4389	1.061010e+02
4390	1.056451e+02
4391	1.052981e+02
4392	1.049876e+02
4393	1.047414e+02
4394	1.044967e+02
4395	1.043269e+02
4396	1.041819e+02
4397	1.041406e+02
4398	1.042049e+02
4399	1.043400e+02
4400	1.046056e+02
4401	1.049380e+02
4402	1.052842e+02
4403	1.056557e+02
4404	1.060523e+02
4405	1.065551e+02
4406	1.070872e+02
4407	1.076754e+02
4408	1.082647e+02
4409	1.088388e+02
4410	1.093842e+02
4411	1.099287e+02
4412	1.105349e+02
4413	1.111635e+02
4414	1.117295e+02
4415	1.122658e+02
4416	1.127689e+02
4417	1.132226e+02
4418	1.135625e+02
4419	1.138087e+02
4420	1.140268e+02
4421	1.142083e+02
4422	1.143665e+02
4423	1.144066e+02
4424	1.144281e+02
4425	1.143752e+02
4426	1.142740e+02
4427	1.140497e+02
4428	1.136856e+02
4429	1.132043e+02
4430	1.126291e+02
4431	1.118904e+02
4432	1.110855e+02
4433	1.101768e+02
4434	1.091277e+02
4435	1.080703e+02
4436	1.070534e+02
4437	1.060830e+02
4438	1.051627e+02
4439	1.042709e+02
4440	1.034686e+02
4441	1.027668e+02
4442	1.021313e+02
4443	1.014929e+02
4444	1.009307e+02
4445	1.004767e+02
4446	1.001447e+02
4447	9.988854e+01
4448	9.974207e+01
4449	9.960706e+01
4450	9.954570e+01
4451	9.954817e+01
4452	9.960551e+01
4453	9.972708e+01
4454	9.991773e+01
4455	1.001074e+02
4456	1.003675e+02
4457	1.007522e+02
4458	1.011418e+02
4459	1.016084e+02
4460	1.021141e+02
4461	1.026933e+02
4462	1.033228e+02
4463	1.039845e+02
4464	1.046415e+02
4465	1.052902e+02
4466	1.058944e+02
4467	1.064903e+02
4468	1.070206e+02
4469	1.075916e+02
4470	1.081817e+02
4471	1.088318e+02
4472	1.094825e+02
4473	1.100746e+02
4474	1.106407e+02
4475	1.111492e+02
4476	1.116677e+02
4477	1.120825e+02
4478	1.123785e+02
4479	1.126831e+02
4480	1.128657e+02
4481	1.129290e+02
4482	1.129840e+02
4483	1.129131e+02
4484	1.127951e+02
4485	1.126142e+02
4486	1.123089e+02
4487	1.118935e+02
4488	1.115011e+02
4489	1.111106e+02
4490	1.107091e+02
4491	1.102427e+02
4492	1.097629e+02
4493	1.092458e+02
4494	1.087206e+02
4495	1.081596e+02
4496	1.075572e+02
4497	1.069305e+02
4498	1.062980e+02
4499	1.055792e+02
4500	1.048663e+02
4501	1.041469e+02
4502	1.034727e+02
4503	1.028695e+02
4504	1.023708e+02
4505	1.019110e+02
4506	1.015328e+02
4507	1.012202e+02
4508	1.010470e+02
4509	1.009127e+02
4510	1.007373e+02
4511	1.006630e+02
4512	1.007076e+02
4513	1.008700e+02
4514	1.010556e+02
4515	1.013182e+02
4516	1.016026e+02
4517	1.020128e+02
4518	1.024736e+02
4519	1.029357e+02
4520	1.034250e+02
4521	1.039104e+02
4522	1.043754e+02
4523	1.048512e+02
4524	1.052610e+02
4525	1.056936e+02
4526	1.061134e+02
4527	1.065989e+02
4528	1.070962e+02
4529	1.075514e+02
4530	1.079643e+02
4531	1.083393e+02
4532	1.087427e+02
4533	1.090558e+02
4534	1.093344e+02
4535	1.095892e+02
4536	1.098286e+02
4537	1.100494e+02
4538	1.102530e+02
4539	1.104423e+02
4540	1.105892e+02
4541	1.106792e+02
4542	1.107326e+02
4543	1.107535e+02
4544	1.106701e+02
4545	1.105126e+02
4546	1.102858e+02
4547	1.099804e+02
4548	1.096262e+02
4549	1.092392e+02
4550	1.088806e+02
4551	1.085691e+02
4552	1.082941e+02
4553	1.079897e+02
4554	1.077206e+02
4555	1.074548e+02
4556	1.072281e+02
4557	1.071156e+02
4558	1.070135e+02
4559	1.069285e+02
4560	1.068915e+02
4561	1.067900e+02
4562	1.067612e+02
4563	1.067503e+02
4564	1.068166e+02
4565	1.068210e+02
4566	1.069185e+02
4567	1.069903e+02
4568	1.070524e+02
4569	1.071369e+02
4570	1.072223e+02
4571	1.073804e+02
4572	1.076126e+02
4573	1.079046e+02
4574	1.082539e+02
4575	1.085759e+02
4576	1.088387e+02
4577	1.091066e+02
4578	1.094060e+02
4579	1.096600e+02
4580	1.099161e+02
4581	1.100663e+02
4582	1.101522e+02
4583	1.102048e+02
4584	1.101774e+02
4585	1.101182e+02
4586	1.100568e+02
4587	1.099873e+02
4588	1.099981e+02
4589	1.099847e+02
4590	1.099775e+02
4591	1.099432e+02
4592	1.099381e+02
4593	1.097833e+02
4594	1.096678e+02
4595	1.095892e+02
4596	1.095766e+02
4597	1.096310e+02
4598	1.096979e+02
4599	1.097975e+02
4600	1.099510e+02
4601	1.101381e+02
4602	1.103444e+02
4603	1.105330e+02
4604	1.107294e+02
4605	1.109059e+02
4606	1.111630e+02
4607	1.113414e+02
4608	1.114822e+02
4609	1.115743e+02
4610	1.116565e+02
4611	1.117021e+02
4612	1.116946e+02
4613	1.116869e+02
4614	1.116928e+02
4615	1.117067e+02
4616	1.116743e+02
4617	1.117070e+02
4618	1.117664e+02
4619	1.117776e+02
4620	1.117220e+02
4621	1.116127e+02
4622	1.115318e+02
4623	1.114036e+02
4624	1.113195e+02
4625	1.112502e+02
4626	1.111813e+02
4627	1.111660e+02
4628	1.112290e+02
4629	1.113171e+02
4630	1.113871e+02
4631	1.114565e+02
4632	1.115775e+02
4633	1.116806e+02
4634	1.117784e+02
4635	1.118933e+02
4636	1.119777e+02
4637	1.120501e+02
4638	1.121642e+02
4639	1.122774e+02
4640	1.123475e+02
4641	1.123936e+02
4642	1.123740e+02
4643	1.123766e+02
4644	1.123289e+02
4645	1.121958e+02
4646	1.120161e+02
4647	1.117983e+02
4648	1.114986e+02
4649	1.112190e+02
4650	1.110068e+02
4651	1.107088e+02
4652	1.103516e+02
4653	1.099219e+02
4654	1.095083e+02
4655	1.091384e+02
4656	1.088568e+02
4657	1.085854e+02
4658	1.083234e+02
4659	1.080976e+02
4660	1.079232e+02
4661	1.077393e+02
4662	1.076601e+02
4663	1.075432e+02
4664	1.075153e+02
4665	1.075702e+02
4666	1.076429e+02
4667	1.078708e+02
4668	1.081065e+02
4669	1.083438e+02
4670	1.086067e+02
4671	1.089613e+02
4672	1.093347e+02
4673	1.097727e+02
4674	1.102728e+02
4675	1.107944e+02
4676	1.112585e+02
4677	1.116762e+02
4678	1.120822e+02
4679	1.124748e+02
4680	1.129569e+02
4681	1.133889e+02
4682	1.138111e+02
4683	1.142367e+02
4684	1.146997e+02
4685	1.152236e+02
4686	1.157161e+02
4687	1.161872e+02
4688	1.165938e+02
4689	1.169467e+02
4690	1.172503e+02
4691	1.175031e+02
4692	1.176149e+02
4693	1.175376e+02
4694	1.173564e+02
4695	1.170914e+02
4696	1.167582e+02
4697	1.163513e+02
4698	1.158260e+02
4699	1.152771e+02
4700	1.146812e+02
4701	1.140525e+02
4702	1.134115e+02
4703	1.128284e+02
4704	1.122173e+02
4705	1.115514e+02
4706	1.107798e+02
4707	1.100039e+02
4708	1.091975e+02
4709	1.083773e+02
4710	1.076010e+02
4711	1.068902e+02
4712	1.061480e+02
4713	1.054376e+02
4714	1.047470e+02
4715	1.041080e+02
4716	1.035409e+02
4717	1.030401e+02
4718	1.025979e+02
4719	1.022298e+02
4720	1.019437e+02
4721	1.017305e+02
4722	1.015846e+02
4723	1.015315e+02
4724	1.015089e+02
4725	1.015616e+02
4726	1.016475e+02
4727	1.018259e+02
4728	1.020634e+02
4729	1.022672e+02
4730	1.025293e+02
4731	1.028772e+02
4732	1.032256e+02
4733	1.036442e+02
4734	1.041209e+02
4735	1.047013e+02
4736	1.052491e+02
4737	1.058309e+02
4738	1.063780e+02
4739	1.068894e+02
4740	1.073958e+02
4741	1.078827e+02
4742	1.082760e+02
4743	1.086491e+02
4744	1.089785e+02
4745	1.092981e+02
4746	1.097206e+02
4747	1.101401e+02
4748	1.105970e+02
4749	1.110453e+02
4750	1.115420e+02
4751	1.119769e+02
4752	1.124138e+02
4753	1.127952e+02
4754	1.131054e+02
4755	1.133880e+02
4756	1.136023e+02
4757	1.137631e+02
4758	1.138924e+02
4759	1.139933e+02
4760	1.140967e+02
4761	1.141883e+02
4762	1.142200e+02
4763	1.142692e+02
4764	1.142843e+02
4765	1.143129e+02
4766	1.143017e+02
4767	1.143037e+02
4768	1.142751e+02
4769	1.141834e+02
4770	1.141318e+02
4771	1.140453e+02
4772	1.140112e+02
4773	1.139881e+02
4774	1.140017e+02
4775	1.140641e+02
4776	1.141170e+02
4777	1.141971e+02
4778	1.142946e+02
4779	1.143765e+02
4780	1.145030e+02
4781	1.146537e+02
4782	1.146814e+02
4783	1.147020e+02
4784	1.146986e+02
4785	1.147427e+02
4786	1.148211e+02
4787	1.148461e+02
4788	1.148782e+02
4789	1.148776e+02
4790	1.148666e+02
4791	1.148855e+02
4792	1.148578e+02
4793	1.146910e+02
4794	1.144397e+02
4795	1.141547e+02
4796	1.138121e+02
4797	1.134231e+02
4798	1.129792e+02
4799	1.124811e+02
4800	1.119556e+02
4801	1.113799e+02
4802	1.107465e+02
4803	1.101156e+02
4804	1.094381e+02
4805	1.087297e+02
4806	1.080133e+02
4807	1.073579e+02
4808	1.066952e+02
4809	1.060064e+02
4810	1.053654e+02
4811	1.046942e+02
4812	1.040760e+02
4813	1.033929e+02
4814	1.026697e+02
4815	1.019742e+02
4816	1.013434e+02
4817	1.007559e+02
4818	1.002620e+02
4819	9.987312e+01
4820	9.958238e+01
4821	9.935899e+01
4822	9.916490e+01
4823	9.898576e+01
4824	9.891724e+01
4825	9.895900e+01
4826	9.905337e+01
4827	9.931161e+01
4828	9.961839e+01
4829	9.993474e+01
4830	1.002879e+02
4831	1.007082e+02
4832	1.011740e+02
4833	1.016847e+02
4834	1.022668e+02
4835	1.028981e+02
4836	1.036632e+02
4837	1.044417e+02
4838	1.052658e+02
4839	1.061430e+02
4840	1.070333e+02
4841	1.079935e+02
4842	1.089932e+02
4843	1.100494e+02
4844	1.110374e+02
4845	1.119884e+02
4846	1.128375e+02
4847	1.135283e+02
4848	1.141765e+02
4849	1.147741e+02
4850	1.153685e+02
4851	1.158807e+02
4852	1.163351e+02
4853	1.165619e+02
4854	1.167149e+02
4855	1.167638e+02
4856	1.167672e+02
4857	1.167778e+02
4858	1.167028e+02
4859	1.165519e+02
4860	1.163587e+02
4861	1.160689e+02
4862	1.156279e+02
4863	1.150908e+02
4864	1.143811e+02
4865	1.136093e+02
4866	1.128094e+02
4867	1.119433e+02
4868	1.110571e+02
4869	1.101433e+02
4870	1.092843e+02
4871	1.085030e+02
4872	1.077997e+02
4873	1.070791e+02
4874	1.064100e+02
4875	1.058406e+02
4876	1.052612e+02
4877	1.047260e+02
4878	1.042615e+02
4879	1.038240e+02
4880	1.034946e+02
4881	1.032220e+02
4882	1.031203e+02
4883	1.031487e+02
4884	1.032711e+02
4885	1.034255e+02
4886	1.036662e+02
4887	1.038467e+02
4888	1.039177e+02
4889	1.040278e+02
4890	1.040509e+02
4891	1.040834e+02
4892	1.041204e+02
4893	1.040905e+02
4894	1.041075e+02
4895	1.041390e+02
4896	1.041380e+02
4897	1.041061e+02
4898	1.040396e+02
4899	1.039709e+02
4900	1.039118e+02
4901	1.038607e+02
4902	1.038143e+02
4903	1.037512e+02
4904	1.036431e+02
4905	1.036152e+02
4906	1.036273e+02
4907	1.036015e+02
4908	1.036260e+02
4909	1.036791e+02
4910	1.036968e+02
4911	1.036723e+02
4912	1.036325e+02
4913	1.036158e+02
4914	1.036593e+02
4915	1.036718e+02
4916	1.037135e+02
4917	1.037664e+02
4918	1.037937e+02
4919	1.038931e+02
4920	1.040383e+02
4921	1.042546e+02
4922	1.045374e+02
4923	1.048039e+02
4924	1.051038e+02
4925	1.054400e+02
4926	1.057157e+02
4927	1.060152e+02
4928	1.063866e+02
4929	1.067877e+02
4930	1.071975e+02
4931	1.076140e+02
4932	1.080138e+02
4933	1.084252e+02
4934	1.088275e+02
4935	1.092090e+02
4936	1.095804e+02
4937	1.099593e+02
4938	1.103256e+02
4939	1.107023e+02
4940	1.111223e+02
4941	1.115856e+02
4942	1.121439e+02
4943	1.127651e+02
4944	1.133476e+02
4945	1.139294e+02
4946	1.145019e+02
4947	1.150207e+02
4948	1.154657e+02
4949	1.158242e+02
4950	1.160540e+02
4951	1.161928e+02
4952	1.163182e+02
4953	1.162941e+02
4954	1.162479e+02
4955	1.161688e+02
4956	1.160562e+02
4957	1.159426e+02
4958	1.158333e+02
4959	1.156386e+02
4960	1.154329e+02
4961	1.151878e+02
4962	1.149287e+02
4963	1.146786e+02
4964	1.144560e+02
4965	1.142756e+02
4966	1.140612e+02
4967	1.138149e+02
4968	1.134939e+02
4969	1.130801e+02
4970	1.126332e+02
4971	1.121547e+02
4972	1.116503e+02
4973	1.111414e+02
4974	1.106921e+02
4975	1.101648e+02
4976	1.096523e+02
4977	1.091405e+02
4978	1.086396e+02
4979	1.082083e+02
4980	1.078078e+02
4981	1.074837e+02
4982	1.070837e+02
4983	1.066667e+02
4984	1.062499e+02
4985	1.058592e+02
4986	1.055543e+02
4987	1.052410e+02
4988	1.050278e+02
4989	1.048306e+02
4990	1.046542e+02
4991	1.045577e+02
4992	1.044610e+02
4993	1.044682e+02
4994	1.044566e+02
4995	1.044314e+02
4996	1.044263e+02
4997	1.044367e+02
4998	1.044531e+02
4999	1.044586e+02
