# Step	Measurement
1	1.109183e+00
2	1.119292e+00
3	1.126182e+00
4	1.131314e+00
5	1.133664e+00
6	1.133159e+00
7	1.130289e+00
8	1.126251e+00
9	1.120794e+00
10	1.113827e+00
11	1.105420e+00
12	1.096976e+00
13	1.088399e+00
14	1.081362e+00
15	1.075474e+00
16	1.071311e+00
17	1.069550e+00
18	1.071976e+00
19	1.076477e+00
20	1.081669e+00
21	1.089912e+00
22	1.097688e+00
23	1.106542e+00
24	1.115977e+00
25	1.125234e+00
26	1.132303e+00
27	1.136889e+00
28	1.140290e+00
29	1.141467e+00
30	1.140669e+00
31	1.137242e+00
32	1.131476e+00
33	1.122940e+00
34	1.112889e+00
35	1.102002e+00
36	1.091384e+00
37	1.082789e+00
38	1.075779e+00
39	1.071184e+00
40	1.068830e+00
41	1.069742e+00
42	1.072104e+00
43	1.076640e+00
44	1.083247e+00
45	1.091744e+00
46	1.100463e+00
47	1.109749e+00
48	1.117785e+00
49	1.124427e+00
50	1.128492e+00
51	1.130979e+00
52	1.129517e+00
53	1.126465e+00
54	1.121111e+00
55	1.112864e+00
56	1.102985e+00
57	1.092396e+00
58	1.081569e+00
59	1.072901e+00
60	1.066251e+00
61	1.060776e+00
62	1.058283e+00
63	1.059010e+00
64	1.063356e+00
65	1.070266e+00
66	1.078983e+00
67	1.090144e+00
68	1.101024e+00
69	1.110840e+00
70	1.120763e+00
71	1.128412e+00
72	1.133586e+00
73	1.137037e+00
74	1.138095e+00
75	1.135109e+00
76	1.130542e+00
77	1.122938e+00
78	1.113587e+00
79	1.103424e+00
80	1.094251e+00
81	1.085244e+00
82	1.076812e+00
83	1.070292e+00
84	1.066815e+00
85	1.066596e+00
86	1.070299e+00
87	1.075922e+00
88	1.081832e+00
89	1.086855e+00
90	1.092391e+00
91	1.099708e+00
92	1.106283e+00
93	1.113619e+00
94	1.119129e+00
95	1.122194e+00
96	1.122091e+00
97	1.119004e+00
98	1.114789e+00
99	1.108057e+00
100	1.100866e+00
101	1.093796e+00
102	1.089369e+00
103	1.085255e+00
104	1.081529e+00
105	1.079252e+00
106	1.077767e+00
107	1.077659e+00
108	1.078751e+00
109	1.082676e+00
110	1.087975e+00
111	1.094882e+00
112	1.101532e+00
113	1.110013e+00
114	1.118207e+00
115	1.125071e+00
116	1.128522e+00
117	1.130725e+00
118	1.131445e+00
119	1.129927e+00
120	1.127600e+00
121	1.123633e+00
122	1.116085e+00
123	1.106862e+00
124	1.099154e+00
125	1.092186e+00
126	1.087451e+00
127	1.085314e+00
128	1.086561e+00
129	1.090533e+00
130	1.095803e+00
131	1.100806e+00
132	1.104734e+00
133	1.108152e+00
134	1.110637e+00
135	1.112310e+00
136	1.114071e+00
137	1.115894e+00
138	1.116029e+00
139	1.114860e+00
140	1.111929e+00
141	1.107750e+00
142	1.104405e+00
143	1.100021e+00
144	1.095392e+00
145	1.091687e+00
146	1.086533e+00
147	1.081748e+00
148	1.077470e+00
149	1.075256e+00
150	1.075013e+00
151	1.074594e+00
152	1.074743e+00
153	1.077989e+00
154	1.081656e+00
155	1.086241e+00
156	1.092157e+00
157	1.098982e+00
158	1.103813e+00
159	1.107269e+00
160	1.108743e+00
161	1.108806e+00
162	1.108099e+00
163	1.106351e+00
164	1.102174e+00
165	1.098236e+00
166	1.095093e+00
167	1.091387e+00
168	1.088696e+00
169	1.086573e+00
170	1.085330e+00
171	1.084667e+00
172	1.086867e+00
173	1.090409e+00
174	1.094729e+00
175	1.099735e+00
176	1.105195e+00
177	1.109720e+00
178	1.114535e+00
179	1.118498e+00
180	1.122303e+00
181	1.123757e+00
182	1.123713e+00
183	1.123945e+00
184	1.121231e+00
185	1.116493e+00
186	1.109085e+00
187	1.102705e+00
188	1.095836e+00
189	1.090329e+00
190	1.086558e+00
191	1.083587e+00
192	1.083339e+00
193	1.084355e+00
194	1.085949e+00
195	1.088754e+00
196	1.093846e+00
197	1.098972e+00
198	1.104561e+00
199	1.110072e+00
200	1.113982e+00
201	1.116537e+00
202	1.118874e+00
203	1.119408e+00
204	1.117514e+00
205	1.114234e+00
206	1.111309e+00
207	1.108734e+00
208	1.107587e+00
209	1.106448e+00
210	1.106551e+00
211	1.106314e+00
212	1.105921e+00
213	1.106065e+00
214	1.108535e+00
215	1.110591e+00
216	1.111675e+00
217	1.111944e+00
218	1.111353e+00
219	1.109599e+00
220	1.107391e+00
221	1.104366e+00
222	1.101786e+00
223	1.099407e+00
224	1.097877e+00
225	1.094730e+00
226	1.090915e+00
227	1.086975e+00
228	1.084368e+00
229	1.083176e+00
230	1.083403e+00
231	1.086073e+00
232	1.089915e+00
233	1.094318e+00
234	1.100376e+00
235	1.106183e+00
236	1.111178e+00
237	1.115045e+00
238	1.118555e+00
239	1.120224e+00
240	1.120619e+00
241	1.117667e+00
242	1.114383e+00
243	1.108497e+00
244	1.100811e+00
245	1.093795e+00
246	1.086544e+00
247	1.081090e+00
248	1.076820e+00
249	1.073332e+00
250	1.071174e+00
251	1.072703e+00
252	1.076036e+00
253	1.080554e+00
254	1.086726e+00
255	1.095443e+00
256	1.104844e+00
257	1.113235e+00
258	1.121353e+00
259	1.128919e+00
260	1.134575e+00
261	1.137314e+00
262	1.136809e+00
263	1.133933e+00
264	1.129609e+00
265	1.123519e+00
266	1.115181e+00
267	1.107103e+00
268	1.099233e+00
269	1.092968e+00
270	1.088928e+00
271	1.086124e+00
272	1.083877e+00
273	1.083697e+00
274	1.084453e+00
275	1.086733e+00
276	1.091056e+00
277	1.097659e+00
278	1.105244e+00
279	1.112646e+00
280	1.119924e+00
281	1.125661e+00
282	1.128469e+00
283	1.129348e+00
284	1.127386e+00
285	1.123791e+00
286	1.117579e+00
287	1.110527e+00
288	1.102095e+00
289	1.093747e+00
290	1.086109e+00
291	1.079289e+00
292	1.074628e+00
293	1.072897e+00
294	1.072626e+00
295	1.074163e+00
296	1.078304e+00
297	1.085481e+00
298	1.092583e+00
299	1.100243e+00
300	1.107749e+00
301	1.114124e+00
302	1.119227e+00
303	1.123571e+00
304	1.126024e+00
305	1.126033e+00
306	1.123456e+00
307	1.118132e+00
308	1.109822e+00
309	1.100136e+00
310	1.090726e+00
311	1.081022e+00
312	1.072917e+00
313	1.068644e+00
314	1.067035e+00
315	1.068020e+00
316	1.070831e+00
317	1.073384e+00
318	1.079226e+00
319	1.088037e+00
320	1.096550e+00
321	1.103542e+00
322	1.110624e+00
323	1.118405e+00
324	1.125348e+00
325	1.131854e+00
326	1.134781e+00
327	1.135495e+00
328	1.134680e+00
329	1.131827e+00
330	1.129082e+00
331	1.123536e+00
332	1.114472e+00
333	1.104804e+00
334	1.095296e+00
335	1.086876e+00
336	1.079986e+00
337	1.074187e+00
338	1.072110e+00
339	1.071465e+00
340	1.072486e+00
341	1.074562e+00
342	1.077879e+00
343	1.083346e+00
344	1.092846e+00
345	1.103858e+00
346	1.112058e+00
347	1.119284e+00
348	1.126488e+00
349	1.131101e+00
350	1.132842e+00
351	1.132246e+00
352	1.130228e+00
353	1.124671e+00
354	1.117265e+00
355	1.108832e+00
356	1.100698e+00
357	1.093283e+00
358	1.086222e+00
359	1.080147e+00
360	1.076458e+00
361	1.073786e+00
362	1.073337e+00
363	1.074619e+00
364	1.076558e+00
365	1.081205e+00
366	1.088236e+00
367	1.096475e+00
368	1.105712e+00
369	1.114972e+00
370	1.124721e+00
371	1.132683e+00
372	1.138477e+00
373	1.141384e+00
374	1.142180e+00
375	1.139684e+00
376	1.134707e+00
377	1.126710e+00
378	1.116608e+00
379	1.104494e+00
380	1.091283e+00
381	1.078237e+00
382	1.066862e+00
383	1.058086e+00
384	1.052473e+00
385	1.051009e+00
386	1.056900e+00
387	1.066238e+00
388	1.078126e+00
389	1.089941e+00
390	1.101822e+00
391	1.111682e+00
392	1.119569e+00
393	1.124800e+00
394	1.128823e+00
395	1.131247e+00
396	1.131458e+00
397	1.129332e+00
398	1.125103e+00
399	1.119566e+00
400	1.112612e+00
401	1.103565e+00
402	1.094345e+00
403	1.086081e+00
404	1.078656e+00
405	1.074146e+00
406	1.070835e+00
407	1.069613e+00
408	1.070768e+00
409	1.075086e+00
410	1.082221e+00
411	1.090311e+00
412	1.100556e+00
413	1.110405e+00
414	1.120981e+00
415	1.130128e+00
416	1.136269e+00
417	1.138866e+00
418	1.139026e+00
419	1.135538e+00
420	1.128952e+00
421	1.120264e+00
422	1.110044e+00
423	1.099042e+00
424	1.087028e+00
425	1.076796e+00
426	1.069199e+00
427	1.064655e+00
428	1.065871e+00
429	1.069805e+00
430	1.076778e+00
431	1.084178e+00
432	1.092056e+00
433	1.098648e+00
434	1.102466e+00
435	1.105472e+00
436	1.107912e+00
437	1.108787e+00
438	1.109135e+00
439	1.110228e+00
440	1.110092e+00
441	1.109633e+00
442	1.108106e+00
443	1.105858e+00
444	1.102437e+00
445	1.098815e+00
446	1.094863e+00
447	1.089879e+00
448	1.084937e+00
449	1.079485e+00
450	1.074801e+00
451	1.072635e+00
452	1.074029e+00
453	1.077306e+00
454	1.081047e+00
455	1.087095e+00
456	1.093596e+00
457	1.100710e+00
458	1.107694e+00
459	1.114537e+00
460	1.120058e+00
461	1.122853e+00
462	1.122910e+00
463	1.121604e+00
464	1.118887e+00
465	1.115561e+00
466	1.110648e+00
467	1.105404e+00
468	1.099458e+00
469	1.093648e+00
470	1.089074e+00
471	1.084503e+00
472	1.080899e+00
473	1.077720e+00
474	1.076241e+00
475	1.076763e+00
476	1.080936e+00
477	1.085600e+00
478	1.089730e+00
479	1.095024e+00
480	1.100002e+00
481	1.103531e+00
482	1.105685e+00
483	1.106660e+00
484	1.106184e+00
485	1.103626e+00
486	1.100252e+00
487	1.096735e+00
488	1.094249e+00
489	1.092124e+00
490	1.091146e+00
491	1.091015e+00
492	1.091336e+00
493	1.093508e+00
494	1.095200e+00
495	1.096845e+00
496	1.098234e+00
497	1.100518e+00
498	1.103436e+00
499	1.104891e+00
500	1.106559e+00
501	1.108192e+00
502	1.111320e+00
503	1.112243e+00
504	1.112139e+00
505	1.112757e+00
506	1.112560e+00
507	1.109381e+00
508	1.102873e+00
509	1.095790e+00
510	1.090324e+00
511	1.084959e+00
512	1.081158e+00
513	1.079390e+00
514	1.078957e+00
515	1.080167e+00
516	1.083547e+00
517	1.089407e+00
518	1.095718e+00
519	1.103359e+00
520	1.110074e+00
521	1.116681e+00
522	1.122093e+00
523	1.125700e+00
524	1.125698e+00
525	1.123946e+00
526	1.119230e+00
527	1.112864e+00
528	1.106278e+00
529	1.098668e+00
530	1.089040e+00
531	1.080394e+00
532	1.073094e+00
533	1.068368e+00
534	1.063798e+00
535	1.062297e+00
536	1.065137e+00
537	1.072531e+00
538	1.083931e+00
539	1.097203e+00
540	1.111569e+00
541	1.126063e+00
542	1.138292e+00
543	1.147326e+00
544	1.152317e+00
545	1.152851e+00
546	1.149367e+00
547	1.142155e+00
548	1.131327e+00
549	1.116440e+00
550	1.100470e+00
551	1.083499e+00
552	1.067650e+00
553	1.053050e+00
554	1.041484e+00
555	1.035170e+00
556	1.035559e+00
557	1.041333e+00
558	1.053211e+00
559	1.068849e+00
560	1.087254e+00
561	1.106222e+00
562	1.124622e+00
563	1.140836e+00
564	1.154064e+00
565	1.164682e+00
566	1.172477e+00
567	1.175828e+00
568	1.173934e+00
569	1.166188e+00
570	1.154023e+00
571	1.139534e+00
572	1.122163e+00
573	1.104112e+00
574	1.086203e+00
575	1.069730e+00
576	1.056340e+00
577	1.047770e+00
578	1.044149e+00
579	1.044823e+00
580	1.051493e+00
581	1.062892e+00
582	1.077458e+00
583	1.093192e+00
584	1.109310e+00
585	1.125380e+00
586	1.140138e+00
587	1.150679e+00
588	1.155818e+00
589	1.155844e+00
590	1.152925e+00
591	1.145049e+00
592	1.134331e+00
593	1.121446e+00
594	1.106738e+00
595	1.092785e+00
596	1.079129e+00
597	1.066625e+00
598	1.057079e+00
599	1.053690e+00
600	1.053787e+00
601	1.056399e+00
602	1.063381e+00
603	1.073217e+00
604	1.086378e+00
605	1.100934e+00
606	1.115290e+00
607	1.129889e+00
608	1.141103e+00
609	1.148209e+00
610	1.150974e+00
611	1.149824e+00
612	1.145489e+00
613	1.138549e+00
614	1.128843e+00
615	1.117071e+00
616	1.103456e+00
617	1.088714e+00
618	1.074338e+00
619	1.062378e+00
620	1.052226e+00
621	1.045803e+00
622	1.043528e+00
623	1.046257e+00
624	1.054275e+00
625	1.066828e+00
626	1.083275e+00
627	1.099802e+00
628	1.116399e+00
629	1.131526e+00
630	1.144333e+00
631	1.155320e+00
632	1.162276e+00
633	1.164853e+00
634	1.162972e+00
635	1.157170e+00
636	1.146002e+00
637	1.131792e+00
638	1.115161e+00
639	1.098191e+00
640	1.082592e+00
641	1.069146e+00
642	1.058261e+00
643	1.052294e+00
644	1.050842e+00
645	1.052762e+00
646	1.061133e+00
647	1.072496e+00
648	1.086742e+00
649	1.101739e+00
650	1.116975e+00
651	1.130749e+00
652	1.142237e+00
653	1.150864e+00
654	1.157139e+00
655	1.157967e+00
656	1.155450e+00
657	1.149040e+00
658	1.139919e+00
659	1.127925e+00
660	1.115508e+00
661	1.101929e+00
662	1.088227e+00
663	1.074648e+00
664	1.062855e+00
665	1.053578e+00
666	1.048573e+00
667	1.048731e+00
668	1.054537e+00
669	1.065003e+00
670	1.078019e+00
671	1.093544e+00
672	1.108837e+00
673	1.122690e+00
674	1.135330e+00
675	1.145905e+00
676	1.153983e+00
677	1.159380e+00
678	1.160303e+00
679	1.158210e+00
680	1.152926e+00
681	1.142317e+00
682	1.128894e+00
683	1.113364e+00
684	1.096750e+00
685	1.081540e+00
686	1.067142e+00
687	1.055611e+00
688	1.047632e+00
689	1.044468e+00
690	1.046037e+00
691	1.052282e+00
692	1.062965e+00
693	1.077613e+00
694	1.093318e+00
695	1.108728e+00
696	1.122489e+00
697	1.134027e+00
698	1.142705e+00
699	1.148407e+00
700	1.150750e+00
701	1.149750e+00
702	1.144680e+00
703	1.137223e+00
704	1.127027e+00
705	1.115163e+00
706	1.101719e+00
707	1.088986e+00
708	1.075439e+00
709	1.065155e+00
710	1.058752e+00
711	1.055636e+00
712	1.054829e+00
713	1.057035e+00
714	1.064688e+00
715	1.075733e+00
716	1.089300e+00
717	1.103344e+00
718	1.118126e+00
719	1.131173e+00
720	1.140872e+00
721	1.145405e+00
722	1.146441e+00
723	1.144131e+00
724	1.138331e+00
725	1.130990e+00
726	1.121845e+00
727	1.112127e+00
728	1.101813e+00
729	1.092401e+00
730	1.083533e+00
731	1.075477e+00
732	1.068957e+00
733	1.064225e+00
734	1.062884e+00
735	1.064703e+00
736	1.069097e+00
737	1.078528e+00
738	1.090092e+00
739	1.101607e+00
740	1.114097e+00
741	1.125584e+00
742	1.133534e+00
743	1.139384e+00
744	1.143119e+00
745	1.142925e+00
746	1.140320e+00
747	1.134345e+00
748	1.125990e+00
749	1.114671e+00
750	1.101579e+00
751	1.087039e+00
752	1.074132e+00
753	1.063124e+00
754	1.055595e+00
755	1.051783e+00
756	1.054322e+00
757	1.061162e+00
758	1.071399e+00
759	1.084075e+00
760	1.099075e+00
761	1.112323e+00
762	1.123365e+00
763	1.131186e+00
764	1.136418e+00
765	1.137986e+00
766	1.135327e+00
767	1.129331e+00
768	1.120988e+00
769	1.111332e+00
770	1.100154e+00
771	1.087547e+00
772	1.075096e+00
773	1.064070e+00
774	1.056061e+00
775	1.052960e+00
776	1.054282e+00
777	1.059442e+00
778	1.067476e+00
779	1.078183e+00
780	1.090601e+00
781	1.104318e+00
782	1.116876e+00
783	1.128848e+00
784	1.138432e+00
785	1.144824e+00
786	1.149322e+00
787	1.150856e+00
788	1.149859e+00
789	1.144661e+00
790	1.136145e+00
791	1.125004e+00
792	1.111524e+00
793	1.096172e+00
794	1.082056e+00
795	1.069117e+00
796	1.059539e+00
797	1.052264e+00
798	1.048086e+00
799	1.049127e+00
800	1.053684e+00
801	1.063167e+00
802	1.075998e+00
803	1.091257e+00
804	1.107441e+00
805	1.122260e+00
806	1.134636e+00
807	1.144066e+00
808	1.148797e+00
809	1.148581e+00
810	1.145633e+00
811	1.139220e+00
812	1.131414e+00
813	1.122096e+00
814	1.111588e+00
815	1.099872e+00
816	1.087227e+00
817	1.075556e+00
818	1.067012e+00
819	1.062162e+00
820	1.060631e+00
821	1.061743e+00
822	1.065319e+00
823	1.071176e+00
824	1.081156e+00
825	1.093573e+00
826	1.105552e+00
827	1.116075e+00
828	1.126195e+00
829	1.134760e+00
830	1.142491e+00
831	1.146642e+00
832	1.147540e+00
833	1.144837e+00
834	1.138139e+00
835	1.129245e+00
836	1.117039e+00
837	1.103834e+00
838	1.091451e+00
839	1.081265e+00
840	1.073206e+00
841	1.067254e+00
842	1.064058e+00
843	1.062881e+00
844	1.064780e+00
845	1.068234e+00
846	1.075163e+00
847	1.085420e+00
848	1.095998e+00
849	1.107365e+00
850	1.118849e+00
851	1.129213e+00
852	1.137772e+00
853	1.143456e+00
854	1.145610e+00
855	1.144408e+00
856	1.138698e+00
857	1.130281e+00
858	1.120108e+00
859	1.109291e+00
860	1.097152e+00
861	1.086537e+00
862	1.077563e+00
863	1.070926e+00
864	1.067309e+00
865	1.067962e+00
866	1.071315e+00
867	1.077155e+00
868	1.085461e+00
869	1.096802e+00
870	1.107498e+00
871	1.117120e+00
872	1.124660e+00
873	1.132485e+00
874	1.138509e+00
875	1.141645e+00
876	1.142650e+00
877	1.141550e+00
878	1.139365e+00
879	1.136012e+00
880	1.130430e+00
881	1.123742e+00
882	1.115301e+00
883	1.104466e+00
884	1.094683e+00
885	1.085776e+00
886	1.078589e+00
887	1.074690e+00
888	1.073349e+00
889	1.075837e+00
890	1.080974e+00
891	1.089167e+00
892	1.098735e+00
893	1.109084e+00
894	1.118617e+00
895	1.126481e+00
896	1.134140e+00
897	1.140457e+00
898	1.143571e+00
899	1.144847e+00
900	1.144163e+00
901	1.139456e+00
902	1.132368e+00
903	1.123432e+00
904	1.113411e+00
905	1.103343e+00
906	1.094158e+00
907	1.086479e+00
908	1.081548e+00
909	1.079909e+00
910	1.081070e+00
911	1.084341e+00
912	1.090819e+00
913	1.098325e+00
914	1.106724e+00
915	1.114810e+00
916	1.121589e+00
917	1.126199e+00
918	1.129230e+00
919	1.130976e+00
920	1.131361e+00
921	1.129203e+00
922	1.126092e+00
923	1.121647e+00
924	1.114675e+00
925	1.106673e+00
926	1.097378e+00
927	1.087657e+00
928	1.078632e+00
929	1.072658e+00
930	1.068068e+00
931	1.065457e+00
932	1.065162e+00
933	1.066965e+00
934	1.071754e+00
935	1.077544e+00
936	1.086146e+00
937	1.093962e+00
938	1.101619e+00
939	1.109210e+00
940	1.115819e+00
941	1.120274e+00
942	1.123104e+00
943	1.123767e+00
944	1.123502e+00
945	1.120274e+00
946	1.115209e+00
947	1.108704e+00
948	1.100752e+00
949	1.090959e+00
950	1.081020e+00
951	1.072556e+00
952	1.065790e+00
953	1.061385e+00
954	1.059838e+00
955	1.061440e+00
956	1.067037e+00
957	1.074702e+00
958	1.084684e+00
959	1.096111e+00
960	1.107873e+00
961	1.117526e+00
962	1.123763e+00
963	1.128247e+00
964	1.132141e+00
965	1.133438e+00
966	1.132939e+00
967	1.128648e+00
968	1.121975e+00
969	1.112929e+00
970	1.102887e+00
971	1.091559e+00
972	1.081437e+00
973	1.073683e+00
974	1.067917e+00
975	1.063975e+00
976	1.064659e+00
977	1.067822e+00
978	1.074604e+00
979	1.084071e+00
980	1.095356e+00
981	1.106910e+00
982	1.118596e+00
983	1.129877e+00
984	1.138973e+00
985	1.146898e+00
986	1.154238e+00
987	1.157202e+00
988	1.154869e+00
989	1.149870e+00
990	1.139654e+00
991	1.126700e+00
992	1.113268e+00
993	1.100223e+00
994	1.086949e+00
995	1.075486e+00
996	1.066421e+00
997	1.059795e+00
998	1.058564e+00
999	1.062335e+00
1000	1.071465e+00
1001	1.084286e+00
1002	1.100294e+00
1003	1.116697e+00
1004	1.131608e+00
1005	1.144101e+00
1006	1.152186e+00
1007	1.156945e+00
1008	1.157751e+00
1009	1.155691e+00
1010	1.150407e+00
1011	1.141846e+00
1012	1.129267e+00
1013	1.114908e+00
1014	1.099218e+00
1015	1.083263e+00
1016	1.067719e+00
1017	1.054157e+00
1018	1.044611e+00
1019	1.039001e+00
1020	1.038391e+00
1021	1.043229e+00
1022	1.053599e+00
1023	1.068287e+00
1024	1.086979e+00
1025	1.105597e+00
1026	1.123981e+00
1027	1.140638e+00
1028	1.154019e+00
1029	1.163504e+00
1030	1.167697e+00
1031	1.167246e+00
1032	1.162936e+00
1033	1.154157e+00
1034	1.142816e+00
1035	1.128001e+00
1036	1.111049e+00
1037	1.093626e+00
1038	1.076713e+00
1039	1.063046e+00
1040	1.052283e+00
1041	1.044868e+00
1042	1.042471e+00
1043	1.046512e+00
1044	1.057545e+00
1045	1.072582e+00
1046	1.091735e+00
1047	1.111661e+00
1048	1.130978e+00
1049	1.148740e+00
1050	1.163104e+00
1051	1.172236e+00
1052	1.175451e+00
1053	1.173943e+00
1054	1.166850e+00
1055	1.154150e+00
1056	1.137442e+00
1057	1.118216e+00
1058	1.096247e+00
1059	1.074216e+00
1060	1.054216e+00
1061	1.038245e+00
1062	1.027219e+00
1063	1.021834e+00
1064	1.023953e+00
1065	1.034019e+00
1066	1.049490e+00
1067	1.068019e+00
1068	1.088433e+00
1069	1.109619e+00
1070	1.130639e+00
1071	1.148750e+00
1072	1.162987e+00
1073	1.173287e+00
1074	1.179325e+00
1075	1.180786e+00
1076	1.177850e+00
1077	1.170490e+00
1078	1.159400e+00
1079	1.144589e+00
1080	1.127717e+00
1081	1.109493e+00
1082	1.092334e+00
1083	1.076307e+00
1084	1.063488e+00
1085	1.054021e+00
1086	1.048517e+00
1087	1.047901e+00
1088	1.053064e+00
1089	1.062209e+00
1090	1.075567e+00
1091	1.091764e+00
1092	1.109093e+00
1093	1.124675e+00
1094	1.137845e+00
1095	1.148748e+00
1096	1.155809e+00
1097	1.158609e+00
1098	1.156421e+00
1099	1.149334e+00
1100	1.137627e+00
1101	1.122041e+00
1102	1.104320e+00
1103	1.086414e+00
1104	1.071369e+00
1105	1.059543e+00
1106	1.052108e+00
1107	1.047342e+00
1108	1.048785e+00
1109	1.054165e+00
1110	1.063691e+00
1111	1.077132e+00
1112	1.092185e+00
1113	1.107562e+00
1114	1.122930e+00
1115	1.137142e+00
1116	1.149877e+00
1117	1.159060e+00
1118	1.164000e+00
1119	1.165136e+00
1120	1.162251e+00
1121	1.153738e+00
1122	1.142222e+00
1123	1.127454e+00
1124	1.111024e+00
1125	1.093274e+00
1126	1.076722e+00
1127	1.061123e+00
1128	1.047698e+00
1129	1.039040e+00
1130	1.037688e+00
1131	1.043818e+00
1132	1.053763e+00
1133	1.068209e+00
1134	1.086795e+00
1135	1.105912e+00
1136	1.125057e+00
1137	1.141484e+00
1138	1.155231e+00
1139	1.165264e+00
1140	1.170421e+00
1141	1.171678e+00
1142	1.169152e+00
1143	1.161039e+00
1144	1.147920e+00
1145	1.132060e+00
1146	1.113183e+00
1147	1.093220e+00
1148	1.073410e+00
1149	1.055200e+00
1150	1.039285e+00
1151	1.028887e+00
1152	1.026845e+00
1153	1.031659e+00
1154	1.044648e+00
1155	1.062586e+00
1156	1.083172e+00
1157	1.104547e+00
1158	1.124300e+00
1159	1.142082e+00
1160	1.156244e+00
1161	1.166560e+00
1162	1.172623e+00
1163	1.173720e+00
1164	1.170872e+00
1165	1.162394e+00
1166	1.149270e+00
1167	1.132658e+00
1168	1.113212e+00
1169	1.091827e+00
1170	1.069724e+00
1171	1.049885e+00
1172	1.034793e+00
1173	1.026817e+00
1174	1.025213e+00
1175	1.030496e+00
1176	1.041546e+00
1177	1.059269e+00
1178	1.081476e+00
1179	1.105999e+00
1180	1.130873e+00
1181	1.153635e+00
1182	1.173262e+00
1183	1.187701e+00
1184	1.197942e+00
1185	1.199676e+00
1186	1.194822e+00
1187	1.183717e+00
1188	1.168020e+00
1189	1.149471e+00
1190	1.128489e+00
1191	1.106592e+00
1192	1.083936e+00
1193	1.063405e+00
1194	1.045555e+00
1195	1.033310e+00
1196	1.027137e+00
1197	1.026834e+00
1198	1.034280e+00
1199	1.047944e+00
1200	1.065417e+00
1201	1.085428e+00
1202	1.106317e+00
1203	1.126510e+00
1204	1.144964e+00
1205	1.160691e+00
1206	1.172557e+00
1207	1.177836e+00
1208	1.177136e+00
1209	1.170494e+00
1210	1.160306e+00
1211	1.146531e+00
1212	1.129320e+00
1213	1.109992e+00
1214	1.090092e+00
1215	1.071489e+00
1216	1.055907e+00
1217	1.044791e+00
1218	1.039034e+00
1219	1.037727e+00
1220	1.042103e+00
1221	1.051609e+00
1222	1.063888e+00
1223	1.080592e+00
1224	1.098987e+00
1225	1.117541e+00
1226	1.134909e+00
1227	1.149058e+00
1228	1.159701e+00
1229	1.165549e+00
1230	1.167257e+00
1231	1.165056e+00
1232	1.159646e+00
1233	1.150104e+00
1234	1.137425e+00
1235	1.122265e+00
1236	1.106075e+00
1237	1.090653e+00
1238	1.074759e+00
1239	1.060232e+00
1240	1.048681e+00
1241	1.043122e+00
1242	1.042251e+00
1243	1.046936e+00
1244	1.056788e+00
1245	1.070116e+00
1246	1.086416e+00
1247	1.104404e+00
1248	1.123358e+00
1249	1.140128e+00
1250	1.153080e+00
1251	1.163037e+00
1252	1.168773e+00
1253	1.169043e+00
1254	1.162710e+00
1255	1.153342e+00
1256	1.140002e+00
1257	1.123934e+00
1258	1.106738e+00
1259	1.091419e+00
1260	1.078718e+00
1261	1.067506e+00
1262	1.059427e+00
1263	1.054897e+00
1264	1.056140e+00
1265	1.061829e+00
1266	1.070762e+00
1267	1.083810e+00
1268	1.097843e+00
1269	1.113072e+00
1270	1.127282e+00
1271	1.138896e+00
1272	1.146879e+00
1273	1.151741e+00
1274	1.151947e+00
1275	1.146376e+00
1276	1.138772e+00
1277	1.129678e+00
1278	1.117748e+00
1279	1.104994e+00
1280	1.090586e+00
1281	1.076911e+00
1282	1.064965e+00
1283	1.056298e+00
1284	1.052023e+00
1285	1.053400e+00
1286	1.058914e+00
1287	1.068105e+00
1288	1.078362e+00
1289	1.090052e+00
1290	1.100156e+00
1291	1.110627e+00
1292	1.121552e+00
1293	1.130511e+00
1294	1.136340e+00
1295	1.141249e+00
1296	1.142748e+00
1297	1.141334e+00
1298	1.136903e+00
1299	1.129393e+00
1300	1.119109e+00
1301	1.107370e+00
1302	1.094120e+00
1303	1.082497e+00
1304	1.072489e+00
1305	1.064209e+00
1306	1.059128e+00
1307	1.058018e+00
1308	1.059232e+00
1309	1.063505e+00
1310	1.069404e+00
1311	1.076187e+00
1312	1.082924e+00
1313	1.090603e+00
1314	1.099965e+00
1315	1.108961e+00
1316	1.118298e+00
1317	1.125292e+00
1318	1.130344e+00
1319	1.132740e+00
1320	1.131656e+00
1321	1.127263e+00
1322	1.120895e+00
1323	1.112495e+00
1324	1.103031e+00
1325	1.092597e+00
1326	1.083440e+00
1327	1.074753e+00
1328	1.067545e+00
1329	1.062320e+00
1330	1.060126e+00
1331	1.062177e+00
1332	1.065150e+00
1333	1.069231e+00
1334	1.074271e+00
1335	1.081525e+00
1336	1.090938e+00
1337	1.100835e+00
1338	1.110611e+00
1339	1.119122e+00
1340	1.126139e+00
1341	1.130202e+00
1342	1.130447e+00
1343	1.128786e+00
1344	1.125551e+00
1345	1.120586e+00
1346	1.114041e+00
1347	1.104758e+00
1348	1.094468e+00
1349	1.084538e+00
1350	1.074974e+00
1351	1.066820e+00
1352	1.059972e+00
1353	1.055585e+00
1354	1.054569e+00
1355	1.059021e+00
1356	1.067898e+00
1357	1.078304e+00
1358	1.089672e+00
1359	1.102183e+00
1360	1.114295e+00
1361	1.124474e+00
1362	1.133081e+00
1363	1.139570e+00
1364	1.141915e+00
1365	1.141996e+00
1366	1.138785e+00
1367	1.131225e+00
1368	1.119841e+00
1369	1.106648e+00
1370	1.094052e+00
1371	1.082088e+00
1372	1.071722e+00
1373	1.063159e+00
1374	1.057856e+00
1375	1.054334e+00
1376	1.053849e+00
1377	1.057040e+00
1378	1.063816e+00
1379	1.074310e+00
1380	1.086442e+00
1381	1.098132e+00
1382	1.109626e+00
1383	1.119578e+00
1384	1.129253e+00
1385	1.137335e+00
1386	1.143294e+00
1387	1.145573e+00
1388	1.143549e+00
1389	1.140279e+00
1390	1.134228e+00
1391	1.125723e+00
1392	1.116607e+00
1393	1.106328e+00
1394	1.094693e+00
1395	1.082609e+00
1396	1.073590e+00
1397	1.067187e+00
1398	1.063751e+00
1399	1.063449e+00
1400	1.066789e+00
1401	1.074059e+00
1402	1.084144e+00
1403	1.095957e+00
1404	1.107302e+00
1405	1.117310e+00
1406	1.126383e+00
1407	1.131349e+00
1408	1.132979e+00
1409	1.132806e+00
1410	1.128704e+00
1411	1.121998e+00
1412	1.114181e+00
1413	1.104752e+00
1414	1.091397e+00
1415	1.078034e+00
1416	1.066877e+00
1417	1.057867e+00
1418	1.053174e+00
1419	1.051761e+00
1420	1.053867e+00
1421	1.059691e+00
1422	1.069887e+00
1423	1.083372e+00
1424	1.097636e+00
1425	1.112074e+00
1426	1.125041e+00
1427	1.135540e+00
1428	1.142826e+00
1429	1.146670e+00
1430	1.147046e+00
1431	1.144533e+00
1432	1.137618e+00
1433	1.126991e+00
1434	1.113828e+00
1435	1.098903e+00
1436	1.085358e+00
1437	1.073249e+00
1438	1.062995e+00
1439	1.055841e+00
1440	1.051072e+00
1441	1.048999e+00
1442	1.050461e+00
1443	1.055769e+00
1444	1.063841e+00
1445	1.074125e+00
1446	1.087690e+00
1447	1.102226e+00
1448	1.115664e+00
1449	1.127409e+00
1450	1.136679e+00
1451	1.143705e+00
1452	1.147251e+00
1453	1.146513e+00
1454	1.141703e+00
1455	1.133782e+00
1456	1.121566e+00
1457	1.107764e+00
1458	1.094853e+00
1459	1.082317e+00
1460	1.070912e+00
1461	1.061786e+00
1462	1.055038e+00
1463	1.052458e+00
1464	1.056008e+00
1465	1.064612e+00
1466	1.076626e+00
1467	1.089838e+00
1468	1.103072e+00
1469	1.116967e+00
1470	1.128299e+00
1471	1.136412e+00
1472	1.142401e+00
1473	1.145310e+00
1474	1.145815e+00
1475	1.142751e+00
1476	1.135673e+00
1477	1.126318e+00
1478	1.113911e+00
1479	1.100784e+00
1480	1.087499e+00
1481	1.075184e+00
1482	1.064565e+00
1483	1.056663e+00
1484	1.053860e+00
1485	1.054998e+00
1486	1.059437e+00
1487	1.065729e+00
1488	1.074842e+00
1489	1.084396e+00
1490	1.094340e+00
1491	1.105616e+00
1492	1.116852e+00
1493	1.126023e+00
1494	1.132449e+00
1495	1.136669e+00
1496	1.135947e+00
1497	1.131340e+00
1498	1.124173e+00
1499	1.113866e+00
1500	1.102747e+00
1501	1.090916e+00
1502	1.078928e+00
1503	1.069542e+00
1504	1.063531e+00
1505	1.060523e+00
1506	1.061147e+00
1507	1.065041e+00
1508	1.071327e+00
1509	1.079612e+00
1510	1.089843e+00
1511	1.100789e+00
1512	1.111035e+00
1513	1.120018e+00
1514	1.126387e+00
1515	1.131709e+00
1516	1.136336e+00
1517	1.137599e+00
1518	1.135914e+00
1519	1.128777e+00
1520	1.116998e+00
1521	1.103802e+00
1522	1.089808e+00
1523	1.075442e+00
1524	1.064410e+00
1525	1.055186e+00
1526	1.049927e+00
1527	1.048756e+00
1528	1.051819e+00
1529	1.059426e+00
1530	1.072380e+00
1531	1.085828e+00
1532	1.098903e+00
1533	1.110806e+00
1534	1.122590e+00
1535	1.132839e+00
1536	1.139016e+00
1537	1.142546e+00
1538	1.141925e+00
1539	1.137784e+00
1540	1.130594e+00
1541	1.121200e+00
1542	1.109716e+00
1543	1.098031e+00
1544	1.087385e+00
1545	1.077079e+00
1546	1.069077e+00
1547	1.064596e+00
1548	1.063722e+00
1549	1.065740e+00
1550	1.071308e+00
1551	1.079003e+00
1552	1.089865e+00
1553	1.100995e+00
1554	1.112078e+00
1555	1.121834e+00
1556	1.129323e+00
1557	1.134579e+00
1558	1.136398e+00
1559	1.134283e+00
1560	1.128480e+00
1561	1.121511e+00
1562	1.113251e+00
1563	1.103431e+00
1564	1.091937e+00
1565	1.080643e+00
1566	1.071452e+00
1567	1.064995e+00
1568	1.061065e+00
1569	1.059680e+00
1570	1.062285e+00
1571	1.068767e+00
1572	1.079052e+00
1573	1.090746e+00
1574	1.102178e+00
1575	1.110893e+00
1576	1.118245e+00
1577	1.122928e+00
1578	1.124504e+00
1579	1.123587e+00
1580	1.119156e+00
1581	1.112225e+00
1582	1.104279e+00
1583	1.094085e+00
1584	1.084231e+00
1585	1.074867e+00
1586	1.067969e+00
1587	1.062356e+00
1588	1.059388e+00
1589	1.059539e+00
1590	1.062835e+00
1591	1.069903e+00
1592	1.080500e+00
1593	1.092749e+00
1594	1.104651e+00
1595	1.116324e+00
1596	1.126163e+00
1597	1.133667e+00
1598	1.138703e+00
1599	1.140394e+00
1600	1.138733e+00
1601	1.133816e+00
1602	1.127789e+00
1603	1.118240e+00
1604	1.106589e+00
1605	1.093228e+00
1606	1.078135e+00
1607	1.064258e+00
1608	1.053572e+00
1609	1.048074e+00
1610	1.047225e+00
1611	1.051598e+00
1612	1.059839e+00
1613	1.072080e+00
1614	1.086685e+00
1615	1.101751e+00
1616	1.117003e+00
1617	1.131667e+00
1618	1.143204e+00
1619	1.151228e+00
1620	1.156006e+00
1621	1.156148e+00
1622	1.152497e+00
1623	1.144854e+00
1624	1.132125e+00
1625	1.117254e+00
1626	1.102107e+00
1627	1.084845e+00
1628	1.068783e+00
1629	1.055882e+00
1630	1.047251e+00
1631	1.042379e+00
1632	1.039617e+00
1633	1.042332e+00
1634	1.048971e+00
1635	1.060860e+00
1636	1.075244e+00
1637	1.090875e+00
1638	1.105813e+00
1639	1.120683e+00
1640	1.133027e+00
1641	1.142032e+00
1642	1.147822e+00
1643	1.148738e+00
1644	1.147020e+00
1645	1.141209e+00
1646	1.132729e+00
1647	1.121680e+00
1648	1.108793e+00
1649	1.095241e+00
1650	1.083963e+00
1651	1.074459e+00
1652	1.068123e+00
1653	1.064277e+00
1654	1.062131e+00
1655	1.062588e+00
1656	1.067331e+00
1657	1.075079e+00
1658	1.084727e+00
1659	1.092817e+00
1660	1.101700e+00
1661	1.110431e+00
1662	1.117784e+00
1663	1.124137e+00
1664	1.129050e+00
1665	1.132227e+00
1666	1.133291e+00
1667	1.131710e+00
1668	1.129089e+00
1669	1.123585e+00
1670	1.115442e+00
1671	1.104943e+00
1672	1.093739e+00
1673	1.083369e+00
1674	1.074224e+00
1675	1.067713e+00
1676	1.063978e+00
1677	1.065796e+00
1678	1.072004e+00
1679	1.080203e+00
1680	1.089793e+00
1681	1.100846e+00
1682	1.111491e+00
1683	1.121558e+00
1684	1.129419e+00
1685	1.135146e+00
1686	1.137793e+00
1687	1.136917e+00
1688	1.133785e+00
1689	1.127254e+00
1690	1.118599e+00
1691	1.107703e+00
1692	1.096417e+00
1693	1.086607e+00
1694	1.077601e+00
1695	1.070739e+00
1696	1.066862e+00
1697	1.065069e+00
1698	1.065532e+00
1699	1.069595e+00
1700	1.075123e+00
1701	1.082861e+00
1702	1.090280e+00
1703	1.099229e+00
1704	1.107390e+00
1705	1.114299e+00
1706	1.118344e+00
1707	1.120242e+00
1708	1.118923e+00
1709	1.115998e+00
1710	1.109947e+00
1711	1.104270e+00
1712	1.097618e+00
1713	1.091734e+00
1714	1.085429e+00
1715	1.079902e+00
1716	1.074686e+00
1717	1.072120e+00
1718	1.069672e+00
1719	1.069446e+00
1720	1.070492e+00
1721	1.073501e+00
1722	1.078854e+00
1723	1.085928e+00
1724	1.094107e+00
1725	1.102563e+00
1726	1.110702e+00
1727	1.116927e+00
1728	1.121445e+00
1729	1.124201e+00
1730	1.126192e+00
1731	1.126932e+00
1732	1.125676e+00
1733	1.123967e+00
1734	1.119801e+00
1735	1.113292e+00
1736	1.106438e+00
1737	1.098385e+00
1738	1.091537e+00
1739	1.086043e+00
1740	1.081394e+00
1741	1.078614e+00
1742	1.077469e+00
1743	1.077221e+00
1744	1.078947e+00
1745	1.082119e+00
1746	1.087777e+00
1747	1.093981e+00
1748	1.101778e+00
1749	1.108903e+00
1750	1.116243e+00
1751	1.121377e+00
1752	1.124834e+00
1753	1.126687e+00
1754	1.126869e+00
1755	1.123841e+00
1756	1.117814e+00
1757	1.108821e+00
1758	1.098409e+00
1759	1.088295e+00
1760	1.079515e+00
1761	1.072336e+00
1762	1.066758e+00
1763	1.061990e+00
1764	1.062017e+00
1765	1.064747e+00
1766	1.070568e+00
1767	1.079801e+00
1768	1.089595e+00
1769	1.101106e+00
1770	1.112019e+00
1771	1.121176e+00
1772	1.128344e+00
1773	1.133115e+00
1774	1.134114e+00
1775	1.132025e+00
1776	1.127489e+00
1777	1.121694e+00
1778	1.114567e+00
1779	1.105419e+00
1780	1.094785e+00
1781	1.086257e+00
1782	1.077956e+00
1783	1.070452e+00
1784	1.065693e+00
1785	1.063745e+00
1786	1.064869e+00
1787	1.068273e+00
1788	1.074827e+00
1789	1.083094e+00
1790	1.093093e+00
1791	1.104915e+00
1792	1.116815e+00
1793	1.125963e+00
1794	1.132804e+00
1795	1.137017e+00
1796	1.137722e+00
1797	1.134652e+00
1798	1.128029e+00
1799	1.118100e+00
1800	1.107077e+00
1801	1.094981e+00
1802	1.083628e+00
1803	1.073335e+00
1804	1.067943e+00
1805	1.065709e+00
1806	1.065883e+00
1807	1.067850e+00
1808	1.072145e+00
1809	1.079328e+00
1810	1.089321e+00
1811	1.101804e+00
1812	1.113600e+00
1813	1.123039e+00
1814	1.131867e+00
1815	1.137803e+00
1816	1.142162e+00
1817	1.144155e+00
1818	1.142437e+00
1819	1.138195e+00
1820	1.132483e+00
1821	1.124071e+00
1822	1.113302e+00
1823	1.101778e+00
1824	1.090593e+00
1825	1.081453e+00
1826	1.076079e+00
1827	1.074411e+00
1828	1.074767e+00
1829	1.078840e+00
1830	1.084480e+00
1831	1.094219e+00
1832	1.103979e+00
1833	1.112868e+00
1834	1.119829e+00
1835	1.124934e+00
1836	1.127642e+00
1837	1.126908e+00
1838	1.122836e+00
1839	1.116947e+00
1840	1.109776e+00
1841	1.102174e+00
1842	1.094571e+00
1843	1.089563e+00
1844	1.085003e+00
1845	1.081775e+00
1846	1.079730e+00
1847	1.077833e+00
1848	1.075320e+00
1849	1.074062e+00
1850	1.075229e+00
1851	1.079612e+00
1852	1.084085e+00
1853	1.090056e+00
1854	1.095100e+00
1855	1.100247e+00
1856	1.103271e+00
1857	1.104868e+00
1858	1.105474e+00
1859	1.106097e+00
1860	1.106222e+00
1861	1.104649e+00
1862	1.103101e+00
1863	1.100046e+00
1864	1.096789e+00
1865	1.093686e+00
1866	1.091931e+00
1867	1.089672e+00
1868	1.086986e+00
1869	1.085817e+00
1870	1.085674e+00
1871	1.087877e+00
1872	1.092047e+00
1873	1.097660e+00
1874	1.103850e+00
1875	1.110953e+00
1876	1.118034e+00
1877	1.124146e+00
1878	1.128614e+00
1879	1.131253e+00
1880	1.132290e+00
1881	1.130113e+00
1882	1.125305e+00
1883	1.117047e+00
1884	1.107052e+00
1885	1.096505e+00
1886	1.088091e+00
1887	1.080789e+00
1888	1.074760e+00
1889	1.071778e+00
1890	1.071104e+00
1891	1.071100e+00
1892	1.073355e+00
1893	1.077625e+00
1894	1.085665e+00
1895	1.094983e+00
1896	1.104217e+00
1897	1.113613e+00
1898	1.121677e+00
1899	1.127376e+00
1900	1.131923e+00
1901	1.133387e+00
1902	1.133243e+00
1903	1.130662e+00
1904	1.127079e+00
1905	1.120296e+00
1906	1.112135e+00
1907	1.102922e+00
1908	1.093329e+00
1909	1.084352e+00
1910	1.076693e+00
1911	1.071286e+00
1912	1.067727e+00
1913	1.065671e+00
1914	1.066080e+00
1915	1.068988e+00
1916	1.075526e+00
1917	1.083978e+00
1918	1.094265e+00
1919	1.105121e+00
1920	1.115665e+00
1921	1.125036e+00
1922	1.133299e+00
1923	1.138156e+00
1924	1.143163e+00
1925	1.145640e+00
1926	1.145423e+00
1927	1.143583e+00
1928	1.138462e+00
1929	1.130106e+00
1930	1.121168e+00
1931	1.111328e+00
1932	1.102183e+00
1933	1.094498e+00
1934	1.087472e+00
1935	1.081855e+00
1936	1.079291e+00
1937	1.079021e+00
1938	1.082186e+00
1939	1.087716e+00
1940	1.095442e+00
1941	1.101821e+00
1942	1.109276e+00
1943	1.117103e+00
1944	1.124236e+00
1945	1.128387e+00
1946	1.129481e+00
1947	1.128223e+00
1948	1.125539e+00
1949	1.120223e+00
1950	1.113198e+00
1951	1.106413e+00
1952	1.100480e+00
1953	1.093021e+00
1954	1.085381e+00
1955	1.079187e+00
1956	1.076074e+00
1957	1.074606e+00
1958	1.075855e+00
1959	1.079083e+00
1960	1.084186e+00
1961	1.089923e+00
1962	1.095465e+00
1963	1.100468e+00
1964	1.105257e+00
1965	1.109257e+00
1966	1.113860e+00
1967	1.116378e+00
1968	1.117252e+00
1969	1.117333e+00
1970	1.116552e+00
1971	1.115745e+00
1972	1.115569e+00
1973	1.114262e+00
1974	1.111616e+00
1975	1.108835e+00
1976	1.106379e+00
1977	1.104000e+00
1978	1.101559e+00
1979	1.100259e+00
1980	1.098101e+00
1981	1.096322e+00
1982	1.096532e+00
1983	1.098468e+00
1984	1.100543e+00
1985	1.102735e+00
1986	1.104858e+00
1987	1.105616e+00
1988	1.105503e+00
1989	1.105711e+00
1990	1.106082e+00
1991	1.105228e+00
1992	1.104670e+00
1993	1.103346e+00
1994	1.100699e+00
1995	1.096864e+00
1996	1.094373e+00
1997	1.094064e+00
1998	1.093963e+00
1999	1.093248e+00
2000	1.091435e+00
2001	1.088871e+00
2002	1.087179e+00
2003	1.086908e+00
2004	1.087572e+00
2005	1.088768e+00
2006	1.091268e+00
2007	1.094395e+00
2008	1.098734e+00
2009	1.103200e+00
2010	1.106972e+00
2011	1.110063e+00
2012	1.113117e+00
2013	1.115835e+00
2014	1.118368e+00
2015	1.120102e+00
2016	1.120813e+00
2017	1.120435e+00
2018	1.118747e+00
2019	1.116272e+00
2020	1.112521e+00
2021	1.106967e+00
2022	1.102146e+00
2023	1.096315e+00
2024	1.090780e+00
2025	1.086232e+00
2026	1.083997e+00
2027	1.082966e+00
2028	1.083238e+00
2029	1.085131e+00
2030	1.087972e+00
2031	1.090428e+00
2032	1.093084e+00
2033	1.096574e+00
2034	1.101373e+00
2035	1.105485e+00
2036	1.109186e+00
2037	1.112383e+00
2038	1.114637e+00
2039	1.115005e+00
2040	1.113707e+00
2041	1.111633e+00
2042	1.109942e+00
2043	1.108431e+00
2044	1.104797e+00
2045	1.099486e+00
2046	1.093649e+00
2047	1.088257e+00
2048	1.082964e+00
2049	1.077388e+00
2050	1.073596e+00
2051	1.071874e+00
2052	1.071628e+00
2053	1.072816e+00
2054	1.076160e+00
2055	1.080168e+00
2056	1.084250e+00
2057	1.090819e+00
2058	1.097292e+00
2059	1.102575e+00
2060	1.108205e+00
2061	1.113206e+00
2062	1.117449e+00
2063	1.120611e+00
2064	1.122604e+00
2065	1.121671e+00
2066	1.118896e+00
2067	1.115130e+00
2068	1.109881e+00
2069	1.105059e+00
2070	1.100470e+00
2071	1.096362e+00
2072	1.092069e+00
2073	1.088215e+00
2074	1.086347e+00
2075	1.083581e+00
2076	1.083141e+00
2077	1.084659e+00
2078	1.087446e+00
2079	1.092699e+00
2080	1.099970e+00
2081	1.107711e+00
2082	1.115800e+00
2083	1.123384e+00
2084	1.129954e+00
2085	1.133696e+00
2086	1.134010e+00
2087	1.132527e+00
2088	1.126700e+00
2089	1.119957e+00
2090	1.112410e+00
2091	1.103409e+00
2092	1.093670e+00
2093	1.083760e+00
2094	1.075311e+00
2095	1.069910e+00
2096	1.067125e+00
2097	1.068317e+00
2098	1.072188e+00
2099	1.077896e+00
2100	1.085999e+00
2101	1.096147e+00
2102	1.108611e+00
2103	1.121666e+00
2104	1.132043e+00
2105	1.140013e+00
2106	1.144814e+00
2107	1.146569e+00
2108	1.144377e+00
2109	1.139263e+00
2110	1.131569e+00
2111	1.123186e+00
2112	1.112615e+00
2113	1.098765e+00
2114	1.085433e+00
2115	1.074635e+00
2116	1.066904e+00
2117	1.061732e+00
2118	1.060083e+00
2119	1.063420e+00
2120	1.069504e+00
2121	1.079290e+00
2122	1.090312e+00
2123	1.101760e+00
2124	1.111480e+00
2125	1.121673e+00
2126	1.129368e+00
2127	1.134044e+00
2128	1.133706e+00
2129	1.129887e+00
2130	1.122808e+00
2131	1.114720e+00
2132	1.106746e+00
2133	1.097492e+00
2134	1.088294e+00
2135	1.077845e+00
2136	1.067973e+00
2137	1.059864e+00
2138	1.055584e+00
2139	1.054198e+00
2140	1.057440e+00
2141	1.062654e+00
2142	1.071208e+00
2143	1.082187e+00
2144	1.094226e+00
2145	1.105540e+00
2146	1.116332e+00
2147	1.126455e+00
2148	1.133684e+00
2149	1.138663e+00
2150	1.140381e+00
2151	1.138116e+00
2152	1.132154e+00
2153	1.123886e+00
2154	1.114636e+00
2155	1.104289e+00
2156	1.094219e+00
2157	1.083062e+00
2158	1.071848e+00
2159	1.063852e+00
2160	1.057404e+00
2161	1.055849e+00
2162	1.057761e+00
2163	1.062214e+00
2164	1.070227e+00
2165	1.080237e+00
2166	1.091936e+00
2167	1.104036e+00
2168	1.117811e+00
2169	1.129761e+00
2170	1.137889e+00
2171	1.144004e+00
2172	1.147713e+00
2173	1.148597e+00
2174	1.146508e+00
2175	1.141648e+00
2176	1.134783e+00
2177	1.125530e+00
2178	1.115589e+00
2179	1.105243e+00
2180	1.095472e+00
2181	1.086681e+00
2182	1.079433e+00
2183	1.075295e+00
2184	1.073322e+00
2185	1.074889e+00
2186	1.077870e+00
2187	1.083673e+00
2188	1.090972e+00
2189	1.098488e+00
2190	1.106996e+00
2191	1.114057e+00
2192	1.120444e+00
2193	1.126159e+00
2194	1.129870e+00
2195	1.132197e+00
2196	1.131287e+00
2197	1.127552e+00
2198	1.121716e+00
2199	1.115099e+00
2200	1.107912e+00
2201	1.100119e+00
2202	1.091544e+00
2203	1.086553e+00
2204	1.082623e+00
2205	1.080674e+00
2206	1.079980e+00
2207	1.081367e+00
2208	1.084599e+00
2209	1.089267e+00
2210	1.096374e+00
2211	1.102921e+00
2212	1.107893e+00
2213	1.111711e+00
2214	1.113408e+00
2215	1.113370e+00
2216	1.112978e+00
2217	1.109695e+00
2218	1.106280e+00
2219	1.102226e+00
2220	1.098695e+00
2221	1.095448e+00
2222	1.091821e+00
2223	1.087633e+00
2224	1.083613e+00
2225	1.080844e+00
2226	1.079251e+00
2227	1.079747e+00
2228	1.082816e+00
2229	1.087070e+00
2230	1.091001e+00
2231	1.095953e+00
2232	1.101315e+00
2233	1.107097e+00
2234	1.111740e+00
2235	1.114452e+00
2236	1.115509e+00
2237	1.114022e+00
2238	1.109444e+00
2239	1.103563e+00
2240	1.096632e+00
2241	1.090831e+00
2242	1.085597e+00
2243	1.080483e+00
2244	1.077367e+00
2245	1.075615e+00
2246	1.076649e+00
2247	1.079923e+00
2248	1.084973e+00
2249	1.089628e+00
2250	1.094841e+00
2251	1.101226e+00
2252	1.107919e+00
2253	1.113072e+00
2254	1.117757e+00
2255	1.121515e+00
2256	1.123126e+00
2257	1.121045e+00
2258	1.117088e+00
2259	1.113661e+00
2260	1.109807e+00
2261	1.105334e+00
2262	1.100944e+00
2263	1.094574e+00
2264	1.089338e+00
2265	1.084044e+00
2266	1.080067e+00
2267	1.077745e+00
2268	1.075967e+00
2269	1.076944e+00
2270	1.078871e+00
2271	1.083370e+00
2272	1.090191e+00
2273	1.097825e+00
2274	1.107090e+00
2275	1.116230e+00
2276	1.124661e+00
2277	1.131146e+00
2278	1.136481e+00
2279	1.139166e+00
2280	1.139719e+00
2281	1.137715e+00
2282	1.132597e+00
2283	1.124803e+00
2284	1.115963e+00
2285	1.106864e+00
2286	1.099049e+00
2287	1.090931e+00
2288	1.083175e+00
2289	1.074554e+00
2290	1.070223e+00
2291	1.067932e+00
2292	1.067273e+00
2293	1.069295e+00
2294	1.073450e+00
2295	1.079489e+00
2296	1.087647e+00
2297	1.097100e+00
2298	1.107299e+00
2299	1.116154e+00
2300	1.122633e+00
2301	1.126787e+00
2302	1.127517e+00
2303	1.125313e+00
2304	1.120913e+00
2305	1.114721e+00
2306	1.107810e+00
2307	1.100476e+00
2308	1.094788e+00
2309	1.088914e+00
2310	1.084581e+00
2311	1.080469e+00
2312	1.079530e+00
2313	1.080040e+00
2314	1.081554e+00
2315	1.083925e+00
2316	1.087566e+00
2317	1.091551e+00
2318	1.095373e+00
2319	1.098831e+00
2320	1.103676e+00
2321	1.107404e+00
2322	1.111260e+00
2323	1.114911e+00
2324	1.118611e+00
2325	1.120707e+00
2326	1.119378e+00
2327	1.117667e+00
2328	1.114926e+00
2329	1.109454e+00
2330	1.103359e+00
2331	1.096464e+00
2332	1.091550e+00
2333	1.088291e+00
2334	1.085300e+00
2335	1.083112e+00
2336	1.083136e+00
2337	1.084914e+00
2338	1.085985e+00
2339	1.088761e+00
2340	1.091919e+00
2341	1.095758e+00
2342	1.100401e+00
2343	1.104313e+00
2344	1.107977e+00
2345	1.111179e+00
2346	1.112869e+00
2347	1.112885e+00
2348	1.110442e+00
2349	1.106131e+00
2350	1.101171e+00
2351	1.096407e+00
2352	1.092359e+00
2353	1.090297e+00
2354	1.090811e+00
2355	1.091599e+00
2356	1.092724e+00
2357	1.094231e+00
2358	1.096514e+00
2359	1.099664e+00
2360	1.103982e+00
2361	1.108489e+00
2362	1.111897e+00
2363	1.114009e+00
2364	1.114424e+00
2365	1.113290e+00
2366	1.110719e+00
2367	1.106746e+00
2368	1.101626e+00
2369	1.096392e+00
2370	1.091133e+00
2371	1.088074e+00
2372	1.086665e+00
2373	1.086389e+00
2374	1.087233e+00
2375	1.089814e+00
2376	1.091651e+00
2377	1.093401e+00
2378	1.095625e+00
2379	1.098065e+00
2380	1.098811e+00
2381	1.098884e+00
2382	1.098627e+00
2383	1.098895e+00
2384	1.098901e+00
2385	1.098488e+00
2386	1.097390e+00
2387	1.096849e+00
2388	1.098114e+00
2389	1.098642e+00
2390	1.098434e+00
2391	1.099320e+00
2392	1.100594e+00
2393	1.099150e+00
2394	1.097754e+00
2395	1.096413e+00
2396	1.094119e+00
2397	1.092320e+00
2398	1.089944e+00
2399	1.087933e+00
2400	1.088943e+00
2401	1.089676e+00
2402	1.092001e+00
2403	1.093743e+00
2404	1.095649e+00
2405	1.097053e+00
2406	1.099028e+00
2407	1.098818e+00
2408	1.097663e+00
2409	1.095426e+00
2410	1.094072e+00
2411	1.092221e+00
2412	1.091067e+00
2413	1.091954e+00
2414	1.093378e+00
2415	1.094985e+00
2416	1.096447e+00
2417	1.098825e+00
2418	1.101952e+00
2419	1.105442e+00
2420	1.110163e+00
2421	1.113727e+00
2422	1.116206e+00
2423	1.117048e+00
2424	1.115193e+00
2425	1.111225e+00
2426	1.107137e+00
2427	1.102840e+00
2428	1.098107e+00
2429	1.093902e+00
2430	1.090132e+00
2431	1.088150e+00
2432	1.086329e+00
2433	1.085706e+00
2434	1.085284e+00
2435	1.086460e+00
2436	1.090420e+00
2437	1.094088e+00
2438	1.096974e+00
2439	1.098854e+00
2440	1.100905e+00
2441	1.104345e+00
2442	1.107845e+00
2443	1.111161e+00
2444	1.113872e+00
2445	1.115150e+00
2446	1.115498e+00
2447	1.115193e+00
2448	1.112245e+00
2449	1.109215e+00
2450	1.106326e+00
2451	1.102894e+00
2452	1.098324e+00
2453	1.092982e+00
2454	1.088114e+00
2455	1.085727e+00
2456	1.084610e+00
2457	1.084011e+00
2458	1.084442e+00
2459	1.085503e+00
2460	1.089413e+00
2461	1.095434e+00
2462	1.099934e+00
2463	1.104904e+00
2464	1.110417e+00
2465	1.114807e+00
2466	1.117559e+00
2467	1.119561e+00
2468	1.119992e+00
2469	1.119398e+00
2470	1.118501e+00
2471	1.116503e+00
2472	1.113361e+00
2473	1.108471e+00
2474	1.102194e+00
2475	1.096981e+00
2476	1.091062e+00
2477	1.084870e+00
2478	1.081168e+00
2479	1.080331e+00
2480	1.082315e+00
2481	1.085007e+00
2482	1.087989e+00
2483	1.093357e+00
2484	1.100927e+00
2485	1.108255e+00
2486	1.115723e+00
2487	1.121407e+00
2488	1.126176e+00
2489	1.127720e+00
2490	1.126464e+00
2491	1.121842e+00
2492	1.115107e+00
2493	1.105889e+00
2494	1.096041e+00
2495	1.088408e+00
2496	1.081368e+00
2497	1.076589e+00
2498	1.073617e+00
2499	1.072576e+00
2500	1.074683e+00
2501	1.079015e+00
2502	1.083746e+00
2503	1.089266e+00
2504	1.095237e+00
2505	1.101898e+00
2506	1.108038e+00
2507	1.114803e+00
2508	1.122029e+00
2509	1.125726e+00
2510	1.128412e+00
2511	1.130310e+00
2512	1.130998e+00
2513	1.129623e+00
2514	1.125307e+00
2515	1.121356e+00
2516	1.115586e+00
2517	1.108792e+00
2518	1.101438e+00
2519	1.093828e+00
2520	1.087630e+00
2521	1.081947e+00
2522	1.077111e+00
2523	1.075512e+00
2524	1.076450e+00
2525	1.080117e+00
2526	1.085792e+00
2527	1.092638e+00
2528	1.099637e+00
2529	1.106531e+00
2530	1.112143e+00
2531	1.117642e+00
2532	1.120052e+00
2533	1.119946e+00
2534	1.116802e+00
2535	1.111921e+00
2536	1.104552e+00
2537	1.096184e+00
2538	1.088315e+00
2539	1.079637e+00
2540	1.072041e+00
2541	1.065107e+00
2542	1.060876e+00
2543	1.059267e+00
2544	1.059463e+00
2545	1.062464e+00
2546	1.068263e+00
2547	1.075802e+00
2548	1.084754e+00
2549	1.096244e+00
2550	1.107708e+00
2551	1.117971e+00
2552	1.126314e+00
2553	1.131729e+00
2554	1.134137e+00
2555	1.132778e+00
2556	1.129774e+00
2557	1.124470e+00
2558	1.117697e+00
2559	1.110169e+00
2560	1.102046e+00
2561	1.094766e+00
2562	1.088624e+00
2563	1.084612e+00
2564	1.080823e+00
2565	1.078072e+00
2566	1.077090e+00
2567	1.076927e+00
2568	1.079469e+00
2569	1.084444e+00
2570	1.089255e+00
2571	1.094459e+00
2572	1.100129e+00
2573	1.103902e+00
2574	1.107031e+00
2575	1.110146e+00
2576	1.111517e+00
2577	1.113019e+00
2578	1.113001e+00
2579	1.112575e+00
2580	1.110178e+00
2581	1.106248e+00
2582	1.101530e+00
2583	1.096336e+00
2584	1.090749e+00
2585	1.087382e+00
2586	1.086620e+00
2587	1.085829e+00
2588	1.085917e+00
2589	1.086600e+00
2590	1.088640e+00
2591	1.091298e+00
2592	1.093404e+00
2593	1.095847e+00
2594	1.096733e+00
2595	1.098061e+00
2596	1.100347e+00
2597	1.101054e+00
2598	1.102497e+00
2599	1.103954e+00
2600	1.102457e+00
2601	1.101374e+00
2602	1.101884e+00
2603	1.101490e+00
2604	1.100942e+00
2605	1.100896e+00
2606	1.100029e+00
2607	1.099115e+00
2608	1.095836e+00
2609	1.092139e+00
2610	1.088100e+00
2611	1.084989e+00
2612	1.082819e+00
2613	1.081530e+00
2614	1.081217e+00
2615	1.082374e+00
2616	1.085297e+00
2617	1.088202e+00
2618	1.091947e+00
2619	1.096291e+00
2620	1.100648e+00
2621	1.106418e+00
2622	1.112670e+00
2623	1.118281e+00
2624	1.123121e+00
2625	1.125742e+00
2626	1.125889e+00
2627	1.122307e+00
2628	1.117089e+00
2629	1.110287e+00
2630	1.100747e+00
2631	1.091329e+00
2632	1.081471e+00
2633	1.072357e+00
2634	1.065609e+00
2635	1.062110e+00
2636	1.061046e+00
2637	1.063639e+00
2638	1.069655e+00
2639	1.079844e+00
2640	1.091995e+00
2641	1.105824e+00
2642	1.117514e+00
2643	1.127809e+00
2644	1.135869e+00
2645	1.141042e+00
2646	1.143211e+00
2647	1.142070e+00
2648	1.137673e+00
2649	1.130521e+00
2650	1.121705e+00
2651	1.111956e+00
2652	1.100534e+00
2653	1.089724e+00
2654	1.080321e+00
2655	1.071892e+00
2656	1.066903e+00
2657	1.064475e+00
2658	1.067439e+00
2659	1.072947e+00
2660	1.082078e+00
2661	1.092674e+00
2662	1.104057e+00
2663	1.114882e+00
2664	1.123909e+00
2665	1.132202e+00
2666	1.138301e+00
2667	1.141345e+00
2668	1.142415e+00
2669	1.141632e+00
2670	1.139448e+00
2671	1.132988e+00
2672	1.124703e+00
2673	1.115853e+00
2674	1.105487e+00
2675	1.095275e+00
2676	1.085162e+00
2677	1.077556e+00
2678	1.073436e+00
2679	1.073231e+00
2680	1.076072e+00
2681	1.081711e+00
2682	1.091285e+00
2683	1.100402e+00
2684	1.110064e+00
2685	1.119059e+00
2686	1.126475e+00
2687	1.132161e+00
2688	1.135268e+00
2689	1.134749e+00
2690	1.132204e+00
2691	1.126943e+00
2692	1.120137e+00
2693	1.112604e+00
2694	1.105689e+00
2695	1.099261e+00
2696	1.094606e+00
2697	1.091491e+00
2698	1.089196e+00
2699	1.087525e+00
2700	1.086914e+00
2701	1.087043e+00
2702	1.088641e+00
2703	1.092022e+00
2704	1.096012e+00
2705	1.100888e+00
2706	1.106795e+00
2707	1.112468e+00
2708	1.116588e+00
2709	1.118591e+00
2710	1.119238e+00
2711	1.118514e+00
2712	1.116452e+00
2713	1.113906e+00
2714	1.109567e+00
2715	1.103445e+00
2716	1.097985e+00
2717	1.092473e+00
2718	1.087002e+00
2719	1.082161e+00
2720	1.080485e+00
2721	1.080391e+00
2722	1.083644e+00
2723	1.089734e+00
2724	1.096608e+00
2725	1.104936e+00
2726	1.112060e+00
2727	1.118483e+00
2728	1.122062e+00
2729	1.124079e+00
2730	1.124238e+00
2731	1.122469e+00
2732	1.119251e+00
2733	1.114909e+00
2734	1.110526e+00
2735	1.107332e+00
2736	1.103302e+00
2737	1.098906e+00
2738	1.093995e+00
2739	1.089210e+00
2740	1.087164e+00
2741	1.087226e+00
2742	1.088579e+00
2743	1.090009e+00
2744	1.092767e+00
2745	1.096976e+00
2746	1.101868e+00
2747	1.106584e+00
2748	1.110286e+00
2749	1.112632e+00
2750	1.113892e+00
2751	1.112740e+00
2752	1.110689e+00
2753	1.107433e+00
2754	1.103742e+00
2755	1.099202e+00
2756	1.094247e+00
2757	1.091001e+00
2758	1.087842e+00
2759	1.086706e+00
2760	1.087172e+00
2761	1.089346e+00
2762	1.092385e+00
2763	1.096318e+00
2764	1.100975e+00
2765	1.105776e+00
2766	1.111256e+00
2767	1.115043e+00
2768	1.117340e+00
2769	1.116437e+00
2770	1.115458e+00
2771	1.111092e+00
2772	1.106675e+00
2773	1.102469e+00
2774	1.098295e+00
2775	1.094467e+00
2776	1.091129e+00
2777	1.088832e+00
2778	1.086188e+00
2779	1.085228e+00
2780	1.084716e+00
2781	1.085029e+00
2782	1.084451e+00
2783	1.085571e+00
2784	1.088808e+00
2785	1.092085e+00
2786	1.095222e+00
2787	1.099660e+00
2788	1.103186e+00
2789	1.106543e+00
2790	1.108675e+00
2791	1.110326e+00
2792	1.113009e+00
2793	1.114463e+00
2794	1.115960e+00
2795	1.114938e+00
2796	1.112869e+00
2797	1.109389e+00
2798	1.106500e+00
2799	1.103478e+00
2800	1.099869e+00
2801	1.095873e+00
2802	1.091717e+00
2803	1.087572e+00
2804	1.085407e+00
2805	1.083683e+00
2806	1.084211e+00
2807	1.085113e+00
2808	1.087950e+00
2809	1.092549e+00
2810	1.098959e+00
2811	1.104796e+00
2812	1.110776e+00
2813	1.115289e+00
2814	1.117935e+00
2815	1.118396e+00
2816	1.117543e+00
2817	1.114920e+00
2818	1.111247e+00
2819	1.106950e+00
2820	1.101481e+00
2821	1.095938e+00
2822	1.090932e+00
2823	1.086139e+00
2824	1.081772e+00
2825	1.078632e+00
2826	1.077089e+00
2827	1.075870e+00
2828	1.075550e+00
2829	1.076685e+00
2830	1.079273e+00
2831	1.084501e+00
2832	1.088407e+00
2833	1.092096e+00
2834	1.096417e+00
2835	1.100494e+00
2836	1.104104e+00
2837	1.107678e+00
2838	1.111623e+00
2839	1.114773e+00
2840	1.116831e+00
2841	1.118948e+00
2842	1.118225e+00
2843	1.117135e+00
2844	1.114035e+00
2845	1.108841e+00
2846	1.102679e+00
2847	1.096623e+00
2848	1.091354e+00
2849	1.086528e+00
2850	1.084903e+00
2851	1.083216e+00
2852	1.082911e+00
2853	1.083550e+00
2854	1.085864e+00
2855	1.087512e+00
2856	1.091863e+00
2857	1.095143e+00
2858	1.097465e+00
2859	1.101198e+00
2860	1.105424e+00
2861	1.109954e+00
2862	1.113816e+00
2863	1.116843e+00
2864	1.121202e+00
2865	1.125129e+00
2866	1.126118e+00
2867	1.124945e+00
2868	1.121727e+00
2869	1.117248e+00
2870	1.110309e+00
2871	1.102620e+00
2872	1.094883e+00
2873	1.086876e+00
2874	1.080202e+00
2875	1.074221e+00
2876	1.071343e+00
2877	1.070112e+00
2878	1.072211e+00
2879	1.076211e+00
2880	1.082003e+00
2881	1.087143e+00
2882	1.093595e+00
2883	1.099853e+00
2884	1.105450e+00
2885	1.109958e+00
2886	1.114563e+00
2887	1.116012e+00
2888	1.116566e+00
2889	1.115206e+00
2890	1.110166e+00
2891	1.104518e+00
2892	1.098591e+00
2893	1.092003e+00
2894	1.086721e+00
2895	1.082211e+00
2896	1.078354e+00
2897	1.074928e+00
2898	1.073518e+00
2899	1.074039e+00
2900	1.077688e+00
2901	1.082175e+00
2902	1.087444e+00
2903	1.092328e+00
2904	1.096662e+00
2905	1.101329e+00
2906	1.105697e+00
2907	1.109042e+00
2908	1.111657e+00
2909	1.113087e+00
2910	1.113975e+00
2911	1.113825e+00
2912	1.113089e+00
2913	1.110683e+00
2914	1.106039e+00
2915	1.100600e+00
2916	1.094421e+00
2917	1.087807e+00
2918	1.082263e+00
2919	1.077270e+00
2920	1.073432e+00
2921	1.071273e+00
2922	1.069912e+00
2923	1.068549e+00
2924	1.070748e+00
2925	1.077979e+00
2926	1.087871e+00
2927	1.098208e+00
2928	1.109309e+00
2929	1.119109e+00
2930	1.127207e+00
2931	1.131812e+00
2932	1.133714e+00
2933	1.133043e+00
2934	1.130353e+00
2935	1.125482e+00
2936	1.118243e+00
2937	1.109383e+00
2938	1.099298e+00
2939	1.088444e+00
2940	1.079926e+00
2941	1.073365e+00
2942	1.069550e+00
2943	1.067719e+00
2944	1.070917e+00
2945	1.078054e+00
2946	1.087039e+00
2947	1.096446e+00
2948	1.104850e+00
2949	1.112724e+00
2950	1.120115e+00
2951	1.124959e+00
2952	1.129332e+00
2953	1.130442e+00
2954	1.129390e+00
2955	1.125339e+00
2956	1.121595e+00
2957	1.116826e+00
2958	1.112208e+00
2959	1.108535e+00
2960	1.104467e+00
2961	1.100452e+00
2962	1.095211e+00
2963	1.092221e+00
2964	1.090008e+00
2965	1.087129e+00
2966	1.085892e+00
2967	1.087166e+00
2968	1.089337e+00
2969	1.093097e+00
2970	1.097949e+00
2971	1.102937e+00
2972	1.106847e+00
2973	1.110109e+00
2974	1.112168e+00
2975	1.112542e+00
2976	1.112441e+00
2977	1.110618e+00
2978	1.108659e+00
2979	1.106058e+00
2980	1.102475e+00
2981	1.098307e+00
2982	1.093930e+00
2983	1.090787e+00
2984	1.088376e+00
2985	1.086489e+00
2986	1.085960e+00
2987	1.085615e+00
2988	1.085689e+00
2989	1.087503e+00
2990	1.089728e+00
2991	1.092071e+00
2992	1.094992e+00
2993	1.096463e+00
2994	1.099478e+00
2995	1.103760e+00
2996	1.107350e+00
2997	1.110111e+00
2998	1.113957e+00
2999	1.117032e+00
3000	1.118816e+00
3001	1.119477e+00
3002	1.118290e+00
3003	1.115575e+00
3004	1.112152e+00
3005	1.108710e+00
3006	1.104744e+00
3007	1.098737e+00
3008	1.093565e+00
3009	1.089960e+00
3010	1.087908e+00
3011	1.085948e+00
3012	1.085887e+00
3013	1.087560e+00
3014	1.088482e+00
3015	1.090318e+00
3016	1.093848e+00
3017	1.098480e+00
3018	1.104322e+00
3019	1.109357e+00
3020	1.113968e+00
3021	1.118184e+00
3022	1.120095e+00
3023	1.119813e+00
3024	1.119916e+00
3025	1.119564e+00
3026	1.118274e+00
3027	1.115959e+00
3028	1.111863e+00
3029	1.108499e+00
3030	1.104440e+00
3031	1.100911e+00
3032	1.096985e+00
3033	1.092931e+00
3034	1.088568e+00
3035	1.086039e+00
3036	1.085611e+00
3037	1.086955e+00
3038	1.089758e+00
3039	1.093969e+00
3040	1.098355e+00
3041	1.103690e+00
3042	1.109982e+00
3043	1.118990e+00
3044	1.126962e+00
3045	1.133447e+00
3046	1.137539e+00
3047	1.138741e+00
3048	1.138019e+00
3049	1.134042e+00
3050	1.128312e+00
3051	1.119735e+00
3052	1.109319e+00
3053	1.096848e+00
3054	1.084542e+00
3055	1.073629e+00
3056	1.064683e+00
3057	1.058492e+00
3058	1.055961e+00
3059	1.058972e+00
3060	1.066965e+00
3061	1.079673e+00
3062	1.093144e+00
3063	1.106442e+00
3064	1.118465e+00
3065	1.129875e+00
3066	1.140955e+00
3067	1.147933e+00
3068	1.151033e+00
3069	1.151558e+00
3070	1.149103e+00
3071	1.144038e+00
3072	1.135941e+00
3073	1.124912e+00
3074	1.110863e+00
3075	1.096284e+00
3076	1.082584e+00
3077	1.070640e+00
3078	1.059975e+00
3079	1.053443e+00
3080	1.051928e+00
3081	1.055623e+00
3082	1.062888e+00
3083	1.074760e+00
3084	1.088671e+00
3085	1.103625e+00
3086	1.118521e+00
3087	1.133337e+00
3088	1.145253e+00
3089	1.154301e+00
3090	1.162061e+00
3091	1.167357e+00
3092	1.168880e+00
3093	1.164987e+00
3094	1.156836e+00
3095	1.145714e+00
3096	1.132479e+00
3097	1.117427e+00
3098	1.100652e+00
3099	1.083048e+00
3100	1.068951e+00
3101	1.058249e+00
3102	1.052668e+00
3103	1.052273e+00
3104	1.057535e+00
3105	1.067198e+00
3106	1.079308e+00
3107	1.092752e+00
3108	1.107579e+00
3109	1.122987e+00
3110	1.138605e+00
3111	1.152170e+00
3112	1.163144e+00
3113	1.169881e+00
3114	1.173239e+00
3115	1.173856e+00
3116	1.169846e+00
3117	1.162543e+00
3118	1.150154e+00
3119	1.134543e+00
3120	1.116607e+00
3121	1.098904e+00
3122	1.080826e+00
3123	1.064633e+00
3124	1.052467e+00
3125	1.044113e+00
3126	1.041862e+00
3127	1.045623e+00
3128	1.055043e+00
3129	1.067915e+00
3130	1.084252e+00
3131	1.102850e+00
3132	1.120792e+00
3133	1.137250e+00
3134	1.152056e+00
3135	1.162674e+00
3136	1.167380e+00
3137	1.169223e+00
3138	1.166833e+00
3139	1.160134e+00
3140	1.151660e+00
3141	1.138804e+00
3142	1.122915e+00
3143	1.105220e+00
3144	1.087927e+00
3145	1.070589e+00
3146	1.056992e+00
3147	1.047277e+00
3148	1.044429e+00
3149	1.046790e+00
3150	1.054635e+00
3151	1.066431e+00
3152	1.082100e+00
3153	1.099656e+00
3154	1.118624e+00
3155	1.136793e+00
3156	1.151858e+00
3157	1.162480e+00
3158	1.169747e+00
3159	1.172957e+00
3160	1.170741e+00
3161	1.163963e+00
3162	1.152073e+00
3163	1.137381e+00
3164	1.120090e+00
3165	1.099931e+00
3166	1.078578e+00
3167	1.060450e+00
3168	1.047178e+00
3169	1.040489e+00
3170	1.038201e+00
3171	1.041622e+00
3172	1.050835e+00
3173	1.063307e+00
3174	1.079014e+00
3175	1.095655e+00
3176	1.112991e+00
3177	1.128701e+00
3178	1.142166e+00
3179	1.152024e+00
3180	1.158098e+00
3181	1.160369e+00
3182	1.158673e+00
3183	1.154584e+00
3184	1.148333e+00
3185	1.139952e+00
3186	1.130008e+00
3187	1.117992e+00
3188	1.104723e+00
3189	1.090974e+00
3190	1.078665e+00
3191	1.067029e+00
3192	1.058587e+00
3193	1.055196e+00
3194	1.054772e+00
3195	1.059096e+00
3196	1.068024e+00
3197	1.080761e+00
3198	1.096522e+00
3199	1.111061e+00
3200	1.124734e+00
3201	1.137059e+00
3202	1.146626e+00
3203	1.153393e+00
3204	1.156171e+00
3205	1.153791e+00
3206	1.147579e+00
3207	1.137948e+00
3208	1.124706e+00
3209	1.109634e+00
3210	1.093776e+00
3211	1.078567e+00
3212	1.066450e+00
3213	1.057564e+00
3214	1.054008e+00
3215	1.054925e+00
3216	1.059542e+00
3217	1.067205e+00
3218	1.078108e+00
3219	1.091528e+00
3220	1.107051e+00
3221	1.122535e+00
3222	1.136088e+00
3223	1.147396e+00
3224	1.155002e+00
3225	1.156893e+00
3226	1.152611e+00
3227	1.144133e+00
3228	1.133140e+00
3229	1.119961e+00
3230	1.105688e+00
3231	1.093413e+00
3232	1.081456e+00
3233	1.070091e+00
3234	1.061483e+00
3235	1.055678e+00
3236	1.054177e+00
3237	1.056509e+00
3238	1.061545e+00
3239	1.070034e+00
3240	1.079882e+00
3241	1.090409e+00
3242	1.102533e+00
3243	1.115037e+00
3244	1.126213e+00
3245	1.134377e+00
3246	1.140812e+00
3247	1.145244e+00
3248	1.146160e+00
3249	1.143953e+00
3250	1.138886e+00
3251	1.129524e+00
3252	1.119217e+00
3253	1.109402e+00
3254	1.099426e+00
3255	1.090555e+00
3256	1.082479e+00
3257	1.075954e+00
3258	1.069424e+00
3259	1.066428e+00
3260	1.067632e+00
3261	1.071787e+00
3262	1.077222e+00
3263	1.083705e+00
3264	1.090030e+00
3265	1.097539e+00
3266	1.105654e+00
3267	1.113436e+00
3268	1.120178e+00
3269	1.125647e+00
3270	1.130115e+00
3271	1.133359e+00
3272	1.135123e+00
3273	1.134183e+00
3274	1.132486e+00
3275	1.127025e+00
3276	1.120682e+00
3277	1.114134e+00
3278	1.107978e+00
3279	1.101695e+00
3280	1.095706e+00
3281	1.091986e+00
3282	1.088913e+00
3283	1.087903e+00
3284	1.088656e+00
3285	1.090951e+00
3286	1.094545e+00
3287	1.098820e+00
3288	1.103807e+00
3289	1.109478e+00
3290	1.114090e+00
3291	1.118701e+00
3292	1.122402e+00
3293	1.124585e+00
3294	1.123252e+00
3295	1.119831e+00
3296	1.115611e+00
3297	1.110219e+00
3298	1.103691e+00
3299	1.096793e+00
3300	1.090000e+00
3301	1.082355e+00
3302	1.076129e+00
3303	1.073269e+00
3304	1.072913e+00
3305	1.073763e+00
3306	1.077656e+00
3307	1.083482e+00
3308	1.090217e+00
3309	1.098543e+00
3310	1.108395e+00
3311	1.116891e+00
3312	1.124538e+00
3313	1.131214e+00
3314	1.135304e+00
3315	1.136847e+00
3316	1.136664e+00
3317	1.133438e+00
3318	1.128327e+00
3319	1.122319e+00
3320	1.114461e+00
3321	1.107129e+00
3322	1.100497e+00
3323	1.094373e+00
3324	1.089213e+00
3325	1.083659e+00
3326	1.080302e+00
3327	1.079321e+00
3328	1.080193e+00
3329	1.083115e+00
3330	1.087889e+00
3331	1.094192e+00
3332	1.100942e+00
3333	1.108321e+00
3334	1.115937e+00
3335	1.122919e+00
3336	1.127398e+00
3337	1.130495e+00
3338	1.131651e+00
3339	1.130822e+00
3340	1.129666e+00
3341	1.126230e+00
3342	1.120156e+00
3343	1.112795e+00
3344	1.103810e+00
3345	1.095321e+00
3346	1.087490e+00
3347	1.080501e+00
3348	1.075967e+00
3349	1.073013e+00
3350	1.073675e+00
3351	1.078195e+00
3352	1.084186e+00
3353	1.091659e+00
3354	1.101998e+00
3355	1.112714e+00
3356	1.122074e+00
3357	1.131037e+00
3358	1.135200e+00
3359	1.136846e+00
3360	1.135353e+00
3361	1.131880e+00
3362	1.125607e+00
3363	1.118068e+00
3364	1.110336e+00
3365	1.103186e+00
3366	1.096995e+00
3367	1.091416e+00
3368	1.084933e+00
3369	1.079637e+00
3370	1.076655e+00
3371	1.076327e+00
3372	1.077953e+00
3373	1.082062e+00
3374	1.088929e+00
3375	1.095021e+00
3376	1.101116e+00
3377	1.105788e+00
3378	1.110560e+00
3379	1.115371e+00
3380	1.118342e+00
3381	1.120025e+00
3382	1.119367e+00
3383	1.117241e+00
3384	1.113914e+00
3385	1.109304e+00
3386	1.102631e+00
3387	1.095594e+00
3388	1.087873e+00
3389	1.080496e+00
3390	1.073939e+00
3391	1.068664e+00
3392	1.064606e+00
3393	1.062869e+00
3394	1.064031e+00
3395	1.068168e+00
3396	1.074868e+00
3397	1.085377e+00
3398	1.095268e+00
3399	1.104461e+00
3400	1.114572e+00
3401	1.124403e+00
3402	1.133778e+00
3403	1.139039e+00
3404	1.140837e+00
3405	1.140515e+00
3406	1.138067e+00
3407	1.133796e+00
3408	1.128318e+00
3409	1.119860e+00
3410	1.111849e+00
3411	1.103303e+00
3412	1.093247e+00
3413	1.083576e+00
3414	1.076224e+00
3415	1.070358e+00
3416	1.067572e+00
3417	1.070027e+00
3418	1.074925e+00
3419	1.081307e+00
3420	1.089630e+00
3421	1.098152e+00
3422	1.108132e+00
3423	1.115435e+00
3424	1.122546e+00
3425	1.127921e+00
3426	1.131094e+00
3427	1.132794e+00
3428	1.131771e+00
3429	1.127562e+00
3430	1.122049e+00
3431	1.114839e+00
3432	1.107136e+00
3433	1.099637e+00
3434	1.091125e+00
3435	1.083003e+00
3436	1.076725e+00
3437	1.074303e+00
3438	1.075924e+00
3439	1.080392e+00
3440	1.087134e+00
3441	1.093931e+00
3442	1.100413e+00
3443	1.107379e+00
3444	1.114751e+00
3445	1.121509e+00
3446	1.126483e+00
3447	1.128935e+00
3448	1.129958e+00
3449	1.127890e+00
3450	1.124424e+00
3451	1.118766e+00
3452	1.113003e+00
3453	1.107213e+00
3454	1.099522e+00
3455	1.094226e+00
3456	1.089380e+00
3457	1.085056e+00
3458	1.082401e+00
3459	1.081217e+00
3460	1.080699e+00
3461	1.083067e+00
3462	1.086629e+00
3463	1.090144e+00
3464	1.093703e+00
3465	1.098113e+00
3466	1.102306e+00
3467	1.104626e+00
3468	1.106847e+00
3469	1.106037e+00
3470	1.104873e+00
3471	1.102182e+00
3472	1.098680e+00
3473	1.094612e+00
3474	1.090323e+00
3475	1.085737e+00
3476	1.081022e+00
3477	1.076313e+00
3478	1.072757e+00
3479	1.069191e+00
3480	1.068234e+00
3481	1.070758e+00
3482	1.076702e+00
3483	1.083292e+00
3484	1.090677e+00
3485	1.099541e+00
3486	1.108141e+00
3487	1.117065e+00
3488	1.125095e+00
3489	1.131323e+00
3490	1.135649e+00
3491	1.137401e+00
3492	1.136024e+00
3493	1.131655e+00
3494	1.124880e+00
3495	1.117900e+00
3496	1.110950e+00
3497	1.103778e+00
3498	1.096434e+00
3499	1.089807e+00
3500	1.085533e+00
3501	1.082722e+00
3502	1.084228e+00
3503	1.088223e+00
3504	1.093465e+00
3505	1.099411e+00
3506	1.106190e+00
3507	1.112561e+00
3508	1.118173e+00
3509	1.122196e+00
3510	1.125169e+00
3511	1.124215e+00
3512	1.121427e+00
3513	1.116955e+00
3514	1.112307e+00
3515	1.105888e+00
3516	1.098500e+00
3517	1.091003e+00
3518	1.083393e+00
3519	1.075787e+00
3520	1.068465e+00
3521	1.061750e+00
3522	1.056353e+00
3523	1.053623e+00
3524	1.052344e+00
3525	1.054612e+00
3526	1.061412e+00
3527	1.069941e+00
3528	1.082311e+00
3529	1.095561e+00
3530	1.108452e+00
3531	1.118473e+00
3532	1.128223e+00
3533	1.135492e+00
3534	1.140945e+00
3535	1.143144e+00
3536	1.141210e+00
3537	1.136228e+00
3538	1.128754e+00
3539	1.118823e+00
3540	1.106483e+00
3541	1.092542e+00
3542	1.078477e+00
3543	1.064636e+00
3544	1.054433e+00
3545	1.047169e+00
3546	1.044305e+00
3547	1.046848e+00
3548	1.055366e+00
3549	1.068384e+00
3550	1.082774e+00
3551	1.098130e+00
3552	1.113941e+00
3553	1.128517e+00
3554	1.140268e+00
3555	1.149980e+00
3556	1.155654e+00
3557	1.156652e+00
3558	1.154297e+00
3559	1.147268e+00
3560	1.137131e+00
3561	1.123351e+00
3562	1.108178e+00
3563	1.093981e+00
3564	1.081320e+00
3565	1.070992e+00
3566	1.062128e+00
3567	1.056873e+00
3568	1.055758e+00
3569	1.059887e+00
3570	1.067214e+00
3571	1.076400e+00
3572	1.087862e+00
3573	1.101086e+00
3574	1.113148e+00
3575	1.125594e+00
3576	1.137101e+00
3577	1.146520e+00
3578	1.151572e+00
3579	1.153342e+00
3580	1.152233e+00
3581	1.146627e+00
3582	1.138995e+00
3583	1.127407e+00
3584	1.113919e+00
3585	1.098573e+00
3586	1.082138e+00
3587	1.066448e+00
3588	1.054369e+00
3589	1.047124e+00
3590	1.044845e+00
3591	1.048605e+00
3592	1.056521e+00
3593	1.067202e+00
3594	1.080581e+00
3595	1.096389e+00
3596	1.110417e+00
3597	1.123155e+00
3598	1.133916e+00
3599	1.141585e+00
3600	1.146508e+00
3601	1.149220e+00
3602	1.144755e+00
3603	1.135878e+00
3604	1.123400e+00
3605	1.109030e+00
3606	1.093410e+00
3607	1.077611e+00
3608	1.062894e+00
3609	1.051885e+00
3610	1.044514e+00
3611	1.040952e+00
3612	1.043134e+00
3613	1.049991e+00
3614	1.059581e+00
3615	1.072930e+00
3616	1.087719e+00
3617	1.102788e+00
3618	1.117377e+00
3619	1.130463e+00
3620	1.141360e+00
3621	1.146676e+00
3622	1.148182e+00
3623	1.144795e+00
3624	1.138771e+00
3625	1.129482e+00
3626	1.117050e+00
3627	1.102426e+00
3628	1.088634e+00
3629	1.075366e+00
3630	1.063698e+00
3631	1.055506e+00
3632	1.051307e+00
3633	1.052194e+00
3634	1.057784e+00
3635	1.065927e+00
3636	1.077192e+00
3637	1.089976e+00
3638	1.103774e+00
3639	1.117965e+00
3640	1.129706e+00
3641	1.139352e+00
3642	1.146504e+00
3643	1.150049e+00
3644	1.151278e+00
3645	1.149330e+00
3646	1.144369e+00
3647	1.135623e+00
3648	1.124576e+00
3649	1.109995e+00
3650	1.095425e+00
3651	1.082158e+00
3652	1.069316e+00
3653	1.058617e+00
3654	1.052333e+00
3655	1.051897e+00
3656	1.055929e+00
3657	1.062932e+00
3658	1.073221e+00
3659	1.086087e+00
3660	1.101116e+00
3661	1.114294e+00
3662	1.126676e+00
3663	1.138149e+00
3664	1.146331e+00
3665	1.150646e+00
3666	1.152617e+00
3667	1.151119e+00
3668	1.146439e+00
3669	1.137172e+00
3670	1.125330e+00
3671	1.112207e+00
3672	1.098851e+00
3673	1.085318e+00
3674	1.071354e+00
3675	1.061948e+00
3676	1.055918e+00
3677	1.053870e+00
3678	1.054576e+00
3679	1.057885e+00
3680	1.064638e+00
3681	1.075526e+00
3682	1.087679e+00
3683	1.099237e+00
3684	1.111008e+00
3685	1.121655e+00
3686	1.129296e+00
3687	1.133024e+00
3688	1.132012e+00
3689	1.126699e+00
3690	1.118191e+00
3691	1.109088e+00
3692	1.097891e+00
3693	1.084747e+00
3694	1.071902e+00
3695	1.059687e+00
3696	1.050284e+00
3697	1.044692e+00
3698	1.042603e+00
3699	1.043977e+00
3700	1.049222e+00
3701	1.057164e+00
3702	1.069446e+00
3703	1.083612e+00
3704	1.098235e+00
3705	1.112540e+00
3706	1.123842e+00
3707	1.133189e+00
3708	1.139575e+00
3709	1.142773e+00
3710	1.143338e+00
3711	1.139441e+00
3712	1.131558e+00
3713	1.122619e+00
3714	1.111589e+00
3715	1.097909e+00
3716	1.083408e+00
3717	1.072487e+00
3718	1.063395e+00
3719	1.058302e+00
3720	1.058223e+00
3721	1.061086e+00
3722	1.067534e+00
3723	1.078823e+00
3724	1.091405e+00
3725	1.104216e+00
3726	1.115846e+00
3727	1.124579e+00
3728	1.130112e+00
3729	1.134494e+00
3730	1.135166e+00
3731	1.133275e+00
3732	1.129757e+00
3733	1.123927e+00
3734	1.116312e+00
3735	1.106627e+00
3736	1.094823e+00
3737	1.081970e+00
3738	1.069686e+00
3739	1.060618e+00
3740	1.055071e+00
3741	1.053345e+00
3742	1.056543e+00
3743	1.064597e+00
3744	1.074997e+00
3745	1.087216e+00
3746	1.099230e+00
3747	1.111123e+00
3748	1.120615e+00
3749	1.129764e+00
3750	1.135634e+00
3751	1.139226e+00
3752	1.139824e+00
3753	1.135779e+00
3754	1.129739e+00
3755	1.121933e+00
3756	1.113990e+00
3757	1.105142e+00
3758	1.096831e+00
3759	1.088919e+00
3760	1.083449e+00
3761	1.076881e+00
3762	1.071707e+00
3763	1.069787e+00
3764	1.069110e+00
3765	1.071681e+00
3766	1.076875e+00
3767	1.086084e+00
3768	1.096293e+00
3769	1.105751e+00
3770	1.111940e+00
3771	1.117402e+00
3772	1.121246e+00
3773	1.123234e+00
3774	1.123983e+00
3775	1.122862e+00
3776	1.120140e+00
3777	1.115723e+00
3778	1.111071e+00
3779	1.106204e+00
3780	1.098183e+00
3781	1.090805e+00
3782	1.082696e+00
3783	1.076850e+00
3784	1.072641e+00
3785	1.070276e+00
3786	1.070841e+00
3787	1.073958e+00
3788	1.077986e+00
3789	1.084226e+00
3790	1.093268e+00
3791	1.099340e+00
3792	1.105647e+00
3793	1.111926e+00
3794	1.116489e+00
3795	1.120101e+00
3796	1.122278e+00
3797	1.124126e+00
3798	1.123957e+00
3799	1.121707e+00
3800	1.117469e+00
3801	1.110005e+00
3802	1.100729e+00
3803	1.090947e+00
3804	1.082065e+00
3805	1.074328e+00
3806	1.069993e+00
3807	1.067408e+00
3808	1.068280e+00
3809	1.073134e+00
3810	1.077918e+00
3811	1.084457e+00
3812	1.091632e+00
3813	1.099587e+00
3814	1.108691e+00
3815	1.117175e+00
3816	1.126764e+00
3817	1.134763e+00
3818	1.141091e+00
3819	1.145170e+00
3820	1.145643e+00
3821	1.144136e+00
3822	1.139634e+00
3823	1.132046e+00
3824	1.120640e+00
3825	1.108024e+00
3826	1.094521e+00
3827	1.080663e+00
3828	1.068391e+00
3829	1.058900e+00
3830	1.054944e+00
3831	1.053720e+00
3832	1.057584e+00
3833	1.065501e+00
3834	1.076802e+00
3835	1.090112e+00
3836	1.104640e+00
3837	1.117732e+00
3838	1.130157e+00
3839	1.140929e+00
3840	1.147280e+00
3841	1.147617e+00
3842	1.145506e+00
3843	1.139176e+00
3844	1.129306e+00
3845	1.118494e+00
3846	1.106853e+00
3847	1.096129e+00
3848	1.085663e+00
3849	1.074463e+00
3850	1.064836e+00
3851	1.057940e+00
3852	1.054828e+00
3853	1.055365e+00
3854	1.060461e+00
3855	1.068129e+00
3856	1.078764e+00
3857	1.090826e+00
3858	1.103011e+00
3859	1.115817e+00
3860	1.127243e+00
3861	1.136303e+00
3862	1.143285e+00
3863	1.146351e+00
3864	1.146649e+00
3865	1.143410e+00
3866	1.135524e+00
3867	1.125984e+00
3868	1.114880e+00
3869	1.101050e+00
3870	1.087555e+00
3871	1.075022e+00
3872	1.063913e+00
3873	1.056100e+00
3874	1.052241e+00
3875	1.051780e+00
3876	1.056329e+00
3877	1.065072e+00
3878	1.078509e+00
3879	1.094869e+00
3880	1.112131e+00
3881	1.127037e+00
3882	1.140115e+00
3883	1.150370e+00
3884	1.156120e+00
3885	1.157299e+00
3886	1.153135e+00
3887	1.145052e+00
3888	1.133794e+00
3889	1.120621e+00
3890	1.105324e+00
3891	1.088835e+00
3892	1.073086e+00
3893	1.059154e+00
3894	1.049482e+00
3895	1.043191e+00
3896	1.043416e+00
3897	1.049009e+00
3898	1.059057e+00
3899	1.073117e+00
3900	1.090901e+00
3901	1.109780e+00
3902	1.128082e+00
3903	1.142826e+00
3904	1.155707e+00
3905	1.163581e+00
3906	1.166719e+00
3907	1.163771e+00
3908	1.156900e+00
3909	1.146806e+00
3910	1.133962e+00
3911	1.120881e+00
3912	1.106619e+00
3913	1.092043e+00
3914	1.078584e+00
3915	1.067526e+00
3916	1.059929e+00
3917	1.056941e+00
3918	1.057343e+00
3919	1.062094e+00
3920	1.071225e+00
3921	1.083145e+00
3922	1.096971e+00
3923	1.111096e+00
3924	1.124373e+00
3925	1.135643e+00
3926	1.144126e+00
3927	1.151083e+00
3928	1.153609e+00
3929	1.153726e+00
3930	1.150703e+00
3931	1.143053e+00
3932	1.132143e+00
3933	1.118482e+00
3934	1.102669e+00
3935	1.086851e+00
3936	1.071746e+00
3937	1.058774e+00
3938	1.048609e+00
3939	1.042492e+00
3940	1.042420e+00
3941	1.046834e+00
3942	1.055556e+00
3943	1.068256e+00
3944	1.083599e+00
3945	1.101381e+00
3946	1.119550e+00
3947	1.135063e+00
3948	1.147440e+00
3949	1.157188e+00
3950	1.162618e+00
3951	1.162776e+00
3952	1.158701e+00
3953	1.150527e+00
3954	1.137893e+00
3955	1.122110e+00
3956	1.106006e+00
3957	1.088060e+00
3958	1.070234e+00
3959	1.055431e+00
3960	1.042988e+00
3961	1.035121e+00
3962	1.032430e+00
3963	1.034521e+00
3964	1.043669e+00
3965	1.057225e+00
3966	1.075065e+00
3967	1.093724e+00
3968	1.113245e+00
3969	1.130548e+00
3970	1.145763e+00
3971	1.157872e+00
3972	1.165192e+00
3973	1.167770e+00
3974	1.166716e+00
3975	1.159342e+00
3976	1.145915e+00
3977	1.128919e+00
3978	1.110451e+00
3979	1.091481e+00
3980	1.074348e+00
3981	1.061046e+00
3982	1.051340e+00
3983	1.046155e+00
3984	1.048134e+00
3985	1.055141e+00
3986	1.067896e+00
3987	1.083284e+00
3988	1.101172e+00
3989	1.120391e+00
3990	1.139494e+00
3991	1.156250e+00
3992	1.169324e+00
3993	1.179126e+00
3994	1.183884e+00
3995	1.182123e+00
3996	1.174473e+00
3997	1.160426e+00
3998	1.142289e+00
3999	1.121327e+00
4000	1.099893e+00
4001	1.078189e+00
4002	1.058940e+00
4003	1.044044e+00
4004	1.036040e+00
4005	1.035116e+00
4006	1.040123e+00
4007	1.051468e+00
4008	1.067332e+00
4009	1.085555e+00
4010	1.104677e+00
4011	1.122636e+00
4012	1.137213e+00
4013	1.146801e+00
4014	1.152768e+00
4015	1.154710e+00
4016	1.153369e+00
4017	1.148191e+00
4018	1.140191e+00
4019	1.129800e+00
4020	1.117575e+00
4021	1.106495e+00
4022	1.094240e+00
4023	1.083516e+00
4024	1.073874e+00
4025	1.066869e+00
4026	1.064006e+00
4027	1.063847e+00
4028	1.068670e+00
4029	1.074356e+00
4030	1.080180e+00
4031	1.087266e+00
4032	1.095032e+00
4033	1.103679e+00
4034	1.111621e+00
4035	1.118332e+00
4036	1.123405e+00
4037	1.126049e+00
4038	1.125707e+00
4039	1.123704e+00
4040	1.118395e+00
4041	1.112044e+00
4042	1.103700e+00
4043	1.095691e+00
4044	1.087177e+00
4045	1.079712e+00
4046	1.074400e+00
4047	1.071123e+00
4048	1.069991e+00
4049	1.070233e+00
4050	1.073477e+00
4051	1.077424e+00
4052	1.082760e+00
4053	1.089380e+00
4054	1.097789e+00
4055	1.107055e+00
4056	1.117395e+00
4057	1.125261e+00
4058	1.132243e+00
4059	1.136832e+00
4060	1.138099e+00
4061	1.135134e+00
4062	1.129455e+00
4063	1.121963e+00
4064	1.112270e+00
4065	1.101955e+00
4066	1.091473e+00
4067	1.081147e+00
4068	1.072774e+00
4069	1.066374e+00
4070	1.063181e+00
4071	1.063253e+00
4072	1.066755e+00
4073	1.074051e+00
4074	1.083177e+00
4075	1.092513e+00
4076	1.101766e+00
4077	1.111352e+00
4078	1.121847e+00
4079	1.130584e+00
4080	1.136842e+00
4081	1.142114e+00
4082	1.144526e+00
4083	1.144504e+00
4084	1.142270e+00
4085	1.136658e+00
4086	1.129542e+00
4087	1.121397e+00
4088	1.111175e+00
4089	1.101282e+00
4090	1.092691e+00
4091	1.085682e+00
4092	1.079455e+00
4093	1.075848e+00
4094	1.075882e+00
4095	1.078687e+00
4096	1.084299e+00
4097	1.091143e+00
4098	1.099163e+00
4099	1.107728e+00
4100	1.114766e+00
4101	1.120602e+00
4102	1.125462e+00
4103	1.128921e+00
4104	1.130220e+00
4105	1.128709e+00
4106	1.124238e+00
4107	1.115602e+00
4108	1.104578e+00
4109	1.091805e+00
4110	1.079597e+00
4111	1.068453e+00
4112	1.060878e+00
4113	1.057090e+00
4114	1.056599e+00
4115	1.058105e+00
4116	1.063830e+00
4117	1.071528e+00
4118	1.080853e+00
4119	1.092487e+00
4120	1.104674e+00
4121	1.114486e+00
4122	1.122439e+00
4123	1.128371e+00
4124	1.132671e+00
4125	1.135078e+00
4126	1.133272e+00
4127	1.130435e+00
4128	1.125840e+00
4129	1.117477e+00
4130	1.107028e+00
4131	1.096981e+00
4132	1.084764e+00
4133	1.074457e+00
4134	1.065369e+00
4135	1.059710e+00
4136	1.058378e+00
4137	1.061912e+00
4138	1.068330e+00
4139	1.078896e+00
4140	1.090936e+00
4141	1.102616e+00
4142	1.113208e+00
4143	1.123338e+00
4144	1.131478e+00
4145	1.137829e+00
4146	1.141212e+00
4147	1.140913e+00
4148	1.136033e+00
4149	1.127482e+00
4150	1.117101e+00
4151	1.105197e+00
4152	1.092919e+00
4153	1.080494e+00
4154	1.068976e+00
4155	1.059714e+00
4156	1.053682e+00
4157	1.050376e+00
4158	1.050114e+00
4159	1.055974e+00
4160	1.066187e+00
4161	1.078602e+00
4162	1.092849e+00
4163	1.106589e+00
4164	1.118926e+00
4165	1.130198e+00
4166	1.138811e+00
4167	1.141867e+00
4168	1.140960e+00
4169	1.136280e+00
4170	1.128587e+00
4171	1.119205e+00
4172	1.106842e+00
4173	1.093451e+00
4174	1.077119e+00
4175	1.063200e+00
4176	1.052478e+00
4177	1.044997e+00
4178	1.042185e+00
4179	1.044882e+00
4180	1.052355e+00
4181	1.063955e+00
4182	1.079037e+00
4183	1.095259e+00
4184	1.110661e+00
4185	1.125321e+00
4186	1.137228e+00
4187	1.146639e+00
4188	1.153921e+00
4189	1.157084e+00
4190	1.154296e+00
4191	1.147789e+00
4192	1.137590e+00
4193	1.123290e+00
4194	1.107705e+00
4195	1.092663e+00
4196	1.078302e+00
4197	1.066038e+00
4198	1.057328e+00
4199	1.054157e+00
4200	1.055641e+00
4201	1.060600e+00
4202	1.069147e+00
4203	1.080538e+00
4204	1.093845e+00
4205	1.107171e+00
4206	1.118649e+00
4207	1.126858e+00
4208	1.133491e+00
4209	1.137927e+00
4210	1.139419e+00
4211	1.136726e+00
4212	1.130353e+00
4213	1.121108e+00
4214	1.110422e+00
4215	1.097581e+00
4216	1.085241e+00
4217	1.074206e+00
4218	1.064939e+00
4219	1.058440e+00
4220	1.056832e+00
4221	1.058230e+00
4222	1.062975e+00
4223	1.071588e+00
4224	1.082936e+00
4225	1.097308e+00
4226	1.110385e+00
4227	1.121756e+00
4228	1.130994e+00
4229	1.137772e+00
4230	1.140570e+00
4231	1.138976e+00
4232	1.135277e+00
4233	1.129189e+00
4234	1.120577e+00
4235	1.111284e+00
4236	1.102677e+00
4237	1.095751e+00
4238	1.088476e+00
4239	1.083910e+00
4240	1.081699e+00
4241	1.081527e+00
4242	1.083210e+00
4243	1.085736e+00
4244	1.089032e+00
4245	1.095568e+00
4246	1.104286e+00
4247	1.113443e+00
4248	1.120853e+00
4249	1.126035e+00
4250	1.128347e+00
4251	1.128179e+00
4252	1.128071e+00
4253	1.125993e+00
4254	1.121321e+00
4255	1.113616e+00
4256	1.104515e+00
4257	1.093778e+00
4258	1.082958e+00
4259	1.074226e+00
4260	1.069272e+00
4261	1.066030e+00
4262	1.065470e+00
4263	1.067467e+00
4264	1.072711e+00
4265	1.079044e+00
4266	1.088076e+00
4267	1.097140e+00
4268	1.106739e+00
4269	1.115152e+00
4270	1.122570e+00
4271	1.127533e+00
4272	1.131310e+00
4273	1.131998e+00
4274	1.130070e+00
4275	1.126300e+00
4276	1.119883e+00
4277	1.113246e+00
4278	1.106184e+00
4279	1.098988e+00
4280	1.090104e+00
4281	1.082243e+00
4282	1.076434e+00
4283	1.072188e+00
4284	1.069115e+00
4285	1.066969e+00
4286	1.067129e+00
4287	1.069064e+00
4288	1.072065e+00
4289	1.076817e+00
4290	1.082658e+00
4291	1.089412e+00
4292	1.098136e+00
4293	1.108298e+00
4294	1.119010e+00
4295	1.129381e+00
4296	1.136729e+00
4297	1.140970e+00
4298	1.142141e+00
4299	1.140947e+00
4300	1.134653e+00
4301	1.126440e+00
4302	1.116540e+00
4303	1.104693e+00
4304	1.091519e+00
4305	1.078672e+00
4306	1.069172e+00
4307	1.061656e+00
4308	1.056560e+00
4309	1.056090e+00
4310	1.061173e+00
4311	1.068346e+00
4312	1.077349e+00
4313	1.088867e+00
4314	1.100522e+00
4315	1.110978e+00
4316	1.120664e+00
4317	1.127873e+00
4318	1.134522e+00
4319	1.137767e+00
4320	1.138798e+00
4321	1.136046e+00
4322	1.130646e+00
4323	1.123519e+00
4324	1.113130e+00
4325	1.101112e+00
4326	1.087643e+00
4327	1.074500e+00
4328	1.063620e+00
4329	1.054831e+00
4330	1.052468e+00
4331	1.054990e+00
4332	1.060458e+00
4333	1.068249e+00
4334	1.077943e+00
4335	1.089495e+00
4336	1.102182e+00
4337	1.114789e+00
4338	1.123023e+00
4339	1.128256e+00
4340	1.129483e+00
4341	1.128536e+00
4342	1.125179e+00
4343	1.119238e+00
4344	1.111930e+00
4345	1.104863e+00
4346	1.096576e+00
4347	1.087450e+00
4348	1.078734e+00
4349	1.072777e+00
4350	1.069693e+00
4351	1.070198e+00
4352	1.072983e+00
4353	1.078931e+00
4354	1.087448e+00
4355	1.095444e+00
4356	1.102418e+00
4357	1.109014e+00
4358	1.116280e+00
4359	1.121974e+00
4360	1.124199e+00
4361	1.125000e+00
4362	1.123593e+00
4363	1.120473e+00
4364	1.115344e+00
4365	1.109352e+00
4366	1.102417e+00
4367	1.097261e+00
4368	1.091567e+00
4369	1.086327e+00
4370	1.083098e+00
4371	1.082006e+00
4372	1.082776e+00
4373	1.084989e+00
4374	1.088557e+00
4375	1.091975e+00
4376	1.096018e+00
4377	1.100793e+00
4378	1.103529e+00
4379	1.104756e+00
4380	1.103643e+00
4381	1.101509e+00
4382	1.098119e+00
4383	1.093713e+00
4384	1.089073e+00
4385	1.084643e+00
4386	1.080474e+00
4387	1.078613e+00
4388	1.077110e+00
4389	1.075796e+00
4390	1.075520e+00
4391	1.077550e+00
4392	1.079776e+00
4393	1.082976e+00
4394	1.085799e+00
4395	1.090748e+00
4396	1.095923e+00
4397	1.101317e+00
4398	1.105318e+00
4399	1.108298e+00
4400	1.111201e+00
4401	1.113004e+00
4402	1.114443e+00
4403	1.113892e+00
4404	1.110506e+00
4405	1.106373e+00
4406	1.101415e+00
4407	1.095326e+00
4408	1.088771e+00
4409	1.081216e+00
4410	1.075848e+00
4411	1.072126e+00
4412	1.070292e+00
4413	1.071517e+00
4414	1.075081e+00
4415	1.080157e+00
4416	1.086126e+00
4417	1.092985e+00
4418	1.100741e+00
4419	1.107850e+00
4420	1.114134e+00
4421	1.118770e+00
4422	1.121840e+00
4423	1.123013e+00
4424	1.120543e+00
4425	1.116431e+00
4426	1.109803e+00
4427	1.100863e+00
4428	1.092994e+00
4429	1.086769e+00
4430	1.081513e+00
4431	1.079473e+00
4432	1.079445e+00
4433	1.081721e+00
4434	1.085014e+00
4435	1.090327e+00
4436	1.095470e+00
4437	1.100216e+00
4438	1.103700e+00
4439	1.105899e+00
4440	1.107175e+00
4441	1.106247e+00
4442	1.104662e+00
4443	1.103725e+00
4444	1.102376e+00
4445	1.101125e+00
4446	1.100069e+00
4447	1.098896e+00
4448	1.096007e+00
4449	1.094449e+00
4450	1.093610e+00
4451	1.092503e+00
4452	1.091158e+00
4453	1.089780e+00
4454	1.088956e+00
4455	1.089522e+00
4456	1.090751e+00
4457	1.091944e+00
4458	1.093099e+00
4459	1.094944e+00
4460	1.095330e+00
4461	1.097266e+00
4462	1.099578e+00
4463	1.100714e+00
4464	1.102353e+00
4465	1.104377e+00
4466	1.105390e+00
4467	1.103579e+00
4468	1.100076e+00
4469	1.096473e+00
4470	1.092722e+00
4471	1.089856e+00
4472	1.086862e+00
4473	1.083207e+00
4474	1.078737e+00
4475	1.074829e+00
4476	1.070951e+00
4477	1.068650e+00
4478	1.070043e+00
4479	1.073042e+00
4480	1.077310e+00
4481	1.082283e+00
4482	1.088836e+00
4483	1.096263e+00
4484	1.103199e+00
4485	1.108183e+00
4486	1.110354e+00
4487	1.109566e+00
4488	1.106603e+00
4489	1.102297e+00
4490	1.095649e+00
4491	1.089703e+00
4492	1.083985e+00
4493	1.077573e+00
4494	1.070666e+00
4495	1.064153e+00
4496	1.059073e+00
4497	1.058289e+00
4498	1.060783e+00
4499	1.068179e+00
4500	1.076369e+00
4501	1.086000e+00
4502	1.094606e+00
4503	1.102229e+00
4504	1.110617e+00
4505	1.118219e+00
4506	1.124578e+00
4507	1.130010e+00
4508	1.131871e+00
4509	1.130094e+00
4510	1.125680e+00
4511	1.119361e+00
4512	1.112114e+00
4513	1.103441e+00
4514	1.093243e+00
4515	1.083598e+00
4516	1.075262e+00
4517	1.069785e+00
4518	1.066195e+00
4519	1.066331e+00
4520	1.068467e+00
4521	1.071961e+00
4522	1.077306e+00
4523	1.085053e+00
4524	1.093865e+00
4525	1.102046e+00
4526	1.109613e+00
4527	1.115436e+00
4528	1.119293e+00
4529	1.121596e+00
4530	1.121702e+00
4531	1.118651e+00
4532	1.113638e+00
4533	1.107375e+00
4534	1.100415e+00
4535	1.092017e+00
4536	1.084147e+00
4537	1.077259e+00
4538	1.071920e+00
4539	1.070456e+00
4540	1.070859e+00
4541	1.073942e+00
4542	1.078573e+00
4543	1.085798e+00
4544	1.094394e+00
4545	1.102953e+00
4546	1.110398e+00
4547	1.114889e+00
4548	1.116995e+00
4549	1.118258e+00
4550	1.118680e+00
4551	1.118290e+00
4552	1.116088e+00
4553	1.111565e+00
4554	1.104689e+00
4555	1.096079e+00
4556	1.086745e+00
4557	1.078259e+00
4558	1.072928e+00
4559	1.068580e+00
4560	1.065970e+00
4561	1.066255e+00
4562	1.068702e+00
4563	1.073611e+00
4564	1.080424e+00
4565	1.089006e+00
4566	1.098092e+00
4567	1.107506e+00
4568	1.116554e+00
4569	1.123983e+00
4570	1.128153e+00
4571	1.130342e+00
4572	1.128027e+00
4573	1.122858e+00
4574	1.115182e+00
4575	1.104220e+00
4576	1.091418e+00
4577	1.079500e+00
4578	1.069023e+00
4579	1.060955e+00
4580	1.056259e+00
4581	1.054686e+00
4582	1.055663e+00
4583	1.060322e+00
4584	1.069402e+00
4585	1.080670e+00
4586	1.091917e+00
4587	1.103559e+00
4588	1.114383e+00
4589	1.123860e+00
4590	1.130423e+00
4591	1.131684e+00
4592	1.129453e+00
4593	1.122843e+00
4594	1.112575e+00
4595	1.101294e+00
4596	1.088901e+00
4597	1.076175e+00
4598	1.065358e+00
4599	1.057169e+00
4600	1.051745e+00
4601	1.050973e+00
4602	1.053926e+00
4603	1.060110e+00
4604	1.067998e+00
4605	1.077660e+00
4606	1.089291e+00
4607	1.100625e+00
4608	1.110904e+00
4609	1.118730e+00
4610	1.123307e+00
4611	1.125108e+00
4612	1.125685e+00
4613	1.123920e+00
4614	1.118360e+00
4615	1.110987e+00
4616	1.101785e+00
4617	1.091478e+00
4618	1.081829e+00
4619	1.073942e+00
4620	1.067813e+00
4621	1.064127e+00
4622	1.063247e+00
4623	1.065679e+00
4624	1.069935e+00
4625	1.076524e+00
4626	1.084148e+00
4627	1.090765e+00
4628	1.097744e+00
4629	1.104417e+00
4630	1.111003e+00
4631	1.117182e+00
4632	1.121029e+00
4633	1.123372e+00
4634	1.124281e+00
4635	1.122680e+00
4636	1.119080e+00
4637	1.115644e+00
4638	1.110795e+00
4639	1.104898e+00
4640	1.098237e+00
4641	1.092679e+00
4642	1.090278e+00
4643	1.089767e+00
4644	1.090378e+00
4645	1.090277e+00
4646	1.089979e+00
4647	1.090055e+00
4648	1.090402e+00
4649	1.092056e+00
4650	1.095397e+00
4651	1.099415e+00
4652	1.101961e+00
4653	1.104633e+00
4654	1.108015e+00
4655	1.111250e+00
4656	1.111957e+00
4657	1.110474e+00
4658	1.108210e+00
4659	1.104540e+00
4660	1.101476e+00
4661	1.098642e+00
4662	1.095486e+00
4663	1.092170e+00
4664	1.090086e+00
4665	1.088952e+00
4666	1.089124e+00
4667	1.090136e+00
4668	1.091129e+00
4669	1.091405e+00
4670	1.093104e+00
4671	1.094577e+00
4672	1.098714e+00
4673	1.102048e+00
4674	1.104633e+00
4675	1.105533e+00
4676	1.104903e+00
4677	1.103985e+00
4678	1.103562e+00
4679	1.101896e+00
4680	1.100255e+00
4681	1.098076e+00
4682	1.094647e+00
4683	1.091549e+00
4684	1.088792e+00
4685	1.087188e+00
4686	1.086677e+00
4687	1.086772e+00
4688	1.086512e+00
4689	1.086145e+00
4690	1.087021e+00
4691	1.088315e+00
4692	1.091102e+00
4693	1.092484e+00
4694	1.094098e+00
4695	1.094016e+00
4696	1.094006e+00
4697	1.095302e+00
4698	1.097728e+00
4699	1.099940e+00
4700	1.100460e+00
4701	1.101231e+00
4702	1.101236e+00
4703	1.101066e+00
4704	1.099637e+00
4705	1.098942e+00
4706	1.098500e+00
4707	1.098587e+00
4708	1.098521e+00
4709	1.099521e+00
4710	1.101098e+00
4711	1.103522e+00
4712	1.105782e+00
4713	1.107449e+00
4714	1.109118e+00
4715	1.109333e+00
4716	1.106669e+00
4717	1.104064e+00
4718	1.101132e+00
4719	1.097669e+00
4720	1.093706e+00
4721	1.091072e+00
4722	1.090040e+00
4723	1.088534e+00
4724	1.086968e+00
4725	1.085145e+00
4726	1.085003e+00
4727	1.085606e+00
4728	1.086515e+00
4729	1.089603e+00
4730	1.094615e+00
4731	1.100213e+00
4732	1.105970e+00
4733	1.109935e+00
4734	1.113209e+00
4735	1.115137e+00
4736	1.114160e+00
4737	1.111165e+00
4738	1.106338e+00
4739	1.100816e+00
4740	1.095048e+00
4741	1.090239e+00
4742	1.086873e+00
4743	1.085130e+00
4744	1.084401e+00
4745	1.084947e+00
4746	1.086246e+00
4747	1.089754e+00
4748	1.094597e+00
4749	1.099033e+00
4750	1.103287e+00
4751	1.107135e+00
4752	1.111342e+00
4753	1.114100e+00
4754	1.116581e+00
4755	1.114523e+00
4756	1.110770e+00
4757	1.105006e+00
4758	1.099714e+00
4759	1.093728e+00
4760	1.088214e+00
4761	1.081312e+00
4762	1.074823e+00
4763	1.070925e+00
4764	1.067962e+00
4765	1.067915e+00
4766	1.069058e+00
4767	1.072230e+00
4768	1.076657e+00
4769	1.082923e+00
4770	1.091329e+00
4771	1.098557e+00
4772	1.104406e+00
4773	1.110854e+00
4774	1.114018e+00
4775	1.115762e+00
4776	1.116596e+00
4777	1.116361e+00
4778	1.114358e+00
4779	1.109924e+00
4780	1.101571e+00
4781	1.091404e+00
4782	1.082240e+00
4783	1.073691e+00
4784	1.067488e+00
4785	1.062656e+00
4786	1.060505e+00
4787	1.061913e+00
4788	1.067942e+00
4789	1.078101e+00
4790	1.089658e+00
4791	1.102677e+00
4792	1.115034e+00
4793	1.127419e+00
4794	1.138190e+00
4795	1.147468e+00
4796	1.153400e+00
4797	1.156434e+00
4798	1.156725e+00
4799	1.153654e+00
4800	1.147198e+00
4801	1.136660e+00
4802	1.125305e+00
4803	1.111916e+00
4804	1.098787e+00
4805	1.085688e+00
4806	1.075599e+00
4807	1.068434e+00
4808	1.064989e+00
4809	1.065172e+00
4810	1.069537e+00
4811	1.078284e+00
4812	1.087812e+00
4813	1.098464e+00
4814	1.110897e+00
4815	1.122676e+00
4816	1.132389e+00
4817	1.139080e+00
4818	1.143040e+00
4819	1.144038e+00
4820	1.144142e+00
4821	1.140599e+00
4822	1.133974e+00
4823	1.125472e+00
4824	1.115459e+00
4825	1.105578e+00
4826	1.094787e+00
4827	1.085236e+00
4828	1.077515e+00
4829	1.070336e+00
4830	1.063867e+00
4831	1.060979e+00
4832	1.061926e+00
4833	1.067459e+00
4834	1.074956e+00
4835	1.085784e+00
4836	1.098106e+00
4837	1.108799e+00
4838	1.118531e+00
4839	1.127482e+00
4840	1.135868e+00
4841	1.141655e+00
4842	1.144072e+00
4843	1.143958e+00
4844	1.139264e+00
4845	1.132057e+00
4846	1.120616e+00
4847	1.108387e+00
4848	1.095831e+00
4849	1.083512e+00
4850	1.072050e+00
4851	1.061398e+00
4852	1.052550e+00
4853	1.048212e+00
4854	1.047679e+00
4855	1.052643e+00
4856	1.060894e+00
4857	1.072380e+00
4858	1.085544e+00
4859	1.099130e+00
4860	1.112178e+00
4861	1.124756e+00
4862	1.135053e+00
4863	1.140423e+00
4864	1.141897e+00
4865	1.139075e+00
4866	1.133128e+00
4867	1.124497e+00
4868	1.113066e+00
4869	1.098698e+00
4870	1.084213e+00
4871	1.073767e+00
4872	1.065799e+00
4873	1.060530e+00
4874	1.061295e+00
4875	1.065639e+00
4876	1.074176e+00
4877	1.086776e+00
4878	1.100477e+00
4879	1.114340e+00
4880	1.124870e+00
4881	1.133047e+00
4882	1.138644e+00
4883	1.141564e+00
4884	1.140366e+00
4885	1.136232e+00
4886	1.130378e+00
4887	1.122834e+00
4888	1.113030e+00
4889	1.100202e+00
4890	1.087055e+00
4891	1.073142e+00
4892	1.061432e+00
4893	1.052320e+00
4894	1.047524e+00
4895	1.047095e+00
4896	1.052591e+00
4897	1.061567e+00
4898	1.073620e+00
4899	1.088161e+00
4900	1.105244e+00
4901	1.121815e+00
4902	1.136161e+00
4903	1.148497e+00
4904	1.157892e+00
4905	1.162892e+00
4906	1.164645e+00
4907	1.162315e+00
4908	1.157286e+00
4909	1.147840e+00
4910	1.136254e+00
4911	1.120248e+00
4912	1.103326e+00
4913	1.088009e+00
4914	1.073045e+00
4915	1.060977e+00
4916	1.051122e+00
4917	1.045395e+00
4918	1.045615e+00
4919	1.049818e+00
4920	1.058770e+00
4921	1.069651e+00
4922	1.083066e+00
4923	1.097058e+00
4924	1.112075e+00
4925	1.126414e+00
4926	1.139210e+00
4927	1.149487e+00
4928	1.156119e+00
4929	1.157696e+00
4930	1.154753e+00
4931	1.146840e+00
4932	1.135210e+00
4933	1.119186e+00
4934	1.100100e+00
4935	1.080309e+00
4936	1.061689e+00
4937	1.045462e+00
4938	1.034682e+00
4939	1.030167e+00
4940	1.032872e+00
4941	1.041604e+00
4942	1.056380e+00
4943	1.075240e+00
4944	1.097049e+00
4945	1.119722e+00
4946	1.141883e+00
4947	1.160765e+00
4948	1.175596e+00
4949	1.187447e+00
4950	1.193957e+00
4951	1.195434e+00
4952	1.191172e+00
4953	1.181748e+00
4954	1.166606e+00
4955	1.146233e+00
4956	1.124351e+00
4957	1.101344e+00
4958	1.077554e+00
4959	1.054475e+00
4960	1.036385e+00
4961	1.025034e+00
4962	1.021581e+00
4963	1.024867e+00
4964	1.036090e+00
4965	1.053536e+00
4966	1.075956e+00
4967	1.101581e+00
4968	1.127115e+00
4969	1.150831e+00
4970	1.172046e+00
4971	1.188021e+00
4972	1.197111e+00
4973	1.200728e+00
4974	1.198720e+00
4975	1.191129e+00
4976	1.178168e+00
4977	1.159121e+00
4978	1.134842e+00
4979	1.109345e+00
4980	1.082831e+00
4981	1.057144e+00
4982	1.036476e+00
4983	1.021772e+00
4984	1.016213e+00
4985	1.018016e+00
4986	1.027507e+00
4987	1.044827e+00
4988	1.067224e+00
4989	1.091303e+00
4990	1.115984e+00
4991	1.139949e+00
4992	1.160178e+00
4993	1.175120e+00
4994	1.184486e+00
4995	1.187014e+00
4996	1.182498e+00
4997	1.172183e+00
4998	1.154725e+00
4999	1.131546e+00
