# Step	Measurement
1	1.082893e+00
2	1.074264e+00
3	1.067849e+00
4	1.062888e+00
5	1.061450e+00
6	1.062789e+00
7	1.068951e+00
8	1.077558e+00
9	1.086573e+00
10	1.095473e+00
11	1.105194e+00
12	1.114787e+00
13	1.123108e+00
14	1.127699e+00
15	1.130395e+00
16	1.129176e+00
17	1.126237e+00
18	1.120534e+00
19	1.113688e+00
20	1.104661e+00
21	1.097271e+00
22	1.089403e+00
23	1.081807e+00
24	1.074791e+00
25	1.068512e+00
26	1.063696e+00
27	1.063358e+00
28	1.067761e+00
29	1.074382e+00
30	1.083576e+00
31	1.093764e+00
32	1.103532e+00
33	1.113271e+00
34	1.120958e+00
35	1.126040e+00
36	1.131120e+00
37	1.133065e+00
38	1.132042e+00
39	1.129036e+00
40	1.123355e+00
41	1.116404e+00
42	1.107615e+00
43	1.099663e+00
44	1.091852e+00
45	1.084284e+00
46	1.079180e+00
47	1.077667e+00
48	1.077588e+00
49	1.079364e+00
50	1.083444e+00
51	1.088391e+00
52	1.094022e+00
53	1.098691e+00
54	1.101759e+00
55	1.101687e+00
56	1.099164e+00
57	1.096741e+00
58	1.093144e+00
59	1.089121e+00
60	1.084406e+00
61	1.080210e+00
62	1.077776e+00
63	1.076512e+00
64	1.076018e+00
65	1.075258e+00
66	1.076577e+00
67	1.080484e+00
68	1.084260e+00
69	1.090332e+00
70	1.097025e+00
71	1.101740e+00
72	1.105662e+00
73	1.108772e+00
74	1.112080e+00
75	1.115165e+00
76	1.116058e+00
77	1.115334e+00
78	1.112537e+00
79	1.109287e+00
80	1.105522e+00
81	1.098462e+00
82	1.091682e+00
83	1.085142e+00
84	1.078936e+00
85	1.073912e+00
86	1.070777e+00
87	1.069913e+00
88	1.071379e+00
89	1.074862e+00
90	1.081335e+00
91	1.087444e+00
92	1.094243e+00
93	1.101937e+00
94	1.110340e+00
95	1.116041e+00
96	1.120095e+00
97	1.122247e+00
98	1.121386e+00
99	1.118741e+00
100	1.116519e+00
101	1.110829e+00
102	1.104602e+00
103	1.095950e+00
104	1.087004e+00
105	1.079320e+00
106	1.073684e+00
107	1.070855e+00
108	1.070969e+00
109	1.072069e+00
110	1.077461e+00
111	1.084437e+00
112	1.093137e+00
113	1.101163e+00
114	1.109269e+00
115	1.115995e+00
116	1.121800e+00
117	1.125374e+00
118	1.126633e+00
119	1.125313e+00
120	1.122280e+00
121	1.116837e+00
122	1.108988e+00
123	1.100027e+00
124	1.090332e+00
125	1.081733e+00
126	1.073785e+00
127	1.067821e+00
128	1.064716e+00
129	1.063640e+00
130	1.063812e+00
131	1.065074e+00
132	1.068892e+00
133	1.075565e+00
134	1.084539e+00
135	1.095249e+00
136	1.105751e+00
137	1.114943e+00
138	1.123163e+00
139	1.129232e+00
140	1.133600e+00
141	1.135302e+00
142	1.134196e+00
143	1.132881e+00
144	1.128952e+00
145	1.123222e+00
146	1.115721e+00
147	1.106363e+00
148	1.096238e+00
149	1.088111e+00
150	1.082196e+00
151	1.076483e+00
152	1.073700e+00
153	1.072896e+00
154	1.073367e+00
155	1.074329e+00
156	1.076691e+00
157	1.080166e+00
158	1.085432e+00
159	1.092158e+00
160	1.100586e+00
161	1.105864e+00
162	1.109841e+00
163	1.112371e+00
164	1.113185e+00
165	1.111670e+00
166	1.109604e+00
167	1.105777e+00
168	1.100064e+00
169	1.094400e+00
170	1.089202e+00
171	1.083310e+00
172	1.078457e+00
173	1.074930e+00
174	1.071190e+00
175	1.069175e+00
176	1.069478e+00
177	1.071400e+00
178	1.075409e+00
179	1.081573e+00
180	1.087368e+00
181	1.094037e+00
182	1.102335e+00
183	1.110260e+00
184	1.116037e+00
185	1.120055e+00
186	1.121239e+00
187	1.119804e+00
188	1.116913e+00
189	1.112737e+00
190	1.108056e+00
191	1.101951e+00
192	1.095760e+00
193	1.090461e+00
194	1.087597e+00
195	1.085924e+00
196	1.085076e+00
197	1.083971e+00
198	1.084556e+00
199	1.086379e+00
200	1.088606e+00
201	1.090388e+00
202	1.091996e+00
203	1.094831e+00
204	1.097041e+00
205	1.098435e+00
206	1.099890e+00
207	1.100894e+00
208	1.100763e+00
209	1.099194e+00
210	1.097271e+00
211	1.096154e+00
212	1.095313e+00
213	1.092964e+00
214	1.088933e+00
215	1.085248e+00
216	1.081881e+00
217	1.079937e+00
218	1.077271e+00
219	1.075734e+00
220	1.076023e+00
221	1.078553e+00
222	1.081918e+00
223	1.086728e+00
224	1.092233e+00
225	1.098191e+00
226	1.102466e+00
227	1.105280e+00
228	1.106192e+00
229	1.105674e+00
230	1.103589e+00
231	1.099481e+00
232	1.095182e+00
233	1.090691e+00
234	1.085960e+00
235	1.080745e+00
236	1.076336e+00
237	1.071782e+00
238	1.067804e+00
239	1.065862e+00
240	1.065270e+00
241	1.068560e+00
242	1.072697e+00
243	1.078748e+00
244	1.085293e+00
245	1.091951e+00
246	1.096908e+00
247	1.102445e+00
248	1.106201e+00
249	1.109764e+00
250	1.111344e+00
251	1.111826e+00
252	1.110504e+00
253	1.108506e+00
254	1.104685e+00
255	1.099709e+00
256	1.095759e+00
257	1.092128e+00
258	1.087998e+00
259	1.082510e+00
260	1.078561e+00
261	1.075772e+00
262	1.074372e+00
263	1.073166e+00
264	1.073798e+00
265	1.075362e+00
266	1.077339e+00
267	1.081346e+00
268	1.086772e+00
269	1.092729e+00
270	1.098108e+00
271	1.101504e+00
272	1.105184e+00
273	1.108812e+00
274	1.110090e+00
275	1.109356e+00
276	1.106821e+00
277	1.103149e+00
278	1.099128e+00
279	1.095509e+00
280	1.089713e+00
281	1.083462e+00
282	1.080728e+00
283	1.079385e+00
284	1.078714e+00
285	1.081607e+00
286	1.085111e+00
287	1.089000e+00
288	1.093113e+00
289	1.097649e+00
290	1.101139e+00
291	1.104606e+00
292	1.107719e+00
293	1.110929e+00
294	1.112892e+00
295	1.112418e+00
296	1.110473e+00
297	1.106675e+00
298	1.102497e+00
299	1.097193e+00
300	1.092332e+00
301	1.088582e+00
302	1.084167e+00
303	1.082434e+00
304	1.081825e+00
305	1.083466e+00
306	1.085738e+00
307	1.088117e+00
308	1.090637e+00
309	1.093356e+00
310	1.095278e+00
311	1.097192e+00
312	1.099102e+00
313	1.101565e+00
314	1.104325e+00
315	1.105835e+00
316	1.106131e+00
317	1.105541e+00
318	1.103883e+00
319	1.100762e+00
320	1.094577e+00
321	1.088022e+00
322	1.082124e+00
323	1.077791e+00
324	1.073809e+00
325	1.071358e+00
326	1.071148e+00
327	1.071749e+00
328	1.073816e+00
329	1.076482e+00
330	1.079500e+00
331	1.082306e+00
332	1.085819e+00
333	1.089273e+00
334	1.092916e+00
335	1.095354e+00
336	1.097128e+00
337	1.098433e+00
338	1.099863e+00
339	1.100702e+00
340	1.101554e+00
341	1.100200e+00
342	1.098366e+00
343	1.096739e+00
344	1.096247e+00
345	1.095745e+00
346	1.094994e+00
347	1.095454e+00
348	1.094821e+00
349	1.094437e+00
350	1.093109e+00
351	1.093940e+00
352	1.094577e+00
353	1.094890e+00
354	1.094339e+00
355	1.093988e+00
356	1.093558e+00
357	1.093636e+00
358	1.094194e+00
359	1.095889e+00
360	1.098396e+00
361	1.099299e+00
362	1.099254e+00
363	1.099215e+00
364	1.098384e+00
365	1.097560e+00
366	1.096431e+00
367	1.094488e+00
368	1.092710e+00
369	1.091215e+00
370	1.090319e+00
371	1.087360e+00
372	1.083763e+00
373	1.081237e+00
374	1.079262e+00
375	1.076944e+00
376	1.075577e+00
377	1.075880e+00
378	1.075632e+00
379	1.075690e+00
380	1.076128e+00
381	1.078063e+00
382	1.080927e+00
383	1.084383e+00
384	1.088312e+00
385	1.093788e+00
386	1.097685e+00
387	1.103101e+00
388	1.107798e+00
389	1.109630e+00
390	1.111207e+00
391	1.109979e+00
392	1.107227e+00
393	1.104238e+00
394	1.100868e+00
395	1.096361e+00
396	1.091113e+00
397	1.086414e+00
398	1.080819e+00
399	1.077124e+00
400	1.075027e+00
401	1.075902e+00
402	1.078865e+00
403	1.084796e+00
404	1.092612e+00
405	1.099736e+00
406	1.106856e+00
407	1.112645e+00
408	1.116398e+00
409	1.119090e+00
410	1.119749e+00
411	1.118416e+00
412	1.114542e+00
413	1.109881e+00
414	1.104440e+00
415	1.097721e+00
416	1.090581e+00
417	1.084544e+00
418	1.078477e+00
419	1.075221e+00
420	1.073307e+00
421	1.073133e+00
422	1.075612e+00
423	1.078363e+00
424	1.082712e+00
425	1.087765e+00
426	1.093288e+00
427	1.099876e+00
428	1.105747e+00
429	1.111784e+00
430	1.116263e+00
431	1.116715e+00
432	1.114663e+00
433	1.111364e+00
434	1.106794e+00
435	1.101617e+00
436	1.096470e+00
437	1.091487e+00
438	1.086587e+00
439	1.082258e+00
440	1.080033e+00
441	1.081020e+00
442	1.085302e+00
443	1.091012e+00
444	1.096669e+00
445	1.101150e+00
446	1.104785e+00
447	1.107445e+00
448	1.108899e+00
449	1.108996e+00
450	1.107976e+00
451	1.104669e+00
452	1.098986e+00
453	1.093704e+00
454	1.086833e+00
455	1.083319e+00
456	1.079760e+00
457	1.077171e+00
458	1.074750e+00
459	1.073827e+00
460	1.074560e+00
461	1.077080e+00
462	1.081478e+00
463	1.085369e+00
464	1.089666e+00
465	1.094238e+00
466	1.098356e+00
467	1.102086e+00
468	1.104864e+00
469	1.107364e+00
470	1.107350e+00
471	1.104417e+00
472	1.100823e+00
473	1.097210e+00
474	1.093682e+00
475	1.089151e+00
476	1.084019e+00
477	1.078148e+00
478	1.073482e+00
479	1.070716e+00
480	1.070331e+00
481	1.070950e+00
482	1.074289e+00
483	1.079219e+00
484	1.085512e+00
485	1.092370e+00
486	1.100165e+00
487	1.106938e+00
488	1.110596e+00
489	1.115060e+00
490	1.118280e+00
491	1.120116e+00
492	1.118942e+00
493	1.116312e+00
494	1.110797e+00
495	1.104128e+00
496	1.096570e+00
497	1.089423e+00
498	1.084019e+00
499	1.077323e+00
500	1.073343e+00
501	1.072682e+00
502	1.073354e+00
503	1.077573e+00
504	1.084632e+00
505	1.093123e+00
506	1.102037e+00
507	1.109812e+00
508	1.116591e+00
509	1.121422e+00
510	1.123451e+00
511	1.122441e+00
512	1.118699e+00
513	1.113868e+00
514	1.107502e+00
515	1.100252e+00
516	1.092735e+00
517	1.086040e+00
518	1.078228e+00
519	1.073338e+00
520	1.069391e+00
521	1.068970e+00
522	1.071767e+00
523	1.076091e+00
524	1.082642e+00
525	1.089855e+00
526	1.098326e+00
527	1.106102e+00
528	1.112815e+00
529	1.118073e+00
530	1.121401e+00
531	1.121311e+00
532	1.117928e+00
533	1.111854e+00
534	1.103828e+00
535	1.094928e+00
536	1.086335e+00
537	1.078567e+00
538	1.073863e+00
539	1.070498e+00
540	1.070770e+00
541	1.073483e+00
542	1.078582e+00
543	1.084249e+00
544	1.089469e+00
545	1.096412e+00
546	1.103275e+00
547	1.107898e+00
548	1.110028e+00
549	1.111236e+00
550	1.110004e+00
551	1.106844e+00
552	1.102859e+00
553	1.097441e+00
554	1.092150e+00
555	1.086167e+00
556	1.080160e+00
557	1.074949e+00
558	1.071284e+00
559	1.071014e+00
560	1.073444e+00
561	1.075576e+00
562	1.080077e+00
563	1.084853e+00
564	1.091076e+00
565	1.097733e+00
566	1.104437e+00
567	1.110092e+00
568	1.113052e+00
569	1.116631e+00
570	1.118478e+00
571	1.117651e+00
572	1.114686e+00
573	1.110359e+00
574	1.104133e+00
575	1.096668e+00
576	1.089624e+00
577	1.082522e+00
578	1.076635e+00
579	1.071690e+00
580	1.070031e+00
581	1.068898e+00
582	1.070357e+00
583	1.073148e+00
584	1.078262e+00
585	1.084817e+00
586	1.093139e+00
587	1.101926e+00
588	1.110716e+00
589	1.118085e+00
590	1.124412e+00
591	1.128657e+00
592	1.129761e+00
593	1.128221e+00
594	1.124583e+00
595	1.118314e+00
596	1.111330e+00
597	1.102898e+00
598	1.095135e+00
599	1.087313e+00
600	1.081879e+00
601	1.077622e+00
602	1.074065e+00
603	1.071727e+00
604	1.072226e+00
605	1.074908e+00
606	1.079527e+00
607	1.084877e+00
608	1.092243e+00
609	1.099150e+00
610	1.105629e+00
611	1.111406e+00
612	1.116830e+00
613	1.121203e+00
614	1.122538e+00
615	1.122030e+00
616	1.120642e+00
617	1.116400e+00
618	1.109835e+00
619	1.103394e+00
620	1.096356e+00
621	1.090587e+00
622	1.086488e+00
623	1.083547e+00
624	1.081796e+00
625	1.080271e+00
626	1.079558e+00
627	1.080207e+00
628	1.083062e+00
629	1.086043e+00
630	1.087101e+00
631	1.087303e+00
632	1.087287e+00
633	1.087250e+00
634	1.086940e+00
635	1.086802e+00
636	1.087459e+00
637	1.087311e+00
638	1.086208e+00
639	1.086273e+00
640	1.085650e+00
641	1.085183e+00
642	1.085515e+00
643	1.086206e+00
644	1.086315e+00
645	1.084911e+00
646	1.082928e+00
647	1.082923e+00
648	1.083564e+00
649	1.085235e+00
650	1.087000e+00
651	1.089289e+00
652	1.092165e+00
653	1.096921e+00
654	1.101240e+00
655	1.106145e+00
656	1.110323e+00
657	1.113610e+00
658	1.115287e+00
659	1.116126e+00
660	1.115030e+00
661	1.112507e+00
662	1.109197e+00
663	1.103793e+00
664	1.096389e+00
665	1.089145e+00
666	1.082029e+00
667	1.077121e+00
668	1.073145e+00
669	1.071501e+00
670	1.071776e+00
671	1.073843e+00
672	1.077560e+00
673	1.082423e+00
674	1.089629e+00
675	1.096855e+00
676	1.101827e+00
677	1.107274e+00
678	1.110927e+00
679	1.113061e+00
680	1.113226e+00
681	1.111674e+00
682	1.107860e+00
683	1.102644e+00
684	1.098221e+00
685	1.093446e+00
686	1.088983e+00
687	1.085410e+00
688	1.083077e+00
689	1.082355e+00
690	1.082244e+00
691	1.081935e+00
692	1.083146e+00
693	1.086209e+00
694	1.090169e+00
695	1.093563e+00
696	1.096587e+00
697	1.100627e+00
698	1.104457e+00
699	1.106317e+00
700	1.108353e+00
701	1.110156e+00
702	1.110932e+00
703	1.109944e+00
704	1.108503e+00
705	1.106343e+00
706	1.103081e+00
707	1.098496e+00
708	1.094906e+00
709	1.091830e+00
710	1.088733e+00
711	1.085584e+00
712	1.081340e+00
713	1.076326e+00
714	1.071840e+00
715	1.068404e+00
716	1.067575e+00
717	1.069459e+00
718	1.073973e+00
719	1.078893e+00
720	1.084557e+00
721	1.091232e+00
722	1.098602e+00
723	1.104581e+00
724	1.109336e+00
725	1.113871e+00
726	1.116320e+00
727	1.117087e+00
728	1.117366e+00
729	1.115258e+00
730	1.112483e+00
731	1.108051e+00
732	1.102735e+00
733	1.095647e+00
734	1.090631e+00
735	1.085841e+00
736	1.082814e+00
737	1.080964e+00
738	1.081398e+00
739	1.083512e+00
740	1.087154e+00
741	1.092340e+00
742	1.096194e+00
743	1.102032e+00
744	1.108640e+00
745	1.114649e+00
746	1.119118e+00
747	1.121228e+00
748	1.120679e+00
749	1.117648e+00
750	1.112663e+00
751	1.105658e+00
752	1.097570e+00
753	1.087905e+00
754	1.079823e+00
755	1.072138e+00
756	1.064713e+00
757	1.059883e+00
758	1.057962e+00
759	1.059534e+00
760	1.064124e+00
761	1.072603e+00
762	1.082554e+00
763	1.093419e+00
764	1.104163e+00
765	1.115206e+00
766	1.126745e+00
767	1.136982e+00
768	1.144552e+00
769	1.149549e+00
770	1.151043e+00
771	1.149062e+00
772	1.143227e+00
773	1.133303e+00
774	1.120916e+00
775	1.106835e+00
776	1.092275e+00
777	1.077734e+00
778	1.066820e+00
779	1.057420e+00
780	1.052883e+00
781	1.052274e+00
782	1.058605e+00
783	1.067879e+00
784	1.079265e+00
785	1.092195e+00
786	1.104387e+00
787	1.114998e+00
788	1.123748e+00
789	1.130701e+00
790	1.135448e+00
791	1.136260e+00
792	1.133802e+00
793	1.127277e+00
794	1.118432e+00
795	1.109093e+00
796	1.098537e+00
797	1.087775e+00
798	1.076719e+00
799	1.067004e+00
800	1.060085e+00
801	1.055213e+00
802	1.055579e+00
803	1.060200e+00
804	1.068030e+00
805	1.076644e+00
806	1.087256e+00
807	1.096897e+00
808	1.105525e+00
809	1.112865e+00
810	1.119526e+00
811	1.123696e+00
812	1.123852e+00
813	1.121512e+00
814	1.118697e+00
815	1.113873e+00
816	1.107749e+00
817	1.099796e+00
818	1.091749e+00
819	1.083520e+00
820	1.075662e+00
821	1.070304e+00
822	1.066740e+00
823	1.064170e+00
824	1.064852e+00
825	1.067246e+00
826	1.070806e+00
827	1.075243e+00
828	1.080935e+00
829	1.084902e+00
830	1.089818e+00
831	1.094534e+00
832	1.100597e+00
833	1.105706e+00
834	1.110272e+00
835	1.112445e+00
836	1.111862e+00
837	1.110155e+00
838	1.106782e+00
839	1.102813e+00
840	1.097739e+00
841	1.091502e+00
842	1.086772e+00
843	1.082901e+00
844	1.079485e+00
845	1.076747e+00
846	1.076047e+00
847	1.077387e+00
848	1.081258e+00
849	1.085744e+00
850	1.092146e+00
851	1.097428e+00
852	1.102748e+00
853	1.107868e+00
854	1.111484e+00
855	1.114241e+00
856	1.115576e+00
857	1.115318e+00
858	1.113945e+00
859	1.111584e+00
860	1.108733e+00
861	1.105020e+00
862	1.099927e+00
863	1.094492e+00
864	1.087524e+00
865	1.081605e+00
866	1.077075e+00
867	1.073034e+00
868	1.071015e+00
869	1.070192e+00
870	1.071835e+00
871	1.074101e+00
872	1.078339e+00
873	1.083728e+00
874	1.088566e+00
875	1.092123e+00
876	1.095747e+00
877	1.098195e+00
878	1.100371e+00
879	1.102886e+00
880	1.105376e+00
881	1.106035e+00
882	1.105795e+00
883	1.105594e+00
884	1.103461e+00
885	1.100085e+00
886	1.096759e+00
887	1.091211e+00
888	1.086401e+00
889	1.083313e+00
890	1.081786e+00
891	1.081207e+00
892	1.080370e+00
893	1.079605e+00
894	1.080145e+00
895	1.082187e+00
896	1.084073e+00
897	1.086730e+00
898	1.089461e+00
899	1.092324e+00
900	1.093264e+00
901	1.095061e+00
902	1.097274e+00
903	1.099671e+00
904	1.101550e+00
905	1.104151e+00
906	1.105789e+00
907	1.107149e+00
908	1.107223e+00
909	1.106805e+00
910	1.104915e+00
911	1.101944e+00
912	1.097727e+00
913	1.092383e+00
914	1.085469e+00
915	1.078795e+00
916	1.073404e+00
917	1.069122e+00
918	1.066471e+00
919	1.065025e+00
920	1.066171e+00
921	1.070494e+00
922	1.076799e+00
923	1.084004e+00
924	1.092576e+00
925	1.101779e+00
926	1.109915e+00
927	1.115819e+00
928	1.120855e+00
929	1.123441e+00
930	1.121961e+00
931	1.116922e+00
932	1.110103e+00
933	1.101403e+00
934	1.091104e+00
935	1.080409e+00
936	1.069534e+00
937	1.061373e+00
938	1.054776e+00
939	1.051164e+00
940	1.051383e+00
941	1.056545e+00
942	1.065406e+00
943	1.078347e+00
944	1.092424e+00
945	1.107637e+00
946	1.122031e+00
947	1.134099e+00
948	1.143419e+00
949	1.150363e+00
950	1.152101e+00
951	1.150257e+00
952	1.143742e+00
953	1.133756e+00
954	1.122111e+00
955	1.107975e+00
956	1.092522e+00
957	1.077818e+00
958	1.063978e+00
959	1.053254e+00
960	1.044732e+00
961	1.040684e+00
962	1.042391e+00
963	1.049840e+00
964	1.062510e+00
965	1.076322e+00
966	1.091571e+00
967	1.106776e+00
968	1.122159e+00
969	1.135648e+00
970	1.147655e+00
971	1.154607e+00
972	1.157405e+00
973	1.155299e+00
974	1.149591e+00
975	1.138807e+00
976	1.126188e+00
977	1.110102e+00
978	1.092947e+00
979	1.075591e+00
980	1.059723e+00
981	1.048149e+00
982	1.041575e+00
983	1.039853e+00
984	1.044741e+00
985	1.053921e+00
986	1.067576e+00
987	1.083502e+00
988	1.098466e+00
989	1.114123e+00
990	1.128923e+00
991	1.142929e+00
992	1.154104e+00
993	1.159709e+00
994	1.162174e+00
995	1.161921e+00
996	1.156292e+00
997	1.147102e+00
998	1.135318e+00
999	1.119557e+00
1000	1.100476e+00
1001	1.081770e+00
1002	1.064974e+00
1003	1.048891e+00
1004	1.036586e+00
1005	1.031483e+00
1006	1.031476e+00
1007	1.038043e+00
1008	1.049040e+00
1009	1.065748e+00
1010	1.086162e+00
1011	1.107028e+00
1012	1.126694e+00
1013	1.143585e+00
1014	1.157176e+00
1015	1.168509e+00
1016	1.176887e+00
1017	1.181431e+00
1018	1.180495e+00
1019	1.174640e+00
1020	1.166481e+00
1021	1.154068e+00
1022	1.138820e+00
1023	1.120977e+00
1024	1.101927e+00
1025	1.083167e+00
1026	1.064986e+00
1027	1.047504e+00
1028	1.034210e+00
1029	1.026896e+00
1030	1.026428e+00
1031	1.033108e+00
1032	1.045961e+00
1033	1.064523e+00
1034	1.086616e+00
1035	1.109815e+00
1036	1.132611e+00
1037	1.153025e+00
1038	1.170177e+00
1039	1.183296e+00
1040	1.192013e+00
1041	1.196405e+00
1042	1.197071e+00
1043	1.192040e+00
1044	1.182199e+00
1045	1.165863e+00
1046	1.147834e+00
1047	1.125404e+00
1048	1.099829e+00
1049	1.075474e+00
1050	1.053957e+00
1051	1.037511e+00
1052	1.028523e+00
1053	1.026019e+00
1054	1.031121e+00
1055	1.043815e+00
1056	1.060391e+00
1057	1.080159e+00
1058	1.101393e+00
1059	1.122553e+00
1060	1.143294e+00
1061	1.160636e+00
1062	1.173392e+00
1063	1.181385e+00
1064	1.186949e+00
1065	1.186567e+00
1066	1.182064e+00
1067	1.173209e+00
1068	1.158702e+00
1069	1.139184e+00
1070	1.117768e+00
1071	1.094119e+00
1072	1.072033e+00
1073	1.051260e+00
1074	1.033381e+00
1075	1.021290e+00
1076	1.016195e+00
1077	1.019161e+00
1078	1.028419e+00
1079	1.043435e+00
1080	1.062964e+00
1081	1.085967e+00
1082	1.108008e+00
1083	1.128740e+00
1084	1.147497e+00
1085	1.161819e+00
1086	1.170136e+00
1087	1.172431e+00
1088	1.167655e+00
1089	1.157574e+00
1090	1.143094e+00
1091	1.124355e+00
1092	1.103909e+00
1093	1.081889e+00
1094	1.061262e+00
1095	1.044819e+00
1096	1.033191e+00
1097	1.027594e+00
1098	1.028012e+00
1099	1.034445e+00
1100	1.044870e+00
1101	1.059216e+00
1102	1.077603e+00
1103	1.097581e+00
1104	1.115642e+00
1105	1.131842e+00
1106	1.145201e+00
1107	1.154203e+00
1108	1.158782e+00
1109	1.158674e+00
1110	1.154225e+00
1111	1.144635e+00
1112	1.131728e+00
1113	1.117028e+00
1114	1.101657e+00
1115	1.085902e+00
1116	1.071194e+00
1117	1.059464e+00
1118	1.052298e+00
1119	1.049075e+00
1120	1.049004e+00
1121	1.054439e+00
1122	1.063630e+00
1123	1.075561e+00
1124	1.090682e+00
1125	1.106460e+00
1126	1.122615e+00
1127	1.137469e+00
1128	1.149340e+00
1129	1.158387e+00
1130	1.162176e+00
1131	1.162357e+00
1132	1.157129e+00
1133	1.148740e+00
1134	1.138628e+00
1135	1.127049e+00
1136	1.112174e+00
1137	1.096731e+00
1138	1.082251e+00
1139	1.069417e+00
1140	1.059411e+00
1141	1.053071e+00
1142	1.049747e+00
1143	1.052138e+00
1144	1.059571e+00
1145	1.069871e+00
1146	1.083262e+00
1147	1.096810e+00
1148	1.112211e+00
1149	1.127527e+00
1150	1.140020e+00
1151	1.148868e+00
1152	1.151647e+00
1153	1.152061e+00
1154	1.149866e+00
1155	1.144781e+00
1156	1.136909e+00
1157	1.125851e+00
1158	1.113473e+00
1159	1.102275e+00
1160	1.089757e+00
1161	1.079235e+00
1162	1.071112e+00
1163	1.064677e+00
1164	1.061225e+00
1165	1.061789e+00
1166	1.064226e+00
1167	1.069710e+00
1168	1.078196e+00
1169	1.087489e+00
1170	1.097984e+00
1171	1.108335e+00
1172	1.117390e+00
1173	1.125539e+00
1174	1.131288e+00
1175	1.133349e+00
1176	1.132079e+00
1177	1.127076e+00
1178	1.118583e+00
1179	1.109739e+00
1180	1.099265e+00
1181	1.088414e+00
1182	1.078548e+00
1183	1.071253e+00
1184	1.065979e+00
1185	1.061701e+00
1186	1.062313e+00
1187	1.065586e+00
1188	1.073187e+00
1189	1.082582e+00
1190	1.092881e+00
1191	1.104842e+00
1192	1.116323e+00
1193	1.126155e+00
1194	1.134033e+00
1195	1.138889e+00
1196	1.140045e+00
1197	1.139317e+00
1198	1.136083e+00
1199	1.129067e+00
1200	1.120802e+00
1201	1.110025e+00
1202	1.099147e+00
1203	1.088223e+00
1204	1.077362e+00
1205	1.070829e+00
1206	1.067453e+00
1207	1.066575e+00
1208	1.069044e+00
1209	1.075095e+00
1210	1.083264e+00
1211	1.093293e+00
1212	1.102330e+00
1213	1.111697e+00
1214	1.120302e+00
1215	1.127344e+00
1216	1.131346e+00
1217	1.132395e+00
1218	1.131013e+00
1219	1.126696e+00
1220	1.120816e+00
1221	1.114990e+00
1222	1.107091e+00
1223	1.097836e+00
1224	1.088955e+00
1225	1.082570e+00
1226	1.078493e+00
1227	1.076898e+00
1228	1.077444e+00
1229	1.080722e+00
1230	1.085365e+00
1231	1.092106e+00
1232	1.098868e+00
1233	1.105656e+00
1234	1.110066e+00
1235	1.114658e+00
1236	1.118378e+00
1237	1.121056e+00
1238	1.123402e+00
1239	1.124595e+00
1240	1.123877e+00
1241	1.121092e+00
1242	1.114520e+00
1243	1.105886e+00
1244	1.097040e+00
1245	1.089625e+00
1246	1.083367e+00
1247	1.078123e+00
1248	1.074369e+00
1249	1.072244e+00
1250	1.071953e+00
1251	1.075107e+00
1252	1.080685e+00
1253	1.086715e+00
1254	1.091699e+00
1255	1.097007e+00
1256	1.102974e+00
1257	1.108136e+00
1258	1.112021e+00
1259	1.114789e+00
1260	1.115746e+00
1261	1.115441e+00
1262	1.112520e+00
1263	1.109057e+00
1264	1.104119e+00
1265	1.099652e+00
1266	1.094656e+00
1267	1.090801e+00
1268	1.087252e+00
1269	1.083135e+00
1270	1.080249e+00
1271	1.079826e+00
1272	1.081373e+00
1273	1.085247e+00
1274	1.088864e+00
1275	1.093132e+00
1276	1.096948e+00
1277	1.101224e+00
1278	1.106286e+00
1279	1.109849e+00
1280	1.114019e+00
1281	1.116791e+00
1282	1.118955e+00
1283	1.120371e+00
1284	1.119852e+00
1285	1.119257e+00
1286	1.115876e+00
1287	1.112129e+00
1288	1.106787e+00
1289	1.100431e+00
1290	1.094254e+00
1291	1.088569e+00
1292	1.083444e+00
1293	1.077645e+00
1294	1.072902e+00
1295	1.067876e+00
1296	1.065928e+00
1297	1.065713e+00
1298	1.067570e+00
1299	1.070443e+00
1300	1.076609e+00
1301	1.083908e+00
1302	1.092906e+00
1303	1.100611e+00
1304	1.107653e+00
1305	1.112545e+00
1306	1.115287e+00
1307	1.115485e+00
1308	1.113853e+00
1309	1.111823e+00
1310	1.107287e+00
1311	1.101248e+00
1312	1.093898e+00
1313	1.086395e+00
1314	1.079933e+00
1315	1.073281e+00
1316	1.067605e+00
1317	1.064615e+00
1318	1.064055e+00
1319	1.065097e+00
1320	1.067885e+00
1321	1.071848e+00
1322	1.078009e+00
1323	1.083614e+00
1324	1.089619e+00
1325	1.094853e+00
1326	1.100814e+00
1327	1.105499e+00
1328	1.109388e+00
1329	1.112115e+00
1330	1.111806e+00
1331	1.109053e+00
1332	1.104839e+00
1333	1.098725e+00
1334	1.092956e+00
1335	1.086445e+00
1336	1.078633e+00
1337	1.073293e+00
1338	1.069133e+00
1339	1.066805e+00
1340	1.067210e+00
1341	1.069815e+00
1342	1.074810e+00
1343	1.081174e+00
1344	1.088570e+00
1345	1.096622e+00
1346	1.104589e+00
1347	1.110777e+00
1348	1.114995e+00
1349	1.117255e+00
1350	1.117181e+00
1351	1.115212e+00
1352	1.110416e+00
1353	1.106285e+00
1354	1.101457e+00
1355	1.095391e+00
1356	1.091858e+00
1357	1.088986e+00
1358	1.088284e+00
1359	1.087087e+00
1360	1.087064e+00
1361	1.088439e+00
1362	1.090451e+00
1363	1.091929e+00
1364	1.094015e+00
1365	1.094720e+00
1366	1.094096e+00
1367	1.092407e+00
1368	1.090415e+00
1369	1.088756e+00
1370	1.087062e+00
1371	1.086064e+00
1372	1.085506e+00
1373	1.087068e+00
1374	1.090246e+00
1375	1.094340e+00
1376	1.097147e+00
1377	1.100030e+00
1378	1.103629e+00
1379	1.106312e+00
1380	1.108376e+00
1381	1.108430e+00
1382	1.108080e+00
1383	1.105418e+00
1384	1.101729e+00
1385	1.097886e+00
1386	1.094314e+00
1387	1.089133e+00
1388	1.084974e+00
1389	1.080996e+00
1390	1.078130e+00
1391	1.076469e+00
1392	1.078081e+00
1393	1.080697e+00
1394	1.083654e+00
1395	1.087652e+00
1396	1.091593e+00
1397	1.095811e+00
1398	1.099211e+00
1399	1.102655e+00
1400	1.105173e+00
1401	1.108055e+00
1402	1.110081e+00
1403	1.110551e+00
1404	1.109977e+00
1405	1.108281e+00
1406	1.105748e+00
1407	1.101480e+00
1408	1.096954e+00
1409	1.090883e+00
1410	1.085700e+00
1411	1.080285e+00
1412	1.076075e+00
1413	1.072677e+00
1414	1.073931e+00
1415	1.077681e+00
1416	1.083164e+00
1417	1.090120e+00
1418	1.096730e+00
1419	1.104759e+00
1420	1.112485e+00
1421	1.117726e+00
1422	1.123163e+00
1423	1.128367e+00
1424	1.132039e+00
1425	1.132923e+00
1426	1.130072e+00
1427	1.123738e+00
1428	1.115450e+00
1429	1.106109e+00
1430	1.095759e+00
1431	1.084706e+00
1432	1.074941e+00
1433	1.067753e+00
1434	1.063666e+00
1435	1.061603e+00
1436	1.062038e+00
1437	1.065268e+00
1438	1.072034e+00
1439	1.081162e+00
1440	1.090236e+00
1441	1.099621e+00
1442	1.109723e+00
1443	1.120117e+00
1444	1.129262e+00
1445	1.135455e+00
1446	1.138226e+00
1447	1.138101e+00
1448	1.134310e+00
1449	1.126986e+00
1450	1.118376e+00
1451	1.107837e+00
1452	1.097314e+00
1453	1.085993e+00
1454	1.076859e+00
1455	1.069655e+00
1456	1.065520e+00
1457	1.065407e+00
1458	1.068216e+00
1459	1.072418e+00
1460	1.078866e+00
1461	1.087828e+00
1462	1.098417e+00
1463	1.109026e+00
1464	1.118317e+00
1465	1.126761e+00
1466	1.131667e+00
1467	1.134990e+00
1468	1.136553e+00
1469	1.135527e+00
1470	1.130036e+00
1471	1.122925e+00
1472	1.114968e+00
1473	1.105638e+00
1474	1.095888e+00
1475	1.087481e+00
1476	1.080374e+00
1477	1.075411e+00
1478	1.072018e+00
1479	1.071885e+00
1480	1.073685e+00
1481	1.078821e+00
1482	1.085656e+00
1483	1.093817e+00
1484	1.103072e+00
1485	1.111254e+00
1486	1.118243e+00
1487	1.122389e+00
1488	1.125307e+00
1489	1.124621e+00
1490	1.122930e+00
1491	1.120347e+00
1492	1.115050e+00
1493	1.108332e+00
1494	1.099800e+00
1495	1.091901e+00
1496	1.084241e+00
1497	1.077352e+00
1498	1.071630e+00
1499	1.069001e+00
1500	1.069238e+00
1501	1.070266e+00
1502	1.072782e+00
1503	1.076757e+00
1504	1.083706e+00
1505	1.091683e+00
1506	1.100454e+00
1507	1.107838e+00
1508	1.112944e+00
1509	1.116528e+00
1510	1.120535e+00
1511	1.123152e+00
1512	1.123725e+00
1513	1.122660e+00
1514	1.120075e+00
1515	1.115344e+00
1516	1.109875e+00
1517	1.104270e+00
1518	1.096814e+00
1519	1.089413e+00
1520	1.082003e+00
1521	1.074192e+00
1522	1.070421e+00
1523	1.069151e+00
1524	1.071596e+00
1525	1.075765e+00
1526	1.082265e+00
1527	1.089099e+00
1528	1.095149e+00
1529	1.099918e+00
1530	1.105418e+00
1531	1.111417e+00
1532	1.116491e+00
1533	1.118843e+00
1534	1.118612e+00
1535	1.115322e+00
1536	1.109547e+00
1537	1.102234e+00
1538	1.094492e+00
1539	1.086782e+00
1540	1.080791e+00
1541	1.076330e+00
1542	1.075179e+00
1543	1.074437e+00
1544	1.075014e+00
1545	1.078621e+00
1546	1.085120e+00
1547	1.092555e+00
1548	1.100267e+00
1549	1.108114e+00
1550	1.114445e+00
1551	1.120458e+00
1552	1.124539e+00
1553	1.125210e+00
1554	1.123139e+00
1555	1.119334e+00
1556	1.112858e+00
1557	1.104508e+00
1558	1.094511e+00
1559	1.084986e+00
1560	1.076001e+00
1561	1.068690e+00
1562	1.063033e+00
1563	1.060324e+00
1564	1.060786e+00
1565	1.065084e+00
1566	1.072812e+00
1567	1.081238e+00
1568	1.090737e+00
1569	1.101409e+00
1570	1.111860e+00
1571	1.119299e+00
1572	1.126648e+00
1573	1.132312e+00
1574	1.135354e+00
1575	1.136636e+00
1576	1.133949e+00
1577	1.129484e+00
1578	1.123576e+00
1579	1.115969e+00
1580	1.107326e+00
1581	1.098583e+00
1582	1.090180e+00
1583	1.082167e+00
1584	1.074615e+00
1585	1.068708e+00
1586	1.066094e+00
1587	1.066064e+00
1588	1.068248e+00
1589	1.069922e+00
1590	1.072739e+00
1591	1.075640e+00
1592	1.079568e+00
1593	1.082901e+00
1594	1.085704e+00
1595	1.087071e+00
1596	1.089632e+00
1597	1.093092e+00
1598	1.096345e+00
1599	1.098419e+00
1600	1.098606e+00
1601	1.098276e+00
1602	1.096595e+00
1603	1.094596e+00
1604	1.093217e+00
1605	1.091510e+00
1606	1.090112e+00
1607	1.089058e+00
1608	1.088978e+00
1609	1.088439e+00
1610	1.088038e+00
1611	1.087735e+00
1612	1.088363e+00
1613	1.089498e+00
1614	1.089442e+00
1615	1.090519e+00
1616	1.090495e+00
1617	1.089407e+00
1618	1.088885e+00
1619	1.087956e+00
1620	1.086720e+00
1621	1.086634e+00
1622	1.086680e+00
1623	1.085483e+00
1624	1.084902e+00
1625	1.084697e+00
1626	1.084141e+00
1627	1.086204e+00
1628	1.089394e+00
1629	1.091884e+00
1630	1.094017e+00
1631	1.093636e+00
1632	1.092434e+00
1633	1.092097e+00
1634	1.091970e+00
1635	1.093195e+00
1636	1.094760e+00
1637	1.095606e+00
1638	1.095678e+00
1639	1.095408e+00
1640	1.096217e+00
1641	1.096274e+00
1642	1.095589e+00
1643	1.094676e+00
1644	1.093636e+00
1645	1.092255e+00
1646	1.090010e+00
1647	1.089689e+00
1648	1.089821e+00
1649	1.090359e+00
1650	1.090947e+00
1651	1.091641e+00
1652	1.091945e+00
1653	1.091576e+00
1654	1.091728e+00
1655	1.092605e+00
1656	1.094279e+00
1657	1.097255e+00
1658	1.100364e+00
1659	1.101682e+00
1660	1.104430e+00
1661	1.108062e+00
1662	1.111142e+00
1663	1.112972e+00
1664	1.113968e+00
1665	1.112596e+00
1666	1.109373e+00
1667	1.104506e+00
1668	1.099831e+00
1669	1.095162e+00
1670	1.090609e+00
1671	1.086340e+00
1672	1.081034e+00
1673	1.078336e+00
1674	1.077194e+00
1675	1.078068e+00
1676	1.080151e+00
1677	1.084627e+00
1678	1.089458e+00
1679	1.093731e+00
1680	1.098521e+00
1681	1.103083e+00
1682	1.108046e+00
1683	1.113202e+00
1684	1.114624e+00
1685	1.114967e+00
1686	1.113286e+00
1687	1.110790e+00
1688	1.105974e+00
1689	1.099533e+00
1690	1.093641e+00
1691	1.087844e+00
1692	1.084342e+00
1693	1.082477e+00
1694	1.081250e+00
1695	1.080793e+00
1696	1.081265e+00
1697	1.083690e+00
1698	1.085947e+00
1699	1.088065e+00
1700	1.090928e+00
1701	1.093701e+00
1702	1.095776e+00
1703	1.097961e+00
1704	1.099933e+00
1705	1.102020e+00
1706	1.103710e+00
1707	1.104183e+00
1708	1.102973e+00
1709	1.102626e+00
1710	1.102171e+00
1711	1.101564e+00
1712	1.100515e+00
1713	1.099797e+00
1714	1.099279e+00
1715	1.099446e+00
1716	1.100041e+00
1717	1.099152e+00
1718	1.097846e+00
1719	1.096715e+00
1720	1.096451e+00
1721	1.097001e+00
1722	1.098959e+00
1723	1.100350e+00
1724	1.101318e+00
1725	1.100941e+00
1726	1.100534e+00
1727	1.100342e+00
1728	1.100772e+00
1729	1.101164e+00
1730	1.101070e+00
1731	1.099856e+00
1732	1.097638e+00
1733	1.095465e+00
1734	1.093252e+00
1735	1.092460e+00
1736	1.092106e+00
1737	1.093172e+00
1738	1.094619e+00
1739	1.095521e+00
1740	1.097232e+00
1741	1.097430e+00
1742	1.098254e+00
1743	1.098014e+00
1744	1.099381e+00
1745	1.101352e+00
1746	1.102992e+00
1747	1.104360e+00
1748	1.103636e+00
1749	1.102412e+00
1750	1.101012e+00
1751	1.099675e+00
1752	1.098363e+00
1753	1.096692e+00
1754	1.095219e+00
1755	1.093884e+00
1756	1.092313e+00
1757	1.091838e+00
1758	1.091150e+00
1759	1.091806e+00
1760	1.092953e+00
1761	1.094131e+00
1762	1.094857e+00
1763	1.095440e+00
1764	1.095461e+00
1765	1.095903e+00
1766	1.095128e+00
1767	1.095857e+00
1768	1.096593e+00
1769	1.095813e+00
1770	1.095201e+00
1771	1.094344e+00
1772	1.092626e+00
1773	1.090617e+00
1774	1.088182e+00
1775	1.085827e+00
1776	1.082145e+00
1777	1.080712e+00
1778	1.080863e+00
1779	1.082951e+00
1780	1.084594e+00
1781	1.087062e+00
1782	1.091150e+00
1783	1.096596e+00
1784	1.101639e+00
1785	1.105796e+00
1786	1.109258e+00
1787	1.110152e+00
1788	1.110762e+00
1789	1.112230e+00
1790	1.113574e+00
1791	1.112079e+00
1792	1.108677e+00
1793	1.103420e+00
1794	1.096455e+00
1795	1.089671e+00
1796	1.083063e+00
1797	1.076548e+00
1798	1.071962e+00
1799	1.068540e+00
1800	1.067250e+00
1801	1.067510e+00
1802	1.069398e+00
1803	1.072984e+00
1804	1.077186e+00
1805	1.083424e+00
1806	1.089840e+00
1807	1.096511e+00
1808	1.101356e+00
1809	1.106541e+00
1810	1.110055e+00
1811	1.113231e+00
1812	1.114641e+00
1813	1.114580e+00
1814	1.112964e+00
1815	1.109050e+00
1816	1.103657e+00
1817	1.098972e+00
1818	1.093196e+00
1819	1.087889e+00
1820	1.082592e+00
1821	1.079188e+00
1822	1.077297e+00
1823	1.077845e+00
1824	1.080137e+00
1825	1.082946e+00
1826	1.085522e+00
1827	1.087882e+00
1828	1.090835e+00
1829	1.093129e+00
1830	1.097003e+00
1831	1.099915e+00
1832	1.102394e+00
1833	1.104065e+00
1834	1.104803e+00
1835	1.104462e+00
1836	1.102520e+00
1837	1.098180e+00
1838	1.094001e+00
1839	1.088848e+00
1840	1.083199e+00
1841	1.076279e+00
1842	1.070960e+00
1843	1.066530e+00
1844	1.065367e+00
1845	1.066405e+00
1846	1.069642e+00
1847	1.073476e+00
1848	1.076945e+00
1849	1.080484e+00
1850	1.083846e+00
1851	1.087364e+00
1852	1.090544e+00
1853	1.095124e+00
1854	1.099731e+00
1855	1.105354e+00
1856	1.109211e+00
1857	1.111841e+00
1858	1.115093e+00
1859	1.115473e+00
1860	1.115524e+00
1861	1.112853e+00
1862	1.110322e+00
1863	1.107357e+00
1864	1.103697e+00
1865	1.099131e+00
1866	1.094038e+00
1867	1.090142e+00
1868	1.086090e+00
1869	1.082654e+00
1870	1.080738e+00
1871	1.081226e+00
1872	1.082488e+00
1873	1.085371e+00
1874	1.089364e+00
1875	1.094177e+00
1876	1.097614e+00
1877	1.101142e+00
1878	1.104109e+00
1879	1.105979e+00
1880	1.106717e+00
1881	1.107283e+00
1882	1.106686e+00
1883	1.105052e+00
1884	1.101429e+00
1885	1.097970e+00
1886	1.095212e+00
1887	1.091205e+00
1888	1.088634e+00
1889	1.087092e+00
1890	1.085685e+00
1891	1.083722e+00
1892	1.082465e+00
1893	1.082804e+00
1894	1.083522e+00
1895	1.084670e+00
1896	1.087495e+00
1897	1.090920e+00
1898	1.097192e+00
1899	1.103471e+00
1900	1.108373e+00
1901	1.113212e+00
1902	1.116069e+00
1903	1.117814e+00
1904	1.118126e+00
1905	1.116812e+00
1906	1.113594e+00
1907	1.109901e+00
1908	1.104330e+00
1909	1.098217e+00
1910	1.091075e+00
1911	1.085786e+00
1912	1.081824e+00
1913	1.078313e+00
1914	1.077866e+00
1915	1.079220e+00
1916	1.080997e+00
1917	1.082403e+00
1918	1.085504e+00
1919	1.089873e+00
1920	1.094706e+00
1921	1.099925e+00
1922	1.104133e+00
1923	1.109003e+00
1924	1.115262e+00
1925	1.121283e+00
1926	1.125506e+00
1927	1.128680e+00
1928	1.128385e+00
1929	1.124735e+00
1930	1.117704e+00
1931	1.109398e+00
1932	1.097559e+00
1933	1.085100e+00
1934	1.073816e+00
1935	1.065580e+00
1936	1.060629e+00
1937	1.057933e+00
1938	1.057742e+00
1939	1.059878e+00
1940	1.064379e+00
1941	1.071524e+00
1942	1.081690e+00
1943	1.093293e+00
1944	1.105848e+00
1945	1.116942e+00
1946	1.125359e+00
1947	1.131630e+00
1948	1.134808e+00
1949	1.134602e+00
1950	1.132022e+00
1951	1.126436e+00
1952	1.118627e+00
1953	1.109683e+00
1954	1.099817e+00
1955	1.091235e+00
1956	1.082823e+00
1957	1.074664e+00
1958	1.068408e+00
1959	1.065398e+00
1960	1.065181e+00
1961	1.067438e+00
1962	1.071232e+00
1963	1.077166e+00
1964	1.085568e+00
1965	1.095469e+00
1966	1.105222e+00
1967	1.113975e+00
1968	1.121587e+00
1969	1.125982e+00
1970	1.128787e+00
1971	1.128091e+00
1972	1.124275e+00
1973	1.118653e+00
1974	1.111049e+00
1975	1.102554e+00
1976	1.095245e+00
1977	1.087678e+00
1978	1.080776e+00
1979	1.075513e+00
1980	1.072417e+00
1981	1.072587e+00
1982	1.076400e+00
1983	1.082629e+00
1984	1.089850e+00
1985	1.097444e+00
1986	1.104978e+00
1987	1.112937e+00
1988	1.119615e+00
1989	1.123791e+00
1990	1.124667e+00
1991	1.123453e+00
1992	1.121364e+00
1993	1.116874e+00
1994	1.111105e+00
1995	1.105257e+00
1996	1.098211e+00
1997	1.090079e+00
1998	1.084506e+00
1999	1.078687e+00
2000	1.075087e+00
2001	1.073619e+00
2002	1.075243e+00
2003	1.080284e+00
2004	1.086122e+00
2005	1.092957e+00
2006	1.099442e+00
2007	1.107644e+00
2008	1.113199e+00
2009	1.117685e+00
2010	1.119971e+00
2011	1.121099e+00
2012	1.119034e+00
2013	1.115762e+00
2014	1.110672e+00
2015	1.104440e+00
2016	1.097190e+00
2017	1.088607e+00
2018	1.079944e+00
2019	1.071382e+00
2020	1.064897e+00
2021	1.060069e+00
2022	1.058343e+00
2023	1.058374e+00
2024	1.061604e+00
2025	1.067169e+00
2026	1.074671e+00
2027	1.083565e+00
2028	1.092867e+00
2029	1.101466e+00
2030	1.108034e+00
2031	1.113329e+00
2032	1.115963e+00
2033	1.115984e+00
2034	1.113842e+00
2035	1.109613e+00
2036	1.103903e+00
2037	1.097052e+00
2038	1.090446e+00
2039	1.084602e+00
2040	1.079353e+00
2041	1.075411e+00
2042	1.073523e+00
2043	1.074167e+00
2044	1.077595e+00
2045	1.082930e+00
2046	1.089891e+00
2047	1.096897e+00
2048	1.103645e+00
2049	1.108681e+00
2050	1.113640e+00
2051	1.117386e+00
2052	1.118678e+00
2053	1.117870e+00
2054	1.114631e+00
2055	1.109848e+00
2056	1.103987e+00
2057	1.098428e+00
2058	1.093685e+00
2059	1.090357e+00
2060	1.088549e+00
2061	1.087573e+00
2062	1.085884e+00
2063	1.083574e+00
2064	1.081756e+00
2065	1.081996e+00
2066	1.083056e+00
2067	1.087396e+00
2068	1.091264e+00
2069	1.094374e+00
2070	1.097347e+00
2071	1.100950e+00
2072	1.105388e+00
2073	1.108634e+00
2074	1.109463e+00
2075	1.108770e+00
2076	1.107016e+00
2077	1.104008e+00
2078	1.100446e+00
2079	1.096707e+00
2080	1.093698e+00
2081	1.091213e+00
2082	1.090764e+00
2083	1.092881e+00
2084	1.094010e+00
2085	1.095948e+00
2086	1.097660e+00
2087	1.098985e+00
2088	1.099981e+00
2089	1.101968e+00
2090	1.102820e+00
2091	1.104543e+00
2092	1.105153e+00
2093	1.106180e+00
2094	1.106013e+00
2095	1.104478e+00
2096	1.103604e+00
2097	1.102034e+00
2098	1.101200e+00
2099	1.098688e+00
2100	1.094422e+00
2101	1.091184e+00
2102	1.088455e+00
2103	1.085780e+00
2104	1.082705e+00
2105	1.079632e+00
2106	1.077476e+00
2107	1.076959e+00
2108	1.078765e+00
2109	1.083363e+00
2110	1.087510e+00
2111	1.093157e+00
2112	1.099737e+00
2113	1.106657e+00
2114	1.112103e+00
2115	1.115882e+00
2116	1.117589e+00
2117	1.116653e+00
2118	1.113018e+00
2119	1.107555e+00
2120	1.100107e+00
2121	1.091403e+00
2122	1.082317e+00
2123	1.074181e+00
2124	1.068084e+00
2125	1.062818e+00
2126	1.060235e+00
2127	1.059355e+00
2128	1.062622e+00
2129	1.068391e+00
2130	1.078026e+00
2131	1.088403e+00
2132	1.098784e+00
2133	1.106477e+00
2134	1.113786e+00
2135	1.118730e+00
2136	1.122189e+00
2137	1.123804e+00
2138	1.122440e+00
2139	1.118954e+00
2140	1.114151e+00
2141	1.107798e+00
2142	1.100304e+00
2143	1.090778e+00
2144	1.081515e+00
2145	1.072948e+00
2146	1.065893e+00
2147	1.060235e+00
2148	1.059232e+00
2149	1.061968e+00
2150	1.067833e+00
2151	1.076680e+00
2152	1.088993e+00
2153	1.100698e+00
2154	1.111022e+00
2155	1.119175e+00
2156	1.124740e+00
2157	1.126511e+00
2158	1.125066e+00
2159	1.120536e+00
2160	1.113909e+00
2161	1.106385e+00
2162	1.098377e+00
2163	1.089451e+00
2164	1.080286e+00
2165	1.073158e+00
2166	1.066479e+00
2167	1.061924e+00
2168	1.059592e+00
2169	1.059931e+00
2170	1.063138e+00
2171	1.067727e+00
2172	1.074145e+00
2173	1.082288e+00
2174	1.089416e+00
2175	1.097373e+00
2176	1.103180e+00
2177	1.107151e+00
2178	1.109466e+00
2179	1.111396e+00
2180	1.112898e+00
2181	1.112330e+00
2182	1.111738e+00
2183	1.109856e+00
2184	1.106509e+00
2185	1.100756e+00
2186	1.094678e+00
2187	1.088936e+00
2188	1.083963e+00
2189	1.078265e+00
2190	1.074060e+00
2191	1.072029e+00
2192	1.072269e+00
2193	1.074003e+00
2194	1.077100e+00
2195	1.081397e+00
2196	1.086872e+00
2197	1.093848e+00
2198	1.100770e+00
2199	1.108073e+00
2200	1.115298e+00
2201	1.120963e+00
2202	1.125467e+00
2203	1.127113e+00
2204	1.125837e+00
2205	1.122133e+00
2206	1.116027e+00
2207	1.110541e+00
2208	1.103059e+00
2209	1.095845e+00
2210	1.089731e+00
2211	1.084467e+00
2212	1.080281e+00
2213	1.077379e+00
2214	1.076135e+00
2215	1.077632e+00
2216	1.080561e+00
2217	1.085477e+00
2218	1.090574e+00
2219	1.096165e+00
2220	1.100511e+00
2221	1.106062e+00
2222	1.112532e+00
2223	1.116811e+00
2224	1.119083e+00
2225	1.121190e+00
2226	1.122663e+00
2227	1.120888e+00
2228	1.118221e+00
2229	1.115122e+00
2230	1.110558e+00
2231	1.104772e+00
2232	1.097777e+00
2233	1.091141e+00
2234	1.084408e+00
2235	1.078108e+00
2236	1.072821e+00
2237	1.070610e+00
2238	1.072703e+00
2239	1.077327e+00
2240	1.084730e+00
2241	1.093404e+00
2242	1.100561e+00
2243	1.108154e+00
2244	1.114929e+00
2245	1.119837e+00
2246	1.123199e+00
2247	1.125058e+00
2248	1.125343e+00
2249	1.124948e+00
2250	1.121854e+00
2251	1.116638e+00
2252	1.107893e+00
2253	1.097906e+00
2254	1.088520e+00
2255	1.079523e+00
2256	1.071561e+00
2257	1.066227e+00
2258	1.064173e+00
2259	1.065024e+00
2260	1.066754e+00
2261	1.070452e+00
2262	1.077070e+00
2263	1.085445e+00
2264	1.095118e+00
2265	1.104428e+00
2266	1.112348e+00
2267	1.118957e+00
2268	1.124401e+00
2269	1.127016e+00
2270	1.127136e+00
2271	1.125735e+00
2272	1.122244e+00
2273	1.116923e+00
2274	1.110175e+00
2275	1.103311e+00
2276	1.096130e+00
2277	1.089484e+00
2278	1.081804e+00
2279	1.075282e+00
2280	1.070286e+00
2281	1.068395e+00
2282	1.069313e+00
2283	1.072283e+00
2284	1.077229e+00
2285	1.083295e+00
2286	1.088862e+00
2287	1.094279e+00
2288	1.100106e+00
2289	1.106153e+00
2290	1.112079e+00
2291	1.115257e+00
2292	1.117366e+00
2293	1.117744e+00
2294	1.115273e+00
2295	1.111363e+00
2296	1.107390e+00
2297	1.101816e+00
2298	1.096299e+00
2299	1.090589e+00
2300	1.085573e+00
2301	1.081576e+00
2302	1.078259e+00
2303	1.076103e+00
2304	1.076790e+00
2305	1.080191e+00
2306	1.086822e+00
2307	1.095797e+00
2308	1.104629e+00
2309	1.113999e+00
2310	1.123018e+00
2311	1.130631e+00
2312	1.136435e+00
2313	1.138943e+00
2314	1.136532e+00
2315	1.130744e+00
2316	1.122487e+00
2317	1.114155e+00
2318	1.105316e+00
2319	1.094329e+00
2320	1.085445e+00
2321	1.079128e+00
2322	1.072860e+00
2323	1.068279e+00
2324	1.066520e+00
2325	1.067990e+00
2326	1.071902e+00
2327	1.077377e+00
2328	1.085791e+00
2329	1.095605e+00
2330	1.105482e+00
2331	1.113469e+00
2332	1.121314e+00
2333	1.127720e+00
2334	1.131033e+00
2335	1.130612e+00
2336	1.128656e+00
2337	1.124168e+00
2338	1.117708e+00
2339	1.109781e+00
2340	1.100588e+00
2341	1.090495e+00
2342	1.081646e+00
2343	1.075036e+00
2344	1.072341e+00
2345	1.072723e+00
2346	1.075187e+00
2347	1.080644e+00
2348	1.089891e+00
2349	1.100534e+00
2350	1.110321e+00
2351	1.120295e+00
2352	1.127923e+00
2353	1.132552e+00
2354	1.133693e+00
2355	1.132926e+00
2356	1.130421e+00
2357	1.125655e+00
2358	1.118434e+00
2359	1.109758e+00
2360	1.100244e+00
2361	1.090054e+00
2362	1.079835e+00
2363	1.071390e+00
2364	1.067262e+00
2365	1.066368e+00
2366	1.069146e+00
2367	1.075037e+00
2368	1.082563e+00
2369	1.091921e+00
2370	1.102231e+00
2371	1.113096e+00
2372	1.122095e+00
2373	1.130717e+00
2374	1.137347e+00
2375	1.141555e+00
2376	1.143928e+00
2377	1.142989e+00
2378	1.140523e+00
2379	1.135640e+00
2380	1.129040e+00
2381	1.121224e+00
2382	1.112388e+00
2383	1.102897e+00
2384	1.093693e+00
2385	1.085835e+00
2386	1.080177e+00
2387	1.076699e+00
2388	1.075718e+00
2389	1.077631e+00
2390	1.083259e+00
2391	1.091172e+00
2392	1.099383e+00
2393	1.107902e+00
2394	1.117355e+00
2395	1.125705e+00
2396	1.131069e+00
2397	1.133149e+00
2398	1.132818e+00
2399	1.129387e+00
2400	1.123158e+00
2401	1.115729e+00
2402	1.105718e+00
2403	1.095222e+00
2404	1.085519e+00
2405	1.076104e+00
2406	1.067379e+00
2407	1.061741e+00
2408	1.058409e+00
2409	1.060552e+00
2410	1.064997e+00
2411	1.072429e+00
2412	1.081745e+00
2413	1.089963e+00
2414	1.098312e+00
2415	1.108665e+00
2416	1.116904e+00
2417	1.124294e+00
2418	1.127957e+00
2419	1.129300e+00
2420	1.129648e+00
2421	1.125914e+00
2422	1.121633e+00
2423	1.116189e+00
2424	1.109900e+00
2425	1.102269e+00
2426	1.093434e+00
2427	1.085578e+00
2428	1.080391e+00
2429	1.076696e+00
2430	1.076028e+00
2431	1.079087e+00
2432	1.084969e+00
2433	1.092839e+00
2434	1.102782e+00
2435	1.113427e+00
2436	1.123492e+00
2437	1.132631e+00
2438	1.140869e+00
2439	1.146976e+00
2440	1.150737e+00
2441	1.149693e+00
2442	1.144510e+00
2443	1.135818e+00
2444	1.124477e+00
2445	1.110438e+00
2446	1.096746e+00
2447	1.082385e+00
2448	1.071237e+00
2449	1.064453e+00
2450	1.060445e+00
2451	1.059550e+00
2452	1.062799e+00
2453	1.069589e+00
2454	1.078510e+00
2455	1.090298e+00
2456	1.102389e+00
2457	1.113387e+00
2458	1.121889e+00
2459	1.127510e+00
2460	1.130204e+00
2461	1.130203e+00
2462	1.126653e+00
2463	1.120411e+00
2464	1.113269e+00
2465	1.105123e+00
2466	1.096829e+00
2467	1.087920e+00
2468	1.079345e+00
2469	1.072139e+00
2470	1.067589e+00
2471	1.064385e+00
2472	1.062392e+00
2473	1.062129e+00
2474	1.064944e+00
2475	1.070188e+00
2476	1.076607e+00
2477	1.086259e+00
2478	1.095594e+00
2479	1.106556e+00
2480	1.116264e+00
2481	1.125341e+00
2482	1.132252e+00
2483	1.137052e+00
2484	1.139671e+00
2485	1.139245e+00
2486	1.136629e+00
2487	1.131786e+00
2488	1.125077e+00
2489	1.115945e+00
2490	1.104527e+00
2491	1.093248e+00
2492	1.081683e+00
2493	1.072075e+00
2494	1.066424e+00
2495	1.062861e+00
2496	1.064225e+00
2497	1.068200e+00
2498	1.076031e+00
2499	1.085908e+00
2500	1.097943e+00
2501	1.110539e+00
2502	1.121546e+00
2503	1.129305e+00
2504	1.133343e+00
2505	1.133316e+00
2506	1.130710e+00
2507	1.125491e+00
2508	1.119133e+00
2509	1.110785e+00
2510	1.101786e+00
2511	1.093874e+00
2512	1.085968e+00
2513	1.080279e+00
2514	1.077045e+00
2515	1.076565e+00
2516	1.080547e+00
2517	1.087695e+00
2518	1.095255e+00
2519	1.103639e+00
2520	1.112149e+00
2521	1.119815e+00
2522	1.126379e+00
2523	1.129488e+00
2524	1.128809e+00
2525	1.125131e+00
2526	1.118453e+00
2527	1.109589e+00
2528	1.099134e+00
2529	1.089689e+00
2530	1.081319e+00
2531	1.074885e+00
2532	1.070235e+00
2533	1.068358e+00
2534	1.068355e+00
2535	1.070378e+00
2536	1.075002e+00
2537	1.081541e+00
2538	1.089201e+00
2539	1.097170e+00
2540	1.106462e+00
2541	1.114151e+00
2542	1.120912e+00
2543	1.124771e+00
2544	1.127988e+00
2545	1.129132e+00
2546	1.127445e+00
2547	1.123495e+00
2548	1.116150e+00
2549	1.107352e+00
2550	1.097557e+00
2551	1.087727e+00
2552	1.076692e+00
2553	1.069780e+00
2554	1.066659e+00
2555	1.065879e+00
2556	1.067514e+00
2557	1.071997e+00
2558	1.079698e+00
2559	1.090117e+00
2560	1.100670e+00
2561	1.110665e+00
2562	1.120878e+00
2563	1.130751e+00
2564	1.137137e+00
2565	1.141127e+00
2566	1.141727e+00
2567	1.138971e+00
2568	1.134414e+00
2569	1.128702e+00
2570	1.118670e+00
2571	1.106276e+00
2572	1.094502e+00
2573	1.082638e+00
2574	1.072519e+00
2575	1.064333e+00
2576	1.060353e+00
2577	1.060330e+00
2578	1.064708e+00
2579	1.072889e+00
2580	1.084001e+00
2581	1.097393e+00
2582	1.110717e+00
2583	1.123417e+00
2584	1.133564e+00
2585	1.142895e+00
2586	1.148809e+00
2587	1.149962e+00
2588	1.148337e+00
2589	1.143431e+00
2590	1.136794e+00
2591	1.128641e+00
2592	1.118253e+00
2593	1.108525e+00
2594	1.099263e+00
2595	1.091233e+00
2596	1.084477e+00
2597	1.080175e+00
2598	1.079377e+00
2599	1.079528e+00
2600	1.082419e+00
2601	1.086202e+00
2602	1.091363e+00
2603	1.097573e+00
2604	1.103060e+00
2605	1.109140e+00
2606	1.116421e+00
2607	1.122068e+00
2608	1.125401e+00
2609	1.128251e+00
2610	1.129230e+00
2611	1.126109e+00
2612	1.120898e+00
2613	1.114152e+00
2614	1.106211e+00
2615	1.098232e+00
2616	1.090221e+00
2617	1.084714e+00
2618	1.081777e+00
2619	1.082657e+00
2620	1.086585e+00
2621	1.090945e+00
2622	1.096801e+00
2623	1.102949e+00
2624	1.109190e+00
2625	1.116617e+00
2626	1.122989e+00
2627	1.126757e+00
2628	1.130162e+00
2629	1.130057e+00
2630	1.126887e+00
2631	1.121568e+00
2632	1.114750e+00
2633	1.104869e+00
2634	1.093236e+00
2635	1.082126e+00
2636	1.073479e+00
2637	1.065740e+00
2638	1.061950e+00
2639	1.060490e+00
2640	1.061501e+00
2641	1.064069e+00
2642	1.069510e+00
2643	1.076891e+00
2644	1.086739e+00
2645	1.097435e+00
2646	1.108046e+00
2647	1.117895e+00
2648	1.126467e+00
2649	1.133851e+00
2650	1.136806e+00
2651	1.136428e+00
2652	1.133658e+00
2653	1.129579e+00
2654	1.123962e+00
2655	1.116181e+00
2656	1.106383e+00
2657	1.094805e+00
2658	1.084680e+00
2659	1.075385e+00
2660	1.068468e+00
2661	1.063967e+00
2662	1.064268e+00
2663	1.066517e+00
2664	1.071103e+00
2665	1.079241e+00
2666	1.088745e+00
2667	1.098856e+00
2668	1.109783e+00
2669	1.117899e+00
2670	1.124817e+00
2671	1.130305e+00
2672	1.132704e+00
2673	1.133173e+00
2674	1.132082e+00
2675	1.127166e+00
2676	1.118978e+00
2677	1.108993e+00
2678	1.099250e+00
2679	1.089995e+00
2680	1.083046e+00
2681	1.078447e+00
2682	1.075050e+00
2683	1.072987e+00
2684	1.072543e+00
2685	1.073473e+00
2686	1.076364e+00
2687	1.080225e+00
2688	1.084524e+00
2689	1.090804e+00
2690	1.098411e+00
2691	1.107274e+00
2692	1.114727e+00
2693	1.121250e+00
2694	1.126937e+00
2695	1.130644e+00
2696	1.132736e+00
2697	1.132724e+00
2698	1.129892e+00
2699	1.123972e+00
2700	1.116481e+00
2701	1.108243e+00
2702	1.099488e+00
2703	1.089452e+00
2704	1.080869e+00
2705	1.072862e+00
2706	1.068573e+00
2707	1.065144e+00
2708	1.065842e+00
2709	1.069718e+00
2710	1.076577e+00
2711	1.086031e+00
2712	1.096821e+00
2713	1.107414e+00
2714	1.117452e+00
2715	1.124267e+00
2716	1.130637e+00
2717	1.134444e+00
2718	1.135454e+00
2719	1.134072e+00
2720	1.130464e+00
2721	1.124557e+00
2722	1.114890e+00
2723	1.105026e+00
2724	1.094218e+00
2725	1.084554e+00
2726	1.078221e+00
2727	1.075098e+00
2728	1.074493e+00
2729	1.076647e+00
2730	1.081593e+00
2731	1.087522e+00
2732	1.094274e+00
2733	1.100691e+00
2734	1.108526e+00
2735	1.116667e+00
2736	1.124561e+00
2737	1.130977e+00
2738	1.136003e+00
2739	1.138593e+00
2740	1.138396e+00
2741	1.136090e+00
2742	1.132617e+00
2743	1.128234e+00
2744	1.121501e+00
2745	1.113394e+00
2746	1.103816e+00
2747	1.093776e+00
2748	1.084404e+00
2749	1.074948e+00
2750	1.068444e+00
2751	1.066565e+00
2752	1.069041e+00
2753	1.075303e+00
2754	1.083058e+00
2755	1.091283e+00
2756	1.100100e+00
2757	1.109520e+00
2758	1.118666e+00
2759	1.127066e+00
2760	1.132794e+00
2761	1.135715e+00
2762	1.136433e+00
2763	1.134514e+00
2764	1.130328e+00
2765	1.123723e+00
2766	1.115468e+00
2767	1.105390e+00
2768	1.094903e+00
2769	1.085030e+00
2770	1.075891e+00
2771	1.068549e+00
2772	1.063912e+00
2773	1.060897e+00
2774	1.061842e+00
2775	1.065478e+00
2776	1.072067e+00
2777	1.079665e+00
2778	1.088235e+00
2779	1.097843e+00
2780	1.106721e+00
2781	1.116624e+00
2782	1.123606e+00
2783	1.127472e+00
2784	1.128988e+00
2785	1.126684e+00
2786	1.123176e+00
2787	1.117361e+00
2788	1.109734e+00
2789	1.101322e+00
2790	1.092378e+00
2791	1.083504e+00
2792	1.075297e+00
2793	1.069811e+00
2794	1.067765e+00
2795	1.070131e+00
2796	1.075304e+00
2797	1.081645e+00
2798	1.091079e+00
2799	1.102471e+00
2800	1.113877e+00
2801	1.124144e+00
2802	1.131828e+00
2803	1.138568e+00
2804	1.141542e+00
2805	1.141235e+00
2806	1.137774e+00
2807	1.133343e+00
2808	1.125504e+00
2809	1.114618e+00
2810	1.102209e+00
2811	1.092189e+00
2812	1.082889e+00
2813	1.076037e+00
2814	1.072892e+00
2815	1.073317e+00
2816	1.075437e+00
2817	1.079250e+00
2818	1.083956e+00
2819	1.089249e+00
2820	1.096571e+00
2821	1.104012e+00
2822	1.110614e+00
2823	1.116704e+00
2824	1.123654e+00
2825	1.129402e+00
2826	1.132821e+00
2827	1.131808e+00
2828	1.127160e+00
2829	1.121523e+00
2830	1.114742e+00
2831	1.105305e+00
2832	1.096333e+00
2833	1.088431e+00
2834	1.082283e+00
2835	1.077264e+00
2836	1.073990e+00
2837	1.074465e+00
2838	1.077589e+00
2839	1.083810e+00
2840	1.092062e+00
2841	1.101124e+00
2842	1.112273e+00
2843	1.123321e+00
2844	1.132821e+00
2845	1.139650e+00
2846	1.144269e+00
2847	1.145964e+00
2848	1.143786e+00
2849	1.138309e+00
2850	1.131085e+00
2851	1.122213e+00
2852	1.111106e+00
2853	1.099359e+00
2854	1.085864e+00
2855	1.074628e+00
2856	1.065962e+00
2857	1.060031e+00
2858	1.060049e+00
2859	1.063514e+00
2860	1.071613e+00
2861	1.082504e+00
2862	1.096242e+00
2863	1.111085e+00
2864	1.124551e+00
2865	1.136059e+00
2866	1.143983e+00
2867	1.148701e+00
2868	1.149308e+00
2869	1.145388e+00
2870	1.137858e+00
2871	1.127592e+00
2872	1.114029e+00
2873	1.098694e+00
2874	1.083161e+00
2875	1.070683e+00
2876	1.059420e+00
2877	1.051131e+00
2878	1.046528e+00
2879	1.047007e+00
2880	1.051470e+00
2881	1.060255e+00
2882	1.072267e+00
2883	1.084875e+00
2884	1.097631e+00
2885	1.109554e+00
2886	1.120730e+00
2887	1.129358e+00
2888	1.134952e+00
2889	1.137993e+00
2890	1.138777e+00
2891	1.135233e+00
2892	1.129796e+00
2893	1.121528e+00
2894	1.112206e+00
2895	1.102396e+00
2896	1.092049e+00
2897	1.083594e+00
2898	1.075977e+00
2899	1.070871e+00
2900	1.068778e+00
2901	1.069202e+00
2902	1.072687e+00
2903	1.080494e+00
2904	1.089300e+00
2905	1.100466e+00
2906	1.111270e+00
2907	1.120162e+00
2908	1.128077e+00
2909	1.134481e+00
2910	1.138045e+00
2911	1.138635e+00
2912	1.136240e+00
2913	1.130727e+00
2914	1.123251e+00
2915	1.115214e+00
2916	1.106310e+00
2917	1.096650e+00
2918	1.087885e+00
2919	1.080419e+00
2920	1.074653e+00
2921	1.071060e+00
2922	1.069574e+00
2923	1.070138e+00
2924	1.074839e+00
2925	1.082106e+00
2926	1.089775e+00
2927	1.098835e+00
2928	1.107979e+00
2929	1.117195e+00
2930	1.125888e+00
2931	1.134364e+00
2932	1.139934e+00
2933	1.141998e+00
2934	1.141893e+00
2935	1.139840e+00
2936	1.134950e+00
2937	1.127584e+00
2938	1.118248e+00
2939	1.107559e+00
2940	1.096077e+00
2941	1.084670e+00
2942	1.075048e+00
2943	1.068067e+00
2944	1.064771e+00
2945	1.064111e+00
2946	1.065190e+00
2947	1.069384e+00
2948	1.076208e+00
2949	1.084102e+00
2950	1.093441e+00
2951	1.103765e+00
2952	1.113935e+00
2953	1.122981e+00
2954	1.129199e+00
2955	1.132302e+00
2956	1.133074e+00
2957	1.132261e+00
2958	1.130422e+00
2959	1.126967e+00
2960	1.121442e+00
2961	1.113779e+00
2962	1.106031e+00
2963	1.098305e+00
2964	1.092258e+00
2965	1.088173e+00
2966	1.084933e+00
2967	1.081213e+00
2968	1.080199e+00
2969	1.080956e+00
2970	1.083438e+00
2971	1.086750e+00
2972	1.090743e+00
2973	1.094877e+00
2974	1.098522e+00
2975	1.103298e+00
2976	1.107057e+00
2977	1.110148e+00
2978	1.112346e+00
2979	1.113069e+00
2980	1.113113e+00
2981	1.110496e+00
2982	1.107659e+00
2983	1.104709e+00
2984	1.100874e+00
2985	1.098012e+00
2986	1.096888e+00
2987	1.096633e+00
2988	1.098100e+00
2989	1.099750e+00
2990	1.103738e+00
2991	1.108709e+00
2992	1.112596e+00
2993	1.115367e+00
2994	1.116842e+00
2995	1.117364e+00
2996	1.117538e+00
2997	1.115680e+00
2998	1.114122e+00
2999	1.112527e+00
3000	1.110626e+00
3001	1.107578e+00
3002	1.104868e+00
3003	1.101658e+00
3004	1.098699e+00
3005	1.096807e+00
3006	1.095065e+00
3007	1.093606e+00
3008	1.092324e+00
3009	1.093637e+00
3010	1.096927e+00
3011	1.099842e+00
3012	1.103186e+00
3013	1.106309e+00
3014	1.108570e+00
3015	1.110936e+00
3016	1.111657e+00
3017	1.109840e+00
3018	1.108253e+00
3019	1.106554e+00
3020	1.105960e+00
3021	1.104178e+00
3022	1.101076e+00
3023	1.098688e+00
3024	1.097499e+00
3025	1.096031e+00
3026	1.095584e+00
3027	1.096027e+00
3028	1.095731e+00
3029	1.094884e+00
3030	1.093117e+00
3031	1.093260e+00
3032	1.092567e+00
3033	1.093137e+00
3034	1.094111e+00
3035	1.096281e+00
3036	1.098153e+00
3037	1.099872e+00
3038	1.100912e+00
3039	1.101535e+00
3040	1.102776e+00
3041	1.103663e+00
3042	1.103711e+00
3043	1.103853e+00
3044	1.103847e+00
3045	1.104096e+00
3046	1.104490e+00
3047	1.104292e+00
3048	1.102987e+00
3049	1.100919e+00
3050	1.097207e+00
3051	1.094832e+00
3052	1.091952e+00
3053	1.089072e+00
3054	1.087619e+00
3055	1.087957e+00
3056	1.088180e+00
3057	1.089839e+00
3058	1.091309e+00
3059	1.093382e+00
3060	1.096557e+00
3061	1.097706e+00
3062	1.099788e+00
3063	1.102516e+00
3064	1.103201e+00
3065	1.105267e+00
3066	1.106029e+00
3067	1.105673e+00
3068	1.105168e+00
3069	1.104999e+00
3070	1.104360e+00
3071	1.104252e+00
3072	1.103052e+00
3073	1.101129e+00
3074	1.098113e+00
3075	1.093364e+00
3076	1.088767e+00
3077	1.084740e+00
3078	1.082066e+00
3079	1.081004e+00
3080	1.082282e+00
3081	1.083824e+00
3082	1.087093e+00
3083	1.091469e+00
3084	1.096320e+00
3085	1.101174e+00
3086	1.106564e+00
3087	1.110576e+00
3088	1.114144e+00
3089	1.116242e+00
3090	1.118415e+00
3091	1.117651e+00
3092	1.116096e+00
3093	1.114543e+00
3094	1.111532e+00
3095	1.106972e+00
3096	1.102466e+00
3097	1.097181e+00
3098	1.091025e+00
3099	1.084204e+00
3100	1.078517e+00
3101	1.075617e+00
3102	1.073730e+00
3103	1.073494e+00
3104	1.075980e+00
3105	1.080262e+00
3106	1.086756e+00
3107	1.094503e+00
3108	1.103628e+00
3109	1.112218e+00
3110	1.119560e+00
3111	1.123463e+00
3112	1.126777e+00
3113	1.128126e+00
3114	1.127677e+00
3115	1.125680e+00
3116	1.121101e+00
3117	1.114942e+00
3118	1.107147e+00
3119	1.099558e+00
3120	1.091441e+00
3121	1.083345e+00
3122	1.077145e+00
3123	1.072761e+00
3124	1.071965e+00
3125	1.072188e+00
3126	1.074935e+00
3127	1.078724e+00
3128	1.082773e+00
3129	1.088477e+00
3130	1.095492e+00
3131	1.102668e+00
3132	1.108595e+00
3133	1.113666e+00
3134	1.118783e+00
3135	1.120804e+00
3136	1.120470e+00
3137	1.118579e+00
3138	1.114975e+00
3139	1.108936e+00
3140	1.103239e+00
3141	1.097575e+00
3142	1.090418e+00
3143	1.084009e+00
3144	1.079043e+00
3145	1.075044e+00
3146	1.071971e+00
3147	1.071390e+00
3148	1.072629e+00
3149	1.076797e+00
3150	1.083675e+00
3151	1.091850e+00
3152	1.101968e+00
3153	1.112083e+00
3154	1.121606e+00
3155	1.128409e+00
3156	1.133072e+00
3157	1.133581e+00
3158	1.130939e+00
3159	1.124863e+00
3160	1.117755e+00
3161	1.111033e+00
3162	1.104375e+00
3163	1.098052e+00
3164	1.092647e+00
3165	1.087375e+00
3166	1.082017e+00
3167	1.078640e+00
3168	1.076568e+00
3169	1.076390e+00
3170	1.077589e+00
3171	1.081148e+00
3172	1.086821e+00
3173	1.092945e+00
3174	1.098852e+00
3175	1.103369e+00
3176	1.107060e+00
3177	1.109219e+00
3178	1.111113e+00
3179	1.110924e+00
3180	1.107933e+00
3181	1.103214e+00
3182	1.096586e+00
3183	1.091591e+00
3184	1.087786e+00
3185	1.085035e+00
3186	1.084896e+00
3187	1.085921e+00
3188	1.088468e+00
3189	1.091027e+00
3190	1.094196e+00
3191	1.097453e+00
3192	1.100199e+00
3193	1.103318e+00
3194	1.106195e+00
3195	1.107535e+00
3196	1.108202e+00
3197	1.109289e+00
3198	1.111212e+00
3199	1.113947e+00
3200	1.116831e+00
3201	1.119184e+00
3202	1.119631e+00
3203	1.119495e+00
3204	1.118747e+00
3205	1.116677e+00
3206	1.113223e+00
3207	1.109063e+00
3208	1.103939e+00
3209	1.100123e+00
3210	1.095256e+00
3211	1.090715e+00
3212	1.087429e+00
3213	1.084852e+00
3214	1.085385e+00
3215	1.087648e+00
3216	1.090843e+00
3217	1.094374e+00
3218	1.100947e+00
3219	1.108267e+00
3220	1.113765e+00
3221	1.116779e+00
3222	1.117934e+00
3223	1.118746e+00
3224	1.120175e+00
3225	1.120027e+00
3226	1.116851e+00
3227	1.113095e+00
3228	1.107928e+00
3229	1.102087e+00
3230	1.094891e+00
3231	1.087235e+00
3232	1.083039e+00
3233	1.079397e+00
3234	1.079479e+00
3235	1.079525e+00
3236	1.081056e+00
3237	1.084866e+00
3238	1.089728e+00
3239	1.095727e+00
3240	1.102428e+00
3241	1.109100e+00
3242	1.115804e+00
3243	1.120824e+00
3244	1.123394e+00
3245	1.125635e+00
3246	1.126851e+00
3247	1.126409e+00
3248	1.125305e+00
3249	1.122930e+00
3250	1.117388e+00
3251	1.110348e+00
3252	1.102881e+00
3253	1.094508e+00
3254	1.087744e+00
3255	1.081924e+00
3256	1.076420e+00
3257	1.073384e+00
3258	1.072031e+00
3259	1.074051e+00
3260	1.077617e+00
3261	1.082221e+00
3262	1.087427e+00
3263	1.093345e+00
3264	1.099513e+00
3265	1.106593e+00
3266	1.113868e+00
3267	1.119793e+00
3268	1.123764e+00
3269	1.126006e+00
3270	1.125287e+00
3271	1.120553e+00
3272	1.114200e+00
3273	1.105536e+00
3274	1.096961e+00
3275	1.089752e+00
3276	1.081848e+00
3277	1.074662e+00
3278	1.070047e+00
3279	1.067910e+00
3280	1.068760e+00
3281	1.070704e+00
3282	1.075853e+00
3283	1.083325e+00
3284	1.091441e+00
3285	1.100518e+00
3286	1.110571e+00
3287	1.118176e+00
3288	1.123547e+00
3289	1.127002e+00
3290	1.129930e+00
3291	1.130249e+00
3292	1.128981e+00
3293	1.125387e+00
3294	1.119176e+00
3295	1.110667e+00
3296	1.101640e+00
3297	1.092393e+00
3298	1.083818e+00
3299	1.076470e+00
3300	1.073863e+00
3301	1.072906e+00
3302	1.074578e+00
3303	1.078397e+00
3304	1.084811e+00
3305	1.092922e+00
3306	1.102112e+00
3307	1.112606e+00
3308	1.121333e+00
3309	1.128049e+00
3310	1.134320e+00
3311	1.140139e+00
3312	1.144364e+00
3313	1.145906e+00
3314	1.144520e+00
3315	1.140852e+00
3316	1.133927e+00
3317	1.125607e+00
3318	1.115607e+00
3319	1.107412e+00
3320	1.098996e+00
3321	1.091549e+00
3322	1.085031e+00
3323	1.083790e+00
3324	1.085347e+00
3325	1.088547e+00
3326	1.093948e+00
3327	1.101457e+00
3328	1.109719e+00
3329	1.117506e+00
3330	1.124271e+00
3331	1.129010e+00
3332	1.133209e+00
3333	1.136630e+00
3334	1.136927e+00
3335	1.134484e+00
3336	1.129031e+00
3337	1.121705e+00
3338	1.111901e+00
3339	1.101119e+00
3340	1.090348e+00
3341	1.078818e+00
3342	1.069277e+00
3343	1.063971e+00
3344	1.060565e+00
3345	1.060821e+00
3346	1.062897e+00
3347	1.066655e+00
3348	1.074305e+00
3349	1.083670e+00
3350	1.094697e+00
3351	1.104729e+00
3352	1.115508e+00
3353	1.124279e+00
3354	1.131735e+00
3355	1.136887e+00
3356	1.139204e+00
3357	1.139528e+00
3358	1.137424e+00
3359	1.133022e+00
3360	1.128843e+00
3361	1.124231e+00
3362	1.117844e+00
3363	1.109582e+00
3364	1.100996e+00
3365	1.093200e+00
3366	1.088385e+00
3367	1.084589e+00
3368	1.082328e+00
3369	1.080842e+00
3370	1.081434e+00
3371	1.084056e+00
3372	1.087564e+00
3373	1.091685e+00
3374	1.095860e+00
3375	1.100709e+00
3376	1.104388e+00
3377	1.107849e+00
3378	1.112783e+00
3379	1.116379e+00
3380	1.118497e+00
3381	1.119743e+00
3382	1.118030e+00
3383	1.115340e+00
3384	1.111189e+00
3385	1.105353e+00
3386	1.098920e+00
3387	1.092600e+00
3388	1.085620e+00
3389	1.079553e+00
3390	1.073867e+00
3391	1.069947e+00
3392	1.068019e+00
3393	1.069027e+00
3394	1.071760e+00
3395	1.077197e+00
3396	1.085048e+00
3397	1.095000e+00
3398	1.103482e+00
3399	1.112007e+00
3400	1.118680e+00
3401	1.124636e+00
3402	1.129717e+00
3403	1.133137e+00
3404	1.134037e+00
3405	1.133453e+00
3406	1.131011e+00
3407	1.123884e+00
3408	1.114631e+00
3409	1.104622e+00
3410	1.095908e+00
3411	1.086085e+00
3412	1.079386e+00
3413	1.073923e+00
3414	1.071157e+00
3415	1.070068e+00
3416	1.071261e+00
3417	1.074505e+00
3418	1.079321e+00
3419	1.089182e+00
3420	1.100255e+00
3421	1.111296e+00
3422	1.121517e+00
3423	1.130590e+00
3424	1.136991e+00
3425	1.139658e+00
3426	1.139043e+00
3427	1.134630e+00
3428	1.126131e+00
3429	1.115777e+00
3430	1.104896e+00
3431	1.094389e+00
3432	1.083697e+00
3433	1.074734e+00
3434	1.067718e+00
3435	1.063640e+00
3436	1.061610e+00
3437	1.063206e+00
3438	1.068435e+00
3439	1.077480e+00
3440	1.087912e+00
3441	1.099272e+00
3442	1.109886e+00
3443	1.119688e+00
3444	1.128223e+00
3445	1.134694e+00
3446	1.138194e+00
3447	1.139289e+00
3448	1.135773e+00
3449	1.128025e+00
3450	1.117815e+00
3451	1.105524e+00
3452	1.093628e+00
3453	1.082781e+00
3454	1.073539e+00
3455	1.065418e+00
3456	1.060149e+00
3457	1.058623e+00
3458	1.061599e+00
3459	1.069117e+00
3460	1.079079e+00
3461	1.091593e+00
3462	1.103732e+00
3463	1.115213e+00
3464	1.125855e+00
3465	1.133866e+00
3466	1.138837e+00
3467	1.142182e+00
3468	1.142133e+00
3469	1.139014e+00
3470	1.134186e+00
3471	1.127557e+00
3472	1.118271e+00
3473	1.107325e+00
3474	1.096899e+00
3475	1.089108e+00
3476	1.082368e+00
3477	1.079652e+00
3478	1.079559e+00
3479	1.082802e+00
3480	1.087840e+00
3481	1.094031e+00
3482	1.100946e+00
3483	1.108498e+00
3484	1.116655e+00
3485	1.123927e+00
3486	1.129371e+00
3487	1.133628e+00
3488	1.135172e+00
3489	1.134951e+00
3490	1.133973e+00
3491	1.130916e+00
3492	1.125971e+00
3493	1.119975e+00
3494	1.115023e+00
3495	1.109175e+00
3496	1.101214e+00
3497	1.094047e+00
3498	1.086350e+00
3499	1.079660e+00
3500	1.075636e+00
3501	1.075218e+00
3502	1.078321e+00
3503	1.085577e+00
3504	1.095025e+00
3505	1.103523e+00
3506	1.111709e+00
3507	1.119915e+00
3508	1.126528e+00
3509	1.130932e+00
3510	1.133876e+00
3511	1.133967e+00
3512	1.132181e+00
3513	1.126942e+00
3514	1.119739e+00
3515	1.110603e+00
3516	1.100482e+00
3517	1.090634e+00
3518	1.081942e+00
3519	1.075608e+00
3520	1.073599e+00
3521	1.074173e+00
3522	1.077279e+00
3523	1.082466e+00
3524	1.089023e+00
3525	1.097525e+00
3526	1.105035e+00
3527	1.110984e+00
3528	1.115460e+00
3529	1.119698e+00
3530	1.122475e+00
3531	1.124485e+00
3532	1.124249e+00
3533	1.122444e+00
3534	1.120288e+00
3535	1.115928e+00
3536	1.110175e+00
3537	1.104694e+00
3538	1.098690e+00
3539	1.093591e+00
3540	1.090647e+00
3541	1.087614e+00
3542	1.084768e+00
3543	1.085069e+00
3544	1.084850e+00
3545	1.085935e+00
3546	1.087921e+00
3547	1.090939e+00
3548	1.094480e+00
3549	1.096411e+00
3550	1.097952e+00
3551	1.099071e+00
3552	1.100973e+00
3553	1.103093e+00
3554	1.104739e+00
3555	1.104450e+00
3556	1.103655e+00
3557	1.102136e+00
3558	1.099309e+00
3559	1.097262e+00
3560	1.098439e+00
3561	1.101100e+00
3562	1.104262e+00
3563	1.106342e+00
3564	1.107076e+00
3565	1.107073e+00
3566	1.107384e+00
3567	1.106551e+00
3568	1.106548e+00
3569	1.105880e+00
3570	1.105413e+00
3571	1.103975e+00
3572	1.103323e+00
3573	1.102375e+00
3574	1.100785e+00
3575	1.100083e+00
3576	1.098794e+00
3577	1.097061e+00
3578	1.095657e+00
3579	1.093845e+00
3580	1.094540e+00
3581	1.095673e+00
3582	1.097408e+00
3583	1.098979e+00
3584	1.100022e+00
3585	1.100959e+00
3586	1.102018e+00
3587	1.101730e+00
3588	1.100929e+00
3589	1.098125e+00
3590	1.094081e+00
3591	1.090859e+00
3592	1.087786e+00
3593	1.087238e+00
3594	1.087219e+00
3595	1.087070e+00
3596	1.087615e+00
3597	1.088727e+00
3598	1.090911e+00
3599	1.091402e+00
3600	1.093110e+00
3601	1.093290e+00
3602	1.092653e+00
3603	1.092039e+00
3604	1.091337e+00
3605	1.090806e+00
3606	1.091096e+00
3607	1.090948e+00
3608	1.090343e+00
3609	1.092170e+00
3610	1.094621e+00
3611	1.097540e+00
3612	1.098862e+00
3613	1.100636e+00
3614	1.101812e+00
3615	1.102234e+00
3616	1.102869e+00
3617	1.102131e+00
3618	1.099078e+00
3619	1.096235e+00
3620	1.093343e+00
3621	1.091733e+00
3622	1.090040e+00
3623	1.089080e+00
3624	1.087200e+00
3625	1.087736e+00
3626	1.089433e+00
3627	1.093494e+00
3628	1.098838e+00
3629	1.106175e+00
3630	1.112856e+00
3631	1.117777e+00
3632	1.120226e+00
3633	1.122158e+00
3634	1.123375e+00
3635	1.123223e+00
3636	1.121274e+00
3637	1.119536e+00
3638	1.116322e+00
3639	1.112269e+00
3640	1.107415e+00
3641	1.103464e+00
3642	1.097247e+00
3643	1.090583e+00
3644	1.084627e+00
3645	1.079628e+00
3646	1.077272e+00
3647	1.075983e+00
3648	1.077958e+00
3649	1.081569e+00
3650	1.087662e+00
3651	1.093204e+00
3652	1.098343e+00
3653	1.104047e+00
3654	1.111263e+00
3655	1.116020e+00
3656	1.118829e+00
3657	1.120757e+00
3658	1.121305e+00
3659	1.119799e+00
3660	1.117039e+00
3661	1.112878e+00
3662	1.107419e+00
3663	1.101702e+00
3664	1.096123e+00
3665	1.089504e+00
3666	1.083967e+00
3667	1.079142e+00
3668	1.075809e+00
3669	1.073166e+00
3670	1.073632e+00
3671	1.076667e+00
3672	1.081964e+00
3673	1.088272e+00
3674	1.096392e+00
3675	1.104997e+00
3676	1.113414e+00
3677	1.121835e+00
3678	1.129882e+00
3679	1.136357e+00
3680	1.140191e+00
3681	1.139520e+00
3682	1.137076e+00
3683	1.131780e+00
3684	1.124243e+00
3685	1.115088e+00
3686	1.104843e+00
3687	1.094167e+00
3688	1.083267e+00
3689	1.073683e+00
3690	1.066982e+00
3691	1.063512e+00
3692	1.064291e+00
3693	1.066878e+00
3694	1.072085e+00
3695	1.079942e+00
3696	1.090863e+00
3697	1.101540e+00
3698	1.114286e+00
3699	1.123933e+00
3700	1.130982e+00
3701	1.136101e+00
3702	1.138289e+00
3703	1.136830e+00
3704	1.131917e+00
3705	1.124971e+00
3706	1.115522e+00
3707	1.104000e+00
3708	1.091279e+00
3709	1.080871e+00
3710	1.072474e+00
3711	1.064886e+00
3712	1.059939e+00
3713	1.058441e+00
3714	1.060608e+00
3715	1.066940e+00
3716	1.076452e+00
3717	1.088596e+00
3718	1.101784e+00
3719	1.114172e+00
3720	1.125142e+00
3721	1.135667e+00
3722	1.143081e+00
3723	1.148524e+00
3724	1.149248e+00
3725	1.146702e+00
3726	1.140087e+00
3727	1.130115e+00
3728	1.117626e+00
3729	1.106507e+00
3730	1.094734e+00
3731	1.083077e+00
3732	1.072962e+00
3733	1.064110e+00
3734	1.058232e+00
3735	1.055957e+00
3736	1.057566e+00
3737	1.063667e+00
3738	1.073078e+00
3739	1.084604e+00
3740	1.098393e+00
3741	1.113845e+00
3742	1.127574e+00
3743	1.139675e+00
3744	1.148258e+00
3745	1.154242e+00
3746	1.158113e+00
3747	1.157172e+00
3748	1.152580e+00
3749	1.143957e+00
3750	1.132152e+00
3751	1.118207e+00
3752	1.102535e+00
3753	1.087280e+00
3754	1.073269e+00
3755	1.061169e+00
3756	1.053520e+00
3757	1.049184e+00
3758	1.051830e+00
3759	1.058993e+00
3760	1.069648e+00
3761	1.084048e+00
3762	1.100632e+00
3763	1.118492e+00
3764	1.133440e+00
3765	1.145967e+00
3766	1.154868e+00
3767	1.160573e+00
3768	1.162580e+00
3769	1.161775e+00
3770	1.156825e+00
3771	1.148107e+00
3772	1.135768e+00
3773	1.121911e+00
3774	1.107982e+00
3775	1.093188e+00
3776	1.079985e+00
3777	1.069059e+00
3778	1.062021e+00
3779	1.057483e+00
3780	1.056230e+00
3781	1.059047e+00
3782	1.065029e+00
3783	1.074509e+00
3784	1.085756e+00
3785	1.095453e+00
3786	1.103296e+00
3787	1.110509e+00
3788	1.118171e+00
3789	1.123404e+00
3790	1.126870e+00
3791	1.127494e+00
3792	1.125208e+00
3793	1.120073e+00
3794	1.113400e+00
3795	1.105258e+00
3796	1.097390e+00
3797	1.088097e+00
3798	1.080332e+00
3799	1.075217e+00
3800	1.071654e+00
3801	1.068152e+00
3802	1.068225e+00
3803	1.072382e+00
3804	1.079463e+00
3805	1.088311e+00
3806	1.098590e+00
3807	1.109892e+00
3808	1.121561e+00
3809	1.131053e+00
3810	1.138725e+00
3811	1.143614e+00
3812	1.146262e+00
3813	1.145436e+00
3814	1.141309e+00
3815	1.134387e+00
3816	1.124636e+00
3817	1.112863e+00
3818	1.099852e+00
3819	1.087622e+00
3820	1.077129e+00
3821	1.069283e+00
3822	1.065126e+00
3823	1.063254e+00
3824	1.064910e+00
3825	1.070378e+00
3826	1.077968e+00
3827	1.087788e+00
3828	1.097824e+00
3829	1.110254e+00
3830	1.123521e+00
3831	1.134691e+00
3832	1.143497e+00
3833	1.151055e+00
3834	1.155571e+00
3835	1.158644e+00
3836	1.158248e+00
3837	1.152957e+00
3838	1.145080e+00
3839	1.136024e+00
3840	1.124599e+00
3841	1.113059e+00
3842	1.101906e+00
3843	1.090958e+00
3844	1.081582e+00
3845	1.075840e+00
3846	1.074396e+00
3847	1.076457e+00
3848	1.079678e+00
3849	1.085620e+00
3850	1.092518e+00
3851	1.099762e+00
3852	1.107028e+00
3853	1.112904e+00
3854	1.117245e+00
3855	1.120468e+00
3856	1.122548e+00
3857	1.123248e+00
3858	1.123170e+00
3859	1.121145e+00
3860	1.116729e+00
3861	1.110897e+00
3862	1.104374e+00
3863	1.097151e+00
3864	1.089811e+00
3865	1.084788e+00
3866	1.078064e+00
3867	1.072006e+00
3868	1.069390e+00
3869	1.069066e+00
3870	1.071419e+00
3871	1.074481e+00
3872	1.080116e+00
3873	1.086469e+00
3874	1.094002e+00
3875	1.101359e+00
3876	1.108477e+00
3877	1.113080e+00
3878	1.114179e+00
3879	1.113133e+00
3880	1.111744e+00
3881	1.109381e+00
3882	1.105544e+00
3883	1.101124e+00
3884	1.095179e+00
3885	1.089854e+00
3886	1.086834e+00
3887	1.083946e+00
3888	1.082837e+00
3889	1.083763e+00
3890	1.087018e+00
3891	1.091381e+00
3892	1.097247e+00
3893	1.105087e+00
3894	1.111404e+00
3895	1.115218e+00
3896	1.118373e+00
3897	1.119238e+00
3898	1.116054e+00
3899	1.110842e+00
3900	1.106608e+00
3901	1.100150e+00
3902	1.094322e+00
3903	1.089249e+00
3904	1.084196e+00
3905	1.081676e+00
3906	1.081368e+00
3907	1.081358e+00
3908	1.082886e+00
3909	1.087265e+00
3910	1.092136e+00
3911	1.098143e+00
3912	1.104181e+00
3913	1.109174e+00
3914	1.113178e+00
3915	1.116372e+00
3916	1.116473e+00
3917	1.115293e+00
3918	1.113215e+00
3919	1.110339e+00
3920	1.106552e+00
3921	1.103511e+00
3922	1.099276e+00
3923	1.095195e+00
3924	1.090028e+00
3925	1.086053e+00
3926	1.083237e+00
3927	1.084002e+00
3928	1.086239e+00
3929	1.087889e+00
3930	1.089916e+00
3931	1.091766e+00
3932	1.092693e+00
3933	1.094914e+00
3934	1.097475e+00
3935	1.099863e+00
3936	1.101686e+00
3937	1.103913e+00
3938	1.105174e+00
3939	1.104252e+00
3940	1.101499e+00
3941	1.100501e+00
3942	1.099685e+00
3943	1.099487e+00
3944	1.100153e+00
3945	1.101037e+00
3946	1.102128e+00
3947	1.104352e+00
3948	1.105785e+00
3949	1.107770e+00
3950	1.108850e+00
3951	1.110054e+00
3952	1.110967e+00
3953	1.111394e+00
3954	1.111001e+00
3955	1.110229e+00
3956	1.109213e+00
3957	1.107762e+00
3958	1.106320e+00
3959	1.103923e+00
3960	1.101131e+00
3961	1.097816e+00
3962	1.094474e+00
3963	1.090701e+00
3964	1.086884e+00
3965	1.084168e+00
3966	1.081738e+00
3967	1.080618e+00
3968	1.079163e+00
3969	1.078896e+00
3970	1.080378e+00
3971	1.083878e+00
3972	1.090234e+00
3973	1.097107e+00
3974	1.104462e+00
3975	1.110930e+00
3976	1.116404e+00
3977	1.122325e+00
3978	1.126040e+00
3979	1.127408e+00
3980	1.125971e+00
3981	1.121270e+00
3982	1.115537e+00
3983	1.109290e+00
3984	1.102857e+00
3985	1.096355e+00
3986	1.089894e+00
3987	1.083025e+00
3988	1.078164e+00
3989	1.074655e+00
3990	1.072337e+00
3991	1.072509e+00
3992	1.075590e+00
3993	1.080242e+00
3994	1.088490e+00
3995	1.098239e+00
3996	1.107500e+00
3997	1.115609e+00
3998	1.122523e+00
3999	1.127167e+00
4000	1.130629e+00
4001	1.131371e+00
4002	1.130038e+00
4003	1.126630e+00
4004	1.122539e+00
4005	1.117716e+00
4006	1.111616e+00
4007	1.106455e+00
4008	1.101525e+00
4009	1.095546e+00
4010	1.091202e+00
4011	1.086954e+00
4012	1.084591e+00
4013	1.082896e+00
4014	1.083238e+00
4015	1.085608e+00
4016	1.089132e+00
4017	1.093924e+00
4018	1.099107e+00
4019	1.104905e+00
4020	1.111340e+00
4021	1.116496e+00
4022	1.120192e+00
4023	1.122718e+00
4024	1.123499e+00
4025	1.122554e+00
4026	1.118531e+00
4027	1.114156e+00
4028	1.110254e+00
4029	1.106638e+00
4030	1.103249e+00
4031	1.099490e+00
4032	1.096214e+00
4033	1.094358e+00
4034	1.091957e+00
4035	1.088977e+00
4036	1.089369e+00
4037	1.090261e+00
4038	1.092203e+00
4039	1.094166e+00
4040	1.096567e+00
4041	1.098813e+00
4042	1.100993e+00
4043	1.103245e+00
4044	1.105097e+00
4045	1.108209e+00
4046	1.111068e+00
4047	1.114108e+00
4048	1.116857e+00
4049	1.117939e+00
4050	1.117867e+00
4051	1.117686e+00
4052	1.116236e+00
4053	1.114555e+00
4054	1.112622e+00
4055	1.108949e+00
4056	1.106092e+00
4057	1.104725e+00
4058	1.102915e+00
4059	1.101105e+00
4060	1.100740e+00
4061	1.099551e+00
4062	1.098484e+00
4063	1.098453e+00
4064	1.097931e+00
4065	1.098350e+00
4066	1.097756e+00
4067	1.096561e+00
4068	1.097082e+00
4069	1.098953e+00
4070	1.103048e+00
4071	1.107681e+00
4072	1.114484e+00
4073	1.120310e+00
4074	1.124699e+00
4075	1.127614e+00
4076	1.128759e+00
4077	1.127542e+00
4078	1.125644e+00
4079	1.122251e+00
4080	1.117308e+00
4081	1.111822e+00
4082	1.107555e+00
4083	1.103405e+00
4084	1.100926e+00
4085	1.098331e+00
4086	1.094122e+00
4087	1.090436e+00
4088	1.087650e+00
4089	1.084329e+00
4090	1.082528e+00
4091	1.081687e+00
4092	1.083554e+00
4093	1.087963e+00
4094	1.093728e+00
4095	1.100139e+00
4096	1.107506e+00
4097	1.113950e+00
4098	1.119386e+00
4099	1.124466e+00
4100	1.127463e+00
4101	1.128230e+00
4102	1.128720e+00
4103	1.127562e+00
4104	1.126746e+00
4105	1.125778e+00
4106	1.123036e+00
4107	1.119988e+00
4108	1.116345e+00
4109	1.112205e+00
4110	1.107689e+00
4111	1.103502e+00
4112	1.099177e+00
4113	1.096470e+00
4114	1.093065e+00
4115	1.091431e+00
4116	1.090848e+00
4117	1.090499e+00
4118	1.091670e+00
4119	1.093860e+00
4120	1.096693e+00
4121	1.099983e+00
4122	1.102353e+00
4123	1.103746e+00
4124	1.105250e+00
4125	1.106252e+00
4126	1.107164e+00
4127	1.107677e+00
4128	1.107067e+00
4129	1.104942e+00
4130	1.104425e+00
4131	1.103572e+00
4132	1.102987e+00
4133	1.104066e+00
4134	1.103494e+00
4135	1.101519e+00
4136	1.098488e+00
4137	1.094725e+00
4138	1.090257e+00
4139	1.086250e+00
4140	1.084073e+00
4141	1.082988e+00
4142	1.082191e+00
4143	1.080948e+00
4144	1.081302e+00
4145	1.084921e+00
4146	1.090039e+00
4147	1.095201e+00
4148	1.101539e+00
4149	1.108617e+00
4150	1.116362e+00
4151	1.123267e+00
4152	1.131142e+00
4153	1.137819e+00
4154	1.142606e+00
4155	1.144029e+00
4156	1.143595e+00
4157	1.141762e+00
4158	1.136740e+00
4159	1.129220e+00
4160	1.119105e+00
4161	1.107367e+00
4162	1.094228e+00
4163	1.082418e+00
4164	1.072466e+00
4165	1.063767e+00
4166	1.057065e+00
4167	1.054756e+00
4168	1.057445e+00
4169	1.062859e+00
4170	1.073563e+00
4171	1.086486e+00
4172	1.100929e+00
4173	1.116063e+00
4174	1.129884e+00
4175	1.141796e+00
4176	1.151071e+00
4177	1.158222e+00
4178	1.162702e+00
4179	1.161734e+00
4180	1.156960e+00
4181	1.149002e+00
4182	1.139141e+00
4183	1.125877e+00
4184	1.111495e+00
4185	1.097837e+00
4186	1.083776e+00
4187	1.070371e+00
4188	1.058022e+00
4189	1.050872e+00
4190	1.049471e+00
4191	1.053549e+00
4192	1.061565e+00
4193	1.073401e+00
4194	1.087384e+00
4195	1.102362e+00
4196	1.117656e+00
4197	1.132959e+00
4198	1.147613e+00
4199	1.159431e+00
4200	1.166209e+00
4201	1.168576e+00
4202	1.166914e+00
4203	1.162101e+00
4204	1.153920e+00
4205	1.142037e+00
4206	1.127096e+00
4207	1.111032e+00
4208	1.094708e+00
4209	1.077265e+00
4210	1.061946e+00
4211	1.049806e+00
4212	1.042508e+00
4213	1.040629e+00
4214	1.043899e+00
4215	1.052255e+00
4216	1.064456e+00
4217	1.079777e+00
4218	1.096513e+00
4219	1.112219e+00
4220	1.126939e+00
4221	1.140655e+00
4222	1.150349e+00
4223	1.155206e+00
4224	1.157239e+00
4225	1.156316e+00
4226	1.151003e+00
4227	1.143115e+00
4228	1.130256e+00
4229	1.115245e+00
4230	1.098372e+00
4231	1.082270e+00
4232	1.065624e+00
4233	1.052641e+00
4234	1.044756e+00
4235	1.041122e+00
4236	1.043360e+00
4237	1.051074e+00
4238	1.063063e+00
4239	1.078470e+00
4240	1.095890e+00
4241	1.113376e+00
4242	1.130229e+00
4243	1.143730e+00
4244	1.152548e+00
4245	1.155694e+00
4246	1.154969e+00
4247	1.151765e+00
4248	1.142104e+00
4249	1.129780e+00
4250	1.115796e+00
4251	1.099431e+00
4252	1.082414e+00
4253	1.066478e+00
4254	1.053470e+00
4255	1.043479e+00
4256	1.038216e+00
4257	1.040001e+00
4258	1.047290e+00
4259	1.059051e+00
4260	1.074476e+00
4261	1.092919e+00
4262	1.112012e+00
4263	1.130092e+00
4264	1.144938e+00
4265	1.156105e+00
4266	1.163636e+00
4267	1.166149e+00
4268	1.163436e+00
4269	1.157642e+00
4270	1.147253e+00
4271	1.134742e+00
4272	1.122334e+00
4273	1.108302e+00
4274	1.094307e+00
4275	1.081042e+00
4276	1.068550e+00
4277	1.059808e+00
4278	1.054279e+00
4279	1.052644e+00
4280	1.055265e+00
4281	1.062374e+00
4282	1.072230e+00
4283	1.086002e+00
4284	1.100814e+00
4285	1.115144e+00
4286	1.129809e+00
4287	1.140561e+00
4288	1.148731e+00
4289	1.153582e+00
4290	1.153680e+00
4291	1.150470e+00
4292	1.144831e+00
4293	1.136131e+00
4294	1.125723e+00
4295	1.114166e+00
4296	1.103805e+00
4297	1.093874e+00
4298	1.085559e+00
4299	1.078646e+00
4300	1.075275e+00
4301	1.074832e+00
4302	1.076736e+00
4303	1.080256e+00
4304	1.085712e+00
4305	1.092968e+00
4306	1.101495e+00
4307	1.109978e+00
4308	1.117257e+00
4309	1.122923e+00
4310	1.126475e+00
4311	1.130146e+00
4312	1.131520e+00
4313	1.130793e+00
4314	1.127641e+00
4315	1.120712e+00
4316	1.112730e+00
4317	1.102978e+00
4318	1.093067e+00
4319	1.084100e+00
4320	1.076573e+00
4321	1.071226e+00
4322	1.068603e+00
4323	1.067390e+00
4324	1.069957e+00
4325	1.075119e+00
4326	1.081595e+00
4327	1.088488e+00
4328	1.095523e+00
4329	1.102558e+00
4330	1.109909e+00
4331	1.115392e+00
4332	1.119742e+00
4333	1.122827e+00
4334	1.124444e+00
4335	1.123890e+00
4336	1.121727e+00
4337	1.117999e+00
4338	1.112189e+00
4339	1.106045e+00
4340	1.098956e+00
4341	1.091019e+00
4342	1.084985e+00
4343	1.080731e+00
4344	1.078727e+00
4345	1.079271e+00
4346	1.080880e+00
4347	1.085121e+00
4348	1.092111e+00
4349	1.100665e+00
4350	1.108242e+00
4351	1.113112e+00
4352	1.115503e+00
4353	1.116094e+00
4354	1.114050e+00
4355	1.111714e+00
4356	1.108887e+00
4357	1.104053e+00
4358	1.098526e+00
4359	1.092621e+00
4360	1.087723e+00
4361	1.083936e+00
4362	1.080880e+00
4363	1.078820e+00
4364	1.078379e+00
4365	1.079015e+00
4366	1.081241e+00
4367	1.084276e+00
4368	1.088684e+00
4369	1.094066e+00
4370	1.099291e+00
4371	1.105757e+00
4372	1.110365e+00
4373	1.114334e+00
4374	1.115604e+00
4375	1.114709e+00
4376	1.113149e+00
4377	1.111814e+00
4378	1.110300e+00
4379	1.108800e+00
4380	1.104429e+00
4381	1.099699e+00
4382	1.094397e+00
4383	1.088838e+00
4384	1.083974e+00
4385	1.080428e+00
4386	1.079836e+00
4387	1.081286e+00
4388	1.083492e+00
4389	1.086735e+00
4390	1.092085e+00
4391	1.098768e+00
4392	1.105383e+00
4393	1.111106e+00
4394	1.115485e+00
4395	1.117369e+00
4396	1.117966e+00
4397	1.118196e+00
4398	1.115908e+00
4399	1.112526e+00
4400	1.108215e+00
4401	1.101270e+00
4402	1.093707e+00
4403	1.086152e+00
4404	1.079510e+00
4405	1.075188e+00
4406	1.072620e+00
4407	1.073005e+00
4408	1.075134e+00
4409	1.079177e+00
4410	1.084391e+00
4411	1.091460e+00
4412	1.098883e+00
4413	1.105738e+00
4414	1.112504e+00
4415	1.118087e+00
4416	1.121444e+00
4417	1.120982e+00
4418	1.119784e+00
4419	1.116284e+00
4420	1.112969e+00
4421	1.106208e+00
4422	1.098694e+00
4423	1.091373e+00
4424	1.086171e+00
4425	1.083256e+00
4426	1.082272e+00
4427	1.083551e+00
4428	1.086162e+00
4429	1.090975e+00
4430	1.095136e+00
4431	1.098924e+00
4432	1.103721e+00
4433	1.108052e+00
4434	1.111245e+00
4435	1.112676e+00
4436	1.113954e+00
4437	1.113224e+00
4438	1.110981e+00
4439	1.109449e+00
4440	1.106312e+00
4441	1.101295e+00
4442	1.097569e+00
4443	1.096108e+00
4444	1.093859e+00
4445	1.092487e+00
4446	1.091118e+00
4447	1.091272e+00
4448	1.092575e+00
4449	1.094374e+00
4450	1.096252e+00
4451	1.099234e+00
4452	1.103373e+00
4453	1.108823e+00
4454	1.115019e+00
4455	1.120889e+00
4456	1.126024e+00
4457	1.127932e+00
4458	1.129145e+00
4459	1.127637e+00
4460	1.124858e+00
4461	1.119328e+00
4462	1.112738e+00
4463	1.106275e+00
4464	1.100984e+00
4465	1.096373e+00
4466	1.092596e+00
4467	1.089193e+00
4468	1.086878e+00
4469	1.084622e+00
4470	1.084835e+00
4471	1.085399e+00
4472	1.087250e+00
4473	1.089035e+00
4474	1.090239e+00
4475	1.093297e+00
4476	1.096598e+00
4477	1.100958e+00
4478	1.104552e+00
4479	1.108418e+00
4480	1.111667e+00
4481	1.113317e+00
4482	1.113658e+00
4483	1.113997e+00
4484	1.113201e+00
4485	1.111912e+00
4486	1.111532e+00
4487	1.111172e+00
4488	1.108641e+00
4489	1.106935e+00
4490	1.104606e+00
4491	1.100385e+00
4492	1.095342e+00
4493	1.088994e+00
4494	1.082436e+00
4495	1.075798e+00
4496	1.071578e+00
4497	1.069522e+00
4498	1.070646e+00
4499	1.075665e+00
4500	1.084151e+00
4501	1.095485e+00
4502	1.107549e+00
4503	1.119777e+00
4504	1.130726e+00
4505	1.138845e+00
4506	1.143918e+00
4507	1.144916e+00
4508	1.142178e+00
4509	1.136576e+00
4510	1.128019e+00
4511	1.118291e+00
4512	1.105925e+00
4513	1.093357e+00
4514	1.080559e+00
4515	1.068595e+00
4516	1.060382e+00
4517	1.056611e+00
4518	1.056541e+00
4519	1.060575e+00
4520	1.067855e+00
4521	1.078417e+00
4522	1.090519e+00
4523	1.103029e+00
4524	1.114093e+00
4525	1.122864e+00
4526	1.128462e+00
4527	1.131513e+00
4528	1.131698e+00
4529	1.130535e+00
4530	1.126044e+00
4531	1.119218e+00
4532	1.109960e+00
4533	1.100934e+00
4534	1.091077e+00
4535	1.083345e+00
4536	1.077194e+00
4537	1.073367e+00
4538	1.071542e+00
4539	1.072194e+00
4540	1.075361e+00
4541	1.082120e+00
4542	1.090425e+00
4543	1.099054e+00
4544	1.108075e+00
4545	1.118058e+00
4546	1.126263e+00
4547	1.131222e+00
4548	1.134111e+00
4549	1.133058e+00
4550	1.129526e+00
4551	1.125084e+00
4552	1.118817e+00
4553	1.112293e+00
4554	1.104716e+00
4555	1.096434e+00
4556	1.089573e+00
4557	1.084043e+00
4558	1.081473e+00
4559	1.081079e+00
4560	1.082518e+00
4561	1.087492e+00
4562	1.094532e+00
4563	1.101489e+00
4564	1.109912e+00
4565	1.117833e+00
4566	1.124679e+00
4567	1.129588e+00
4568	1.130993e+00
4569	1.130217e+00
4570	1.127844e+00
4571	1.122579e+00
4572	1.115413e+00
4573	1.108321e+00
4574	1.101297e+00
4575	1.094989e+00
4576	1.090933e+00
4577	1.085820e+00
4578	1.083138e+00
4579	1.084065e+00
4580	1.085607e+00
4581	1.088670e+00
4582	1.093356e+00
4583	1.096784e+00
4584	1.099239e+00
4585	1.102521e+00
4586	1.105906e+00
4587	1.109887e+00
4588	1.111531e+00
4589	1.111980e+00
4590	1.110808e+00
4591	1.109596e+00
4592	1.108517e+00
4593	1.106072e+00
4594	1.103403e+00
4595	1.099574e+00
4596	1.094313e+00
4597	1.088594e+00
4598	1.082963e+00
4599	1.078364e+00
4600	1.075424e+00
4601	1.073356e+00
4602	1.073604e+00
4603	1.075380e+00
4604	1.077716e+00
4605	1.081641e+00
4606	1.085301e+00
4607	1.088065e+00
4608	1.091891e+00
4609	1.096462e+00
4610	1.100223e+00
4611	1.102559e+00
4612	1.103960e+00
4613	1.104397e+00
4614	1.104952e+00
4615	1.104472e+00
4616	1.103403e+00
4617	1.102353e+00
4618	1.100143e+00
4619	1.098413e+00
4620	1.097373e+00
4621	1.096654e+00
4622	1.097802e+00
4623	1.098590e+00
4624	1.099742e+00
4625	1.101628e+00
4626	1.104511e+00
4627	1.107678e+00
4628	1.110996e+00
4629	1.115523e+00
4630	1.118727e+00
4631	1.121288e+00
4632	1.123590e+00
4633	1.125387e+00
4634	1.125976e+00
4635	1.125847e+00
4636	1.125234e+00
4637	1.124750e+00
4638	1.124224e+00
4639	1.123283e+00
4640	1.121113e+00
4641	1.118014e+00
4642	1.112478e+00
4643	1.108138e+00
4644	1.104739e+00
4645	1.102823e+00
4646	1.102379e+00
4647	1.102270e+00
4648	1.101741e+00
4649	1.103154e+00
4650	1.103499e+00
4651	1.103936e+00
4652	1.103630e+00
4653	1.103593e+00
4654	1.102448e+00
4655	1.101814e+00
4656	1.100141e+00
4657	1.098716e+00
4658	1.099112e+00
4659	1.101242e+00
4660	1.104968e+00
4661	1.109218e+00
4662	1.113627e+00
4663	1.116796e+00
4664	1.118564e+00
4665	1.119906e+00
4666	1.119581e+00
4667	1.117859e+00
4668	1.114396e+00
4669	1.110726e+00
4670	1.106887e+00
4671	1.102711e+00
4672	1.097396e+00
4673	1.092667e+00
4674	1.089082e+00
4675	1.086800e+00
4676	1.085728e+00
4677	1.087533e+00
4678	1.090963e+00
4679	1.095587e+00
4680	1.100365e+00
4681	1.104590e+00
4682	1.107513e+00
4683	1.109646e+00
4684	1.112219e+00
4685	1.115508e+00
4686	1.119397e+00
4687	1.121903e+00
4688	1.121250e+00
4689	1.117972e+00
4690	1.113893e+00
4691	1.107123e+00
4692	1.099417e+00
4693	1.093085e+00
4694	1.088419e+00
4695	1.085252e+00
4696	1.083739e+00
4697	1.084781e+00
4698	1.088347e+00
4699	1.094048e+00
4700	1.100063e+00
4701	1.105305e+00
4702	1.108709e+00
4703	1.110645e+00
4704	1.112253e+00
4705	1.112424e+00
4706	1.110113e+00
4707	1.106245e+00
4708	1.101931e+00
4709	1.096938e+00
4710	1.093917e+00
4711	1.092864e+00
4712	1.091652e+00
4713	1.091613e+00
4714	1.093784e+00
4715	1.097626e+00
4716	1.101419e+00
4717	1.104841e+00
4718	1.107730e+00
4719	1.109688e+00
4720	1.110727e+00
4721	1.111528e+00
4722	1.112067e+00
4723	1.112781e+00
4724	1.112449e+00
4725	1.113553e+00
4726	1.113540e+00
4727	1.112470e+00
4728	1.111289e+00
4729	1.109215e+00
4730	1.107165e+00
4731	1.104765e+00
4732	1.103155e+00
4733	1.102652e+00
4734	1.101820e+00
4735	1.100616e+00
4736	1.099853e+00
4737	1.100305e+00
4738	1.099534e+00
4739	1.100290e+00
4740	1.104270e+00
4741	1.110395e+00
4742	1.117691e+00
4743	1.124873e+00
4744	1.130111e+00
4745	1.133970e+00
4746	1.135768e+00
4747	1.134546e+00
4748	1.130944e+00
4749	1.125161e+00
4750	1.117061e+00
4751	1.107216e+00
4752	1.097421e+00
4753	1.087465e+00
4754	1.077746e+00
4755	1.070083e+00
4756	1.065416e+00
4757	1.061551e+00
4758	1.062575e+00
4759	1.066833e+00
4760	1.072480e+00
4761	1.079094e+00
4762	1.088302e+00
4763	1.099146e+00
4764	1.108254e+00
4765	1.116623e+00
4766	1.124102e+00
4767	1.129543e+00
4768	1.130834e+00
4769	1.130534e+00
4770	1.127158e+00
4771	1.119668e+00
4772	1.112016e+00
4773	1.102072e+00
4774	1.091022e+00
4775	1.079632e+00
4776	1.070828e+00
4777	1.065178e+00
4778	1.063820e+00
4779	1.066163e+00
4780	1.072978e+00
4781	1.082321e+00
4782	1.093484e+00
4783	1.106255e+00
4784	1.118355e+00
4785	1.129418e+00
4786	1.139640e+00
4787	1.148234e+00
4788	1.155190e+00
4789	1.158754e+00
4790	1.158849e+00
4791	1.154980e+00
4792	1.148508e+00
4793	1.139098e+00
4794	1.129275e+00
4795	1.117119e+00
4796	1.103998e+00
4797	1.091128e+00
4798	1.080215e+00
4799	1.072604e+00
4800	1.068000e+00
4801	1.066692e+00
4802	1.067165e+00
4803	1.069592e+00
4804	1.073797e+00
4805	1.081359e+00
4806	1.091203e+00
4807	1.103891e+00
4808	1.116082e+00
4809	1.128279e+00
4810	1.136464e+00
4811	1.142343e+00
4812	1.146020e+00
4813	1.146608e+00
4814	1.143144e+00
4815	1.137308e+00
4816	1.131262e+00
4817	1.123335e+00
4818	1.114144e+00
4819	1.104896e+00
4820	1.095893e+00
4821	1.087134e+00
4822	1.079352e+00
4823	1.075128e+00
4824	1.072298e+00
4825	1.073460e+00
4826	1.076931e+00
4827	1.084807e+00
4828	1.096054e+00
4829	1.106760e+00
4830	1.117412e+00
4831	1.127632e+00
4832	1.136232e+00
4833	1.141303e+00
4834	1.144558e+00
4835	1.147862e+00
4836	1.148424e+00
4837	1.145882e+00
4838	1.139363e+00
4839	1.130347e+00
4840	1.119524e+00
4841	1.106830e+00
4842	1.095505e+00
4843	1.084099e+00
4844	1.075323e+00
4845	1.070683e+00
4846	1.068331e+00
4847	1.068714e+00
4848	1.072287e+00
4849	1.079299e+00
4850	1.087397e+00
4851	1.097027e+00
4852	1.106470e+00
4853	1.117077e+00
4854	1.126820e+00
4855	1.135274e+00
4856	1.141454e+00
4857	1.146850e+00
4858	1.149453e+00
4859	1.149080e+00
4860	1.145408e+00
4861	1.139730e+00
4862	1.132263e+00
4863	1.122330e+00
4864	1.110739e+00
4865	1.099817e+00
4866	1.089158e+00
4867	1.080090e+00
4868	1.074609e+00
4869	1.072787e+00
4870	1.074084e+00
4871	1.078261e+00
4872	1.085028e+00
4873	1.093951e+00
4874	1.102686e+00
4875	1.112127e+00
4876	1.120578e+00
4877	1.127660e+00
4878	1.132703e+00
4879	1.135699e+00
4880	1.137409e+00
4881	1.136434e+00
4882	1.133332e+00
4883	1.127129e+00
4884	1.118371e+00
4885	1.107250e+00
4886	1.095527e+00
4887	1.083793e+00
4888	1.073911e+00
4889	1.065692e+00
4890	1.060228e+00
4891	1.058432e+00
4892	1.060336e+00
4893	1.066768e+00
4894	1.075414e+00
4895	1.086754e+00
4896	1.099050e+00
4897	1.110563e+00
4898	1.120993e+00
4899	1.128208e+00
4900	1.133569e+00
4901	1.134788e+00
4902	1.133437e+00
4903	1.128992e+00
4904	1.121644e+00
4905	1.112128e+00
4906	1.100853e+00
4907	1.088666e+00
4908	1.077269e+00
4909	1.067950e+00
4910	1.061555e+00
4911	1.058979e+00
4912	1.060081e+00
4913	1.063564e+00
4914	1.069722e+00
4915	1.077783e+00
4916	1.090824e+00
4917	1.104059e+00
4918	1.117268e+00
4919	1.128633e+00
4920	1.137072e+00
4921	1.142811e+00
4922	1.146724e+00
4923	1.147457e+00
4924	1.144622e+00
4925	1.139373e+00
4926	1.132198e+00
4927	1.122720e+00
4928	1.110894e+00
4929	1.100319e+00
4930	1.089237e+00
4931	1.079523e+00
4932	1.072842e+00
4933	1.069227e+00
4934	1.068384e+00
4935	1.070355e+00
4936	1.074352e+00
4937	1.080470e+00
4938	1.088569e+00
4939	1.096717e+00
4940	1.106497e+00
4941	1.115673e+00
4942	1.122739e+00
4943	1.127632e+00
4944	1.130055e+00
4945	1.130318e+00
4946	1.127971e+00
4947	1.124083e+00
4948	1.119196e+00
4949	1.113507e+00
4950	1.105911e+00
4951	1.098396e+00
4952	1.091620e+00
4953	1.086135e+00
4954	1.081680e+00
4955	1.078695e+00
4956	1.078563e+00
4957	1.079570e+00
4958	1.083247e+00
4959	1.087453e+00
4960	1.092668e+00
4961	1.097819e+00
4962	1.103552e+00
4963	1.108746e+00
4964	1.115723e+00
4965	1.121590e+00
4966	1.125874e+00
4967	1.128360e+00
4968	1.128583e+00
4969	1.127672e+00
4970	1.125136e+00
4971	1.119982e+00
4972	1.112998e+00
4973	1.104638e+00
4974	1.096172e+00
4975	1.088218e+00
4976	1.082228e+00
4977	1.076762e+00
4978	1.074935e+00
4979	1.073791e+00
4980	1.073587e+00
4981	1.076167e+00
4982	1.078474e+00
4983	1.081978e+00
4984	1.087474e+00
4985	1.095780e+00
4986	1.102054e+00
4987	1.107206e+00
4988	1.111279e+00
4989	1.114627e+00
4990	1.117114e+00
4991	1.117010e+00
4992	1.115273e+00
4993	1.112939e+00
4994	1.109109e+00
4995	1.105089e+00
4996	1.100422e+00
4997	1.095712e+00
4998	1.090297e+00
4999	1.085314e+00
