# Step	Measurement
1	1.162377e+02
2	1.163980e+02
3	1.164857e+02
4	1.165479e+02
5	1.165911e+02
6	1.166301e+02
7	1.167052e+02
8	1.167733e+02
9	1.167241e+02
10	1.167418e+02
11	1.167824e+02
12	1.169246e+02
13	1.171710e+02
14	1.173682e+02
15	1.176070e+02
16	1.178775e+02
17	1.181638e+02
18	1.184635e+02
19	1.187540e+02
20	1.191130e+02
21	1.193601e+02
22	1.196328e+02
23	1.199623e+02
24	1.202607e+02
25	1.205627e+02
26	1.208821e+02
27	1.212050e+02
28	1.215339e+02
29	1.218684e+02
30	1.222093e+02
31	1.226023e+02
32	1.229848e+02
33	1.233315e+02
34	1.236350e+02
35	1.238728e+02
36	1.241759e+02
37	1.244525e+02
38	1.246846e+02
39	1.248744e+02
40	1.250669e+02
41	1.252097e+02
42	1.252968e+02
43	1.253635e+02
44	1.254906e+02
45	1.256169e+02
46	1.256773e+02
47	1.255693e+02
48	1.254709e+02
49	1.253778e+02
50	1.252234e+02
51	1.249266e+02
52	1.244896e+02
53	1.239966e+02
54	1.234608e+02
55	1.229141e+02
56	1.223452e+02
57	1.217704e+02
58	1.211695e+02
59	1.205330e+02
60	1.198235e+02
61	1.191220e+02
62	1.184529e+02
63	1.178629e+02
64	1.173683e+02
65	1.168712e+02
66	1.163241e+02
67	1.158810e+02
68	1.154820e+02
69	1.150382e+02
70	1.146579e+02
71	1.142911e+02
72	1.139821e+02
73	1.137937e+02
74	1.136639e+02
75	1.136062e+02
76	1.135864e+02
77	1.136081e+02
78	1.136561e+02
79	1.137184e+02
80	1.137632e+02
81	1.138580e+02
82	1.139901e+02
83	1.141122e+02
84	1.141071e+02
85	1.141341e+02
86	1.140970e+02
87	1.140409e+02
88	1.139797e+02
89	1.139107e+02
90	1.137813e+02
91	1.137409e+02
92	1.137258e+02
93	1.136732e+02
94	1.136715e+02
95	1.136663e+02
96	1.137399e+02
97	1.138125e+02
98	1.138562e+02
99	1.138821e+02
100	1.138909e+02
101	1.139124e+02
102	1.139207e+02
103	1.138518e+02
104	1.137410e+02
105	1.136576e+02
106	1.136316e+02
107	1.136299e+02
108	1.135948e+02
109	1.135588e+02
110	1.135115e+02
111	1.133884e+02
112	1.131980e+02
113	1.130094e+02
114	1.128740e+02
115	1.127615e+02
116	1.126440e+02
117	1.125390e+02
118	1.124590e+02
119	1.123120e+02
120	1.121795e+02
121	1.121162e+02
122	1.120688e+02
123	1.120427e+02
124	1.119679e+02
125	1.118777e+02
126	1.117275e+02
127	1.116461e+02
128	1.116151e+02
129	1.115450e+02
130	1.114458e+02
131	1.113872e+02
132	1.114182e+02
133	1.114507e+02
134	1.114675e+02
135	1.115531e+02
136	1.116454e+02
137	1.117133e+02
138	1.118225e+02
139	1.119864e+02
140	1.121717e+02
141	1.124780e+02
142	1.127685e+02
143	1.129981e+02
144	1.132622e+02
145	1.135640e+02
146	1.138047e+02
147	1.140305e+02
148	1.142130e+02
149	1.143978e+02
150	1.145030e+02
151	1.145958e+02
152	1.147942e+02
153	1.149862e+02
154	1.151674e+02
155	1.153834e+02
156	1.155617e+02
157	1.158122e+02
158	1.160814e+02
159	1.163062e+02
160	1.165655e+02
161	1.168246e+02
162	1.170179e+02
163	1.171520e+02
164	1.172446e+02
165	1.172483e+02
166	1.171947e+02
167	1.170563e+02
168	1.168482e+02
169	1.166658e+02
170	1.165280e+02
171	1.163391e+02
172	1.162412e+02
173	1.161789e+02
174	1.160738e+02
175	1.159474e+02
176	1.158392e+02
177	1.157086e+02
178	1.155317e+02
179	1.153562e+02
180	1.152100e+02
181	1.151258e+02
182	1.150266e+02
183	1.149722e+02
184	1.148613e+02
185	1.147594e+02
186	1.146604e+02
187	1.145259e+02
188	1.143176e+02
189	1.140736e+02
190	1.138021e+02
191	1.136290e+02
192	1.135168e+02
193	1.134253e+02
194	1.134644e+02
195	1.136382e+02
196	1.138370e+02
197	1.140422e+02
198	1.143132e+02
199	1.144475e+02
200	1.146431e+02
201	1.148180e+02
202	1.150587e+02
203	1.152878e+02
204	1.155719e+02
205	1.158015e+02
206	1.160734e+02
207	1.164379e+02
208	1.168069e+02
209	1.171767e+02
210	1.175899e+02
211	1.179378e+02
212	1.182241e+02
213	1.185414e+02
214	1.188263e+02
215	1.191333e+02
216	1.194145e+02
217	1.197455e+02
218	1.200228e+02
219	1.203058e+02
220	1.206017e+02
221	1.208795e+02
222	1.211580e+02
223	1.214800e+02
224	1.217639e+02
225	1.219083e+02
226	1.219379e+02
227	1.219476e+02
228	1.219660e+02
229	1.220645e+02
230	1.220471e+02
231	1.219092e+02
232	1.217150e+02
233	1.215690e+02
234	1.213873e+02
235	1.211350e+02
236	1.208860e+02
237	1.206666e+02
238	1.204399e+02
239	1.201775e+02
240	1.199086e+02
241	1.196271e+02
242	1.193570e+02
243	1.191167e+02
244	1.187986e+02
245	1.185075e+02
246	1.182644e+02
247	1.181057e+02
248	1.178889e+02
249	1.176819e+02
250	1.174917e+02
251	1.173586e+02
252	1.173433e+02
253	1.173462e+02
254	1.174117e+02
255	1.174913e+02
256	1.175731e+02
257	1.176484e+02
258	1.177977e+02
259	1.179231e+02
260	1.180676e+02
261	1.183161e+02
262	1.186259e+02
263	1.189750e+02
264	1.193885e+02
265	1.198090e+02
266	1.202375e+02
267	1.206366e+02
268	1.210594e+02
269	1.214640e+02
270	1.218579e+02
271	1.222239e+02
272	1.225513e+02
273	1.228500e+02
274	1.231008e+02
275	1.233468e+02
276	1.235348e+02
277	1.236340e+02
278	1.236719e+02
279	1.236322e+02
280	1.236108e+02
281	1.235710e+02
282	1.235381e+02
283	1.234279e+02
284	1.232132e+02
285	1.228075e+02
286	1.224634e+02
287	1.221157e+02
288	1.217251e+02
289	1.212761e+02
290	1.207898e+02
291	1.203051e+02
292	1.198361e+02
293	1.193163e+02
294	1.187619e+02
295	1.181933e+02
296	1.176159e+02
297	1.170294e+02
298	1.165950e+02
299	1.161700e+02
300	1.158029e+02
301	1.154109e+02
302	1.150300e+02
303	1.146738e+02
304	1.143680e+02
305	1.140792e+02
306	1.138323e+02
307	1.135784e+02
308	1.133140e+02
309	1.130512e+02
310	1.128389e+02
311	1.126578e+02
312	1.125164e+02
313	1.124500e+02
314	1.123772e+02
315	1.123180e+02
316	1.122304e+02
317	1.122103e+02
318	1.123262e+02
319	1.124060e+02
320	1.124468e+02
321	1.124339e+02
322	1.125277e+02
323	1.126819e+02
324	1.128405e+02
325	1.129057e+02
326	1.129016e+02
327	1.128517e+02
328	1.127276e+02
329	1.125231e+02
330	1.123414e+02
331	1.120927e+02
332	1.117939e+02
333	1.115130e+02
334	1.111840e+02
335	1.108818e+02
336	1.105852e+02
337	1.103505e+02
338	1.101355e+02
339	1.100015e+02
340	1.099020e+02
341	1.097680e+02
342	1.096820e+02
343	1.096357e+02
344	1.095592e+02
345	1.094596e+02
346	1.092987e+02
347	1.090660e+02
348	1.088314e+02
349	1.085726e+02
350	1.083710e+02
351	1.081387e+02
352	1.078625e+02
353	1.075970e+02
354	1.073922e+02
355	1.071485e+02
356	1.069914e+02
357	1.067985e+02
358	1.065947e+02
359	1.063504e+02
360	1.061483e+02
361	1.059687e+02
362	1.057186e+02
363	1.055540e+02
364	1.054339e+02
365	1.054099e+02
366	1.055197e+02
367	1.056737e+02
368	1.058850e+02
369	1.061409e+02
370	1.064809e+02
371	1.068820e+02
372	1.072504e+02
373	1.074521e+02
374	1.077254e+02
375	1.080140e+02
376	1.083031e+02
377	1.087455e+02
378	1.091214e+02
379	1.095003e+02
380	1.098685e+02
381	1.102364e+02
382	1.105770e+02
383	1.109181e+02
384	1.112940e+02
385	1.118103e+02
386	1.124331e+02
387	1.130133e+02
388	1.135987e+02
389	1.141894e+02
390	1.148231e+02
391	1.154647e+02
392	1.160818e+02
393	1.165969e+02
394	1.171406e+02
395	1.176423e+02
396	1.180366e+02
397	1.183152e+02
398	1.185621e+02
399	1.187311e+02
400	1.189276e+02
401	1.190492e+02
402	1.191971e+02
403	1.192722e+02
404	1.192861e+02
405	1.193550e+02
406	1.194436e+02
407	1.195234e+02
408	1.195424e+02
409	1.194903e+02
410	1.194082e+02
411	1.191988e+02
412	1.190630e+02
413	1.189208e+02
414	1.187477e+02
415	1.185892e+02
416	1.184443e+02
417	1.183401e+02
418	1.181423e+02
419	1.179062e+02
420	1.176654e+02
421	1.174069e+02
422	1.171822e+02
423	1.168777e+02
424	1.165810e+02
425	1.163049e+02
426	1.160315e+02
427	1.157910e+02
428	1.155851e+02
429	1.153716e+02
430	1.151714e+02
431	1.149123e+02
432	1.147205e+02
433	1.145653e+02
434	1.143413e+02
435	1.140575e+02
436	1.136705e+02
437	1.132361e+02
438	1.128459e+02
439	1.125187e+02
440	1.121744e+02
441	1.117753e+02
442	1.113764e+02
443	1.109707e+02
444	1.106355e+02
445	1.103513e+02
446	1.100250e+02
447	1.097612e+02
448	1.094707e+02
449	1.092427e+02
450	1.090097e+02
451	1.087659e+02
452	1.085627e+02
453	1.083787e+02
454	1.081687e+02
455	1.080026e+02
456	1.080239e+02
457	1.080528e+02
458	1.081873e+02
459	1.083346e+02
460	1.085435e+02
461	1.087564e+02
462	1.090613e+02
463	1.093974e+02
464	1.097280e+02
465	1.101193e+02
466	1.105213e+02
467	1.109197e+02
468	1.112531e+02
469	1.116680e+02
470	1.121874e+02
471	1.128203e+02
472	1.135114e+02
473	1.143197e+02
474	1.152181e+02
475	1.160495e+02
476	1.169246e+02
477	1.177492e+02
478	1.186263e+02
479	1.194562e+02
480	1.202404e+02
481	1.209348e+02
482	1.215822e+02
483	1.221628e+02
484	1.226926e+02
485	1.230425e+02
486	1.233279e+02
487	1.235757e+02
488	1.238017e+02
489	1.239874e+02
490	1.241043e+02
491	1.241834e+02
492	1.242408e+02
493	1.242834e+02
494	1.242501e+02
495	1.241016e+02
496	1.237990e+02
497	1.234595e+02
498	1.230595e+02
499	1.226399e+02
500	1.221732e+02
501	1.216369e+02
502	1.211130e+02
503	1.204860e+02
504	1.198853e+02
505	1.193397e+02
506	1.187124e+02
507	1.180237e+02
508	1.173018e+02
509	1.165223e+02
510	1.157699e+02
511	1.150058e+02
512	1.142245e+02
513	1.134196e+02
514	1.125163e+02
515	1.117479e+02
516	1.110232e+02
517	1.103442e+02
518	1.097499e+02
519	1.092091e+02
520	1.087406e+02
521	1.083459e+02
522	1.079873e+02
523	1.076500e+02
524	1.073166e+02
525	1.069961e+02
526	1.067515e+02
527	1.065932e+02
528	1.064480e+02
529	1.064078e+02
530	1.064795e+02
531	1.065910e+02
532	1.068166e+02
533	1.071188e+02
534	1.074913e+02
535	1.078537e+02
536	1.082350e+02
537	1.086328e+02
538	1.090618e+02
539	1.094629e+02
540	1.099293e+02
541	1.104352e+02
542	1.109885e+02
543	1.114746e+02
544	1.119578e+02
545	1.123087e+02
546	1.127146e+02
547	1.130007e+02
548	1.133351e+02
549	1.136653e+02
550	1.139086e+02
551	1.141904e+02
552	1.144467e+02
553	1.145960e+02
554	1.147270e+02
555	1.148776e+02
556	1.150411e+02
557	1.151805e+02
558	1.153307e+02
559	1.155459e+02
560	1.158435e+02
561	1.161202e+02
562	1.163645e+02
563	1.165383e+02
564	1.167011e+02
565	1.168652e+02
566	1.169428e+02
567	1.170587e+02
568	1.172070e+02
569	1.174299e+02
570	1.176329e+02
571	1.178795e+02
572	1.181792e+02
573	1.184084e+02
574	1.186907e+02
575	1.188888e+02
576	1.190379e+02
577	1.191403e+02
578	1.192876e+02
579	1.193724e+02
580	1.193968e+02
581	1.194017e+02
582	1.193975e+02
583	1.193370e+02
584	1.192359e+02
585	1.191506e+02
586	1.190370e+02
587	1.188747e+02
588	1.187152e+02
589	1.185793e+02
590	1.184878e+02
591	1.183659e+02
592	1.183129e+02
593	1.182493e+02
594	1.181668e+02
595	1.181023e+02
596	1.180509e+02
597	1.179206e+02
598	1.177595e+02
599	1.176396e+02
600	1.174721e+02
601	1.173511e+02
602	1.172671e+02
603	1.170862e+02
604	1.169457e+02
605	1.168287e+02
606	1.167222e+02
607	1.166030e+02
608	1.165337e+02
609	1.164284e+02
610	1.163770e+02
611	1.163177e+02
612	1.161825e+02
613	1.160742e+02
614	1.160681e+02
615	1.160966e+02
616	1.161491e+02
617	1.161998e+02
618	1.163031e+02
619	1.164913e+02
620	1.166559e+02
621	1.168565e+02
622	1.170606e+02
623	1.173151e+02
624	1.176042e+02
625	1.179133e+02
626	1.183415e+02
627	1.188437e+02
628	1.192474e+02
629	1.195441e+02
630	1.197332e+02
631	1.198898e+02
632	1.200784e+02
633	1.203249e+02
634	1.206488e+02
635	1.208515e+02
636	1.210137e+02
637	1.210652e+02
638	1.211817e+02
639	1.212500e+02
640	1.213555e+02
641	1.214671e+02
642	1.215692e+02
643	1.216006e+02
644	1.215259e+02
645	1.213615e+02
646	1.211841e+02
647	1.210283e+02
648	1.207914e+02
649	1.205735e+02
650	1.203070e+02
651	1.200636e+02
652	1.197371e+02
653	1.193402e+02
654	1.189273e+02
655	1.185175e+02
656	1.181792e+02
657	1.177880e+02
658	1.174032e+02
659	1.170647e+02
660	1.167547e+02
661	1.164691e+02
662	1.161355e+02
663	1.158771e+02
664	1.157108e+02
665	1.155247e+02
666	1.154004e+02
667	1.153536e+02
668	1.153251e+02
669	1.152431e+02
670	1.152223e+02
671	1.152477e+02
672	1.152248e+02
673	1.152323e+02
674	1.152836e+02
675	1.153781e+02
676	1.154685e+02
677	1.156203e+02
678	1.158121e+02
679	1.160271e+02
680	1.161933e+02
681	1.164078e+02
682	1.166572e+02
683	1.168698e+02
684	1.170375e+02
685	1.171605e+02
686	1.172018e+02
687	1.171957e+02
688	1.171586e+02
689	1.169738e+02
690	1.167177e+02
691	1.164299e+02
692	1.160243e+02
693	1.155101e+02
694	1.149069e+02
695	1.143127e+02
696	1.137217e+02
697	1.130316e+02
698	1.121985e+02
699	1.113557e+02
700	1.104925e+02
701	1.096221e+02
702	1.088293e+02
703	1.081074e+02
704	1.073984e+02
705	1.067149e+02
706	1.060563e+02
707	1.054253e+02
708	1.048973e+02
709	1.044367e+02
710	1.040265e+02
711	1.036541e+02
712	1.034372e+02
713	1.033334e+02
714	1.033472e+02
715	1.034327e+02
716	1.036615e+02
717	1.039795e+02
718	1.043847e+02
719	1.048502e+02
720	1.053920e+02
721	1.059806e+02
722	1.065165e+02
723	1.070835e+02
724	1.075783e+02
725	1.080060e+02
726	1.084224e+02
727	1.088200e+02
728	1.092575e+02
729	1.096659e+02
730	1.101216e+02
731	1.105380e+02
732	1.109717e+02
733	1.113973e+02
734	1.118880e+02
735	1.123618e+02
736	1.128744e+02
737	1.133551e+02
738	1.138193e+02
739	1.142738e+02
740	1.146373e+02
741	1.148837e+02
742	1.150710e+02
743	1.151048e+02
744	1.150408e+02
745	1.149152e+02
746	1.147351e+02
747	1.145246e+02
748	1.143008e+02
749	1.139982e+02
750	1.136346e+02
751	1.132600e+02
752	1.129268e+02
753	1.125688e+02
754	1.122116e+02
755	1.118389e+02
756	1.114220e+02
757	1.110004e+02
758	1.105917e+02
759	1.101992e+02
760	1.098071e+02
761	1.094636e+02
762	1.091137e+02
763	1.087721e+02
764	1.085099e+02
765	1.082695e+02
766	1.080510e+02
767	1.078889e+02
768	1.077980e+02
769	1.076998e+02
770	1.076990e+02
771	1.076743e+02
772	1.077386e+02
773	1.077851e+02
774	1.079227e+02
775	1.081896e+02
776	1.084497e+02
777	1.087587e+02
778	1.089989e+02
779	1.092639e+02
780	1.095044e+02
781	1.096636e+02
782	1.098736e+02
783	1.100995e+02
784	1.103457e+02
785	1.106123e+02
786	1.108248e+02
787	1.111273e+02
788	1.113871e+02
789	1.117042e+02
790	1.120898e+02
791	1.124260e+02
792	1.127971e+02
793	1.132138e+02
794	1.136551e+02
795	1.141423e+02
796	1.146516e+02
797	1.150659e+02
798	1.153852e+02
799	1.157620e+02
800	1.161000e+02
801	1.164105e+02
802	1.167018e+02
803	1.169802e+02
804	1.172407e+02
805	1.175312e+02
806	1.177605e+02
807	1.179142e+02
808	1.179985e+02
809	1.180873e+02
810	1.182091e+02
811	1.183700e+02
812	1.185692e+02
813	1.186633e+02
814	1.187926e+02
815	1.188333e+02
816	1.188701e+02
817	1.188754e+02
818	1.188583e+02
819	1.188117e+02
820	1.186737e+02
821	1.185358e+02
822	1.184134e+02
823	1.181544e+02
824	1.178695e+02
825	1.175227e+02
826	1.172370e+02
827	1.169524e+02
828	1.165355e+02
829	1.161284e+02
830	1.157592e+02
831	1.154038e+02
832	1.150179e+02
833	1.145898e+02
834	1.141655e+02
835	1.137225e+02
836	1.132804e+02
837	1.128242e+02
838	1.123807e+02
839	1.118940e+02
840	1.113886e+02
841	1.109266e+02
842	1.104714e+02
843	1.099281e+02
844	1.093886e+02
845	1.090018e+02
846	1.087064e+02
847	1.084488e+02
848	1.082033e+02
849	1.080791e+02
850	1.080862e+02
851	1.081435e+02
852	1.082631e+02
853	1.084401e+02
854	1.087856e+02
855	1.092042e+02
856	1.096627e+02
857	1.101906e+02
858	1.108136e+02
859	1.114378e+02
860	1.120517e+02
861	1.126552e+02
862	1.131551e+02
863	1.136375e+02
864	1.140314e+02
865	1.144639e+02
866	1.149025e+02
867	1.153304e+02
868	1.157666e+02
869	1.160561e+02
870	1.162879e+02
871	1.165223e+02
872	1.167205e+02
873	1.168938e+02
874	1.170418e+02
875	1.170689e+02
876	1.170363e+02
877	1.169895e+02
878	1.169893e+02
879	1.169149e+02
880	1.168568e+02
881	1.167999e+02
882	1.166188e+02
883	1.163435e+02
884	1.160039e+02
885	1.156569e+02
886	1.152958e+02
887	1.148780e+02
888	1.145039e+02
889	1.141586e+02
890	1.138650e+02
891	1.135647e+02
892	1.132761e+02
893	1.129240e+02
894	1.126029e+02
895	1.122719e+02
896	1.119444e+02
897	1.115713e+02
898	1.110740e+02
899	1.106030e+02
900	1.101124e+02
901	1.095806e+02
902	1.089830e+02
903	1.084595e+02
904	1.079232e+02
905	1.075044e+02
906	1.071124e+02
907	1.066721e+02
908	1.062693e+02
909	1.059146e+02
910	1.056768e+02
911	1.054724e+02
912	1.053058e+02
913	1.051832e+02
914	1.050882e+02
915	1.050120e+02
916	1.049798e+02
917	1.050491e+02
918	1.051077e+02
919	1.052920e+02
920	1.056188e+02
921	1.060251e+02
922	1.065121e+02
923	1.069753e+02
924	1.075158e+02
925	1.080689e+02
926	1.087236e+02
927	1.094161e+02
928	1.100219e+02
929	1.105745e+02
930	1.111101e+02
931	1.117125e+02
932	1.122787e+02
933	1.128211e+02
934	1.133417e+02
935	1.138275e+02
936	1.142754e+02
937	1.147205e+02
938	1.150608e+02
939	1.154398e+02
940	1.157852e+02
941	1.160583e+02
942	1.163026e+02
943	1.164818e+02
944	1.165954e+02
945	1.167035e+02
946	1.167390e+02
947	1.168374e+02
948	1.168953e+02
949	1.168929e+02
950	1.167993e+02
951	1.165505e+02
952	1.162219e+02
953	1.158097e+02
954	1.152631e+02
955	1.146137e+02
956	1.139897e+02
957	1.132564e+02
958	1.125596e+02
959	1.119065e+02
960	1.112135e+02
961	1.105115e+02
962	1.098424e+02
963	1.091499e+02
964	1.084713e+02
965	1.078703e+02
966	1.073204e+02
967	1.068158e+02
968	1.063405e+02
969	1.058718e+02
970	1.054241e+02
971	1.049979e+02
972	1.046356e+02
973	1.042855e+02
974	1.040197e+02
975	1.038452e+02
976	1.037603e+02
977	1.037012e+02
978	1.037089e+02
979	1.037015e+02
980	1.036940e+02
981	1.037945e+02
982	1.039654e+02
983	1.042023e+02
984	1.045661e+02
985	1.049650e+02
986	1.053640e+02
987	1.057998e+02
988	1.063018e+02
989	1.068437e+02
990	1.074445e+02
991	1.080434e+02
992	1.087558e+02
993	1.094710e+02
994	1.102089e+02
995	1.109388e+02
996	1.116215e+02
997	1.122505e+02
998	1.128021e+02
999	1.133455e+02
1000	1.139077e+02
1001	1.144337e+02
1002	1.149254e+02
1003	1.153218e+02
1004	1.157306e+02
1005	1.161222e+02
1006	1.165189e+02
1007	1.169403e+02
1008	1.173472e+02
1009	1.177214e+02
1010	1.180792e+02
1011	1.183316e+02
1012	1.185337e+02
1013	1.186273e+02
1014	1.187468e+02
1015	1.188447e+02
1016	1.189463e+02
1017	1.190321e+02
1018	1.190744e+02
1019	1.190036e+02
1020	1.188347e+02
1021	1.185782e+02
1022	1.183242e+02
1023	1.181578e+02
1024	1.180474e+02
1025	1.178610e+02
1026	1.176052e+02
1027	1.172898e+02
1028	1.170916e+02
1029	1.168979e+02
1030	1.166135e+02
1031	1.162535e+02
1032	1.159829e+02
1033	1.156976e+02
1034	1.154409e+02
1035	1.152792e+02
1036	1.151826e+02
1037	1.150367e+02
1038	1.149607e+02
1039	1.148450e+02
1040	1.147664e+02
1041	1.146497e+02
1042	1.145563e+02
1043	1.144925e+02
1044	1.144703e+02
1045	1.143903e+02
1046	1.143250e+02
1047	1.143202e+02
1048	1.143648e+02
1049	1.143470e+02
1050	1.143427e+02
1051	1.143259e+02
1052	1.143914e+02
1053	1.144546e+02
1054	1.146289e+02
1055	1.148009e+02
1056	1.149685e+02
1057	1.150831e+02
1058	1.152113e+02
1059	1.153432e+02
1060	1.155452e+02
1061	1.156860e+02
1062	1.158365e+02
1063	1.159565e+02
1064	1.160552e+02
1065	1.161321e+02
1066	1.161299e+02
1067	1.161827e+02
1068	1.161973e+02
1069	1.161710e+02
1070	1.161764e+02
1071	1.161381e+02
1072	1.161121e+02
1073	1.161034e+02
1074	1.161775e+02
1075	1.162256e+02
1076	1.162954e+02
1077	1.163116e+02
1078	1.163562e+02
1079	1.164059e+02
1080	1.165304e+02
1081	1.167594e+02
1082	1.170180e+02
1083	1.172739e+02
1084	1.175173e+02
1085	1.177141e+02
1086	1.179416e+02
1087	1.182038e+02
1088	1.183989e+02
1089	1.185949e+02
1090	1.187528e+02
1091	1.189535e+02
1092	1.191550e+02
1093	1.192769e+02
1094	1.193731e+02
1095	1.194847e+02
1096	1.195301e+02
1097	1.196332e+02
1098	1.197102e+02
1099	1.198180e+02
1100	1.198825e+02
1101	1.199293e+02
1102	1.199865e+02
1103	1.200777e+02
1104	1.202022e+02
1105	1.202518e+02
1106	1.202703e+02
1107	1.202460e+02
1108	1.201112e+02
1109	1.198231e+02
1110	1.194557e+02
1111	1.190900e+02
1112	1.187269e+02
1113	1.183498e+02
1114	1.179850e+02
1115	1.175314e+02
1116	1.170194e+02
1117	1.164132e+02
1118	1.157198e+02
1119	1.150214e+02
1120	1.143568e+02
1121	1.136980e+02
1122	1.130686e+02
1123	1.124913e+02
1124	1.119693e+02
1125	1.115266e+02
1126	1.111590e+02
1127	1.107714e+02
1128	1.104017e+02
1129	1.100570e+02
1130	1.098070e+02
1131	1.096488e+02
1132	1.095919e+02
1133	1.095510e+02
1134	1.095536e+02
1135	1.096047e+02
1136	1.096884e+02
1137	1.097231e+02
1138	1.098559e+02
1139	1.100781e+02
1140	1.103347e+02
1141	1.106318e+02
1142	1.108428e+02
1143	1.110841e+02
1144	1.113458e+02
1145	1.115923e+02
1146	1.119310e+02
1147	1.122445e+02
1148	1.125521e+02
1149	1.128422e+02
1150	1.130884e+02
1151	1.133199e+02
1152	1.135465e+02
1153	1.137662e+02
1154	1.139422e+02
1155	1.141562e+02
1156	1.143961e+02
1157	1.146533e+02
1158	1.148905e+02
1159	1.150824e+02
1160	1.153245e+02
1161	1.155097e+02
1162	1.156570e+02
1163	1.157685e+02
1164	1.158095e+02
1165	1.158135e+02
1166	1.158995e+02
1167	1.159034e+02
1168	1.158971e+02
1169	1.158251e+02
1170	1.158032e+02
1171	1.158569e+02
1172	1.159478e+02
1173	1.160699e+02
1174	1.161829e+02
1175	1.164127e+02
1176	1.165746e+02
1177	1.166650e+02
1178	1.167500e+02
1179	1.169179e+02
1180	1.171316e+02
1181	1.172643e+02
1182	1.173735e+02
1183	1.174971e+02
1184	1.176747e+02
1185	1.178442e+02
1186	1.179293e+02
1187	1.180567e+02
1188	1.181884e+02
1189	1.183550e+02
1190	1.183764e+02
1191	1.183621e+02
1192	1.182669e+02
1193	1.181512e+02
1194	1.181023e+02
1195	1.179808e+02
1196	1.178829e+02
1197	1.177853e+02
1198	1.176716e+02
1199	1.175327e+02
1200	1.172345e+02
1201	1.168520e+02
1202	1.164775e+02
1203	1.160523e+02
1204	1.156397e+02
1205	1.151973e+02
1206	1.147666e+02
1207	1.143316e+02
1208	1.138373e+02
1209	1.132909e+02
1210	1.127761e+02
1211	1.123231e+02
1212	1.118629e+02
1213	1.114462e+02
1214	1.111096e+02
1215	1.108192e+02
1216	1.105441e+02
1217	1.102860e+02
1218	1.100176e+02
1219	1.098266e+02
1220	1.095354e+02
1221	1.092108e+02
1222	1.088286e+02
1223	1.085690e+02
1224	1.082942e+02
1225	1.080646e+02
1226	1.079058e+02
1227	1.078343e+02
1228	1.078427e+02
1229	1.079055e+02
1230	1.080816e+02
1231	1.082843e+02
1232	1.084172e+02
1233	1.086477e+02
1234	1.089272e+02
1235	1.091518e+02
1236	1.094934e+02
1237	1.099168e+02
1238	1.104548e+02
1239	1.110600e+02
1240	1.116807e+02
1241	1.123593e+02
1242	1.130896e+02
1243	1.138681e+02
1244	1.146882e+02
1245	1.156396e+02
1246	1.167048e+02
1247	1.177999e+02
1248	1.188617e+02
1249	1.197711e+02
1250	1.205414e+02
1251	1.212518e+02
1252	1.219628e+02
1253	1.226075e+02
1254	1.232884e+02
1255	1.238337e+02
1256	1.243653e+02
1257	1.247458e+02
1258	1.251060e+02
1259	1.254077e+02
1260	1.257521e+02
1261	1.260142e+02
1262	1.262054e+02
1263	1.264463e+02
1264	1.266965e+02
1265	1.268778e+02
1266	1.270273e+02
1267	1.270997e+02
1268	1.271901e+02
1269	1.272906e+02
1270	1.273261e+02
1271	1.272951e+02
1272	1.272022e+02
1273	1.270564e+02
1274	1.268833e+02
1275	1.266004e+02
1276	1.262530e+02
1277	1.258089e+02
1278	1.252336e+02
1279	1.246775e+02
1280	1.239840e+02
1281	1.231661e+02
1282	1.223494e+02
1283	1.214800e+02
1284	1.205721e+02
1285	1.197027e+02
1286	1.189002e+02
1287	1.181573e+02
1288	1.173719e+02
1289	1.165688e+02
1290	1.157983e+02
1291	1.150512e+02
1292	1.143979e+02
1293	1.137909e+02
1294	1.130975e+02
1295	1.123897e+02
1296	1.116230e+02
1297	1.108826e+02
1298	1.101594e+02
1299	1.093902e+02
1300	1.086492e+02
1301	1.080630e+02
1302	1.075367e+02
1303	1.072327e+02
1304	1.070122e+02
1305	1.068335e+02
1306	1.066883e+02
1307	1.066364e+02
1308	1.067343e+02
1309	1.069327e+02
1310	1.071184e+02
1311	1.073911e+02
1312	1.077449e+02
1313	1.081503e+02
1314	1.086294e+02
1315	1.092521e+02
1316	1.099336e+02
1317	1.105410e+02
1318	1.111411e+02
1319	1.117817e+02
1320	1.124469e+02
1321	1.130790e+02
1322	1.136974e+02
1323	1.142847e+02
1324	1.148539e+02
1325	1.153966e+02
1326	1.159048e+02
1327	1.164059e+02
1328	1.169141e+02
1329	1.174134e+02
1330	1.179657e+02
1331	1.184576e+02
1332	1.189661e+02
1333	1.194218e+02
1334	1.198806e+02
1335	1.202873e+02
1336	1.206867e+02
1337	1.209635e+02
1338	1.211692e+02
1339	1.213316e+02
1340	1.213758e+02
1341	1.213801e+02
1342	1.213225e+02
1343	1.211640e+02
1344	1.209289e+02
1345	1.206199e+02
1346	1.202645e+02
1347	1.198165e+02
1348	1.193798e+02
1349	1.188046e+02
1350	1.181386e+02
1351	1.173323e+02
1352	1.166102e+02
1353	1.159203e+02
1354	1.152348e+02
1355	1.145167e+02
1356	1.139251e+02
1357	1.133310e+02
1358	1.127330e+02
1359	1.121237e+02
1360	1.115769e+02
1361	1.111576e+02
1362	1.106207e+02
1363	1.100549e+02
1364	1.094833e+02
1365	1.089100e+02
1366	1.084323e+02
1367	1.080603e+02
1368	1.077594e+02
1369	1.074590e+02
1370	1.072445e+02
1371	1.071037e+02
1372	1.069532e+02
1373	1.068177e+02
1374	1.067465e+02
1375	1.067897e+02
1376	1.069044e+02
1377	1.069899e+02
1378	1.070831e+02
1379	1.072299e+02
1380	1.073741e+02
1381	1.074215e+02
1382	1.076531e+02
1383	1.079778e+02
1384	1.083719e+02
1385	1.088636e+02
1386	1.093535e+02
1387	1.098883e+02
1388	1.104725e+02
1389	1.110108e+02
1390	1.116085e+02
1391	1.121928e+02
1392	1.128881e+02
1393	1.135012e+02
1394	1.140608e+02
1395	1.145995e+02
1396	1.150587e+02
1397	1.154928e+02
1398	1.158886e+02
1399	1.162625e+02
1400	1.166518e+02
1401	1.170066e+02
1402	1.173347e+02
1403	1.176314e+02
1404	1.179388e+02
1405	1.182854e+02
1406	1.185686e+02
1407	1.187927e+02
1408	1.189264e+02
1409	1.190846e+02
1410	1.191474e+02
1411	1.191718e+02
1412	1.191129e+02
1413	1.190225e+02
1414	1.189278e+02
1415	1.188058e+02
1416	1.187402e+02
1417	1.186845e+02
1418	1.185233e+02
1419	1.182167e+02
1420	1.177830e+02
1421	1.172333e+02
1422	1.167530e+02
1423	1.163953e+02
1424	1.160116e+02
1425	1.156234e+02
1426	1.151752e+02
1427	1.148075e+02
1428	1.144739e+02
1429	1.141506e+02
1430	1.138096e+02
1431	1.135019e+02
1432	1.133290e+02
1433	1.130973e+02
1434	1.128770e+02
1435	1.126448e+02
1436	1.122575e+02
1437	1.118341e+02
1438	1.114159e+02
1439	1.109174e+02
1440	1.104325e+02
1441	1.099216e+02
1442	1.094792e+02
1443	1.091372e+02
1444	1.088429e+02
1445	1.087116e+02
1446	1.086486e+02
1447	1.086164e+02
1448	1.086988e+02
1449	1.089401e+02
1450	1.092568e+02
1451	1.096961e+02
1452	1.101428e+02
1453	1.106873e+02
1454	1.112802e+02
1455	1.118995e+02
1456	1.125676e+02
1457	1.133067e+02
1458	1.141646e+02
1459	1.150485e+02
1460	1.158534e+02
1461	1.165771e+02
1462	1.173631e+02
1463	1.181663e+02
1464	1.190307e+02
1465	1.198259e+02
1466	1.207004e+02
1467	1.214718e+02
1468	1.221729e+02
1469	1.228309e+02
1470	1.233924e+02
1471	1.239654e+02
1472	1.244746e+02
1473	1.249622e+02
1474	1.253257e+02
1475	1.256124e+02
1476	1.258403e+02
1477	1.259426e+02
1478	1.259740e+02
1479	1.259282e+02
1480	1.258991e+02
1481	1.258243e+02
1482	1.257163e+02
1483	1.255777e+02
1484	1.254172e+02
1485	1.251517e+02
1486	1.247948e+02
1487	1.243693e+02
1488	1.238141e+02
1489	1.231966e+02
1490	1.226257e+02
1491	1.219374e+02
1492	1.211731e+02
1493	1.202824e+02
1494	1.192729e+02
1495	1.181931e+02
1496	1.171000e+02
1497	1.160634e+02
1498	1.150792e+02
1499	1.141112e+02
1500	1.131844e+02
1501	1.122653e+02
1502	1.114516e+02
1503	1.106989e+02
1504	1.100307e+02
1505	1.093367e+02
1506	1.087895e+02
1507	1.083091e+02
1508	1.078088e+02
1509	1.073803e+02
1510	1.070771e+02
1511	1.067936e+02
1512	1.065770e+02
1513	1.063716e+02
1514	1.062234e+02
1515	1.061901e+02
1516	1.062915e+02
1517	1.064050e+02
1518	1.065469e+02
1519	1.067421e+02
1520	1.069255e+02
1521	1.071642e+02
1522	1.074484e+02
1523	1.078204e+02
1524	1.082543e+02
1525	1.086904e+02
1526	1.091685e+02
1527	1.097847e+02
1528	1.104199e+02
1529	1.111006e+02
1530	1.119003e+02
1531	1.126891e+02
1532	1.135129e+02
1533	1.142914e+02
1534	1.150687e+02
1535	1.157906e+02
1536	1.164699e+02
1537	1.171717e+02
1538	1.178508e+02
1539	1.184407e+02
1540	1.189176e+02
1541	1.192588e+02
1542	1.196467e+02
1543	1.200003e+02
1544	1.203925e+02
1545	1.208485e+02
1546	1.211920e+02
1547	1.215316e+02
1548	1.218632e+02
1549	1.221111e+02
1550	1.223899e+02
1551	1.226352e+02
1552	1.227331e+02
1553	1.228160e+02
1554	1.227898e+02
1555	1.226916e+02
1556	1.224339e+02
1557	1.220886e+02
1558	1.216882e+02
1559	1.213392e+02
1560	1.208342e+02
1561	1.202871e+02
1562	1.196500e+02
1563	1.189868e+02
1564	1.182924e+02
1565	1.175800e+02
1566	1.168448e+02
1567	1.160925e+02
1568	1.153801e+02
1569	1.145744e+02
1570	1.137640e+02
1571	1.129538e+02
1572	1.121833e+02
1573	1.115143e+02
1574	1.108589e+02
1575	1.101393e+02
1576	1.094235e+02
1577	1.087962e+02
1578	1.081524e+02
1579	1.075354e+02
1580	1.069121e+02
1581	1.063154e+02
1582	1.057782e+02
1583	1.053312e+02
1584	1.049421e+02
1585	1.046033e+02
1586	1.043571e+02
1587	1.041929e+02
1588	1.040952e+02
1589	1.040625e+02
1590	1.041076e+02
1591	1.041614e+02
1592	1.042582e+02
1593	1.044427e+02
1594	1.046539e+02
1595	1.048570e+02
1596	1.050837e+02
1597	1.053341e+02
1598	1.056281e+02
1599	1.059761e+02
1600	1.063622e+02
1601	1.067672e+02
1602	1.070663e+02
1603	1.073765e+02
1604	1.077427e+02
1605	1.081127e+02
1606	1.084909e+02
1607	1.088495e+02
1608	1.092205e+02
1609	1.095966e+02
1610	1.099909e+02
1611	1.104148e+02
1612	1.108490e+02
1613	1.113074e+02
1614	1.117429e+02
1615	1.121361e+02
1616	1.125071e+02
1617	1.128783e+02
1618	1.132825e+02
1619	1.136462e+02
1620	1.140086e+02
1621	1.143226e+02
1622	1.145771e+02
1623	1.147628e+02
1624	1.149806e+02
1625	1.152131e+02
1626	1.153641e+02
1627	1.153918e+02
1628	1.153618e+02
1629	1.152062e+02
1630	1.150401e+02
1631	1.147937e+02
1632	1.145075e+02
1633	1.141990e+02
1634	1.137742e+02
1635	1.133377e+02
1636	1.129315e+02
1637	1.125366e+02
1638	1.121767e+02
1639	1.117541e+02
1640	1.112875e+02
1641	1.109291e+02
1642	1.106097e+02
1643	1.103855e+02
1644	1.100888e+02
1645	1.097899e+02
1646	1.094434e+02
1647	1.091059e+02
1648	1.087917e+02
1649	1.085421e+02
1650	1.083569e+02
1651	1.081639e+02
1652	1.079772e+02
1653	1.077326e+02
1654	1.075131e+02
1655	1.073676e+02
1656	1.072334e+02
1657	1.071563e+02
1658	1.071725e+02
1659	1.073451e+02
1660	1.075764e+02
1661	1.078372e+02
1662	1.081068e+02
1663	1.083952e+02
1664	1.088135e+02
1665	1.091966e+02
1666	1.097597e+02
1667	1.104425e+02
1668	1.112222e+02
1669	1.120182e+02
1670	1.129005e+02
1671	1.138092e+02
1672	1.147949e+02
1673	1.158053e+02
1674	1.168557e+02
1675	1.178931e+02
1676	1.189806e+02
1677	1.201023e+02
1678	1.211754e+02
1679	1.221361e+02
1680	1.230568e+02
1681	1.239449e+02
1682	1.247589e+02
1683	1.255794e+02
1684	1.263336e+02
1685	1.269803e+02
1686	1.274332e+02
1687	1.279002e+02
1688	1.282728e+02
1689	1.285680e+02
1690	1.287430e+02
1691	1.288199e+02
1692	1.288393e+02
1693	1.288347e+02
1694	1.287120e+02
1695	1.284587e+02
1696	1.281685e+02
1697	1.278620e+02
1698	1.275453e+02
1699	1.271280e+02
1700	1.266278e+02
1701	1.260068e+02
1702	1.252525e+02
1703	1.244683e+02
1704	1.236285e+02
1705	1.227867e+02
1706	1.219416e+02
1707	1.210842e+02
1708	1.201468e+02
1709	1.191558e+02
1710	1.182687e+02
1711	1.174412e+02
1712	1.166868e+02
1713	1.159690e+02
1714	1.152859e+02
1715	1.146192e+02
1716	1.140615e+02
1717	1.135214e+02
1718	1.130406e+02
1719	1.125473e+02
1720	1.121464e+02
1721	1.118654e+02
1722	1.116453e+02
1723	1.113644e+02
1724	1.111443e+02
1725	1.109780e+02
1726	1.107275e+02
1727	1.104905e+02
1728	1.102984e+02
1729	1.102048e+02
1730	1.101813e+02
1731	1.101706e+02
1732	1.102426e+02
1733	1.103563e+02
1734	1.105309e+02
1735	1.107421e+02
1736	1.110479e+02
1737	1.114346e+02
1738	1.118733e+02
1739	1.122736e+02
1740	1.126923e+02
1741	1.131305e+02
1742	1.136833e+02
1743	1.143318e+02
1744	1.150125e+02
1745	1.156856e+02
1746	1.163773e+02
1747	1.170663e+02
1748	1.177181e+02
1749	1.183476e+02
1750	1.189707e+02
1751	1.196284e+02
1752	1.202749e+02
1753	1.209214e+02
1754	1.214617e+02
1755	1.219509e+02
1756	1.224120e+02
1757	1.228774e+02
1758	1.233030e+02
1759	1.236837e+02
1760	1.239237e+02
1761	1.241690e+02
1762	1.244357e+02
1763	1.246842e+02
1764	1.248980e+02
1765	1.250429e+02
1766	1.251379e+02
1767	1.251891e+02
1768	1.250606e+02
1769	1.248749e+02
1770	1.246714e+02
1771	1.243401e+02
1772	1.240338e+02
1773	1.236805e+02
1774	1.233042e+02
1775	1.230408e+02
1776	1.227134e+02
1777	1.224012e+02
1778	1.221079e+02
1779	1.217677e+02
1780	1.212246e+02
1781	1.206588e+02
1782	1.200730e+02
1783	1.194392e+02
1784	1.187883e+02
1785	1.182673e+02
1786	1.177897e+02
1787	1.172504e+02
1788	1.168480e+02
1789	1.165031e+02
1790	1.162209e+02
1791	1.159512e+02
1792	1.157011e+02
1793	1.155462e+02
1794	1.153832e+02
1795	1.152227e+02
1796	1.150967e+02
1797	1.149504e+02
1798	1.147592e+02
1799	1.145329e+02
1800	1.144061e+02
1801	1.143209e+02
1802	1.141941e+02
1803	1.140091e+02
1804	1.137971e+02
1805	1.137330e+02
1806	1.136069e+02
1807	1.136154e+02
1808	1.136499e+02
1809	1.137614e+02
1810	1.138771e+02
1811	1.140448e+02
1812	1.142453e+02
1813	1.144768e+02
1814	1.146656e+02
1815	1.148482e+02
1816	1.150800e+02
1817	1.153453e+02
1818	1.156613e+02
1819	1.159461e+02
1820	1.163087e+02
1821	1.167055e+02
1822	1.171779e+02
1823	1.176561e+02
1824	1.181009e+02
1825	1.184998e+02
1826	1.188819e+02
1827	1.192041e+02
1828	1.194144e+02
1829	1.195676e+02
1830	1.196709e+02
1831	1.197319e+02
1832	1.197869e+02
1833	1.197859e+02
1834	1.197539e+02
1835	1.196849e+02
1836	1.195225e+02
1837	1.193337e+02
1838	1.190608e+02
1839	1.187245e+02
1840	1.183645e+02
1841	1.179369e+02
1842	1.174766e+02
1843	1.170172e+02
1844	1.165031e+02
1845	1.159772e+02
1846	1.154605e+02
1847	1.149133e+02
1848	1.143135e+02
1849	1.137091e+02
1850	1.131014e+02
1851	1.125565e+02
1852	1.119772e+02
1853	1.114105e+02
1854	1.109043e+02
1855	1.103667e+02
1856	1.098270e+02
1857	1.092174e+02
1858	1.085631e+02
1859	1.080366e+02
1860	1.075333e+02
1861	1.070909e+02
1862	1.066400e+02
1863	1.062706e+02
1864	1.061019e+02
1865	1.060467e+02
1866	1.060500e+02
1867	1.061168e+02
1868	1.061737e+02
1869	1.062518e+02
1870	1.064214e+02
1871	1.066781e+02
1872	1.069408e+02
1873	1.071966e+02
1874	1.075437e+02
1875	1.079361e+02
1876	1.082920e+02
1877	1.087524e+02
1878	1.091953e+02
1879	1.095885e+02
1880	1.100721e+02
1881	1.105444e+02
1882	1.110239e+02
1883	1.114668e+02
1884	1.118197e+02
1885	1.122455e+02
1886	1.126198e+02
1887	1.129746e+02
1888	1.132630e+02
1889	1.135777e+02
1890	1.138123e+02
1891	1.140280e+02
1892	1.142560e+02
1893	1.144802e+02
1894	1.146970e+02
1895	1.149473e+02
1896	1.150798e+02
1897	1.152008e+02
1898	1.153430e+02
1899	1.154194e+02
1900	1.155391e+02
1901	1.156582e+02
1902	1.156965e+02
1903	1.156727e+02
1904	1.155386e+02
1905	1.153135e+02
1906	1.150169e+02
1907	1.146558e+02
1908	1.142737e+02
1909	1.138471e+02
1910	1.133400e+02
1911	1.128580e+02
1912	1.123113e+02
1913	1.117411e+02
1914	1.111239e+02
1915	1.104261e+02
1916	1.098363e+02
1917	1.091237e+02
1918	1.083791e+02
1919	1.076379e+02
1920	1.068853e+02
1921	1.062702e+02
1922	1.055922e+02
1923	1.050118e+02
1924	1.044767e+02
1925	1.039427e+02
1926	1.035536e+02
1927	1.031824e+02
1928	1.028213e+02
1929	1.025528e+02
1930	1.022849e+02
1931	1.021099e+02
1932	1.020938e+02
1933	1.021939e+02
1934	1.023485e+02
1935	1.026439e+02
1936	1.031043e+02
1937	1.036952e+02
1938	1.043370e+02
1939	1.050539e+02
1940	1.058300e+02
1941	1.068249e+02
1942	1.080264e+02
1943	1.092711e+02
1944	1.106055e+02
1945	1.119797e+02
1946	1.132625e+02
1947	1.145086e+02
1948	1.157895e+02
1949	1.170188e+02
1950	1.181341e+02
1951	1.191403e+02
1952	1.201807e+02
1953	1.211250e+02
1954	1.220628e+02
1955	1.229787e+02
1956	1.239503e+02
1957	1.249014e+02
1958	1.257697e+02
1959	1.266570e+02
1960	1.275792e+02
1961	1.284900e+02
1962	1.292504e+02
1963	1.299351e+02
1964	1.306256e+02
1965	1.310909e+02
1966	1.314799e+02
1967	1.318242e+02
1968	1.321100e+02
1969	1.322887e+02
1970	1.323250e+02
1971	1.323217e+02
1972	1.322535e+02
1973	1.321106e+02
1974	1.318444e+02
1975	1.314620e+02
1976	1.310083e+02
1977	1.305149e+02
1978	1.299286e+02
1979	1.293117e+02
1980	1.285973e+02
1981	1.277488e+02
1982	1.269650e+02
1983	1.261414e+02
1984	1.252056e+02
1985	1.242624e+02
1986	1.233647e+02
1987	1.224726e+02
1988	1.215575e+02
1989	1.206594e+02
1990	1.196803e+02
1991	1.187532e+02
1992	1.177817e+02
1993	1.167818e+02
1994	1.157844e+02
1995	1.147599e+02
1996	1.136205e+02
1997	1.125322e+02
1998	1.114963e+02
1999	1.105181e+02
2000	1.095622e+02
2001	1.087712e+02
2002	1.080449e+02
2003	1.074478e+02
2004	1.068975e+02
2005	1.063755e+02
2006	1.058740e+02
2007	1.053746e+02
2008	1.049780e+02
2009	1.046438e+02
2010	1.043683e+02
2011	1.040712e+02
2012	1.038761e+02
2013	1.037657e+02
2014	1.036871e+02
2015	1.037070e+02
2016	1.038110e+02
2017	1.039149e+02
2018	1.040799e+02
2019	1.043086e+02
2020	1.045157e+02
2021	1.047915e+02
2022	1.050630e+02
2023	1.053645e+02
2024	1.056713e+02
2025	1.060042e+02
2026	1.064712e+02
2027	1.068681e+02
2028	1.073884e+02
2029	1.080015e+02
2030	1.086509e+02
2031	1.092798e+02
2032	1.099058e+02
2033	1.105829e+02
2034	1.113637e+02
2035	1.121341e+02
2036	1.128944e+02
2037	1.135999e+02
2038	1.142763e+02
2039	1.149467e+02
2040	1.154859e+02
2041	1.160563e+02
2042	1.165330e+02
2043	1.170651e+02
2044	1.176231e+02
2045	1.181254e+02
2046	1.186905e+02
2047	1.192848e+02
2048	1.199251e+02
2049	1.205506e+02
2050	1.211453e+02
2051	1.216444e+02
2052	1.220828e+02
2053	1.224490e+02
2054	1.227066e+02
2055	1.229637e+02
2056	1.230963e+02
2057	1.230645e+02
2058	1.230109e+02
2059	1.229807e+02
2060	1.228594e+02
2061	1.227135e+02
2062	1.225640e+02
2063	1.223557e+02
2064	1.221130e+02
2065	1.218260e+02
2066	1.214261e+02
2067	1.208684e+02
2068	1.201382e+02
2069	1.193093e+02
2070	1.184242e+02
2071	1.175543e+02
2072	1.166629e+02
2073	1.157572e+02
2074	1.148657e+02
2075	1.140754e+02
2076	1.133208e+02
2077	1.125395e+02
2078	1.117436e+02
2079	1.109261e+02
2080	1.101239e+02
2081	1.092263e+02
2082	1.083242e+02
2083	1.074073e+02
2084	1.065350e+02
2085	1.057037e+02
2086	1.050068e+02
2087	1.043438e+02
2088	1.037774e+02
2089	1.034210e+02
2090	1.031751e+02
2091	1.030590e+02
2092	1.029978e+02
2093	1.029604e+02
2094	1.030125e+02
2095	1.031417e+02
2096	1.033073e+02
2097	1.034308e+02
2098	1.037094e+02
2099	1.040335e+02
2100	1.043364e+02
2101	1.047286e+02
2102	1.052606e+02
2103	1.058457e+02
2104	1.065319e+02
2105	1.072549e+02
2106	1.078484e+02
2107	1.084847e+02
2108	1.089880e+02
2109	1.095009e+02
2110	1.098852e+02
2111	1.102737e+02
2112	1.106359e+02
2113	1.110192e+02
2114	1.114100e+02
2115	1.118337e+02
2116	1.122024e+02
2117	1.125788e+02
2118	1.129052e+02
2119	1.132114e+02
2120	1.135021e+02
2121	1.138754e+02
2122	1.142895e+02
2123	1.146491e+02
2124	1.150072e+02
2125	1.153216e+02
2126	1.155792e+02
2127	1.158196e+02
2128	1.160386e+02
2129	1.161046e+02
2130	1.161254e+02
2131	1.161393e+02
2132	1.161835e+02
2133	1.163003e+02
2134	1.163828e+02
2135	1.165044e+02
2136	1.166653e+02
2137	1.167689e+02
2138	1.168946e+02
2139	1.170656e+02
2140	1.171463e+02
2141	1.171941e+02
2142	1.172638e+02
2143	1.172970e+02
2144	1.173653e+02
2145	1.174675e+02
2146	1.176302e+02
2147	1.178398e+02
2148	1.180395e+02
2149	1.182181e+02
2150	1.183840e+02
2151	1.184794e+02
2152	1.185234e+02
2153	1.185706e+02
2154	1.185822e+02
2155	1.185116e+02
2156	1.184623e+02
2157	1.184454e+02
2158	1.184687e+02
2159	1.184806e+02
2160	1.185619e+02
2161	1.185681e+02
2162	1.185067e+02
2163	1.184502e+02
2164	1.184195e+02
2165	1.185051e+02
2166	1.185370e+02
2167	1.186176e+02
2168	1.188066e+02
2169	1.189308e+02
2170	1.190417e+02
2171	1.191521e+02
2172	1.192534e+02
2173	1.192873e+02
2174	1.193020e+02
2175	1.193124e+02
2176	1.192529e+02
2177	1.191030e+02
2178	1.188822e+02
2179	1.185869e+02
2180	1.182719e+02
2181	1.180035e+02
2182	1.177734e+02
2183	1.174828e+02
2184	1.173257e+02
2185	1.172609e+02
2186	1.172207e+02
2187	1.172267e+02
2188	1.171898e+02
2189	1.169924e+02
2190	1.168201e+02
2191	1.165557e+02
2192	1.162249e+02
2193	1.159284e+02
2194	1.156544e+02
2195	1.154081e+02
2196	1.151651e+02
2197	1.149436e+02
2198	1.147810e+02
2199	1.147001e+02
2200	1.145574e+02
2201	1.144424e+02
2202	1.143775e+02
2203	1.143828e+02
2204	1.145051e+02
2205	1.146418e+02
2206	1.148656e+02
2207	1.150367e+02
2208	1.151963e+02
2209	1.153967e+02
2210	1.155733e+02
2211	1.156797e+02
2212	1.157136e+02
2213	1.157082e+02
2214	1.156445e+02
2215	1.156434e+02
2216	1.156228e+02
2217	1.155950e+02
2218	1.156888e+02
2219	1.158494e+02
2220	1.160326e+02
2221	1.161782e+02
2222	1.163405e+02
2223	1.164631e+02
2224	1.166611e+02
2225	1.168180e+02
2226	1.169934e+02
2227	1.172110e+02
2228	1.173779e+02
2229	1.175935e+02
2230	1.177717e+02
2231	1.179773e+02
2232	1.181456e+02
2233	1.183751e+02
2234	1.186549e+02
2235	1.190015e+02
2236	1.192842e+02
2237	1.195999e+02
2238	1.199027e+02
2239	1.202573e+02
2240	1.206019e+02
2241	1.208939e+02
2242	1.210837e+02
2243	1.211495e+02
2244	1.211327e+02
2245	1.210353e+02
2246	1.208214e+02
2247	1.205364e+02
2248	1.201760e+02
2249	1.197991e+02
2250	1.194208e+02
2251	1.190700e+02
2252	1.186729e+02
2253	1.182090e+02
2254	1.176472e+02
2255	1.170435e+02
2256	1.163414e+02
2257	1.156979e+02
2258	1.150423e+02
2259	1.145052e+02
2260	1.139901e+02
2261	1.135604e+02
2262	1.130500e+02
2263	1.126100e+02
2264	1.121469e+02
2265	1.117732e+02
2266	1.114695e+02
2267	1.112218e+02
2268	1.109750e+02
2269	1.105983e+02
2270	1.102379e+02
2271	1.099469e+02
2272	1.097668e+02
2273	1.097123e+02
2274	1.096914e+02
2275	1.097385e+02
2276	1.098992e+02
2277	1.100260e+02
2278	1.101520e+02
2279	1.103765e+02
2280	1.106304e+02
2281	1.108870e+02
2282	1.111867e+02
2283	1.115694e+02
2284	1.120362e+02
2285	1.124636e+02
2286	1.129055e+02
2287	1.134386e+02
2288	1.139668e+02
2289	1.145715e+02
2290	1.151716e+02
2291	1.157928e+02
2292	1.163903e+02
2293	1.170570e+02
2294	1.177447e+02
2295	1.185090e+02
2296	1.193359e+02
2297	1.201820e+02
2298	1.209225e+02
2299	1.216565e+02
2300	1.224193e+02
2301	1.231963e+02
2302	1.239220e+02
2303	1.245945e+02
2304	1.252831e+02
2305	1.259966e+02
2306	1.267504e+02
2307	1.273986e+02
2308	1.279005e+02
2309	1.283481e+02
2310	1.285838e+02
2311	1.287247e+02
2312	1.287587e+02
2313	1.287597e+02
2314	1.287119e+02
2315	1.285320e+02
2316	1.282142e+02
2317	1.279011e+02
2318	1.275638e+02
2319	1.271701e+02
2320	1.267132e+02
2321	1.262881e+02
2322	1.258664e+02
2323	1.253986e+02
2324	1.249711e+02
2325	1.244400e+02
2326	1.238781e+02
2327	1.233256e+02
2328	1.227109e+02
2329	1.220806e+02
2330	1.214320e+02
2331	1.207548e+02
2332	1.200725e+02
2333	1.194139e+02
2334	1.186991e+02
2335	1.179729e+02
2336	1.172015e+02
2337	1.164576e+02
2338	1.157241e+02
2339	1.150154e+02
2340	1.142460e+02
2341	1.135224e+02
2342	1.127536e+02
2343	1.118509e+02
2344	1.110103e+02
2345	1.102447e+02
2346	1.094725e+02
2347	1.087968e+02
2348	1.082638e+02
2349	1.077937e+02
2350	1.073389e+02
2351	1.068831e+02
2352	1.065711e+02
2353	1.062971e+02
2354	1.061176e+02
2355	1.059696e+02
2356	1.058837e+02
2357	1.059468e+02
2358	1.060424e+02
2359	1.062204e+02
2360	1.064736e+02
2361	1.067236e+02
2362	1.070631e+02
2363	1.073544e+02
2364	1.076298e+02
2365	1.079915e+02
2366	1.083066e+02
2367	1.086842e+02
2368	1.091496e+02
2369	1.095804e+02
2370	1.100816e+02
2371	1.105708e+02
2372	1.110390e+02
2373	1.115588e+02
2374	1.121684e+02
2375	1.128032e+02
2376	1.134723e+02
2377	1.141116e+02
2378	1.147654e+02
2379	1.153611e+02
2380	1.159527e+02
2381	1.164987e+02
2382	1.170547e+02
2383	1.176249e+02
2384	1.181764e+02
2385	1.186177e+02
2386	1.190488e+02
2387	1.194297e+02
2388	1.197910e+02
2389	1.201494e+02
2390	1.204859e+02
2391	1.207685e+02
2392	1.210114e+02
2393	1.211753e+02
2394	1.213449e+02
2395	1.215691e+02
2396	1.217069e+02
2397	1.218807e+02
2398	1.220571e+02
2399	1.221936e+02
2400	1.223370e+02
2401	1.223685e+02
2402	1.223970e+02
2403	1.223329e+02
2404	1.222785e+02
2405	1.222566e+02
2406	1.221136e+02
2407	1.220194e+02
2408	1.219489e+02
2409	1.219344e+02
2410	1.218144e+02
2411	1.217618e+02
2412	1.216350e+02
2413	1.214022e+02
2414	1.212058e+02
2415	1.209885e+02
2416	1.208374e+02
2417	1.207259e+02
2418	1.206211e+02
2419	1.205604e+02
2420	1.204277e+02
2421	1.202281e+02
2422	1.200552e+02
2423	1.198562e+02
2424	1.195752e+02
2425	1.192880e+02
2426	1.189645e+02
2427	1.185320e+02
2428	1.180619e+02
2429	1.176051e+02
2430	1.171950e+02
2431	1.167767e+02
2432	1.162649e+02
2433	1.157575e+02
2434	1.152899e+02
2435	1.148480e+02
2436	1.144460e+02
2437	1.140476e+02
2438	1.136770e+02
2439	1.133653e+02
2440	1.130891e+02
2441	1.129301e+02
2442	1.127373e+02
2443	1.126117e+02
2444	1.125014e+02
2445	1.123498e+02
2446	1.121791e+02
2447	1.120408e+02
2448	1.118618e+02
2449	1.117168e+02
2450	1.115325e+02
2451	1.113545e+02
2452	1.112417e+02
2453	1.111619e+02
2454	1.110861e+02
2455	1.110463e+02
2456	1.111115e+02
2457	1.112944e+02
2458	1.114930e+02
2459	1.117354e+02
2460	1.120033e+02
2461	1.122075e+02
2462	1.124146e+02
2463	1.127452e+02
2464	1.130418e+02
2465	1.133502e+02
2466	1.137424e+02
2467	1.141225e+02
2468	1.145055e+02
2469	1.148759e+02
2470	1.152368e+02
2471	1.156451e+02
2472	1.159905e+02
2473	1.163767e+02
2474	1.167368e+02
2475	1.170278e+02
2476	1.173455e+02
2477	1.176393e+02
2478	1.178864e+02
2479	1.181834e+02
2480	1.184110e+02
2481	1.187336e+02
2482	1.189230e+02
2483	1.190910e+02
2484	1.191429e+02
2485	1.191319e+02
2486	1.192031e+02
2487	1.192771e+02
2488	1.193049e+02
2489	1.193178e+02
2490	1.192788e+02
2491	1.191727e+02
2492	1.189333e+02
2493	1.186391e+02
2494	1.183505e+02
2495	1.180010e+02
2496	1.175664e+02
2497	1.169801e+02
2498	1.163947e+02
2499	1.157748e+02
2500	1.151160e+02
2501	1.143713e+02
2502	1.136460e+02
2503	1.128719e+02
2504	1.120005e+02
2505	1.112822e+02
2506	1.105995e+02
2507	1.099151e+02
2508	1.092173e+02
2509	1.084841e+02
2510	1.078048e+02
2511	1.072543e+02
2512	1.067049e+02
2513	1.061993e+02
2514	1.057709e+02
2515	1.053856e+02
2516	1.049840e+02
2517	1.046344e+02
2518	1.044109e+02
2519	1.042157e+02
2520	1.040343e+02
2521	1.039238e+02
2522	1.039084e+02
2523	1.038994e+02
2524	1.039806e+02
2525	1.041891e+02
2526	1.044260e+02
2527	1.047236e+02
2528	1.050254e+02
2529	1.054129e+02
2530	1.057715e+02
2531	1.061039e+02
2532	1.064752e+02
2533	1.067826e+02
2534	1.071369e+02
2535	1.075648e+02
2536	1.079729e+02
2537	1.085018e+02
2538	1.090079e+02
2539	1.095614e+02
2540	1.101822e+02
2541	1.107778e+02
2542	1.113696e+02
2543	1.119195e+02
2544	1.124969e+02
2545	1.131169e+02
2546	1.136521e+02
2547	1.141755e+02
2548	1.146916e+02
2549	1.151736e+02
2550	1.156607e+02
2551	1.161565e+02
2552	1.166189e+02
2553	1.170102e+02
2554	1.173927e+02
2555	1.178323e+02
2556	1.183083e+02
2557	1.187710e+02
2558	1.191888e+02
2559	1.195824e+02
2560	1.199194e+02
2561	1.202099e+02
2562	1.203802e+02
2563	1.205249e+02
2564	1.205523e+02
2565	1.204515e+02
2566	1.203291e+02
2567	1.201468e+02
2568	1.199476e+02
2569	1.196894e+02
2570	1.192792e+02
2571	1.188605e+02
2572	1.183235e+02
2573	1.177677e+02
2574	1.171568e+02
2575	1.165751e+02
2576	1.158534e+02
2577	1.151383e+02
2578	1.144022e+02
2579	1.136579e+02
2580	1.129806e+02
2581	1.123328e+02
2582	1.117422e+02
2583	1.110670e+02
2584	1.103825e+02
2585	1.096145e+02
2586	1.088799e+02
2587	1.082215e+02
2588	1.075747e+02
2589	1.069095e+02
2590	1.062330e+02
2591	1.056568e+02
2592	1.050121e+02
2593	1.043640e+02
2594	1.037310e+02
2595	1.031752e+02
2596	1.027634e+02
2597	1.024103e+02
2598	1.020352e+02
2599	1.017751e+02
2600	1.016270e+02
2601	1.013913e+02
2602	1.013736e+02
2603	1.014133e+02
2604	1.015927e+02
2605	1.019373e+02
2606	1.023500e+02
2607	1.029098e+02
2608	1.035438e+02
2609	1.041129e+02
2610	1.047461e+02
2611	1.054050e+02
2612	1.059889e+02
2613	1.066131e+02
2614	1.072691e+02
2615	1.079677e+02
2616	1.087469e+02
2617	1.095816e+02
2618	1.104700e+02
2619	1.113895e+02
2620	1.123624e+02
2621	1.133745e+02
2622	1.142995e+02
2623	1.152146e+02
2624	1.160252e+02
2625	1.168339e+02
2626	1.175299e+02
2627	1.180941e+02
2628	1.184973e+02
2629	1.189267e+02
2630	1.193075e+02
2631	1.196733e+02
2632	1.199975e+02
2633	1.202861e+02
2634	1.206055e+02
2635	1.209508e+02
2636	1.211925e+02
2637	1.213201e+02
2638	1.214830e+02
2639	1.216415e+02
2640	1.218432e+02
2641	1.220463e+02
2642	1.222151e+02
2643	1.223698e+02
2644	1.224779e+02
2645	1.226345e+02
2646	1.227704e+02
2647	1.228838e+02
2648	1.230516e+02
2649	1.231735e+02
2650	1.233367e+02
2651	1.234926e+02
2652	1.236530e+02
2653	1.238928e+02
2654	1.241088e+02
2655	1.242607e+02
2656	1.243960e+02
2657	1.244200e+02
2658	1.243633e+02
2659	1.242098e+02
2660	1.240436e+02
2661	1.238092e+02
2662	1.234997e+02
2663	1.231654e+02
2664	1.228712e+02
2665	1.225693e+02
2666	1.221950e+02
2667	1.217440e+02
2668	1.211912e+02
2669	1.206428e+02
2670	1.200028e+02
2671	1.193725e+02
2672	1.187794e+02
2673	1.181943e+02
2674	1.175654e+02
2675	1.169899e+02
2676	1.163965e+02
2677	1.157756e+02
2678	1.151615e+02
2679	1.146243e+02
2680	1.141336e+02
2681	1.136585e+02
2682	1.132393e+02
2683	1.128743e+02
2684	1.125793e+02
2685	1.123405e+02
2686	1.121131e+02
2687	1.118449e+02
2688	1.115832e+02
2689	1.113342e+02
2690	1.110575e+02
2691	1.107306e+02
2692	1.104966e+02
2693	1.102204e+02
2694	1.101007e+02
2695	1.100078e+02
2696	1.099614e+02
2697	1.099210e+02
2698	1.099275e+02
2699	1.099846e+02
2700	1.101145e+02
2701	1.102520e+02
2702	1.103619e+02
2703	1.104387e+02
2704	1.105519e+02
2705	1.106058e+02
2706	1.106861e+02
2707	1.108025e+02
2708	1.110060e+02
2709	1.110967e+02
2710	1.111242e+02
2711	1.111971e+02
2712	1.112856e+02
2713	1.113472e+02
2714	1.113782e+02
2715	1.114096e+02
2716	1.114068e+02
2717	1.114538e+02
2718	1.114631e+02
2719	1.114820e+02
2720	1.115938e+02
2721	1.116541e+02
2722	1.117104e+02
2723	1.117572e+02
2724	1.117918e+02
2725	1.118637e+02
2726	1.118581e+02
2727	1.119693e+02
2728	1.119622e+02
2729	1.119541e+02
2730	1.120016e+02
2731	1.120182e+02
2732	1.121408e+02
2733	1.122757e+02
2734	1.124498e+02
2735	1.126744e+02
2736	1.129113e+02
2737	1.131098e+02
2738	1.132811e+02
2739	1.135844e+02
2740	1.139198e+02
2741	1.142285e+02
2742	1.145169e+02
2743	1.148352e+02
2744	1.151640e+02
2745	1.154324e+02
2746	1.157108e+02
2747	1.158480e+02
2748	1.158458e+02
2749	1.157833e+02
2750	1.156009e+02
2751	1.154455e+02
2752	1.152867e+02
2753	1.151260e+02
2754	1.149756e+02
2755	1.148449e+02
2756	1.147854e+02
2757	1.147897e+02
2758	1.146617e+02
2759	1.146277e+02
2760	1.145774e+02
2761	1.144915e+02
2762	1.144390e+02
2763	1.143277e+02
2764	1.142112e+02
2765	1.140295e+02
2766	1.138769e+02
2767	1.136683e+02
2768	1.133859e+02
2769	1.130029e+02
2770	1.126117e+02
2771	1.121920e+02
2772	1.117395e+02
2773	1.113352e+02
2774	1.109315e+02
2775	1.104926e+02
2776	1.101465e+02
2777	1.098070e+02
2778	1.095398e+02
2779	1.092629e+02
2780	1.090015e+02
2781	1.087877e+02
2782	1.086473e+02
2783	1.084382e+02
2784	1.082934e+02
2785	1.081815e+02
2786	1.081166e+02
2787	1.080236e+02
2788	1.079765e+02
2789	1.078907e+02
2790	1.078968e+02
2791	1.080099e+02
2792	1.081409e+02
2793	1.082763e+02
2794	1.085207e+02
2795	1.088736e+02
2796	1.092258e+02
2797	1.095476e+02
2798	1.098528e+02
2799	1.102477e+02
2800	1.107751e+02
2801	1.113419e+02
2802	1.119898e+02
2803	1.127512e+02
2804	1.136312e+02
2805	1.144935e+02
2806	1.154334e+02
2807	1.164967e+02
2808	1.175400e+02
2809	1.186233e+02
2810	1.196433e+02
2811	1.205353e+02
2812	1.214197e+02
2813	1.223466e+02
2814	1.232053e+02
2815	1.240352e+02
2816	1.248666e+02
2817	1.256375e+02
2818	1.263464e+02
2819	1.269396e+02
2820	1.273477e+02
2821	1.276785e+02
2822	1.279661e+02
2823	1.281503e+02
2824	1.281711e+02
2825	1.281748e+02
2826	1.280737e+02
2827	1.279036e+02
2828	1.276054e+02
2829	1.272724e+02
2830	1.268232e+02
2831	1.262192e+02
2832	1.255194e+02
2833	1.248720e+02
2834	1.241967e+02
2835	1.234767e+02
2836	1.227044e+02
2837	1.219619e+02
2838	1.210629e+02
2839	1.200968e+02
2840	1.191733e+02
2841	1.181868e+02
2842	1.172535e+02
2843	1.162799e+02
2844	1.153614e+02
2845	1.144976e+02
2846	1.136699e+02
2847	1.129138e+02
2848	1.122041e+02
2849	1.116032e+02
2850	1.110613e+02
2851	1.105806e+02
2852	1.102319e+02
2853	1.099392e+02
2854	1.097587e+02
2855	1.096537e+02
2856	1.096632e+02
2857	1.097965e+02
2858	1.099168e+02
2859	1.101533e+02
2860	1.104303e+02
2861	1.107809e+02
2862	1.111704e+02
2863	1.115757e+02
2864	1.119876e+02
2865	1.124030e+02
2866	1.128656e+02
2867	1.133641e+02
2868	1.138715e+02
2869	1.142919e+02
2870	1.146461e+02
2871	1.150374e+02
2872	1.154018e+02
2873	1.157771e+02
2874	1.161223e+02
2875	1.163900e+02
2876	1.166008e+02
2877	1.168561e+02
2878	1.170568e+02
2879	1.172427e+02
2880	1.173897e+02
2881	1.175046e+02
2882	1.174565e+02
2883	1.172853e+02
2884	1.170578e+02
2885	1.167638e+02
2886	1.163824e+02
2887	1.160429e+02
2888	1.156988e+02
2889	1.153751e+02
2890	1.150764e+02
2891	1.147156e+02
2892	1.142202e+02
2893	1.137106e+02
2894	1.132014e+02
2895	1.127068e+02
2896	1.123073e+02
2897	1.118702e+02
2898	1.114879e+02
2899	1.111027e+02
2900	1.107171e+02
2901	1.103908e+02
2902	1.101102e+02
2903	1.099109e+02
2904	1.098372e+02
2905	1.098075e+02
2906	1.099104e+02
2907	1.100665e+02
2908	1.103482e+02
2909	1.106744e+02
2910	1.109935e+02
2911	1.113144e+02
2912	1.116189e+02
2913	1.118154e+02
2914	1.119884e+02
2915	1.122017e+02
2916	1.125341e+02
2917	1.128875e+02
2918	1.132257e+02
2919	1.135806e+02
2920	1.139822e+02
2921	1.145008e+02
2922	1.149727e+02
2923	1.154470e+02
2924	1.159366e+02
2925	1.164136e+02
2926	1.168827e+02
2927	1.173862e+02
2928	1.178664e+02
2929	1.183255e+02
2930	1.187986e+02
2931	1.192086e+02
2932	1.195906e+02
2933	1.198754e+02
2934	1.200718e+02
2935	1.202343e+02
2936	1.203424e+02
2937	1.203934e+02
2938	1.204277e+02
2939	1.204051e+02
2940	1.204031e+02
2941	1.203729e+02
2942	1.201740e+02
2943	1.198395e+02
2944	1.194853e+02
2945	1.191539e+02
2946	1.187915e+02
2947	1.184440e+02
2948	1.179819e+02
2949	1.175870e+02
2950	1.171741e+02
2951	1.167548e+02
2952	1.163332e+02
2953	1.160570e+02
2954	1.158798e+02
2955	1.157041e+02
2956	1.156196e+02
2957	1.155594e+02
2958	1.156328e+02
2959	1.158556e+02
2960	1.160583e+02
2961	1.161909e+02
2962	1.163345e+02
2963	1.165133e+02
2964	1.166532e+02
2965	1.169050e+02
2966	1.172598e+02
2967	1.176424e+02
2968	1.179493e+02
2969	1.182856e+02
2970	1.186372e+02
2971	1.189698e+02
2972	1.193641e+02
2973	1.197850e+02
2974	1.201750e+02
2975	1.206787e+02
2976	1.211010e+02
2977	1.215645e+02
2978	1.219470e+02
2979	1.223368e+02
2980	1.227226e+02
2981	1.230328e+02
2982	1.233520e+02
2983	1.235416e+02
2984	1.237024e+02
2985	1.238056e+02
2986	1.239302e+02
2987	1.240119e+02
2988	1.240704e+02
2989	1.240856e+02
2990	1.240249e+02
2991	1.239854e+02
2992	1.239958e+02
2993	1.240928e+02
2994	1.241866e+02
2995	1.243005e+02
2996	1.244542e+02
2997	1.246344e+02
2998	1.247576e+02
2999	1.247612e+02
3000	1.247420e+02
3001	1.247105e+02
3002	1.246885e+02
3003	1.247981e+02
3004	1.248550e+02
3005	1.249057e+02
3006	1.248281e+02
3007	1.247006e+02
3008	1.244380e+02
3009	1.241368e+02
3010	1.238767e+02
3011	1.236086e+02
3012	1.232597e+02
3013	1.228863e+02
3014	1.225487e+02
3015	1.222563e+02
3016	1.218825e+02
3017	1.214108e+02
3018	1.209452e+02
3019	1.205176e+02
3020	1.201364e+02
3021	1.197654e+02
3022	1.194371e+02
3023	1.190801e+02
3024	1.187206e+02
3025	1.184215e+02
3026	1.182032e+02
3027	1.179650e+02
3028	1.176995e+02
3029	1.174864e+02
3030	1.172358e+02
3031	1.170000e+02
3032	1.167308e+02
3033	1.164563e+02
3034	1.162386e+02
3035	1.160841e+02
3036	1.159930e+02
3037	1.159948e+02
3038	1.160333e+02
3039	1.161466e+02
3040	1.162829e+02
3041	1.164907e+02
3042	1.166465e+02
3043	1.169274e+02
3044	1.172500e+02
3045	1.175452e+02
3046	1.178928e+02
3047	1.182328e+02
3048	1.185206e+02
3049	1.187876e+02
3050	1.190348e+02
3051	1.192064e+02
3052	1.192828e+02
3053	1.193202e+02
3054	1.193831e+02
3055	1.194302e+02
3056	1.194346e+02
3057	1.194350e+02
3058	1.194675e+02
3059	1.194587e+02
3060	1.195428e+02
3061	1.194622e+02
3062	1.193943e+02
3063	1.192327e+02
3064	1.191415e+02
3065	1.191464e+02
3066	1.191888e+02
3067	1.191852e+02
3068	1.192127e+02
3069	1.192475e+02
3070	1.191875e+02
3071	1.192013e+02
3072	1.191608e+02
3073	1.191246e+02
3074	1.191138e+02
3075	1.191108e+02
3076	1.190839e+02
3077	1.191008e+02
3078	1.191081e+02
3079	1.191228e+02
3080	1.191492e+02
3081	1.191157e+02
3082	1.190531e+02
3083	1.189904e+02
3084	1.189355e+02
3085	1.188619e+02
3086	1.187213e+02
3087	1.185610e+02
3088	1.185255e+02
3089	1.184670e+02
3090	1.183852e+02
3091	1.183324e+02
3092	1.183281e+02
3093	1.182665e+02
3094	1.181959e+02
3095	1.182018e+02
3096	1.183014e+02
3097	1.183469e+02
3098	1.184250e+02
3099	1.184756e+02
3100	1.185078e+02
3101	1.186452e+02
3102	1.187145e+02
3103	1.188091e+02
3104	1.189288e+02
3105	1.190358e+02
3106	1.190676e+02
3107	1.191308e+02
3108	1.192549e+02
3109	1.193901e+02
3110	1.194841e+02
3111	1.195794e+02
3112	1.196858e+02
3113	1.196683e+02
3114	1.196095e+02
3115	1.196214e+02
3116	1.196367e+02
3117	1.195747e+02
3118	1.194839e+02
3119	1.193200e+02
3120	1.191984e+02
3121	1.190167e+02
3122	1.190250e+02
3123	1.190453e+02
3124	1.190082e+02
3125	1.189638e+02
3126	1.189366e+02
3127	1.189793e+02
3128	1.190860e+02
3129	1.191965e+02
3130	1.192870e+02
3131	1.193693e+02
3132	1.195750e+02
3133	1.197219e+02
3134	1.199072e+02
3135	1.200364e+02
3136	1.201568e+02
3137	1.201894e+02
3138	1.201916e+02
3139	1.201583e+02
3140	1.201242e+02
3141	1.200371e+02
3142	1.198298e+02
3143	1.196467e+02
3144	1.193929e+02
3145	1.190670e+02
3146	1.186577e+02
3147	1.182108e+02
3148	1.177225e+02
3149	1.172181e+02
3150	1.165553e+02
3151	1.159144e+02
3152	1.152138e+02
3153	1.145369e+02
3154	1.138403e+02
3155	1.132446e+02
3156	1.126607e+02
3157	1.120897e+02
3158	1.115980e+02
3159	1.111661e+02
3160	1.106726e+02
3161	1.102107e+02
3162	1.097572e+02
3163	1.093128e+02
3164	1.088769e+02
3165	1.085250e+02
3166	1.082147e+02
3167	1.079394e+02
3168	1.077501e+02
3169	1.075743e+02
3170	1.074800e+02
3171	1.073550e+02
3172	1.072408e+02
3173	1.071947e+02
3174	1.071701e+02
3175	1.071311e+02
3176	1.072016e+02
3177	1.072325e+02
3178	1.073066e+02
3179	1.074797e+02
3180	1.077515e+02
3181	1.081452e+02
3182	1.086922e+02
3183	1.093855e+02
3184	1.101760e+02
3185	1.109914e+02
3186	1.118453e+02
3187	1.127254e+02
3188	1.136052e+02
3189	1.145109e+02
3190	1.153968e+02
3191	1.162629e+02
3192	1.171377e+02
3193	1.180867e+02
3194	1.190068e+02
3195	1.199390e+02
3196	1.208903e+02
3197	1.218271e+02
3198	1.226949e+02
3199	1.235419e+02
3200	1.243121e+02
3201	1.249952e+02
3202	1.257027e+02
3203	1.263977e+02
3204	1.270693e+02
3205	1.277676e+02
3206	1.284412e+02
3207	1.290044e+02
3208	1.294654e+02
3209	1.298586e+02
3210	1.302458e+02
3211	1.305975e+02
3212	1.308476e+02
3213	1.310278e+02
3214	1.311202e+02
3215	1.310884e+02
3216	1.309089e+02
3217	1.306025e+02
3218	1.302090e+02
3219	1.299138e+02
3220	1.295581e+02
3221	1.292220e+02
3222	1.288690e+02
3223	1.285119e+02
3224	1.280821e+02
3225	1.275776e+02
3226	1.270221e+02
3227	1.263669e+02
3228	1.256462e+02
3229	1.248906e+02
3230	1.241134e+02
3231	1.232857e+02
3232	1.224874e+02
3233	1.216685e+02
3234	1.207038e+02
3235	1.197123e+02
3236	1.186666e+02
3237	1.176112e+02
3238	1.165947e+02
3239	1.155964e+02
3240	1.146063e+02
3241	1.136605e+02
3242	1.128235e+02
3243	1.120849e+02
3244	1.113944e+02
3245	1.107093e+02
3246	1.101070e+02
3247	1.095123e+02
3248	1.089974e+02
3249	1.086906e+02
3250	1.084485e+02
3251	1.081999e+02
3252	1.080452e+02
3253	1.080304e+02
3254	1.080783e+02
3255	1.082318e+02
3256	1.084590e+02
3257	1.087170e+02
3258	1.090485e+02
3259	1.094508e+02
3260	1.098672e+02
3261	1.103040e+02
3262	1.107437e+02
3263	1.113189e+02
3264	1.119814e+02
3265	1.126873e+02
3266	1.133690e+02
3267	1.140700e+02
3268	1.148650e+02
3269	1.156779e+02
3270	1.165104e+02
3271	1.173672e+02
3272	1.181510e+02
3273	1.189519e+02
3274	1.198381e+02
3275	1.206485e+02
3276	1.213441e+02
3277	1.219294e+02
3278	1.223956e+02
3279	1.227911e+02
3280	1.231137e+02
3281	1.234382e+02
3282	1.237720e+02
3283	1.241653e+02
3284	1.244603e+02
3285	1.246340e+02
3286	1.247034e+02
3287	1.246290e+02
3288	1.244774e+02
3289	1.243098e+02
3290	1.240632e+02
3291	1.237869e+02
3292	1.234221e+02
3293	1.229527e+02
3294	1.223801e+02
3295	1.217470e+02
3296	1.210582e+02
3297	1.203675e+02
3298	1.195573e+02
3299	1.188071e+02
3300	1.180582e+02
3301	1.173060e+02
3302	1.165151e+02
3303	1.156869e+02
3304	1.148702e+02
3305	1.141094e+02
3306	1.133836e+02
3307	1.127220e+02
3308	1.120931e+02
3309	1.115341e+02
3310	1.109831e+02
3311	1.105278e+02
3312	1.101237e+02
3313	1.098457e+02
3314	1.096168e+02
3315	1.094323e+02
3316	1.092790e+02
3317	1.091349e+02
3318	1.090368e+02
3319	1.090597e+02
3320	1.091104e+02
3321	1.093541e+02
3322	1.096604e+02
3323	1.100341e+02
3324	1.103523e+02
3325	1.107568e+02
3326	1.110784e+02
3327	1.114507e+02
3328	1.118462e+02
3329	1.122014e+02
3330	1.125663e+02
3331	1.129857e+02
3332	1.133882e+02
3333	1.138111e+02
3334	1.141855e+02
3335	1.145429e+02
3336	1.148130e+02
3337	1.151377e+02
3338	1.155414e+02
3339	1.159371e+02
3340	1.163672e+02
3341	1.167460e+02
3342	1.171540e+02
3343	1.175117e+02
3344	1.178226e+02
3345	1.181287e+02
3346	1.184017e+02
3347	1.185419e+02
3348	1.186144e+02
3349	1.186957e+02
3350	1.187259e+02
3351	1.187002e+02
3352	1.186925e+02
3353	1.187229e+02
3354	1.188338e+02
3355	1.190069e+02
3356	1.192499e+02
3357	1.194133e+02
3358	1.194937e+02
3359	1.196337e+02
3360	1.196867e+02
3361	1.198076e+02
3362	1.198460e+02
3363	1.198661e+02
3364	1.198249e+02
3365	1.198051e+02
3366	1.197636e+02
3367	1.196614e+02
3368	1.195167e+02
3369	1.193763e+02
3370	1.192276e+02
3371	1.190106e+02
3372	1.187359e+02
3373	1.184026e+02
3374	1.180411e+02
3375	1.176653e+02
3376	1.172029e+02
3377	1.167797e+02
3378	1.163608e+02
3379	1.158894e+02
3380	1.153899e+02
3381	1.149352e+02
3382	1.144869e+02
3383	1.139757e+02
3384	1.135169e+02
3385	1.130378e+02
3386	1.126154e+02
3387	1.121548e+02
3388	1.117127e+02
3389	1.113267e+02
3390	1.108853e+02
3391	1.105172e+02
3392	1.101921e+02
3393	1.099871e+02
3394	1.097675e+02
3395	1.096157e+02
3396	1.094597e+02
3397	1.093128e+02
3398	1.092187e+02
3399	1.091394e+02
3400	1.091441e+02
3401	1.091751e+02
3402	1.092228e+02
3403	1.093731e+02
3404	1.096303e+02
3405	1.099121e+02
3406	1.101742e+02
3407	1.104485e+02
3408	1.107961e+02
3409	1.113207e+02
3410	1.118298e+02
3411	1.123696e+02
3412	1.130242e+02
3413	1.137371e+02
3414	1.143861e+02
3415	1.150929e+02
3416	1.158166e+02
3417	1.166284e+02
3418	1.173963e+02
3419	1.181889e+02
3420	1.189522e+02
3421	1.196238e+02
3422	1.203712e+02
3423	1.211594e+02
3424	1.220146e+02
3425	1.228920e+02
3426	1.237534e+02
3427	1.245795e+02
3428	1.253409e+02
3429	1.260166e+02
3430	1.266258e+02
3431	1.272146e+02
3432	1.277404e+02
3433	1.282695e+02
3434	1.288450e+02
3435	1.294410e+02
3436	1.299582e+02
3437	1.304234e+02
3438	1.308522e+02
3439	1.312288e+02
3440	1.315801e+02
3441	1.318457e+02
3442	1.320233e+02
3443	1.321713e+02
3444	1.323107e+02
3445	1.323270e+02
3446	1.322026e+02
3447	1.320505e+02
3448	1.317794e+02
3449	1.314976e+02
3450	1.312129e+02
3451	1.308941e+02
3452	1.305297e+02
3453	1.300575e+02
3454	1.295943e+02
3455	1.290929e+02
3456	1.285661e+02
3457	1.279531e+02
3458	1.272917e+02
3459	1.265730e+02
3460	1.257650e+02
3461	1.248600e+02
3462	1.239567e+02
3463	1.229993e+02
3464	1.220502e+02
3465	1.211369e+02
3466	1.202002e+02
3467	1.193895e+02
3468	1.186297e+02
3469	1.178826e+02
3470	1.171308e+02
3471	1.163669e+02
3472	1.155317e+02
3473	1.146406e+02
3474	1.138705e+02
3475	1.130834e+02
3476	1.122327e+02
3477	1.114489e+02
3478	1.107116e+02
3479	1.100224e+02
3480	1.093563e+02
3481	1.088027e+02
3482	1.083551e+02
3483	1.079403e+02
3484	1.075986e+02
3485	1.072926e+02
3486	1.070795e+02
3487	1.069469e+02
3488	1.069216e+02
3489	1.069783e+02
3490	1.071136e+02
3491	1.074147e+02
3492	1.077709e+02
3493	1.082591e+02
3494	1.087460e+02
3495	1.092863e+02
3496	1.098633e+02
3497	1.104759e+02
3498	1.111569e+02
3499	1.119422e+02
3500	1.128436e+02
3501	1.138806e+02
3502	1.149217e+02
3503	1.160116e+02
3504	1.170533e+02
3505	1.181175e+02
3506	1.192507e+02
3507	1.204367e+02
3508	1.216104e+02
3509	1.228395e+02
3510	1.240582e+02
3511	1.253052e+02
3512	1.265694e+02
3513	1.278551e+02
3514	1.292055e+02
3515	1.303542e+02
3516	1.315027e+02
3517	1.326018e+02
3518	1.335923e+02
3519	1.345344e+02
3520	1.354228e+02
3521	1.362433e+02
3522	1.369773e+02
3523	1.377251e+02
3524	1.384228e+02
3525	1.391577e+02
3526	1.398112e+02
3527	1.404475e+02
3528	1.410412e+02
3529	1.417022e+02
3530	1.422402e+02
3531	1.426993e+02
3532	1.431225e+02
3533	1.433812e+02
3534	1.436112e+02
3535	1.437327e+02
3536	1.438026e+02
3537	1.437191e+02
3538	1.436858e+02
3539	1.436016e+02
3540	1.435035e+02
3541	1.432983e+02
3542	1.430168e+02
3543	1.426845e+02
3544	1.422522e+02
3545	1.418113e+02
3546	1.412918e+02
3547	1.407497e+02
3548	1.402365e+02
3549	1.395903e+02
3550	1.389104e+02
3551	1.381709e+02
3552	1.374425e+02
3553	1.367251e+02
3554	1.358726e+02
3555	1.349281e+02
3556	1.339842e+02
3557	1.330237e+02
3558	1.320198e+02
3559	1.309846e+02
3560	1.299283e+02
3561	1.288115e+02
3562	1.277112e+02
3563	1.266048e+02
3564	1.253921e+02
3565	1.241740e+02
3566	1.228708e+02
3567	1.214124e+02
3568	1.199662e+02
3569	1.184969e+02
3570	1.170428e+02
3571	1.156813e+02
3572	1.145013e+02
3573	1.133601e+02
3574	1.122535e+02
3575	1.111235e+02
3576	1.100313e+02
3577	1.090103e+02
3578	1.080027e+02
3579	1.070648e+02
3580	1.061551e+02
3581	1.052269e+02
3582	1.043593e+02
3583	1.035127e+02
3584	1.027474e+02
3585	1.021236e+02
3586	1.017125e+02
3587	1.014715e+02
3588	1.013071e+02
3589	1.011942e+02
3590	1.011994e+02
3591	1.013616e+02
3592	1.015673e+02
3593	1.018590e+02
3594	1.022211e+02
3595	1.026616e+02
3596	1.032660e+02
3597	1.038836e+02
3598	1.045071e+02
3599	1.052145e+02
3600	1.060032e+02
3601	1.069773e+02
3602	1.080054e+02
3603	1.090709e+02
3604	1.100546e+02
3605	1.111066e+02
3606	1.121811e+02
3607	1.132455e+02
3608	1.142608e+02
3609	1.152669e+02
3610	1.161528e+02
3611	1.171185e+02
3612	1.179463e+02
3613	1.187431e+02
3614	1.194974e+02
3615	1.202455e+02
3616	1.209251e+02
3617	1.214749e+02
3618	1.220090e+02
3619	1.225016e+02
3620	1.228488e+02
3621	1.230987e+02
3622	1.232890e+02
3623	1.234948e+02
3624	1.236075e+02
3625	1.236506e+02
3626	1.237186e+02
3627	1.237267e+02
3628	1.237377e+02
3629	1.236445e+02
3630	1.235492e+02
3631	1.233930e+02
3632	1.231667e+02
3633	1.228574e+02
3634	1.224789e+02
3635	1.220613e+02
3636	1.216575e+02
3637	1.212483e+02
3638	1.208005e+02
3639	1.203055e+02
3640	1.198266e+02
3641	1.193604e+02
3642	1.189392e+02
3643	1.185856e+02
3644	1.183144e+02
3645	1.180524e+02
3646	1.177686e+02
3647	1.173381e+02
3648	1.168227e+02
3649	1.162614e+02
3650	1.156742e+02
3651	1.150783e+02
3652	1.145165e+02
3653	1.140464e+02
3654	1.135132e+02
3655	1.129474e+02
3656	1.124248e+02
3657	1.119242e+02
3658	1.114768e+02
3659	1.111193e+02
3660	1.107248e+02
3661	1.103967e+02
3662	1.100960e+02
3663	1.098718e+02
3664	1.096659e+02
3665	1.094625e+02
3666	1.092506e+02
3667	1.090641e+02
3668	1.089700e+02
3669	1.089255e+02
3670	1.088762e+02
3671	1.089780e+02
3672	1.090888e+02
3673	1.091587e+02
3674	1.092745e+02
3675	1.094589e+02
3676	1.096811e+02
3677	1.100267e+02
3678	1.104211e+02
3679	1.108374e+02
3680	1.112326e+02
3681	1.117367e+02
3682	1.121904e+02
3683	1.126223e+02
3684	1.130325e+02
3685	1.135502e+02
3686	1.141271e+02
3687	1.147564e+02
3688	1.153006e+02
3689	1.159298e+02
3690	1.165820e+02
3691	1.172657e+02
3692	1.179583e+02
3693	1.186097e+02
3694	1.192099e+02
3695	1.198419e+02
3696	1.204467e+02
3697	1.209750e+02
3698	1.214686e+02
3699	1.219364e+02
3700	1.223550e+02
3701	1.227733e+02
3702	1.231595e+02
3703	1.234218e+02
3704	1.236545e+02
3705	1.238416e+02
3706	1.239604e+02
3707	1.240805e+02
3708	1.241241e+02
3709	1.241697e+02
3710	1.241622e+02
3711	1.241269e+02
3712	1.240562e+02
3713	1.239883e+02
3714	1.238515e+02
3715	1.237041e+02
3716	1.234458e+02
3717	1.232030e+02
3718	1.229495e+02
3719	1.227134e+02
3720	1.224913e+02
3721	1.222633e+02
3722	1.219991e+02
3723	1.217697e+02
3724	1.216053e+02
3725	1.214167e+02
3726	1.212047e+02
3727	1.209590e+02
3728	1.207671e+02
3729	1.205888e+02
3730	1.205360e+02
3731	1.204471e+02
3732	1.203850e+02
3733	1.202804e+02
3734	1.200952e+02
3735	1.198790e+02
3736	1.196048e+02
3737	1.193700e+02
3738	1.191522e+02
3739	1.189267e+02
3740	1.187407e+02
3741	1.185222e+02
3742	1.183428e+02
3743	1.182026e+02
3744	1.180730e+02
3745	1.180180e+02
3746	1.179619e+02
3747	1.179770e+02
3748	1.180555e+02
3749	1.181260e+02
3750	1.181865e+02
3751	1.182818e+02
3752	1.184735e+02
3753	1.186723e+02
3754	1.189251e+02
3755	1.191419e+02
3756	1.194008e+02
3757	1.196737e+02
3758	1.199163e+02
3759	1.201131e+02
3760	1.202380e+02
3761	1.203990e+02
3762	1.205334e+02
3763	1.207592e+02
3764	1.210309e+02
3765	1.212006e+02
3766	1.213314e+02
3767	1.214343e+02
3768	1.215022e+02
3769	1.215221e+02
3770	1.215609e+02
3771	1.216709e+02
3772	1.217264e+02
3773	1.217867e+02
3774	1.218347e+02
3775	1.218066e+02
3776	1.218014e+02
3777	1.216428e+02
3778	1.214766e+02
3779	1.212681e+02
3780	1.210340e+02
3781	1.206749e+02
3782	1.202009e+02
3783	1.196742e+02
3784	1.190899e+02
3785	1.184807e+02
3786	1.178410e+02
3787	1.171818e+02
3788	1.165368e+02
3789	1.157143e+02
3790	1.149147e+02
3791	1.142548e+02
3792	1.135856e+02
3793	1.129716e+02
3794	1.123937e+02
3795	1.118071e+02
3796	1.112072e+02
3797	1.107054e+02
3798	1.102317e+02
3799	1.098725e+02
3800	1.095319e+02
3801	1.093509e+02
3802	1.092874e+02
3803	1.092536e+02
3804	1.092953e+02
3805	1.093205e+02
3806	1.094238e+02
3807	1.096057e+02
3808	1.098679e+02
3809	1.101350e+02
3810	1.104286e+02
3811	1.108494e+02
3812	1.113109e+02
3813	1.118998e+02
3814	1.125093e+02
3815	1.130978e+02
3816	1.138080e+02
3817	1.145717e+02
3818	1.153368e+02
3819	1.161449e+02
3820	1.170051e+02
3821	1.178571e+02
3822	1.186229e+02
3823	1.193321e+02
3824	1.200470e+02
3825	1.208344e+02
3826	1.216825e+02
3827	1.225045e+02
3828	1.233724e+02
3829	1.241568e+02
3830	1.249004e+02
3831	1.255947e+02
3832	1.262826e+02
3833	1.268629e+02
3834	1.273666e+02
3835	1.278032e+02
3836	1.283005e+02
3837	1.286218e+02
3838	1.288800e+02
3839	1.291214e+02
3840	1.292547e+02
3841	1.293066e+02
3842	1.293232e+02
3843	1.292811e+02
3844	1.291752e+02
3845	1.289766e+02
3846	1.286420e+02
3847	1.282893e+02
3848	1.279337e+02
3849	1.275096e+02
3850	1.269496e+02
3851	1.263426e+02
3852	1.257840e+02
3853	1.252459e+02
3854	1.246234e+02
3855	1.239394e+02
3856	1.232179e+02
3857	1.225261e+02
3858	1.217575e+02
3859	1.210209e+02
3860	1.201005e+02
3861	1.192204e+02
3862	1.184407e+02
3863	1.175647e+02
3864	1.166290e+02
3865	1.156020e+02
3866	1.144708e+02
3867	1.132980e+02
3868	1.121742e+02
3869	1.110909e+02
3870	1.099366e+02
3871	1.087572e+02
3872	1.076914e+02
3873	1.067366e+02
3874	1.058253e+02
3875	1.050256e+02
3876	1.043472e+02
3877	1.036669e+02
3878	1.031533e+02
3879	1.027088e+02
3880	1.023735e+02
3881	1.020910e+02
3882	1.019219e+02
3883	1.018473e+02
3884	1.019286e+02
3885	1.020895e+02
3886	1.023452e+02
3887	1.027282e+02
3888	1.031959e+02
3889	1.037894e+02
3890	1.044975e+02
3891	1.053822e+02
3892	1.063318e+02
3893	1.073576e+02
3894	1.083499e+02
3895	1.094075e+02
3896	1.105805e+02
3897	1.117328e+02
3898	1.129486e+02
3899	1.141285e+02
3900	1.152862e+02
3901	1.164592e+02
3902	1.176502e+02
3903	1.187957e+02
3904	1.198832e+02
3905	1.209276e+02
3906	1.218939e+02
3907	1.228811e+02
3908	1.238406e+02
3909	1.248329e+02
3910	1.257767e+02
3911	1.266710e+02
3912	1.275104e+02
3913	1.282639e+02
3914	1.289743e+02
3915	1.296506e+02
3916	1.302236e+02
3917	1.306573e+02
3918	1.310014e+02
3919	1.313075e+02
3920	1.315910e+02
3921	1.318009e+02
3922	1.319940e+02
3923	1.320969e+02
3924	1.319783e+02
3925	1.317731e+02
3926	1.314242e+02
3927	1.311324e+02
3928	1.307146e+02
3929	1.302266e+02
3930	1.296576e+02
3931	1.290445e+02
3932	1.283750e+02
3933	1.276529e+02
3934	1.268379e+02
3935	1.258814e+02
3936	1.249275e+02
3937	1.239069e+02
3938	1.227821e+02
3939	1.216886e+02
3940	1.205533e+02
3941	1.194196e+02
3942	1.183516e+02
3943	1.173468e+02
3944	1.164702e+02
3945	1.155857e+02
3946	1.147150e+02
3947	1.138699e+02
3948	1.130240e+02
3949	1.122213e+02
3950	1.114813e+02
3951	1.107284e+02
3952	1.100051e+02
3953	1.092836e+02
3954	1.086320e+02
3955	1.081531e+02
3956	1.077903e+02
3957	1.075260e+02
3958	1.073628e+02
3959	1.073099e+02
3960	1.073123e+02
3961	1.073381e+02
3962	1.074191e+02
3963	1.075387e+02
3964	1.078164e+02
3965	1.082112e+02
3966	1.086982e+02
3967	1.093026e+02
3968	1.098908e+02
3969	1.105527e+02
3970	1.113017e+02
3971	1.120989e+02
3972	1.129249e+02
3973	1.138072e+02
3974	1.146758e+02
3975	1.154596e+02
3976	1.162306e+02
3977	1.169934e+02
3978	1.177075e+02
3979	1.183419e+02
3980	1.189235e+02
3981	1.194838e+02
3982	1.200182e+02
3983	1.204686e+02
3984	1.208487e+02
3985	1.212167e+02
3986	1.215215e+02
3987	1.218026e+02
3988	1.220375e+02
3989	1.222919e+02
3990	1.225579e+02
3991	1.227803e+02
3992	1.229797e+02
3993	1.230829e+02
3994	1.231485e+02
3995	1.231947e+02
3996	1.231913e+02
3997	1.231342e+02
3998	1.230061e+02
3999	1.228943e+02
4000	1.227214e+02
4001	1.225587e+02
4002	1.224035e+02
4003	1.221098e+02
4004	1.217302e+02
4005	1.213220e+02
4006	1.210027e+02
4007	1.206831e+02
4008	1.203250e+02
4009	1.199544e+02
4010	1.195424e+02
4011	1.192900e+02
4012	1.190823e+02
4013	1.188142e+02
4014	1.184753e+02
4015	1.181505e+02
4016	1.178610e+02
4017	1.176007e+02
4018	1.172865e+02
4019	1.170022e+02
4020	1.167812e+02
4021	1.165245e+02
4022	1.163301e+02
4023	1.161871e+02
4024	1.160211e+02
4025	1.158303e+02
4026	1.157464e+02
4027	1.156549e+02
4028	1.156628e+02
4029	1.157150e+02
4030	1.158175e+02
4031	1.159778e+02
4032	1.160608e+02
4033	1.162634e+02
4034	1.164184e+02
4035	1.166136e+02
4036	1.168881e+02
4037	1.172398e+02
4038	1.175801e+02
4039	1.180023e+02
4040	1.184099e+02
4041	1.188564e+02
4042	1.193154e+02
4043	1.197302e+02
4044	1.201462e+02
4045	1.205815e+02
4046	1.210313e+02
4047	1.214461e+02
4048	1.217809e+02
4049	1.220968e+02
4050	1.222848e+02
4051	1.224434e+02
4052	1.226215e+02
4053	1.227717e+02
4054	1.229172e+02
4055	1.229499e+02
4056	1.229976e+02
4057	1.229003e+02
4058	1.227786e+02
4059	1.226478e+02
4060	1.225007e+02
4061	1.223775e+02
4062	1.222953e+02
4063	1.221843e+02
4064	1.220855e+02
4065	1.219970e+02
4066	1.218410e+02
4067	1.216693e+02
4068	1.214511e+02
4069	1.212081e+02
4070	1.209504e+02
4071	1.205822e+02
4072	1.201676e+02
4073	1.196861e+02
4074	1.191893e+02
4075	1.186072e+02
4076	1.180349e+02
4077	1.174512e+02
4078	1.168905e+02
4079	1.162660e+02
4080	1.157037e+02
4081	1.152158e+02
4082	1.146623e+02
4083	1.141322e+02
4084	1.136207e+02
4085	1.130933e+02
4086	1.125383e+02
4087	1.119596e+02
4088	1.114788e+02
4089	1.110640e+02
4090	1.106605e+02
4091	1.102368e+02
4092	1.098555e+02
4093	1.095384e+02
4094	1.092925e+02
4095	1.090069e+02
4096	1.087657e+02
4097	1.086143e+02
4098	1.085834e+02
4099	1.086758e+02
4100	1.089400e+02
4101	1.091811e+02
4102	1.096175e+02
4103	1.100746e+02
4104	1.105698e+02
4105	1.111213e+02
4106	1.117051e+02
4107	1.123527e+02
4108	1.130709e+02
4109	1.138940e+02
4110	1.147005e+02
4111	1.155986e+02
4112	1.165092e+02
4113	1.173309e+02
4114	1.181999e+02
4115	1.191199e+02
4116	1.200901e+02
4117	1.210271e+02
4118	1.218721e+02
4119	1.227608e+02
4120	1.236389e+02
4121	1.244709e+02
4122	1.251766e+02
4123	1.258565e+02
4124	1.264065e+02
4125	1.269024e+02
4126	1.274332e+02
4127	1.279643e+02
4128	1.283809e+02
4129	1.286827e+02
4130	1.290165e+02
4131	1.292855e+02
4132	1.293933e+02
4133	1.293963e+02
4134	1.293327e+02
4135	1.292017e+02
4136	1.289086e+02
4137	1.285115e+02
4138	1.281153e+02
4139	1.278320e+02
4140	1.274584e+02
4141	1.269410e+02
4142	1.263311e+02
4143	1.256058e+02
4144	1.248197e+02
4145	1.238329e+02
4146	1.229523e+02
4147	1.220773e+02
4148	1.212039e+02
4149	1.203297e+02
4150	1.194473e+02
4151	1.185821e+02
4152	1.176564e+02
4153	1.167094e+02
4154	1.158050e+02
4155	1.149198e+02
4156	1.139622e+02
4157	1.128946e+02
4158	1.118130e+02
4159	1.106844e+02
4160	1.095883e+02
4161	1.085428e+02
4162	1.075430e+02
4163	1.067199e+02
4164	1.059760e+02
4165	1.052965e+02
4166	1.046908e+02
4167	1.042193e+02
4168	1.038524e+02
4169	1.035227e+02
4170	1.032879e+02
4171	1.032338e+02
4172	1.032778e+02
4173	1.035622e+02
4174	1.038863e+02
4175	1.043148e+02
4176	1.048140e+02
4177	1.054480e+02
4178	1.061797e+02
4179	1.069322e+02
4180	1.077702e+02
4181	1.086570e+02
4182	1.095735e+02
4183	1.105138e+02
4184	1.114992e+02
4185	1.124607e+02
4186	1.134506e+02
4187	1.144175e+02
4188	1.153542e+02
4189	1.162606e+02
4190	1.171755e+02
4191	1.180848e+02
4192	1.189725e+02
4193	1.197888e+02
4194	1.205421e+02
4195	1.212660e+02
4196	1.219970e+02
4197	1.226421e+02
4198	1.232883e+02
4199	1.239215e+02
4200	1.245235e+02
4201	1.250755e+02
4202	1.255682e+02
4203	1.258797e+02
4204	1.262544e+02
4205	1.265371e+02
4206	1.267401e+02
4207	1.269042e+02
4208	1.269737e+02
4209	1.269386e+02
4210	1.268123e+02
4211	1.266059e+02
4212	1.263589e+02
4213	1.261273e+02
4214	1.258823e+02
4215	1.255316e+02
4216	1.252149e+02
4217	1.249067e+02
4218	1.245133e+02
4219	1.240887e+02
4220	1.236288e+02
4221	1.231965e+02
4222	1.227023e+02
4223	1.221926e+02
4224	1.216603e+02
4225	1.211253e+02
4226	1.206377e+02
4227	1.201886e+02
4228	1.197270e+02
4229	1.192503e+02
4230	1.187715e+02
4231	1.183345e+02
4232	1.179117e+02
4233	1.174930e+02
4234	1.170877e+02
4235	1.166401e+02
4236	1.161064e+02
4237	1.154790e+02
4238	1.149187e+02
4239	1.143830e+02
4240	1.138258e+02
4241	1.133306e+02
4242	1.127929e+02
4243	1.122749e+02
4244	1.118645e+02
4245	1.114433e+02
4246	1.110541e+02
4247	1.106322e+02
4248	1.102672e+02
4249	1.099093e+02
4250	1.096835e+02
4251	1.095500e+02
4252	1.094787e+02
4253	1.095336e+02
4254	1.096074e+02
4255	1.096234e+02
4256	1.097195e+02
4257	1.098193e+02
4258	1.099109e+02
4259	1.100049e+02
4260	1.101717e+02
4261	1.104022e+02
4262	1.105972e+02
4263	1.107821e+02
4264	1.109278e+02
4265	1.110571e+02
4266	1.111845e+02
4267	1.112626e+02
4268	1.113051e+02
4269	1.113909e+02
4270	1.114909e+02
4271	1.116031e+02
4272	1.117311e+02
4273	1.118108e+02
4274	1.119416e+02
4275	1.120671e+02
4276	1.122976e+02
4277	1.125270e+02
4278	1.127389e+02
4279	1.130239e+02
4280	1.133009e+02
4281	1.136345e+02
4282	1.139849e+02
4283	1.144508e+02
4284	1.149305e+02
4285	1.153754e+02
4286	1.158088e+02
4287	1.161074e+02
4288	1.164176e+02
4289	1.167592e+02
4290	1.170992e+02
4291	1.174167e+02
4292	1.176672e+02
4293	1.179103e+02
4294	1.182129e+02
4295	1.186103e+02
4296	1.189799e+02
4297	1.193523e+02
4298	1.196766e+02
4299	1.199402e+02
4300	1.201652e+02
4301	1.202855e+02
4302	1.204360e+02
4303	1.204944e+02
4304	1.205504e+02
4305	1.206095e+02
4306	1.208444e+02
4307	1.210236e+02
4308	1.211408e+02
4309	1.211970e+02
4310	1.211947e+02
4311	1.210819e+02
4312	1.209265e+02
4313	1.207783e+02
4314	1.205959e+02
4315	1.203747e+02
4316	1.201121e+02
4317	1.199572e+02
4318	1.198056e+02
4319	1.196838e+02
4320	1.195212e+02
4321	1.192882e+02
4322	1.190838e+02
4323	1.188613e+02
4324	1.187650e+02
4325	1.187471e+02
4326	1.187470e+02
4327	1.186845e+02
4328	1.186127e+02
4329	1.183850e+02
4330	1.181157e+02
4331	1.178725e+02
4332	1.176222e+02
4333	1.172660e+02
4334	1.168600e+02
4335	1.164647e+02
4336	1.160434e+02
4337	1.155966e+02
4338	1.151114e+02
4339	1.145550e+02
4340	1.139450e+02
4341	1.134032e+02
4342	1.128471e+02
4343	1.122021e+02
4344	1.114537e+02
4345	1.107297e+02
4346	1.101219e+02
4347	1.095827e+02
4348	1.090815e+02
4349	1.086445e+02
4350	1.082571e+02
4351	1.079551e+02
4352	1.077176e+02
4353	1.075777e+02
4354	1.074677e+02
4355	1.074310e+02
4356	1.075103e+02
4357	1.077123e+02
4358	1.080123e+02
4359	1.083498e+02
4360	1.087271e+02
4361	1.091208e+02
4362	1.094853e+02
4363	1.097890e+02
4364	1.101642e+02
4365	1.105211e+02
4366	1.109442e+02
4367	1.113308e+02
4368	1.117753e+02
4369	1.122786e+02
4370	1.128678e+02
4371	1.134854e+02
4372	1.141082e+02
4373	1.146990e+02
4374	1.153271e+02
4375	1.159785e+02
4376	1.164977e+02
4377	1.170972e+02
4378	1.177265e+02
4379	1.182630e+02
4380	1.187450e+02
4381	1.191733e+02
4382	1.194604e+02
4383	1.197331e+02
4384	1.199528e+02
4385	1.201201e+02
4386	1.202795e+02
4387	1.203837e+02
4388	1.204708e+02
4389	1.205728e+02
4390	1.205710e+02
4391	1.205436e+02
4392	1.204379e+02
4393	1.203134e+02
4394	1.201403e+02
4395	1.198631e+02
4396	1.195548e+02
4397	1.191631e+02
4398	1.187799e+02
4399	1.183065e+02
4400	1.178802e+02
4401	1.174237e+02
4402	1.170041e+02
4403	1.164911e+02
4404	1.159635e+02
4405	1.154309e+02
4406	1.149690e+02
4407	1.144959e+02
4408	1.140822e+02
4409	1.136604e+02
4410	1.132040e+02
4411	1.128221e+02
4412	1.124552e+02
4413	1.120502e+02
4414	1.116986e+02
4415	1.114850e+02
4416	1.113210e+02
4417	1.111673e+02
4418	1.109217e+02
4419	1.107085e+02
4420	1.104668e+02
4421	1.102502e+02
4422	1.101786e+02
4423	1.100018e+02
4424	1.098376e+02
4425	1.096727e+02
4426	1.095965e+02
4427	1.095961e+02
4428	1.095968e+02
4429	1.096769e+02
4430	1.098395e+02
4431	1.100714e+02
4432	1.103763e+02
4433	1.107971e+02
4434	1.112748e+02
4435	1.118380e+02
4436	1.124459e+02
4437	1.130984e+02
4438	1.138008e+02
4439	1.144356e+02
4440	1.150605e+02
4441	1.156618e+02
4442	1.161476e+02
4443	1.165942e+02
4444	1.169397e+02
4445	1.173594e+02
4446	1.178413e+02
4447	1.183314e+02
4448	1.187791e+02
4449	1.192180e+02
4450	1.196637e+02
4451	1.199948e+02
4452	1.202225e+02
4453	1.204370e+02
4454	1.205840e+02
4455	1.207500e+02
4456	1.209402e+02
4457	1.210294e+02
4458	1.209948e+02
4459	1.208846e+02
4460	1.208444e+02
4461	1.207536e+02
4462	1.206060e+02
4463	1.204741e+02
4464	1.203288e+02
4465	1.201086e+02
4466	1.198840e+02
4467	1.196449e+02
4468	1.194498e+02
4469	1.191782e+02
4470	1.189389e+02
4471	1.187086e+02
4472	1.185213e+02
4473	1.184012e+02
4474	1.182208e+02
4475	1.180746e+02
4476	1.179338e+02
4477	1.176847e+02
4478	1.174415e+02
4479	1.171737e+02
4480	1.168837e+02
4481	1.165431e+02
4482	1.161916e+02
4483	1.158072e+02
4484	1.154715e+02
4485	1.151117e+02
4486	1.147488e+02
4487	1.143985e+02
4488	1.140667e+02
4489	1.138017e+02
4490	1.136337e+02
4491	1.135229e+02
4492	1.134498e+02
4493	1.133066e+02
4494	1.131357e+02
4495	1.130196e+02
4496	1.129354e+02
4497	1.129553e+02
4498	1.130566e+02
4499	1.130894e+02
4500	1.131774e+02
4501	1.132159e+02
4502	1.133209e+02
4503	1.133988e+02
4504	1.134654e+02
4505	1.135701e+02
4506	1.137589e+02
4507	1.139243e+02
4508	1.141464e+02
4509	1.142895e+02
4510	1.144897e+02
4511	1.146921e+02
4512	1.149282e+02
4513	1.150600e+02
4514	1.151945e+02
4515	1.153556e+02
4516	1.154463e+02
4517	1.155032e+02
4518	1.154895e+02
4519	1.154870e+02
4520	1.154864e+02
4521	1.155496e+02
4522	1.156256e+02
4523	1.157506e+02
4524	1.158785e+02
4525	1.160419e+02
4526	1.161604e+02
4527	1.162688e+02
4528	1.165199e+02
4529	1.167798e+02
4530	1.169796e+02
4531	1.172572e+02
4532	1.175269e+02
4533	1.178111e+02
4534	1.180697e+02
4535	1.183189e+02
4536	1.186414e+02
4537	1.189552e+02
4538	1.193862e+02
4539	1.197137e+02
4540	1.200003e+02
4541	1.203421e+02
4542	1.206216e+02
4543	1.208611e+02
4544	1.211339e+02
4545	1.212879e+02
4546	1.214920e+02
4547	1.215419e+02
4548	1.215819e+02
4549	1.215974e+02
4550	1.216195e+02
4551	1.216468e+02
4552	1.218306e+02
4553	1.219277e+02
4554	1.220066e+02
4555	1.221741e+02
4556	1.223435e+02
4557	1.224654e+02
4558	1.225972e+02
4559	1.228099e+02
4560	1.229665e+02
4561	1.230404e+02
4562	1.230261e+02
4563	1.229798e+02
4564	1.229451e+02
4565	1.228524e+02
4566	1.227774e+02
4567	1.226542e+02
4568	1.226099e+02
4569	1.225685e+02
4570	1.225179e+02
4571	1.224105e+02
4572	1.223230e+02
4573	1.222369e+02
4574	1.221169e+02
4575	1.219815e+02
4576	1.218365e+02
4577	1.216191e+02
4578	1.213553e+02
4579	1.209961e+02
4580	1.206789e+02
4581	1.203269e+02
4582	1.199402e+02
4583	1.195328e+02
4584	1.191189e+02
4585	1.187601e+02
4586	1.183597e+02
4587	1.178888e+02
4588	1.173593e+02
4589	1.167595e+02
4590	1.161912e+02
4591	1.155698e+02
4592	1.149709e+02
4593	1.144027e+02
4594	1.137768e+02
4595	1.131272e+02
4596	1.123039e+02
4597	1.116198e+02
4598	1.109442e+02
4599	1.102927e+02
4600	1.097600e+02
4601	1.093192e+02
4602	1.089515e+02
4603	1.085961e+02
4604	1.082874e+02
4605	1.080049e+02
4606	1.077830e+02
4607	1.076263e+02
4608	1.075323e+02
4609	1.074439e+02
4610	1.074446e+02
4611	1.074603e+02
4612	1.074866e+02
4613	1.075604e+02
4614	1.076208e+02
4615	1.077238e+02
4616	1.078773e+02
4617	1.081366e+02
4618	1.084841e+02
4619	1.089481e+02
4620	1.094772e+02
4621	1.100240e+02
4622	1.105491e+02
4623	1.110175e+02
4624	1.114603e+02
4625	1.119733e+02
4626	1.124210e+02
4627	1.128513e+02
4628	1.132563e+02
4629	1.136681e+02
4630	1.140475e+02
4631	1.144113e+02
4632	1.146703e+02
4633	1.148591e+02
4634	1.149237e+02
4635	1.148909e+02
4636	1.148836e+02
4637	1.148638e+02
4638	1.148684e+02
4639	1.148330e+02
4640	1.147566e+02
4641	1.146491e+02
4642	1.143908e+02
4643	1.141287e+02
4644	1.139235e+02
4645	1.136776e+02
4646	1.134502e+02
4647	1.131813e+02
4648	1.130404e+02
4649	1.129711e+02
4650	1.128684e+02
4651	1.127754e+02
4652	1.125945e+02
4653	1.125268e+02
4654	1.124558e+02
4655	1.123908e+02
4656	1.123516e+02
4657	1.123700e+02
4658	1.123820e+02
4659	1.124358e+02
4660	1.124969e+02
4661	1.125570e+02
4662	1.126304e+02
4663	1.126964e+02
4664	1.128982e+02
4665	1.131153e+02
4666	1.133953e+02
4667	1.136278e+02
4668	1.138181e+02
4669	1.139810e+02
4670	1.142133e+02
4671	1.145866e+02
4672	1.149983e+02
4673	1.155124e+02
4674	1.160485e+02
4675	1.166473e+02
4676	1.172802e+02
4677	1.179103e+02
4678	1.185189e+02
4679	1.191271e+02
4680	1.197133e+02
4681	1.202305e+02
4682	1.207036e+02
4683	1.211130e+02
4684	1.215195e+02
4685	1.218891e+02
4686	1.220934e+02
4687	1.223068e+02
4688	1.224641e+02
4689	1.225585e+02
4690	1.226128e+02
4691	1.225947e+02
4692	1.224955e+02
4693	1.223340e+02
4694	1.221743e+02
4695	1.219425e+02
4696	1.216256e+02
4697	1.212129e+02
4698	1.207164e+02
4699	1.201720e+02
4700	1.196759e+02
4701	1.190815e+02
4702	1.184315e+02
4703	1.177616e+02
4704	1.170181e+02
4705	1.161887e+02
4706	1.153117e+02
4707	1.143421e+02
4708	1.134439e+02
4709	1.125414e+02
4710	1.115690e+02
4711	1.106338e+02
4712	1.098233e+02
4713	1.090030e+02
4714	1.082364e+02
4715	1.075496e+02
4716	1.069554e+02
4717	1.063558e+02
4718	1.057556e+02
4719	1.052020e+02
4720	1.046608e+02
4721	1.042167e+02
4722	1.038417e+02
4723	1.035662e+02
4724	1.034129e+02
4725	1.033330e+02
4726	1.033314e+02
4727	1.034096e+02
4728	1.036178e+02
4729	1.038733e+02
4730	1.042020e+02
4731	1.046129e+02
4732	1.050858e+02
4733	1.056750e+02
4734	1.062308e+02
4735	1.068673e+02
4736	1.074175e+02
4737	1.080680e+02
4738	1.086381e+02
4739	1.093318e+02
4740	1.099896e+02
4741	1.107017e+02
4742	1.113786e+02
4743	1.120282e+02
4744	1.126408e+02
4745	1.132409e+02
4746	1.138060e+02
4747	1.143219e+02
4748	1.148037e+02
4749	1.153057e+02
4750	1.158043e+02
4751	1.161801e+02
4752	1.165454e+02
4753	1.167431e+02
4754	1.169438e+02
4755	1.171208e+02
4756	1.172111e+02
4757	1.172543e+02
4758	1.171963e+02
4759	1.170825e+02
4760	1.168659e+02
4761	1.165945e+02
4762	1.163232e+02
4763	1.160634e+02
4764	1.157314e+02
4765	1.153427e+02
4766	1.148317e+02
4767	1.142652e+02
4768	1.136551e+02
4769	1.130681e+02
4770	1.124452e+02
4771	1.117786e+02
4772	1.111552e+02
4773	1.105643e+02
4774	1.100455e+02
4775	1.095837e+02
4776	1.091317e+02
4777	1.087183e+02
4778	1.082830e+02
4779	1.078034e+02
4780	1.072665e+02
4781	1.067326e+02
4782	1.063137e+02
4783	1.059272e+02
4784	1.056124e+02
4785	1.053723e+02
4786	1.051323e+02
4787	1.049510e+02
4788	1.047955e+02
4789	1.047682e+02
4790	1.048276e+02
4791	1.049861e+02
4792	1.052035e+02
4793	1.054306e+02
4794	1.056714e+02
4795	1.059262e+02
4796	1.062672e+02
4797	1.066434e+02
4798	1.070301e+02
4799	1.074275e+02
4800	1.078803e+02
4801	1.084137e+02
4802	1.089588e+02
4803	1.095855e+02
4804	1.102492e+02
4805	1.109315e+02
4806	1.116855e+02
4807	1.124270e+02
4808	1.131500e+02
4809	1.138850e+02
4810	1.146058e+02
4811	1.152185e+02
4812	1.158962e+02
4813	1.164873e+02
4814	1.170493e+02
4815	1.175673e+02
4816	1.180681e+02
4817	1.184483e+02
4818	1.188403e+02
4819	1.191591e+02
4820	1.194403e+02
4821	1.196825e+02
4822	1.198895e+02
4823	1.199670e+02
4824	1.199757e+02
4825	1.199207e+02
4826	1.198378e+02
4827	1.196571e+02
4828	1.193141e+02
4829	1.189557e+02
4830	1.185299e+02
4831	1.179772e+02
4832	1.173943e+02
4833	1.167652e+02
4834	1.161633e+02
4835	1.155424e+02
4836	1.149565e+02
4837	1.144279e+02
4838	1.138537e+02
4839	1.132133e+02
4840	1.126383e+02
4841	1.120345e+02
4842	1.115217e+02
4843	1.110051e+02
4844	1.104822e+02
4845	1.099905e+02
4846	1.096245e+02
4847	1.092308e+02
4848	1.088464e+02
4849	1.085296e+02
4850	1.082897e+02
4851	1.080018e+02
4852	1.076794e+02
4853	1.074141e+02
4854	1.071559e+02
4855	1.069920e+02
4856	1.068887e+02
4857	1.068095e+02
4858	1.067973e+02
4859	1.068533e+02
4860	1.069699e+02
4861	1.071869e+02
4862	1.074773e+02
4863	1.078570e+02
4864	1.083165e+02
4865	1.087992e+02
4866	1.093976e+02
4867	1.100425e+02
4868	1.107829e+02
4869	1.116035e+02
4870	1.123253e+02
4871	1.129949e+02
4872	1.137319e+02
4873	1.145072e+02
4874	1.152347e+02
4875	1.159739e+02
4876	1.167860e+02
4877	1.175987e+02
4878	1.184209e+02
4879	1.191994e+02
4880	1.199309e+02
4881	1.206071e+02
4882	1.211542e+02
4883	1.216489e+02
4884	1.220414e+02
4885	1.223652e+02
4886	1.226844e+02
4887	1.229202e+02
4888	1.230770e+02
4889	1.231956e+02
4890	1.233022e+02
4891	1.234091e+02
4892	1.234626e+02
4893	1.234500e+02
4894	1.233810e+02
4895	1.233031e+02
4896	1.232035e+02
4897	1.229901e+02
4898	1.227514e+02
4899	1.223948e+02
4900	1.219209e+02
4901	1.214776e+02
4902	1.210120e+02
4903	1.205942e+02
4904	1.200556e+02
4905	1.195466e+02
4906	1.190966e+02
4907	1.185757e+02
4908	1.180179e+02
4909	1.174246e+02
4910	1.167533e+02
4911	1.160613e+02
4912	1.152938e+02
4913	1.145700e+02
4914	1.137649e+02
4915	1.129289e+02
4916	1.120084e+02
4917	1.111611e+02
4918	1.102968e+02
4919	1.094748e+02
4920	1.087279e+02
4921	1.080837e+02
4922	1.074935e+02
4923	1.069765e+02
4924	1.064860e+02
4925	1.060453e+02
4926	1.057187e+02
4927	1.054884e+02
4928	1.053888e+02
4929	1.054815e+02
4930	1.056813e+02
4931	1.059834e+02
4932	1.064177e+02
4933	1.069087e+02
4934	1.074904e+02
4935	1.080914e+02
4936	1.087258e+02
4937	1.093853e+02
4938	1.100517e+02
4939	1.107494e+02
4940	1.114629e+02
4941	1.122199e+02
4942	1.129993e+02
4943	1.137507e+02
4944	1.144415e+02
4945	1.150511e+02
4946	1.157314e+02
4947	1.164327e+02
4948	1.170951e+02
4949	1.177585e+02
4950	1.184276e+02
4951	1.190196e+02
4952	1.195693e+02
4953	1.200399e+02
4954	1.204142e+02
4955	1.206354e+02
4956	1.209119e+02
4957	1.212052e+02
4958	1.214786e+02
4959	1.217316e+02
4960	1.220281e+02
4961	1.222898e+02
4962	1.225170e+02
4963	1.226935e+02
4964	1.228453e+02
4965	1.229400e+02
4966	1.229770e+02
4967	1.229612e+02
4968	1.228800e+02
4969	1.228249e+02
4970	1.227200e+02
4971	1.226663e+02
4972	1.226695e+02
4973	1.226859e+02
4974	1.227459e+02
4975	1.227894e+02
4976	1.227627e+02
4977	1.226841e+02
4978	1.225701e+02
4979	1.224192e+02
4980	1.222905e+02
4981	1.221444e+02
4982	1.219533e+02
4983	1.217779e+02
4984	1.215768e+02
4985	1.212949e+02
4986	1.209381e+02
4987	1.205526e+02
4988	1.201194e+02
4989	1.196772e+02
4990	1.193109e+02
4991	1.189767e+02
4992	1.186289e+02
4993	1.182590e+02
4994	1.179834e+02
4995	1.177658e+02
4996	1.175864e+02
4997	1.173207e+02
4998	1.170876e+02
4999	1.168799e+02
