# Step	Measurement
1	1.129195e+02
2	1.129537e+02
3	1.129539e+02
4	1.129148e+02
5	1.128438e+02
6	1.127634e+02
7	1.127144e+02
8	1.125935e+02
9	1.124596e+02
10	1.122584e+02
11	1.121132e+02
12	1.120490e+02
13	1.119649e+02
14	1.119643e+02
15	1.120069e+02
16	1.119783e+02
17	1.119258e+02
18	1.119362e+02
19	1.119831e+02
20	1.121211e+02
21	1.122215e+02
22	1.122609e+02
23	1.123310e+02
24	1.124146e+02
25	1.124254e+02
26	1.123002e+02
27	1.121607e+02
28	1.119869e+02
29	1.119076e+02
30	1.118112e+02
31	1.116850e+02
32	1.116044e+02
33	1.115847e+02
34	1.115540e+02
35	1.115166e+02
36	1.114132e+02
37	1.112265e+02
38	1.110506e+02
39	1.109338e+02
40	1.108755e+02
41	1.108038e+02
42	1.107414e+02
43	1.107704e+02
44	1.107275e+02
45	1.107311e+02
46	1.107505e+02
47	1.107624e+02
48	1.107923e+02
49	1.108430e+02
50	1.108674e+02
51	1.109078e+02
52	1.109378e+02
53	1.110459e+02
54	1.111550e+02
55	1.113636e+02
56	1.114885e+02
57	1.116770e+02
58	1.118612e+02
59	1.120475e+02
60	1.121445e+02
61	1.122984e+02
62	1.124879e+02
63	1.126260e+02
64	1.127653e+02
65	1.129033e+02
66	1.130149e+02
67	1.131485e+02
68	1.132489e+02
69	1.132995e+02
70	1.134136e+02
71	1.136011e+02
72	1.137526e+02
73	1.138785e+02
74	1.141026e+02
75	1.143559e+02
76	1.145905e+02
77	1.148872e+02
78	1.152726e+02
79	1.156094e+02
80	1.160321e+02
81	1.164000e+02
82	1.167435e+02
83	1.170963e+02
84	1.173847e+02
85	1.175898e+02
86	1.177607e+02
87	1.178904e+02
88	1.180963e+02
89	1.181995e+02
90	1.182444e+02
91	1.182106e+02
92	1.181373e+02
93	1.180386e+02
94	1.179000e+02
95	1.176845e+02
96	1.175087e+02
97	1.174069e+02
98	1.172967e+02
99	1.171054e+02
100	1.168913e+02
101	1.167296e+02
102	1.165454e+02
103	1.164268e+02
104	1.162551e+02
105	1.160773e+02
106	1.159270e+02
107	1.158106e+02
108	1.157161e+02
109	1.156101e+02
110	1.154827e+02
111	1.154644e+02
112	1.154072e+02
113	1.153649e+02
114	1.152580e+02
115	1.152298e+02
116	1.152427e+02
117	1.152429e+02
118	1.151970e+02
119	1.151163e+02
120	1.150615e+02
121	1.149960e+02
122	1.148340e+02
123	1.146771e+02
124	1.145481e+02
125	1.145545e+02
126	1.145338e+02
127	1.145316e+02
128	1.144999e+02
129	1.143895e+02
130	1.142623e+02
131	1.141013e+02
132	1.139464e+02
133	1.138454e+02
134	1.136981e+02
135	1.135178e+02
136	1.133846e+02
137	1.132183e+02
138	1.129845e+02
139	1.127423e+02
140	1.125194e+02
141	1.122100e+02
142	1.118785e+02
143	1.115908e+02
144	1.113288e+02
145	1.110418e+02
146	1.107737e+02
147	1.105011e+02
148	1.102407e+02
149	1.099657e+02
150	1.097092e+02
151	1.094854e+02
152	1.092584e+02
153	1.091247e+02
154	1.089304e+02
155	1.086902e+02
156	1.084645e+02
157	1.082565e+02
158	1.081460e+02
159	1.080247e+02
160	1.079094e+02
161	1.078886e+02
162	1.078913e+02
163	1.079469e+02
164	1.080171e+02
165	1.080499e+02
166	1.081499e+02
167	1.082240e+02
168	1.084175e+02
169	1.086503e+02
170	1.088756e+02
171	1.090734e+02
172	1.093206e+02
173	1.095826e+02
174	1.098388e+02
175	1.101637e+02
176	1.104810e+02
177	1.108118e+02
178	1.111298e+02
179	1.114104e+02
180	1.116981e+02
181	1.119305e+02
182	1.120876e+02
183	1.122191e+02
184	1.122897e+02
185	1.123866e+02
186	1.124170e+02
187	1.125111e+02
188	1.125679e+02
189	1.124970e+02
190	1.124329e+02
191	1.123637e+02
192	1.123334e+02
193	1.122421e+02
194	1.121932e+02
195	1.121706e+02
196	1.121348e+02
197	1.120443e+02
198	1.119978e+02
199	1.118860e+02
200	1.117568e+02
201	1.115227e+02
202	1.112438e+02
203	1.109560e+02
204	1.106968e+02
205	1.105541e+02
206	1.103711e+02
207	1.102622e+02
208	1.101156e+02
209	1.100509e+02
210	1.100320e+02
211	1.099922e+02
212	1.100481e+02
213	1.101622e+02
214	1.103425e+02
215	1.105263e+02
216	1.107021e+02
217	1.109074e+02
218	1.111416e+02
219	1.113697e+02
220	1.116124e+02
221	1.118549e+02
222	1.121342e+02
223	1.124505e+02
224	1.127135e+02
225	1.130343e+02
226	1.133512e+02
227	1.136412e+02
228	1.139297e+02
229	1.142800e+02
230	1.146175e+02
231	1.149549e+02
232	1.152869e+02
233	1.156059e+02
234	1.159790e+02
235	1.162509e+02
236	1.164933e+02
237	1.166981e+02
238	1.168070e+02
239	1.169583e+02
240	1.170394e+02
241	1.170378e+02
242	1.170235e+02
243	1.169350e+02
244	1.168088e+02
245	1.166301e+02
246	1.164468e+02
247	1.162369e+02
248	1.160442e+02
249	1.158632e+02
250	1.156866e+02
251	1.154295e+02
252	1.151198e+02
253	1.149112e+02
254	1.146651e+02
255	1.144902e+02
256	1.144164e+02
257	1.142581e+02
258	1.141678e+02
259	1.140873e+02
260	1.139683e+02
261	1.139396e+02
262	1.139559e+02
263	1.139252e+02
264	1.139469e+02
265	1.139996e+02
266	1.140399e+02
267	1.140793e+02
268	1.140584e+02
269	1.140445e+02
270	1.140452e+02
271	1.140507e+02
272	1.141128e+02
273	1.141683e+02
274	1.142775e+02
275	1.143514e+02
276	1.144728e+02
277	1.145999e+02
278	1.147513e+02
279	1.148632e+02
280	1.149754e+02
281	1.151243e+02
282	1.153376e+02
283	1.155679e+02
284	1.156964e+02
285	1.158160e+02
286	1.158747e+02
287	1.159046e+02
288	1.159973e+02
289	1.161374e+02
290	1.162110e+02
291	1.163187e+02
292	1.164332e+02
293	1.165917e+02
294	1.166989e+02
295	1.168322e+02
296	1.169138e+02
297	1.169828e+02
298	1.170509e+02
299	1.170997e+02
300	1.171204e+02
301	1.171110e+02
302	1.169760e+02
303	1.168255e+02
304	1.167457e+02
305	1.167138e+02
306	1.166547e+02
307	1.164908e+02
308	1.163029e+02
309	1.160822e+02
310	1.158050e+02
311	1.155637e+02
312	1.152640e+02
313	1.149805e+02
314	1.147909e+02
315	1.146297e+02
316	1.144678e+02
317	1.143678e+02
318	1.142466e+02
319	1.141577e+02
320	1.141079e+02
321	1.140614e+02
322	1.140102e+02
323	1.139973e+02
324	1.140369e+02
325	1.141754e+02
326	1.142599e+02
327	1.143436e+02
328	1.144068e+02
329	1.144317e+02
330	1.145150e+02
331	1.145525e+02
332	1.145930e+02
333	1.146597e+02
334	1.147473e+02
335	1.148461e+02
336	1.149289e+02
337	1.150126e+02
338	1.150714e+02
339	1.151165e+02
340	1.151866e+02
341	1.153721e+02
342	1.156035e+02
343	1.158055e+02
344	1.159794e+02
345	1.161135e+02
346	1.161297e+02
347	1.161177e+02
348	1.161265e+02
349	1.160969e+02
350	1.159322e+02
351	1.157416e+02
352	1.155121e+02
353	1.152476e+02
354	1.149324e+02
355	1.145621e+02
356	1.142173e+02
357	1.137851e+02
358	1.133348e+02
359	1.129260e+02
360	1.124667e+02
361	1.119942e+02
362	1.115112e+02
363	1.110003e+02
364	1.105008e+02
365	1.099446e+02
366	1.093286e+02
367	1.087488e+02
368	1.081931e+02
369	1.077178e+02
370	1.073246e+02
371	1.069126e+02
372	1.065529e+02
373	1.062519e+02
374	1.060500e+02
375	1.058598e+02
376	1.057222e+02
377	1.056096e+02
378	1.055654e+02
379	1.056037e+02
380	1.056708e+02
381	1.058480e+02
382	1.061255e+02
383	1.064288e+02
384	1.068699e+02
385	1.074722e+02
386	1.082147e+02
387	1.090829e+02
388	1.100410e+02
389	1.110423e+02
390	1.121402e+02
391	1.133137e+02
392	1.145278e+02
393	1.157110e+02
394	1.167997e+02
395	1.179383e+02
396	1.190024e+02
397	1.200127e+02
398	1.209360e+02
399	1.218628e+02
400	1.227195e+02
401	1.235683e+02
402	1.243830e+02
403	1.251599e+02
404	1.259461e+02
405	1.266575e+02
406	1.273576e+02
407	1.279812e+02
408	1.285675e+02
409	1.290126e+02
410	1.293559e+02
411	1.295577e+02
412	1.296045e+02
413	1.296398e+02
414	1.295256e+02
415	1.292594e+02
416	1.289148e+02
417	1.285279e+02
418	1.281184e+02
419	1.275329e+02
420	1.269057e+02
421	1.261840e+02
422	1.253640e+02
423	1.244968e+02
424	1.235935e+02
425	1.226888e+02
426	1.217358e+02
427	1.207602e+02
428	1.197447e+02
429	1.187002e+02
430	1.176327e+02
431	1.164936e+02
432	1.153760e+02
433	1.143596e+02
434	1.134645e+02
435	1.125964e+02
436	1.117159e+02
437	1.109408e+02
438	1.103187e+02
439	1.097036e+02
440	1.091497e+02
441	1.086930e+02
442	1.083744e+02
443	1.081672e+02
444	1.080060e+02
445	1.079757e+02
446	1.080153e+02
447	1.081081e+02
448	1.083181e+02
449	1.086014e+02
450	1.089229e+02
451	1.093196e+02
452	1.097912e+02
453	1.104071e+02
454	1.109911e+02
455	1.115653e+02
456	1.121095e+02
457	1.125855e+02
458	1.130167e+02
459	1.133595e+02
460	1.136676e+02
461	1.139636e+02
462	1.141981e+02
463	1.144323e+02
464	1.147103e+02
465	1.149126e+02
466	1.150984e+02
467	1.153152e+02
468	1.155403e+02
469	1.157790e+02
470	1.159420e+02
471	1.159996e+02
472	1.161433e+02
473	1.162131e+02
474	1.162721e+02
475	1.162547e+02
476	1.162325e+02
477	1.161703e+02
478	1.161504e+02
479	1.161297e+02
480	1.160358e+02
481	1.159333e+02
482	1.158789e+02
483	1.158909e+02
484	1.159721e+02
485	1.161215e+02
486	1.163412e+02
487	1.166655e+02
488	1.170559e+02
489	1.174860e+02
490	1.179637e+02
491	1.184723e+02
492	1.190489e+02
493	1.197028e+02
494	1.203893e+02
495	1.209933e+02
496	1.216978e+02
497	1.224295e+02
498	1.231046e+02
499	1.237896e+02
500	1.243992e+02
501	1.248799e+02
502	1.253246e+02
503	1.257788e+02
504	1.262183e+02
505	1.265745e+02
506	1.268662e+02
507	1.270472e+02
508	1.272009e+02
509	1.273153e+02
510	1.273013e+02
511	1.272103e+02
512	1.270592e+02
513	1.268298e+02
514	1.264900e+02
515	1.259788e+02
516	1.252048e+02
517	1.243174e+02
518	1.233265e+02
519	1.222349e+02
520	1.210151e+02
521	1.197506e+02
522	1.185002e+02
523	1.172293e+02
524	1.159570e+02
525	1.146558e+02
526	1.135422e+02
527	1.124740e+02
528	1.114591e+02
529	1.104732e+02
530	1.094927e+02
531	1.085285e+02
532	1.076210e+02
533	1.067822e+02
534	1.059705e+02
535	1.051883e+02
536	1.045268e+02
537	1.039576e+02
538	1.035384e+02
539	1.033084e+02
540	1.032183e+02
541	1.032394e+02
542	1.033738e+02
543	1.034624e+02
544	1.036180e+02
545	1.039293e+02
546	1.043667e+02
547	1.048348e+02
548	1.053253e+02
549	1.057975e+02
550	1.063532e+02
551	1.069775e+02
552	1.076890e+02
553	1.084813e+02
554	1.093523e+02
555	1.102586e+02
556	1.111575e+02
557	1.120480e+02
558	1.128828e+02
559	1.136025e+02
560	1.143290e+02
561	1.149808e+02
562	1.155460e+02
563	1.159344e+02
564	1.161785e+02
565	1.163410e+02
566	1.163420e+02
567	1.161928e+02
568	1.160571e+02
569	1.157961e+02
570	1.155022e+02
571	1.152464e+02
572	1.149876e+02
573	1.146238e+02
574	1.142864e+02
575	1.138762e+02
576	1.134595e+02
577	1.130902e+02
578	1.126924e+02
579	1.123061e+02
580	1.118710e+02
581	1.114814e+02
582	1.111099e+02
583	1.107631e+02
584	1.104554e+02
585	1.101955e+02
586	1.099423e+02
587	1.097269e+02
588	1.095694e+02
589	1.094662e+02
590	1.094421e+02
591	1.095190e+02
592	1.096964e+02
593	1.099737e+02
594	1.102733e+02
595	1.106759e+02
596	1.111020e+02
597	1.116045e+02
598	1.121440e+02
599	1.127704e+02
600	1.134328e+02
601	1.141810e+02
602	1.149481e+02
603	1.157247e+02
604	1.164588e+02
605	1.171601e+02
606	1.178132e+02
607	1.184363e+02
608	1.189867e+02
609	1.195423e+02
610	1.200320e+02
611	1.205176e+02
612	1.209502e+02
613	1.213327e+02
614	1.215747e+02
615	1.217416e+02
616	1.218083e+02
617	1.217909e+02
618	1.217507e+02
619	1.216286e+02
620	1.214154e+02
621	1.210495e+02
622	1.206138e+02
623	1.201045e+02
624	1.194971e+02
625	1.188006e+02
626	1.180466e+02
627	1.172733e+02
628	1.164553e+02
629	1.155396e+02
630	1.146454e+02
631	1.137651e+02
632	1.129356e+02
633	1.122299e+02
634	1.115905e+02
635	1.111275e+02
636	1.107299e+02
637	1.103416e+02
638	1.099802e+02
639	1.096624e+02
640	1.094400e+02
641	1.092746e+02
642	1.092345e+02
643	1.093369e+02
644	1.095559e+02
645	1.098305e+02
646	1.101285e+02
647	1.105686e+02
648	1.110739e+02
649	1.116528e+02
650	1.122388e+02
651	1.129493e+02
652	1.138093e+02
653	1.147025e+02
654	1.155931e+02
655	1.164791e+02
656	1.173353e+02
657	1.182634e+02
658	1.191431e+02
659	1.200242e+02
660	1.208539e+02
661	1.216256e+02
662	1.223505e+02
663	1.230730e+02
664	1.237346e+02
665	1.242845e+02
666	1.247384e+02
667	1.250954e+02
668	1.252614e+02
669	1.253297e+02
670	1.252493e+02
671	1.250717e+02
672	1.248124e+02
673	1.244855e+02
674	1.240952e+02
675	1.236619e+02
676	1.232281e+02
677	1.227308e+02
678	1.221942e+02
679	1.215598e+02
680	1.209951e+02
681	1.204195e+02
682	1.198542e+02
683	1.193447e+02
684	1.188566e+02
685	1.183596e+02
686	1.178818e+02
687	1.173381e+02
688	1.168916e+02
689	1.164268e+02
690	1.160167e+02
691	1.155407e+02
692	1.150302e+02
693	1.146452e+02
694	1.143230e+02
695	1.140284e+02
696	1.137299e+02
697	1.134387e+02
698	1.131751e+02
699	1.129999e+02
700	1.128514e+02
701	1.127220e+02
702	1.126400e+02
703	1.125638e+02
704	1.125243e+02
705	1.125036e+02
706	1.124378e+02
707	1.123927e+02
708	1.123695e+02
709	1.124197e+02
710	1.124810e+02
711	1.124867e+02
712	1.124867e+02
713	1.124871e+02
714	1.125001e+02
715	1.125377e+02
716	1.126486e+02
717	1.126925e+02
718	1.127260e+02
719	1.127664e+02
720	1.128048e+02
721	1.128395e+02
722	1.128500e+02
723	1.129151e+02
724	1.129817e+02
725	1.131308e+02
726	1.133227e+02
727	1.134799e+02
728	1.136138e+02
729	1.138512e+02
730	1.140015e+02
731	1.141152e+02
732	1.142262e+02
733	1.144239e+02
734	1.145346e+02
735	1.146267e+02
736	1.146893e+02
737	1.147270e+02
738	1.147560e+02
739	1.148362e+02
740	1.149965e+02
741	1.151898e+02
742	1.155038e+02
743	1.158564e+02
744	1.161908e+02
745	1.164766e+02
746	1.168263e+02
747	1.172684e+02
748	1.177462e+02
749	1.182827e+02
750	1.188328e+02
751	1.193298e+02
752	1.198435e+02
753	1.203931e+02
754	1.210355e+02
755	1.216960e+02
756	1.223095e+02
757	1.228249e+02
758	1.233398e+02
759	1.238213e+02
760	1.242778e+02
761	1.247278e+02
762	1.251745e+02
763	1.255351e+02
764	1.258823e+02
765	1.261517e+02
766	1.262648e+02
767	1.263429e+02
768	1.262487e+02
769	1.261154e+02
770	1.258911e+02
771	1.255284e+02
772	1.250524e+02
773	1.244785e+02
774	1.237270e+02
775	1.228268e+02
776	1.217836e+02
777	1.206785e+02
778	1.194878e+02
779	1.182902e+02
780	1.171155e+02
781	1.159685e+02
782	1.148407e+02
783	1.137559e+02
784	1.127332e+02
785	1.117466e+02
786	1.107684e+02
787	1.099234e+02
788	1.091360e+02
789	1.084107e+02
790	1.078218e+02
791	1.073482e+02
792	1.069036e+02
793	1.065788e+02
794	1.062541e+02
795	1.060449e+02
796	1.058970e+02
797	1.057243e+02
798	1.057079e+02
799	1.057162e+02
800	1.058088e+02
801	1.058965e+02
802	1.061055e+02
803	1.063704e+02
804	1.066675e+02
805	1.069976e+02
806	1.073721e+02
807	1.078721e+02
808	1.084656e+02
809	1.090738e+02
810	1.097448e+02
811	1.103794e+02
812	1.109424e+02
813	1.114967e+02
814	1.120648e+02
815	1.126080e+02
816	1.131315e+02
817	1.135849e+02
818	1.140246e+02
819	1.143961e+02
820	1.147568e+02
821	1.150678e+02
822	1.153661e+02
823	1.155933e+02
824	1.157658e+02
825	1.159070e+02
826	1.160874e+02
827	1.162534e+02
828	1.163512e+02
829	1.164901e+02
830	1.166879e+02
831	1.168708e+02
832	1.170491e+02
833	1.172771e+02
834	1.174833e+02
835	1.176837e+02
836	1.178445e+02
837	1.180225e+02
838	1.181519e+02
839	1.182452e+02
840	1.183809e+02
841	1.185297e+02
842	1.186304e+02
843	1.186924e+02
844	1.186977e+02
845	1.186894e+02
846	1.186381e+02
847	1.185876e+02
848	1.185085e+02
849	1.183982e+02
850	1.183010e+02
851	1.182109e+02
852	1.181639e+02
853	1.180989e+02
854	1.180186e+02
855	1.179093e+02
856	1.178056e+02
857	1.177115e+02
858	1.176367e+02
859	1.176298e+02
860	1.176113e+02
861	1.176212e+02
862	1.176991e+02
863	1.177596e+02
864	1.178105e+02
865	1.177975e+02
866	1.177480e+02
867	1.176485e+02
868	1.175353e+02
869	1.174696e+02
870	1.172872e+02
871	1.170701e+02
872	1.168497e+02
873	1.165906e+02
874	1.162969e+02
875	1.159861e+02
876	1.155429e+02
877	1.150075e+02
878	1.144502e+02
879	1.138084e+02
880	1.132193e+02
881	1.125403e+02
882	1.118481e+02
883	1.111506e+02
884	1.104481e+02
885	1.097682e+02
886	1.091973e+02
887	1.086508e+02
888	1.081803e+02
889	1.076326e+02
890	1.071118e+02
891	1.066488e+02
892	1.062905e+02
893	1.059436e+02
894	1.057120e+02
895	1.055425e+02
896	1.052823e+02
897	1.051088e+02
898	1.050131e+02
899	1.049844e+02
900	1.051078e+02
901	1.052468e+02
902	1.054680e+02
903	1.057136e+02
904	1.059569e+02
905	1.063525e+02
906	1.068085e+02
907	1.073382e+02
908	1.077937e+02
909	1.083205e+02
910	1.088955e+02
911	1.095147e+02
912	1.101622e+02
913	1.108531e+02
914	1.115425e+02
915	1.122220e+02
916	1.129031e+02
917	1.136239e+02
918	1.144196e+02
919	1.152103e+02
920	1.159526e+02
921	1.166888e+02
922	1.174608e+02
923	1.182600e+02
924	1.190253e+02
925	1.197367e+02
926	1.204321e+02
927	1.211330e+02
928	1.217486e+02
929	1.222850e+02
930	1.227570e+02
931	1.232133e+02
932	1.236459e+02
933	1.240235e+02
934	1.242801e+02
935	1.243879e+02
936	1.243813e+02
937	1.242971e+02
938	1.242328e+02
939	1.240855e+02
940	1.238840e+02
941	1.235962e+02
942	1.232126e+02
943	1.228512e+02
944	1.223954e+02
945	1.219139e+02
946	1.213993e+02
947	1.208003e+02
948	1.200892e+02
949	1.193264e+02
950	1.186211e+02
951	1.178702e+02
952	1.172068e+02
953	1.165206e+02
954	1.158929e+02
955	1.152682e+02
956	1.146646e+02
957	1.140540e+02
958	1.134560e+02
959	1.129039e+02
960	1.123726e+02
961	1.118961e+02
962	1.114994e+02
963	1.111684e+02
964	1.108937e+02
965	1.106789e+02
966	1.105108e+02
967	1.105018e+02
968	1.105508e+02
969	1.106490e+02
970	1.107554e+02
971	1.108887e+02
972	1.110798e+02
973	1.113081e+02
974	1.115600e+02
975	1.119486e+02
976	1.123044e+02
977	1.127247e+02
978	1.132183e+02
979	1.136822e+02
980	1.141378e+02
981	1.146528e+02
982	1.152097e+02
983	1.157739e+02
984	1.162645e+02
985	1.166951e+02
986	1.170549e+02
987	1.173167e+02
988	1.175016e+02
989	1.176426e+02
990	1.176918e+02
991	1.177758e+02
992	1.178643e+02
993	1.179060e+02
994	1.179166e+02
995	1.179559e+02
996	1.179412e+02
997	1.179263e+02
998	1.179070e+02
999	1.178895e+02
1000	1.178554e+02
1001	1.179115e+02
1002	1.180309e+02
1003	1.181106e+02
1004	1.182544e+02
1005	1.183745e+02
1006	1.185216e+02
1007	1.186541e+02
1008	1.187586e+02
1009	1.188659e+02
1010	1.189959e+02
1011	1.191390e+02
1012	1.192226e+02
1013	1.193315e+02
1014	1.194212e+02
1015	1.195103e+02
1016	1.195893e+02
1017	1.197095e+02
1018	1.197559e+02
1019	1.198449e+02
1020	1.199723e+02
1021	1.201651e+02
1022	1.203920e+02
1023	1.206683e+02
1024	1.208932e+02
1025	1.211257e+02
1026	1.212510e+02
1027	1.214543e+02
1028	1.217332e+02
1029	1.219951e+02
1030	1.221790e+02
1031	1.223637e+02
1032	1.225938e+02
1033	1.227698e+02
1034	1.229234e+02
1035	1.230092e+02
1036	1.230994e+02
1037	1.231796e+02
1038	1.231772e+02
1039	1.231388e+02
1040	1.230619e+02
1041	1.228836e+02
1042	1.227520e+02
1043	1.225710e+02
1044	1.223305e+02
1045	1.220464e+02
1046	1.217614e+02
1047	1.215055e+02
1048	1.212729e+02
1049	1.210161e+02
1050	1.206668e+02
1051	1.203184e+02
1052	1.198912e+02
1053	1.194002e+02
1054	1.188916e+02
1055	1.182821e+02
1056	1.175678e+02
1057	1.168540e+02
1058	1.160928e+02
1059	1.153748e+02
1060	1.146429e+02
1061	1.139374e+02
1062	1.131418e+02
1063	1.122820e+02
1064	1.114379e+02
1065	1.106392e+02
1066	1.098653e+02
1067	1.092246e+02
1068	1.086131e+02
1069	1.080137e+02
1070	1.075496e+02
1071	1.072447e+02
1072	1.071559e+02
1073	1.071467e+02
1074	1.072807e+02
1075	1.074832e+02
1076	1.076854e+02
1077	1.080190e+02
1078	1.084685e+02
1079	1.090149e+02
1080	1.096209e+02
1081	1.103122e+02
1082	1.109846e+02
1083	1.116034e+02
1084	1.122319e+02
1085	1.129110e+02
1086	1.135041e+02
1087	1.141637e+02
1088	1.148634e+02
1089	1.154813e+02
1090	1.160969e+02
1091	1.167246e+02
1092	1.173492e+02
1093	1.179979e+02
1094	1.186389e+02
1095	1.193226e+02
1096	1.199159e+02
1097	1.204852e+02
1098	1.209608e+02
1099	1.214737e+02
1100	1.219186e+02
1101	1.223025e+02
1102	1.225715e+02
1103	1.227290e+02
1104	1.227594e+02
1105	1.226999e+02
1106	1.224964e+02
1107	1.221631e+02
1108	1.217371e+02
1109	1.211872e+02
1110	1.204814e+02
1111	1.196434e+02
1112	1.187887e+02
1113	1.179030e+02
1114	1.169217e+02
1115	1.159048e+02
1116	1.148426e+02
1117	1.137159e+02
1118	1.125760e+02
1119	1.114444e+02
1120	1.102513e+02
1121	1.091163e+02
1122	1.080200e+02
1123	1.069265e+02
1124	1.058787e+02
1125	1.048966e+02
1126	1.040530e+02
1127	1.033392e+02
1128	1.027010e+02
1129	1.021974e+02
1130	1.018895e+02
1131	1.017063e+02
1132	1.016070e+02
1133	1.015649e+02
1134	1.015402e+02
1135	1.015740e+02
1136	1.016668e+02
1137	1.019018e+02
1138	1.023200e+02
1139	1.028807e+02
1140	1.034625e+02
1141	1.040564e+02
1142	1.047918e+02
1143	1.056036e+02
1144	1.064414e+02
1145	1.073477e+02
1146	1.082662e+02
1147	1.092604e+02
1148	1.102905e+02
1149	1.112874e+02
1150	1.123106e+02
1151	1.133147e+02
1152	1.141646e+02
1153	1.149128e+02
1154	1.156364e+02
1155	1.164344e+02
1156	1.172204e+02
1157	1.179223e+02
1158	1.184463e+02
1159	1.189764e+02
1160	1.194176e+02
1161	1.197115e+02
1162	1.199310e+02
1163	1.200200e+02
1164	1.199718e+02
1165	1.197703e+02
1166	1.195772e+02
1167	1.193351e+02
1168	1.190885e+02
1169	1.187864e+02
1170	1.184275e+02
1171	1.180764e+02
1172	1.177100e+02
1173	1.173568e+02
1174	1.169928e+02
1175	1.166407e+02
1176	1.162121e+02
1177	1.157781e+02
1178	1.153955e+02
1179	1.150157e+02
1180	1.146186e+02
1181	1.141959e+02
1182	1.137472e+02
1183	1.133141e+02
1184	1.129866e+02
1185	1.126963e+02
1186	1.125124e+02
1187	1.124229e+02
1188	1.123587e+02
1189	1.123446e+02
1190	1.124051e+02
1191	1.124637e+02
1192	1.125653e+02
1193	1.127672e+02
1194	1.130092e+02
1195	1.132653e+02
1196	1.135811e+02
1197	1.138104e+02
1198	1.140467e+02
1199	1.142281e+02
1200	1.143338e+02
1201	1.144022e+02
1202	1.144298e+02
1203	1.143685e+02
1204	1.142909e+02
1205	1.141577e+02
1206	1.139799e+02
1207	1.137251e+02
1208	1.134703e+02
1209	1.132631e+02
1210	1.130375e+02
1211	1.127980e+02
1212	1.125336e+02
1213	1.122592e+02
1214	1.120335e+02
1215	1.118405e+02
1216	1.116232e+02
1217	1.113815e+02
1218	1.112291e+02
1219	1.110784e+02
1220	1.110127e+02
1221	1.109797e+02
1222	1.109749e+02
1223	1.109854e+02
1224	1.110541e+02
1225	1.111229e+02
1226	1.112467e+02
1227	1.113949e+02
1228	1.115925e+02
1229	1.118401e+02
1230	1.121020e+02
1231	1.124464e+02
1232	1.128143e+02
1233	1.131039e+02
1234	1.134346e+02
1235	1.138270e+02
1236	1.141848e+02
1237	1.145283e+02
1238	1.148589e+02
1239	1.152290e+02
1240	1.155805e+02
1241	1.158762e+02
1242	1.161233e+02
1243	1.163163e+02
1244	1.164026e+02
1245	1.165101e+02
1246	1.166148e+02
1247	1.167007e+02
1248	1.167666e+02
1249	1.168262e+02
1250	1.168873e+02
1251	1.169480e+02
1252	1.169661e+02
1253	1.169315e+02
1254	1.168880e+02
1255	1.168686e+02
1256	1.167981e+02
1257	1.167046e+02
1258	1.166372e+02
1259	1.166539e+02
1260	1.166733e+02
1261	1.166487e+02
1262	1.166407e+02
1263	1.166691e+02
1264	1.166936e+02
1265	1.167268e+02
1266	1.167583e+02
1267	1.168000e+02
1268	1.167644e+02
1269	1.166241e+02
1270	1.165429e+02
1271	1.164550e+02
1272	1.163320e+02
1273	1.162018e+02
1274	1.160806e+02
1275	1.159800e+02
1276	1.159310e+02
1277	1.158842e+02
1278	1.157750e+02
1279	1.156053e+02
1280	1.154630e+02
1281	1.153572e+02
1282	1.152852e+02
1283	1.151739e+02
1284	1.150273e+02
1285	1.148781e+02
1286	1.146767e+02
1287	1.144589e+02
1288	1.141528e+02
1289	1.138105e+02
1290	1.134457e+02
1291	1.130849e+02
1292	1.127460e+02
1293	1.123463e+02
1294	1.119057e+02
1295	1.114496e+02
1296	1.108980e+02
1297	1.102605e+02
1298	1.096352e+02
1299	1.089346e+02
1300	1.083248e+02
1301	1.077836e+02
1302	1.072839e+02
1303	1.067843e+02
1304	1.063637e+02
1305	1.060409e+02
1306	1.056876e+02
1307	1.053909e+02
1308	1.052049e+02
1309	1.050754e+02
1310	1.050572e+02
1311	1.051459e+02
1312	1.053117e+02
1313	1.055387e+02
1314	1.057783e+02
1315	1.060394e+02
1316	1.064430e+02
1317	1.069282e+02
1318	1.074665e+02
1319	1.080467e+02
1320	1.086678e+02
1321	1.093618e+02
1322	1.101173e+02
1323	1.108529e+02
1324	1.116077e+02
1325	1.123651e+02
1326	1.130853e+02
1327	1.138743e+02
1328	1.145245e+02
1329	1.151041e+02
1330	1.156447e+02
1331	1.160910e+02
1332	1.164324e+02
1333	1.166477e+02
1334	1.167348e+02
1335	1.167086e+02
1336	1.166347e+02
1337	1.165322e+02
1338	1.163748e+02
1339	1.162054e+02
1340	1.159559e+02
1341	1.156964e+02
1342	1.153760e+02
1343	1.150338e+02
1344	1.146994e+02
1345	1.143302e+02
1346	1.138792e+02
1347	1.134284e+02
1348	1.130262e+02
1349	1.125506e+02
1350	1.121138e+02
1351	1.116406e+02
1352	1.111964e+02
1353	1.107956e+02
1354	1.103903e+02
1355	1.100302e+02
1356	1.097364e+02
1357	1.094948e+02
1358	1.093261e+02
1359	1.092279e+02
1360	1.092207e+02
1361	1.093058e+02
1362	1.094218e+02
1363	1.095796e+02
1364	1.097435e+02
1365	1.098527e+02
1366	1.099007e+02
1367	1.099637e+02
1368	1.100431e+02
1369	1.101714e+02
1370	1.103798e+02
1371	1.105934e+02
1372	1.108471e+02
1373	1.111014e+02
1374	1.113227e+02
1375	1.115992e+02
1376	1.119125e+02
1377	1.123032e+02
1378	1.127291e+02
1379	1.131070e+02
1380	1.134503e+02
1381	1.136925e+02
1382	1.139187e+02
1383	1.141387e+02
1384	1.143652e+02
1385	1.145538e+02
1386	1.147400e+02
1387	1.148404e+02
1388	1.149430e+02
1389	1.150244e+02
1390	1.150337e+02
1391	1.151121e+02
1392	1.151071e+02
1393	1.149638e+02
1394	1.147875e+02
1395	1.145166e+02
1396	1.142270e+02
1397	1.139274e+02
1398	1.135587e+02
1399	1.132517e+02
1400	1.128628e+02
1401	1.125146e+02
1402	1.121601e+02
1403	1.118495e+02
1404	1.114878e+02
1405	1.111912e+02
1406	1.109589e+02
1407	1.107741e+02
1408	1.106835e+02
1409	1.107154e+02
1410	1.108112e+02
1411	1.109762e+02
1412	1.112227e+02
1413	1.114870e+02
1414	1.117778e+02
1415	1.121114e+02
1416	1.124137e+02
1417	1.126964e+02
1418	1.130370e+02
1419	1.134113e+02
1420	1.137965e+02
1421	1.142392e+02
1422	1.147583e+02
1423	1.152980e+02
1424	1.158166e+02
1425	1.163267e+02
1426	1.168127e+02
1427	1.172046e+02
1428	1.174936e+02
1429	1.177555e+02
1430	1.179187e+02
1431	1.180928e+02
1432	1.182300e+02
1433	1.182532e+02
1434	1.182825e+02
1435	1.182857e+02
1436	1.183242e+02
1437	1.182621e+02
1438	1.181382e+02
1439	1.179917e+02
1440	1.178115e+02
1441	1.176643e+02
1442	1.174768e+02
1443	1.172678e+02
1444	1.169188e+02
1445	1.165660e+02
1446	1.161450e+02
1447	1.156643e+02
1448	1.150856e+02
1449	1.144598e+02
1450	1.137992e+02
1451	1.131249e+02
1452	1.124371e+02
1453	1.118150e+02
1454	1.111899e+02
1455	1.105927e+02
1456	1.100381e+02
1457	1.095075e+02
1458	1.090466e+02
1459	1.086714e+02
1460	1.083766e+02
1461	1.080619e+02
1462	1.077785e+02
1463	1.075597e+02
1464	1.073582e+02
1465	1.072568e+02
1466	1.072447e+02
1467	1.072991e+02
1468	1.073314e+02
1469	1.074238e+02
1470	1.076166e+02
1471	1.078443e+02
1472	1.080962e+02
1473	1.083162e+02
1474	1.085449e+02
1475	1.087396e+02
1476	1.089616e+02
1477	1.092785e+02
1478	1.096334e+02
1479	1.100319e+02
1480	1.103905e+02
1481	1.107605e+02
1482	1.111769e+02
1483	1.115685e+02
1484	1.119101e+02
1485	1.122394e+02
1486	1.125737e+02
1487	1.129197e+02
1488	1.133310e+02
1489	1.137863e+02
1490	1.142759e+02
1491	1.146388e+02
1492	1.149864e+02
1493	1.152920e+02
1494	1.155182e+02
1495	1.158108e+02
1496	1.160003e+02
1497	1.161482e+02
1498	1.162034e+02
1499	1.162002e+02
1500	1.161596e+02
1501	1.161655e+02
1502	1.160003e+02
1503	1.158094e+02
1504	1.155579e+02
1505	1.153359e+02
1506	1.151031e+02
1507	1.149218e+02
1508	1.148133e+02
1509	1.146980e+02
1510	1.145379e+02
1511	1.143468e+02
1512	1.141918e+02
1513	1.140800e+02
1514	1.139915e+02
1515	1.139309e+02
1516	1.138966e+02
1517	1.138670e+02
1518	1.138042e+02
1519	1.137249e+02
1520	1.136209e+02
1521	1.135197e+02
1522	1.134363e+02
1523	1.134180e+02
1524	1.134445e+02
1525	1.135047e+02
1526	1.136265e+02
1527	1.137558e+02
1528	1.138766e+02
1529	1.140336e+02
1530	1.142189e+02
1531	1.143633e+02
1532	1.144663e+02
1533	1.146011e+02
1534	1.146643e+02
1535	1.147104e+02
1536	1.146988e+02
1537	1.146915e+02
1538	1.146838e+02
1539	1.146676e+02
1540	1.146474e+02
1541	1.147057e+02
1542	1.146930e+02
1543	1.147192e+02
1544	1.146538e+02
1545	1.146294e+02
1546	1.146609e+02
1547	1.146654e+02
1548	1.146315e+02
1549	1.145932e+02
1550	1.145077e+02
1551	1.143864e+02
1552	1.143141e+02
1553	1.142490e+02
1554	1.141886e+02
1555	1.141459e+02
1556	1.141753e+02
1557	1.141561e+02
1558	1.141530e+02
1559	1.140734e+02
1560	1.140132e+02
1561	1.140465e+02
1562	1.140834e+02
1563	1.141555e+02
1564	1.141972e+02
1565	1.142599e+02
1566	1.143325e+02
1567	1.143804e+02
1568	1.144772e+02
1569	1.145220e+02
1570	1.145478e+02
1571	1.145865e+02
1572	1.146733e+02
1573	1.147890e+02
1574	1.149348e+02
1575	1.150035e+02
1576	1.150837e+02
1577	1.151849e+02
1578	1.152529e+02
1579	1.152138e+02
1580	1.151775e+02
1581	1.151745e+02
1582	1.151716e+02
1583	1.152036e+02
1584	1.151780e+02
1585	1.152444e+02
1586	1.152749e+02
1587	1.152661e+02
1588	1.152983e+02
1589	1.152876e+02
1590	1.153063e+02
1591	1.152661e+02
1592	1.152345e+02
1593	1.152371e+02
1594	1.152683e+02
1595	1.152296e+02
1596	1.151752e+02
1597	1.151026e+02
1598	1.149629e+02
1599	1.147724e+02
1600	1.145797e+02
1601	1.143277e+02
1602	1.139853e+02
1603	1.135832e+02
1604	1.131501e+02
1605	1.126897e+02
1606	1.122812e+02
1607	1.118472e+02
1608	1.114142e+02
1609	1.109983e+02
1610	1.105750e+02
1611	1.101833e+02
1612	1.097185e+02
1613	1.092966e+02
1614	1.088095e+02
1615	1.083957e+02
1616	1.080223e+02
1617	1.076405e+02
1618	1.072656e+02
1619	1.069059e+02
1620	1.066248e+02
1621	1.064046e+02
1622	1.062119e+02
1623	1.061524e+02
1624	1.061787e+02
1625	1.062745e+02
1626	1.064298e+02
1627	1.066340e+02
1628	1.069293e+02
1629	1.072681e+02
1630	1.076520e+02
1631	1.079921e+02
1632	1.084004e+02
1633	1.088455e+02
1634	1.092966e+02
1635	1.098454e+02
1636	1.103917e+02
1637	1.109087e+02
1638	1.114056e+02
1639	1.119010e+02
1640	1.123411e+02
1641	1.128740e+02
1642	1.134271e+02
1643	1.139652e+02
1644	1.144503e+02
1645	1.149362e+02
1646	1.153776e+02
1647	1.157842e+02
1648	1.161156e+02
1649	1.165187e+02
1650	1.169560e+02
1651	1.173250e+02
1652	1.176085e+02
1653	1.178231e+02
1654	1.180316e+02
1655	1.182338e+02
1656	1.183629e+02
1657	1.184225e+02
1658	1.183786e+02
1659	1.182568e+02
1660	1.180905e+02
1661	1.178983e+02
1662	1.176895e+02
1663	1.173827e+02
1664	1.170723e+02
1665	1.168281e+02
1666	1.166172e+02
1667	1.164068e+02
1668	1.161614e+02
1669	1.159040e+02
1670	1.156527e+02
1671	1.154278e+02
1672	1.152651e+02
1673	1.150676e+02
1674	1.149068e+02
1675	1.147929e+02
1676	1.146065e+02
1677	1.143753e+02
1678	1.140565e+02
1679	1.137312e+02
1680	1.134301e+02
1681	1.130054e+02
1682	1.125743e+02
1683	1.121894e+02
1684	1.116951e+02
1685	1.112591e+02
1686	1.108526e+02
1687	1.104450e+02
1688	1.099791e+02
1689	1.094865e+02
1690	1.090654e+02
1691	1.086803e+02
1692	1.083601e+02
1693	1.080125e+02
1694	1.076599e+02
1695	1.073842e+02
1696	1.071901e+02
1697	1.069914e+02
1698	1.068304e+02
1699	1.067617e+02
1700	1.066989e+02
1701	1.066488e+02
1702	1.066561e+02
1703	1.067263e+02
1704	1.068204e+02
1705	1.069190e+02
1706	1.069815e+02
1707	1.070565e+02
1708	1.071724e+02
1709	1.072666e+02
1710	1.073973e+02
1711	1.075474e+02
1712	1.076742e+02
1713	1.077993e+02
1714	1.078837e+02
1715	1.079586e+02
1716	1.080499e+02
1717	1.080909e+02
1718	1.081651e+02
1719	1.082267e+02
1720	1.083438e+02
1721	1.085180e+02
1722	1.087417e+02
1723	1.090031e+02
1724	1.092950e+02
1725	1.096311e+02
1726	1.099162e+02
1727	1.102136e+02
1728	1.104991e+02
1729	1.106669e+02
1730	1.107889e+02
1731	1.108553e+02
1732	1.109164e+02
1733	1.110288e+02
1734	1.111599e+02
1735	1.113122e+02
1736	1.114789e+02
1737	1.116277e+02
1738	1.118071e+02
1739	1.120278e+02
1740	1.122579e+02
1741	1.125119e+02
1742	1.127860e+02
1743	1.131390e+02
1744	1.135309e+02
1745	1.140234e+02
1746	1.145148e+02
1747	1.150718e+02
1748	1.155646e+02
1749	1.159855e+02
1750	1.163686e+02
1751	1.167891e+02
1752	1.172170e+02
1753	1.176195e+02
1754	1.179695e+02
1755	1.182118e+02
1756	1.183683e+02
1757	1.184977e+02
1758	1.185423e+02
1759	1.184594e+02
1760	1.183392e+02
1761	1.182449e+02
1762	1.181518e+02
1763	1.180099e+02
1764	1.179030e+02
1765	1.176539e+02
1766	1.173413e+02
1767	1.169010e+02
1768	1.164303e+02
1769	1.159061e+02
1770	1.152693e+02
1771	1.145968e+02
1772	1.137947e+02
1773	1.129700e+02
1774	1.121340e+02
1775	1.113257e+02
1776	1.104871e+02
1777	1.096662e+02
1778	1.088763e+02
1779	1.081855e+02
1780	1.075408e+02
1781	1.069006e+02
1782	1.063290e+02
1783	1.058489e+02
1784	1.054626e+02
1785	1.050648e+02
1786	1.046690e+02
1787	1.043587e+02
1788	1.041481e+02
1789	1.040204e+02
1790	1.039809e+02
1791	1.040375e+02
1792	1.042761e+02
1793	1.045752e+02
1794	1.049863e+02
1795	1.053792e+02
1796	1.058673e+02
1797	1.064053e+02
1798	1.069700e+02
1799	1.076180e+02
1800	1.083033e+02
1801	1.089296e+02
1802	1.096148e+02
1803	1.102862e+02
1804	1.109211e+02
1805	1.116019e+02
1806	1.123451e+02
1807	1.130620e+02
1808	1.138943e+02
1809	1.147434e+02
1810	1.155724e+02
1811	1.164795e+02
1812	1.174166e+02
1813	1.182417e+02
1814	1.189670e+02
1815	1.195848e+02
1816	1.201225e+02
1817	1.206025e+02
1818	1.209572e+02
1819	1.211190e+02
1820	1.212642e+02
1821	1.214193e+02
1822	1.214774e+02
1823	1.214880e+02
1824	1.214751e+02
1825	1.212308e+02
1826	1.208744e+02
1827	1.205298e+02
1828	1.201432e+02
1829	1.197812e+02
1830	1.194121e+02
1831	1.190152e+02
1832	1.186631e+02
1833	1.183348e+02
1834	1.179864e+02
1835	1.176638e+02
1836	1.173096e+02
1837	1.170497e+02
1838	1.168172e+02
1839	1.166175e+02
1840	1.164206e+02
1841	1.162787e+02
1842	1.162071e+02
1843	1.161837e+02
1844	1.162275e+02
1845	1.163320e+02
1846	1.163874e+02
1847	1.164456e+02
1848	1.165471e+02
1849	1.166259e+02
1850	1.167505e+02
1851	1.169875e+02
1852	1.171902e+02
1853	1.174112e+02
1854	1.176806e+02
1855	1.179358e+02
1856	1.181534e+02
1857	1.182502e+02
1858	1.183582e+02
1859	1.183632e+02
1860	1.183474e+02
1861	1.183002e+02
1862	1.181689e+02
1863	1.179982e+02
1864	1.178828e+02
1865	1.177925e+02
1866	1.177420e+02
1867	1.176838e+02
1868	1.175811e+02
1869	1.175020e+02
1870	1.173090e+02
1871	1.170722e+02
1872	1.168747e+02
1873	1.166568e+02
1874	1.164645e+02
1875	1.162736e+02
1876	1.160606e+02
1877	1.157431e+02
1878	1.155016e+02
1879	1.152526e+02
1880	1.149229e+02
1881	1.146386e+02
1882	1.143633e+02
1883	1.140770e+02
1884	1.137727e+02
1885	1.135063e+02
1886	1.133449e+02
1887	1.132035e+02
1888	1.130216e+02
1889	1.129317e+02
1890	1.128458e+02
1891	1.127479e+02
1892	1.127235e+02
1893	1.126661e+02
1894	1.126589e+02
1895	1.125855e+02
1896	1.125129e+02
1897	1.124460e+02
1898	1.124064e+02
1899	1.123801e+02
1900	1.124142e+02
1901	1.124012e+02
1902	1.123696e+02
1903	1.123028e+02
1904	1.122456e+02
1905	1.121784e+02
1906	1.121467e+02
1907	1.121004e+02
1908	1.120485e+02
1909	1.121174e+02
1910	1.122128e+02
1911	1.122604e+02
1912	1.123799e+02
1913	1.124607e+02
1914	1.125679e+02
1915	1.126100e+02
1916	1.126899e+02
1917	1.127562e+02
1918	1.127473e+02
1919	1.127029e+02
1920	1.126198e+02
1921	1.125921e+02
1922	1.125544e+02
1923	1.125372e+02
1924	1.124348e+02
1925	1.122971e+02
1926	1.121624e+02
1927	1.121094e+02
1928	1.120657e+02
1929	1.120352e+02
1930	1.120372e+02
1931	1.121337e+02
1932	1.122280e+02
1933	1.123037e+02
1934	1.124009e+02
1935	1.124507e+02
1936	1.125222e+02
1937	1.125998e+02
1938	1.127228e+02
1939	1.128929e+02
1940	1.130798e+02
1941	1.132729e+02
1942	1.135291e+02
1943	1.137947e+02
1944	1.140899e+02
1945	1.144029e+02
1946	1.147076e+02
1947	1.150159e+02
1948	1.152452e+02
1949	1.154697e+02
1950	1.156288e+02
1951	1.157724e+02
1952	1.157624e+02
1953	1.157258e+02
1954	1.156386e+02
1955	1.155575e+02
1956	1.154665e+02
1957	1.153535e+02
1958	1.152280e+02
1959	1.150121e+02
1960	1.148313e+02
1961	1.146019e+02
1962	1.144009e+02
1963	1.141886e+02
1964	1.139438e+02
1965	1.136702e+02
1966	1.133924e+02
1967	1.130676e+02
1968	1.127305e+02
1969	1.124191e+02
1970	1.121230e+02
1971	1.117943e+02
1972	1.114041e+02
1973	1.110484e+02
1974	1.106756e+02
1975	1.102615e+02
1976	1.098745e+02
1977	1.094943e+02
1978	1.091286e+02
1979	1.087878e+02
1980	1.084849e+02
1981	1.081714e+02
1982	1.079366e+02
1983	1.076681e+02
1984	1.074797e+02
1985	1.073762e+02
1986	1.073879e+02
1987	1.074390e+02
1988	1.074591e+02
1989	1.075507e+02
1990	1.077320e+02
1991	1.079640e+02
1992	1.082526e+02
1993	1.085076e+02
1994	1.088031e+02
1995	1.091747e+02
1996	1.095918e+02
1997	1.100261e+02
1998	1.104688e+02
1999	1.109418e+02
2000	1.114959e+02
2001	1.119818e+02
2002	1.125060e+02
2003	1.130346e+02
2004	1.135528e+02
2005	1.140291e+02
2006	1.144458e+02
2007	1.148645e+02
2008	1.152285e+02
2009	1.155566e+02
2010	1.159424e+02
2011	1.163143e+02
2012	1.166511e+02
2013	1.169446e+02
2014	1.172276e+02
2015	1.176256e+02
2016	1.179704e+02
2017	1.183686e+02
2018	1.187220e+02
2019	1.190293e+02
2020	1.193024e+02
2021	1.195989e+02
2022	1.199071e+02
2023	1.202103e+02
2024	1.204890e+02
2025	1.207395e+02
2026	1.209650e+02
2027	1.211675e+02
2028	1.213010e+02
2029	1.214712e+02
2030	1.216209e+02
2031	1.216870e+02
2032	1.217559e+02
2033	1.218706e+02
2034	1.219557e+02
2035	1.220161e+02
2036	1.220131e+02
2037	1.220365e+02
2038	1.219981e+02
2039	1.219473e+02
2040	1.217409e+02
2041	1.215250e+02
2042	1.212078e+02
2043	1.207749e+02
2044	1.203339e+02
2045	1.198960e+02
2046	1.194316e+02
2047	1.189446e+02
2048	1.184782e+02
2049	1.180468e+02
2050	1.176376e+02
2051	1.172185e+02
2052	1.167694e+02
2053	1.163403e+02
2054	1.158191e+02
2055	1.152722e+02
2056	1.147489e+02
2057	1.143417e+02
2058	1.139982e+02
2059	1.137049e+02
2060	1.135036e+02
2061	1.133022e+02
2062	1.131144e+02
2063	1.129148e+02
2064	1.126884e+02
2065	1.125053e+02
2066	1.124727e+02
2067	1.124591e+02
2068	1.124697e+02
2069	1.125311e+02
2070	1.126695e+02
2071	1.127279e+02
2072	1.128439e+02
2073	1.130359e+02
2074	1.132457e+02
2075	1.135241e+02
2076	1.138271e+02
2077	1.141411e+02
2078	1.145659e+02
2079	1.149119e+02
2080	1.152768e+02
2081	1.156743e+02
2082	1.159821e+02
2083	1.163340e+02
2084	1.167053e+02
2085	1.170754e+02
2086	1.173644e+02
2087	1.176385e+02
2088	1.178846e+02
2089	1.180878e+02
2090	1.183304e+02
2091	1.185115e+02
2092	1.186796e+02
2093	1.188659e+02
2094	1.190480e+02
2095	1.191229e+02
2096	1.191745e+02
2097	1.192411e+02
2098	1.193013e+02
2099	1.193753e+02
2100	1.193815e+02
2101	1.192545e+02
2102	1.189911e+02
2103	1.186170e+02
2104	1.181048e+02
2105	1.175230e+02
2106	1.169200e+02
2107	1.162238e+02
2108	1.154586e+02
2109	1.146012e+02
2110	1.138383e+02
2111	1.131373e+02
2112	1.124114e+02
2113	1.116532e+02
2114	1.109436e+02
2115	1.103141e+02
2116	1.097145e+02
2117	1.091967e+02
2118	1.087451e+02
2119	1.084062e+02
2120	1.081034e+02
2121	1.078694e+02
2122	1.077570e+02
2123	1.076787e+02
2124	1.076660e+02
2125	1.077742e+02
2126	1.079930e+02
2127	1.082699e+02
2128	1.085993e+02
2129	1.090317e+02
2130	1.095137e+02
2131	1.099761e+02
2132	1.104456e+02
2133	1.108831e+02
2134	1.113292e+02
2135	1.118558e+02
2136	1.123129e+02
2137	1.126987e+02
2138	1.130227e+02
2139	1.134172e+02
2140	1.137815e+02
2141	1.141270e+02
2142	1.144489e+02
2143	1.148077e+02
2144	1.151408e+02
2145	1.153943e+02
2146	1.156562e+02
2147	1.159703e+02
2148	1.162720e+02
2149	1.164770e+02
2150	1.165518e+02
2151	1.165046e+02
2152	1.163547e+02
2153	1.162103e+02
2154	1.160322e+02
2155	1.158737e+02
2156	1.156504e+02
2157	1.154973e+02
2158	1.153933e+02
2159	1.152536e+02
2160	1.151495e+02
2161	1.149725e+02
2162	1.149019e+02
2163	1.148252e+02
2164	1.146832e+02
2165	1.145416e+02
2166	1.144114e+02
2167	1.143225e+02
2168	1.142948e+02
2169	1.142282e+02
2170	1.141561e+02
2171	1.140610e+02
2172	1.139426e+02
2173	1.138195e+02
2174	1.137387e+02
2175	1.138015e+02
2176	1.138780e+02
2177	1.139897e+02
2178	1.140870e+02
2179	1.141401e+02
2180	1.141761e+02
2181	1.142595e+02
2182	1.142765e+02
2183	1.142798e+02
2184	1.142094e+02
2185	1.141607e+02
2186	1.140948e+02
2187	1.139415e+02
2188	1.137702e+02
2189	1.136099e+02
2190	1.133459e+02
2191	1.129719e+02
2192	1.126031e+02
2193	1.121923e+02
2194	1.117489e+02
2195	1.112555e+02
2196	1.107383e+02
2197	1.102250e+02
2198	1.096615e+02
2199	1.091081e+02
2200	1.085467e+02
2201	1.080074e+02
2202	1.075730e+02
2203	1.071889e+02
2204	1.068610e+02
2205	1.066168e+02
2206	1.064479e+02
2207	1.063370e+02
2208	1.063039e+02
2209	1.063829e+02
2210	1.065167e+02
2211	1.066747e+02
2212	1.069359e+02
2213	1.072978e+02
2214	1.076504e+02
2215	1.079722e+02
2216	1.082345e+02
2217	1.084999e+02
2218	1.088334e+02
2219	1.091291e+02
2220	1.093654e+02
2221	1.096740e+02
2222	1.100264e+02
2223	1.105168e+02
2224	1.110579e+02
2225	1.116681e+02
2226	1.123309e+02
2227	1.129654e+02
2228	1.135645e+02
2229	1.142298e+02
2230	1.148569e+02
2231	1.155697e+02
2232	1.163501e+02
2233	1.171485e+02
2234	1.178778e+02
2235	1.185007e+02
2236	1.190777e+02
2237	1.196291e+02
2238	1.201041e+02
2239	1.204922e+02
2240	1.207843e+02
2241	1.210601e+02
2242	1.213218e+02
2243	1.215100e+02
2244	1.216946e+02
2245	1.218593e+02
2246	1.219252e+02
2247	1.219601e+02
2248	1.219054e+02
2249	1.217440e+02
2250	1.214753e+02
2251	1.211928e+02
2252	1.208459e+02
2253	1.204521e+02
2254	1.199678e+02
2255	1.194728e+02
2256	1.189790e+02
2257	1.184126e+02
2258	1.178278e+02
2259	1.173019e+02
2260	1.168540e+02
2261	1.163596e+02
2262	1.157945e+02
2263	1.152334e+02
2264	1.147705e+02
2265	1.143186e+02
2266	1.139404e+02
2267	1.136851e+02
2268	1.134778e+02
2269	1.132795e+02
2270	1.131878e+02
2271	1.132153e+02
2272	1.132370e+02
2273	1.133056e+02
2274	1.134443e+02
2275	1.135528e+02
2276	1.136047e+02
2277	1.137198e+02
2278	1.138712e+02
2279	1.140107e+02
2280	1.141370e+02
2281	1.142246e+02
2282	1.143073e+02
2283	1.143496e+02
2284	1.144003e+02
2285	1.143956e+02
2286	1.143871e+02
2287	1.143482e+02
2288	1.142567e+02
2289	1.141681e+02
2290	1.140194e+02
2291	1.137844e+02
2292	1.135345e+02
2293	1.133752e+02
2294	1.133360e+02
2295	1.133168e+02
2296	1.132613e+02
2297	1.131198e+02
2298	1.129922e+02
2299	1.128493e+02
2300	1.126833e+02
2301	1.125211e+02
2302	1.124332e+02
2303	1.125148e+02
2304	1.126395e+02
2305	1.127238e+02
2306	1.128025e+02
2307	1.129366e+02
2308	1.131209e+02
2309	1.133606e+02
2310	1.137270e+02
2311	1.141552e+02
2312	1.146312e+02
2313	1.150577e+02
2314	1.155449e+02
2315	1.161264e+02
2316	1.167746e+02
2317	1.174885e+02
2318	1.181651e+02
2319	1.188960e+02
2320	1.195846e+02
2321	1.201853e+02
2322	1.207869e+02
2323	1.212915e+02
2324	1.217584e+02
2325	1.221269e+02
2326	1.224487e+02
2327	1.227380e+02
2328	1.230042e+02
2329	1.232078e+02
2330	1.233488e+02
2331	1.233111e+02
2332	1.231845e+02
2333	1.229752e+02
2334	1.226548e+02
2335	1.222593e+02
2336	1.217393e+02
2337	1.211427e+02
2338	1.204353e+02
2339	1.196729e+02
2340	1.187999e+02
2341	1.178421e+02
2342	1.169017e+02
2343	1.159253e+02
2344	1.148278e+02
2345	1.137062e+02
2346	1.125507e+02
2347	1.114990e+02
2348	1.105262e+02
2349	1.096515e+02
2350	1.087690e+02
2351	1.079083e+02
2352	1.070725e+02
2353	1.062840e+02
2354	1.055457e+02
2355	1.048928e+02
2356	1.043062e+02
2357	1.038450e+02
2358	1.035020e+02
2359	1.033112e+02
2360	1.031732e+02
2361	1.031121e+02
2362	1.031261e+02
2363	1.031849e+02
2364	1.033126e+02
2365	1.034272e+02
2366	1.037311e+02
2367	1.041190e+02
2368	1.045102e+02
2369	1.049717e+02
2370	1.054636e+02
2371	1.059878e+02
2372	1.065860e+02
2373	1.072426e+02
2374	1.079800e+02
2375	1.087816e+02
2376	1.096098e+02
2377	1.105211e+02
2378	1.114712e+02
2379	1.124382e+02
2380	1.133662e+02
2381	1.142952e+02
2382	1.152341e+02
2383	1.162011e+02
2384	1.171487e+02
2385	1.180310e+02
2386	1.188247e+02
2387	1.196029e+02
2388	1.202479e+02
2389	1.207869e+02
2390	1.212815e+02
2391	1.217379e+02
2392	1.220676e+02
2393	1.223350e+02
2394	1.224734e+02
2395	1.225000e+02
2396	1.224758e+02
2397	1.224222e+02
2398	1.222760e+02
2399	1.219974e+02
2400	1.216409e+02
2401	1.211257e+02
2402	1.205397e+02
2403	1.198650e+02
2404	1.190849e+02
2405	1.182186e+02
2406	1.172246e+02
2407	1.162673e+02
2408	1.153067e+02
2409	1.143598e+02
2410	1.134666e+02
2411	1.126665e+02
2412	1.119587e+02
2413	1.113237e+02
2414	1.107482e+02
2415	1.102087e+02
2416	1.097488e+02
2417	1.093793e+02
2418	1.090345e+02
2419	1.086925e+02
2420	1.083523e+02
2421	1.080856e+02
2422	1.078476e+02
2423	1.077049e+02
2424	1.075394e+02
2425	1.074729e+02
2426	1.074483e+02
2427	1.074139e+02
2428	1.074019e+02
2429	1.074498e+02
2430	1.075373e+02
2431	1.076685e+02
2432	1.077158e+02
2433	1.077297e+02
2434	1.078222e+02
2435	1.079458e+02
2436	1.081164e+02
2437	1.082683e+02
2438	1.083941e+02
2439	1.084863e+02
2440	1.085736e+02
2441	1.086445e+02
2442	1.087109e+02
2443	1.088073e+02
2444	1.089721e+02
2445	1.091353e+02
2446	1.092686e+02
2447	1.094321e+02
2448	1.096050e+02
2449	1.097266e+02
2450	1.097840e+02
2451	1.097076e+02
2452	1.095097e+02
2453	1.092370e+02
2454	1.089007e+02
2455	1.085911e+02
2456	1.083558e+02
2457	1.082390e+02
2458	1.081715e+02
2459	1.081996e+02
2460	1.082246e+02
2461	1.081706e+02
2462	1.081688e+02
2463	1.081726e+02
2464	1.081250e+02
2465	1.080926e+02
2466	1.080539e+02
2467	1.080127e+02
2468	1.079723e+02
2469	1.079791e+02
2470	1.080028e+02
2471	1.080218e+02
2472	1.081893e+02
2473	1.083392e+02
2474	1.084732e+02
2475	1.085857e+02
2476	1.087713e+02
2477	1.090166e+02
2478	1.093105e+02
2479	1.096004e+02
2480	1.099256e+02
2481	1.103059e+02
2482	1.106904e+02
2483	1.110938e+02
2484	1.114648e+02
2485	1.118379e+02
2486	1.121442e+02
2487	1.124388e+02
2488	1.127877e+02
2489	1.131326e+02
2490	1.134661e+02
2491	1.137226e+02
2492	1.139360e+02
2493	1.140722e+02
2494	1.140763e+02
2495	1.140173e+02
2496	1.139904e+02
2497	1.139932e+02
2498	1.139223e+02
2499	1.138761e+02
2500	1.139080e+02
2501	1.138848e+02
2502	1.137415e+02
2503	1.136260e+02
2504	1.134349e+02
2505	1.132734e+02
2506	1.130424e+02
2507	1.127720e+02
2508	1.124719e+02
2509	1.121363e+02
2510	1.117312e+02
2511	1.112853e+02
2512	1.107842e+02
2513	1.102332e+02
2514	1.096581e+02
2515	1.090756e+02
2516	1.084804e+02
2517	1.078981e+02
2518	1.073851e+02
2519	1.068725e+02
2520	1.064192e+02
2521	1.059819e+02
2522	1.055640e+02
2523	1.051903e+02
2524	1.048495e+02
2525	1.045373e+02
2526	1.043491e+02
2527	1.041922e+02
2528	1.040894e+02
2529	1.041068e+02
2530	1.041964e+02
2531	1.043332e+02
2532	1.045840e+02
2533	1.048591e+02
2534	1.053021e+02
2535	1.057871e+02
2536	1.063355e+02
2537	1.069262e+02
2538	1.075838e+02
2539	1.081819e+02
2540	1.087863e+02
2541	1.093454e+02
2542	1.099139e+02
2543	1.104738e+02
2544	1.110355e+02
2545	1.115202e+02
2546	1.119963e+02
2547	1.124152e+02
2548	1.127758e+02
2549	1.131061e+02
2550	1.133980e+02
2551	1.136175e+02
2552	1.138644e+02
2553	1.141106e+02
2554	1.142322e+02
2555	1.143221e+02
2556	1.142705e+02
2557	1.141243e+02
2558	1.138777e+02
2559	1.135425e+02
2560	1.131517e+02
2561	1.128865e+02
2562	1.126505e+02
2563	1.125234e+02
2564	1.124090e+02
2565	1.123615e+02
2566	1.123341e+02
2567	1.123496e+02
2568	1.124002e+02
2569	1.124958e+02
2570	1.126976e+02
2571	1.129362e+02
2572	1.131012e+02
2573	1.133135e+02
2574	1.135327e+02
2575	1.138318e+02
2576	1.141405e+02
2577	1.145417e+02
2578	1.148844e+02
2579	1.152030e+02
2580	1.155747e+02
2581	1.160189e+02
2582	1.164006e+02
2583	1.167846e+02
2584	1.171855e+02
2585	1.176814e+02
2586	1.181771e+02
2587	1.187034e+02
2588	1.191687e+02
2589	1.195656e+02
2590	1.199668e+02
2591	1.203779e+02
2592	1.207566e+02
2593	1.211634e+02
2594	1.214731e+02
2595	1.216532e+02
2596	1.218035e+02
2597	1.219140e+02
2598	1.218740e+02
2599	1.217971e+02
2600	1.216133e+02
2601	1.213542e+02
2602	1.209976e+02
2603	1.205167e+02
2604	1.199696e+02
2605	1.193902e+02
2606	1.187354e+02
2607	1.180677e+02
2608	1.173730e+02
2609	1.167154e+02
2610	1.160476e+02
2611	1.154012e+02
2612	1.147829e+02
2613	1.142059e+02
2614	1.135987e+02
2615	1.130456e+02
2616	1.125253e+02
2617	1.119882e+02
2618	1.115186e+02
2619	1.110652e+02
2620	1.107046e+02
2621	1.104321e+02
2622	1.101963e+02
2623	1.100111e+02
2624	1.099066e+02
2625	1.098241e+02
2626	1.098390e+02
2627	1.099044e+02
2628	1.099879e+02
2629	1.100783e+02
2630	1.102019e+02
2631	1.103790e+02
2632	1.106616e+02
2633	1.109417e+02
2634	1.112459e+02
2635	1.115021e+02
2636	1.117377e+02
2637	1.119228e+02
2638	1.120998e+02
2639	1.122512e+02
2640	1.124364e+02
2641	1.125989e+02
2642	1.127709e+02
2643	1.128900e+02
2644	1.129243e+02
2645	1.129635e+02
2646	1.129880e+02
2647	1.129937e+02
2648	1.130451e+02
2649	1.130630e+02
2650	1.130688e+02
2651	1.131485e+02
2652	1.132350e+02
2653	1.133628e+02
2654	1.134534e+02
2655	1.135284e+02
2656	1.137140e+02
2657	1.138704e+02
2658	1.139685e+02
2659	1.140653e+02
2660	1.142443e+02
2661	1.144483e+02
2662	1.146766e+02
2663	1.148948e+02
2664	1.151392e+02
2665	1.153297e+02
2666	1.155348e+02
2667	1.156615e+02
2668	1.157478e+02
2669	1.158688e+02
2670	1.160551e+02
2671	1.161739e+02
2672	1.162524e+02
2673	1.164012e+02
2674	1.165597e+02
2675	1.166779e+02
2676	1.168300e+02
2677	1.170704e+02
2678	1.172607e+02
2679	1.173696e+02
2680	1.174435e+02
2681	1.174247e+02
2682	1.173158e+02
2683	1.171291e+02
2684	1.169101e+02
2685	1.166217e+02
2686	1.162270e+02
2687	1.157859e+02
2688	1.153306e+02
2689	1.148999e+02
2690	1.143607e+02
2691	1.137402e+02
2692	1.130252e+02
2693	1.122639e+02
2694	1.114630e+02
2695	1.107481e+02
2696	1.100992e+02
2697	1.094383e+02
2698	1.088331e+02
2699	1.082485e+02
2700	1.076428e+02
2701	1.071359e+02
2702	1.066780e+02
2703	1.062412e+02
2704	1.058900e+02
2705	1.055183e+02
2706	1.051908e+02
2707	1.049102e+02
2708	1.046928e+02
2709	1.046049e+02
2710	1.046033e+02
2711	1.046209e+02
2712	1.046416e+02
2713	1.046660e+02
2714	1.047859e+02
2715	1.050440e+02
2716	1.053533e+02
2717	1.057040e+02
2718	1.061377e+02
2719	1.066145e+02
2720	1.070024e+02
2721	1.073470e+02
2722	1.077266e+02
2723	1.080964e+02
2724	1.084790e+02
2725	1.088330e+02
2726	1.091073e+02
2727	1.093382e+02
2728	1.094485e+02
2729	1.096181e+02
2730	1.097709e+02
2731	1.099197e+02
2732	1.100388e+02
2733	1.100696e+02
2734	1.101018e+02
2735	1.102042e+02
2736	1.102418e+02
2737	1.102638e+02
2738	1.102757e+02
2739	1.102620e+02
2740	1.102206e+02
2741	1.102242e+02
2742	1.102873e+02
2743	1.104121e+02
2744	1.105511e+02
2745	1.106711e+02
2746	1.107935e+02
2747	1.109529e+02
2748	1.111415e+02
2749	1.113697e+02
2750	1.116622e+02
2751	1.119138e+02
2752	1.120964e+02
2753	1.122011e+02
2754	1.122994e+02
2755	1.124046e+02
2756	1.124514e+02
2757	1.124652e+02
2758	1.123936e+02
2759	1.124028e+02
2760	1.123869e+02
2761	1.123658e+02
2762	1.123162e+02
2763	1.122870e+02
2764	1.122540e+02
2765	1.121874e+02
2766	1.120877e+02
2767	1.119750e+02
2768	1.118243e+02
2769	1.115537e+02
2770	1.112019e+02
2771	1.108409e+02
2772	1.104387e+02
2773	1.099748e+02
2774	1.095208e+02
2775	1.090811e+02
2776	1.086135e+02
2777	1.080254e+02
2778	1.072739e+02
2779	1.065137e+02
2780	1.057809e+02
2781	1.050526e+02
2782	1.043617e+02
2783	1.036367e+02
2784	1.029767e+02
2785	1.024006e+02
2786	1.018767e+02
2787	1.013988e+02
2788	1.009824e+02
2789	1.006342e+02
2790	1.004259e+02
2791	1.003511e+02
2792	1.004128e+02
2793	1.006579e+02
2794	1.009842e+02
2795	1.013430e+02
2796	1.017608e+02
2797	1.022819e+02
2798	1.028424e+02
2799	1.034309e+02
2800	1.040948e+02
2801	1.048023e+02
2802	1.055135e+02
2803	1.062549e+02
2804	1.071088e+02
2805	1.079785e+02
2806	1.088992e+02
2807	1.097685e+02
2808	1.107085e+02
2809	1.116688e+02
2810	1.126508e+02
2811	1.137063e+02
2812	1.147044e+02
2813	1.156065e+02
2814	1.164711e+02
2815	1.173375e+02
2816	1.181270e+02
2817	1.188441e+02
2818	1.193535e+02
2819	1.198110e+02
2820	1.201645e+02
2821	1.203731e+02
2822	1.204922e+02
2823	1.205423e+02
2824	1.205150e+02
2825	1.203366e+02
2826	1.201084e+02
2827	1.197619e+02
2828	1.194013e+02
2829	1.189080e+02
2830	1.183790e+02
2831	1.177389e+02
2832	1.169831e+02
2833	1.162137e+02
2834	1.154499e+02
2835	1.146886e+02
2836	1.138275e+02
2837	1.130136e+02
2838	1.121882e+02
2839	1.113732e+02
2840	1.106405e+02
2841	1.099370e+02
2842	1.092225e+02
2843	1.085645e+02
2844	1.079453e+02
2845	1.074453e+02
2846	1.070733e+02
2847	1.067137e+02
2848	1.063997e+02
2849	1.061757e+02
2850	1.060224e+02
2851	1.059825e+02
2852	1.060660e+02
2853	1.062861e+02
2854	1.066459e+02
2855	1.071901e+02
2856	1.077148e+02
2857	1.082511e+02
2858	1.088942e+02
2859	1.096071e+02
2860	1.104075e+02
2861	1.112597e+02
2862	1.120881e+02
2863	1.129694e+02
2864	1.138745e+02
2865	1.147193e+02
2866	1.154832e+02
2867	1.162972e+02
2868	1.170276e+02
2869	1.177845e+02
2870	1.184537e+02
2871	1.190978e+02
2872	1.197181e+02
2873	1.202276e+02
2874	1.207667e+02
2875	1.212882e+02
2876	1.217237e+02
2877	1.221066e+02
2878	1.225629e+02
2879	1.229493e+02
2880	1.232120e+02
2881	1.234295e+02
2882	1.236223e+02
2883	1.237288e+02
2884	1.238308e+02
2885	1.238234e+02
2886	1.237566e+02
2887	1.235653e+02
2888	1.232772e+02
2889	1.229559e+02
2890	1.226507e+02
2891	1.223957e+02
2892	1.221199e+02
2893	1.218887e+02
2894	1.216626e+02
2895	1.214390e+02
2896	1.212877e+02
2897	1.210511e+02
2898	1.209071e+02
2899	1.207923e+02
2900	1.206722e+02
2901	1.206011e+02
2902	1.205909e+02
2903	1.205542e+02
2904	1.203869e+02
2905	1.201956e+02
2906	1.199615e+02
2907	1.197315e+02
2908	1.195050e+02
2909	1.192713e+02
2910	1.189715e+02
2911	1.185909e+02
2912	1.181974e+02
2913	1.177731e+02
2914	1.173598e+02
2915	1.168821e+02
2916	1.164311e+02
2917	1.159197e+02
2918	1.153973e+02
2919	1.148217e+02
2920	1.141783e+02
2921	1.135617e+02
2922	1.128833e+02
2923	1.122177e+02
2924	1.114989e+02
2925	1.108240e+02
2926	1.101629e+02
2927	1.094903e+02
2928	1.088034e+02
2929	1.081108e+02
2930	1.073992e+02
2931	1.067343e+02
2932	1.061426e+02
2933	1.055730e+02
2934	1.049895e+02
2935	1.044682e+02
2936	1.040582e+02
2937	1.037727e+02
2938	1.035241e+02
2939	1.033762e+02
2940	1.033353e+02
2941	1.033559e+02
2942	1.033820e+02
2943	1.034189e+02
2944	1.035119e+02
2945	1.035637e+02
2946	1.036714e+02
2947	1.038365e+02
2948	1.040839e+02
2949	1.044329e+02
2950	1.047937e+02
2951	1.052036e+02
2952	1.056858e+02
2953	1.062569e+02
2954	1.068193e+02
2955	1.074698e+02
2956	1.080467e+02
2957	1.085776e+02
2958	1.091609e+02
2959	1.097946e+02
2960	1.103791e+02
2961	1.108806e+02
2962	1.113329e+02
2963	1.117806e+02
2964	1.122269e+02
2965	1.125910e+02
2966	1.129153e+02
2967	1.131476e+02
2968	1.134173e+02
2969	1.136262e+02
2970	1.137678e+02
2971	1.138676e+02
2972	1.139120e+02
2973	1.139227e+02
2974	1.139081e+02
2975	1.138097e+02
2976	1.136834e+02
2977	1.135266e+02
2978	1.133041e+02
2979	1.131471e+02
2980	1.130160e+02
2981	1.128254e+02
2982	1.125078e+02
2983	1.121678e+02
2984	1.117408e+02
2985	1.112826e+02
2986	1.107599e+02
2987	1.102427e+02
2988	1.097560e+02
2989	1.092752e+02
2990	1.088775e+02
2991	1.085028e+02
2992	1.081930e+02
2993	1.078614e+02
2994	1.075638e+02
2995	1.072362e+02
2996	1.068896e+02
2997	1.065795e+02
2998	1.062450e+02
2999	1.060072e+02
3000	1.058141e+02
3001	1.056973e+02
3002	1.056780e+02
3003	1.057130e+02
3004	1.057530e+02
3005	1.058185e+02
3006	1.058831e+02
3007	1.059774e+02
3008	1.060848e+02
3009	1.062504e+02
3010	1.063940e+02
3011	1.065669e+02
3012	1.067522e+02
3013	1.070032e+02
3014	1.072692e+02
3015	1.075298e+02
3016	1.078227e+02
3017	1.081631e+02
3018	1.085491e+02
3019	1.088786e+02
3020	1.092666e+02
3021	1.097183e+02
3022	1.101099e+02
3023	1.105282e+02
3024	1.108338e+02
3025	1.111289e+02
3026	1.114256e+02
3027	1.117229e+02
3028	1.120769e+02
3029	1.123938e+02
3030	1.126892e+02
3031	1.129402e+02
3032	1.130327e+02
3033	1.131192e+02
3034	1.131505e+02
3035	1.130943e+02
3036	1.129736e+02
3037	1.128016e+02
3038	1.125642e+02
3039	1.122432e+02
3040	1.118984e+02
3041	1.115478e+02
3042	1.112203e+02
3043	1.109579e+02
3044	1.107077e+02
3045	1.105552e+02
3046	1.104316e+02
3047	1.102484e+02
3048	1.101469e+02
3049	1.100837e+02
3050	1.101026e+02
3051	1.103123e+02
3052	1.106007e+02
3053	1.110103e+02
3054	1.115086e+02
3055	1.119642e+02
3056	1.124887e+02
3057	1.130534e+02
3058	1.137243e+02
3059	1.144488e+02
3060	1.152194e+02
3061	1.159606e+02
3062	1.166895e+02
3063	1.174261e+02
3064	1.180538e+02
3065	1.185973e+02
3066	1.191062e+02
3067	1.195636e+02
3068	1.199615e+02
3069	1.203546e+02
3070	1.207166e+02
3071	1.210488e+02
3072	1.212989e+02
3073	1.215080e+02
3074	1.216015e+02
3075	1.217027e+02
3076	1.217468e+02
3077	1.216866e+02
3078	1.215758e+02
3079	1.212775e+02
3080	1.209297e+02
3081	1.205627e+02
3082	1.200113e+02
3083	1.193503e+02
3084	1.187101e+02
3085	1.179717e+02
3086	1.171631e+02
3087	1.163223e+02
3088	1.155166e+02
3089	1.147140e+02
3090	1.139943e+02
3091	1.132994e+02
3092	1.126121e+02
3093	1.119444e+02
3094	1.112813e+02
3095	1.106643e+02
3096	1.100584e+02
3097	1.094233e+02
3098	1.088478e+02
3099	1.082648e+02
3100	1.076845e+02
3101	1.071461e+02
3102	1.067077e+02
3103	1.062972e+02
3104	1.060069e+02
3105	1.058525e+02
3106	1.058232e+02
3107	1.059098e+02
3108	1.061121e+02
3109	1.064917e+02
3110	1.069002e+02
3111	1.073873e+02
3112	1.079349e+02
3113	1.085457e+02
3114	1.091934e+02
3115	1.098538e+02
3116	1.105233e+02
3117	1.112406e+02
3118	1.120804e+02
3119	1.129286e+02
3120	1.137686e+02
3121	1.145340e+02
3122	1.153494e+02
3123	1.162109e+02
3124	1.169717e+02
3125	1.177231e+02
3126	1.184650e+02
3127	1.190557e+02
3128	1.195028e+02
3129	1.198332e+02
3130	1.201099e+02
3131	1.203293e+02
3132	1.204125e+02
3133	1.203777e+02
3134	1.202717e+02
3135	1.200843e+02
3136	1.198320e+02
3137	1.195204e+02
3138	1.191512e+02
3139	1.187632e+02
3140	1.183026e+02
3141	1.178218e+02
3142	1.173476e+02
3143	1.168622e+02
3144	1.162949e+02
3145	1.157318e+02
3146	1.151114e+02
3147	1.145123e+02
3148	1.139273e+02
3149	1.133923e+02
3150	1.128692e+02
3151	1.124388e+02
3152	1.120111e+02
3153	1.115695e+02
3154	1.111135e+02
3155	1.107154e+02
3156	1.104354e+02
3157	1.101891e+02
3158	1.099980e+02
3159	1.098701e+02
3160	1.097754e+02
3161	1.097694e+02
3162	1.097493e+02
3163	1.097549e+02
3164	1.098083e+02
3165	1.099441e+02
3166	1.100367e+02
3167	1.102062e+02
3168	1.103939e+02
3169	1.105077e+02
3170	1.107358e+02
3171	1.109599e+02
3172	1.112208e+02
3173	1.114536e+02
3174	1.116850e+02
3175	1.119320e+02
3176	1.122266e+02
3177	1.125268e+02
3178	1.128918e+02
3179	1.131731e+02
3180	1.134197e+02
3181	1.136560e+02
3182	1.139181e+02
3183	1.141440e+02
3184	1.144388e+02
3185	1.148056e+02
3186	1.150871e+02
3187	1.152862e+02
3188	1.153843e+02
3189	1.154675e+02
3190	1.155334e+02
3191	1.155652e+02
3192	1.155694e+02
3193	1.155292e+02
3194	1.155113e+02
3195	1.154295e+02
3196	1.152338e+02
3197	1.150220e+02
3198	1.147598e+02
3199	1.145470e+02
3200	1.143898e+02
3201	1.141507e+02
3202	1.138772e+02
3203	1.137066e+02
3204	1.135434e+02
3205	1.133279e+02
3206	1.130811e+02
3207	1.128630e+02
3208	1.126682e+02
3209	1.125587e+02
3210	1.124599e+02
3211	1.123746e+02
3212	1.123636e+02
3213	1.123786e+02
3214	1.124214e+02
3215	1.125461e+02
3216	1.127955e+02
3217	1.131188e+02
3218	1.134916e+02
3219	1.138891e+02
3220	1.143458e+02
3221	1.148463e+02
3222	1.153785e+02
3223	1.159191e+02
3224	1.165318e+02
3225	1.171291e+02
3226	1.176670e+02
3227	1.181797e+02
3228	1.185602e+02
3229	1.188782e+02
3230	1.191760e+02
3231	1.194265e+02
3232	1.195359e+02
3233	1.195633e+02
3234	1.195281e+02
3235	1.193892e+02
3236	1.191843e+02
3237	1.189682e+02
3238	1.186432e+02
3239	1.181430e+02
3240	1.175881e+02
3241	1.169827e+02
3242	1.162700e+02
3243	1.156017e+02
3244	1.148228e+02
3245	1.139622e+02
3246	1.130026e+02
3247	1.120296e+02
3248	1.110618e+02
3249	1.100400e+02
3250	1.090828e+02
3251	1.080952e+02
3252	1.071399e+02
3253	1.061080e+02
3254	1.051551e+02
3255	1.043044e+02
3256	1.035857e+02
3257	1.030184e+02
3258	1.025689e+02
3259	1.022317e+02
3260	1.021209e+02
3261	1.021078e+02
3262	1.021801e+02
3263	1.023136e+02
3264	1.025756e+02
3265	1.029035e+02
3266	1.032874e+02
3267	1.037951e+02
3268	1.045286e+02
3269	1.053612e+02
3270	1.063128e+02
3271	1.073183e+02
3272	1.083305e+02
3273	1.093892e+02
3274	1.103767e+02
3275	1.112833e+02
3276	1.121571e+02
3277	1.129440e+02
3278	1.137479e+02
3279	1.145017e+02
3280	1.152700e+02
3281	1.159802e+02
3282	1.166878e+02
3283	1.173079e+02
3284	1.178630e+02
3285	1.183861e+02
3286	1.188167e+02
3287	1.191049e+02
3288	1.192779e+02
3289	1.194683e+02
3290	1.195522e+02
3291	1.195228e+02
3292	1.193661e+02
3293	1.190489e+02
3294	1.185446e+02
3295	1.180533e+02
3296	1.175305e+02
3297	1.169992e+02
3298	1.164674e+02
3299	1.158938e+02
3300	1.153498e+02
3301	1.147348e+02
3302	1.140917e+02
3303	1.134594e+02
3304	1.128977e+02
3305	1.122990e+02
3306	1.116982e+02
3307	1.111376e+02
3308	1.107021e+02
3309	1.103058e+02
3310	1.099242e+02
3311	1.095254e+02
3312	1.092965e+02
3313	1.090857e+02
3314	1.089065e+02
3315	1.087885e+02
3316	1.087019e+02
3317	1.086924e+02
3318	1.087697e+02
3319	1.088527e+02
3320	1.089816e+02
3321	1.091518e+02
3322	1.092507e+02
3323	1.093462e+02
3324	1.094663e+02
3325	1.096744e+02
3326	1.098653e+02
3327	1.100870e+02
3328	1.102751e+02
3329	1.104425e+02
3330	1.106076e+02
3331	1.107096e+02
3332	1.108861e+02
3333	1.110014e+02
3334	1.110797e+02
3335	1.111108e+02
3336	1.111563e+02
3337	1.111761e+02
3338	1.111465e+02
3339	1.110720e+02
3340	1.109287e+02
3341	1.107214e+02
3342	1.104952e+02
3343	1.102273e+02
3344	1.099820e+02
3345	1.097792e+02
3346	1.096179e+02
3347	1.094340e+02
3348	1.092491e+02
3349	1.089941e+02
3350	1.087866e+02
3351	1.086008e+02
3352	1.083862e+02
3353	1.082829e+02
3354	1.082663e+02
3355	1.083010e+02
3356	1.083448e+02
3357	1.084038e+02
3358	1.085316e+02
3359	1.087140e+02
3360	1.089053e+02
3361	1.091462e+02
3362	1.094341e+02
3363	1.098129e+02
3364	1.102071e+02
3365	1.105816e+02
3366	1.109349e+02
3367	1.113621e+02
3368	1.117986e+02
3369	1.122591e+02
3370	1.127820e+02
3371	1.133398e+02
3372	1.139003e+02
3373	1.144848e+02
3374	1.149561e+02
3375	1.154138e+02
3376	1.158346e+02
3377	1.162181e+02
3378	1.165718e+02
3379	1.168952e+02
3380	1.171973e+02
3381	1.175351e+02
3382	1.178099e+02
3383	1.180801e+02
3384	1.182674e+02
3385	1.182874e+02
3386	1.182074e+02
3387	1.181212e+02
3388	1.180234e+02
3389	1.178719e+02
3390	1.176845e+02
3391	1.173887e+02
3392	1.170882e+02
3393	1.167698e+02
3394	1.164744e+02
3395	1.162105e+02
3396	1.159069e+02
3397	1.155625e+02
3398	1.151516e+02
3399	1.147210e+02
3400	1.142775e+02
3401	1.138653e+02
3402	1.134542e+02
3403	1.129884e+02
3404	1.124746e+02
3405	1.119285e+02
3406	1.113404e+02
3407	1.107403e+02
3408	1.101387e+02
3409	1.096312e+02
3410	1.091851e+02
3411	1.087830e+02
3412	1.084192e+02
3413	1.081385e+02
3414	1.079076e+02
3415	1.077299e+02
3416	1.076428e+02
3417	1.076333e+02
3418	1.076983e+02
3419	1.077771e+02
3420	1.080042e+02
3421	1.082687e+02
3422	1.086073e+02
3423	1.090510e+02
3424	1.095509e+02
3425	1.101733e+02
3426	1.108297e+02
3427	1.115547e+02
3428	1.123159e+02
3429	1.131462e+02
3430	1.139874e+02
3431	1.148285e+02
3432	1.155774e+02
3433	1.162515e+02
3434	1.169341e+02
3435	1.176221e+02
3436	1.182611e+02
3437	1.188123e+02
3438	1.192758e+02
3439	1.196649e+02
3440	1.199297e+02
3441	1.201618e+02
3442	1.203258e+02
3443	1.204040e+02
3444	1.203380e+02
3445	1.202527e+02
3446	1.201611e+02
3447	1.199706e+02
3448	1.197113e+02
3449	1.194638e+02
3450	1.192031e+02
3451	1.189184e+02
3452	1.186124e+02
3453	1.183543e+02
3454	1.180542e+02
3455	1.177183e+02
3456	1.173046e+02
3457	1.169834e+02
3458	1.166645e+02
3459	1.163311e+02
3460	1.161006e+02
3461	1.159126e+02
3462	1.156963e+02
3463	1.155677e+02
3464	1.154230e+02
3465	1.153159e+02
3466	1.152676e+02
3467	1.153338e+02
3468	1.153652e+02
3469	1.153412e+02
3470	1.153648e+02
3471	1.153373e+02
3472	1.153720e+02
3473	1.153875e+02
3474	1.154552e+02
3475	1.155961e+02
3476	1.157499e+02
3477	1.159559e+02
3478	1.161092e+02
3479	1.162569e+02
3480	1.164408e+02
3481	1.165077e+02
3482	1.165085e+02
3483	1.164109e+02
3484	1.163215e+02
3485	1.161411e+02
3486	1.158877e+02
3487	1.155956e+02
3488	1.152935e+02
3489	1.149455e+02
3490	1.145728e+02
3491	1.141971e+02
3492	1.137471e+02
3493	1.132226e+02
3494	1.126620e+02
3495	1.120569e+02
3496	1.114067e+02
3497	1.107431e+02
3498	1.100752e+02
3499	1.094569e+02
3500	1.088803e+02
3501	1.082400e+02
3502	1.076345e+02
3503	1.070502e+02
3504	1.064750e+02
3505	1.058897e+02
3506	1.054096e+02
3507	1.049208e+02
3508	1.044901e+02
3509	1.041005e+02
3510	1.038512e+02
3511	1.036470e+02
3512	1.035304e+02
3513	1.035223e+02
3514	1.036113e+02
3515	1.038413e+02
3516	1.041287e+02
3517	1.045191e+02
3518	1.049823e+02
3519	1.055886e+02
3520	1.061877e+02
3521	1.068411e+02
3522	1.076191e+02
3523	1.084021e+02
3524	1.092473e+02
3525	1.101979e+02
3526	1.111494e+02
3527	1.121470e+02
3528	1.130728e+02
3529	1.139675e+02
3530	1.148527e+02
3531	1.157211e+02
3532	1.165256e+02
3533	1.173059e+02
3534	1.180138e+02
3535	1.186678e+02
3536	1.192389e+02
3537	1.197495e+02
3538	1.201176e+02
3539	1.203768e+02
3540	1.205959e+02
3541	1.207188e+02
3542	1.207227e+02
3543	1.206392e+02
3544	1.205386e+02
3545	1.203166e+02
3546	1.199405e+02
3547	1.194762e+02
3548	1.188926e+02
3549	1.182180e+02
3550	1.175509e+02
3551	1.168586e+02
3552	1.161440e+02
3553	1.155017e+02
3554	1.148438e+02
3555	1.142202e+02
3556	1.136951e+02
3557	1.131625e+02
3558	1.126143e+02
3559	1.121069e+02
3560	1.115975e+02
3561	1.110931e+02
3562	1.106506e+02
3563	1.102271e+02
3564	1.099133e+02
3565	1.096705e+02
3566	1.094524e+02
3567	1.092238e+02
3568	1.091873e+02
3569	1.091626e+02
3570	1.090789e+02
3571	1.089819e+02
3572	1.090170e+02
3573	1.091109e+02
3574	1.092455e+02
3575	1.095238e+02
3576	1.099319e+02
3577	1.104032e+02
3578	1.109536e+02
3579	1.115998e+02
3580	1.121900e+02
3581	1.127638e+02
3582	1.133272e+02
3583	1.138143e+02
3584	1.143025e+02
3585	1.147840e+02
3586	1.152254e+02
3587	1.156190e+02
3588	1.159601e+02
3589	1.162314e+02
3590	1.163373e+02
3591	1.163505e+02
3592	1.162733e+02
3593	1.160791e+02
3594	1.157252e+02
3595	1.153057e+02
3596	1.148850e+02
3597	1.144528e+02
3598	1.139497e+02
3599	1.134034e+02
3600	1.129119e+02
3601	1.124069e+02
3602	1.119085e+02
3603	1.114738e+02
3604	1.110674e+02
3605	1.107408e+02
3606	1.104474e+02
3607	1.101870e+02
3608	1.100224e+02
3609	1.099093e+02
3610	1.097944e+02
3611	1.096980e+02
3612	1.096967e+02
3613	1.098082e+02
3614	1.099462e+02
3615	1.101312e+02
3616	1.102970e+02
3617	1.104934e+02
3618	1.107471e+02
3619	1.110677e+02
3620	1.113163e+02
3621	1.114849e+02
3622	1.116402e+02
3623	1.118175e+02
3624	1.120467e+02
3625	1.122938e+02
3626	1.125252e+02
3627	1.128192e+02
3628	1.131335e+02
3629	1.133659e+02
3630	1.136693e+02
3631	1.139058e+02
3632	1.141507e+02
3633	1.144086e+02
3634	1.145593e+02
3635	1.146610e+02
3636	1.147699e+02
3637	1.148784e+02
3638	1.149949e+02
3639	1.151468e+02
3640	1.152985e+02
3641	1.153564e+02
3642	1.153873e+02
3643	1.154189e+02
3644	1.154559e+02
3645	1.155418e+02
3646	1.156073e+02
3647	1.157172e+02
3648	1.157813e+02
3649	1.157789e+02
3650	1.157042e+02
3651	1.155368e+02
3652	1.153647e+02
3653	1.150709e+02
3654	1.147489e+02
3655	1.144137e+02
3656	1.141344e+02
3657	1.138054e+02
3658	1.134331e+02
3659	1.130628e+02
3660	1.126929e+02
3661	1.122888e+02
3662	1.119151e+02
3663	1.115683e+02
3664	1.112614e+02
3665	1.109939e+02
3666	1.107960e+02
3667	1.105805e+02
3668	1.103946e+02
3669	1.102936e+02
3670	1.102101e+02
3671	1.101754e+02
3672	1.100971e+02
3673	1.099919e+02
3674	1.098539e+02
3675	1.098655e+02
3676	1.099892e+02
3677	1.100962e+02
3678	1.101918e+02
3679	1.104136e+02
3680	1.106945e+02
3681	1.110529e+02
3682	1.114176e+02
3683	1.117329e+02
3684	1.119889e+02
3685	1.122747e+02
3686	1.125673e+02
3687	1.127926e+02
3688	1.129963e+02
3689	1.132195e+02
3690	1.133906e+02
3691	1.135279e+02
3692	1.136445e+02
3693	1.138340e+02
3694	1.139745e+02
3695	1.141057e+02
3696	1.142063e+02
3697	1.142537e+02
3698	1.142955e+02
3699	1.143143e+02
3700	1.142388e+02
3701	1.141277e+02
3702	1.140423e+02
3703	1.139544e+02
3704	1.138078e+02
3705	1.136742e+02
3706	1.135593e+02
3707	1.133979e+02
3708	1.132710e+02
3709	1.132156e+02
3710	1.131025e+02
3711	1.129887e+02
3712	1.127826e+02
3713	1.126047e+02
3714	1.124216e+02
3715	1.122368e+02
3716	1.121159e+02
3717	1.120193e+02
3718	1.119772e+02
3719	1.119389e+02
3720	1.118526e+02
3721	1.117181e+02
3722	1.115880e+02
3723	1.115564e+02
3724	1.116144e+02
3725	1.116898e+02
3726	1.117128e+02
3727	1.117692e+02
3728	1.118469e+02
3729	1.119419e+02
3730	1.120374e+02
3731	1.121139e+02
3732	1.122808e+02
3733	1.124778e+02
3734	1.127152e+02
3735	1.129997e+02
3736	1.132357e+02
3737	1.134975e+02
3738	1.137416e+02
3739	1.139179e+02
3740	1.140244e+02
3741	1.140324e+02
3742	1.139437e+02
3743	1.138449e+02
3744	1.138376e+02
3745	1.138317e+02
3746	1.137900e+02
3747	1.136751e+02
3748	1.134831e+02
3749	1.132946e+02
3750	1.130874e+02
3751	1.129506e+02
3752	1.127730e+02
3753	1.125469e+02
3754	1.123189e+02
3755	1.121350e+02
3756	1.119401e+02
3757	1.117327e+02
3758	1.115246e+02
3759	1.112225e+02
3760	1.109473e+02
3761	1.105972e+02
3762	1.102785e+02
3763	1.099697e+02
3764	1.097337e+02
3765	1.096462e+02
3766	1.095702e+02
3767	1.094735e+02
3768	1.093534e+02
3769	1.093038e+02
3770	1.092512e+02
3771	1.092075e+02
3772	1.091746e+02
3773	1.092043e+02
3774	1.092499e+02
3775	1.093133e+02
3776	1.094073e+02
3777	1.095445e+02
3778	1.096744e+02
3779	1.098686e+02
3780	1.100415e+02
3781	1.101981e+02
3782	1.103635e+02
3783	1.105108e+02
3784	1.106922e+02
3785	1.108959e+02
3786	1.110718e+02
3787	1.112536e+02
3788	1.114511e+02
3789	1.114667e+02
3790	1.114521e+02
3791	1.115465e+02
3792	1.116628e+02
3793	1.118036e+02
3794	1.119140e+02
3795	1.119904e+02
3796	1.120405e+02
3797	1.120567e+02
3798	1.121146e+02
3799	1.121926e+02
3800	1.123528e+02
3801	1.124536e+02
3802	1.125749e+02
3803	1.126353e+02
3804	1.126298e+02
3805	1.125360e+02
3806	1.124583e+02
3807	1.123508e+02
3808	1.122588e+02
3809	1.122337e+02
3810	1.121003e+02
3811	1.119387e+02
3812	1.118144e+02
3813	1.117371e+02
3814	1.116477e+02
3815	1.115365e+02
3816	1.114417e+02
3817	1.112612e+02
3818	1.111051e+02
3819	1.109768e+02
3820	1.108316e+02
3821	1.106462e+02
3822	1.104412e+02
3823	1.103836e+02
3824	1.102932e+02
3825	1.102189e+02
3826	1.101292e+02
3827	1.100734e+02
3828	1.101828e+02
3829	1.103129e+02
3830	1.104652e+02
3831	1.106004e+02
3832	1.107994e+02
3833	1.110396e+02
3834	1.112516e+02
3835	1.115749e+02
3836	1.119567e+02
3837	1.123063e+02
3838	1.126738e+02
3839	1.131133e+02
3840	1.135794e+02
3841	1.140421e+02
3842	1.145168e+02
3843	1.150233e+02
3844	1.155563e+02
3845	1.160602e+02
3846	1.166178e+02
3847	1.172345e+02
3848	1.178178e+02
3849	1.184655e+02
3850	1.191141e+02
3851	1.196695e+02
3852	1.201173e+02
3853	1.204774e+02
3854	1.208504e+02
3855	1.210929e+02
3856	1.212417e+02
3857	1.212898e+02
3858	1.212817e+02
3859	1.211727e+02
3860	1.210521e+02
3861	1.208258e+02
3862	1.205114e+02
3863	1.201550e+02
3864	1.197506e+02
3865	1.192861e+02
3866	1.188169e+02
3867	1.183258e+02
3868	1.178326e+02
3869	1.174041e+02
3870	1.170669e+02
3871	1.166277e+02
3872	1.161320e+02
3873	1.155654e+02
3874	1.150695e+02
3875	1.146430e+02
3876	1.141994e+02
3877	1.136122e+02
3878	1.130685e+02
3879	1.126206e+02
3880	1.121799e+02
3881	1.117340e+02
3882	1.112975e+02
3883	1.109275e+02
3884	1.106321e+02
3885	1.104356e+02
3886	1.102799e+02
3887	1.102060e+02
3888	1.101932e+02
3889	1.101969e+02
3890	1.102267e+02
3891	1.103602e+02
3892	1.105020e+02
3893	1.107806e+02
3894	1.110847e+02
3895	1.113913e+02
3896	1.116588e+02
3897	1.119937e+02
3898	1.123986e+02
3899	1.127289e+02
3900	1.131091e+02
3901	1.135681e+02
3902	1.139802e+02
3903	1.143458e+02
3904	1.146535e+02
3905	1.149264e+02
3906	1.152047e+02
3907	1.153510e+02
3908	1.155111e+02
3909	1.156426e+02
3910	1.157266e+02
3911	1.158124e+02
3912	1.158858e+02
3913	1.158659e+02
3914	1.157764e+02
3915	1.157479e+02
3916	1.157120e+02
3917	1.156602e+02
3918	1.155207e+02
3919	1.153005e+02
3920	1.150744e+02
3921	1.147979e+02
3922	1.144617e+02
3923	1.140838e+02
3924	1.136896e+02
3925	1.132607e+02
3926	1.127128e+02
3927	1.121220e+02
3928	1.115022e+02
3929	1.108995e+02
3930	1.102701e+02
3931	1.095976e+02
3932	1.089956e+02
3933	1.083580e+02
3934	1.077481e+02
3935	1.071855e+02
3936	1.067971e+02
3937	1.064976e+02
3938	1.062836e+02
3939	1.062252e+02
3940	1.062373e+02
3941	1.063197e+02
3942	1.064410e+02
3943	1.066676e+02
3944	1.069952e+02
3945	1.074157e+02
3946	1.079279e+02
3947	1.085232e+02
3948	1.091832e+02
3949	1.098680e+02
3950	1.106789e+02
3951	1.115016e+02
3952	1.122525e+02
3953	1.130422e+02
3954	1.138279e+02
3955	1.145294e+02
3956	1.152533e+02
3957	1.160412e+02
3958	1.167400e+02
3959	1.174535e+02
3960	1.180733e+02
3961	1.186105e+02
3962	1.190888e+02
3963	1.194631e+02
3964	1.197629e+02
3965	1.199575e+02
3966	1.200985e+02
3967	1.201740e+02
3968	1.202575e+02
3969	1.202092e+02
3970	1.199384e+02
3971	1.195755e+02
3972	1.190132e+02
3973	1.183216e+02
3974	1.176170e+02
3975	1.168707e+02
3976	1.161247e+02
3977	1.153861e+02
3978	1.146188e+02
3979	1.138167e+02
3980	1.130825e+02
3981	1.123850e+02
3982	1.117423e+02
3983	1.111737e+02
3984	1.106411e+02
3985	1.101442e+02
3986	1.096973e+02
3987	1.093483e+02
3988	1.089987e+02
3989	1.087203e+02
3990	1.084312e+02
3991	1.081982e+02
3992	1.080012e+02
3993	1.078902e+02
3994	1.077547e+02
3995	1.077039e+02
3996	1.077021e+02
3997	1.077247e+02
3998	1.077861e+02
3999	1.079175e+02
4000	1.080483e+02
4001	1.081954e+02
4002	1.085005e+02
4003	1.088345e+02
4004	1.091786e+02
4005	1.095593e+02
4006	1.099059e+02
4007	1.103230e+02
4008	1.107504e+02
4009	1.111793e+02
4010	1.116048e+02
4011	1.119676e+02
4012	1.122429e+02
4013	1.125285e+02
4014	1.127345e+02
4015	1.128830e+02
4016	1.130160e+02
4017	1.130948e+02
4018	1.131596e+02
4019	1.132822e+02
4020	1.132852e+02
4021	1.131883e+02
4022	1.131076e+02
4023	1.130057e+02
4024	1.128709e+02
4025	1.127517e+02
4026	1.126376e+02
4027	1.125261e+02
4028	1.123889e+02
4029	1.122675e+02
4030	1.122570e+02
4031	1.122837e+02
4032	1.122196e+02
4033	1.122133e+02
4034	1.122586e+02
4035	1.123662e+02
4036	1.124769e+02
4037	1.125036e+02
4038	1.125315e+02
4039	1.126092e+02
4040	1.126990e+02
4041	1.128150e+02
4042	1.130431e+02
4043	1.132461e+02
4044	1.133734e+02
4045	1.135012e+02
4046	1.136647e+02
4047	1.138583e+02
4048	1.140589e+02
4049	1.142630e+02
4050	1.145054e+02
4051	1.148117e+02
4052	1.151326e+02
4053	1.155129e+02
4054	1.159528e+02
4055	1.164281e+02
4056	1.168129e+02
4057	1.171624e+02
4058	1.176035e+02
4059	1.179095e+02
4060	1.180782e+02
4061	1.181689e+02
4062	1.181534e+02
4063	1.181508e+02
4064	1.181736e+02
4065	1.182261e+02
4066	1.183022e+02
4067	1.184105e+02
4068	1.185126e+02
4069	1.185572e+02
4070	1.185633e+02
4071	1.185360e+02
4072	1.184305e+02
4073	1.182584e+02
4074	1.180567e+02
4075	1.178023e+02
4076	1.174670e+02
4077	1.170427e+02
4078	1.165161e+02
4079	1.160089e+02
4080	1.154221e+02
4081	1.146852e+02
4082	1.139702e+02
4083	1.131761e+02
4084	1.124334e+02
4085	1.116121e+02
4086	1.107825e+02
4087	1.100463e+02
4088	1.093282e+02
4089	1.085430e+02
4090	1.077927e+02
4091	1.070438e+02
4092	1.063552e+02
4093	1.057257e+02
4094	1.051378e+02
4095	1.045631e+02
4096	1.040179e+02
4097	1.034218e+02
4098	1.028768e+02
4099	1.024542e+02
4100	1.020659e+02
4101	1.017261e+02
4102	1.014844e+02
4103	1.013539e+02
4104	1.013139e+02
4105	1.013143e+02
4106	1.013723e+02
4107	1.015029e+02
4108	1.017017e+02
4109	1.019113e+02
4110	1.021751e+02
4111	1.025277e+02
4112	1.030134e+02
4113	1.034983e+02
4114	1.040375e+02
4115	1.046154e+02
4116	1.052400e+02
4117	1.059220e+02
4118	1.066206e+02
4119	1.073026e+02
4120	1.078886e+02
4121	1.084189e+02
4122	1.090098e+02
4123	1.095989e+02
4124	1.101410e+02
4125	1.106056e+02
4126	1.111061e+02
4127	1.114642e+02
4128	1.118125e+02
4129	1.121155e+02
4130	1.122833e+02
4131	1.124499e+02
4132	1.124931e+02
4133	1.125457e+02
4134	1.125269e+02
4135	1.124379e+02
4136	1.123653e+02
4137	1.122659e+02
4138	1.120782e+02
4139	1.118846e+02
4140	1.116427e+02
4141	1.113547e+02
4142	1.109905e+02
4143	1.106141e+02
4144	1.102112e+02
4145	1.096396e+02
4146	1.090373e+02
4147	1.084692e+02
4148	1.079894e+02
4149	1.075882e+02
4150	1.072764e+02
4151	1.069464e+02
4152	1.066296e+02
4153	1.064372e+02
4154	1.062369e+02
4155	1.061212e+02
4156	1.060270e+02
4157	1.060113e+02
4158	1.060380e+02
4159	1.061295e+02
4160	1.062626e+02
4161	1.064052e+02
4162	1.065270e+02
4163	1.066135e+02
4164	1.067266e+02
4165	1.068921e+02
4166	1.070473e+02
4167	1.071848e+02
4168	1.073141e+02
4169	1.073940e+02
4170	1.075245e+02
4171	1.076025e+02
4172	1.077315e+02
4173	1.078725e+02
4174	1.080131e+02
4175	1.081699e+02
4176	1.083113e+02
4177	1.084492e+02
4178	1.085543e+02
4179	1.085760e+02
4180	1.086763e+02
4181	1.086799e+02
4182	1.086562e+02
4183	1.085486e+02
4184	1.084621e+02
4185	1.083327e+02
4186	1.081522e+02
4187	1.079328e+02
4188	1.077666e+02
4189	1.075574e+02
4190	1.072750e+02
4191	1.069461e+02
4192	1.066280e+02
4193	1.064040e+02
4194	1.062644e+02
4195	1.062335e+02
4196	1.062307e+02
4197	1.062728e+02
4198	1.064149e+02
4199	1.065650e+02
4200	1.066617e+02
4201	1.068090e+02
4202	1.069886e+02
4203	1.072080e+02
4204	1.074185e+02
4205	1.076585e+02
4206	1.078947e+02
4207	1.081278e+02
4208	1.084219e+02
4209	1.086888e+02
4210	1.090465e+02
4211	1.094291e+02
4212	1.098606e+02
4213	1.103115e+02
4214	1.106934e+02
4215	1.110900e+02
4216	1.115085e+02
4217	1.119177e+02
4218	1.123258e+02
4219	1.126982e+02
4220	1.130524e+02
4221	1.133127e+02
4222	1.134471e+02
4223	1.136774e+02
4224	1.139129e+02
4225	1.140777e+02
4226	1.142234e+02
4227	1.143974e+02
4228	1.145088e+02
4229	1.146658e+02
4230	1.147205e+02
4231	1.147093e+02
4232	1.146168e+02
4233	1.145497e+02
4234	1.144524e+02
4235	1.144149e+02
4236	1.143512e+02
4237	1.142460e+02
4238	1.141421e+02
4239	1.140709e+02
4240	1.140094e+02
4241	1.139482e+02
4242	1.139203e+02
4243	1.139721e+02
4244	1.140178e+02
4245	1.140499e+02
4246	1.140350e+02
4247	1.140341e+02
4248	1.140714e+02
4249	1.140857e+02
4250	1.140412e+02
4251	1.138828e+02
4252	1.136722e+02
4253	1.135141e+02
4254	1.133432e+02
4255	1.131474e+02
4256	1.129478e+02
4257	1.127548e+02
4258	1.126310e+02
4259	1.125413e+02
4260	1.124650e+02
4261	1.123901e+02
4262	1.123314e+02
4263	1.123126e+02
4264	1.123194e+02
4265	1.123078e+02
4266	1.123002e+02
4267	1.122766e+02
4268	1.122218e+02
4269	1.121961e+02
4270	1.121017e+02
4271	1.118580e+02
4272	1.116239e+02
4273	1.114421e+02
4274	1.112818e+02
4275	1.111797e+02
4276	1.111404e+02
4277	1.111486e+02
4278	1.112633e+02
4279	1.114248e+02
4280	1.116330e+02
4281	1.118017e+02
4282	1.120570e+02
4283	1.123728e+02
4284	1.126770e+02
4285	1.129768e+02
4286	1.132975e+02
4287	1.135890e+02
4288	1.138107e+02
4289	1.140076e+02
4290	1.142430e+02
4291	1.144719e+02
4292	1.146498e+02
4293	1.147971e+02
4294	1.148145e+02
4295	1.147325e+02
4296	1.146290e+02
4297	1.145158e+02
4298	1.143495e+02
4299	1.140837e+02
4300	1.138240e+02
4301	1.135669e+02
4302	1.132943e+02
4303	1.130466e+02
4304	1.127591e+02
4305	1.125508e+02
4306	1.123325e+02
4307	1.120542e+02
4308	1.118255e+02
4309	1.116091e+02
4310	1.113148e+02
4311	1.109649e+02
4312	1.105781e+02
4313	1.101523e+02
4314	1.096965e+02
4315	1.092443e+02
4316	1.088285e+02
4317	1.084258e+02
4318	1.080458e+02
4319	1.077459e+02
4320	1.075146e+02
4321	1.073265e+02
4322	1.071797e+02
4323	1.071641e+02
4324	1.071818e+02
4325	1.073522e+02
4326	1.076088e+02
4327	1.079168e+02
4328	1.082478e+02
4329	1.086637e+02
4330	1.090706e+02
4331	1.095794e+02
4332	1.100429e+02
4333	1.104415e+02
4334	1.108283e+02
4335	1.112287e+02
4336	1.115824e+02
4337	1.119505e+02
4338	1.123289e+02
4339	1.126976e+02
4340	1.130799e+02
4341	1.134047e+02
4342	1.137229e+02
4343	1.140093e+02
4344	1.142901e+02
4345	1.145683e+02
4346	1.148337e+02
4347	1.150748e+02
4348	1.152791e+02
4349	1.154458e+02
4350	1.155708e+02
4351	1.156928e+02
4352	1.157031e+02
4353	1.155952e+02
4354	1.154622e+02
4355	1.152554e+02
4356	1.149268e+02
4357	1.144556e+02
4358	1.139375e+02
4359	1.133623e+02
4360	1.128070e+02
4361	1.121718e+02
4362	1.114696e+02
4363	1.107997e+02
4364	1.100835e+02
4365	1.093618e+02
4366	1.086844e+02
4367	1.080800e+02
4368	1.075552e+02
4369	1.071433e+02
4370	1.067659e+02
4371	1.064354e+02
4372	1.062021e+02
4373	1.059552e+02
4374	1.057498e+02
4375	1.055628e+02
4376	1.053817e+02
4377	1.051938e+02
4378	1.050842e+02
4379	1.049820e+02
4380	1.049754e+02
4381	1.050444e+02
4382	1.052132e+02
4383	1.055343e+02
4384	1.059729e+02
4385	1.065096e+02
4386	1.070274e+02
4387	1.076042e+02
4388	1.082463e+02
4389	1.089889e+02
4390	1.097463e+02
4391	1.104329e+02
4392	1.111867e+02
4393	1.119159e+02
4394	1.126490e+02
4395	1.133563e+02
4396	1.139496e+02
4397	1.144711e+02
4398	1.148532e+02
4399	1.150981e+02
4400	1.152076e+02
4401	1.152633e+02
4402	1.151348e+02
4403	1.147963e+02
4404	1.143238e+02
4405	1.137684e+02
4406	1.131305e+02
4407	1.124490e+02
4408	1.116832e+02
4409	1.109069e+02
4410	1.101157e+02
4411	1.092459e+02
4412	1.082302e+02
4413	1.072880e+02
4414	1.064133e+02
4415	1.055906e+02
4416	1.047854e+02
4417	1.040353e+02
4418	1.033654e+02
4419	1.027095e+02
4420	1.020843e+02
4421	1.016501e+02
4422	1.012504e+02
4423	1.009772e+02
4424	1.008243e+02
4425	1.006705e+02
4426	1.006088e+02
4427	1.006341e+02
4428	1.008217e+02
4429	1.011663e+02
4430	1.016516e+02
4431	1.022725e+02
4432	1.030515e+02
4433	1.039208e+02
4434	1.048916e+02
4435	1.059966e+02
4436	1.070559e+02
4437	1.082528e+02
4438	1.095179e+02
4439	1.107875e+02
4440	1.120538e+02
4441	1.133673e+02
4442	1.146989e+02
4443	1.160782e+02
4444	1.173589e+02
4445	1.186007e+02
4446	1.197675e+02
4447	1.208679e+02
4448	1.218249e+02
4449	1.226008e+02
4450	1.232673e+02
4451	1.237097e+02
4452	1.239762e+02
4453	1.240975e+02
4454	1.240764e+02
4455	1.239013e+02
4456	1.236090e+02
4457	1.232801e+02
4458	1.229213e+02
4459	1.225102e+02
4460	1.219589e+02
4461	1.213256e+02
4462	1.205712e+02
4463	1.197709e+02
4464	1.188942e+02
4465	1.179450e+02
4466	1.168568e+02
4467	1.156414e+02
4468	1.143233e+02
4469	1.129409e+02
4470	1.116031e+02
4471	1.102008e+02
4472	1.089335e+02
4473	1.077485e+02
4474	1.067661e+02
4475	1.058974e+02
4476	1.051950e+02
4477	1.046748e+02
4478	1.043734e+02
4479	1.041646e+02
4480	1.041409e+02
4481	1.042406e+02
4482	1.044563e+02
4483	1.047981e+02
4484	1.053138e+02
4485	1.059104e+02
4486	1.066758e+02
4487	1.076213e+02
4488	1.086746e+02
4489	1.097938e+02
4490	1.110358e+02
4491	1.123254e+02
4492	1.136648e+02
4493	1.149350e+02
4494	1.162394e+02
4495	1.175061e+02
4496	1.187013e+02
4497	1.197624e+02
4498	1.208296e+02
4499	1.218453e+02
4500	1.227328e+02
4501	1.235663e+02
4502	1.242595e+02
4503	1.248444e+02
4504	1.253085e+02
4505	1.257450e+02
4506	1.260867e+02
4507	1.263397e+02
4508	1.264711e+02
4509	1.264979e+02
4510	1.262813e+02
4511	1.259391e+02
4512	1.253881e+02
4513	1.247532e+02
4514	1.239838e+02
4515	1.230229e+02
4516	1.219732e+02
4517	1.208376e+02
4518	1.197210e+02
4519	1.185981e+02
4520	1.175075e+02
4521	1.163917e+02
4522	1.152864e+02
4523	1.142047e+02
4524	1.131980e+02
4525	1.122115e+02
4526	1.113647e+02
4527	1.104908e+02
4528	1.096332e+02
4529	1.088089e+02
4530	1.080573e+02
4531	1.072769e+02
4532	1.065913e+02
4533	1.058943e+02
4534	1.053068e+02
4535	1.047750e+02
4536	1.043191e+02
4537	1.039814e+02
4538	1.037709e+02
4539	1.036941e+02
4540	1.036469e+02
4541	1.036893e+02
4542	1.037678e+02
4543	1.039565e+02
4544	1.042513e+02
4545	1.046307e+02
4546	1.050832e+02
4547	1.056436e+02
4548	1.062709e+02
4549	1.069115e+02
4550	1.075246e+02
4551	1.082503e+02
4552	1.090216e+02
4553	1.098027e+02
4554	1.105650e+02
4555	1.113254e+02
4556	1.119788e+02
4557	1.126711e+02
4558	1.132795e+02
4559	1.138128e+02
4560	1.141774e+02
4561	1.144500e+02
4562	1.146529e+02
4563	1.147886e+02
4564	1.148289e+02
4565	1.147547e+02
4566	1.146433e+02
4567	1.144284e+02
4568	1.140219e+02
4569	1.136206e+02
4570	1.132348e+02
4571	1.128444e+02
4572	1.123678e+02
4573	1.119605e+02
4574	1.115147e+02
4575	1.111157e+02
4576	1.107034e+02
4577	1.103415e+02
4578	1.099520e+02
4579	1.095970e+02
4580	1.092707e+02
4581	1.089926e+02
4582	1.088001e+02
4583	1.087635e+02
4584	1.088382e+02
4585	1.089679e+02
4586	1.091761e+02
4587	1.094828e+02
4588	1.099149e+02
4589	1.103879e+02
4590	1.109601e+02
4591	1.115538e+02
4592	1.121607e+02
4593	1.128298e+02
4594	1.135187e+02
4595	1.142196e+02
4596	1.149817e+02
4597	1.157249e+02
4598	1.163963e+02
4599	1.170752e+02
4600	1.178303e+02
4601	1.186387e+02
4602	1.194165e+02
4603	1.201875e+02
4604	1.209410e+02
4605	1.215575e+02
4606	1.220455e+02
4607	1.224394e+02
4608	1.227917e+02
4609	1.230793e+02
4610	1.232765e+02
4611	1.233144e+02
4612	1.232417e+02
4613	1.231017e+02
4614	1.228494e+02
4615	1.224991e+02
4616	1.220046e+02
4617	1.214043e+02
4618	1.206904e+02
4619	1.198596e+02
4620	1.188899e+02
4621	1.178285e+02
4622	1.167502e+02
4623	1.156663e+02
4624	1.144666e+02
4625	1.132382e+02
4626	1.119883e+02
4627	1.107297e+02
4628	1.095129e+02
4629	1.083968e+02
4630	1.074216e+02
4631	1.064862e+02
4632	1.056725e+02
4633	1.049957e+02
4634	1.044428e+02
4635	1.040592e+02
4636	1.037656e+02
4637	1.035905e+02
4638	1.035300e+02
4639	1.036111e+02
4640	1.038568e+02
4641	1.041989e+02
4642	1.047721e+02
4643	1.055547e+02
4644	1.063731e+02
4645	1.072770e+02
4646	1.082339e+02
4647	1.091124e+02
4648	1.100046e+02
4649	1.109555e+02
4650	1.119059e+02
4651	1.129524e+02
4652	1.139478e+02
4653	1.149392e+02
4654	1.158990e+02
4655	1.168048e+02
4656	1.177986e+02
4657	1.188041e+02
4658	1.198299e+02
4659	1.207807e+02
4660	1.216611e+02
4661	1.225393e+02
4662	1.233889e+02
4663	1.242171e+02
4664	1.250068e+02
4665	1.257873e+02
4666	1.265016e+02
4667	1.270352e+02
4668	1.274545e+02
4669	1.278586e+02
4670	1.280892e+02
4671	1.282072e+02
4672	1.282627e+02
4673	1.283277e+02
4674	1.283439e+02
4675	1.283515e+02
4676	1.282844e+02
4677	1.281463e+02
4678	1.280317e+02
4679	1.278449e+02
4680	1.277759e+02
4681	1.276958e+02
4682	1.275482e+02
4683	1.273103e+02
4684	1.269072e+02
4685	1.264939e+02
4686	1.261223e+02
4687	1.256225e+02
4688	1.252215e+02
4689	1.247615e+02
4690	1.243517e+02
4691	1.239310e+02
4692	1.234413e+02
4693	1.229089e+02
4694	1.224086e+02
4695	1.219210e+02
4696	1.213887e+02
4697	1.208212e+02
4698	1.201748e+02
4699	1.194483e+02
4700	1.186628e+02
4701	1.178027e+02
4702	1.168701e+02
4703	1.158831e+02
4704	1.148834e+02
4705	1.138372e+02
4706	1.127585e+02
4707	1.117423e+02
4708	1.108340e+02
4709	1.098955e+02
4710	1.090487e+02
4711	1.083123e+02
4712	1.075768e+02
4713	1.069976e+02
4714	1.065028e+02
4715	1.061623e+02
4716	1.059546e+02
4717	1.058093e+02
4718	1.057106e+02
4719	1.057378e+02
4720	1.058327e+02
4721	1.060708e+02
4722	1.064075e+02
4723	1.067811e+02
4724	1.071683e+02
4725	1.075143e+02
4726	1.079549e+02
4727	1.083445e+02
4728	1.088105e+02
4729	1.092379e+02
4730	1.096865e+02
4731	1.102165e+02
4732	1.108646e+02
4733	1.114988e+02
4734	1.121283e+02
4735	1.127700e+02
4736	1.134035e+02
4737	1.140202e+02
4738	1.146720e+02
4739	1.153205e+02
4740	1.159757e+02
4741	1.166292e+02
4742	1.172663e+02
4743	1.178064e+02
4744	1.182807e+02
4745	1.187283e+02
4746	1.191346e+02
4747	1.195140e+02
4748	1.198570e+02
4749	1.200883e+02
4750	1.203563e+02
4751	1.206047e+02
4752	1.207710e+02
4753	1.209571e+02
4754	1.211564e+02
4755	1.214257e+02
4756	1.216520e+02
4757	1.218934e+02
4758	1.221463e+02
4759	1.224013e+02
4760	1.226620e+02
4761	1.228841e+02
4762	1.230768e+02
4763	1.232637e+02
4764	1.234269e+02
4765	1.235606e+02
4766	1.236092e+02
4767	1.236005e+02
4768	1.235666e+02
4769	1.234846e+02
4770	1.233192e+02
4771	1.231040e+02
4772	1.228862e+02
4773	1.226200e+02
4774	1.222720e+02
4775	1.218945e+02
4776	1.215720e+02
4777	1.212151e+02
4778	1.208170e+02
4779	1.203934e+02
4780	1.199357e+02
4781	1.193908e+02
4782	1.188152e+02
4783	1.181316e+02
4784	1.173824e+02
4785	1.165490e+02
4786	1.156336e+02
4787	1.147381e+02
4788	1.137040e+02
4789	1.126455e+02
4790	1.114916e+02
4791	1.102919e+02
4792	1.090954e+02
4793	1.079072e+02
4794	1.067047e+02
4795	1.055583e+02
4796	1.043828e+02
4797	1.032473e+02
4798	1.021212e+02
4799	1.011114e+02
4800	1.001947e+02
4801	9.933513e+01
4802	9.856061e+01
4803	9.789062e+01
4804	9.734997e+01
4805	9.687988e+01
4806	9.658176e+01
4807	9.637525e+01
4808	9.625396e+01
4809	9.616401e+01
4810	9.620958e+01
4811	9.645469e+01
4812	9.674601e+01
4813	9.719164e+01
4814	9.772934e+01
4815	9.834759e+01
4816	9.904501e+01
4817	9.982887e+01
4818	1.006164e+02
4819	1.014662e+02
4820	1.024075e+02
4821	1.033745e+02
4822	1.043166e+02
4823	1.053621e+02
4824	1.063627e+02
4825	1.073650e+02
4826	1.084412e+02
4827	1.095048e+02
4828	1.104872e+02
4829	1.113611e+02
4830	1.121240e+02
4831	1.128957e+02
4832	1.136235e+02
4833	1.142902e+02
4834	1.149502e+02
4835	1.156125e+02
4836	1.162532e+02
4837	1.168194e+02
4838	1.172436e+02
4839	1.176891e+02
4840	1.180676e+02
4841	1.183812e+02
4842	1.186200e+02
4843	1.188684e+02
4844	1.190739e+02
4845	1.192012e+02
4846	1.192941e+02
4847	1.193592e+02
4848	1.193603e+02
4849	1.192709e+02
4850	1.190835e+02
4851	1.187905e+02
4852	1.184936e+02
4853	1.181277e+02
4854	1.177695e+02
4855	1.174242e+02
4856	1.170714e+02
4857	1.166508e+02
4858	1.161607e+02
4859	1.156379e+02
4860	1.150949e+02
4861	1.145346e+02
4862	1.139866e+02
4863	1.134925e+02
4864	1.129936e+02
4865	1.125449e+02
4866	1.120891e+02
4867	1.116369e+02
4868	1.111304e+02
4869	1.106753e+02
4870	1.102064e+02
4871	1.097614e+02
4872	1.092733e+02
4873	1.087940e+02
4874	1.083653e+02
4875	1.080117e+02
4876	1.077141e+02
4877	1.073515e+02
4878	1.069801e+02
4879	1.065720e+02
4880	1.061635e+02
4881	1.057602e+02
4882	1.053206e+02
4883	1.049365e+02
4884	1.045437e+02
4885	1.041316e+02
4886	1.038218e+02
4887	1.035688e+02
4888	1.034032e+02
4889	1.033435e+02
4890	1.033298e+02
4891	1.032689e+02
4892	1.032592e+02
4893	1.033453e+02
4894	1.034737e+02
4895	1.036930e+02
4896	1.040841e+02
4897	1.046170e+02
4898	1.052027e+02
4899	1.058601e+02
4900	1.065243e+02
4901	1.071222e+02
4902	1.076848e+02
4903	1.083242e+02
4904	1.089566e+02
4905	1.095870e+02
4906	1.102681e+02
4907	1.109269e+02
4908	1.115523e+02
4909	1.122288e+02
4910	1.128592e+02
4911	1.134679e+02
4912	1.139960e+02
4913	1.144557e+02
4914	1.148034e+02
4915	1.151350e+02
4916	1.154472e+02
4917	1.157243e+02
4918	1.160292e+02
4919	1.163497e+02
4920	1.166146e+02
4921	1.168312e+02
4922	1.170911e+02
4923	1.172502e+02
4924	1.174249e+02
4925	1.176406e+02
4926	1.178153e+02
4927	1.178924e+02
4928	1.179200e+02
4929	1.179487e+02
4930	1.179884e+02
4931	1.180091e+02
4932	1.180121e+02
4933	1.179829e+02
4934	1.178639e+02
4935	1.176700e+02
4936	1.173640e+02
4937	1.170328e+02
4938	1.166411e+02
4939	1.162237e+02
4940	1.157229e+02
4941	1.152427e+02
4942	1.148064e+02
4943	1.143723e+02
4944	1.138477e+02
4945	1.134028e+02
4946	1.129793e+02
4947	1.126060e+02
4948	1.122061e+02
4949	1.118064e+02
4950	1.114792e+02
4951	1.111623e+02
4952	1.108862e+02
4953	1.105650e+02
4954	1.101923e+02
4955	1.098045e+02
4956	1.094737e+02
4957	1.091562e+02
4958	1.087972e+02
4959	1.084684e+02
4960	1.081349e+02
4961	1.077897e+02
4962	1.074276e+02
4963	1.070170e+02
4964	1.066122e+02
4965	1.062161e+02
4966	1.057878e+02
4967	1.054275e+02
4968	1.050206e+02
4969	1.046484e+02
4970	1.042967e+02
4971	1.039775e+02
4972	1.037329e+02
4973	1.035294e+02
4974	1.034057e+02
4975	1.033371e+02
4976	1.033999e+02
4977	1.035884e+02
4978	1.038857e+02
4979	1.042254e+02
4980	1.045474e+02
4981	1.048667e+02
4982	1.052419e+02
4983	1.056601e+02
4984	1.061257e+02
4985	1.066415e+02
4986	1.071933e+02
4987	1.076929e+02
4988	1.081931e+02
4989	1.086736e+02
4990	1.091885e+02
4991	1.096805e+02
4992	1.101583e+02
4993	1.105831e+02
4994	1.110108e+02
4995	1.113926e+02
4996	1.116732e+02
4997	1.119772e+02
4998	1.122921e+02
4999	1.126485e+02
